ID,drydown,nutrient_deficiency,weed_cluster,water,endrow,double_plant,waterway,storm_damage,planter_skip
11TAQJ6ET_1995-8426-2507-8938,0,0,0,0,0,1,0,0,0
11IE4DKTR_6121-684-6633-1196,0,0,0,0,0,1,0,0,0
11TAQJ6ET_1124-8510-1636-9022,0,0,0,0,0,1,0,0,0
11TAQJ6ET_1567-8177-2079-8689,0,0,0,0,0,1,0,0,0
11TAQJ6ET_1749-948-2261-1460,0,0,0,0,0,1,0,0,0
11TAQJ6ET_1148-8089-1660-8601,0,0,0,0,0,1,0,0,0
11TAQJ6ET_2034-926-2546-1438,0,0,0,0,0,1,0,0,0
11TAQJ6ET_1288-961-1800-1473,0,0,0,0,0,1,0,0,0
11IE4DKTR_11556-9586-12068-10098,0,0,0,0,0,1,0,0,0
11TAQJ6ET_2617-4601-3129-5113,0,0,0,0,0,1,0,0,0
11TAQJ6ET_2463-8297-2975-8809,0,0,0,0,0,1,0,0,0
11TAQJ6ET_1422-8427-1934-8939,0,0,0,0,0,1,0,0,0
11TAQJ6ET_2687-904-3199-1416,0,0,0,0,0,1,0,0,0
11TAQJ6ET_2829-4455-3341-4967,0,0,0,0,0,1,0,0,0
11TAQJ6ET_3196-7577-3708-8089,0,0,0,0,0,1,0,0,0
11TAQJ6ET_2172-8089-2684-8601,0,0,0,0,0,1,0,0,0
11TAQJ6ET_2684-7065-3196-7577,0,0,0,0,0,1,0,0,0
11TAQJ6ET_2172-7065-2684-7577,0,0,0,0,0,1,0,0,0
11TAQJ6ET_4732-8089-5244-8601,0,0,0,0,0,1,0,0,0
11TAQJ6ET_3199-904-3711-1416,0,0,0,0,0,1,0,0,0
11TAQJ6ET_3217-8547-3729-9059,0,0,0,0,0,1,0,0,0
11TAQJ6ET_3708-7577-4220-8089,0,0,0,0,0,1,0,0,0
11TAQJ6ET_3723-8668-4235-9180,0,0,0,0,0,1,0,0,0
11TAQJ6ET_4781-823-5293-1335,0,0,0,0,0,1,0,0,0
11TAQJ6ET_4017-862-4529-1374,0,0,0,0,0,1,0,0,0
11TAQJ6ET_4220-8089-4732-8601,0,0,0,0,0,1,0,0,0
11TAQJ6ET_4990-4308-5502-4820,0,0,0,0,0,1,0,0,0
11TAQJ6ET_3505-862-4017-1374,0,0,0,0,0,1,0,0,0
11TAQJ6ET_5244-8089-5756-8601,0,0,0,0,0,1,0,0,0
11TAQJ6ET_772-702-1284-1214,0,0,0,0,0,1,0,0,0
11TAQJ6ET_4220-7577-4732-8089,0,0,0,0,0,1,0,0,0
11TAQJ6ET_998-7891-1510-8403,0,0,0,0,0,1,0,0,0
11TAQJ6ET_5516-802-6028-1314,0,0,0,0,0,1,0,0,0
1238UQC9Y_4084-1739-4596-2251,0,0,0,1,0,0,0,0,0
11TAQJ6ET_924-880-1436-1392,0,0,0,0,0,1,0,0,0
1238UQC9Y_4084-2251-4596-2763,0,0,0,1,0,0,0,0,0
1238UQC9Y_4596-2251-5108-2763,0,0,0,1,0,0,0,0,0
167KTRRUZ_1464-10466-1976-10978,0,0,0,0,0,0,1,0,0
1238UQC9Y_4505-527-5017-1039,0,0,0,1,0,0,0,0,0
1238UQC9Y_4596-1739-5108-2251,0,0,0,1,0,0,0,0,0
1238UQC9Y_4889-4243-5401-4755,0,0,0,1,0,0,0,0,0
1238UQC9Y_5108-2251-5620-2763,0,0,0,1,0,0,0,0,0
1238UQC9Y_5401-4243-5913-4755,0,0,0,1,0,0,0,0,0
12JFH6CLF_3424-4138-3936-4650,0,0,0,0,0,0,0,0,1
12JFH6CLF_6615-4106-7127-4618,0,0,0,0,0,0,0,0,1
12JFH6CLF_6387-4231-6899-4743,0,0,0,0,0,0,0,0,1
1238UQC9Y_5108-1739-5620-2251,0,0,0,1,0,0,0,0,0
167KTRRUZ_1464-10978-1976-11490,0,0,0,0,0,0,1,0,0
167KTRRUZ_2011-4528-2523-5040,1,0,0,0,0,0,0,0,0
12JFH6CLF_733-448-1245-960,0,0,0,0,0,0,0,0,1
167KTRRUZ_2327-6970-2839-7482,0,0,0,0,0,0,1,0,0
167KTRRUZ_1499-5040-2011-5552,1,0,0,0,0,0,0,0,0
167KTRRUZ_1976-10466-2488-10978,0,0,0,0,0,0,1,0,0
167KTRRUZ_2011-5040-2523-5552,1,0,0,0,0,0,0,0,0
167KTRRUZ_2488-9954-3000-10466,0,0,0,0,0,0,1,0,0
167KTRRUZ_2839-6970-3351-7482,0,0,0,0,0,0,1,0,0
167KTRRUZ_3863-6970-4375-7482,0,0,0,0,0,0,1,0,0
167KTRRUZ_3351-6970-3863-7482,0,0,0,0,0,0,1,0,0
167KTRRUZ_2488-10466-3000-10978,0,0,0,0,0,0,1,0,0
167KTRRUZ_3512-9954-4024-10466,0,0,0,0,0,0,1,0,0
167KTRRUZ_3512-9442-4024-9954,0,0,0,0,0,0,1,0,0
167KTRRUZ_2523-4528-3035-5040,1,0,0,0,0,0,0,0,0
167KTRRUZ_4314-2522-4826-3034,1,0,0,0,0,0,0,0,0
167KTRRUZ_4024-9442-4536-9954,0,0,0,0,0,0,1,0,0
167KTRRUZ_4024-8930-4536-9442,0,0,0,0,0,0,1,0,0
167KTRRUZ_3000-9954-3512-10466,0,0,0,0,0,0,1,0,0
167KTRRUZ_3371-4147-3883-4659,1,0,0,0,0,0,0,0,0
167KTRRUZ_4375-6970-4887-7482,1,0,0,0,0,0,1,0,0
167KTRRUZ_4314-3034-4826-3546,1,0,0,0,0,0,0,0,0
167KTRRUZ_4536-8418-5048-8930,0,0,0,0,0,0,1,0,0
167KTRRUZ_4536-7394-5048-7906,1,0,0,0,0,0,0,0,0
167KTRRUZ_4536-8930-5048-9442,0,0,0,0,0,0,1,0,0
167KTRRUZ_5146-3640-5658-4152,1,0,0,0,0,0,0,0,0
167KTRRUZ_4634-4152-5146-4664,1,0,0,0,0,0,0,0,0
167KTRRUZ_4634-3640-5146-4152,1,0,0,0,0,0,0,0,0
167KTRRUZ_5146-4152-5658-4664,1,0,0,0,0,0,0,0,0
167KTRRUZ_4983-7378-5495-7890,1,0,0,0,0,0,0,0,0
167KTRRUZ_4989-12049-5501-12561,1,0,0,0,0,0,0,0,0
167KTRRUZ_4826-3034-5338-3546,1,0,0,0,0,0,0,0,0
167KTRRUZ_5560-7394-6072-7906,0,0,0,0,0,0,1,0,0
167KTRRUZ_4887-6970-5399-7482,1,0,0,0,0,0,1,0,0
167KTRRUZ_5399-6970-5911-7482,0,0,0,0,0,0,1,0,0
16RQA6NB1_3454-4489-3966-5001,0,0,0,0,0,1,0,0,0
167KTRRUZ_952-11490-1464-12002,0,0,0,0,0,0,1,0,0
16RQA6NB1_2362-523-2874-1035,0,0,0,0,0,1,0,0,0
167KTRRUZ_5048-7906-5560-8418,0,0,0,0,0,0,1,0,0
167KTRRUZ_952-10978-1464-11490,0,0,0,0,0,0,1,0,0
16RQA6NB1_3507-5330-4019-5842,0,0,0,0,0,1,0,0,0
171UN1HAL_1611-738-2123-1250,0,0,0,0,0,0,0,0,1
171UN1HAL_3402-8263-3914-8775,0,0,0,0,0,0,0,0,1
18FKVY218_5773-2871-6285-3383,0,0,0,0,1,0,0,0,0
18FKVY218_2386-2720-2898-3232,0,0,0,0,1,0,0,0,0
18FKVY218_1044-2298-1556-2810,0,0,0,0,1,0,0,0,0
18FKVY218_5737-3209-6249-3721,0,0,0,0,1,0,0,0,0
18FKVY218_796-1309-1308-1821,0,0,0,0,1,0,0,0,0
171UN1HAL_3492-546-4004-1058,0,0,0,0,0,0,0,0,1
18FKVY218_5879-2570-6391-3082,0,0,0,0,1,0,0,0,0
18FKVY218_3108-851-3620-1363,0,0,0,0,1,0,0,0,0
18FKVY218_617-1928-1129-2440,0,0,0,0,1,0,0,0,0
18FKVY218_630-1621-1142-2133,0,0,0,0,1,0,0,0,0
18HVF1Z1Y_1268-5251-1780-5763,1,0,0,0,0,0,0,0,0
18HVF1Z1Y_1462-4270-1974-4782,1,0,0,0,0,0,0,0,0
18HVF1Z1Y_1268-6275-1780-6787,1,0,0,0,0,0,0,0,0
18HVF1Z1Y_1268-5763-1780-6275,1,0,0,0,0,0,0,0,0
18FKVY218_914-1020-1426-1532,0,0,0,0,1,0,0,0,0
18HVF1Z1Y_1491-3054-2003-3566,1,0,0,0,0,0,0,0,0
18HVF1Z1Y_1491-1006-2003-1518,1,0,0,0,0,0,0,0,0
18HVF1Z1Y_1491-3566-2003-4078,1,0,0,0,0,0,0,0,0
18HVF1Z1Y_1542-2462-2054-2974,1,0,0,0,0,0,0,0,0
18HVF1Z1Y_1542-1438-2054-1950,1,0,0,0,0,0,0,0,0
18HVF1Z1Y_1780-5251-2292-5763,1,0,0,0,0,0,0,0,0
18HVF1Z1Y_1974-4782-2486-5294,1,0,0,0,0,0,0,0,0
18HVF1Z1Y_1491-4590-2003-5102,1,0,0,0,0,0,0,0,0
18HVF1Z1Y_1780-5763-2292-6275,1,0,0,0,0,0,0,0,0
18HVF1Z1Y_2003-1006-2515-1518,1,0,0,0,0,0,0,0,0
18HVF1Z1Y_1542-1950-2054-2462,1,0,0,0,0,0,0,0,0
18HVF1Z1Y_1780-6275-2292-6787,1,0,0,0,0,0,0,0,0
18HVF1Z1Y_1974-4270-2486-4782,1,0,0,0,0,0,0,0,0
18HVF1Z1Y_2003-3054-2515-3566,1,0,0,0,0,0,0,0,0
18HVF1Z1Y_2003-2030-2515-2542,1,0,0,0,0,0,0,0,0
18HVF1Z1Y_2003-1518-2515-2030,1,0,0,0,0,0,0,0,0
18HVF1Z1Y_2003-3566-2515-4078,1,0,0,0,0,0,0,0,0
18HVF1Z1Y_2054-2462-2566-2974,1,0,0,0,0,0,0,0,0
18HVF1Z1Y_2292-5763-2804-6275,1,0,0,0,0,0,0,0,0
18HVF1Z1Y_2486-4270-2998-4782,1,0,0,0,0,0,0,0,0
18HVF1Z1Y_2515-3054-3027-3566,1,0,0,0,0,0,0,0,0
18HVF1Z1Y_3027-3566-3539-4078,1,0,0,0,0,0,0,0,0
18HVF1Z1Y_2998-4270-3510-4782,1,0,0,0,0,0,0,0,0
18HVF1Z1Y_2515-3566-3027-4078,1,0,0,0,0,0,0,0,0
18HVF1Z1Y_3027-3054-3539-3566,1,0,0,0,0,0,0,0,0
18HVF1Z1Y_3027-2542-3539-3054,1,0,0,0,0,0,0,0,0
18HVF1Z1Y_3495-5101-4007-5613,1,0,0,0,0,0,0,0,0
18HVF1Z1Y_3495-6125-4007-6637,1,0,0,0,0,0,0,0,0
18HVF1Z1Y_3539-2542-4051-3054,1,0,0,0,0,0,0,0,0
18HVF1Z1Y_2515-4590-3027-5102,1,0,0,0,0,0,0,0,0
18HVF1Z1Y_3495-5613-4007-6125,1,0,0,0,0,0,0,0,0
18HVF1Z1Y_3027-4590-3539-5102,1,0,0,0,0,0,0,0,0
18HVF1Z1Y_3539-3566-4051-4078,1,0,0,0,0,0,0,0,0
18HVF1Z1Y_3539-2030-4051-2542,1,0,0,0,0,0,0,0,0
18HVF1Z1Y_3539-3054-4051-3566,1,0,0,0,0,0,0,0,0
18HVF1Z1Y_3539-4078-4051-4590,1,0,0,0,0,0,0,0,0
18HVF1Z1Y_3539-4590-4051-5102,1,0,0,0,0,0,0,0,0
18HVF1Z1Y_4007-5101-4519-5613,1,0,0,0,0,0,0,0,0
18HVF1Z1Y_4007-5613-4519-6125,1,0,0,0,0,0,0,0,0
18HVF1Z1Y_4051-1518-4563-2030,1,0,0,0,0,0,0,0,0
18HVF1Z1Y_4051-1006-4563-1518,1,0,0,0,0,0,0,0,0
18HVF1Z1Y_4051-4590-4563-5102,1,0,0,0,0,0,0,0,0
18HVF1Z1Y_4563-3566-5075-4078,1,0,0,0,0,0,0,0,0
18HVF1Z1Y_4051-2030-4563-2542,1,0,0,0,0,0,0,0,0
18HVF1Z1Y_4563-3054-5075-3566,1,0,0,0,0,0,0,0,0
18HVF1Z1Y_5075-3566-5587-4078,1,0,0,0,0,0,0,0,0
18HVF1Z1Y_5075-494-5587-1006,1,0,0,0,0,0,0,0,0
18HVF1Z1Y_4563-4078-5075-4590,1,0,0,0,0,0,0,0,0
18HVF1Z1Y_5075-4078-5587-4590,1,0,0,0,0,0,0,0,0
18HVF1Z1Y_4051-2542-4563-3054,1,0,0,0,0,0,0,0,0
18HVF1Z1Y_4563-494-5075-1006,1,0,0,0,0,0,0,0,0
18HVF1Z1Y_4007-6125-4519-6637,1,0,0,0,0,0,0,0,0
18HVF1Z1Y_5587-3566-6099-4078,1,0,0,0,0,0,0,0,0
18HVF1Z1Y_5587-494-6099-1006,1,0,0,0,0,0,0,0,0
18HVF1Z1Y_756-5251-1268-5763,1,0,0,0,0,0,0,0,0
18HVF1Z1Y_5587-4590-6099-5102,1,0,0,0,0,0,0,0,0
18HVF1Z1Y_756-5763-1268-6275,1,0,0,0,0,0,0,0,0
18HVF1Z1Y_756-6275-1268-6787,1,0,0,0,0,0,0,0,0
18HVF1Z1Y_950-4782-1462-5294,1,0,0,0,0,0,0,0,0
18HVF1Z1Y_950-4270-1462-4782,1,0,0,0,0,0,0,0,0
18IXWP6XB_1051-501-1563-1013,0,0,1,0,0,0,0,0,0
18IXWP6XB_1644-1847-2156-2359,0,0,1,0,0,0,0,0,0
18IXWP6XB_1106-7921-1618-8433,0,0,1,0,0,0,0,0,0
18IXWP6XB_1846-2085-2358-2597,0,0,1,0,0,0,0,0,0
18IXWP6XB_1680-7989-2192-8501,0,0,1,0,0,0,0,0,0
18IXWP6XB_1716-4343-2228-4855,0,0,1,0,0,1,0,0,0
18IXWP6XB_1802-7730-2314-8242,0,0,1,0,0,0,0,0,0
18IXWP6XB_2570-8078-3082-8590,0,0,1,0,0,0,0,0,0
18IXWP6XB_2671-2546-3183-3058,0,0,1,0,0,0,0,0,0
18IXWP6XB_1965-7903-2477-8415,0,0,1,0,0,0,0,0,0
18IXWP6XB_3689-8059-4201-8571,0,0,1,0,0,0,0,0,0
18IXWP6XB_3082-8078-3594-8590,0,0,1,0,0,0,0,0,0
18IXWP6XB_3412-4756-3924-5268,0,0,1,0,0,0,0,0,0
18IXWP6XB_3718-7760-4230-8272,0,0,1,0,0,0,0,0,0
18IXWP6XB_4941-7495-5453-8007,0,0,1,0,0,0,0,0,0
18UICGW9F_1028-2425-1540-2937,0,0,0,0,0,0,1,0,0
18IXWP6XB_742-508-1254-1020,0,0,1,0,0,0,0,0,0
18IXWP6XB_3942-6793-4454-7305,0,0,1,0,0,0,0,0,0
18UICGW9F_1028-2937-1540-3449,0,0,0,0,0,0,1,0,0
18UICGW9F_1540-2425-2052-2937,0,0,0,0,0,0,1,0,0
18IXWP6XB_4526-7939-5038-8451,0,0,1,0,0,0,0,0,0
18IXWP6XB_763-7969-1275-8481,0,0,1,0,0,0,0,0,0
18IXWP6XB_4953-8014-5465-8526,0,0,1,0,0,0,0,0,0
18UICGW9F_2052-1913-2564-2425,0,0,0,0,0,0,1,0,0
18UICGW9F_2564-1401-3076-1913,0,0,0,0,0,0,1,0,0
18UICGW9F_3588-889-4100-1401,0,0,0,0,0,0,1,0,0
18UICGW9F_3076-1401-3588-1913,0,0,0,0,0,0,1,0,0
18UICGW9F_4100-377-4612-889,0,0,0,0,0,0,1,0,0
18UICGW9F_516-2937-1028-3449,0,0,0,0,0,0,1,0,0
18UICGW9F_4411-433-4923-945,0,0,0,0,0,0,1,0,0
18Z3272TU_1546-2504-2058-3016,1,0,0,0,0,0,0,0,0
18Z3272TU_2009-3389-2521-3901,1,0,0,0,0,0,0,0,0
18Z3272TU_2344-4845-2856-5357,1,0,0,0,0,0,0,0,0
18Z3272TU_2725-4120-3237-4632,1,0,0,0,0,0,0,0,0
18Z3272TU_2280-4549-2792-5061,1,0,0,0,0,0,0,0,0
18Z3272TU_2792-4549-3304-5061,1,0,0,0,0,0,0,0,0
18Z3272TU_2513-4358-3025-4870,1,0,0,0,0,0,0,0,0
18Z3272TU_2516-3274-3028-3786,1,0,0,0,0,0,0,0,0
18Z3272TU_2686-3583-3198-4095,1,0,0,0,0,0,0,0,0
18Z3272TU_2344-5357-2856-5869,1,0,0,0,0,0,0,0,0
18Z3272TU_2058-2504-2570-3016,1,0,0,0,0,0,0,0,0
18Z3272TU_2856-4845-3368-5357,1,0,0,0,0,0,0,0,0
18Z3272TU_2856-5357-3368-5869,1,0,0,0,0,0,0,0,0
18Z3272TU_3878-5082-4390-5594,1,0,0,0,0,0,0,0,0
18Z3272TU_3368-5357-3880-5869,1,0,0,0,0,0,0,0,0
18Z3272TU_3368-4845-3880-5357,1,0,0,0,0,0,0,0,0
18Z3272TU_4390-5082-4902-5594,1,0,0,0,0,0,0,0,0
18Z3272TU_3883-4765-4395-5277,1,0,0,0,0,0,0,0,0
18Z3272TU_4331-4393-4843-4905,1,0,0,0,0,0,0,0,0
18Z3272TU_4395-4765-4907-5277,1,0,0,0,0,0,0,0,0
18Z3272TU_4931-4468-5443-4980,1,0,0,0,0,0,0,0,0
18Z3272TU_4833-5085-5345-5597,1,0,0,0,0,0,0,0,0
18Z3272TU_5101-3163-5613-3675,1,0,0,0,0,0,0,0,0
18Z3272TU_4692-2943-5204-3455,1,0,0,0,0,0,0,0,0
18Z3272TU_5345-5085-5857-5597,1,0,0,0,0,0,0,0,0
18Z3272TU_4850-988-5362-1500,1,0,0,0,0,0,0,0,0
18Z3272TU_5513-2058-6025-2570,1,0,0,0,0,0,0,0,0
18Z3272TU_4517-589-5029-1101,1,0,0,0,0,0,0,0,0
18Z3272TU_5362-988-5874-1500,1,0,0,0,0,0,0,0,0
18Z3272TU_5443-4468-5955-4980,1,0,0,0,0,0,0,0,0
18Z3272TU_4449-3052-4961-3564,1,0,0,0,0,0,0,0,0
18Z3272TU_5528-2432-6040-2944,1,0,0,0,0,0,0,0,0
18Z3272TU_5870-2754-6382-3266,1,0,0,0,0,0,0,0,0
18Z3272TU_5679-4088-6191-4600,1,0,0,0,0,0,0,0,0
18Z3272TU_6150-2015-6662-2527,1,0,0,0,0,0,0,0,0
18Z3272TU_6191-4088-6703-4600,1,0,0,0,0,0,0,0,0
18Z3272TU_5955-4468-6467-4980,1,0,0,0,0,0,0,0,0
18Z3272TU_6312-550-6824-1062,1,0,0,0,0,0,0,0,0
18Z3272TU_7007-5228-7519-5740,1,0,0,0,0,0,0,0,0
18Z3272TU_6570-2630-7082-3142,1,0,0,0,0,0,0,0,0
19CTIZCIH_1851-846-2363-1358,0,0,0,0,0,0,0,0,1
18Z3272TU_6456-4212-6968-4724,1,0,0,0,0,0,0,0,0
18Z3272TU_7519-5228-8031-5740,1,0,0,0,0,0,0,0,0
19CTIZCIH_1566-3836-2078-4348,0,0,0,0,0,0,0,0,1
19CTIZCIH_3102-3836-3614-4348,0,0,0,0,0,0,0,0,1
19CTIZCIH_2078-3836-2590-4348,0,0,0,0,0,0,0,0,1
19CTIZCIH_3614-3836-4126-4348,0,0,0,0,0,0,0,0,1
19CTIZCIH_2590-3836-3102-4348,0,0,0,0,0,0,0,0,1
18Z3272TU_6878-4110-7390-4622,1,0,0,0,0,0,0,0,0
19CTIZCIH_564-1043-1076-1555,0,0,0,0,0,0,0,0,1
19CTIZCIH_5942-1467-6454-1979,0,0,0,0,0,0,0,0,1
19CTIZCIH_4126-3836-4638-4348,0,0,0,0,0,0,0,0,1
19CTIZCIH_5942-1979-6454-2491,0,0,0,0,0,0,0,0,1
19CTIZCIH_5942-2491-6454-3003,0,0,0,0,0,0,0,0,1
19CTIZCIH_758-1201-1270-1713,0,0,0,0,0,0,0,0,1
19CTIZCIH_5942-955-6454-1467,0,0,0,0,0,0,0,0,1
19CTIZCIH_765-1877-1277-2389,0,0,0,0,0,0,0,0,1
1AD76MIZN_2195-7882-2707-8394,0,0,0,0,0,0,1,0,0
19CTIZCIH_964-1411-1476-1923,0,0,0,0,0,0,0,0,1
1AD76MIZN_1171-7882-1683-8394,0,0,0,0,0,0,1,0,0
1AD76MIZN_1683-7882-2195-8394,0,0,0,0,0,0,1,0,0
1AD76MIZN_1171-8394-1683-8906,0,0,0,0,0,0,1,0,0
1AD76MIZN_3219-7882-3731-8394,0,0,0,0,0,0,1,0,0
1AD76MIZN_10387-7882-10899-8394,0,0,0,0,0,0,1,0,0
19CTIZCIH_8257-4029-8769-4541,0,0,0,0,0,0,0,0,1
1AD76MIZN_2707-7882-3219-8394,0,0,0,0,0,0,1,0,0
1AD76MIZN_4243-7882-4755-8394,0,0,0,0,0,0,1,0,0
1AD76MIZN_3731-7882-4243-8394,0,0,0,0,0,0,1,0,0
1AD76MIZN_4755-7882-5267-8394,0,0,0,0,0,0,1,0,0
1AD76MIZN_5267-7882-5779-8394,0,0,0,0,0,0,1,0,0
1AD76MIZN_5779-7882-6291-8394,0,0,0,0,0,0,1,0,0
1AD76MIZN_6291-7882-6803-8394,0,0,0,0,0,0,1,0,0
1AD76MIZN_659-8394-1171-8906,0,0,0,0,0,0,1,0,0
1AD76MIZN_6803-7882-7315-8394,0,0,0,0,0,0,1,0,0
1BFUWHD9T_1561-1539-2073-2051,1,0,0,0,0,0,0,0,0
1AD76MIZN_9875-7882-10387-8394,0,0,0,0,0,0,1,0,0
1AD76MIZN_7315-7882-7827-8394,0,0,0,0,0,0,1,0,0
1AD76MIZN_9363-7882-9875-8394,0,0,0,0,0,0,1,0,0
1BFUWHD9T_1049-1539-1561-2051,1,0,0,0,0,0,0,0,0
1AD76MIZN_8339-7882-8851-8394,0,0,0,0,0,0,1,0,0
1AD76MIZN_8851-7882-9363-8394,0,0,0,0,0,0,1,0,0
1AD76MIZN_7827-7882-8339-8394,0,0,0,0,0,0,1,0,0
1BFUWHD9T_1049-1027-1561-1539,1,0,0,0,0,0,0,0,0
1BFUWHD9T_1561-1027-2073-1539,1,0,0,0,0,0,0,0,0
1BFUWHD9T_1561-2563-2073-3075,1,0,0,0,0,0,0,0,0
1BFUWHD9T_2073-1027-2585-1539,1,0,0,0,0,0,0,0,0
1BFUWHD9T_2073-1539-2585-2051,1,0,0,0,0,0,0,0,0
1BFUWHD9T_1561-2051-2073-2563,1,0,0,0,0,0,0,0,0
1BFUWHD9T_2073-2051-2585-2563,1,0,0,0,0,0,0,0,0
1BFUWHD9T_2073-2563-2585-3075,1,0,0,0,0,0,0,0,0
1BFUWHD9T_2503-2127-3015-2639,1,0,0,0,0,0,0,0,0
1BFUWHD9T_2503-2639-3015-3151,1,0,0,0,0,0,0,0,0
1BFUWHD9T_2585-1027-3097-1539,1,0,0,0,0,0,0,0,0
1BFUWHD9T_2503-3151-3015-3663,1,0,0,0,0,0,0,0,0
1BFUWHD9T_2585-1539-3097-2051,1,0,0,0,0,0,0,0,0
1BFUWHD9T_3015-2127-3527-2639,1,0,0,0,0,0,0,0,0
1BFUWHD9T_2979-1505-3491-2017,1,0,0,0,0,0,0,0,0
1BFUWHD9T_2733-3237-3245-3749,1,0,0,0,0,0,0,0,0
1BFUWHD9T_2733-2213-3245-2725,1,0,0,0,0,0,0,0,0
1BFUWHD9T_3015-1103-3527-1615,1,0,0,0,0,0,0,0,0
1BFUWHD9T_2733-2725-3245-3237,1,0,0,0,0,0,0,0,0
1BFUWHD9T_2733-3749-3245-4261,1,0,0,0,0,0,0,0,0
1BFUWHD9T_3015-3151-3527-3663,1,0,0,0,0,0,0,0,0
1BFUWHD9T_3015-2639-3527-3151,1,0,0,0,0,0,0,0,0
1BFUWHD9T_3245-2725-3757-3237,1,0,0,0,0,0,0,0,0
1BFUWHD9T_3245-3749-3757-4261,1,0,0,0,0,0,0,0,0
1BFUWHD9T_3245-2213-3757-2725,1,0,0,0,0,0,0,0,0
1BFUWHD9T_3245-4773-3757-5285,1,0,0,0,0,0,0,0,0
1BFUWHD9T_3245-3237-3757-3749,1,0,0,0,0,0,0,0,0
1BFUWHD9T_3245-4261-3757-4773,1,0,0,0,0,0,0,0,0
1BFUWHD9T_3491-1505-4003-2017,1,0,0,0,0,0,0,0,0
1BFUWHD9T_3527-2127-4039-2639,1,0,0,0,0,0,0,0,0
1BFUWHD9T_3527-2639-4039-3151,1,0,0,0,0,0,0,0,0
1BFUWHD9T_3757-2213-4269-2725,1,0,0,0,0,0,0,0,0
1BFUWHD9T_3527-3151-4039-3663,1,0,0,0,0,0,0,0,0
1BFUWHD9T_3527-1103-4039-1615,1,0,0,0,0,0,0,0,0
1BFUWHD9T_3757-4261-4269-4773,1,0,0,0,0,0,0,0,0
1BFUWHD9T_3757-4773-4269-5285,1,0,0,0,0,0,0,0,0
1BFUWHD9T_3757-2725-4269-3237,1,0,0,0,0,0,0,0,0
1BFUWHD9T_3757-3237-4269-3749,1,0,0,0,0,0,0,0,0
1BFUWHD9T_3816-3962-4328-4474,1,0,0,0,0,0,0,0,0
1BFUWHD9T_4039-1103-4551-1615,1,0,0,0,0,0,0,0,0
1BFUWHD9T_4039-2127-4551-2639,1,0,0,0,0,0,0,0,0
1BFUWHD9T_4039-3151-4551-3663,1,0,0,0,0,0,0,0,0
1BFUWHD9T_4039-2639-4551-3151,1,0,0,0,0,0,0,0,0
1BFUWHD9T_4046-4452-4558-4964,1,0,0,0,0,0,0,0,0
1BFUWHD9T_4046-1380-4558-1892,1,0,0,0,0,0,0,0,0
1BFUWHD9T_4046-3428-4558-3940,1,0,0,0,0,0,0,0,0
1BFUWHD9T_4046-4964-4558-5476,1,0,0,0,0,0,0,0,0
1BFUWHD9T_4328-3962-4840-4474,1,0,0,0,0,0,0,0,0
1BFUWHD9T_5070-5476-5582-5988,1,0,0,0,0,0,0,0,0
1BFUWHD9T_4558-4964-5070-5476,1,0,0,0,0,0,0,0,0
1BFUWHD9T_4558-2404-5070-2916,1,0,0,0,0,0,0,0,0
1BFUWHD9T_4558-2916-5070-3428,1,0,0,0,0,0,0,0,0
1BFUWHD9T_4328-4474-4840-4986,1,0,0,0,0,0,0,0,0
1BFUWHD9T_4558-3428-5070-3940,1,0,0,0,0,0,0,0,0
1BFUWHD9T_4558-868-5070-1380,1,0,0,0,0,0,0,0,0
1BFUWHD9T_4558-5476-5070-5988,1,0,0,0,0,0,0,0,0
1BFUWHD9T_5582-5988-6094-6500,1,0,0,0,0,0,0,0,0
1BFUWHD9T_5070-868-5582-1380,1,0,0,0,0,0,0,0,0
1BFUWHD9T_5582-868-6094-1380,1,0,0,0,0,0,0,0,0
1BFUWHD9T_6606-1892-7118-2404,1,0,0,0,0,0,0,0,0
1BFUWHD9T_6094-5988-6606-6500,1,0,0,0,0,0,0,0,0
1BFUWHD9T_6606-1380-7118-1892,1,0,0,0,0,0,0,0,0
1BFUWHD9T_6606-2404-7118-2916,1,0,0,0,0,0,0,0,0
1BFUWHD9T_6094-868-6606-1380,1,0,0,0,0,0,0,0,0
1BFUWHD9T_6606-5988-7118-6500,1,0,0,0,0,0,0,0,0
1BFUWHD9T_6606-4964-7118-5476,1,0,0,0,0,0,0,0,0
1BFUWHD9T_6606-2916-7118-3428,1,0,0,0,0,0,0,0,0
1BFUWHD9T_6606-868-7118-1380,1,0,0,0,0,0,0,0,0
1BFUWHD9T_6606-3940-7118-4452,1,0,0,0,0,0,0,0,0
1BFUWHD9T_6606-3428-7118-3940,1,0,0,0,0,0,0,0,0
1BFUWHD9T_6606-5476-7118-5988,1,0,0,0,0,0,0,0,0
1BFUWHD9T_6606-4452-7118-4964,1,0,0,0,0,0,0,0,0
1BFUWHD9T_7375-1006-7887-1518,1,0,0,0,0,0,0,0,0
1BFUWHD9T_7375-1518-7887-2030,1,0,0,0,0,0,0,0,0
1BFUWHD9T_7375-2542-7887-3054,1,0,0,0,0,0,0,0,0
1BFUWHD9T_7375-2030-7887-2542,1,0,0,0,0,0,0,0,0
1BFUWHD9T_7375-4590-7887-5102,1,0,0,0,0,0,0,0,0
1BFUWHD9T_7375-3054-7887-3566,1,0,0,0,0,0,0,0,0
1BFUWHD9T_7375-4078-7887-4590,1,0,0,0,0,0,0,0,0
1BFUWHD9T_7375-3566-7887-4078,1,0,0,0,0,0,0,0,0
1BFUWHD9T_7375-5102-7887-5614,1,0,0,0,0,0,0,0,0
1BFUWHD9T_7375-5614-7887-6126,1,0,0,0,0,0,0,0,0
1BFUWHD9T_7887-3054-8399-3566,1,0,0,0,0,0,0,0,0
1BFUWHD9T_7887-2030-8399-2542,1,0,0,0,0,0,0,0,0
1BFUWHD9T_7887-1006-8399-1518,1,0,0,0,0,0,0,0,0
1BFUWHD9T_7887-2542-8399-3054,1,0,0,0,0,0,0,0,0
1BFUWHD9T_7887-3566-8399-4078,1,0,0,0,0,0,0,0,0
1BFUWHD9T_7375-6126-7887-6638,1,0,0,0,0,0,0,0,0
1BFUWHD9T_7887-1518-8399-2030,1,0,0,0,0,0,0,0,0
1BFUWHD9T_7887-4078-8399-4590,1,0,0,0,0,0,0,0,0
1BFUWHD9T_7887-4590-8399-5102,1,0,0,0,0,0,0,0,0
1BFUWHD9T_7887-5102-8399-5614,1,0,0,0,0,0,0,0,0
1BFUWHD9T_7887-5614-8399-6126,1,0,0,0,0,0,0,0,0
1BFUWHD9T_7887-6126-8399-6638,1,0,0,0,0,0,0,0,0
1BG9DLM36_6193-2139-6705-2651,0,1,0,0,0,0,0,0,0
1BG9DLM36_5915-477-6427-989,0,1,0,0,0,0,0,0,0
1BG9DLM36_6193-2651-6705-3163,0,1,0,0,0,0,0,0,0
1BG9DLM36_10762-610-11274-1122,0,1,0,0,0,0,0,0,0
1BG9DLM36_10250-610-10762-1122,0,1,0,0,0,0,0,0,0
1BG9DLM36_7148-456-7660-968,0,1,0,0,0,0,0,0,0
1C11HIBEV_859-4009-1371-4521,0,0,0,1,0,0,0,0,0
1BG9DLM36_9738-610-10250-1122,0,1,0,0,0,0,0,0,0
1C11HIBEV_1349-2512-1861-3024,0,0,1,0,0,0,0,0,0
1CV4ZALF3_2167-3633-2679-4145,0,0,0,1,0,0,0,0,0
1D2NAMJH2_1245-2005-1757-2517,0,0,1,0,0,0,0,0,0
1C11HIBEV_1140-2325-1652-2837,0,0,1,0,0,0,0,0,0
1CV4ZALF3_2679-3633-3191-4145,0,0,0,1,0,0,0,0,0
1D2NAMJH2_12177-4023-12689-4535,0,0,1,0,0,0,0,0,0
1D2NAMJH2_1245-2517-1757-3029,0,0,1,0,0,0,0,0,0
1D2NAMJH2_12767-5123-13279-5635,0,0,1,0,0,0,0,0,0
1D2NAMJH2_13172-5507-13684-6019,0,0,1,0,0,0,0,0,0
1D2NAMJH2_1757-2005-2269-2517,0,0,1,0,0,0,0,0,0
1D2NAMJH2_2890-613-3402-1125,0,0,1,0,0,0,0,0,0
1D8DJVFJN_1352-1968-1864-2480,1,0,0,0,0,0,0,0,0
1D2NAMJH2_733-2005-1245-2517,0,0,1,0,0,0,0,0,0
1D2NAMJH2_733-2517-1245-3029,0,0,1,0,0,0,0,0,0
1D2NAMJH2_1757-2517-2269-3029,0,0,1,0,0,0,0,0,0
1D8DJVFJN_1375-1154-1887-1666,1,0,0,0,0,0,0,0,0
1D8DJVFJN_256-831-768-1343,1,0,0,0,0,0,0,0,0
1D8DJVFJN_1382-2597-1894-3109,1,0,0,0,0,0,0,0,0
1D8DJVFJN_1383-1655-1895-2167,1,0,0,0,0,0,0,0,0
1DEGPM1UA_1232-2021-1744-2533,0,0,1,0,0,0,0,0,0
1D8DJVFJN_1375-642-1887-1154,1,0,0,0,0,0,0,0,0
1DEGPM1UA_1232-1509-1744-2021,0,0,1,0,0,0,0,0,0
1D8DJVFJN_142-517-654-1029,1,0,0,0,0,0,0,0,0
1D8DJVFJN_469-403-981-915,1,0,0,0,0,0,0,0,0
1DEGPM1UA_1110-355-1622-867,0,0,1,0,1,0,0,0,0
1DEGPM1UA_1162-622-1674-1134,0,0,1,0,1,0,0,0,0
1DEGPM1UA_1604-2224-2116-2736,0,0,1,0,0,0,0,0,0
1DEGPM1UA_1413-729-1925-1241,0,0,1,0,1,0,0,0,0
1DEGPM1UA_2134-355-2646-867,0,0,1,0,1,0,0,0,0
1DEGPM1UA_1622-355-2134-867,0,0,1,0,1,0,0,0,0
1DEGPM1UA_1909-619-2421-1131,0,0,0,0,1,0,0,0,0
1DEGPM1UA_1900-2405-2412-2917,0,0,1,0,0,0,0,0,0
1DEGPM1UA_1987-2647-2499-3159,0,0,1,0,0,0,0,0,0
1DEGPM1UA_2649-2763-3161-3275,0,0,1,0,0,0,0,0,0
1DEGPM1UA_507-679-1019-1191,0,0,1,0,0,0,0,0,0
1DEGPM1UA_2217-2772-2729-3284,0,0,1,0,0,0,0,0,0
1DEGPM1UA_2251-1999-2763-2511,0,0,1,0,0,0,0,0,0
1DEGPM1UA_2417-2957-2929-3469,0,0,1,0,0,0,0,0,0
1DEGPM1UA_2649-2251-3161-2763,0,0,1,0,0,0,0,0,0
1DQUZKY8G_2170-927-2682-1439,0,0,0,0,0,0,0,1,0
1DQUZKY8G_1759-304-2271-816,0,0,0,0,0,0,0,1,0
1DEGPM1UA_720-1509-1232-2021,0,0,1,0,0,0,0,0,0
1DEGPM1UA_720-997-1232-1509,0,0,1,0,0,0,0,0,0
1DEGPM1UA_598-355-1110-867,0,0,1,0,0,0,0,0,0
1EE4EWQJC_2945-4373-3457-4885,0,0,0,1,0,0,0,0,0
1EE4EWQJC_1383-5115-1895-5627,0,0,0,1,0,0,0,0,0
1EJW7ZAF7_176-5129-688-5641,0,0,0,0,0,1,0,0,0
1FPBNGD9F_1105-7380-1617-7892,0,0,1,0,0,0,0,0,0
1EE4EWQJC_5604-552-6116-1064,0,0,0,1,0,0,0,0,0
1EE4EWQJC_5092-552-5604-1064,0,0,0,1,0,0,0,0,0
1EE4EWQJC_3457-4373-3969-4885,0,0,0,1,0,0,0,0,0
1FPBNGD9F_1105-7892-1617-8404,0,0,1,0,0,0,0,0,0
1FPBNGD9F_1708-3937-2220-4449,0,0,1,0,0,0,0,0,0
1FPBNGD9F_1272-6823-1784-7335,0,0,1,0,0,0,0,0,0
1FPBNGD9F_1617-6868-2129-7380,0,0,1,0,0,0,0,0,0
1FPBNGD9F_1617-7380-2129-7892,0,0,1,0,0,0,0,0,0
1FPBNGD9F_1196-3937-1708-4449,0,0,1,0,0,0,0,0,0
1FPBNGD9F_2129-7892-2641-8404,0,0,1,0,0,0,0,0,0
1FPBNGD9F_2129-7380-2641-7892,0,0,1,0,0,0,0,0,0
1FPBNGD9F_1617-7892-2129-8404,0,0,1,0,0,0,0,0,0
1FPBNGD9F_2129-6868-2641-7380,0,0,1,0,0,0,0,0,0
1FPBNGD9F_3110-4667-3622-5179,0,0,1,0,0,0,0,0,0
1FPBNGD9F_3480-5116-3992-5628,0,0,1,0,0,0,0,0,0
1FPBNGD9F_3956-5976-4468-6488,0,0,1,0,0,0,0,0,0
1FPBNGD9F_3491-5431-4003-5943,0,0,1,0,0,0,0,0,0
1FPBNGD9F_3622-4667-4134-5179,0,0,1,0,0,0,0,0,0
1FPBNGD9F_3956-4952-4468-5464,0,0,1,0,0,0,0,0,0
1FPBNGD9F_3740-4234-4252-4746,0,0,1,0,0,0,0,0,0
1FPBNGD9F_3917-3817-4429-4329,0,0,1,0,0,0,0,0,0
1FPBNGD9F_4429-3817-4941-4329,0,0,1,0,0,0,0,0,0
1FPBNGD9F_4468-4952-4980-5464,0,0,1,0,0,0,0,0,0
1FPBNGD9F_4003-5431-4515-5943,0,0,1,0,0,0,0,0,0
1FPBNGD9F_4468-5464-4980-5976,0,0,1,0,0,0,0,0,0
1FPBNGD9F_3989-4490-4501-5002,0,0,1,0,0,0,0,0,0
1FPBNGD9F_4252-4234-4764-4746,0,0,1,0,0,0,0,0,0
1FPBNGD9F_4812-1378-5324-1890,0,0,1,0,0,0,0,0,0
1FPBNGD9F_4812-1890-5324-2402,0,0,1,0,0,0,0,0,0
1FPBNGD9F_4501-4490-5013-5002,0,0,1,0,0,0,0,0,0
1FPBNGD9F_4468-5976-4980-6488,0,0,1,0,0,0,1,0,0
1FPBNGD9F_4812-866-5324-1378,0,0,1,0,0,0,0,0,0
1FPBNGD9F_4915-7959-5427-8471,0,0,1,0,0,0,0,0,0
1FPBNGD9F_4993-6859-5505-7371,0,0,1,0,0,0,0,0,0
1FPBNGD9F_4921-6204-5433-6716,0,0,0,0,0,0,1,0,0
1FPBNGD9F_4825-3856-5337-4368,0,0,1,0,0,0,0,0,0
1FPBNGD9F_4993-7371-5505-7883,0,0,1,0,0,0,0,0,0
1FPBNGD9F_5070-2544-5582-3056,0,0,1,0,0,0,0,0,0
1FPBNGD9F_5070-3056-5582-3568,0,0,1,0,0,0,0,0,0
1FPBNGD9F_5324-1378-5836-1890,0,0,1,0,0,0,0,0,0
1FPBNGD9F_5324-1890-5836-2402,0,0,1,0,0,0,0,0,0
1FPBNGD9F_5324-866-5836-1378,0,0,1,0,0,0,0,0,0
1FPBNGD9F_5070-3568-5582-4080,0,0,1,0,0,0,0,0,0
1FPBNGD9F_5505-6859-6017-7371,0,0,1,0,0,0,0,0,0
1FPBNGD9F_5427-7447-5939-7959,0,0,1,0,0,0,0,0,0
1FPBNGD9F_5433-6204-5945-6716,0,0,0,0,0,0,1,0,0
1FPBNGD9F_5427-7959-5939-8471,0,0,1,0,0,0,0,0,0
1FPBNGD9F_5582-2544-6094-3056,0,0,1,0,0,0,0,0,0
1FPBNGD9F_5582-3056-6094-3568,0,0,1,0,0,0,0,0,0
1FPBNGD9F_5582-3568-6094-4080,0,0,1,0,0,0,0,0,0
1FPBNGD9F_5965-4233-6477-4745,0,0,1,0,0,0,0,0,0
1FPBNGD9F_5836-1378-6348-1890,0,0,1,0,0,0,0,0,0
1FPBNGD9F_5945-6204-6457-6716,0,0,0,0,0,0,1,0,0
1FPBNGD9F_5877-5180-6389-5692,0,0,1,0,0,0,0,0,0
1FPBNGD9F_5805-3966-6317-4478,0,0,1,0,0,0,0,0,0
1FPBNGD9F_5836-866-6348-1378,0,0,1,0,0,0,0,0,0
1FPBNGD9F_6066-4679-6578-5191,0,0,1,0,0,0,0,0,0
1FPBNGD9F_6177-5305-6689-5817,0,0,1,0,0,0,0,0,0
1FPBNGD9F_6094-2544-6606-3056,0,0,1,0,0,0,0,0,0
1FPBNGD9F_6094-3056-6606-3568,0,0,1,0,0,0,0,0,0
1FPBNGD9F_6127-3751-6639-4263,0,0,1,0,0,0,0,0,0
1FPBNGD9F_613-6461-1125-6973,0,0,0,0,0,0,1,0,0
1FPBNGD9F_6347-4153-6859-4665,0,0,1,0,0,0,0,0,0
1FPBNGD9F_6348-1378-6860-1890,0,0,1,0,0,0,0,0,0
1FPBNGD9F_6348-866-6860-1378,0,0,1,0,0,0,0,0,0
1FPBNGD9F_6423-4924-6935-5436,0,0,1,0,0,0,0,0,0
1FPBNGD9F_6512-6006-7024-6518,0,0,0,0,0,0,1,0,0
1FPBNGD9F_6606-3056-7118-3568,0,0,1,0,0,0,0,0,0
1FPBNGD9F_6606-2544-7118-3056,0,0,1,0,0,0,0,0,0
1FPBNGD9F_6634-866-7146-1378,0,0,1,0,0,0,0,0,0
1FPBNGD9F_6719-4855-7231-5367,0,0,1,0,0,0,0,0,0
1FPBNGD9F_6606-3568-7118-4080,0,0,1,0,0,0,0,0,0
1FPBNGD9F_6787-6690-7299-7202,0,0,1,0,0,0,0,0,0
1FPBNGD9F_6859-4153-7371-4665,0,0,1,0,0,0,0,0,0
1FPBNGD9F_6966-5598-7478-6110,0,0,0,0,0,0,1,0,0
1FPBNGD9F_7001-775-7513-1287,0,0,1,0,0,0,0,0,0
1FPBNGD9F_7248-4671-7760-5183,0,0,1,0,0,0,0,0,0
1FPBNGD9F_6994-4775-7506-5287,0,0,1,0,0,0,0,0,0
1FPBNGD9F_7073-6873-7585-7385,0,0,1,0,0,0,0,0,0
1FPBNGD9F_751-7757-1263-8269,0,0,1,0,0,0,0,0,0
1FPBNGD9F_7248-7332-7760-7844,0,0,1,0,0,0,0,0,0
1FPBNGD9F_7304-7020-7816-7532,0,0,1,0,0,0,0,0,0
1FPBNGD9F_751-8269-1263-8781,0,0,1,0,0,0,0,0,0
1FPBNGD9F_7585-6873-8097-7385,0,0,1,0,0,0,0,0,0
1FPBNGD9F_7647-1577-8159-2089,0,0,1,0,0,0,0,0,0
1FPBNGD9F_7647-2089-8159-2601,0,0,1,0,0,0,0,0,0
1FPBNGD9F_8159-2601-8671-3113,0,0,1,0,0,0,0,0,0
1FPBNGD9F_8159-1577-8671-2089,0,0,1,0,0,0,0,0,0
1FPBNGD9F_7647-2601-8159-3113,0,0,1,0,0,0,0,0,0
1FPBNGD9F_8159-1065-8671-1577,0,0,1,0,0,0,0,0,0
1FPBNGD9F_765-5403-1277-5915,0,0,1,0,0,0,0,0,0
1FPBNGD9F_8159-3113-8671-3625,0,0,1,0,0,0,0,0,0
1FPBNGD9F_8504-5075-9016-5587,0,0,1,0,0,0,0,0,0
1FPBNGD9F_8671-1065-9183-1577,0,0,1,0,0,0,0,0,0
1FPBNGD9F_8671-1577-9183-2089,0,0,1,0,0,0,0,0,0
1FPBNGD9F_8515-4803-9027-5315,0,0,1,0,0,0,0,0,0
1FPBNGD9F_8671-2089-9183-2601,0,0,1,0,0,0,0,0,0
1FPBNGD9F_8671-2601-9183-3113,0,0,1,0,0,0,0,0,0
1FPBNGD9F_8671-3113-9183-3625,0,0,1,0,0,0,0,0,0
1FPBNGD9F_8671-3625-9183-4137,0,0,1,0,0,0,0,0,0
1FPJZFY7T_1387-1091-1899-1603,0,0,0,0,0,1,0,0,0
1FPJZFY7T_2290-5807-2802-6319,0,0,0,0,0,0,0,0,1
1FPJZFY7T_1969-5711-2481-6223,0,0,0,0,0,1,0,0,1
1FPJZFY7T_469-3538-981-4050,0,0,0,0,0,1,0,0,1
1FPJZFY7T_5678-3070-6190-3582,0,0,0,0,0,1,0,0,1
1FPJZFY7T_479-417-991-929,0,0,0,0,0,1,0,0,0
1FPJZFY7T_5421-3717-5933-4229,0,0,0,0,0,1,0,0,1
1FPJZFY7T_515-3043-1027-3555,0,0,0,0,0,1,0,0,1
1FPJZFY7T_5686-4007-6198-4519,0,0,0,0,0,1,0,0,1
1HBK68KTK_10098-14443-10610-14955,0,0,0,1,0,0,0,0,0
1FPJZFY7T_5689-3531-6201-4043,0,0,0,0,0,1,0,0,1
1HBK68KTK_10160-10448-10672-10960,0,0,0,1,0,0,0,0,0
1HBK68KTK_10323-14593-10835-15105,0,0,0,1,0,0,0,0,0
1FPJZFY7T_602-3883-1114-4395,0,0,0,0,0,1,0,0,1
1HBK68KTK_10160-9936-10672-10448,0,0,0,1,0,0,0,0,0
1HBK68KTK_10421-14902-10933-15414,0,0,0,1,0,0,0,0,0
1HBK68KTK_10098-14955-10610-15467,0,0,0,1,0,0,0,0,0
1HBK68KTK_10672-10448-11184-10960,0,0,0,1,0,0,0,0,0
1HBK68KTK_10672-9936-11184-10448,0,0,0,1,0,0,0,0,0
1HBK68KTK_11764-13980-12276-14492,0,0,0,1,0,0,0,0,0
1HBK68KTK_12276-13980-12788-14492,0,0,0,1,0,0,0,0,0
1HBK68KTK_12375-13523-12887-14035,0,0,0,1,0,0,0,0,0
1HBK68KTK_11863-13523-12375-14035,0,0,0,1,0,0,0,0,0
1HBK68KTK_2280-4296-2792-4808,0,0,0,1,0,0,0,0,0
1HBK68KTK_11252-13980-11764-14492,0,0,0,1,0,0,0,0,0
1HBK68KTK_2410-4660-2922-5172,0,0,0,1,0,0,0,0,0
1HBK68KTK_1902-3112-2414-3624,0,0,0,1,0,0,0,0,0
1HBK68KTK_2907-6886-3419-7398,0,0,0,1,0,0,0,0,0
1HBK68KTK_3312-11262-3824-11774,0,0,0,1,0,0,0,0,0
1HBK68KTK_2907-7398-3419-7910,0,0,0,1,0,0,0,0,0
1HBK68KTK_3830-9693-4342-10205,0,0,0,1,0,0,0,0,0
1HBK68KTK_3419-6886-3931-7398,0,0,0,1,0,0,0,0,0
1HBK68KTK_3419-7398-3931-7910,0,0,0,1,0,0,0,0,0
1HBK68KTK_3339-2305-3851-2817,0,0,0,1,0,0,0,0,0
1HBK68KTK_3739-12218-4251-12730,0,0,0,1,0,0,0,0,0
1HBK68KTK_3858-16564-4370-17076,0,0,0,1,0,0,0,0,0
1HBK68KTK_3851-2305-4363-2817,0,0,0,1,0,0,0,0,0
1HBK68KTK_3931-6374-4443-6886,0,0,0,1,0,0,0,0,0
1HBK68KTK_3867-17633-4379-18145,0,0,0,1,0,0,0,0,0
1HBK68KTK_3931-6886-4443-7398,0,0,0,1,0,0,0,0,0
1HBK68KTK_3936-15052-4448-15564,0,0,0,1,0,0,0,0,0
1HBK68KTK_3903-10968-4415-11480,0,0,0,1,0,0,0,0,0
1HBK68KTK_4124-2727-4636-3239,0,0,0,1,0,0,0,0,0
1HBK68KTK_4124-3239-4636-3751,0,0,0,1,0,0,0,0,0
1HBK68KTK_4230-7841-4742-8353,0,0,0,1,0,0,0,0,0
1HBK68KTK_4342-9181-4854-9693,0,0,0,1,0,0,0,0,0
1HBK68KTK_4516-14827-5028-15339,0,0,0,1,0,0,0,0,0
1HBK68KTK_4636-3239-5148-3751,0,0,0,1,0,0,0,0,0
1HBK68KTK_4742-7841-5254-8353,0,0,0,1,0,0,0,0,0
1HBK68KTK_4443-6374-4955-6886,0,0,0,1,0,0,0,0,0
1HBK68KTK_4342-9693-4854-10205,0,0,0,1,0,0,0,0,0
1HBK68KTK_4636-2727-5148-3239,0,0,0,1,0,0,0,0,0
1HBK68KTK_4774-11510-5286-12022,0,0,0,1,0,0,0,0,0
1HBK68KTK_4941-4134-5453-4646,0,0,0,1,0,0,0,0,0
1HBK68KTK_4955-7398-5467-7910,0,0,0,1,0,0,0,0,0
1HBK68KTK_4941-3622-5453-4134,0,0,0,1,0,0,0,0,0
1HBK68KTK_4955-6374-5467-6886,0,0,0,1,0,0,0,0,0
1HBK68KTK_4854-9181-5366-9693,0,0,0,1,0,0,0,0,0
1HBK68KTK_4851-16140-5363-16652,0,0,0,1,0,0,0,0,0
1HBK68KTK_5028-14827-5540-15339,0,0,0,1,0,0,0,0,0
1HBK68KTK_4973-1539-5485-2051,0,0,0,1,0,0,0,0,0
1HBK68KTK_5238-15959-5750-16471,0,0,0,1,0,0,0,0,0
1HBK68KTK_5238-15447-5750-15959,0,0,0,1,0,0,0,0,0
1HBK68KTK_5254-7841-5766-8353,0,0,0,1,0,0,0,0,0
1HBK68KTK_5485-1539-5997-2051,0,0,0,1,0,0,0,0,0
1HBK68KTK_5467-6374-5979-6886,0,0,0,1,0,0,0,0,0
1HBK68KTK_5485-1027-5997-1539,0,0,0,1,0,0,0,0,0
1HBK68KTK_5366-9181-5878-9693,0,0,0,1,0,0,0,0,0
1HBK68KTK_5461-13803-5973-14315,0,0,0,1,0,0,0,0,0
1HBK68KTK_5467-7398-5979-7910,0,0,0,1,0,0,0,0,0
1HBK68KTK_5511-712-6023-1224,0,0,0,1,0,0,0,0,0
1HBK68KTK_5874-13484-6386-13996,0,0,0,1,0,0,0,0,0
1HBK68KTK_5766-7329-6278-7841,0,0,0,1,0,0,0,0,0
1HBK68KTK_5750-15959-6262-16471,0,0,0,1,0,0,0,0,0
1HBK68KTK_5886-10014-6398-10526,0,0,0,1,0,0,0,0,0
1HBK68KTK_5668-13645-6180-14157,0,0,0,1,0,0,0,0,0
1HBK68KTK_5750-15447-6262-15959,0,0,0,1,0,0,0,0,0
1HBK68KTK_5979-6374-6491-6886,0,0,0,1,0,0,0,0,0
1HBK68KTK_5997-1027-6509-1539,0,0,0,1,0,0,0,0,0
1HBK68KTK_6239-2034-6751-2546,0,0,0,1,0,0,0,0,0
1HBK68KTK_6343-12890-6855-13402,0,0,0,1,0,0,0,0,0
1HBK68KTK_6347-14222-6859-14734,0,0,0,1,0,0,0,0,0
1HBK68KTK_6544-4733-7056-5245,0,0,0,1,0,0,0,0,0
1HBK68KTK_6583-12703-7095-13215,0,0,0,1,0,0,0,0,0
1HBK68KTK_6425-11695-6937-12207,0,0,0,1,0,0,0,0,0
1HBK68KTK_6491-6374-7003-6886,0,0,0,1,0,0,0,0,0
1HBK68KTK_6347-14734-6859-15246,0,0,0,1,0,0,0,0,0
1HBK68KTK_6457-11186-6969-11698,0,0,0,1,0,0,0,0,0
1HBK68KTK_6619-8384-7131-8896,0,0,0,1,0,0,0,0,0
1HBK68KTK_6937-11695-7449-12207,0,0,0,1,0,0,0,0,0
1HBK68KTK_6859-14222-7371-14734,0,0,0,1,0,0,0,0,0
1HBK68KTK_7131-8384-7643-8896,0,0,0,1,0,0,0,0,0
1HBK68KTK_6937-11183-7449-11695,0,0,0,1,0,0,0,0,0
1HBK68KTK_7003-6374-7515-6886,0,0,0,1,0,0,0,0,0
1HBK68KTK_7214-4763-7726-5275,0,0,0,1,0,0,0,0,0
1HBK68KTK_7449-11183-7961-11695,0,0,0,1,0,0,0,0,0
1HBK68KTK_7449-11695-7961-12207,0,0,0,1,0,0,0,0,0
1HBK68KTK_7515-6886-8027-7398,0,0,0,1,0,0,0,0,0
1HBK68KTK_7515-6374-8027-6886,0,0,0,1,0,0,0,0,0
1HBK68KTK_7643-8384-8155-8896,0,0,0,1,0,0,0,0,0
1HBK68KTK_7726-4763-8238-5275,0,0,0,1,0,0,0,0,0
1HBK68KTK_8027-6886-8539-7398,0,0,0,1,0,0,0,0,0
1HBK68KTK_8539-6886-9051-7398,0,0,0,1,0,0,0,0,0
1HBK68KTK_7961-11183-8473-11695,0,0,0,1,0,0,0,0,0
1HBK68KTK_8548-14509-9060-15021,0,0,0,1,0,0,0,0,0
1HBK68KTK_7933-14709-8445-15221,0,0,0,1,0,0,0,0,0
1HBK68KTK_9586-14443-10098-14955,0,0,0,1,0,0,0,0,0
1HBK68KTK_9648-9936-10160-10448,0,0,0,1,0,0,0,0,0
1HBK68KTK_9586-14955-10098-15467,0,0,0,1,0,0,0,0,0
1I3LE3VQK_6750-12528-7262-13040,0,0,0,1,0,0,0,0,0
1I3LE3VQK_6836-12232-7348-12744,0,0,0,1,0,0,0,0,0
1I3LE3VQK_7148-12711-7660-13223,0,0,0,1,0,0,0,0,0
1I3LE3VQK_7003-12413-7515-12925,0,0,0,1,0,0,0,0,0
1I68TMCRK_5746-4256-6258-4768,0,0,0,0,0,0,0,0,1
1IDXYQ1V8_4513-4666-5025-5178,0,0,0,0,0,0,0,0,1
1IDXYQ1V8_4669-757-5181-1269,0,0,0,0,0,0,0,0,1
1IG2E6CMG_220-2981-732-3493,0,0,0,0,0,1,0,0,0
1IG2E6CMG_1255-305-1767-817,0,0,0,0,0,1,0,0,0
1IG2E6CMG_204-2008-716-2520,0,0,0,0,0,0,0,0,1
1IG2E6CMG_1450-1218-1962-1730,0,0,0,0,0,0,0,0,1
1IG2E6CMG_351-722-863-1234,0,0,0,0,0,1,0,0,0
1IG2E6CMG_3656-437-4168-949,0,0,0,0,0,1,0,0,0
1IG2E6CMG_3850-3857-4362-4369,0,0,0,0,0,1,0,0,0
1IG2E6CMG_300-437-812-949,0,0,0,0,0,1,0,0,0
1IG2E6CMG_5430-4019-5942-4531,0,0,0,0,0,1,0,0,0
1J1YDIPXC_10171-7193-10683-7705,1,0,0,0,0,0,0,0,0
1IG2E6CMG_4918-4019-5430-4531,0,0,0,0,0,1,0,0,0
1IG2E6CMG_576-494-1088-1006,0,0,0,0,0,1,0,0,0
1J1YDIPXC_10171-6169-10683-6681,1,0,0,0,0,0,0,0,0
1IG2E6CMG_849-452-1361-964,0,0,0,0,0,1,0,0,0
1J1YDIPXC_10171-6681-10683-7193,1,0,0,0,0,0,0,0,0
1J1YDIPXC_10189-4823-10701-5335,1,0,0,0,0,0,0,0,0
1J1YDIPXC_10233-5099-10745-5611,1,0,0,0,0,0,0,0,0
1J1YDIPXC_10287-3538-10799-4050,1,0,0,0,0,0,0,0,0
1J1YDIPXC_10287-4050-10799-4562,1,0,0,0,0,0,0,0,0
1J1YDIPXC_10287-4562-10799-5074,1,0,0,0,0,0,0,0,0
1J1YDIPXC_10449-1000-10961-1512,1,0,0,0,0,0,0,0,0
1J1YDIPXC_10449-488-10961-1000,1,0,0,0,0,0,0,0,0
1J1YDIPXC_10449-3048-10961-3560,1,0,0,0,0,0,0,0,0
1J1YDIPXC_10449-2536-10961-3048,1,0,0,0,0,0,0,0,0
1J1YDIPXC_10287-5887-10799-6399,1,0,0,0,0,0,0,0,0
1J1YDIPXC_10449-2024-10961-2536,1,0,0,0,0,0,0,0,0
1J1YDIPXC_1233-1000-1745-1512,1,0,0,0,0,0,0,0,0
1J1YDIPXC_1207-6619-1719-7131,1,0,0,0,0,0,0,0,0
1J1YDIPXC_1207-5595-1719-6107,1,0,0,0,0,0,0,0,0
1J1YDIPXC_1233-488-1745-1000,1,0,0,0,0,0,0,0,0
1J1YDIPXC_1207-6107-1719-6619,1,0,0,0,0,0,0,0,0
1J1YDIPXC_1745-488-2257-1000,1,0,0,0,0,0,0,0,0
1J1YDIPXC_1745-1000-2257-1512,1,0,0,0,0,0,0,0,0
1J1YDIPXC_2257-1000-2769-1512,1,0,0,0,0,0,0,0,0
1J1YDIPXC_2769-488-3281-1000,1,0,0,0,0,0,0,0,0
1J1YDIPXC_2879-5689-3391-6201,1,0,0,0,0,0,0,0,0
1J1YDIPXC_2257-488-2769-1000,1,0,0,0,0,0,0,0,0
1J1YDIPXC_3281-1000-3793-1512,1,0,0,0,0,0,0,0,0
1J1YDIPXC_2808-5395-3320-5907,1,0,0,0,0,0,0,0,0
1J1YDIPXC_2769-1000-3281-1512,1,0,0,0,0,0,0,0,0
1J1YDIPXC_2769-1512-3281-2024,1,0,0,0,0,0,0,0,0
1J1YDIPXC_3281-488-3793-1000,1,0,0,0,0,0,0,0,0
1J1YDIPXC_3281-1512-3793-2024,1,0,0,0,0,0,0,0,0
1J1YDIPXC_3320-5395-3832-5907,1,0,0,0,0,0,0,0,0
1J1YDIPXC_3903-5689-4415-6201,1,0,0,0,0,0,0,0,0
1J1YDIPXC_3793-1000-4305-1512,1,0,0,0,0,0,0,0,0
1J1YDIPXC_3793-488-4305-1000,1,0,0,0,0,0,0,0,0
1J1YDIPXC_3992-6349-4504-6861,1,0,0,0,0,0,0,0,0
1J1YDIPXC_3793-1512-4305-2024,1,0,0,0,0,0,0,0,0
1J1YDIPXC_3391-5689-3903-6201,1,0,0,0,0,0,0,0,0
1J1YDIPXC_3832-5395-4344-5907,1,0,0,0,0,0,0,0,0
1J1YDIPXC_4305-1512-4817-2024,1,0,0,0,0,0,0,0,0
1J1YDIPXC_4344-5395-4856-5907,1,0,0,0,0,0,0,0,0
1J1YDIPXC_4339-7162-4851-7674,1,0,0,0,0,0,0,0,0
1J1YDIPXC_4339-6650-4851-7162,1,0,0,0,0,0,0,0,0
1J1YDIPXC_4305-488-4817-1000,1,0,0,0,0,0,0,0,0
1J1YDIPXC_4817-1512-5329-2024,1,0,0,0,0,0,0,0,0
1J1YDIPXC_4415-5689-4927-6201,1,0,0,0,0,0,0,0,0
1J1YDIPXC_4504-6349-5016-6861,1,0,0,0,0,0,0,0,0
1J1YDIPXC_4393-5962-4905-6474,1,0,0,0,0,0,0,0,0
1J1YDIPXC_4817-488-5329-1000,1,0,0,0,0,0,0,0,0
1J1YDIPXC_4851-6650-5363-7162,1,0,0,0,0,0,0,0,0
1J1YDIPXC_4856-5395-5368-5907,1,0,0,0,0,0,0,0,0
1J1YDIPXC_5016-6349-5528-6861,1,0,0,0,0,0,0,0,0
1J1YDIPXC_4851-7162-5363-7674,1,0,0,0,0,0,0,0,0
1J1YDIPXC_5325-5962-5837-6474,1,0,0,0,0,0,0,0,0
1J1YDIPXC_4905-5962-5417-6474,1,0,0,0,0,0,0,0,0
1J1YDIPXC_4927-5689-5439-6201,1,0,0,0,0,0,0,0,0
1J1YDIPXC_5247-2174-5759-2686,1,0,0,0,0,0,0,0,0
1J1YDIPXC_5329-3560-5841-4072,1,0,0,0,0,0,0,0,0
1J1YDIPXC_5329-1512-5841-2024,1,0,0,0,0,0,0,0,0
1J1YDIPXC_5363-7162-5875-7674,1,0,0,0,0,0,0,0,0
1J1YDIPXC_5363-6650-5875-7162,1,0,0,0,0,0,0,0,0
1J1YDIPXC_5329-2536-5841-3048,1,0,0,0,0,0,0,0,0
1J1YDIPXC_5439-5689-5951-6201,1,0,0,0,0,0,0,0,0
1J1YDIPXC_5329-488-5841-1000,1,0,0,0,0,0,0,0,0
1J1YDIPXC_5528-6349-6040-6861,1,0,0,0,0,0,0,0,0
1J1YDIPXC_5329-3048-5841-3560,1,0,0,0,0,0,0,0,0
1J1YDIPXC_5591-5422-6103-5934,1,0,0,0,0,0,0,0,0
1J1YDIPXC_5591-5934-6103-6446,1,0,0,0,0,0,0,0,0
1J1YDIPXC_5719-4412-6231-4924,1,0,0,0,0,0,0,0,0
1J1YDIPXC_5759-2174-6271-2686,1,0,0,0,0,0,0,0,0
1J1YDIPXC_5686-3996-6198-4508,1,0,0,0,0,0,0,0,0
1J1YDIPXC_5759-2686-6271-3198,1,0,0,0,0,0,0,0,0
1J1YDIPXC_5719-4924-6231-5436,1,0,0,0,0,0,0,0,0
1J1YDIPXC_5831-6340-6343-6852,1,0,0,0,0,0,0,0,0
1J1YDIPXC_5759-3198-6271-3710,1,0,0,0,0,0,0,0,0
1J1YDIPXC_5841-3560-6353-4072,1,0,0,0,0,0,0,0,0
1J1YDIPXC_5940-6746-6452-7258,1,0,0,0,0,0,0,0,0
1J1YDIPXC_5841-488-6353-1000,1,0,0,0,0,0,0,0,0
1J1YDIPXC_5933-5161-6445-5673,1,0,0,0,0,0,0,0,0
1J1YDIPXC_5951-5689-6463-6201,1,0,0,0,0,0,0,0,0
1J1YDIPXC_5940-7258-6452-7770,1,0,0,0,0,0,0,0,0
1J1YDIPXC_5841-1512-6353-2024,1,0,0,0,0,0,0,0,0
1J1YDIPXC_6103-5422-6615-5934,1,0,0,0,0,0,0,0,0
1J1YDIPXC_6103-5934-6615-6446,1,0,0,0,0,0,0,0,0
1J1YDIPXC_6198-3996-6710-4508,1,0,0,0,0,0,0,0,0
1J1YDIPXC_6198-3484-6710-3996,1,0,0,0,0,0,0,0,0
1J1YDIPXC_6353-1512-6865-2024,1,0,0,0,0,0,0,0,0
1J1YDIPXC_6353-488-6865-1000,1,0,0,0,0,0,0,0,0
1J1YDIPXC_6231-4412-6743-4924,1,0,0,0,0,0,0,0,0
1J1YDIPXC_6271-3198-6783-3710,1,0,0,0,0,0,0,0,0
1J1YDIPXC_6309-6463-6821-6975,1,0,0,0,0,0,0,0,0
1J1YDIPXC_6231-4924-6743-5436,1,0,0,0,0,0,0,0,0
1J1YDIPXC_6271-2174-6783-2686,1,0,0,0,0,0,0,0,0
1J1YDIPXC_6445-5161-6957-5673,1,0,0,0,0,0,0,0,0
1J1YDIPXC_6452-7258-6964-7770,1,0,0,0,0,0,0,0,0
1J1YDIPXC_6615-5422-7127-5934,1,0,0,0,0,0,0,0,0
1J1YDIPXC_6452-6746-6964-7258,1,0,0,0,0,0,0,0,0
1J1YDIPXC_6537-6222-7049-6734,1,0,0,0,0,0,0,0,0
1J1YDIPXC_6710-3484-7222-3996,1,0,0,0,0,0,0,0,0
1J1YDIPXC_6615-5934-7127-6446,1,0,0,0,0,0,0,0,0
1J1YDIPXC_6703-4050-7215-4562,1,0,0,0,0,0,0,0,0
1J1YDIPXC_6743-4412-7255-4924,1,0,0,0,0,0,0,0,0
1J1YDIPXC_6783-2174-7295-2686,1,0,0,0,0,0,0,0,0
1J1YDIPXC_6743-4924-7255-5436,1,0,0,0,0,0,0,0,0
1J1YDIPXC_6841-5169-7353-5681,1,0,0,0,0,0,0,0,0
1J1YDIPXC_6783-3198-7295-3710,1,0,0,0,0,0,0,0,0
1J1YDIPXC_695-4059-1207-4571,1,0,0,0,0,0,0,0,0
1J1YDIPXC_6865-488-7377-1000,1,0,0,0,0,0,0,0,0
1J1YDIPXC_6865-1512-7377-2024,1,0,0,0,0,0,0,0,0
1J1YDIPXC_6855-6340-7367-6852,1,0,0,0,0,0,0,0,0
1J1YDIPXC_6855-6852-7367-7364,1,0,0,0,0,0,0,0,0
1J1YDIPXC_695-4571-1207-5083,1,0,0,0,0,0,0,0,0
1J1YDIPXC_695-6619-1207-7131,1,0,0,0,0,0,0,0,0
1J1YDIPXC_695-6107-1207-6619,1,0,0,0,0,0,0,0,0
1J1YDIPXC_7117-4823-7629-5335,1,0,0,0,0,0,0,0,0
1J1YDIPXC_695-5595-1207-6107,1,0,0,0,0,0,0,0,0
1J1YDIPXC_6964-7258-7476-7770,1,0,0,0,0,0,0,0,0
1J1YDIPXC_695-5083-1207-5595,1,0,0,0,0,0,0,0,0
1J1YDIPXC_7088-5805-7600-6317,1,0,0,0,0,0,0,0,0
1J1YDIPXC_695-7131-1207-7643,1,0,0,0,0,0,0,0,0
1J1YDIPXC_7127-5422-7639-5934,1,0,0,0,0,0,0,0,0
1J1YDIPXC_7155-6364-7667-6876,1,0,0,0,0,0,0,0,0
1J1YDIPXC_7215-4562-7727-5074,1,0,0,0,0,0,0,0,0
1J1YDIPXC_721-488-1233-1000,1,0,0,0,0,0,0,0,0
1J1YDIPXC_721-3048-1233-3560,1,0,0,0,0,0,0,0,0
1J1YDIPXC_7222-3996-7734-4508,1,0,0,0,0,0,0,0,0
1J1YDIPXC_721-1000-1233-1512,1,0,0,0,0,0,0,0,0
1J1YDIPXC_721-3560-1233-4072,1,0,0,0,0,0,0,0,0
1J1YDIPXC_7222-3484-7734-3996,1,0,0,0,0,0,0,0,0
1J1YDIPXC_7377-488-7889-1000,1,0,0,0,0,0,0,0,0
1J1YDIPXC_7377-2024-7889-2536,1,0,0,0,0,0,0,0,0
1J1YDIPXC_7295-3198-7807-3710,1,0,0,0,0,0,0,0,0
1J1YDIPXC_7404-5744-7916-6256,1,0,0,0,0,0,0,0,0
1J1YDIPXC_7404-5232-7916-5744,1,0,0,0,0,0,0,0,0
1J1YDIPXC_7404-6768-7916-7280,1,0,0,0,0,0,0,0,0
1J1YDIPXC_7404-6256-7916-6768,1,0,0,0,0,0,0,0,0
1J1YDIPXC_7377-1512-7889-2024,1,0,0,0,0,0,0,0,0
1J1YDIPXC_7569-7172-8081-7684,1,0,0,0,0,0,0,0,0
1J1YDIPXC_7576-3594-8088-4106,1,0,0,0,0,0,0,0,0
1J1YDIPXC_7629-4823-8141-5335,1,0,0,0,0,0,0,0,0
1J1YDIPXC_7727-4050-8239-4562,1,0,0,0,0,0,0,0,0
1J1YDIPXC_7629-5335-8141-5847,1,0,0,0,0,0,0,0,0
1J1YDIPXC_7889-3048-8401-3560,1,0,0,0,0,0,0,0,0
1J1YDIPXC_7889-2024-8401-2536,1,0,0,0,0,0,0,0,0
1J1YDIPXC_7889-1512-8401-2024,1,0,0,0,0,0,0,0,0
1J1YDIPXC_7889-3560-8401-4072,1,0,0,0,0,0,0,0,0
1J1YDIPXC_7727-4562-8239-5074,1,0,0,0,0,0,0,0,0
1J1YDIPXC_7889-488-8401-1000,1,0,0,0,0,0,0,0,0
1J1YDIPXC_8141-4823-8653-5335,1,0,0,0,0,0,0,0,0
1J1YDIPXC_8146-4194-8658-4706,1,0,0,0,0,0,0,0,0
1J1YDIPXC_8141-5335-8653-5847,1,0,0,0,0,0,0,0,0
1J1YDIPXC_7916-6256-8428-6768,1,0,0,0,0,0,0,0,0
1J1YDIPXC_7916-5232-8428-5744,1,0,0,0,0,0,0,0,0
1J1YDIPXC_7916-5744-8428-6256,1,0,0,0,0,0,0,0,0
1J1YDIPXC_8091-3878-8603-4390,1,0,0,0,0,0,0,0,0
1J1YDIPXC_8239-4562-8751-5074,1,0,0,0,0,0,0,0,0
1J1YDIPXC_8319-3198-8831-3710,1,0,0,0,0,0,0,0,0
1J1YDIPXC_8401-1512-8913-2024,1,0,0,0,0,0,0,0,0
1J1YDIPXC_8428-5744-8940-6256,1,0,0,0,0,0,0,0,0
1J1YDIPXC_8428-5232-8940-5744,1,0,0,0,0,0,0,0,0
1J1YDIPXC_8401-2024-8913-2536,1,0,0,0,0,0,0,0,0
1J1YDIPXC_8401-488-8913-1000,1,0,0,0,0,0,0,0,0
1J1YDIPXC_8401-3560-8913-4072,1,0,0,0,0,0,0,0,0
1J1YDIPXC_8428-6256-8940-6768,1,0,0,0,0,0,0,0,0
1J1YDIPXC_8428-6768-8940-7280,1,0,0,0,0,0,0,0,0
1J1YDIPXC_8603-3878-9115-4390,1,0,0,0,0,0,0,0,0
1J1YDIPXC_8653-5335-9165-5847,1,0,0,0,0,0,0,0,0
1J1YDIPXC_8653-4823-9165-5335,1,0,0,0,0,0,0,0,0
1J1YDIPXC_8751-4562-9263-5074,1,0,0,0,0,0,0,0,0
1J1YDIPXC_8805-6700-9317-7212,1,0,0,0,0,0,0,0,0
1J1YDIPXC_8831-2174-9343-2686,1,0,0,0,0,0,0,0,0
1J1YDIPXC_8751-3538-9263-4050,1,0,0,0,0,0,0,0,0
1J1YDIPXC_8913-1512-9425-2024,1,0,0,0,0,0,0,0,0
1J1YDIPXC_8913-488-9425-1000,1,0,0,0,0,0,0,0,0
1J1YDIPXC_9147-6169-9659-6681,1,0,0,0,0,0,0,0,0
1J1YDIPXC_8940-5232-9452-5744,1,0,0,0,0,0,0,0,0
1J1YDIPXC_8940-5744-9452-6256,1,0,0,0,0,0,0,0,0
1J1YDIPXC_9147-7193-9659-7705,1,0,0,0,0,0,0,0,0
1J1YDIPXC_9165-4823-9677-5335,1,0,0,0,0,0,0,0,0
1J1YDIPXC_9147-6681-9659-7193,1,0,0,0,0,0,0,0,0
1J1YDIPXC_9165-5335-9677-5847,1,0,0,0,0,0,0,0,0
1J1YDIPXC_9263-3538-9775-4050,1,0,0,0,0,0,0,0,0
1J1YDIPXC_9263-4050-9775-4562,1,0,0,0,0,0,0,0,0
1J1YDIPXC_9659-6169-10171-6681,1,0,0,0,0,0,0,0,0
1J1YDIPXC_9263-4562-9775-5074,1,0,0,0,0,0,0,0,0
1J1YDIPXC_9343-2174-9855-2686,1,0,0,0,0,0,0,0,0
1J1YDIPXC_9398-6003-9910-6515,1,0,0,0,0,0,0,0,0
1J1YDIPXC_9272-5748-9784-6260,1,0,0,0,0,0,0,0,0
1J1YDIPXC_9425-1512-9937-2024,1,0,0,0,0,0,0,0,0
1J1YDIPXC_9322-6348-9834-6860,1,0,0,0,0,0,0,0,0
1J1YDIPXC_9425-488-9937-1000,1,0,0,0,0,0,0,0,0
1J1YDIPXC_9659-6681-10171-7193,1,0,0,0,0,0,0,0,0
1J1YDIPXC_9737-5237-10249-5749,1,0,0,0,0,0,0,0,0
1J1YDIPXC_9677-4823-10189-5335,1,0,0,0,0,0,0,0,0
1J1YDIPXC_9659-7193-10171-7705,1,0,0,0,0,0,0,0,0
1J1YDIPXC_9775-4050-10287-4562,1,0,0,0,0,0,0,0,0
1J1YDIPXC_9855-2686-10367-3198,1,0,0,0,0,0,0,0,0
1J1YDIPXC_9784-5748-10296-6260,1,0,0,0,0,0,0,0,0
1J1YDIPXC_9775-4562-10287-5074,1,0,0,0,0,0,0,0,0
1J1YDIPXC_9910-6003-10422-6515,1,0,0,0,0,0,0,0,0
1J1YDIPXC_9929-6545-10441-7057,1,0,0,0,0,0,0,0,0
1JKH2P1CP_11668-3830-12180-4342,0,0,0,0,1,0,0,0,0
1J1YDIPXC_9937-488-10449-1000,1,0,0,0,0,0,0,0,0
1J1YDIPXC_9937-3560-10449-4072,1,0,0,0,0,0,0,0,0
1J1YDIPXC_9937-2024-10449-2536,1,0,0,0,0,0,0,0,0
1J1YDIPXC_9937-3048-10449-3560,1,0,0,0,0,0,0,0,0
1JKH2P1CP_11703-3220-12215-3732,0,0,0,0,1,0,0,0,0
1JCRNKCVD_4574-6969-5086-7481,0,0,0,0,0,0,0,0,1
1JKH2P1CP_11690-740-12202-1252,0,0,0,0,1,0,0,0,0
1JKH2P1CP_11731-2558-12243-3070,0,0,0,0,1,0,0,0,0
1JKH2P1CP_11773-1930-12285-2442,0,0,0,0,1,0,0,0,0
1JKH2P1CP_14083-7095-14595-7607,0,0,0,0,1,0,0,0,0
1JKH2P1CP_11756-4622-12268-5134,0,0,0,0,0,1,0,0,0
1JKH2P1CP_12605-726-13117-1238,0,0,0,0,0,1,0,0,0
1JKH2P1CP_12708-6750-13220-7262,0,0,0,0,1,0,0,0,0
1JKH2P1CP_1264-2516-1776-3028,0,0,0,0,0,1,0,0,0
1JKH2P1CP_14199-746-14711-1258,0,0,0,0,0,1,0,0,0
1JKH2P1CP_13739-729-14251-1241,0,0,0,0,0,1,0,0,0
1JKH2P1CP_14491-757-15003-1269,0,0,0,0,0,1,0,0,0
1JKH2P1CP_14772-6970-15284-7482,0,0,0,0,1,0,0,0,0
1JKH2P1CP_14864-1742-15376-2254,0,0,0,0,0,1,0,0,0
1JKH2P1CP_16503-5822-17015-6334,0,0,0,0,1,0,0,0,0
1JKH2P1CP_16503-5310-17015-5822,0,0,0,0,1,0,0,0,0
1JKH2P1CP_16794-731-17306-1243,0,0,0,0,1,0,0,0,0
1JKH2P1CP_15049-4288-15561-4800,0,0,0,0,0,1,0,0,0
1JKH2P1CP_15003-757-15515-1269,0,0,0,0,0,1,0,0,0
1JKH2P1CP_16521-1494-17033-2006,0,0,0,0,0,1,0,0,0
1JKH2P1CP_17585-2612-18097-3124,0,0,0,0,0,1,0,0,0
1JKH2P1CP_17643-792-18155-1304,0,0,1,0,0,0,0,0,0
1JKH2P1CP_1762-1281-2274-1793,0,0,0,0,0,1,0,0,0
1JKH2P1CP_18375-1141-18887-1653,0,0,0,0,1,0,0,0,0
1JKH2P1CP_1694-2979-2206-3491,0,0,0,0,0,1,0,0,0
1JKH2P1CP_3744-2393-4256-2905,0,0,0,0,1,0,0,0,0
1JKH2P1CP_17817-1912-18329-2424,0,0,0,0,0,1,0,0,0
1JKH2P1CP_634-404-1146-916,0,0,0,0,0,1,0,0,0
1JKH2P1CP_503-2664-1015-3176,0,0,0,0,0,1,0,0,0
1L7F6F74T_2983-2931-3495-3443,0,0,1,0,0,0,0,0,0
1JKH2P1CP_9071-417-9583-929,0,0,0,0,0,1,0,0,0
1JKH2P1CP_696-1430-1208-1942,0,0,0,0,1,0,0,0,0
1L7F6F74T_3173-3201-3685-3713,0,0,1,0,0,0,0,0,0
1L7F6F74T_3254-1994-3766-2506,0,0,1,0,0,0,0,0,0
1L7F6F74T_3340-3438-3852-3950,0,0,1,0,0,0,0,0,0
1L7F6F74T_3306-1744-3818-2256,0,0,1,0,0,0,0,0,0
1L7F6F74T_2983-3443-3495-3955,0,0,1,0,0,0,0,0,0
1L7F6F74T_3340-2926-3852-3438,0,0,1,0,0,0,0,0,0
1L7F6F74T_3354-2375-3866-2887,0,0,1,0,0,0,0,0,0
1L7F6F74T_3613-1456-4125-1968,0,0,1,0,0,0,0,0,0
1L7F6F74T_3504-3251-4016-3763,0,0,1,0,0,0,0,0,0
1LEGEEUYW_5067-8766-5579-9278,0,0,0,0,0,0,1,0,0
1L7F6F74T_3649-3039-4161-3551,0,0,1,0,0,0,0,0,0
1L7F6F74T_3649-3551-4161-4063,0,0,1,0,0,0,0,0,0
1L7F6F74T_735-779-1247-1291,0,0,1,0,0,0,0,0,0
1LJQVM8TW_12175-664-12687-1176,0,0,0,0,0,0,0,0,1
1LJQVM8TW_7077-1322-7589-1834,0,1,0,0,0,0,0,0,0
1LJQVM8TW_12159-1050-12671-1562,0,0,0,0,0,0,0,0,1
1LJQVM8TW_4438-660-4950-1172,0,0,0,0,0,0,0,0,1
1LEGEEUYW_5579-8766-6091-9278,0,0,0,0,0,0,1,0,0
1LJQVM8TW_766-7277-1278-7789,0,0,0,0,0,0,0,0,1
1LJQVM8TW_8728-732-9240-1244,0,1,0,0,0,0,0,0,0
1LJQVM8TW_10559-8448-11071-8960,0,0,0,0,0,0,0,0,1
1LJQVM8TW_647-7551-1159-8063,0,0,0,0,0,0,0,0,1
1LEGEEUYW_5579-8254-6091-8766,0,0,0,0,0,0,1,0,0
1LJQVM8TW_7589-1322-8101-1834,0,1,0,0,0,0,0,0,0
1LNFVP1VD_3068-1305-3580-1817,0,0,0,0,0,0,1,0,0
1LNFVP1VD_4035-1714-4547-2226,0,0,0,0,0,0,1,0,0
1LNFVP1VD_2044-1305-2556-1817,0,0,0,0,0,0,1,0,0
1LNFVP1VD_3714-1512-4226-2024,0,0,0,0,0,0,1,0,0
1LNFVP1VD_3523-1714-4035-2226,0,0,0,0,0,0,1,0,0
1LNFVP1VD_4035-2226-4547-2738,0,0,0,0,0,0,1,0,0
1LNFVP1VD_2556-1305-3068-1817,0,0,0,0,0,0,1,0,0
1LNFVP1VD_4397-1936-4909-2448,0,0,0,0,0,0,1,0,0
1LNFVP1VD_4547-2226-5059-2738,0,0,0,0,0,0,1,0,0
1LVU94MUU_1372-5133-1884-5645,0,0,1,0,0,0,0,0,0
1LVU94MUU_1372-3597-1884-4109,0,0,1,0,0,0,0,0,0
1LNFVP1VD_5571-2226-6083-2738,0,0,0,0,0,0,1,0,0
1LVU94MUU_1884-3597-2396-4109,0,0,1,0,0,0,0,0,0
1LVU94MUU_1884-5133-2396-5645,0,0,1,0,0,0,0,0,0
1LNFVP1VD_4952-2136-5464-2648,0,0,0,0,0,0,1,0,0
1LVU94MUU_1903-2537-2415-3049,0,0,1,0,0,0,0,0,0
1LVU94MUU_1989-1654-2501-2166,0,0,1,0,0,0,0,0,0
1LVU94MUU_2396-3597-2908-4109,0,0,1,0,0,0,0,0,0
1LVU94MUU_2908-3597-3420-4109,0,0,1,0,0,0,0,0,0
1LVU94MUU_2396-4109-2908-4621,0,0,1,0,0,0,0,0,0
1LVU94MUU_2396-5133-2908-5645,0,0,1,0,0,0,0,0,0
1LVU94MUU_2908-4109-3420-4621,0,0,1,0,0,0,0,0,0
1LVU94MUU_2908-5645-3420-6157,0,0,1,0,0,0,0,0,0
1LVU94MUU_2908-3085-3420-3597,0,0,1,0,0,0,0,0,0
1LVU94MUU_2908-5133-3420-5645,0,0,1,0,0,0,0,0,0
1LVU94MUU_3420-5645-3932-6157,0,0,1,0,0,0,0,0,0
1LVU94MUU_3932-3597-4444-4109,0,0,1,0,0,0,0,0,0
1LVU94MUU_3932-3085-4444-3597,0,0,1,0,0,0,0,0,0
1LVU94MUU_3932-5133-4444-5645,0,0,1,0,0,0,0,0,0
1LVU94MUU_3420-3085-3932-3597,0,0,1,0,0,0,0,0,0
1LVU94MUU_3991-4340-4503-4852,0,0,1,0,0,0,0,0,0
1LVU94MUU_3420-4109-3932-4621,0,0,1,0,0,0,0,0,0
1LVU94MUU_3420-4621-3932-5133,0,0,1,0,0,0,0,0,0
1LVU94MUU_3932-4621-4444-5133,0,0,1,0,0,0,0,0,0
1LVU94MUU_3991-5876-4503-6388,0,0,1,0,0,0,0,0,0
1LVU94MUU_3991-6388-4503-6900,0,0,1,0,0,0,0,0,0
1LVU94MUU_4662-4058-5174-4570,0,0,1,0,0,0,0,0,0
1LVU94MUU_4503-8436-5015-8948,0,0,1,0,0,0,0,0,0
1LVU94MUU_4503-4852-5015-5364,0,0,1,0,0,0,0,0,0
1LVU94MUU_4503-7924-5015-8436,0,0,1,0,0,0,0,0,0
1LVU94MUU_3991-6900-4503-7412,0,0,1,0,0,0,0,0,0
1LVU94MUU_4662-3546-5174-4058,0,0,1,0,0,0,0,0,0
1LVU94MUU_4503-4340-5015-4852,0,0,1,0,0,0,0,0,0
1LVU94MUU_4698-8752-5210-9264,0,0,1,0,0,0,0,0,0
1LVU94MUU_4909-9397-5421-9909,0,0,1,0,0,0,0,0,0
1LVU94MUU_4698-9264-5210-9776,0,0,1,0,0,0,0,0,0
1LVU94MUU_4909-10421-5421-10933,0,0,1,0,0,0,0,0,0
1LVU94MUU_5015-4852-5527-5364,0,0,1,0,0,0,0,0,0
1LVU94MUU_4698-8240-5210-8752,0,0,1,0,0,0,0,0,0
1LVU94MUU_5015-4340-5527-4852,0,0,1,0,0,0,0,0,0
1LVU94MUU_4662-4570-5174-5082,0,0,1,0,0,0,0,0,0
1LVU94MUU_4909-9909-5421-10421,0,0,1,0,0,0,0,0,0
1LVU94MUU_5015-8436-5527-8948,0,0,1,0,0,0,0,0,0
1LVU94MUU_5210-8240-5722-8752,0,0,1,0,0,0,0,0,0
1LVU94MUU_5421-8885-5933-9397,0,0,1,0,0,0,0,0,0
1LVU94MUU_5421-10421-5933-10933,0,0,1,0,0,0,0,0,0
1LVU94MUU_5210-8752-5722-9264,0,0,1,0,0,0,0,0,0
1LVU94MUU_5210-9264-5722-9776,0,0,1,0,0,0,0,0,0
1LVU94MUU_5527-5364-6039-5876,0,0,1,0,0,0,0,0,0
1LVU94MUU_5527-8436-6039-8948,0,0,1,0,0,0,0,0,0
1LVU94MUU_5722-8240-6234-8752,0,0,1,0,0,0,0,0,0
1LVU94MUU_6039-5364-6551-5876,0,0,1,0,0,0,0,0,0
1LVU94MUU_5722-8752-6234-9264,0,0,1,0,0,0,0,0,0
1LVU94MUU_6039-5876-6551-6388,0,0,1,0,0,0,0,0,0
1LVU94MUU_6039-8436-6551-8948,0,0,1,0,0,0,0,0,0
1LVU94MUU_5933-9909-6445-10421,0,0,1,0,0,0,0,0,0
1LVU94MUU_6039-7924-6551-8436,0,0,1,0,0,0,0,0,0
1LVU94MUU_5933-8885-6445-9397,0,0,1,0,0,0,0,0,0
1LVU94MUU_5933-10421-6445-10933,0,0,1,0,0,0,0,0,0
1LVU94MUU_6234-8752-6746-9264,0,0,1,0,0,0,0,0,0
1LVU94MUU_6234-8240-6746-8752,0,0,1,0,0,0,0,0,0
1LVU94MUU_6234-9264-6746-9776,0,0,1,0,0,0,0,0,0
1LVU94MUU_6551-5364-7063-5876,0,0,1,0,0,0,0,0,0
1LVU94MUU_6445-9397-6957-9909,0,0,1,0,0,0,0,0,0
1LVU94MUU_6445-8885-6957-9397,0,0,1,0,0,0,0,0,0
1LVU94MUU_6445-9909-6957-10421,0,0,1,0,0,0,0,0,0
1LVU94MUU_6551-5876-7063-6388,0,0,1,0,0,0,0,0,0
1LVU94MUU_6551-7412-7063-7924,0,0,1,0,0,0,0,0,0
1LVU94MUU_6551-6900-7063-7412,0,0,1,0,0,0,0,0,0
1LVU94MUU_7063-5876-7575-6388,0,0,1,0,0,0,0,0,0
1LVU94MUU_6746-8240-7258-8752,0,0,1,0,0,0,0,0,0
1LVU94MUU_7063-6900-7575-7412,0,0,1,0,0,0,0,0,0
1LVU94MUU_6551-8436-7063-8948,0,0,1,0,0,0,0,0,0
1LVU94MUU_7063-7924-7575-8436,0,0,1,0,0,0,0,0,0
1LVU94MUU_7063-8436-7575-8948,0,0,1,0,0,0,0,0,0
1LVU94MUU_6746-8752-7258-9264,0,0,1,0,0,0,0,0,0
1LVU94MUU_7063-7412-7575-7924,0,0,1,0,0,0,0,0,0
1LVU94MUU_7575-5876-8087-6388,0,0,1,0,0,0,0,0,0
1LVU94MUU_7575-6388-8087-6900,0,0,1,0,0,0,0,0,0
1LVU94MUU_860-3597-1372-4109,0,0,1,0,0,0,0,0,0
1LVU94MUU_7575-7924-8087-8436,0,0,1,0,0,0,0,0,0
1LVU94MUU_7575-7412-8087-7924,0,0,1,0,0,0,0,0,0
1LVU94MUU_7575-6900-8087-7412,0,0,1,0,0,0,0,0,0
1LVU94MUU_860-4621-1372-5133,0,0,1,0,0,0,0,0,0
1LVU94MUU_860-4109-1372-4621,0,0,1,0,0,0,0,0,0
1LWQ2CKPV_1105-2969-1617-3481,0,0,1,0,0,0,0,0,0
1LWQ2CKPV_1105-3481-1617-3993,0,0,1,0,0,0,0,0,0
1LWQ2CKPV_1617-3481-2129-3993,0,0,1,0,0,0,0,0,0
1LWQ2CKPV_1164-1863-1676-2375,0,0,1,0,0,0,0,0,0
1LWQ2CKPV_1617-2457-2129-2969,0,0,1,0,0,0,0,0,0
1LWQ2CKPV_2129-1945-2641-2457,0,0,1,0,0,0,0,0,0
1LWQ2CKPV_2188-1351-2700-1863,0,0,1,0,0,0,0,0,0
1LWQ2CKPV_2641-1945-3153-2457,0,0,1,0,0,0,0,0,0
1LWQ2CKPV_2700-1351-3212-1863,0,0,1,0,0,0,0,0,0
1LWQ2CKPV_1676-1863-2188-2375,0,0,1,0,0,0,0,0,0
1LWQ2CKPV_3724-327-4236-839,0,0,1,0,0,0,0,0,0
1LWQ2CKPV_3212-1351-3724-1863,0,0,1,0,0,0,0,0,0
1LWQ2CKPV_6995-2481-7507-2993,0,0,1,0,0,0,0,0,0
1LWQ2CKPV_593-2969-1105-3481,0,0,1,0,0,0,0,0,0
1LWQ2CKPV_6995-2993-7507-3505,0,0,1,0,0,0,0,0,0
1LWQ2CKPV_7507-2993-8019-3505,0,0,1,0,0,0,0,0,0
1LWQ2CKPV_652-1863-1164-2375,0,0,1,0,0,0,0,0,0
1LWQ2CKPV_6995-1969-7507-2481,0,0,1,0,0,0,0,0,0
1LWQ2CKPV_8019-2993-8531-3505,0,0,1,0,0,0,0,0,0
1N8FPDDF2_4043-3348-4555-3860,0,0,0,0,0,0,0,0,1
1N8FPDDF2_4046-1217-4558-1729,0,0,0,0,0,0,0,0,1
1N8FPDDF2_3531-3348-4043-3860,0,0,0,0,0,0,0,0,1
1N8FPDDF2_1042-2359-1554-2871,0,0,0,0,0,0,0,0,1
1N33JANKP_2906-2852-3418-3364,0,0,1,0,0,0,0,0,0
1N8FPDDF2_4070-1786-4582-2298,0,0,0,0,0,0,0,0,1
1N8FPDDF2_4212-2672-4724-3184,0,0,0,0,0,0,0,0,1
1N8FPDDF2_4206-3163-4718-3675,0,0,0,0,0,0,0,0,1
1N8FPDDF2_4180-1534-4692-2046,0,0,0,0,0,0,0,0,1
1N8FPDDF2_4364-816-4876-1328,0,0,0,0,0,0,0,0,1
1N8FPDDF2_812-2210-1324-2722,0,0,0,0,0,0,0,0,1
1NPQ9WG74_707-6603-1219-7115,1,0,0,0,0,0,0,0,0
1N8FPDDF2_880-3283-1392-3795,0,0,0,0,0,0,0,0,1
1N8FPDDF2_911-2795-1423-3307,0,0,0,0,0,0,0,0,1
1NPQ9WG74_9205-7990-9717-8502,1,0,0,0,0,0,0,0,0
1NPQ9WG74_8086-8030-8598-8542,1,0,0,0,0,0,0,0,0
1QUHNTRP7_4712-4082-5224-4594,0,0,0,0,0,1,0,0,0
1QUHNTRP7_5841-4120-6353-4632,0,0,0,0,0,1,0,0,0
1RJML2ANE_1321-482-1833-994,0,0,1,0,0,0,0,0,0
1RJML2ANE_10148-2813-10660-3325,0,0,1,0,0,0,0,0,0
1RJML2ANE_1603-3587-2115-4099,0,0,1,0,0,0,0,0,0
1QUHNTRP7_4852-1183-5364-1695,0,0,0,0,0,1,0,0,0
1QUHNTRP7_14578-2339-15090-2851,0,0,0,0,0,1,0,0,0
1RJML2ANE_1833-482-2345-994,0,0,1,0,0,0,0,0,0
1RJML2ANE_2904-3708-3416-4220,0,0,1,0,0,0,0,0,0
1RJML2ANE_9614-3063-10126-3575,0,0,1,0,0,0,0,0,0
1RJML2ANE_2007-3781-2519-4293,0,0,1,0,0,0,0,0,0
1RJML2ANE_9125-3787-9637-4299,0,0,1,0,0,0,0,0,0
1RJML2ANE_9943-3051-10455-3563,0,0,1,0,0,0,0,0,0
1TB7MNWD8_2885-7293-3397-7805,0,0,0,1,0,0,0,0,0
1TB7MNWD8_1151-7513-1663-8025,0,0,0,1,0,0,0,0,0
1TB7MNWD8_1151-7001-1663-7513,0,0,0,1,0,0,0,0,0
1TB7MNWD8_2885-7805-3397-8317,0,0,0,1,0,0,0,0,0
1TB7MNWD8_5166-7241-5678-7753,0,0,0,1,0,0,0,0,0
1TB7MNWD8_7684-7168-8196-7680,0,0,0,1,0,0,0,0,0
1TB7MNWD8_4053-5308-4565-5820,0,0,0,1,0,0,0,0,0
1TB7MNWD8_4197-6461-4709-6973,0,0,0,1,0,0,0,0,0
1TB7MNWD8_7684-7680-8196-8192,0,0,0,1,0,0,0,0,0
1TB7MNWD8_5166-7753-5678-8265,0,0,0,1,0,0,0,0,0
1TB7MNWD8_7311-4668-7823-5180,0,0,0,1,0,0,0,0,0
1TB7MNWD8_7684-8192-8196-8704,0,0,0,1,0,0,0,0,0
1TB7MNWD8_7901-2236-8413-2748,0,0,0,1,0,0,0,0,0
1TB7MNWD8_8196-7680-8708-8192,0,0,0,1,0,0,0,0,0
1TB7MNWD8_8196-7168-8708-7680,0,0,0,1,0,0,0,0,0
1TB7MNWD8_8708-7168-9220-7680,0,0,0,1,0,0,0,0,0
1TB7MNWD8_8196-8192-8708-8704,0,0,0,1,0,0,0,0,0
1TB7MNWD8_8708-7680-9220-8192,0,0,0,1,0,0,0,0,0
1TB7MNWD8_8781-2972-9293-3484,0,0,0,1,0,0,0,0,0
1TB7MNWD8_8708-8192-9220-8704,0,0,0,1,0,0,0,0,0
1TB7MNWD8_8730-4619-9242-5131,0,0,0,1,0,0,0,0,0
1UFN4GXVZ_2513-5878-3025-6390,0,1,0,0,0,0,0,0,0
1U3JYW2A1_771-528-1283-1040,0,0,0,0,0,0,0,0,1
1UFN4GXVZ_1489-6902-2001-7414,0,1,0,0,0,0,0,0,0
1UFN4GXVZ_1489-6390-2001-6902,0,1,0,0,0,0,0,0,0
1UFN4GXVZ_2001-6902-2513-7414,0,1,0,0,0,0,0,0,0
1UFN4GXVZ_2001-5878-2513-6390,0,1,0,0,0,0,0,0,0
1UFN4GXVZ_2513-6902-3025-7414,0,1,0,0,0,0,0,0,0
1UFN4GXVZ_3025-5878-3537-6390,0,1,0,0,0,0,0,0,0
1UFN4GXVZ_4208-2720-4720-3232,0,1,0,0,0,0,0,0,0
1UFN4GXVZ_3025-6902-3537-7414,0,1,0,0,0,0,0,0,0
1UFN4GXVZ_3025-6390-3537-6902,0,1,0,0,0,0,0,0,0
1UFN4GXVZ_3696-2720-4208-3232,0,1,0,0,0,0,0,0,0
1UFN4GXVZ_4064-2159-4576-2671,0,1,0,0,0,0,0,0,0
1UFN4GXVZ_3885-1716-4397-2228,0,1,0,0,0,0,0,0,0
1UFN4GXVZ_4397-1204-4909-1716,0,1,0,0,0,0,0,0,0
1UFN4GXVZ_4397-1716-4909-2228,0,1,0,0,0,0,0,0,0
1UFN4GXVZ_4576-2671-5088-3183,0,1,0,0,0,0,0,0,0
1UFN4GXVZ_4909-1204-5421-1716,0,1,0,0,0,0,0,0,0
1UFN4GXVZ_5421-1204-5933-1716,0,1,0,0,0,0,0,0,0
1UFN4GXVZ_4576-2159-5088-2671,0,1,0,0,0,0,0,0,0
1UFN4GXVZ_4397-692-4909-1204,0,1,0,0,0,0,0,0,0
1UFN4GXVZ_5469-2347-5981-2859,0,1,0,0,0,0,0,0,0
1UFN4GXVZ_4909-692-5421-1204,0,1,0,0,0,0,0,0,0
1UFN4GXVZ_5421-1716-5933-2228,0,1,0,0,0,0,0,0,0
1UFN4GXVZ_5421-692-5933-1204,0,1,0,0,0,0,0,0,0
1UFN4GXVZ_5881-1185-6393-1697,0,1,0,0,0,0,0,0,0
1UFN4GXVZ_5981-1835-6493-2347,0,1,0,0,0,0,0,0,0
1UFN4GXVZ_977-6390-1489-6902,0,1,0,0,0,0,0,0,0
1UFN4GXVZ_5981-2347-6493-2859,0,1,0,0,0,0,0,0,0
1UFN4GXVZ_6393-1697-6905-2209,0,1,0,0,0,0,0,0,0
1UFN4GXVZ_6393-1185-6905-1697,0,1,0,0,0,0,0,0,0
1UFN4GXVZ_6493-2347-7005-2859,0,1,0,0,0,0,0,0,0
1UIY6Y2VL_1004-6109-1516-6621,0,1,0,0,0,0,0,0,0
1UIY6Y2VL_1516-5085-2028-5597,0,1,0,0,0,0,0,0,0
1UIY6Y2VL_1101-8610-1613-9122,0,1,0,0,0,0,0,0,0
1UIY6Y2VL_1357-4468-1869-4980,0,1,0,0,0,0,0,0,0
1UFN4GXVZ_977-6902-1489-7414,0,1,0,0,0,0,0,0,0
1UIY6Y2VL_1101-9122-1613-9634,0,1,0,0,0,0,0,0,0
1UIY6Y2VL_1357-3956-1869-4468,0,1,0,0,0,0,0,0,0
1UIY6Y2VL_1516-5597-2028-6109,0,1,0,0,0,0,0,0,0
1UIY6Y2VL_1004-5597-1516-6109,0,1,0,0,0,0,0,0,0
1UIY6Y2VL_1516-6109-2028-6621,0,1,0,0,0,0,0,0,0
1UIY6Y2VL_1613-9122-2125-9634,0,1,0,0,0,0,0,0,0
1UIY6Y2VL_1613-8610-2125-9122,0,1,0,0,0,0,0,0,0
1UIY6Y2VL_1869-4468-2381-4980,0,1,0,0,0,0,0,0,0
1UIY6Y2VL_2125-8098-2637-8610,0,1,0,0,0,0,0,0,0
1UIY6Y2VL_1869-3956-2381-4468,0,1,0,0,0,0,0,0,0
1UIY6Y2VL_2028-5597-2540-6109,0,1,0,0,0,0,0,0,0
1UIY6Y2VL_2028-5085-2540-5597,0,1,0,0,0,0,0,0,0
1UIY6Y2VL_2125-8610-2637-9122,0,1,0,0,0,0,0,0,0
1UIY6Y2VL_2381-4468-2893-4980,0,1,0,0,0,0,0,0,0
1UIY6Y2VL_2125-9122-2637-9634,0,1,0,0,0,0,0,0,0
1UIY6Y2VL_2637-8098-3149-8610,0,1,0,0,0,0,0,0,0
1UIY6Y2VL_2637-8610-3149-9122,0,1,0,0,0,0,0,0,0
1UIY6Y2VL_2540-5085-3052-5597,0,1,0,0,0,0,0,0,0
1UIY6Y2VL_2540-5597-3052-6109,0,1,0,0,0,0,0,0,0
1UIY6Y2VL_2381-3956-2893-4468,0,1,0,0,0,0,0,0,0
1UIY6Y2VL_2637-9122-3149-9634,0,1,0,0,0,0,0,0,0
1UIY6Y2VL_2893-3956-3405-4468,0,1,0,0,0,0,0,0,0
1UIY6Y2VL_3052-5085-3564-5597,0,1,0,0,0,0,0,0,0
1UIY6Y2VL_3149-8098-3661-8610,0,1,0,0,0,0,0,0,0
1UIY6Y2VL_2893-4468-3405-4980,0,1,0,0,0,0,0,0,0
1UIY6Y2VL_4765-1020-5277-1532,0,1,0,0,0,0,0,0,0
1UIY6Y2VL_4253-508-4765-1020,0,1,0,0,0,0,0,0,0
1UIY6Y2VL_3564-5085-4076-5597,0,1,0,0,0,0,0,0,0
1UIY6Y2VL_3405-3956-3917-4468,0,1,0,0,0,0,0,0,0
1UIY6Y2VL_3405-4468-3917-4980,0,1,0,0,0,0,0,0,0
1UIY6Y2VL_4253-1020-4765-1532,0,1,0,0,0,0,0,0,0
1UIY6Y2VL_5789-1020-6301-1532,0,1,0,0,0,0,0,0,0
1UIY6Y2VL_5789-508-6301-1020,0,1,0,0,0,0,0,0,0
1W1EW6DYT_1053-6952-1565-7464,0,0,0,0,1,0,0,0,0
1W1EW6DYT_1021-5998-1533-6510,0,0,0,0,1,0,0,0,0
1UIY6Y2VL_5277-1020-5789-1532,0,1,0,0,0,0,0,0,0
1W1EW6DYT_10094-2790-10606-3302,0,0,0,1,0,0,0,0,0
1W1EW6DYT_1407-3618-1919-4130,0,0,0,0,1,0,0,0,0
1VNCRK131_3177-4191-3689-4703,0,0,0,0,0,0,0,0,1
1W1EW6DYT_1960-3413-2472-3925,0,0,0,0,1,0,0,0,0
1W1EW6DYT_2263-3211-2775-3723,0,0,0,0,1,0,0,0,0
1W1EW6DYT_2546-2306-3058-2818,0,0,0,0,1,0,0,0,0
1W1EW6DYT_2501-2755-3013-3267,0,0,0,0,1,0,0,0,0
1W1EW6DYT_2595-1608-3107-2120,0,0,0,0,1,0,0,0,0
1W1EW6DYT_3286-7284-3798-7796,0,0,0,0,1,0,0,0,0
1W1EW6DYT_2922-937-3434-1449,0,0,0,0,1,0,0,0,0
1W1EW6DYT_2906-600-3418-1112,0,0,0,0,1,0,0,0,0
1W1EW6DYT_2945-1391-3457-1903,0,0,0,0,1,0,0,0,0
1W1EW6DYT_3879-2314-4391-2826,0,0,0,1,0,0,0,0,0
1W1EW6DYT_6296-5378-6808-5890,0,0,0,0,1,0,0,0,0
1W1EW6DYT_4391-2314-4903-2826,0,0,0,1,0,0,0,0,0
1W1EW6DYT_7357-1389-7869-1901,0,0,0,0,1,0,0,0,0
1W1EW6DYT_5604-6045-6116-6557,0,0,0,0,1,0,0,0,0
1W1EW6DYT_7028-5514-7540-6026,0,0,0,0,1,0,0,0,0
1W1EW6DYT_6884-5278-7396-5790,0,0,0,0,1,0,0,0,0
1W1EW6DYT_4903-2314-5415-2826,0,0,0,1,0,0,0,0,0
1W1EW6DYT_7403-790-7915-1302,0,0,0,0,1,0,0,0,0
1W1EW6DYT_7997-2128-8509-2640,0,0,0,0,1,0,0,0,0
1W1EW6DYT_882-4563-1394-5075,0,0,0,0,1,0,0,0,0
1W1EW6DYT_888-4083-1400-4595,0,0,0,0,1,0,0,0,0
1W1EW6DYT_8269-2615-8781-3127,0,0,0,0,1,0,0,0,0
1W1EW6DYT_928-5274-1440-5786,0,0,0,0,1,0,0,0,0
1W1EW6DYT_935-5755-1447-6267,0,0,0,0,1,0,0,0,0
1W1EW6DYT_9952-4801-10464-5313,0,0,0,0,1,0,0,0,0
1W1EW6DYT_989-6346-1501-6858,0,0,0,0,1,0,0,0,0
1W1EW6DYT_9943-5742-10455-6254,0,0,0,0,1,0,0,0,0
1W1EW6DYT_9964-3847-10476-4359,0,0,0,0,1,0,0,0,0
1WVAJX46B_2064-722-2576-1234,0,0,0,0,0,0,0,0,1
1WVAJX46B_2502-8396-3014-8908,0,0,0,0,0,0,0,0,1
1WVAJX46B_2626-1199-3138-1711,0,0,0,0,0,0,0,0,1
1WVAJX46B_1756-594-2268-1106,0,0,0,0,0,0,0,0,1
1WVAJX46B_2709-2540-3221-3052,0,0,0,0,0,0,0,0,1
1WVAJX46B_2576-722-3088-1234,0,0,0,0,0,0,0,0,1
1WVAJX46B_2709-2028-3221-2540,0,0,0,0,0,0,0,0,1
1WVAJX46B_2709-3052-3221-3564,0,0,0,0,0,0,0,0,1
1WVAJX46B_2773-1001-3285-1513,0,0,0,0,0,0,0,0,1
1WVAJX46B_2998-2389-3510-2901,0,0,0,0,0,0,0,0,1
1WVAJX46B_2773-1513-3285-2025,0,0,0,0,0,0,0,0,1
1WVAJX46B_2998-853-3510-1365,0,0,0,0,0,0,0,0,1
1WVAJX46B_2998-2901-3510-3413,0,0,0,0,0,0,0,0,1
1WVAJX46B_3269-2410-3781-2922,0,0,0,0,0,0,0,0,1
1WVAJX46B_3161-1379-3673-1891,0,0,0,0,0,0,0,0,1
1WVAJX46B_3161-1891-3673-2403,0,0,0,0,0,0,0,0,1
1WVAJX46B_3269-2922-3781-3434,0,0,0,0,0,0,0,0,1
1WVAJX46B_3269-874-3781-1386,0,0,0,0,0,0,0,0,1
1XDY2BETI_302-2093-814-2605,1,0,0,0,0,0,0,0,0
1XDY2BETI_185-3456-697-3968,1,0,0,0,0,0,0,0,0
1XDY2BETI_259-1479-771-1991,1,0,0,0,0,0,0,0,0
1WVAJX46B_4226-837-4738-1349,0,0,0,0,0,0,0,0,1
1XDY2BETI_342-1161-854-1673,1,0,0,0,0,0,0,0,0
1XDY2BETI_779-3841-1291-4353,1,0,0,0,0,0,0,0,0
1XDY2BETI_449-3490-961-4002,1,0,0,0,0,0,0,0,0
1XDY2BETI_739-1454-1251-1966,1,0,0,0,0,0,0,0,0
1YQ3YXDEX_3196-3103-3708-3615,0,0,1,0,0,0,0,0,0
1XDY2BETI_852-3168-1364-3680,1,0,0,0,0,0,0,0,0
1YXAMN213_2126-3009-2638-3521,0,0,0,0,0,0,1,0,0
1YXAMN213_1487-3014-1999-3526,0,0,0,0,0,0,1,0,0
1XT4647MG_1098-623-1610-1135,0,0,0,1,0,0,0,0,0
1YXAMN213_2126-3521-2638-4033,0,0,0,0,0,0,1,0,0
1YXAMN213_2996-362-3508-874,0,0,0,0,0,0,1,0,0
1YXAMN213_2996-874-3508-1386,0,0,0,0,0,0,1,0,0
1YXAMN213_3316-1080-3828-1592,0,0,0,0,0,0,1,0,0
1YXAMN213_3828-1080-4340-1592,0,0,0,0,0,0,1,0,0
1ZZZYF4DX_2851-6239-3363-6751,0,1,0,0,0,0,0,0,0
1YXAMN213_3828-568-4340-1080,0,0,0,0,0,0,1,0,0
1ZZZYF4DX_2105-4674-2617-5186,0,1,0,0,0,0,0,0,0
1ZZZYF4DX_2105-5186-2617-5698,0,1,0,0,0,0,0,0,0
1YXAMN213_4340-568-4852-1080,0,0,0,0,0,0,1,0,0
1ZZZYF4DX_4021-4871-4533-5383,0,1,0,0,0,0,0,0,0
21EGRP2XC_10010-9629-10522-10141,1,0,0,0,0,0,0,0,0
1ZZZYF4DX_2851-6751-3363-7263,0,1,0,0,0,0,0,0,0
21EGRP2XC_10684-9586-11196-10098,1,0,0,0,0,0,0,0,0
21EGRP2XC_1082-10158-1594-10670,1,0,0,0,0,0,0,0,0
21EGRP2XC_10580-8496-11092-9008,1,0,0,0,0,0,0,0,0
21EGRP2XC_1082-10670-1594-11182,1,0,0,0,0,0,0,0,0
21EGRP2XC_1082-9646-1594-10158,1,0,0,0,0,0,0,0,0
21EGRP2XC_1091-8408-1603-8920,1,0,0,0,0,0,0,0,0
21EGRP2XC_11092-8496-11604-9008,1,0,0,0,0,0,0,0,0
21EGRP2XC_1379-7681-1891-8193,1,0,0,0,0,0,0,0,0
21EGRP2XC_1395-7964-1907-8476,1,0,0,0,0,0,0,0,0
21EGRP2XC_1594-10158-2106-10670,1,0,0,0,0,0,0,0,0
21EGRP2XC_1424-11277-1936-11789,1,0,0,0,0,0,0,0,0
21EGRP2XC_1395-9847-1907-10359,1,0,0,0,0,0,0,0,0
21EGRP2XC_1395-9335-1907-9847,1,0,0,0,0,0,0,0,0
21EGRP2XC_1472-8385-1984-8897,1,0,0,0,0,0,0,0,0
21EGRP2XC_1594-10670-2106-11182,1,0,0,0,0,0,0,0,0
21EGRP2XC_1594-9646-2106-10158,1,0,0,0,0,0,0,0,0
21EGRP2XC_1718-11130-2230-11642,1,0,0,0,0,0,0,0,0
21EGRP2XC_1718-11642-2230-12154,1,0,0,0,0,0,0,0,0
21EGRP2XC_2230-11642-2742-12154,1,0,0,0,0,0,0,0,0
21EGRP2XC_2106-10670-2618-11182,1,0,0,0,0,0,0,0,0
21EGRP2XC_2106-10158-2618-10670,1,0,0,0,0,0,0,0,0
21EGRP2XC_2106-9646-2618-10158,1,0,0,0,0,0,0,0,0
21EGRP2XC_2742-10618-3254-11130,1,0,0,0,0,0,0,0,0
21EGRP2XC_2742-11130-3254-11642,1,0,0,0,0,0,0,0,0
21EGRP2XC_3254-10618-3766-11130,1,0,0,0,0,0,0,0,0
21EGRP2XC_3254-11130-3766-11642,1,0,0,0,0,0,0,0,0
21EGRP2XC_3783-1220-4295-1732,1,0,0,0,0,0,0,0,0
21EGRP2XC_6699-10173-7211-10685,1,0,0,0,0,0,0,0,0
21EGRP2XC_4295-1220-4807-1732,1,0,0,0,0,0,0,0,0
21EGRP2XC_6699-10685-7211-11197,1,0,0,0,0,0,0,0,0
21EGRP2XC_7211-10685-7723-11197,1,0,0,0,0,0,0,0,0
21EGRP2XC_7211-10173-7723-10685,1,0,0,0,0,0,0,0,0
21EGRP2XC_8005-7651-8517-8163,1,0,0,0,0,0,0,0,0
21EGRP2XC_8517-8163-9029-8675,1,0,0,0,0,0,0,0,0
21EGRP2XC_8517-7651-9029-8163,1,0,0,0,0,0,0,0,0
21EGRP2XC_8005-8163-8517-8675,1,0,0,0,0,0,0,0,0
21EGRP2XC_883-9847-1395-10359,1,0,0,0,0,0,0,0,0
21EGRP2XC_8826-9740-9338-10252,1,0,0,0,0,0,0,0,0
21EGRP2XC_883-9335-1395-9847,1,0,0,0,0,0,0,0,0
21EGRP2XC_8826-10252-9338-10764,1,0,0,0,0,0,0,0,0
21EGRP2XC_9029-8163-9541-8675,1,0,0,0,0,0,0,0,0
21EGRP2XC_9029-7651-9541-8163,1,0,0,0,0,0,0,0,0
21EGRP2XC_912-11012-1424-11524,1,0,0,0,0,0,0,0,0
21EGRP2XC_9338-10252-9850-10764,1,0,0,0,0,0,0,0,0
21R746X6T_3874-1271-4386-1783,0,0,0,1,0,0,0,0,0
21EGRP2XC_9850-10252-10362-10764,1,0,0,0,0,0,0,0,0
21EGRP2XC_9338-9740-9850-10252,1,0,0,0,0,0,0,0,0
21EGRP2XC_946-7221-1458-7733,1,0,0,0,0,0,0,0,0
21R746X6T_3723-2866-4235-3378,0,0,0,1,0,0,0,0,0
23G4HGZHX_3979-3547-4491-4059,0,1,0,0,0,0,0,0,0
23G4HGZHX_4085-5567-4597-6079,0,1,0,0,0,0,0,0,0
23G4HGZHX_3983-5347-4495-5859,0,1,0,0,0,0,0,0,0
23G4HGZHX_4328-4874-4840-5386,0,1,0,0,0,0,0,0,0
23G4HGZHX_6230-1169-6742-1681,0,1,0,0,0,0,0,0,0
23G4HGZHX_6237-2135-6749-2647,0,1,0,0,0,0,0,0,0
23G4HGZHX_4328-5386-4840-5898,0,1,0,0,0,0,0,0,0
23G4HGZHX_7338-914-7850-1426,0,1,0,0,0,0,0,0,0
23G4HGZHX_7237-1388-7749-1900,0,1,0,0,0,0,0,0,0
23G4HGZHX_6207-1492-6719-2004,0,1,0,0,0,0,0,0,0
23G4HGZHX_7583-7365-8095-7877,0,1,0,0,0,0,0,0,0
23G4HGZHX_7609-7772-8121-8284,0,1,0,0,0,0,0,0,0
23G4HGZHX_8121-7828-8633-8340,0,1,0,0,0,0,0,0,0
23G4HGZHX_7699-627-8211-1139,0,1,0,0,0,0,0,0,0
23G4HGZHX_7622-920-8134-1432,0,1,0,0,0,0,0,0,0
23G4HGZHX_7631-6898-8143-7410,0,1,0,0,0,0,0,0,0
23G4HGZHX_7734-1201-8246-1713,0,1,0,0,0,0,0,0,0
23G4HGZHX_7909-956-8421-1468,0,1,0,0,0,0,0,0,0
23G4HGZHX_8122-6964-8634-7476,0,1,0,0,0,0,0,0,0
23G4HGZHX_8122-7476-8634-7988,0,1,0,0,0,0,0,0,0
23G4HGZHX_8192-8740-8704-9252,0,1,0,0,0,0,0,0,0
23G4HGZHX_8758-1201-9270-1713,0,1,0,0,0,0,0,0,0
23G4HGZHX_8192-9252-8704-9764,0,1,0,0,0,0,0,0,0
23G4HGZHX_8596-598-9108-1110,0,1,0,0,0,0,0,0,0
23G4HGZHX_9109-892-9621-1404,0,1,0,0,0,0,0,0,0
23G4HGZHX_8246-1201-8758-1713,0,1,0,0,0,0,0,0,0
23GMICT68_10103-4336-10615-4848,0,1,0,0,0,0,1,0,0
23G4HGZHX_8197-933-8709-1445,0,1,0,0,0,0,0,0,0
23GMICT68_10162-4792-10674-5304,0,1,0,0,0,0,1,0,0
23GMICT68_10162-5304-10674-5816,0,0,0,0,0,0,1,0,0
23GMICT68_10358-1026-10870-1538,0,1,0,0,0,0,0,0,0
23GMICT68_10632-1762-11144-2274,0,1,0,0,0,0,0,0,0
23GMICT68_10358-514-10870-1026,0,1,0,0,0,0,0,0,0
23GMICT68_10674-3768-11186-4280,0,0,0,0,0,0,1,0,0
23GMICT68_10358-1538-10870-2050,0,1,0,0,0,0,0,0,0
23GMICT68_10674-4280-11186-4792,0,0,0,0,0,0,1,0,0
23GMICT68_1706-1978-2218-2490,0,1,0,0,0,0,0,0,0
23GMICT68_3082-2544-3594-3056,0,1,0,0,0,0,0,0,0
23GMICT68_2812-2981-3324-3493,0,1,0,0,0,0,0,0,0
23GMICT68_3540-2947-4052-3459,0,1,0,0,0,0,0,0,0
23GMICT68_3082-3056-3594-3568,0,1,0,0,0,0,0,0,0
23GMICT68_3984-611-4496-1123,0,1,0,0,0,0,0,0,0
23GMICT68_3594-2544-4106-3056,0,1,0,0,0,0,0,0,0
23GMICT68_3540-3971-4052-4483,0,0,0,0,0,0,1,0,0
23GMICT68_4052-1923-4564-2435,0,1,0,0,0,0,0,0,0
23GMICT68_4052-2947-4564-3459,0,1,0,0,0,0,1,0,0
23GMICT68_4052-3459-4564-3971,0,1,0,0,0,0,1,0,0
23GMICT68_4210-4332-4722-4844,0,1,0,0,0,0,0,0,0
23GMICT68_4052-3971-4564-4483,0,0,0,0,0,0,1,0,0
23GMICT68_4298-1725-4810-2237,0,1,0,0,0,0,1,0,0
23GMICT68_4564-1923-5076-2435,0,1,0,0,0,0,1,0,0
23GMICT68_4106-2544-4618-3056,0,1,0,0,0,0,1,0,0
23GMICT68_4564-2435-5076-2947,0,1,0,0,0,0,1,0,0
23GMICT68_4564-2947-5076-3459,0,1,0,0,0,0,1,0,0
23GMICT68_4729-2767-5241-3279,0,1,0,0,0,0,0,0,0
23GMICT68_4641-1448-5153-1960,0,1,0,0,0,0,1,0,0
23GMICT68_4564-3459-5076-3971,0,1,0,0,0,0,1,0,0
23GMICT68_5076-1411-5588-1923,0,1,0,0,0,0,1,0,0
23GMICT68_5588-387-6100-899,0,0,0,0,0,0,1,0,0
23GMICT68_4981-1159-5493-1671,0,1,0,0,0,0,1,0,0
23GMICT68_5218-879-5730-1391,0,1,0,0,0,0,1,0,0
23GMICT68_5391-1480-5903-1992,0,1,0,0,0,0,1,0,0
23GMICT68_5080-1768-5592-2280,0,1,0,0,0,0,1,0,0
23GMICT68_5588-899-6100-1411,0,1,0,0,0,0,1,0,0
23GMICT68_5702-1196-6214-1708,0,1,0,0,0,0,1,0,0
23GMICT68_6041-4994-6553-5506,0,1,0,0,0,0,0,0,0
23GMICT68_6515-3383-7027-3895,0,1,0,0,0,0,0,0,0
23GMICT68_6041-3970-6553-4482,0,1,0,0,0,0,0,0,0
23GMICT68_5858-884-6370-1396,0,1,0,0,0,0,1,0,0
23GMICT68_6041-4482-6553-4994,0,1,0,0,0,0,0,0,0
23GMICT68_6553-3970-7065-4482,0,1,0,0,0,0,0,0,0
23GMICT68_6003-3383-6515-3895,0,1,0,0,0,0,0,0,0
23GMICT68_6831-4737-7343-5249,0,1,0,0,0,0,1,0,0
23GMICT68_6553-4994-7065-5506,0,1,0,0,0,0,0,0,0
23GMICT68_7046-1528-7558-2040,0,1,0,0,0,0,0,0,0
23GMICT68_6553-4482-7065-4994,0,1,0,0,0,0,0,0,0
23GMICT68_6831-3713-7343-4225,0,1,0,0,0,0,1,0,0
23GMICT68_7046-1016-7558-1528,0,1,0,0,0,0,0,0,0
23GMICT68_6831-3201-7343-3713,0,1,0,0,0,0,1,0,0
23GMICT68_6831-4225-7343-4737,0,1,0,0,0,0,1,0,0
23GMICT68_7046-2040-7558-2552,0,1,0,0,0,0,0,0,0
23GMICT68_7339-4444-7851-4956,0,1,0,0,0,0,0,0,0
23GMICT68_7343-3201-7855-3713,0,1,0,0,0,0,0,0,0
23GMICT68_7851-3932-8363-4444,0,1,0,0,0,0,0,0,0
23GMICT68_7343-4737-7855-5249,0,1,0,0,0,0,1,0,0
23GMICT68_7558-1528-8070-2040,0,1,0,0,0,0,0,0,0
23GMICT68_7722-1050-8234-1562,0,1,0,0,0,0,0,0,0
23GMICT68_7558-2040-8070-2552,0,1,0,0,0,0,0,0,0
23GMICT68_7607-2977-8119-3489,0,1,0,0,0,0,0,0,0
23GMICT68_7851-4444-8363-4956,0,1,0,0,0,0,0,0,0
23GMICT68_8234-2719-8746-3231,0,1,0,0,0,0,0,0,0
23GMICT68_8234-1050-8746-1562,0,1,0,0,0,0,0,0,0
23GMICT68_7851-4956-8363-5468,0,1,0,0,0,0,0,0,0
23GMICT68_8626-4792-9138-5304,0,1,0,0,0,0,1,0,0
23GMICT68_8119-2977-8631-3489,0,1,0,0,0,0,0,0,0
23GMICT68_7962-2311-8474-2823,0,1,0,0,0,0,0,0,0
23GMICT68_8119-3489-8631-4001,0,1,0,0,0,0,0,0,0
23GMICT68_8234-1562-8746-2074,0,1,0,0,0,0,0,0,0
23GMICT68_8626-3256-9138-3768,0,1,0,0,0,0,1,0,0
23GMICT68_8626-5304-9138-5816,0,0,0,0,0,0,1,0,0
23GMICT68_8626-5816-9138-6328,0,0,0,0,0,0,1,0,0
23GMICT68_9004-2321-9516-2833,0,1,0,0,0,0,0,0,0
23GMICT68_8772-3828-9284-4340,0,1,0,0,0,0,1,0,0
23GMICT68_8772-4340-9284-4852,0,1,0,0,0,0,1,0,0
23GMICT68_8871-6841-9383-7353,0,1,0,0,0,0,0,0,0
23GMICT68_9004-2833-9516-3345,0,1,0,0,0,0,0,0,0
23GMICT68_9090-5372-9602-5884,0,1,0,0,0,0,1,0,0
23GMICT68_9138-3256-9650-3768,0,1,0,0,0,0,0,0,0
23GMICT68_9138-6328-9650-6840,0,1,0,0,0,0,1,0,0
23GMICT68_9138-4280-9650-4792,0,1,0,0,0,0,0,0,0
23GMICT68_9516-2833-10028-3345,0,1,0,0,0,0,0,0,0
23GMICT68_9383-6841-9895-7353,0,1,0,0,0,0,0,0,0
23GMICT68_9224-4704-9736-5216,0,1,0,0,0,0,0,0,0
23GMICT68_9516-3345-10028-3857,0,1,0,0,0,0,0,0,0
23GMICT68_9138-3768-9650-4280,0,1,0,0,0,0,0,0,0
23GMICT68_9138-5816-9650-6328,0,1,0,0,0,0,1,0,0
23GMICT68_9516-2321-10028-2833,0,1,0,0,0,0,0,0,0
23GMICT68_9650-4792-10162-5304,0,1,0,0,0,0,0,0,0
23RZNXAXM_7264-2150-7776-2662,0,0,0,1,0,0,0,0,0
23GMICT68_9650-6328-10162-6840,0,1,0,0,0,0,0,0,0
23GMICT68_9846-1026-10358-1538,0,1,0,0,0,0,0,0,0
23GMICT68_9650-5816-10162-6328,0,0,0,0,0,0,1,0,0
23RZNXAXM_7264-1638-7776-2150,0,0,0,1,0,0,0,0,0
23GMICT68_9846-1538-10358-2050,0,1,0,0,0,0,0,0,0
23GMICT68_9650-5304-10162-5816,0,0,0,0,0,0,1,0,0
23GMICT68_9846-514-10358-1026,0,1,0,0,0,0,0,0,0
23RZNXAXM_8674-657-9186-1169,0,0,0,1,0,0,0,0,0
23RZNXAXM_7776-1638-8288-2150,0,0,0,1,0,0,0,0,0
23RZNXAXM_9255-1448-9767-1960,0,0,0,1,0,0,0,0,0
23RZNXAXM_8162-1169-8674-1681,0,0,0,1,0,0,0,0,0
23RZNXAXM_8162-657-8674-1169,0,0,0,1,0,0,0,0,0
23RZNXAXM_7776-2150-8288-2662,0,0,0,1,0,0,0,0,0
23RZNXAXM_8674-1169-9186-1681,0,0,0,1,0,0,0,0,0
23WPCFZKF_1059-5508-1571-6020,1,0,0,0,0,0,0,0,0
23WPCFZKF_1059-6020-1571-6532,1,0,0,0,0,0,0,0,0
23WPCFZKF_1065-7357-1577-7869,1,0,0,0,0,0,0,0,0
23WPCFZKF_1065-7869-1577-8381,1,0,0,0,0,0,0,0,0
23WPCFZKF_1445-2577-1957-3089,1,0,0,0,0,0,0,0,0
23WPCFZKF_1293-5044-1805-5556,1,0,0,0,0,0,0,0,0
23WPCFZKF_1445-3601-1957-4113,1,0,0,0,0,0,0,0,0
23WPCFZKF_1445-2065-1957-2577,1,0,0,0,0,0,0,0,0
23WPCFZKF_1445-4113-1957-4625,1,0,0,0,0,0,0,0,0
23WPCFZKF_1445-3089-1957-3601,1,0,0,0,0,0,0,0,0
23WPCFZKF_1445-529-1957-1041,1,0,0,0,0,0,0,0,0
23WPCFZKF_1577-6845-2089-7357,1,0,0,0,0,0,0,0,0
23WPCFZKF_1577-7869-2089-8381,1,0,0,0,0,0,0,0,0
23WPCFZKF_1445-5649-1957-6161,1,0,0,0,0,0,0,0,0
23WPCFZKF_1445-8209-1957-8721,1,0,0,0,0,0,0,0,0
23WPCFZKF_1571-6020-2083-6532,1,0,0,0,0,0,0,0,0
23WPCFZKF_1577-7357-2089-7869,1,0,0,0,0,0,0,0,0
23WPCFZKF_1571-6532-2083-7044,1,0,0,0,0,0,0,0,0
23WPCFZKF_1665-4660-2177-5172,1,0,0,0,0,0,0,0,0
23WPCFZKF_1665-5172-2177-5684,1,0,0,0,0,0,0,0,0
23WPCFZKF_1957-2065-2469-2577,1,0,0,0,0,0,0,0,0
23WPCFZKF_1957-4113-2469-4625,1,0,0,0,0,0,0,0,0
23WPCFZKF_1957-3089-2469-3601,1,0,0,0,0,0,0,0,0
23WPCFZKF_1957-2577-2469-3089,1,0,0,0,0,0,0,0,0
23WPCFZKF_1957-4625-2469-5137,1,0,0,0,0,0,0,0,0
23WPCFZKF_1957-5137-2469-5649,1,0,0,0,0,0,0,0,0
23WPCFZKF_1957-529-2469-1041,1,0,0,0,0,0,0,0,0
23WPCFZKF_1957-3601-2469-4113,1,0,0,0,0,0,0,0,0
23WPCFZKF_1957-7185-2469-7697,1,0,0,0,0,0,0,0,0
23WPCFZKF_1957-6161-2469-6673,1,0,0,0,0,0,0,0,0
23WPCFZKF_1957-8209-2469-8721,1,0,0,0,0,0,0,0,0
23WPCFZKF_2469-3601-2981-4113,1,0,0,0,0,0,0,0,0
23WPCFZKF_2089-7869-2601-8381,1,0,0,0,0,0,0,0,0
23WPCFZKF_2469-3089-2981-3601,1,0,0,0,0,0,0,0,0
23WPCFZKF_2469-2577-2981-3089,1,0,0,0,0,0,0,0,0
23WPCFZKF_2469-2065-2981-2577,1,0,0,0,0,0,0,0,0
23WPCFZKF_2301-6555-2813-7067,1,0,0,0,0,0,0,0,0
23WPCFZKF_2469-4113-2981-4625,1,0,0,0,0,0,0,0,0
23WPCFZKF_2469-529-2981-1041,1,0,0,0,0,0,0,0,0
23WPCFZKF_2586-7669-3098-8181,1,0,0,0,0,0,0,0,0
23WPCFZKF_2586-7157-3098-7669,1,0,0,0,0,0,0,0,0
23WPCFZKF_2469-8209-2981-8721,1,0,0,0,0,0,0,0,0
23WPCFZKF_2981-2065-3493-2577,1,0,0,0,0,0,0,0,0
23WPCFZKF_2469-6161-2981-6673,1,0,0,0,0,0,0,0,0
23WPCFZKF_2586-6645-3098-7157,1,0,0,0,0,0,0,0,0
23WPCFZKF_2813-6555-3325-7067,1,0,0,0,0,0,0,0,0
23WPCFZKF_2981-5137-3493-5649,1,0,0,0,0,0,0,0,0
23WPCFZKF_2981-3601-3493-4113,1,0,0,0,0,0,0,0,0
23WPCFZKF_2981-5649-3493-6161,1,0,0,0,0,0,0,0,0
23WPCFZKF_2981-4625-3493-5137,1,0,0,0,0,0,0,0,0
23WPCFZKF_2981-3089-3493-3601,1,0,0,0,0,0,0,0,0
23WPCFZKF_2981-6161-3493-6673,1,0,0,0,0,0,0,0,0
23WPCFZKF_2981-4113-3493-4625,1,0,0,0,0,0,0,0,0
23WPCFZKF_2981-2577-3493-3089,1,0,0,0,0,0,0,0,0
23WPCFZKF_2981-7185-3493-7697,1,0,0,0,0,0,0,0,0
23WPCFZKF_2981-7697-3493-8209,1,0,0,0,0,0,0,0,0
23WPCFZKF_2981-8209-3493-8721,1,0,0,0,0,0,0,0,0
23WPCFZKF_3493-8209-4005-8721,1,0,0,0,0,0,0,0,0
23WPCFZKF_5029-5649-5541-6161,1,0,0,0,0,0,0,0,0
23WPCFZKF_4517-8209-5029-8721,1,0,0,0,0,0,0,0,0
23WPCFZKF_5029-6161-5541-6673,1,0,0,0,0,0,0,0,0
23WPCFZKF_5029-6673-5541-7185,1,0,0,0,0,0,0,0,0
23WPCFZKF_5029-8209-5541-8721,1,0,0,0,0,0,0,0,0
23WPCFZKF_4005-8209-4517-8721,1,0,0,0,0,0,0,0,0
23WPCFZKF_5541-2577-6053-3089,1,0,0,0,0,0,0,0,0
23WPCFZKF_5541-1041-6053-1553,1,0,0,0,0,0,0,0,0
23WPCFZKF_5541-3089-6053-3601,1,0,0,0,0,0,0,0,0
23WPCFZKF_5541-1553-6053-2065,1,0,0,0,0,0,0,0,0
23WPCFZKF_5541-2065-6053-2577,1,0,0,0,0,0,0,0,0
23WPCFZKF_5541-3601-6053-4113,1,0,0,0,0,0,0,0,0
23WPCFZKF_5541-4625-6053-5137,1,0,0,0,0,0,0,0,0
23WPCFZKF_5541-4113-6053-4625,1,0,0,0,0,0,0,0,0
23WPCFZKF_5541-5137-6053-5649,1,0,0,0,0,0,0,0,0
23WPCFZKF_5541-529-6053-1041,1,0,0,0,0,0,0,0,0
23WPCFZKF_5541-5649-6053-6161,1,0,0,0,0,0,0,0,0
23WPCFZKF_933-2065-1445-2577,1,0,0,0,0,0,0,0,0
23WPCFZKF_5541-8209-6053-8721,1,0,0,0,0,0,0,0,0
23WPCFZKF_5541-7697-6053-8209,1,0,0,0,0,0,0,0,0
23WPCFZKF_933-1041-1445-1553,1,0,0,0,0,0,0,0,0
23WPCFZKF_5541-6673-6053-7185,1,0,0,0,0,0,0,0,0
23WPCFZKF_5541-7185-6053-7697,1,0,0,0,0,0,0,0,0
23WPCFZKF_933-1553-1445-2065,1,0,0,0,0,0,0,0,0
23WPCFZKF_933-4113-1445-4625,1,0,0,0,0,0,0,0,0
23WPCFZKF_933-529-1445-1041,1,0,0,0,0,0,0,0,0
23WPCFZKF_933-3601-1445-4113,1,0,0,0,0,0,0,0,0
23WPCFZKF_933-5137-1445-5649,1,0,0,0,0,0,0,0,0
23WPCFZKF_933-2577-1445-3089,1,0,0,0,0,0,0,0,0
23WPCFZKF_933-3089-1445-3601,1,0,0,0,0,0,0,0,0
23WPCFZKF_933-4625-1445-5137,1,0,0,0,0,0,0,0,0
23WPCFZKF_933-8209-1445-8721,1,0,0,0,0,0,0,0,0
249V8XG4B_1346-2762-1858-3274,1,0,0,0,0,0,0,0,0
249V8XG4B_1346-714-1858-1226,1,0,0,0,0,0,0,0,0
249V8XG4B_1858-2250-2370-2762,1,0,0,0,0,0,0,0,0
249V8XG4B_1372-4026-1884-4538,1,0,0,0,0,0,0,0,0
249V8XG4B_1858-2762-2370-3274,1,0,0,0,0,0,0,0,0
249V8XG4B_1372-3514-1884-4026,1,0,0,0,0,0,0,0,0
249V8XG4B_1884-4026-2396-4538,1,0,0,0,0,0,0,0,0
249V8XG4B_1858-1226-2370-1738,1,0,0,0,0,0,0,0,0
249V8XG4B_1372-5050-1884-5562,1,0,0,0,0,0,0,0,0
249V8XG4B_1884-4538-2396-5050,1,0,0,0,0,0,0,0,0
249V8XG4B_1894-743-2406-1255,1,0,0,0,0,0,0,0,0
249V8XG4B_1894-4839-2406-5351,1,0,0,0,0,0,0,0,0
249V8XG4B_2210-1721-2722-2233,1,0,0,0,0,0,0,0,0
249V8XG4B_2210-1209-2722-1721,1,0,0,0,0,0,0,0,0
249V8XG4B_1894-3303-2406-3815,1,0,0,0,0,0,0,0,0
249V8XG4B_1894-1767-2406-2279,1,0,0,0,0,0,0,0,0
249V8XG4B_2406-3303-2918-3815,1,0,0,0,0,0,0,0,0
249V8XG4B_2210-697-2722-1209,1,0,0,0,0,0,0,0,0
249V8XG4B_2406-3815-2918-4327,1,0,0,0,0,0,0,0,0
249V8XG4B_2406-4327-2918-4839,1,0,0,0,0,0,0,0,0
249V8XG4B_2722-1209-3234-1721,1,0,0,0,0,0,0,0,0
249V8XG4B_2722-1721-3234-2233,1,0,0,0,0,0,0,0,0
249V8XG4B_2735-3019-3247-3531,1,0,0,0,0,0,0,0,0
249V8XG4B_2735-4043-3247-4555,1,0,0,0,0,0,0,0,0
249V8XG4B_2406-4839-2918-5351,1,0,0,0,0,0,0,0,0
249V8XG4B_2735-3531-3247-4043,1,0,0,0,0,0,0,0,0
249V8XG4B_2735-4555-3247-5067,1,0,0,0,0,0,0,0,0
249V8XG4B_2735-5067-3247-5579,1,0,0,0,0,0,0,0,0
249V8XG4B_2735-5579-3247-6091,1,0,0,0,0,0,0,0,0
249V8XG4B_2918-3303-3430-3815,1,0,0,0,0,0,0,0,0
249V8XG4B_2918-2791-3430-3303,1,0,0,0,0,0,0,0,0
249V8XG4B_2918-3815-3430-4327,1,0,0,0,0,0,0,0,0
249V8XG4B_3247-3531-3759-4043,1,0,0,0,0,0,0,0,0
249V8XG4B_3247-3019-3759-3531,1,0,0,0,0,0,0,0,0
249V8XG4B_2918-2279-3430-2791,1,0,0,0,0,0,0,0,0
249V8XG4B_2918-4839-3430-5351,1,0,0,0,0,0,0,0,0
249V8XG4B_3247-4555-3759-5067,1,0,0,0,0,0,0,0,0
249V8XG4B_3247-5067-3759-5579,1,0,0,0,0,0,0,0,0
249V8XG4B_3384-1178-3896-1690,1,0,0,0,0,0,0,0,0
249V8XG4B_3247-5579-3759-6091,1,0,0,0,0,0,0,0,0
249V8XG4B_3384-1690-3896-2202,1,0,0,0,0,0,0,0,0
249V8XG4B_3247-4043-3759-4555,1,0,0,0,0,0,0,0,0
249V8XG4B_3384-2714-3896-3226,1,0,0,0,0,0,0,0,0
249V8XG4B_3694-2126-4206-2638,1,0,0,0,0,0,0,0,0
249V8XG4B_3384-2202-3896-2714,1,0,0,0,0,0,0,0,0
249V8XG4B_3694-4174-4206-4686,1,0,0,0,0,0,0,0,0
249V8XG4B_3694-3662-4206-4174,1,0,0,0,0,0,0,0,0
249V8XG4B_3694-5198-4206-5710,1,0,0,0,0,0,0,0,0
249V8XG4B_3694-4686-4206-5198,1,0,0,0,0,0,0,0,0
249V8XG4B_3694-3150-4206-3662,1,0,0,0,0,0,0,0,0
249V8XG4B_3896-1178-4408-1690,1,0,0,0,0,0,0,0,0
249V8XG4B_3694-5710-4206-6222,1,0,0,0,0,0,0,0,0
249V8XG4B_3694-6222-4206-6734,1,0,0,0,0,0,0,0,0
249V8XG4B_3896-1690-4408-2202,1,0,0,0,0,0,0,0,0
249V8XG4B_4077-1344-4589-1856,1,0,0,0,0,0,0,0,0
249V8XG4B_4206-6222-4718-6734,1,0,0,0,0,0,0,0,0
249V8XG4B_4077-2368-4589-2880,1,0,0,0,0,0,0,0,0
249V8XG4B_3896-2714-4408-3226,1,0,0,0,0,0,0,0,0
249V8XG4B_4077-1856-4589-2368,1,0,0,0,0,0,0,0,0
249V8XG4B_4206-5710-4718-6222,1,0,0,0,0,0,0,0,0
249V8XG4B_4077-832-4589-1344,1,0,0,0,0,0,0,0,0
249V8XG4B_4206-2638-4718-3150,1,0,0,0,0,0,0,0,0
249V8XG4B_4408-1690-4920-2202,1,0,0,0,0,0,0,0,0
249V8XG4B_4589-1344-5101-1856,1,0,0,0,0,0,0,0,0
249V8XG4B_4408-2202-4920-2714,1,0,0,0,0,0,0,0,0
249V8XG4B_4589-832-5101-1344,1,0,0,0,0,0,0,0,0
249V8XG4B_4718-2126-5230-2638,1,0,0,0,0,0,0,0,0
249V8XG4B_4589-2368-5101-2880,1,0,0,0,0,0,0,0,0
249V8XG4B_4589-1856-5101-2368,1,0,0,0,0,0,0,0,0
249V8XG4B_4718-4686-5230-5198,1,0,0,0,0,0,0,0,0
249V8XG4B_4718-2638-5230-3150,1,0,0,0,0,0,0,0,0
249V8XG4B_4718-5198-5230-5710,1,0,0,0,0,0,0,0,0
249V8XG4B_5101-1344-5613-1856,1,0,0,0,0,0,0,0,0
249V8XG4B_5101-1856-5613-2368,1,0,0,0,0,0,0,0,0
249V8XG4B_4718-6222-5230-6734,1,0,0,0,0,0,0,0,0
249V8XG4B_5101-2368-5613-2880,1,0,0,0,0,0,0,0,0
249V8XG4B_5230-5198-5742-5710,1,0,0,0,0,0,0,0,0
249V8XG4B_5101-832-5613-1344,1,0,0,0,0,0,0,0,0
249V8XG4B_5230-2126-5742-2638,1,0,0,0,0,0,0,0,0
249V8XG4B_5818-1842-6330-2354,1,0,0,0,0,0,0,0,0
249V8XG4B_5742-2638-6254-3150,1,0,0,0,0,0,0,0,0
249V8XG4B_5742-4174-6254-4686,1,0,0,0,0,0,0,0,0
249V8XG4B_5742-4686-6254-5198,1,0,0,0,0,0,0,0,0
249V8XG4B_834-1226-1346-1738,1,0,0,0,0,0,0,0,0
249V8XG4B_5742-5198-6254-5710,1,0,0,0,0,0,0,0,0
249V8XG4B_5742-2126-6254-2638,1,0,0,0,0,0,0,0,0
249V8XG4B_5742-5710-6254-6222,1,0,0,0,0,0,0,0,0
249V8XG4B_834-1738-1346-2250,1,0,0,0,0,0,0,0,0
249V8XG4B_834-2250-1346-2762,1,0,0,0,0,0,0,0,0
249V8XG4B_860-4538-1372-5050,1,0,0,0,0,0,0,0,0
249V8XG4B_860-3514-1372-4026,1,0,0,0,0,0,0,0,0
249V8XG4B_860-4026-1372-4538,1,0,0,0,0,0,0,0,0
249V8XG4B_834-714-1346-1226,1,0,0,0,0,0,0,0,0
249V8XG4B_860-5050-1372-5562,1,0,0,0,0,0,0,0,0
249V8XG4B_860-5562-1372-6074,1,0,0,0,0,0,0,0,0
249V8XG4B_860-6074-1372-6586,1,0,0,0,0,0,0,0,0
26HH6YYMM_2137-8290-2649-8802,0,0,0,0,0,0,0,0,1
27DCALUI7_1103-2058-1615-2570,1,0,0,0,0,0,0,0,0
27DCALUI7_773-2058-1285-2570,1,0,0,0,0,0,0,0,0
26HH6YYMM_2164-586-2676-1098,0,0,0,0,0,0,0,0,1
26HH6YYMM_540-6936-1052-7448,0,0,0,0,0,0,0,0,1
273ZCQZZE_306-4584-818-5096,0,0,0,0,0,0,0,0,1
27DCALUI7_2339-6476-2851-6988,1,0,0,0,0,0,0,0,0
27VJPLUNZ_2555-9695-3067-10207,1,0,0,0,0,0,0,0,0
27VJPLUNZ_2911-3783-3423-4295,1,0,0,0,0,0,0,0,0
27VJPLUNZ_3061-1448-3573-1960,1,0,0,0,0,0,0,0,0
27VJPLUNZ_3108-4157-3620-4669,1,0,0,0,0,0,0,0,0
27VJPLUNZ_3199-7457-3711-7969,1,0,0,0,0,0,0,0,0
27VJPLUNZ_5490-10107-6002-10619,1,0,0,0,0,0,0,0,0
27VJPLUNZ_3199-7969-3711-8481,1,0,0,0,0,0,0,0,0
27VJPLUNZ_3569-3474-4081-3986,1,0,0,0,0,0,0,0,0
27VJPLUNZ_4978-10107-5490-10619,1,0,0,0,0,0,0,0,0
27VJPLUNZ_5579-9595-6091-10107,1,0,0,0,0,0,0,0,0
284DZLITJ_803-3352-1315-3864,1,0,0,0,0,0,0,0,0
284DZLITJ_436-3688-948-4200,1,0,0,0,0,0,0,0,0
28FD4WVG8_1320-643-1832-1155,1,0,0,0,0,0,0,0,0
284DZLITJ_851-3085-1363-3597,1,0,0,0,0,0,0,0,0
28FD4WVG8_10028-5921-10540-6433,1,0,0,0,0,0,0,0,0
28FD4WVG8_10045-4713-10557-5225,1,0,0,0,0,0,0,0,0
28FD4WVG8_1891-1082-2403-1594,1,0,0,0,0,0,0,0,0
28FD4WVG8_1662-972-2174-1484,1,0,0,0,0,0,0,0,0
28FD4WVG8_1870-429-2382-941,1,0,0,0,0,0,0,0,0
28FD4WVG8_1886-785-2398-1297,1,0,0,0,0,0,0,0,0
28FD4WVG8_2403-1082-2915-1594,1,0,0,0,0,0,0,0,0
28FD4WVG8_1064-526-1576-1038,1,0,0,0,0,0,0,0,0
28FD4WVG8_4257-1492-4769-2004,1,0,0,0,0,0,0,0,0
28FD4WVG8_3234-1458-3746-1970,1,0,0,0,0,0,0,0,0
28FD4WVG8_4257-468-4769-980,1,0,0,0,0,0,0,0,0
28FD4WVG8_4415-1272-4927-1784,1,0,0,0,0,0,0,0,0
28FD4WVG8_4769-1492-5281-2004,1,0,0,0,0,0,0,0,0
28FD4WVG8_4321-749-4833-1261,1,0,0,0,0,0,0,0,0
28FD4WVG8_4769-468-5281-980,1,0,0,0,0,0,0,0,0
28FD4WVG8_4769-980-5281-1492,1,0,0,0,0,0,0,0,0
28FD4WVG8_5793-980-6305-1492,1,0,0,0,0,0,0,0,0
28FD4WVG8_5281-468-5793-980,1,0,0,0,0,0,0,0,0
28FD4WVG8_5281-980-5793-1492,1,0,0,0,0,0,0,0,0
28FD4WVG8_5793-1492-6305-2004,1,0,0,0,0,0,0,0,0
28FD4WVG8_6075-1369-6587-1881,1,0,0,0,0,0,0,0,0
28FD4WVG8_5281-1492-5793-2004,1,0,0,0,0,0,0,0,0
28FD4WVG8_5009-2220-5521-2732,1,0,0,0,0,0,0,0,0
28FD4WVG8_5546-2107-6058-2619,1,0,0,0,0,0,0,0,0
28FD4WVG8_5793-468-6305-980,1,0,0,0,0,0,0,0,0
28FD4WVG8_5851-2087-6363-2599,1,0,0,0,0,0,0,0,0
28FD4WVG8_6291-1069-6803-1581,1,0,0,0,0,0,0,0,0
28FD4WVG8_6875-2087-7387-2599,1,0,0,0,0,0,0,0,0
28FD4WVG8_6363-1575-6875-2087,1,0,0,0,0,0,0,0,0
28FD4WVG8_6641-1134-7153-1646,1,0,0,0,0,0,0,0,0
28FD4WVG8_6875-2599-7387-3111,1,0,0,0,0,0,0,0,0
28FD4WVG8_6363-2087-6875-2599,1,0,0,0,0,0,0,0,0
28FD4WVG8_6964-1386-7476-1898,1,0,0,0,0,0,0,0,0
28FD4WVG8_7008-1740-7520-2252,1,0,0,0,0,0,0,0,0
28FD4WVG8_7387-1575-7899-2087,1,0,0,0,0,0,0,0,0
28FD4WVG8_7134-695-7646-1207,1,0,0,0,0,0,0,0,0
28FD4WVG8_7387-2087-7899-2599,1,0,0,0,0,0,0,0,0
28FD4WVG8_7387-2599-7899-3111,1,0,0,0,0,0,0,0,0
28FD4WVG8_7899-2599-8411-3111,1,0,0,0,0,0,0,0,0
28FD4WVG8_7488-1199-8000-1711,1,0,0,0,0,0,0,0,0
28FD4WVG8_7899-3623-8411-4135,1,0,0,0,0,0,0,0,0
28FD4WVG8_7849-5548-8361-6060,1,0,0,0,0,0,0,0,0
28FD4WVG8_7899-3111-8411-3623,1,0,0,0,0,0,0,0,0
28FD4WVG8_7899-4135-8411-4647,1,0,0,0,0,0,0,0,0
28FD4WVG8_8231-2414-8743-2926,1,0,0,0,0,0,0,0,0
28FD4WVG8_8105-5767-8617-6279,1,0,0,0,0,0,0,0,0
28FD4WVG8_8105-5255-8617-5767,1,0,0,0,0,0,0,0,0
28FD4WVG8_8231-2926-8743-3438,1,0,0,0,0,0,0,0,0
28FD4WVG8_8231-1902-8743-2414,1,0,0,0,0,0,0,0,0
28FD4WVG8_7899-4647-8411-5159,1,0,0,0,0,0,0,0,0
28FD4WVG8_8411-3623-8923-4135,1,0,0,0,0,0,0,0,0
28FD4WVG8_8361-6060-8873-6572,1,0,0,0,0,0,0,0,0
28FD4WVG8_8411-3111-8923-3623,1,0,0,0,0,0,0,0,0
28FD4WVG8_8361-5548-8873-6060,1,0,0,0,0,0,0,0,0
28FD4WVG8_8411-1575-8923-2087,1,0,0,0,0,0,0,0,0
28FD4WVG8_8411-4135-8923-4647,1,0,0,0,0,0,0,0,0
28FD4WVG8_8411-2599-8923-3111,1,0,0,0,0,0,0,0,0
28FD4WVG8_8411-2087-8923-2599,1,0,0,0,0,0,0,0,0
28FD4WVG8_8231-3438-8743-3950,1,0,0,0,0,0,0,0,0
28FD4WVG8_8411-4647-8923-5159,1,0,0,0,0,0,0,0,0
28FD4WVG8_8617-5255-9129-5767,1,0,0,0,0,0,0,0,0
28FD4WVG8_8617-5767-9129-6279,1,0,0,0,0,0,0,0,0
28FD4WVG8_8923-2087-9435-2599,1,0,0,0,0,0,0,0,0
28FD4WVG8_8743-2926-9255-3438,1,0,0,0,0,0,0,0,0
28FD4WVG8_8873-5548-9385-6060,1,0,0,0,0,0,0,0,0
28FD4WVG8_8743-3438-9255-3950,1,0,0,0,0,0,0,0,0
28FD4WVG8_8873-6060-9385-6572,1,0,0,0,0,0,0,0,0
28FD4WVG8_8743-1902-9255-2414,1,0,0,0,0,0,0,0,0
28FD4WVG8_8926-4324-9438-4836,1,0,0,0,0,0,0,0,0
28FD4WVG8_9129-5767-9641-6279,1,0,0,0,0,0,0,0,0
28FD4WVG8_9255-2414-9767-2926,1,0,0,0,0,0,0,0,0
28FD4WVG8_9255-1902-9767-2414,1,0,0,0,0,0,0,0,0
28FD4WVG8_8923-2599-9435-3111,1,0,0,0,0,0,0,0,0
28FD4WVG8_9129-5255-9641-5767,1,0,0,0,0,0,0,0,0
28FD4WVG8_8923-4647-9435-5159,1,0,0,0,0,0,0,0,0
28FD4WVG8_9120-3816-9632-4328,1,0,0,0,0,0,0,0,0
28FD4WVG8_8923-3623-9435-4135,1,0,0,0,0,0,0,0,0
28FD4WVG8_8923-3111-9435-3623,1,0,0,0,0,0,0,0,0
28FD4WVG8_9255-2926-9767-3438,1,0,0,0,0,0,0,0,0
28FD4WVG8_9255-3438-9767-3950,1,0,0,0,0,0,0,0,0
28FD4WVG8_9435-2087-9947-2599,1,0,0,0,0,0,0,0,0
28FD4WVG8_9435-4647-9947-5159,1,0,0,0,0,0,0,0,0
28FD4WVG8_9435-3623-9947-4135,1,0,0,0,0,0,0,0,0
28FD4WVG8_9435-3111-9947-3623,1,0,0,0,0,0,0,0,0
28FD4WVG8_9435-2599-9947-3111,1,0,0,0,0,0,0,0,0
28FD4WVG8_9435-4135-9947-4647,1,0,0,0,0,0,0,0,0
28FD4WVG8_9687-1969-10199-2481,1,0,0,0,0,0,0,0,0
28FD4WVG8_9767-2926-10279-3438,1,0,0,0,0,0,0,0,0
28FD4WVG8_9435-5159-9947-5671,1,0,0,0,0,0,0,0,0
28FD4WVG8_9767-3438-10279-3950,1,0,0,0,0,0,0,0,0
28FD4WVG8_9516-5921-10028-6433,1,0,0,0,0,0,0,0,0
28FD4WVG8_9767-2414-10279-2926,1,0,0,0,0,0,0,0,0
28FD4WVG8_9947-2087-10459-2599,1,0,0,0,0,0,0,0,0
28FD4WVG8_9947-3111-10459-3623,1,0,0,0,0,0,0,0,0
28FD4WVG8_9947-2599-10459-3111,1,0,0,0,0,0,0,0,0
28FD4WVG8_9947-3623-10459-4135,1,0,0,0,0,0,0,0,0
28FD4WVG8_9947-5159-10459-5671,1,0,0,0,0,0,0,0,0
28N9MQYAR_1108-1348-1620-1860,0,1,0,0,0,0,0,0,0
28N9MQYAR_1620-1860-2132-2372,0,1,0,0,0,0,0,0,0
28N9MQYAR_1108-1860-1620-2372,0,1,0,0,0,0,1,0,0
28N9MQYAR_1620-3396-2132-3908,0,0,0,0,0,0,1,0,0
28N9MQYAR_1620-2884-2132-3396,0,1,0,0,0,0,1,0,0
28N9MQYAR_1620-2372-2132-2884,0,1,0,0,0,0,1,0,0
28N9MQYAR_1810-2517-2322-3029,0,1,0,0,0,0,1,0,0
28N9MQYAR_2132-1860-2644-2372,0,1,0,0,0,0,0,0,0
28N9MQYAR_2132-2884-2644-3396,0,1,0,0,0,0,0,0,0
28N9MQYAR_1810-3541-2322-4053,0,1,0,0,0,0,1,0,0
28N9MQYAR_2132-3396-2644-3908,0,1,0,0,0,0,1,0,0
28N9MQYAR_1810-3029-2322-3541,0,1,0,0,0,0,1,0,0
28N9MQYAR_2132-2372-2644-2884,0,1,0,0,0,0,0,0,0
28N9MQYAR_4038-2855-4550-3367,0,1,0,0,0,0,0,0,0
28N9MQYAR_3526-2343-4038-2855,0,1,0,0,0,0,0,0,0
28N9MQYAR_3526-2855-4038-3367,0,1,0,0,0,0,0,0,0
28N9MQYAR_4592-1330-5104-1842,0,1,0,0,0,0,0,0,0
28N9MQYAR_4592-1842-5104-2354,0,1,0,0,0,0,0,0,0
28N9MQYAR_5265-1367-5777-1879,0,1,0,0,0,0,0,0,0
28N9MQYAR_5272-520-5784-1032,0,1,0,0,0,0,0,0,0
28N9MQYAR_5784-520-6296-1032,0,1,0,0,0,0,0,0,0
28N9MQYAR_6006-1424-6518-1936,0,1,0,0,0,0,1,0,0
28N9MQYAR_596-1348-1108-1860,0,1,0,0,0,0,1,0,0
28N9MQYAR_5494-912-6006-1424,0,1,0,0,0,0,1,0,0
28N9MQYAR_596-1860-1108-2372,0,1,0,0,0,0,1,0,0
28N9MQYAR_6006-912-6518-1424,0,1,0,0,0,0,1,0,0
28N9MQYAR_6518-912-7030-1424,0,1,0,0,0,0,0,0,0
28N9MQYAR_6411-3012-6923-3524,0,1,0,0,0,0,0,0,0
28N9MQYAR_609-449-1121-961,0,1,0,0,0,0,0,0,0
28N9MQYAR_6411-3524-6923-4036,0,1,0,0,0,0,0,0,0
28N9MQYAR_6518-1424-7030-1936,0,1,0,0,0,0,1,0,0
28N9MQYAR_6769-1903-7281-2415,0,1,0,0,0,0,0,0,0
28N9MQYAR_6769-2415-7281-2927,0,1,0,0,0,0,0,0,0
28N9MQYAR_6923-3012-7435-3524,0,1,0,0,0,0,0,0,0
28N9MQYAR_6923-3524-7435-4036,0,1,0,0,0,0,0,0,0
28N9MQYAR_7542-1424-8054-1936,0,1,0,0,0,0,0,0,0
28N9MQYAR_7030-1424-7542-1936,0,1,0,0,0,0,0,0,0
28N9MQYAR_7281-1903-7793-2415,0,1,0,0,0,0,0,0,0
28N9MQYAR_7030-912-7542-1424,0,1,0,0,0,0,0,0,0
28N9MQYAR_7281-2415-7793-2927,0,1,0,0,0,0,0,0,0
28N9MQYAR_7557-2975-8069-3487,0,1,0,0,0,0,0,0,0
28N9MQYAR_7542-912-8054-1424,0,1,0,0,0,0,0,0,0
28N9MQYAR_7557-3487-8069-3999,0,1,0,0,0,0,0,0,0
28N9MQYAR_8998-919-9510-1431,0,1,0,0,0,0,0,0,0
28N9MQYAR_8581-3487-9093-3999,0,1,0,0,0,0,0,0,0
28N9MQYAR_8069-2463-8581-2975,0,1,0,0,0,0,0,0,0
28N9MQYAR_8069-3487-8581-3999,0,1,0,0,0,0,0,0,0
28N9MQYAR_8069-2975-8581-3487,0,1,0,0,0,0,0,0,0
28N9MQYAR_8581-1951-9093-2463,0,1,0,0,0,0,0,0,0
28N9MQYAR_8998-407-9510-919,0,1,0,0,0,0,0,0,0
28N9MQYAR_8581-2463-9093-2975,0,1,0,0,0,0,0,0,0
28N9MQYAR_8998-1431-9510-1943,0,1,0,0,0,0,0,0,0
28N9MQYAR_9093-1951-9605-2463,0,1,0,0,0,0,0,0,0
28N9MQYAR_9510-407-10022-919,0,1,0,0,0,0,0,0,0
28N9MQYAR_9605-2975-10117-3487,0,1,0,0,0,0,0,0,0
28N9MQYAR_9093-3487-9605-3999,0,1,0,0,0,0,0,0,0
28N9MQYAR_9510-1431-10022-1943,0,1,0,0,0,0,0,0,0
28N9MQYAR_9605-2463-10117-2975,0,1,0,0,0,0,0,0,0
28N9MQYAR_9093-2975-9605-3487,0,1,0,0,0,0,0,0,0
28UKCVE8F_1306-3493-1818-4005,1,0,0,0,0,0,0,0,0
28UKCVE8F_1842-2645-2354-3157,1,0,0,0,0,0,0,0,0
28UKCVE8F_1330-2645-1842-3157,1,0,0,0,0,0,0,0,0
28UKCVE8F_2354-3669-2866-4181,1,0,0,0,0,0,0,0,0
28UKCVE8F_1842-5205-2354-5717,1,0,0,0,0,0,0,0,0
28UKCVE8F_2354-2645-2866-3157,1,0,0,0,0,0,0,0,0
28UKCVE8F_1330-3157-1842-3669,1,0,0,0,0,0,0,0,0
28UKCVE8F_2866-2645-3378-3157,1,0,0,0,0,0,0,0,0
28UKCVE8F_282-4005-794-4517,1,0,0,0,0,0,0,0,0
28UKCVE8F_2866-2133-3378-2645,1,0,0,0,0,0,0,0,0
28UKCVE8F_2354-5205-2866-5717,1,0,0,0,0,0,0,0,0
28UKCVE8F_2866-5205-3378-5717,1,0,0,0,0,0,0,0,0
28UKCVE8F_3049-414-3561-926,1,0,0,0,0,0,0,0,0
28UKCVE8F_306-3669-818-4181,1,0,0,0,0,0,0,0,0
28UKCVE8F_306-2645-818-3157,1,0,0,0,0,0,0,0,0
28UKCVE8F_3049-1438-3561-1950,1,0,0,0,0,0,0,0,0
28UKCVE8F_3049-1950-3561-2462,1,0,0,0,0,0,0,0,0
28UKCVE8F_306-3157-818-3669,1,0,0,0,0,0,0,0,0
28UKCVE8F_3280-4860-3792-5372,1,0,0,0,0,0,0,0,0
28UKCVE8F_4073-1950-4585-2462,1,0,0,0,0,0,0,0,0
28UKCVE8F_4073-414-4585-926,1,0,0,0,0,0,0,0,0
28UKCVE8F_3378-2133-3890-2645,1,0,0,0,0,0,0,0,0
28UKCVE8F_4073-1438-4585-1950,1,0,0,0,0,0,0,0,0
28UKCVE8F_3890-2133-4402-2645,1,0,0,0,0,0,0,0,0
28UKCVE8F_3561-1950-4073-2462,1,0,0,0,0,0,0,0,0
28UKCVE8F_4304-4348-4816-4860,1,0,0,0,0,0,0,0,0
28UKCVE8F_4334-4721-4846-5233,1,0,0,0,0,0,0,0,0
28UKCVE8F_3561-414-4073-926,1,0,0,0,0,0,0,0,0
28UKCVE8F_4402-2133-4914-2645,1,0,0,0,0,0,0,0,0
28UKCVE8F_4402-5205-4914-5717,1,0,0,0,0,0,0,0,0
28UKCVE8F_4585-1438-5097-1950,1,0,0,0,0,0,0,0,0
28UKCVE8F_4914-4181-5426-4693,1,0,0,0,0,0,0,0,0
28UKCVE8F_5097-1438-5609-1950,1,0,0,0,0,0,0,0,0
28UKCVE8F_4585-1950-5097-2462,1,0,0,0,0,0,0,0,0
28UKCVE8F_5097-1950-5609-2462,1,0,0,0,0,0,0,0,0
28UKCVE8F_4585-414-5097-926,1,0,0,0,0,0,0,0,0
28UKCVE8F_5358-4209-5870-4721,1,0,0,0,0,0,0,0,0
28UKCVE8F_5097-926-5609-1438,1,0,0,0,0,0,0,0,0
28UKCVE8F_5097-414-5609-926,1,0,0,0,0,0,0,0,0
28UKCVE8F_5358-5233-5870-5745,1,0,0,0,0,0,0,0,0
28UKCVE8F_5609-1950-6121-2462,1,0,0,0,0,0,0,0,0
28UKCVE8F_5426-2133-5938-2645,1,0,0,0,0,0,0,0,0
28UKCVE8F_5609-414-6121-926,1,0,0,0,0,0,0,0,0
28UKCVE8F_5426-2645-5938-3157,1,0,0,0,0,0,0,0,0
28UKCVE8F_5426-3157-5938-3669,1,0,0,0,0,0,0,0,0
28UKCVE8F_5609-926-6121-1438,1,0,0,0,0,0,0,0,0
28UKCVE8F_5843-511-6355-1023,1,0,0,0,0,0,0,0,0
28UKCVE8F_818-2645-1330-3157,1,0,0,0,0,0,0,0,0
28UKCVE8F_818-3669-1330-4181,1,0,0,0,0,0,0,0,0
28UKCVE8F_818-3157-1330-3669,1,0,0,0,0,0,0,0,0
28VEAXN4T_1271-1602-1783-2114,0,0,0,0,0,1,0,0,0
28VEAXN4T_1396-1227-1908-1739,0,0,1,0,0,1,0,0,1
28VEAXN4T_1527-700-2039-1212,0,0,1,0,0,1,0,0,0
28VEAXN4T_1226-507-1738-1019,0,0,1,0,0,1,0,0,1
28VEAXN4T_1944-5532-2456-6044,0,0,0,0,0,1,0,0,0
28VEAXN4T_1944-6044-2456-6556,0,0,0,0,0,1,0,0,0
28VEAXN4T_154-2926-666-3438,0,0,1,0,0,0,0,0,1
28VEAXN4T_2461-451-2973-963,0,0,0,0,0,1,0,0,0
28VEAXN4T_2407-5584-2919-6096,0,0,0,0,0,1,0,0,0
28VEAXN4T_1645-1134-2157-1646,0,0,1,0,0,1,0,0,1
28VEAXN4T_2407-5072-2919-5584,0,0,0,0,0,1,0,0,0
28VEAXN4T_2745-4084-3257-4596,0,0,0,0,0,1,0,0,0
28VEAXN4T_2042-752-2554-1264,0,0,0,0,0,1,0,0,0
28VEAXN4T_2407-4048-2919-4560,0,0,0,0,0,1,0,0,0
28VEAXN4T_2788-460-3300-972,0,0,0,0,0,1,0,0,0
28VEAXN4T_2889-2713-3401-3225,0,0,0,0,0,1,0,0,0
28VEAXN4T_3321-3184-3833-3696,0,0,0,0,0,1,0,0,0
28VEAXN4T_2889-3225-3401-3737,0,0,0,0,0,1,0,0,0
28VEAXN4T_2919-5584-3431-6096,0,0,0,0,0,1,0,0,0
28VEAXN4T_2919-4560-3431-5072,0,0,0,0,0,1,0,0,0
28VEAXN4T_2889-3737-3401-4249,0,0,0,0,0,1,0,0,0
28VEAXN4T_2919-5072-3431-5584,0,0,0,0,0,1,0,0,0
28VEAXN4T_3402-485-3914-997,0,0,0,0,0,1,0,0,0
28VEAXN4T_3401-2713-3913-3225,0,0,0,0,0,1,0,0,0
28VEAXN4T_3431-5584-3943-6096,0,0,0,0,0,1,0,0,0
28VEAXN4T_3431-4048-3943-4560,0,0,0,0,0,1,0,0,0
28VEAXN4T_3431-4560-3943-5072,0,0,0,0,0,1,0,0,0
28VEAXN4T_3401-3737-3913-4249,0,0,0,0,0,1,0,0,0
28VEAXN4T_3629-1428-4141-1940,0,0,0,0,0,1,0,0,0
28VEAXN4T_3629-2452-4141-2964,0,0,0,0,0,1,0,0,0
28VEAXN4T_3629-1940-4141-2452,0,0,0,0,0,1,0,0,0
28VEAXN4T_3431-5072-3943-5584,0,0,0,0,0,1,0,0,0
28VEAXN4T_3629-916-4141-1428,0,0,0,0,0,1,0,0,0
28VEAXN4T_3833-2672-4345-3184,0,0,0,0,0,1,0,0,0
28VEAXN4T_3833-3184-4345-3696,0,0,0,0,0,1,0,0,0
28VEAXN4T_4141-404-4653-916,0,0,0,0,0,1,0,0,0
28VEAXN4T_4141-1428-4653-1940,0,0,0,0,0,1,0,0,0
28VEAXN4T_3833-3696-4345-4208,0,0,0,0,0,1,0,0,0
28VEAXN4T_4095-2158-4607-2670,0,0,0,0,0,1,0,0,1
28VEAXN4T_4141-916-4653-1428,0,0,0,0,0,1,0,0,0
28VEAXN4T_4335-1881-4847-2393,0,0,0,0,0,1,0,0,1
28VEAXN4T_4208-5852-4720-6364,0,0,0,0,0,1,0,0,0
28VEAXN4T_4335-2393-4847-2905,0,0,0,0,0,1,0,0,1
28VEAXN4T_4208-5340-4720-5852,0,0,0,0,0,1,0,0,0
28VEAXN4T_4562-2160-5074-2672,0,0,0,0,0,1,0,0,1
28VEAXN4T_4458-1324-4970-1836,0,0,0,0,0,1,0,0,0
28VEAXN4T_4458-812-4970-1324,0,0,0,0,0,1,0,0,0
28VEAXN4T_4458-300-4970-812,0,0,0,0,0,1,0,0,0
28VEAXN4T_4645-2833-5157-3345,0,0,0,0,0,1,0,0,0
28VEAXN4T_450-1964-962-2476,0,0,1,0,0,1,0,0,0
28VEAXN4T_4645-3345-5157-3857,0,0,0,0,0,1,0,0,0
28VEAXN4T_4720-5852-5232-6364,0,0,0,0,0,1,0,0,0
28VEAXN4T_4645-3857-5157-4369,0,0,0,0,0,1,0,0,0
28VEAXN4T_4720-5340-5232-5852,0,0,0,0,0,1,0,0,0
28VEAXN4T_4720-4828-5232-5340,0,0,0,0,0,1,0,0,0
28VEAXN4T_4720-4316-5232-4828,0,0,0,0,0,1,0,0,0
28VEAXN4T_4847-1369-5359-1881,0,0,0,0,0,1,0,0,0
28VEAXN4T_4942-331-5454-843,0,0,0,0,0,1,0,0,0
28VEAXN4T_4986-3087-5498-3599,0,0,0,0,0,1,0,0,0
28VEAXN4T_5157-2833-5669-3345,0,0,0,0,0,1,0,0,0
28VEAXN4T_4986-2575-5498-3087,0,0,0,0,0,1,0,0,0
28VEAXN4T_4970-812-5482-1324,0,0,0,0,0,1,0,0,0
28VEAXN4T_4986-4111-5498-4623,0,0,0,0,0,1,0,0,0
28VEAXN4T_4986-2063-5498-2575,0,0,0,0,0,1,0,0,0
28VEAXN4T_5157-3857-5669-4369,0,0,0,0,0,1,0,0,0
28VEAXN4T_5157-3345-5669-3857,0,0,0,0,0,1,0,0,0
28VEAXN4T_4986-3599-5498-4111,0,0,0,0,0,1,0,0,0
28VEAXN4T_520-744-1032-1256,0,0,0,0,0,1,0,0,0
28VEAXN4T_5290-5915-5802-6427,0,0,0,0,0,1,0,0,0
28VEAXN4T_5498-2575-6010-3087,0,0,0,0,0,1,0,0,0
28VEAXN4T_5498-2063-6010-2575,0,0,0,0,0,1,0,0,0
28VEAXN4T_5498-3087-6010-3599,0,0,0,0,0,1,0,0,0
28VEAXN4T_5802-5915-6314-6427,0,0,0,0,0,1,0,0,0
28VEAXN4T_5930-1440-6442-1952,0,0,0,0,0,1,0,0,0
28VEAXN4T_5930-1952-6442-2464,0,0,0,0,0,1,0,0,0
28VEAXN4T_6010-3599-6522-4111,0,0,0,0,0,1,0,0,0
28VEAXN4T_6010-4111-6522-4623,0,0,0,0,0,1,0,0,0
28VEAXN4T_6010-2575-6522-3087,0,0,0,0,0,1,0,0,0
28VEAXN4T_5930-2976-6442-3488,0,0,0,0,0,1,0,0,0
28VEAXN4T_6442-1440-6954-1952,0,0,0,0,0,1,0,0,0
28VEAXN4T_6420-5865-6932-6377,0,0,0,0,0,1,0,0,0
28VEAXN4T_6442-1952-6954-2464,0,0,1,0,0,1,0,0,0
28VEAXN4T_6442-2976-6954-3488,0,0,0,0,0,1,0,0,0
28VEAXN4T_6442-2464-6954-2976,0,0,0,0,0,1,0,0,0
28VEAXN4T_6442-416-6954-928,0,0,0,0,0,1,0,0,0
28VEAXN4T_6442-928-6954-1440,0,0,0,0,0,1,0,0,0
28VEAXN4T_6522-3599-7034-4111,0,0,0,0,0,1,0,0,0
28VEAXN4T_6548-4068-7060-4580,0,0,0,0,0,1,0,0,0
28VEAXN4T_6614-2134-7126-2646,0,0,1,0,0,1,0,0,0
28VEAXN4T_688-4944-1200-5456,0,0,0,0,0,1,0,0,0
28VEAXN4T_6614-3158-7126-3670,0,0,0,0,0,1,0,0,0
28VEAXN4T_688-4432-1200-4944,0,0,0,0,0,1,0,0,0
28VEAXN4T_6954-2464-7466-2976,0,0,0,0,0,1,0,0,0
28VEAXN4T_7060-4580-7572-5092,0,0,0,0,0,1,0,0,0
28VEAXN4T_6954-928-7466-1440,0,0,0,0,0,1,0,0,0
28VEAXN4T_7060-3556-7572-4068,0,0,0,0,0,1,0,0,0
28VEAXN4T_7126-2134-7638-2646,0,0,0,0,0,1,0,0,0
28VEAXN4T_6954-416-7466-928,0,0,0,0,0,1,0,0,0
28VEAXN4T_688-5456-1200-5968,0,0,0,0,0,1,0,0,0
28VEAXN4T_6954-1952-7466-2464,0,0,0,0,0,1,0,0,0
28VEAXN4T_7060-4068-7572-4580,0,0,0,0,0,1,0,0,0
28VEAXN4T_7060-3044-7572-3556,0,0,0,0,0,1,0,0,0
28VEAXN4T_7060-5092-7572-5604,0,0,0,0,0,1,0,0,0
28VEAXN4T_7126-2646-7638-3158,0,0,0,0,0,1,0,0,0
28VEAXN4T_7299-3382-7811-3894,0,0,0,0,0,1,0,0,0
28VEAXN4T_7299-3894-7811-4406,0,0,0,0,0,1,0,0,0
28VEAXN4T_7299-4406-7811-4918,0,0,0,0,0,1,0,0,0
28VEAXN4T_7572-3044-8084-3556,0,0,0,0,0,1,0,0,0
28VEAXN4T_7572-3556-8084-4068,0,0,0,0,0,1,0,0,0
28VEAXN4T_7572-4068-8084-4580,0,0,0,0,0,1,0,0,0
28VEAXN4T_7638-2646-8150-3158,0,0,0,0,0,1,0,0,0
28VEAXN4T_7572-4580-8084-5092,0,0,0,0,0,1,0,0,0
28VEAXN4T_7811-3894-8323-4406,0,0,0,0,0,1,0,0,0
28VEAXN4T_7811-4406-8323-4918,0,0,0,0,0,1,0,0,0
28VEAXN4T_7811-3382-8323-3894,0,0,0,0,0,1,0,0,0
293ADK9PX_1323-3212-1835-3724,0,0,1,0,0,0,0,0,0
293ADK9PX_370-3969-882-4481,0,0,1,0,0,0,0,0,0
28VEAXN4T_7776-5869-8288-6381,0,0,0,0,0,1,0,0,0
28VEAXN4T_7638-2134-8150-2646,0,0,0,0,0,1,0,0,0
28VEAXN4T_977-638-1489-1150,0,0,0,0,0,1,0,0,1
293ADK9PX_1467-4053-1979-4565,0,0,1,0,0,0,0,0,0
293ADK9PX_3857-2974-4369-3486,0,0,1,0,0,0,0,0,0
293ADK9PX_4000-3903-4512-4415,0,0,1,0,0,0,0,0,0
293ADK9PX_4631-369-5143-881,0,0,1,0,0,0,0,0,0
293ADK9PX_4909-3906-5421-4418,0,0,1,0,0,0,0,0,0
293ADK9PX_3962-3191-4474-3703,0,0,1,0,0,0,0,0,0
293ADK9PX_5201-4026-5713-4538,0,0,1,0,0,0,0,0,0
293ADK9PX_5654-3731-6166-4243,0,0,1,0,0,0,0,0,0
293ADK9PX_5235-474-5747-986,0,0,1,0,0,0,0,0,0
293ADK9PX_5498-3978-6010-4490,0,0,1,0,0,0,0,0,0
293ADK9PX_5811-411-6323-923,0,0,1,0,0,0,0,0,0
293ADK9PX_6649-1095-7161-1607,0,0,1,0,0,0,0,0,0
293ADK9PX_6293-4009-6805-4521,0,0,1,0,0,0,0,0,0
293ADK9PX_637-4088-1149-4600,0,0,1,0,0,0,0,0,0
293ADK9PX_5954-3809-6466-4321,0,0,1,0,0,0,0,0,0
293ADK9PX_5887-2205-6399-2717,0,0,1,0,0,0,0,0,0
293ADK9PX_6040-2991-6552-3503,0,0,1,0,0,0,0,0,0
293ADK9PX_6703-3673-7215-4185,0,0,1,0,0,0,0,0,0
293ADK9PX_7001-3790-7513-4302,0,0,1,0,0,0,0,0,0
293ADK9PX_7283-1650-7795-2162,0,0,1,0,0,0,0,0,0
293ADK9PX_7004-1464-7516-1976,0,0,1,0,0,0,0,0,0
293ADK9PX_7117-380-7629-892,0,0,1,0,0,0,0,0,0
293ADK9PX_7473-3475-7985-3987,0,0,1,0,0,0,0,0,0
293ADK9PX_7649-3672-8161-4184,0,0,1,0,0,0,0,0,0
293ADK9PX_7419-3774-7931-4286,0,0,1,0,0,0,0,0,0
29PWCB1DI_1086-641-1598-1153,0,0,1,0,0,0,0,0,0
29PWCB1DI_1328-964-1840-1476,0,0,1,0,0,0,0,0,0
29PWCB1DI_1134-5128-1646-5640,0,0,1,0,0,0,0,0,0
29PWCB1DI_1328-1476-1840-1988,0,0,1,0,0,0,0,0,0
29PWCB1DI_1271-6443-1783-6955,0,0,1,0,0,0,0,0,0
29PWCB1DI_1134-4616-1646-5128,0,0,1,0,0,0,0,0,0
29PWCB1DI_1271-6955-1783-7467,0,0,1,0,0,0,0,0,0
29PWCB1DI_1145-7570-1657-8082,0,0,1,0,0,0,1,0,0
29PWCB1DI_1080-5964-1592-6476,0,0,1,0,0,0,0,0,0
29PWCB1DI_1364-7808-1876-8320,0,0,1,0,0,0,0,0,0
29PWCB1DI_1364-8320-1876-8832,0,0,1,0,0,0,0,0,0
29PWCB1DI_1492-2236-2004-2748,0,0,1,0,0,0,0,0,0
29PWCB1DI_1495-5275-2007-5787,0,0,1,0,0,0,0,0,0
29PWCB1DI_1569-6687-2081-7199,0,0,1,0,0,0,0,0,0
29PWCB1DI_1495-4763-2007-5275,0,0,1,0,0,0,0,0,0
29PWCB1DI_1495-5787-2007-6299,0,0,1,0,0,0,0,0,0
29PWCB1DI_1650-6246-2162-6758,0,0,1,0,0,0,0,0,0
29PWCB1DI_1614-1498-2126-2010,0,0,1,0,0,0,0,0,0
29PWCB1DI_1658-598-2170-1110,0,0,1,0,0,0,0,0,0
29PWCB1DI_2081-6687-2593-7199,0,0,1,0,0,0,0,0,0
29PWCB1DI_1658-1110-2170-1622,0,0,1,0,0,0,0,0,0
29PWCB1DI_1948-7015-2460-7527,0,0,1,0,0,0,0,0,0
29PWCB1DI_1876-8320-2388-8832,0,0,1,0,0,0,0,0,0
29PWCB1DI_1657-7570-2169-8082,0,0,1,0,0,0,1,0,0
29PWCB1DI_1961-4207-2473-4719,0,0,1,0,0,0,0,0,0
29PWCB1DI_1772-5178-2284-5690,0,0,1,0,0,0,0,0,0
29PWCB1DI_1961-4719-2473-5231,0,0,1,0,0,0,0,0,0
29PWCB1DI_1772-5690-2284-6202,0,0,1,0,0,0,0,0,0
29PWCB1DI_2131-1595-2643-2107,0,0,1,0,0,0,0,0,0
29PWCB1DI_2131-5179-2643-5691,0,0,1,0,0,0,0,0,0
29PWCB1DI_2131-6203-2643-6715,0,0,1,0,0,0,0,0,0
29PWCB1DI_2131-5691-2643-6203,0,0,1,0,0,0,0,0,0
29PWCB1DI_2243-7002-2755-7514,0,0,1,0,0,0,0,0,0
29PWCB1DI_2131-7227-2643-7739,0,0,1,0,0,0,1,0,0
29PWCB1DI_2131-8251-2643-8763,0,0,1,0,0,0,0,0,0
29PWCB1DI_2131-7739-2643-8251,0,0,1,0,0,0,0,0,0
29PWCB1DI_2643-2619-3155-3131,0,0,1,0,0,0,0,0,0
29PWCB1DI_2643-4155-3155-4667,0,0,1,0,0,0,0,0,0
29PWCB1DI_2643-3131-3155-3643,0,0,1,0,0,0,0,0,0
29PWCB1DI_2643-1595-3155-2107,0,0,1,0,0,0,0,0,0
29PWCB1DI_2643-3643-3155-4155,0,0,1,0,0,0,0,0,0
29PWCB1DI_2260-6495-2772-7007,0,0,1,0,0,0,0,0,0
29PWCB1DI_2634-1936-3146-2448,0,0,1,0,0,0,0,0,0
29PWCB1DI_2375-598-2887-1110,0,0,1,0,0,0,0,0,0
29PWCB1DI_2388-7808-2900-8320,0,0,1,0,0,0,0,0,0
29PWCB1DI_2375-1110-2887-1622,0,0,1,0,0,0,0,0,0
29PWCB1DI_2643-5179-3155-5691,0,0,1,0,0,0,0,0,0
29PWCB1DI_2643-5691-3155-6203,0,0,1,0,0,0,0,0,0
29PWCB1DI_2643-6203-3155-6715,0,0,1,0,0,0,0,0,0
29PWCB1DI_2643-6715-3155-7227,0,0,1,0,0,0,0,0,0
29PWCB1DI_2643-7739-3155-8251,0,0,1,0,0,0,0,0,0
29PWCB1DI_2643-7227-3155-7739,0,0,1,0,0,0,1,0,0
29PWCB1DI_2772-6495-3284-7007,0,0,1,0,0,0,0,0,0
29PWCB1DI_2643-8251-3155-8763,0,0,1,0,0,0,0,0,0
29PWCB1DI_2887-1110-3399-1622,0,0,1,0,0,0,0,0,0
29PWCB1DI_3155-1083-3667-1595,0,0,1,0,0,0,0,0,0
29PWCB1DI_3155-2107-3667-2619,0,0,1,0,0,0,0,0,0
29PWCB1DI_2887-598-3399-1110,0,0,1,0,0,0,0,0,0
29PWCB1DI_3155-1595-3667-2107,0,0,1,0,0,0,0,0,0
29PWCB1DI_2817-7578-3329-8090,0,0,1,0,0,0,1,0,0
29PWCB1DI_3133-4068-3645-4580,0,0,1,0,0,0,0,0,0
29PWCB1DI_2998-6918-3510-7430,0,0,1,0,0,0,0,0,0
29PWCB1DI_2998-7430-3510-7942,0,0,1,0,0,0,1,0,0
29PWCB1DI_3155-2619-3667-3131,0,0,1,0,0,0,0,0,0
29PWCB1DI_3155-3131-3667-3643,0,0,1,0,0,0,0,0,0
29PWCB1DI_3155-6203-3667-6715,0,0,1,0,0,0,0,0,0
29PWCB1DI_3155-5179-3667-5691,0,0,1,0,0,0,0,0,0
29PWCB1DI_3155-4667-3667-5179,0,0,1,0,0,0,0,0,0
29PWCB1DI_3155-3643-3667-4155,0,0,1,0,0,0,0,0,0
29PWCB1DI_3155-571-3667-1083,0,0,1,0,0,0,0,0,0
29PWCB1DI_3155-7227-3667-7739,0,0,1,0,0,0,1,0,0
29PWCB1DI_3155-6715-3667-7227,0,0,1,0,0,0,0,0,0
29PWCB1DI_3226-5621-3738-6133,0,0,1,0,0,0,0,0,0
29PWCB1DI_3155-8251-3667-8763,0,0,1,0,0,0,0,0,0
29PWCB1DI_3656-7905-4168-8417,0,0,1,0,0,0,1,0,0
29PWCB1DI_3284-6495-3796-7007,0,0,1,0,0,0,0,0,0
29PWCB1DI_3284-7007-3796-7519,0,0,1,0,0,0,0,0,0
29PWCB1DI_3185-7806-3697-8318,0,0,1,0,0,0,0,0,0
29PWCB1DI_3667-1595-4179-2107,0,0,1,0,0,0,0,0,0
29PWCB1DI_3329-7578-3841-8090,0,0,1,0,0,0,1,0,0
29PWCB1DI_3423-2835-3935-3347,0,0,1,0,0,0,0,0,0
29PWCB1DI_3445-7275-3957-7787,0,0,1,0,0,0,1,0,0
29PWCB1DI_3667-3643-4179-4155,0,0,1,0,0,0,0,0,0
29PWCB1DI_3667-2107-4179-2619,0,0,1,0,0,0,0,0,0
29PWCB1DI_3667-6715-4179-7227,0,0,1,0,0,0,0,0,0
29PWCB1DI_3685-4999-4197-5511,0,0,1,0,0,0,0,0,0
29PWCB1DI_3667-8251-4179-8763,0,0,1,0,0,0,0,0,0
29PWCB1DI_3667-4667-4179-5179,0,0,1,0,0,0,0,0,0
29PWCB1DI_3910-1139-4422-1651,0,0,1,0,0,0,0,0,0
29PWCB1DI_3986-2903-4498-3415,0,0,1,0,0,0,0,0,0
29PWCB1DI_4179-2107-4691-2619,0,0,1,0,0,0,0,0,0
29PWCB1DI_4179-4667-4691-5179,0,0,1,1,0,0,0,0,0
29PWCB1DI_4179-3131-4691-3643,0,0,1,0,0,0,0,0,0
29PWCB1DI_3957-7275-4469-7787,0,0,1,0,0,0,1,0,0
29PWCB1DI_4179-571-4691-1083,0,0,1,0,0,0,0,0,0
29PWCB1DI_4179-5179-4691-5691,0,0,1,0,0,0,0,0,0
29PWCB1DI_4179-4155-4691-4667,0,0,1,1,0,0,0,0,0
29PWCB1DI_4179-6715-4691-7227,0,0,1,0,0,0,0,0,0
29PWCB1DI_4179-8251-4691-8763,0,0,1,0,0,0,0,0,0
29PWCB1DI_4179-7739-4691-8251,0,0,1,0,0,0,1,0,0
29PWCB1DI_4347-1117-4859-1629,0,0,1,0,0,0,0,0,0
29PWCB1DI_4286-4450-4798-4962,0,0,1,1,0,0,0,0,0
29PWCB1DI_4202-1753-4714-2265,0,0,1,0,0,0,0,0,0
29PWCB1DI_4620-5012-5132-5524,0,0,1,0,0,0,0,0,0
29PWCB1DI_4384-7909-4896-8421,0,0,1,0,0,0,0,0,0
29PWCB1DI_4620-5524-5132-6036,0,0,1,0,0,0,0,0,0
29PWCB1DI_4691-1083-5203-1595,0,0,1,0,0,0,0,0,0
29PWCB1DI_4691-1595-5203-2107,0,0,1,0,0,0,0,0,0
29PWCB1DI_4691-2107-5203-2619,0,0,1,0,0,0,0,0,0
29PWCB1DI_4691-2619-5203-3131,0,0,1,0,0,0,0,0,0
29PWCB1DI_4691-3643-5203-4155,0,0,1,0,0,0,0,0,0
29PWCB1DI_4691-3131-5203-3643,0,0,1,0,0,0,0,0,0
29PWCB1DI_4691-6203-5203-6715,0,0,1,0,0,0,0,0,0
29PWCB1DI_4691-4667-5203-5179,0,0,1,1,0,0,0,0,0
29PWCB1DI_4691-4155-5203-4667,0,0,1,1,0,0,0,0,0
29PWCB1DI_4691-571-5203-1083,0,0,1,0,0,0,0,0,0
29PWCB1DI_4691-6715-5203-7227,0,0,1,0,0,0,0,0,0
29PWCB1DI_4691-7227-5203-7739,0,0,1,0,0,0,0,0,0
29PWCB1DI_4691-7739-5203-8251,0,0,1,0,0,0,0,0,0
29PWCB1DI_4691-8251-5203-8763,0,0,1,0,0,0,0,0,0
29PWCB1DI_789-1323-1301-1835,0,0,1,0,0,0,0,0,0
29PWCB1DI_904-3311-1416-3823,0,0,1,0,0,0,0,0,0
29PWCB1DI_913-4755-1425-5267,0,0,1,0,0,0,0,0,0
29PWCB1DI_904-3823-1416-4335,0,0,1,0,0,0,0,0,0
29PWCB1DI_806-590-1318-1102,0,0,1,0,0,0,0,0,0
29PWCB1DI_852-7808-1364-8320,0,0,1,0,0,0,0,0,0
29PWCB1DI_852-8320-1364-8832,0,0,1,0,0,0,0,0,0
29PWCB1DI_913-4243-1425-4755,0,0,1,0,0,0,0,0,0
29PWCB1DI_913-5779-1425-6291,0,0,1,0,0,0,0,0,0
29PWCB1DI_913-5267-1425-5779,0,0,1,0,0,0,0,0,0
29PWCB1DI_937-2511-1449-3023,0,0,1,0,0,0,0,0,0
29PWCB1DI_937-1999-1449-2511,0,0,1,0,0,0,0,0,0
29PWCB1DI_937-3023-1449-3535,0,0,1,0,0,0,0,0,0
29PWCB1DI_994-1705-1506-2217,0,0,1,0,0,0,0,0,0
29PWCB1DI_989-6965-1501-7477,0,0,1,0,0,0,0,0,0
2A2TMWHRA_10039-13124-10551-13636,0,0,1,0,1,0,0,0,0
2A2TMWHRA_10072-8448-10584-8960,0,0,1,0,0,0,0,0,0
2A2TMWHRA_10072-5376-10584-5888,0,0,1,0,0,0,0,0,0
2A2TMWHRA_10072-13568-10584-14080,0,0,1,0,1,0,0,0,0
2A2TMWHRA_10584-8960-11096-9472,0,0,1,0,0,0,0,0,0
2A2TMWHRA_10584-4864-11096-5376,0,0,1,0,1,0,0,0,0
2A2TMWHRA_10584-13056-11096-13568,0,0,1,0,0,0,0,0,0
2A2TMWHRA_10551-12612-11063-13124,0,0,1,0,0,0,0,0,0
2A2TMWHRA_10584-5376-11096-5888,0,0,1,0,1,0,0,0,0
2A2TMWHRA_10072-8960-10584-9472,0,0,1,0,0,0,0,0,0
2A2TMWHRA_10977-13427-11489-13939,0,0,1,0,0,0,0,0,0
2A2TMWHRA_10584-8448-11096-8960,0,0,1,0,0,0,0,0,0
2A2TMWHRA_11063-5022-11575-5534,0,0,0,0,1,0,0,0,0
2A2TMWHRA_11096-12544-11608-13056,0,0,1,0,0,0,0,0,0
2A2TMWHRA_11096-12032-11608-12544,0,0,1,0,0,0,0,0,0
2A2TMWHRA_11096-5376-11608-5888,0,0,1,0,1,0,0,0,0
2A2TMWHRA_11096-5888-11608-6400,0,0,1,0,0,0,0,0,0
2A2TMWHRA_11096-8448-11608-8960,0,0,1,0,0,0,0,0,0
2A2TMWHRA_11096-8960-11608-9472,0,0,1,0,0,0,0,0,0
2A2TMWHRA_11608-11520-12120-12032,0,0,1,0,0,0,0,0,0
2A2TMWHRA_11608-12032-12120-12544,0,0,1,0,0,0,0,0,0
2A2TMWHRA_11608-6400-12120-6912,0,0,1,0,0,0,0,0,0
2A2TMWHRA_11608-5888-12120-6400,0,0,1,0,0,0,0,0,0
2A2TMWHRA_11575-5022-12087-5534,0,0,1,0,1,0,0,0,0
2A2TMWHRA_11608-13056-12120-13568,0,0,1,0,0,0,0,0,0
2A2TMWHRA_11608-12544-12120-13056,0,0,1,0,0,0,0,0,0
2A2TMWHRA_11608-6912-12120-7424,0,0,1,0,0,0,0,0,0
2A2TMWHRA_11608-5376-12120-5888,0,0,1,0,1,0,0,0,0
2A2TMWHRA_11608-8960-12120-9472,0,0,1,0,0,0,0,0,0
2A2TMWHRA_11608-13568-12120-14080,0,0,1,0,0,0,0,0,0
2A2TMWHRA_1190-2723-1702-3235,0,0,1,0,0,0,0,0,0
2A2TMWHRA_1190-2211-1702-2723,0,0,1,0,0,1,0,0,0
2A2TMWHRA_1190-1699-1702-2211,0,0,1,0,0,1,0,0,0
2A2TMWHRA_1190-1187-1702-1699,0,0,1,0,0,1,0,0,0
2A2TMWHRA_1190-675-1702-1187,0,0,1,0,1,0,0,0,0
2A2TMWHRA_12120-4864-12632-5376,0,0,1,0,0,0,0,0,0
2A2TMWHRA_11911-5006-12423-5518,0,0,1,0,0,0,0,0,0
2A2TMWHRA_12120-5376-12632-5888,0,0,1,0,0,0,0,0,0
2A2TMWHRA_1277-11415-1789-11927,0,0,1,0,0,0,0,0,0
2A2TMWHRA_1277-12439-1789-12951,0,0,1,0,0,0,0,0,0
2A2TMWHRA_1277-10391-1789-10903,0,0,1,0,0,0,0,0,0
2A2TMWHRA_1277-10903-1789-11415,0,0,1,0,0,0,0,0,0
2A2TMWHRA_1277-8343-1789-8855,0,0,1,0,0,0,0,0,0
2A2TMWHRA_1277-7831-1789-8343,0,0,1,0,0,0,0,0,0
2A2TMWHRA_1277-8855-1789-9367,0,0,1,0,0,0,0,0,0
2A2TMWHRA_1277-11927-1789-12439,0,0,1,0,0,0,0,0,0
2A2TMWHRA_1277-9367-1789-9879,0,0,1,0,0,0,0,0,0
2A2TMWHRA_1277-9879-1789-10391,0,0,1,0,0,0,0,0,0
2A2TMWHRA_1291-4398-1803-4910,0,0,1,0,0,0,0,0,0
2A2TMWHRA_1291-3886-1803-4398,0,0,1,0,0,0,0,0,0
2A2TMWHRA_1291-4910-1803-5422,0,0,1,0,0,0,0,0,0
2A2TMWHRA_1291-3374-1803-3886,0,0,1,0,0,0,0,0,0
2A2TMWHRA_1291-5934-1803-6446,0,0,1,0,0,0,0,0,0
2A2TMWHRA_1382-13132-1894-13644,0,0,1,0,0,0,0,0,0
2A2TMWHRA_1382-13644-1894-14156,0,0,1,0,1,1,0,0,0
2A2TMWHRA_1702-3235-2214-3747,0,0,1,0,0,0,0,0,0
2A2TMWHRA_1429-7646-1941-8158,0,0,1,0,0,0,0,0,0
2A2TMWHRA_1429-6622-1941-7134,0,0,1,0,0,0,0,0,0
2A2TMWHRA_1429-5598-1941-6110,0,0,1,0,0,0,0,0,0
2A2TMWHRA_1894-13132-2406-13644,0,0,1,0,0,0,0,0,0
2A2TMWHRA_1789-7831-2301-8343,0,0,1,0,0,0,0,0,0
2A2TMWHRA_1803-3886-2315-4398,0,0,1,0,0,0,0,0,0
2A2TMWHRA_1702-675-2214-1187,0,0,1,0,1,1,0,0,0
2A2TMWHRA_1941-5598-2453-6110,0,0,1,0,0,0,0,0,0
2A2TMWHRA_1894-13644-2406-14156,0,0,1,0,1,1,0,0,0
2A2TMWHRA_1941-6110-2453-6622,0,0,1,0,0,0,0,0,0
2A2TMWHRA_1941-7646-2453-8158,0,0,1,0,0,0,0,0,0
2A2TMWHRA_1941-6622-2453-7134,0,0,1,0,0,0,0,0,0
2A2TMWHRA_2301-7831-2813-8343,0,0,1,0,0,0,0,0,0
2A2TMWHRA_2214-675-2726-1187,0,0,1,0,1,1,0,0,0
2A2TMWHRA_2315-3886-2827-4398,0,0,1,0,0,0,0,0,0
2A2TMWHRA_2315-3374-2827-3886,0,0,1,0,0,0,0,0,0
2A2TMWHRA_2315-5934-2827-6446,0,0,1,0,0,0,0,0,0
2A2TMWHRA_2406-13132-2918-13644,0,0,1,0,0,0,0,0,0
2A2TMWHRA_2453-5598-2965-6110,0,0,1,0,0,0,0,0,0
2A2TMWHRA_2406-13644-2918-14156,0,0,1,0,1,1,0,0,0
2A2TMWHRA_2453-7646-2965-8158,0,0,1,0,0,0,0,0,0
2A2TMWHRA_2827-5934-3339-6446,0,0,1,0,0,0,0,0,0
2A2TMWHRA_2813-7831-3325-8343,0,0,1,0,0,0,0,0,0
2A2TMWHRA_2827-3886-3339-4398,0,0,1,0,0,0,0,0,0
2A2TMWHRA_2453-6622-2965-7134,0,0,1,0,0,0,0,0,0
2A2TMWHRA_2726-675-3238-1187,0,0,1,0,1,1,0,0,0
2A2TMWHRA_2918-13132-3430-13644,0,0,1,0,1,0,0,0,0
2A2TMWHRA_2918-13644-3430-14156,0,0,1,0,1,1,0,0,0
2A2TMWHRA_2965-6622-3477-7134,0,0,1,0,0,0,0,0,0
2A2TMWHRA_2965-7646-3477-8158,0,0,1,0,0,0,0,0,0
2A2TMWHRA_2965-5598-3477-6110,0,0,1,0,0,0,0,0,0
2A2TMWHRA_3090-6223-3602-6735,0,0,1,0,0,0,0,0,0
2A2TMWHRA_3339-3886-3851-4398,0,0,1,0,0,0,0,0,0
2A2TMWHRA_3325-7831-3837-8343,0,0,1,0,0,0,0,0,0
2A2TMWHRA_3238-675-3750-1187,0,0,1,0,1,1,0,0,0
2A2TMWHRA_3430-13132-3942-13644,0,0,1,0,1,1,0,0,0
2A2TMWHRA_3339-5934-3851-6446,0,0,1,0,0,0,0,0,0
2A2TMWHRA_3430-13644-3942-14156,0,0,1,0,1,1,0,0,0
2A2TMWHRA_3750-3747-4262-4259,0,0,1,0,0,0,0,0,0
2A2TMWHRA_3477-6622-3989-7134,0,0,1,0,0,0,0,0,0
2A2TMWHRA_3477-7646-3989-8158,0,0,1,0,0,0,0,0,0
2A2TMWHRA_3837-7831-4349-8343,0,0,1,0,0,0,0,0,0
2A2TMWHRA_3750-675-4262-1187,0,0,1,0,1,1,0,0,0
2A2TMWHRA_3851-5934-4363-6446,0,0,1,0,0,0,0,0,0
2A2TMWHRA_3942-13132-4454-13644,0,0,1,0,0,1,0,0,0
2A2TMWHRA_3989-7646-4501-8158,0,0,1,0,0,0,0,0,0
2A2TMWHRA_3942-13644-4454-14156,0,0,1,0,1,1,0,0,0
2A2TMWHRA_4262-3747-4774-4259,0,0,1,0,0,0,0,0,0
2A2TMWHRA_4262-3235-4774-3747,0,0,1,0,0,0,0,0,0
2A2TMWHRA_4262-675-4774-1187,0,0,1,0,1,1,0,0,0
2A2TMWHRA_4454-13132-4966-13644,0,0,1,0,1,1,0,0,0
2A2TMWHRA_4349-7831-4861-8343,0,0,1,0,0,0,0,0,0
2A2TMWHRA_4454-13644-4966-14156,0,0,1,0,1,1,0,0,0
2A2TMWHRA_4501-5598-5013-6110,0,0,1,0,0,0,0,0,0
2A2TMWHRA_4501-6110-5013-6622,0,0,1,0,0,0,0,0,0
2A2TMWHRA_4501-8158-5013-8670,0,0,1,0,0,0,0,0,0
2A2TMWHRA_4774-2723-5286-3235,0,0,1,0,0,0,0,0,0
2A2TMWHRA_4774-3235-5286-3747,0,0,1,0,0,0,0,0,0
2A2TMWHRA_4501-7646-5013-8158,0,0,1,0,0,0,0,0,0
2A2TMWHRA_4875-3886-5387-4398,0,0,1,0,0,0,0,0,0
2A2TMWHRA_4861-7831-5373-8343,0,0,1,0,0,0,0,0,0
2A2TMWHRA_4774-675-5286-1187,0,0,1,0,0,1,0,0,0
2A2TMWHRA_4966-13132-5478-13644,0,0,1,0,0,1,0,0,0
2A2TMWHRA_5013-8158-5525-8670,0,0,1,0,0,0,0,0,0
2A2TMWHRA_5013-6110-5525-6622,0,0,1,0,0,0,0,0,0
2A2TMWHRA_4966-13644-5478-14156,0,0,1,0,1,1,0,0,0
2A2TMWHRA_5013-5598-5525-6110,0,0,1,0,0,0,0,0,0
2A2TMWHRA_5286-675-5798-1187,0,0,1,0,1,0,0,0,0
2A2TMWHRA_5286-3747-5798-4259,0,0,1,0,0,0,0,0,0
2A2TMWHRA_5286-2723-5798-3235,0,0,1,0,0,0,0,0,0
2A2TMWHRA_5352-2994-5864-3506,0,0,1,0,0,0,0,0,0
2A2TMWHRA_5387-4910-5899-5422,0,0,1,0,0,0,0,0,0
2A2TMWHRA_5373-8343-5885-8855,0,0,1,0,0,0,0,0,0
2A2TMWHRA_5387-4398-5899-4910,0,0,1,0,0,0,0,0,0
2A2TMWHRA_5373-7831-5885-8343,0,0,1,0,0,0,0,0,0
2A2TMWHRA_5387-5934-5899-6446,0,0,1,0,0,0,0,0,0
2A2TMWHRA_5478-13132-5990-13644,0,0,1,0,0,1,0,0,0
2A2TMWHRA_5387-3374-5899-3886,0,0,1,0,0,0,0,0,0
2A2TMWHRA_5387-5422-5899-5934,0,0,1,0,0,0,0,0,0
2A2TMWHRA_5478-13644-5990-14156,0,0,1,0,0,1,0,0,0
2A2TMWHRA_5798-1187-6310-1699,0,0,1,0,0,0,0,0,0
2A2TMWHRA_5798-3747-6310-4259,0,0,1,0,0,0,0,0,0
2A2TMWHRA_5798-1699-6310-2211,0,0,1,0,0,0,0,0,0
2A2TMWHRA_5798-2211-6310-2723,0,0,1,0,0,0,0,0,0
2A2TMWHRA_5525-8158-6037-8670,0,0,1,0,0,0,0,0,0
2A2TMWHRA_5885-8343-6397-8855,0,0,1,0,0,0,0,0,0
2A2TMWHRA_5885-10903-6397-11415,0,0,1,0,0,0,0,0,0
2A2TMWHRA_5798-675-6310-1187,0,0,1,0,1,0,0,0,0
2A2TMWHRA_5899-3374-6411-3886,0,0,1,0,0,0,0,0,0
2A2TMWHRA_6037-8158-6549-8670,0,0,1,0,0,0,0,0,0
2A2TMWHRA_6037-5598-6549-6110,0,0,1,0,0,0,0,0,0
2A2TMWHRA_5990-13132-6502-13644,0,0,1,0,0,1,0,0,0
2A2TMWHRA_5990-13644-6502-14156,0,0,1,0,0,0,0,0,0
2A2TMWHRA_5899-4910-6411-5422,0,0,1,0,0,1,0,0,0
2A2TMWHRA_6201-661-6713-1173,0,0,1,0,0,1,0,0,0
2A2TMWHRA_6187-1662-6699-2174,0,0,1,0,0,0,0,0,0
2A2TMWHRA_6187-1150-6699-1662,0,0,1,0,0,0,0,0,0
2A2TMWHRA_6296-2444-6808-2956,0,0,1,0,0,0,0,0,0
2A2TMWHRA_6397-9879-6909-10391,0,0,1,0,0,0,0,0,0
2A2TMWHRA_6455-11076-6967-11588,0,0,1,0,0,0,0,0,0
2A2TMWHRA_6397-9367-6909-9879,0,0,1,0,0,0,0,0,0
2A2TMWHRA_6397-8343-6909-8855,0,0,1,0,0,0,0,0,0
2A2TMWHRA_6488-10496-7000-11008,0,0,1,0,0,0,0,0,0
2A2TMWHRA_6488-13056-7000-13568,0,0,1,0,1,0,0,0,0
2A2TMWHRA_6488-4864-7000-5376,0,0,0,0,1,0,0,0,0
2A2TMWHRA_6488-13568-7000-14080,0,0,1,0,1,1,0,0,0
2A2TMWHRA_6488-6912-7000-7424,0,0,1,0,0,0,0,0,0
2A2TMWHRA_6488-7424-7000-7936,0,0,1,0,0,0,0,0,0
2A2TMWHRA_6488-5888-7000-6400,0,0,1,0,0,0,0,0,0
2A2TMWHRA_6488-7936-7000-8448,0,0,1,0,0,0,0,0,0
2A2TMWHRA_6488-8960-7000-9472,0,0,1,0,0,0,0,0,0
2A2TMWHRA_6549-6622-7061-7134,0,0,1,0,0,0,0,0,0
2A2TMWHRA_6549-5598-7061-6110,0,0,1,0,0,0,0,0,0
2A2TMWHRA_678-1187-1190-1699,0,0,1,0,0,1,0,0,0
2A2TMWHRA_678-2211-1190-2723,0,0,1,0,0,1,0,0,0
2A2TMWHRA_678-1699-1190-2211,0,0,1,0,0,1,0,0,0
2A2TMWHRA_678-2723-1190-3235,0,0,1,0,0,1,0,0,0
2A2TMWHRA_678-3747-1190-4259,0,0,1,0,0,1,0,0,0
2A2TMWHRA_678-3235-1190-3747,0,0,1,0,0,1,0,0,0
2A2TMWHRA_678-675-1190-1187,0,0,1,0,0,1,0,0,0
2A2TMWHRA_6842-8126-7354-8638,0,0,1,0,0,0,0,0,0
2A2TMWHRA_6967-10052-7479-10564,0,0,1,0,0,0,0,0,0
2A2TMWHRA_6909-10903-7421-11415,0,0,1,0,0,0,0,0,0
2A2TMWHRA_7000-13568-7512-14080,0,0,1,0,1,1,0,0,0
2A2TMWHRA_7000-5376-7512-5888,0,0,1,0,0,0,0,0,0
2A2TMWHRA_7000-7424-7512-7936,0,0,1,0,0,0,0,0,0
2A2TMWHRA_7000-7936-7512-8448,0,0,1,0,0,0,0,0,0
2A2TMWHRA_7000-6400-7512-6912,0,0,1,0,0,0,0,0,0
2A2TMWHRA_7000-4864-7512-5376,0,0,1,0,1,0,0,0,0
2A2TMWHRA_7000-8960-7512-9472,0,0,1,0,0,0,0,0,0
2A2TMWHRA_7000-8448-7512-8960,0,0,1,0,0,0,0,0,0
2A2TMWHRA_7000-6912-7512-7424,0,0,1,0,0,0,0,0,0
2A2TMWHRA_7000-9472-7512-9984,0,0,1,0,0,0,0,0,0
2A2TMWHRA_7014-13132-7526-13644,0,0,1,0,1,1,0,0,0
2A2TMWHRA_7421-10903-7933-11415,0,0,1,0,0,0,0,0,0
2A2TMWHRA_7354-8638-7866-9150,0,0,1,0,0,0,0,0,0
2A2TMWHRA_7354-7614-7866-8126,0,0,1,0,0,0,0,0,0
2A2TMWHRA_7421-11415-7933-11927,0,0,1,0,0,0,0,0,0
2A2TMWHRA_7479-10564-7991-11076,0,0,1,0,0,0,0,0,0
2A2TMWHRA_7512-4864-8024-5376,0,0,1,0,1,0,0,0,0
2A2TMWHRA_7512-13568-8024-14080,0,0,1,0,1,1,0,0,0
2A2TMWHRA_7512-5376-8024-5888,0,0,1,0,0,0,0,0,0
2A2TMWHRA_7866-8126-8378-8638,0,0,1,0,0,0,0,0,0
2A2TMWHRA_7933-7831-8445-8343,0,0,1,0,0,0,0,0,0
2A2TMWHRA_7866-8638-8378-9150,0,0,1,0,0,0,0,0,0
2A2TMWHRA_7512-8448-8024-8960,0,0,1,0,0,0,0,0,0
2A2TMWHRA_7512-9984-8024-10496,0,0,1,0,0,0,0,0,0
2A2TMWHRA_7512-7936-8024-8448,0,0,1,0,0,0,0,0,0
2A2TMWHRA_7991-10564-8503-11076,0,0,1,0,0,0,0,0,0
2A2TMWHRA_7526-13132-8038-13644,0,0,1,0,1,1,0,0,0
2A2TMWHRA_7991-11588-8503-12100,0,0,1,0,0,0,0,0,0
2A2TMWHRA_7991-11076-8503-11588,0,0,1,0,0,0,0,0,0
2A2TMWHRA_8024-13568-8536-14080,0,0,1,0,1,1,0,0,0
2A2TMWHRA_8024-8448-8536-8960,0,0,1,0,0,0,0,0,0
2A2TMWHRA_8038-13132-8550-13644,0,0,1,0,1,1,0,0,0
2A2TMWHRA_8378-8126-8890-8638,0,0,1,0,0,0,0,0,0
2A2TMWHRA_8445-10903-8957-11415,0,0,1,0,0,0,0,0,0
2A2TMWHRA_8503-11588-9015-12100,0,0,1,0,0,0,0,0,0
2A2TMWHRA_8503-12100-9015-12612,0,0,1,0,0,0,0,0,0
2A2TMWHRA_8445-8855-8957-9367,0,0,1,0,0,0,0,0,0
2A2TMWHRA_8890-8126-9402-8638,0,0,1,0,0,0,0,0,0
2A2TMWHRA_8536-13568-9048-14080,0,0,1,0,1,1,0,0,0
2A2TMWHRA_8536-7936-9048-8448,0,0,1,0,0,0,0,0,0
2A2TMWHRA_870-13644-1382-14156,0,0,1,0,0,1,0,0,0
2A2TMWHRA_870-13132-1382-13644,0,0,1,0,0,0,0,0,0
2A2TMWHRA_8536-8448-9048-8960,0,0,1,0,0,0,0,0,0
2A2TMWHRA_8550-13132-9062-13644,0,0,1,0,1,1,0,0,0
2A2TMWHRA_8957-11415-9469-11927,0,0,1,0,0,0,0,0,0
2A2TMWHRA_9015-12100-9527-12612,0,0,1,0,0,0,0,0,0
2A2TMWHRA_8957-8855-9469-9367,0,0,1,0,0,0,0,0,0
2A2TMWHRA_9048-5376-9560-5888,0,0,1,0,0,0,0,0,0
2A2TMWHRA_9048-12544-9560-13056,0,0,1,0,0,0,0,0,0
2A2TMWHRA_9048-13568-9560-14080,0,0,1,0,1,1,0,0,0
2A2TMWHRA_9048-8448-9560-8960,0,0,1,0,0,0,0,0,0
2A2TMWHRA_9527-12612-10039-13124,0,0,1,0,0,0,0,0,0
2A2TMWHRA_9402-8126-9914-8638,0,0,1,0,0,0,0,0,0
2A2TMWHRA_905-5125-1417-5637,0,0,1,0,0,0,0,0,0
2A2TMWHRA_9062-13132-9574-13644,0,0,1,0,1,1,0,0,0
2A2TMWHRA_9048-7936-9560-8448,0,0,1,0,0,0,0,0,0
2A2TMWHRA_9469-11927-9981-12439,0,0,1,0,0,0,0,0,0
2A2TMWHRA_9560-5376-10072-5888,0,0,1,0,0,0,0,0,0
2A2TMWHRA_9560-8960-10072-9472,0,0,1,0,0,0,0,0,0
2A2TMWHRA_9560-8448-10072-8960,0,0,1,0,0,0,0,0,0
2A2TMWHRA_9560-13568-10072-14080,0,0,1,0,1,1,0,0,0
2A2TMWHRA_971-10197-1483-10709,0,0,1,0,0,1,0,0,0
2A2TMWHRA_9574-13132-10086-13644,0,0,1,0,1,1,0,0,0
2A2TMWHRA_971-11221-1483-11733,0,0,1,0,0,0,0,0,0
2A2TMWHRA_971-10709-1483-11221,0,0,1,0,0,0,0,0,0
2A2TMWHRA_971-11733-1483-12245,0,0,1,0,0,0,0,0,0
2A2TMWHRA_971-12245-1483-12757,0,0,1,0,0,0,0,0,0
2A2TMWHRA_971-12757-1483-13269,0,0,1,0,0,0,0,0,0
2A2TMWHRA_971-6613-1483-7125,0,0,1,0,0,0,0,0,0
2A2TMWHRA_971-5589-1483-6101,0,0,1,0,0,0,0,0,0
2A2TMWHRA_971-8661-1483-9173,0,0,1,0,0,1,0,0,0
2A2TMWHRA_9914-8126-10426-8638,0,0,1,0,0,0,0,0,0
2A2TMWHRA_971-7125-1483-7637,0,0,1,0,0,0,0,0,0
2A2TMWHRA_971-6101-1483-6613,0,0,1,0,0,0,0,0,0
2A2TMWHRA_971-8149-1483-8661,0,0,1,0,0,1,0,0,0
2A2TMWHRA_971-9173-1483-9685,0,0,1,0,0,1,0,0,0
2A2TMWHRA_971-7637-1483-8149,0,0,1,0,0,0,0,0,0
2A2TMWHRA_971-9685-1483-10197,0,0,1,0,0,1,0,0,0
2A2TMWHRA_9981-12439-10493-12951,0,0,1,0,0,0,0,0,0
2AFN9ULBE_1178-756-1690-1268,0,1,0,0,0,0,0,0,0
2AFN9ULBE_660-1103-1172-1615,0,1,0,0,0,0,0,0,0
2AFN9ULBE_660-2127-1172-2639,0,1,0,0,0,0,0,0,0
2AFN9ULBE_660-1615-1172-2127,0,1,0,0,0,0,0,0,0
2AFN9ULBE_660-591-1172-1103,0,1,0,0,0,0,0,0,0
2AGD1CNA1_4598-6412-5110-6924,1,0,0,0,0,0,0,0,0
2AGD1CNA1_4598-6924-5110-7436,1,0,0,0,0,0,0,0,0
2AGD1CNA1_4598-7436-5110-7948,1,0,0,0,0,0,0,0,0
2AGD1CNA1_5465-9780-5977-10292,1,0,0,0,0,0,0,0,0
2AGD1CNA1_5465-8756-5977-9268,1,0,0,0,0,0,0,0,0
2AGD1CNA1_5465-9268-5977-9780,1,0,0,0,0,0,0,0,0
2AGD1CNA1_5465-6708-5977-7220,1,0,0,0,0,0,0,0,0
2AGD1CNA1_5465-6196-5977-6708,1,0,0,0,0,0,0,0,0
2AGD1CNA1_4953-9780-5465-10292,1,0,0,0,0,0,0,0,0
2AGD1CNA1_5465-7732-5977-8244,1,0,0,0,0,0,0,0,0
2AGD1CNA1_5465-8244-5977-8756,1,0,0,0,0,0,0,0,0
2AGD1CNA1_5499-4029-6011-4541,1,0,0,0,0,0,0,0,0
2AGD1CNA1_5499-4541-6011-5053,1,0,0,0,0,0,0,0,0
2AGD1CNA1_5465-7220-5977-7732,1,0,0,0,0,0,0,0,0
2AGD1CNA1_5977-5684-6489-6196,1,0,0,0,0,0,0,0,0
2AGD1CNA1_5977-6196-6489-6708,1,0,0,0,0,0,0,0,0
2AGD1CNA1_5977-6708-6489-7220,1,0,0,0,0,0,0,0,0
2AGD1CNA1_5977-7220-6489-7732,1,0,0,0,0,0,0,0,0
2AGD1CNA1_5977-7732-6489-8244,1,0,0,0,0,0,0,0,0
2AGD1CNA1_5977-8244-6489-8756,1,0,0,0,0,0,0,0,0
2AGD1CNA1_6036-4928-6548-5440,1,0,0,0,0,0,0,0,0
2AGD1CNA1_6072-1383-6584-1895,1,0,0,0,0,0,0,0,0
2AGD1CNA1_5977-9268-6489-9780,1,0,0,0,0,0,0,0,0
2AGD1CNA1_5977-9780-6489-10292,1,0,0,0,0,0,0,0,0
2AGD1CNA1_6036-3904-6548-4416,1,0,0,0,0,0,0,0,0
2AGD1CNA1_6072-2407-6584-2919,1,0,0,0,0,0,0,0,0
2AGD1CNA1_6036-4416-6548-4928,1,0,0,0,0,0,0,0,0
2AGD1CNA1_5977-8756-6489-9268,1,0,0,0,0,0,0,0,0
2AGD1CNA1_6036-3392-6548-3904,1,0,0,0,0,0,0,0,0
2AGQV93QH_2537-619-3049-1131,0,0,1,0,0,0,0,0,0
2AGD1CNA1_6072-1895-6584-2407,1,0,0,0,0,0,0,0,0
2AGQV93QH_2025-619-2537-1131,0,0,1,0,0,0,0,0,0
2AGQV93QH_5513-3643-6025-4155,0,0,1,0,0,0,0,0,0
2AGQV93QH_4749-3790-5261-4302,0,0,1,0,0,0,0,0,0
2AGQV93QH_5633-4781-6145-5293,0,0,1,0,0,0,0,0,0
2AGQV93QH_5916-4533-6428-5045,0,0,1,0,0,0,0,0,0
2AGQV93QH_5691-4022-6203-4534,0,0,1,0,0,0,0,0,0
2AGQV93QH_6112-3455-6624-3967,0,0,1,0,0,0,0,0,0
2AX76ND22_2168-7314-2680-7826,0,0,1,0,0,0,0,0,0
2AGQV93QH_6354-5908-6866-6420,0,0,1,0,0,0,0,0,0
2AX76ND22_1802-7304-2314-7816,0,0,1,0,0,0,0,0,0
2AMTW4P6A_611-1453-1123-1965,0,0,0,0,0,0,0,0,1
2AX76ND22_653-835-1165-1347,0,0,1,0,0,0,0,0,0
2BLHCPLTR_945-2845-1457-3357,0,0,0,0,0,0,0,0,1
2AMTW4P6A_807-912-1319-1424,0,0,0,0,0,0,0,0,1
2CRC6AJW8_2020-7024-2532-7536,0,0,0,1,0,0,0,0,0
2CRC6AJW8_1508-6512-2020-7024,0,0,0,1,0,0,0,0,0
2CRC6AJW8_1508-7024-2020-7536,0,0,0,1,0,0,0,0,0
2CRC6AJW8_2020-6512-2532-7024,0,0,0,1,0,0,0,0,0
2CRC6AJW8_2532-10096-3044-10608,0,0,0,1,0,0,0,0,0
2CRC6AJW8_2532-11632-3044-12144,0,0,0,1,0,0,0,0,0
2CRC6AJW8_2532-11120-3044-11632,0,0,0,1,0,0,0,0,0
2CRC6AJW8_2532-10608-3044-11120,0,0,0,1,0,0,0,0,0
2CRC6AJW8_2532-6512-3044-7024,0,0,0,1,0,0,0,0,0
2CRC6AJW8_2532-7024-3044-7536,0,0,0,1,0,0,0,0,0
2CRC6AJW8_2532-9584-3044-10096,0,0,0,1,0,0,0,0,0
2CRC6AJW8_3044-12144-3556-12656,0,0,0,1,0,0,0,0,0
2CRC6AJW8_3556-6512-4068-7024,0,0,0,1,0,0,0,0,0
2CRC6AJW8_3044-7024-3556-7536,0,0,0,1,0,0,0,0,0
2CRC6AJW8_3556-7536-4068-8048,0,0,0,1,0,0,0,0,0
2CRC6AJW8_3044-7536-3556-8048,0,0,0,1,0,0,0,0,0
2CRC6AJW8_3395-4925-3907-5437,0,0,0,1,0,0,0,0,0
2CRC6AJW8_3044-9072-3556-9584,0,0,0,1,0,0,0,0,0
2CRC6AJW8_3044-11632-3556-12144,0,0,0,1,0,0,0,0,0
2CRC6AJW8_3556-12144-4068-12656,0,0,0,1,0,0,0,0,0
2CRC6AJW8_2532-9072-3044-9584,0,0,0,1,0,0,0,0,0
2CRC6AJW8_3044-6512-3556-7024,0,0,0,1,0,0,0,0,0
2CRC6AJW8_3556-9072-4068-9584,0,0,0,1,0,0,0,0,0
2CRC6AJW8_3907-4925-4419-5437,0,0,0,1,0,0,0,0,0
2CRC6AJW8_3907-4413-4419-4925,0,0,0,1,0,0,0,0,0
2CRC6AJW8_3907-5437-4419-5949,0,0,0,1,0,0,0,0,0
2CRC6AJW8_4068-7024-4580-7536,0,0,0,1,0,0,0,0,0
2CRC6AJW8_4068-12144-4580-12656,0,0,0,1,0,0,0,0,0
2CRC6AJW8_4068-7536-4580-8048,0,0,0,1,0,0,0,0,0
2CRC6AJW8_4580-8560-5092-9072,0,0,0,1,0,0,0,0,0
2CRC6AJW8_4580-12144-5092-12656,0,0,0,1,0,0,0,0,0
2CRC6AJW8_4068-8048-4580-8560,0,0,0,1,0,0,0,0,0
2CRC6AJW8_484-6512-996-7024,0,0,0,1,0,0,0,0,0
2CRC6AJW8_4068-9072-4580-9584,0,0,0,1,0,0,0,0,0
2CRC6AJW8_4580-7536-5092-8048,0,0,0,1,0,0,0,0,0
2CRC6AJW8_4419-5437-4931-5949,0,0,0,1,0,0,0,0,0
2CRC6AJW8_4580-7024-5092-7536,0,0,0,1,0,0,0,0,0
2CRC6AJW8_4419-4413-4931-4925,0,0,0,1,0,0,0,0,0
2CRC6AJW8_484-7024-996-7536,0,0,0,1,0,0,0,0,0
2CRC6AJW8_4580-9072-5092-9584,0,0,0,1,0,0,0,0,0
2CRC6AJW8_4580-8048-5092-8560,0,0,0,1,0,0,0,0,0
2CRC6AJW8_4931-3901-5443-4413,0,0,0,1,0,0,0,0,0
2CRC6AJW8_4931-4413-5443-4925,0,0,0,1,0,0,0,0,0
2CRC6AJW8_4931-5437-5443-5949,0,0,0,1,0,0,0,0,0
2CRC6AJW8_5092-12144-5604-12656,0,0,0,1,0,0,0,0,0
2CRC6AJW8_5604-10608-6116-11120,0,0,0,1,0,0,0,0,0
2CRC6AJW8_5092-7536-5604-8048,0,0,0,1,0,0,0,0,0
2CRC6AJW8_5443-5437-5955-5949,0,0,0,1,0,0,0,0,0
2CRC6AJW8_5443-3901-5955-4413,0,0,0,1,0,0,0,0,0
2CRC6AJW8_5604-8048-6116-8560,0,0,0,1,0,0,0,0,0
2CRC6AJW8_5955-5437-6467-5949,0,0,0,1,0,0,0,0,0
2CRC6AJW8_5604-12144-6116-12656,0,0,0,1,0,0,0,0,0
2CRC6AJW8_6116-11120-6628-11632,0,0,0,1,0,0,0,0,0
2CRC6AJW8_6116-11632-6628-12144,0,0,0,1,0,0,0,0,0
2CRC6AJW8_5604-9072-6116-9584,0,0,0,1,0,0,0,0,0
2CRC6AJW8_5604-8560-6116-9072,0,0,0,1,0,0,0,0,0
2CRC6AJW8_6116-10608-6628-11120,0,0,0,1,0,0,0,0,0
2CRC6AJW8_6116-8560-6628-9072,0,0,0,1,0,0,0,0,0
2CRC6AJW8_5955-3389-6467-3901,0,0,0,1,0,0,0,0,0
2CRC6AJW8_6116-9584-6628-10096,0,0,0,1,0,0,0,0,0
2CRC6AJW8_6467-3389-6979-3901,0,0,0,1,0,0,0,0,0
2CRC6AJW8_6116-9072-6628-9584,0,0,0,1,0,0,0,0,0
2CRC6AJW8_6467-5437-6979-5949,0,0,0,1,0,0,0,0,0
2CRC6AJW8_6628-10096-7140-10608,0,0,0,1,0,0,0,0,0
2CRC6AJW8_6628-10608-7140-11120,0,0,0,1,0,0,0,0,0
2CRC6AJW8_6628-9072-7140-9584,0,0,0,1,0,0,0,0,0
2CRC6AJW8_6979-4413-7491-4925,0,0,0,1,0,0,0,0,0
2CRC6AJW8_7140-10096-7652-10608,0,0,0,1,0,0,0,0,0
2CRC6AJW8_6979-3901-7491-4413,0,0,0,1,0,0,0,0,0
2CRC6AJW8_6628-9584-7140-10096,0,0,0,1,0,0,0,0,0
2CRC6AJW8_6979-3389-7491-3901,0,0,0,1,0,0,0,0,0
2CRC6AJW8_7140-9072-7652-9584,0,0,0,1,0,0,0,0,0
2CRC6AJW8_6979-4925-7491-5437,0,0,0,1,0,0,0,0,0
2CRC6AJW8_6979-5437-7491-5949,0,0,0,1,0,0,0,0,0
2CRC6AJW8_7140-10608-7652-11120,0,0,0,1,0,0,0,0,0
2CRC6AJW8_7652-10096-8164-10608,0,0,0,1,0,0,0,0,0
2CRC6AJW8_7140-9584-7652-10096,0,0,0,1,0,0,0,0,0
2CRC6AJW8_7652-9584-8164-10096,0,0,0,1,0,0,0,0,0
2CRC6AJW8_7652-9072-8164-9584,0,0,0,1,0,0,0,0,0
2CRC6AJW8_996-6512-1508-7024,0,0,0,1,0,0,0,0,0
2DI7TRDPB_4723-3717-5235-4229,0,0,1,0,0,0,0,0,0
2DI7TRDPB_1214-2237-1726-2749,0,0,1,0,0,0,0,0,0
2D3ER2NIT_3447-3545-3959-4057,0,0,1,0,0,0,0,0,0
2DQ464W19_1936-645-2448-1157,0,0,1,0,0,0,0,0,0
2DI7TRDPB_1214-2749-1726-3261,0,0,1,0,0,0,0,0,0
2DI7TRDPB_702-2237-1214-2749,0,0,1,0,0,0,0,0,0
2DQ464W19_1767-1010-2279-1522,0,0,1,0,0,0,0,0,0
2DQ464W19_2297-13753-2809-14265,0,0,1,0,0,0,0,0,0
2DQ464W19_3451-4851-3963-5363,0,0,1,0,0,0,0,0,0
2DQ464W19_1614-11887-2126-12399,0,0,1,0,0,0,0,0,0
2DQ464W19_2224-2110-2736-2622,0,0,1,0,0,0,0,0,0
2DQ464W19_421-8261-933-8773,0,0,1,0,0,0,0,0,0
2DQ464W19_4116-9595-4628-10107,0,0,1,0,0,0,0,0,0
2DQ464W19_484-1814-996-2326,0,0,1,0,0,0,0,0,0
2DI7TRDPB_702-2749-1214-3261,0,0,1,0,0,0,0,0,0
2DQ464W19_575-8031-1087-8543,0,0,1,0,0,0,0,0,0
2E7JMZFJL_1108-2303-1620-2815,1,0,0,0,0,0,0,0,0
2E7JMZFJL_1322-2568-1834-3080,1,0,0,0,0,0,0,0,0
2E7JMZFJL_2115-2920-2627-3432,1,0,0,0,0,0,0,0,0
2E7JMZFJL_1779-1545-2291-2057,1,0,0,0,0,0,0,0,0
2E7JMZFJL_2115-2408-2627-2920,1,0,0,0,0,0,0,0,0
2E7JMZFJL_2115-3432-2627-3944,1,0,0,0,0,0,0,0,0
2E7JMZFJL_2115-3944-2627-4456,1,0,0,0,0,0,0,0,0
2E8A11ICZ_4451-1704-4963-2216,1,0,0,0,0,0,0,0,0
2E8A11ICZ_3765-4578-4277-5090,1,0,0,0,0,0,0,0,0
2E8A11ICZ_3967-5163-4479-5675,1,0,0,0,0,0,0,0,0
2E8A11ICZ_4451-2216-4963-2728,1,0,0,0,0,0,0,0,0
2E8A11ICZ_4375-4378-4887-4890,1,0,0,0,0,0,0,0,0
2E8A11ICZ_4572-1197-5084-1709,1,0,0,0,0,0,0,0,0
2E8A11ICZ_4722-1755-5234-2267,1,0,0,0,0,0,0,0,0
2E8A11ICZ_4412-5169-4924-5681,1,0,0,0,0,0,0,0,0
2E8A11ICZ_4701-4874-5213-5386,1,0,0,0,0,0,0,0,0
2EBEQGWZH_1635-241-2147-753,0,0,0,1,0,0,0,0,0
2EBEQGWZH_2147-753-2659-1265,0,0,0,1,0,0,0,0,0
2EBEQGWZH_2147-241-2659-753,0,0,0,1,0,0,0,0,0
2EBEQGWZH_2659-241-3171-753,0,0,0,1,0,0,0,0,0
2EBEQGWZH_4195-241-4707-753,0,0,0,1,0,0,0,0,0
2EBEQGWZH_2659-753-3171-1265,0,0,0,1,0,0,0,0,0
2EBEQGWZH_6429-3377-6941-3889,0,0,1,0,0,0,0,0,0
2EBEQGWZH_3171-241-3683-753,0,0,0,1,0,0,0,0,0
2EBEQGWZH_3683-241-4195-753,0,0,0,1,0,0,0,0,0
2FJZXDIWM_1317-544-1829-1056,0,0,0,0,0,0,0,0,1
2EBEQGWZH_3171-753-3683-1265,0,0,0,1,0,0,0,0,0
2EBEQGWZH_6853-6073-7365-6585,0,0,0,1,0,0,0,0,0
2EBEQGWZH_7365-6585-7877-7097,0,0,0,1,0,0,0,0,0
2EBEQGWZH_6853-6585-7365-7097,0,0,0,1,0,0,0,0,0
2EBEQGWZH_7365-6073-7877-6585,0,0,0,1,0,0,0,0,0
2FJZXDIWM_5125-5217-5637-5729,0,0,0,0,0,1,0,0,0
2FJZXDIWM_5079-327-5591-839,0,0,0,0,0,1,0,0,0
2FJZXDIWM_275-511-787-1023,0,0,0,0,0,1,0,0,1
2FPNYIQY1_1151-416-1663-928,0,0,1,0,0,0,0,0,0
2FPNYIQY1_1260-1974-1772-2486,0,0,1,0,0,0,0,0,0
2FPNYIQY1_1260-1462-1772-1974,0,0,1,0,0,0,0,0,0
2FPNYIQY1_1260-950-1772-1462,0,0,1,1,0,0,0,0,0
2FPNYIQY1_1275-5672-1787-6184,0,0,1,0,0,0,0,0,0
2FPNYIQY1_1275-3112-1787-3624,0,0,1,0,0,0,0,0,0
2FPNYIQY1_1275-6696-1787-7208,0,0,1,0,0,0,0,0,0
2FPNYIQY1_1275-4136-1787-4648,0,0,1,0,0,0,0,0,0
2FPNYIQY1_1378-11665-1890-12177,0,0,1,0,0,0,0,0,0
2FPNYIQY1_1275-3624-1787-4136,0,0,1,0,0,0,0,0,0
2FPNYIQY1_1378-8593-1890-9105,0,0,1,0,0,0,0,0,0
2FPNYIQY1_1423-8169-1935-8681,0,0,1,0,0,0,0,0,0
2FPNYIQY1_1409-2621-1921-3133,0,0,1,0,0,0,0,0,0
2FPNYIQY1_1549-666-2061-1178,0,0,1,0,0,0,0,0,0
2FPNYIQY1_1275-7208-1787-7720,0,0,1,0,0,0,0,0,0
2FPNYIQY1_1628-1928-2140-2440,0,0,1,0,0,0,0,0,0
2FPNYIQY1_1571-12411-2083-12923,0,0,1,0,0,0,0,0,0
2FPNYIQY1_1435-1620-1947-2132,0,0,1,0,0,0,0,0,0
2FPNYIQY1_1772-950-2284-1462,0,0,1,0,0,0,0,0,0
2FPNYIQY1_1787-2600-2299-3112,0,0,1,0,0,0,0,0,0
2FPNYIQY1_1787-3624-2299-4136,0,0,1,0,0,0,0,0,0
2FPNYIQY1_1787-5672-2299-6184,0,0,1,0,0,0,0,0,0
2FPNYIQY1_1843-711-2355-1223,0,0,1,0,0,0,0,0,0
2FPNYIQY1_1878-2952-2390-3464,0,0,1,0,0,0,0,0,0
2FPNYIQY1_1787-7208-2299-7720,0,0,1,0,0,0,0,0,0
2FPNYIQY1_1787-6696-2299-7208,0,0,1,0,0,0,0,0,0
2FPNYIQY1_1890-12177-2402-12689,0,0,1,0,0,0,0,0,0
2FPNYIQY1_1841-1382-2353-1894,0,0,1,0,0,0,0,0,0
2FPNYIQY1_2122-2130-2634-2642,0,0,1,0,0,0,0,0,0
2FPNYIQY1_1890-8593-2402-9105,0,0,1,0,0,0,0,0,0
2FPNYIQY1_1890-11153-2402-11665,0,0,1,0,0,0,0,0,0
2FPNYIQY1_1787-6184-2299-6696,0,0,1,0,0,0,0,0,0
2FPNYIQY1_1935-8169-2447-8681,0,0,1,0,0,0,0,0,0
2FPNYIQY1_1890-11665-2402-12177,0,0,1,0,0,0,0,0,0
2FPNYIQY1_2083-11899-2595-12411,0,0,1,0,0,0,0,0,0
2FPNYIQY1_2083-12411-2595-12923,0,0,1,0,0,0,0,0,0
2FPNYIQY1_2284-950-2796-1462,0,0,1,0,0,0,0,0,0
2FPNYIQY1_2299-3624-2811-4136,0,0,1,0,0,0,0,0,0
2FPNYIQY1_2284-1462-2796-1974,0,0,1,0,0,0,0,0,0
2FPNYIQY1_2402-10641-2914-11153,0,0,1,0,0,0,0,0,0
2FPNYIQY1_2402-8593-2914-9105,0,0,1,0,0,0,0,0,0
2FPNYIQY1_2299-7208-2811-7720,0,0,1,0,0,0,0,0,0
2FPNYIQY1_2299-6696-2811-7208,0,0,1,0,0,0,0,0,0
2FPNYIQY1_2355-711-2867-1223,0,0,1,0,0,0,0,0,0
2FPNYIQY1_2595-12411-3107-12923,0,0,1,0,0,0,0,0,0
2FPNYIQY1_2402-11153-2914-11665,0,0,1,0,0,0,0,0,0
2FPNYIQY1_2402-11665-2914-12177,0,0,1,0,0,0,0,0,0
2FPNYIQY1_2402-12177-2914-12689,0,0,1,0,0,0,0,0,0
2FPNYIQY1_2447-8169-2959-8681,0,0,1,0,0,0,0,0,0
2FPNYIQY1_2775-1296-3287-1808,0,0,1,0,0,0,0,0,0
2FPNYIQY1_2595-11899-3107-12411,0,0,1,0,0,0,0,0,0
2FPNYIQY1_2503-3087-3015-3599,0,0,1,0,0,0,0,0,0
2FPNYIQY1_2781-8433-3293-8945,0,0,1,0,0,0,0,0,0
2FPNYIQY1_2796-950-3308-1462,0,0,1,0,0,0,0,0,0
2FPNYIQY1_2811-3112-3323-3624,0,0,1,0,0,0,0,0,0
2FPNYIQY1_2811-4136-3323-4648,0,0,1,0,0,0,0,0,0
2FPNYIQY1_2811-3624-3323-4136,0,0,1,0,0,0,0,0,0
2FPNYIQY1_2959-7657-3471-8169,0,0,1,0,0,0,0,0,0
2FPNYIQY1_3308-1462-3820-1974,0,0,1,0,0,0,0,0,0
2FPNYIQY1_2849-491-3361-1003,0,0,1,0,0,0,0,0,0
2FPNYIQY1_2811-6696-3323-7208,0,0,1,0,0,0,0,0,0
2FPNYIQY1_3323-6184-3835-6696,0,0,1,0,0,0,0,0,0
2FPNYIQY1_2811-6184-3323-6696,0,0,1,0,0,0,0,0,0
2FPNYIQY1_2959-8169-3471-8681,0,0,1,0,0,0,0,0,0
2FPNYIQY1_3323-3112-3835-3624,0,0,1,0,0,0,0,0,0
2FPNYIQY1_3323-2600-3835-3112,0,0,1,0,0,0,0,0,0
2FPNYIQY1_2811-7208-3323-7720,0,0,1,0,0,0,0,0,0
2FPNYIQY1_3308-950-3820-1462,0,0,1,0,0,0,0,0,0
2FPNYIQY1_3323-3624-3835-4136,0,0,1,0,0,0,0,0,0
2FPNYIQY1_3323-5672-3835-6184,0,0,1,0,0,0,0,0,0
2FPNYIQY1_3323-6696-3835-7208,0,0,1,0,0,0,0,0,0
2FPNYIQY1_3323-7208-3835-7720,0,0,1,0,0,0,0,0,0
2FPNYIQY1_3471-8169-3983-8681,0,0,1,0,0,0,0,0,0
2FPNYIQY1_3601-2497-4113-3009,0,0,1,0,0,0,0,0,0
2FPNYIQY1_3323-7720-3835-8232,0,0,1,0,0,0,0,0,0
2FPNYIQY1_3820-1462-4332-1974,0,0,1,0,0,0,0,0,0
2FPNYIQY1_3721-3782-4233-4294,0,0,1,0,0,0,0,0,0
2FPNYIQY1_3820-1974-4332-2486,0,0,1,0,0,0,0,0,0
2FPNYIQY1_3679-3293-4191-3805,0,0,1,0,0,0,0,0,0
2FPNYIQY1_3835-2600-4347-3112,0,0,1,0,0,0,0,0,0
2FPNYIQY1_3835-3112-4347-3624,0,0,1,0,0,0,0,0,0
2FPNYIQY1_3835-5672-4347-6184,0,0,1,0,0,0,0,0,0
2FPNYIQY1_3835-7720-4347-8232,0,0,1,0,0,0,0,0,0
2FPNYIQY1_4023-746-4535-1258,0,0,1,0,0,0,0,0,0
2FPNYIQY1_3835-4136-4347-4648,0,0,1,0,0,0,0,0,0
2FPNYIQY1_3820-950-4332-1462,0,0,1,0,0,0,0,0,0
2FPNYIQY1_3836-554-4348-1066,0,0,1,0,0,0,0,0,0
2FPNYIQY1_3835-6696-4347-7208,0,0,1,0,0,0,0,0,0
2FPNYIQY1_4332-1462-4844-1974,0,0,1,0,0,0,0,0,0
2FPNYIQY1_4332-1974-4844-2486,0,0,1,0,0,0,0,0,0
2FPNYIQY1_4347-3624-4859-4136,0,0,1,0,0,0,0,0,0
2FPNYIQY1_4347-4136-4859-4648,0,0,1,0,0,0,0,0,0
2FPNYIQY1_4347-3112-4859-3624,0,0,1,0,0,0,0,0,0
2FPNYIQY1_4347-7720-4859-8232,0,0,1,0,0,0,0,0,0
2FPNYIQY1_4348-554-4860-1066,0,0,1,0,0,0,0,0,0
2FPNYIQY1_4844-1462-5356-1974,0,0,1,0,0,0,0,0,0
2FPNYIQY1_4347-6696-4859-7208,0,0,1,0,0,0,0,0,0
2FPNYIQY1_4347-7208-4859-7720,0,0,1,0,0,0,0,0,0
2FPNYIQY1_4757-2253-5269-2765,0,0,1,0,0,0,0,0,0
2FPNYIQY1_4575-999-5087-1511,0,0,1,0,0,0,0,0,0
2FPNYIQY1_4553-1797-5065-2309,0,0,1,0,0,0,0,0,0
2FPNYIQY1_4562-3219-5074-3731,0,0,1,0,0,0,0,0,0
2FPNYIQY1_4844-1974-5356-2486,0,0,1,0,0,0,0,0,0
2FPNYIQY1_4859-2600-5371-3112,0,0,1,0,0,0,0,0,0
2FPNYIQY1_4844-950-5356-1462,0,0,1,0,0,0,0,0,0
2FPNYIQY1_4859-3112-5371-3624,0,0,1,0,0,0,0,0,0
2FPNYIQY1_4859-3624-5371-4136,0,0,1,0,0,0,0,0,0
2FPNYIQY1_4859-4136-5371-4648,0,0,1,0,0,0,0,0,0
2FPNYIQY1_4859-6696-5371-7208,0,0,1,0,0,0,0,0,0
2FPNYIQY1_4859-5160-5371-5672,0,0,1,0,0,0,0,0,0
2FPNYIQY1_4859-4648-5371-5160,0,0,1,0,0,0,0,0,0
2FPNYIQY1_763-2088-1275-2600,0,0,1,0,0,0,0,0,0
2FPNYIQY1_763-3112-1275-3624,0,0,1,0,0,0,0,0,0
2FPNYIQY1_4860-554-5372-1066,0,0,1,0,0,0,0,0,0
2FPNYIQY1_763-4648-1275-5160,0,0,1,0,0,0,0,0,0
2FPNYIQY1_763-3624-1275-4136,0,0,1,0,0,0,0,0,0
2FPNYIQY1_763-2600-1275-3112,0,0,1,0,0,0,0,0,0
2FPNYIQY1_4859-7208-5371-7720,0,0,1,0,0,0,0,0,0
2FPNYIQY1_4859-7720-5371-8232,0,0,1,0,0,0,0,0,0
2FPNYIQY1_763-5160-1275-5672,0,0,1,0,0,0,0,0,0
2FPNYIQY1_763-4136-1275-4648,0,0,1,0,0,0,0,0,0
2FPNYIQY1_763-5672-1275-6184,0,0,1,0,0,0,0,0,0
2FPNYIQY1_763-6184-1275-6696,0,0,1,0,0,0,0,0,0
2FPNYIQY1_763-6696-1275-7208,0,0,1,0,0,0,0,0,0
2FPNYIQY1_866-10129-1378-10641,0,0,1,0,0,0,0,0,0
2FPNYIQY1_866-10641-1378-11153,0,0,1,0,0,0,0,0,0
2FPNYIQY1_866-11665-1378-12177,0,0,1,0,0,0,0,0,0
2FPNYIQY1_866-12177-1378-12689,0,0,1,0,0,0,0,0,0
2FPNYIQY1_866-9105-1378-9617,0,0,1,0,0,0,0,0,0
2FPNYIQY1_866-8593-1378-9105,0,0,1,0,0,0,0,0,0
2FPNYIQY1_976-1721-1488-2233,0,0,1,0,0,0,0,0,0
2FPNYIQY1_911-8169-1423-8681,0,0,1,0,0,0,0,0,0
2FPNYIQY1_949-556-1461-1068,0,0,1,0,0,0,0,0,0
2FPNYIQY1_911-7657-1423-8169,0,0,1,0,0,0,0,0,0
2FPNYIQY1_944-1011-1456-1523,0,0,1,1,0,0,0,0,0
2FPNYIQY1_866-9617-1378-10129,0,0,1,0,0,0,0,0,0
2FUYE4ID8_1267-11329-1779-11841,0,1,0,0,0,0,0,0,0
2FPNYIQY1_911-7145-1423-7657,0,0,1,0,0,0,0,0,0
2FUYE4ID8_11794-8036-12306-8548,0,1,0,0,0,0,0,0,0
2FUYE4ID8_11282-8036-11794-8548,0,1,0,0,0,0,0,0,0
2FUYE4ID8_1267-9793-1779-10305,0,1,0,0,0,0,0,0,0
2FUYE4ID8_1779-11329-2291-11841,0,1,0,0,0,0,0,0,0
2FUYE4ID8_2803-10305-3315-10817,0,1,0,0,0,0,0,0,0
2FUYE4ID8_1779-9793-2291-10305,0,1,0,0,0,0,0,0,0
2FUYE4ID8_2291-9793-2803-10305,0,1,0,0,0,0,0,0,0
2FUYE4ID8_2291-11329-2803-11841,0,1,0,0,0,0,0,0,0
2FUYE4ID8_2803-11329-3315-11841,0,1,0,0,0,0,0,0,0
2FUYE4ID8_5059-7999-5571-8511,0,1,0,0,0,0,0,0,0
2FUYE4ID8_755-10305-1267-10817,0,1,0,0,0,0,0,0,0
2FUYE4ID8_4035-7999-4547-8511,0,1,0,0,0,0,0,0,0
2FUYE4ID8_4547-7999-5059-8511,0,1,0,0,0,0,0,0,0
2FUYE4ID8_755-10817-1267-11329,0,1,0,0,0,0,0,0,0
2FUYE4ID8_9734-7912-10246-8424,0,1,0,0,0,0,0,0,0
2FUYE4ID8_755-9793-1267-10305,0,1,0,0,0,0,0,0,0
2FUYE4ID8_2803-10817-3315-11329,0,1,0,0,0,0,0,0,0
2FUYE4ID8_755-11329-1267-11841,0,1,0,0,0,0,0,0,0
2GLBAZRT1_1082-5876-1594-6388,0,0,1,0,0,0,0,0,0
2FUYE4ID8_917-8019-1429-8531,0,1,0,0,0,0,0,0,0
2GLBAZRT1_1206-5042-1718-5554,0,0,1,0,0,0,0,0,0
2GLBAZRT1_1439-475-1951-987,0,0,1,0,0,0,0,0,0
2GLBAZRT1_1908-609-2420-1121,0,0,1,0,0,0,0,0,0
2GLBAZRT1_1565-689-2077-1201,0,0,1,0,0,0,0,0,0
2GLBAZRT1_1984-1986-2496-2498,0,0,1,0,0,0,0,0,0
2GLBAZRT1_2334-1106-2846-1618,0,0,1,0,0,0,0,0,0
2GLBAZRT1_3805-5971-4317-6483,0,0,1,0,0,0,0,0,0
2GLBAZRT1_3751-5077-4263-5589,0,0,1,0,0,0,0,0,0
2GLBAZRT1_4242-457-4754-969,0,0,1,0,0,0,0,0,0
2GLBAZRT1_3713-519-4225-1031,0,0,1,0,0,0,0,0,0
2GLBAZRT1_3615-4839-4127-5351,0,0,1,0,0,0,0,0,0
2GLBAZRT1_4204-720-4716-1232,0,0,1,0,0,0,0,0,0
2GLBAZRT1_4601-5361-5113-5873,0,0,1,0,0,0,0,0,0
2GLBAZRT1_4348-2520-4860-3032,0,0,1,0,0,0,0,0,0
2GLBAZRT1_4288-4151-4800-4663,0,0,1,0,0,0,0,0,0
2GLBAZRT1_3606-1080-4118-1592,0,0,1,0,0,0,0,0,0
2GLBAZRT1_4649-1044-5161-1556,0,0,1,0,0,0,0,0,0
2GLBAZRT1_4263-5077-4775-5589,0,0,1,0,0,0,0,0,0
2GLBAZRT1_4890-5238-5402-5750,0,0,1,0,0,0,0,0,0
2GLBAZRT1_5117-5108-5629-5620,0,0,1,0,0,0,0,0,0
2GLBAZRT1_4894-870-5406-1382,0,0,1,0,0,0,0,0,0
2GLBAZRT1_5357-5969-5869-6481,0,0,1,0,0,0,0,0,0
2GLBAZRT1_5510-751-6022-1263,0,0,1,0,0,0,0,0,0
2GLBAZRT1_5387-4737-5899-5249,0,0,1,0,0,0,0,0,0
2GLBAZRT1_5869-5969-6381-6481,0,0,1,0,0,0,0,0,0
2GLBAZRT1_570-5876-1082-6388,0,0,1,0,0,0,0,0,0
2GLBAZRT1_5660-4753-6172-5265,0,0,1,0,0,0,0,0,0
2GLBAZRT1_6609-5985-7121-6497,0,0,1,0,0,0,0,0,0
2GLBAZRT1_636-770-1148-1282,0,0,1,0,0,0,0,0,0
2GLBAZRT1_6710-565-7222-1077,0,0,1,0,0,0,0,0,0
2GLBAZRT1_6238-555-6750-1067,0,0,1,0,0,0,0,0,0
2GLBAZRT1_5857-5251-6369-5763,0,0,1,0,0,0,0,0,0
2GLBAZRT1_6461-713-6973-1225,0,0,1,0,0,0,0,0,0
2GLBAZRT1_5888-703-6400-1215,0,0,1,0,0,0,0,0,0
2GLBAZRT1_5646-550-6158-1062,0,0,1,0,0,0,0,0,0
2GLBAZRT1_6369-5251-6881-5763,0,0,1,0,0,0,0,0,0
2GLBAZRT1_6867-5282-7379-5794,0,0,1,0,0,0,0,0,0
2GLBAZRT1_7039-2767-7551-3279,0,0,1,0,0,0,0,0,0
2GLBAZRT1_6961-4158-7473-4670,0,0,1,0,0,0,0,0,0
2GLBAZRT1_708-1649-1220-2161,0,0,1,0,0,0,0,0,0
2GLBAZRT1_7059-5865-7571-6377,0,0,1,0,0,0,0,0,0
2GLBAZRT1_7224-707-7736-1219,0,0,1,0,0,0,0,0,0
2GLBAZRT1_7174-4411-7686-4923,0,0,1,0,0,0,0,0,0
2GLBAZRT1_7107-5490-7619-6002,0,0,1,0,0,0,0,0,0
2GLBAZRT1_7182-2965-7694-3477,0,0,1,0,0,0,0,0,0
2GLBAZRT1_729-2031-1241-2543,0,0,1,0,0,0,0,0,0
2GLBAZRT1_969-1827-1481-2339,0,0,1,0,0,0,0,0,0
2GLBAZRT1_7589-3051-8101-3563,0,0,1,0,0,0,0,0,0
2GLBAZRT1_7736-5062-8248-5574,0,0,1,0,0,0,0,0,0
2GLBAZRT1_7262-5287-7774-5799,0,0,1,0,0,0,0,0,0
2GLBAZRT1_7204-2585-7716-3097,0,0,1,0,0,0,0,0,0
2GWF8VURN_1050-3050-1562-3562,0,0,0,0,0,1,0,0,0
2GLBAZRT1_7576-2481-8088-2993,0,0,1,0,0,0,0,0,0
2GLBAZRT1_7536-5277-8048-5789,0,0,1,0,0,0,0,0,0
2GWF8VURN_1137-2436-1649-2948,0,0,0,0,0,1,0,0,0
2GWF8VURN_1185-7885-1697-8397,0,0,0,0,0,1,0,0,0
2GWF8VURN_1148-6815-1660-7327,0,0,0,0,0,1,0,0,0
2GWF8VURN_1457-6683-1969-7195,0,0,0,0,0,1,0,0,0
2GWF8VURN_1224-10000-1736-10512,0,0,0,0,0,1,0,0,0
2GWF8VURN_1684-6563-2196-7075,0,0,0,0,0,1,0,0,0
2GWF8VURN_2062-10026-2574-10538,0,0,0,0,0,1,0,0,0
2GWF8VURN_2300-6131-2812-6643,0,0,0,0,0,1,0,0,0
2GWF8VURN_2812-5619-3324-6131,0,0,0,0,0,1,0,0,0
2GWF8VURN_1550-10026-2062-10538,0,0,0,0,0,1,0,0,1
2GWF8VURN_2574-10026-3086-10538,0,0,0,0,0,1,0,0,1
2GWF8VURN_328-10104-840-10616,0,0,0,0,0,1,0,0,0
2GWF8VURN_3284-607-3796-1119,0,0,0,0,0,1,0,0,0
2GWF8VURN_2812-6131-3324-6643,0,0,0,0,0,1,0,0,0
2GWF8VURN_2995-394-3507-906,0,0,0,0,0,1,0,0,0
2GWF8VURN_335-6653-847-7165,0,0,0,0,0,1,0,0,0
2GWF8VURN_2980-10082-3492-10594,0,0,0,0,0,1,0,0,1
2GWF8VURN_3162-7609-3674-8121,0,0,0,0,0,1,0,0,0
2GWF8VURN_3768-10132-4280-10644,0,0,0,0,0,1,0,0,0
2GWF8VURN_3711-5601-4223-6113,0,0,1,0,0,0,0,0,0
2GWF8VURN_348-6953-860-7465,0,0,0,0,0,1,0,0,0
2GWF8VURN_3398-10057-3910-10569,0,0,0,0,0,1,0,0,0
2GWF8VURN_3883-605-4395-1117,0,0,0,0,0,1,0,0,0
2GWF8VURN_702-9825-1214-10337,0,0,0,0,0,1,0,0,0
2GWF8VURN_4053-414-4565-926,0,0,0,0,0,1,0,0,0
2GWF8VURN_424-3074-936-3586,0,0,0,0,0,1,0,0,0
2HBNDNV17_1266-4861-1778-5373,0,0,0,0,0,0,1,0,0
2GWF8VURN_402-2543-914-3055,0,0,0,0,0,1,0,0,0
2GWF8VURN_951-9993-1463-10505,0,0,0,0,0,1,0,0,0
2HBNDNV17_7713-7988-8225-8500,0,0,0,0,0,0,1,0,0
2HBNDNV17_7713-7476-8225-7988,0,0,0,0,0,0,1,0,0
2GWF8VURN_961-2590-1473-3102,0,0,0,0,0,1,0,0,0
2HBNDNV17_7201-7988-7713-8500,0,0,0,0,0,0,1,0,0
2HBNDNV17_1556-5131-2068-5643,0,0,0,0,0,0,1,0,0
2HBNDNV17_1556-5643-2068-6155,0,0,0,0,0,0,1,0,0
2HBNDNV17_8225-7476-8737-7988,0,0,0,0,0,0,1,0,0
2HDKIIZV7_1042-3967-1554-4479,0,0,0,1,0,0,0,0,0
2HDKIIZV7_1042-4479-1554-4991,0,0,0,1,0,0,0,0,0
2HBNDNV17_9687-7384-10199-7896,0,0,0,0,0,0,1,0,0
2HDKIIZV7_1554-2943-2066-3455,0,0,0,1,0,0,0,0,0
2HDKIIZV7_1554-3455-2066-3967,0,0,0,1,0,0,0,0,0
2HDKIIZV7_3530-7448-4042-7960,0,0,0,1,0,0,0,0,0
2HDKIIZV7_3018-6936-3530-7448,0,0,0,1,0,0,0,0,0
2HDKIIZV7_3530-6936-4042-7448,0,0,0,1,0,0,0,0,0
2HDKIIZV7_3018-7448-3530-7960,0,0,0,1,0,0,0,0,0
2HDKIIZV7_3707-5819-4219-6331,0,0,0,1,0,0,0,0,0
2HDKIIZV7_1554-3967-2066-4479,0,0,0,1,0,0,0,0,0
2HWYUW9WT_20121-4238-20633-4750,0,1,0,0,0,0,0,0,0
2HDKIIZV7_3707-6331-4219-6843,0,0,0,1,0,0,0,0,0
2HWYUW9WT_20121-3726-20633-4238,0,1,0,0,0,0,0,0,0
2HDKIIZV7_530-4479-1042-4991,0,0,0,1,0,0,0,0,0
2HWYUW9WT_20121-4750-20633-5262,0,1,0,0,0,0,0,0,0
2HWYUW9WT_20293-9698-20805-10210,0,1,0,0,0,0,0,0,0
2HWYUW9WT_20517-5236-21029-5748,0,1,0,0,0,0,0,0,0
2HWYUW9WT_22430-6459-22942-6971,0,1,0,0,0,0,0,0,0
2HWYUW9WT_21918-6971-22430-7483,0,1,0,0,0,0,0,0,0
2HWYUW9WT_20633-4238-21145-4750,0,1,0,0,0,0,0,0,0
2HWYUW9WT_21918-6459-22430-6971,0,1,0,0,0,0,0,0,0
2HWYUW9WT_20633-4750-21145-5262,0,1,0,0,0,0,0,0,0
2HWYUW9WT_3090-1910-3602-2422,0,1,0,0,0,0,0,0,0
2HWYUW9WT_22430-6971-22942-7483,0,1,0,0,0,0,0,0,0
2HWYUW9WT_3602-1398-4114-1910,0,1,0,0,0,0,0,0,0
2HWYUW9WT_3090-2422-3602-2934,0,1,0,0,0,0,0,0,0
2HWYUW9WT_3602-1910-4114-2422,0,1,0,0,0,0,0,0,0
2HWYUW9WT_3602-2422-4114-2934,0,1,0,0,0,0,0,0,0
2HWYUW9WT_3090-1398-3602-1910,0,1,0,0,0,0,0,0,0
2HWYUW9WT_3400-1115-3912-1627,0,1,0,0,0,0,0,0,0
2HWYUW9WT_3480-2836-3992-3348,0,1,0,0,0,0,0,0,0
2HWYUW9WT_4074-1467-4586-1979,0,1,0,0,0,0,0,0,0
2HWYUW9WT_4016-1819-4528-2331,0,1,0,0,0,0,0,0,0
2HWYUW9WT_4528-1819-5040-2331,0,1,0,0,0,0,0,0,0
2HWYUW9WT_4528-2331-5040-2843,0,1,0,0,0,0,0,0,0
2HWYUW9WT_5040-2331-5552-2843,0,1,0,0,0,0,0,0,0
2HWYUW9WT_5490-2240-6002-2752,0,1,0,0,0,0,0,0,0
2HWYUW9WT_6002-2240-6514-2752,0,1,0,0,0,0,0,0,0
2HWYUW9WT_6065-2532-6577-3044,0,1,0,0,0,0,0,0,0
2HWYUW9WT_6577-2020-7089-2532,0,1,0,0,0,0,0,0,0
2HWYUW9WT_7089-2020-7601-2532,0,1,0,0,0,0,0,0,0
2I4YH4WR2_10071-297-10583-809,0,1,0,0,1,1,0,0,0
2I4YH4WR2_10248-1710-10760-2222,0,1,0,0,0,0,0,0,0
2HWYUW9WT_7601-2532-8113-3044,0,1,0,0,0,0,0,0,0
2HWYUW9WT_7089-2532-7601-3044,0,1,0,0,0,0,0,0,0
2I4YH4WR2_10248-1198-10760-1710,0,1,0,0,0,0,0,0,0
2I4YH4WR2_10248-686-10760-1198,0,1,0,0,0,0,0,0,0
2I4YH4WR2_10733-5264-11245-5776,0,1,1,0,0,0,0,0,0
2I4YH4WR2_10583-297-11095-809,0,1,0,0,0,1,0,0,0
2I4YH4WR2_10221-5776-10733-6288,0,1,0,0,1,0,0,0,0
2I4YH4WR2_10760-1710-11272-2222,0,1,0,0,0,0,0,0,0
2I4YH4WR2_10733-5776-11245-6288,0,1,1,0,1,0,0,0,0
2I4YH4WR2_10760-686-11272-1198,0,1,0,0,0,0,0,0,0
2I4YH4WR2_1082-5643-1594-6155,0,0,0,0,1,1,0,0,0
2I4YH4WR2_11045-299-11557-811,0,0,0,0,1,0,0,0,0
2I4YH4WR2_1078-5305-1590-5817,0,1,0,0,0,0,0,0,1
2I4YH4WR2_11245-5264-11757-5776,0,1,1,0,1,0,0,0,0
2I4YH4WR2_11245-5776-11757-6288,0,1,1,0,0,0,0,0,0
2I4YH4WR2_11272-686-11784-1198,0,1,0,0,0,0,0,0,0
2I4YH4WR2_1139-3285-1651-3797,0,1,0,0,0,0,0,0,0
2I4YH4WR2_1139-2261-1651-2773,0,1,0,0,0,0,0,0,0
2I4YH4WR2_11272-1710-11784-2222,0,1,0,0,0,0,0,0,0
2I4YH4WR2_1139-3797-1651-4309,0,1,0,0,0,0,0,0,0
2I4YH4WR2_1139-2773-1651-3285,0,1,0,0,0,0,0,0,0
2I4YH4WR2_11434-4987-11946-5499,0,1,1,0,0,0,0,0,0
2I4YH4WR2_11739-307-12251-819,0,0,0,0,1,0,0,0,0
2I4YH4WR2_11784-1710-12296-2222,0,1,0,0,0,0,0,0,0
2I4YH4WR2_11784-1198-12296-1710,0,1,0,0,0,0,0,0,0
2I4YH4WR2_11826-3939-12338-4451,0,1,0,0,0,0,0,0,0
2I4YH4WR2_11784-2222-12296-2734,0,1,0,0,0,0,0,0,0
2I4YH4WR2_11826-4451-12338-4963,0,1,0,0,1,0,0,0,0
2I4YH4WR2_12296-1198-12808-1710,0,1,0,0,0,0,0,0,0
2I4YH4WR2_12289-379-12801-891,0,1,0,0,1,0,0,0,0
2I4YH4WR2_12296-1710-12808-2222,0,1,0,0,0,0,0,0,0
2I4YH4WR2_12801-379-13313-891,0,1,0,0,1,0,0,0,0
2I4YH4WR2_12296-686-12808-1198,0,1,0,0,0,0,0,0,0
2I4YH4WR2_12338-4451-12850-4963,0,1,0,0,1,0,0,0,0
2I4YH4WR2_12808-1710-13320-2222,0,1,0,0,0,0,0,0,0
2I4YH4WR2_12808-2222-13320-2734,0,1,0,0,0,0,0,0,0
2I4YH4WR2_12296-2222-12808-2734,0,1,0,0,0,0,0,0,0
2I4YH4WR2_12850-3485-13362-3997,0,1,0,0,1,0,0,0,0
2I4YH4WR2_12338-3939-12850-4451,0,1,0,0,0,0,0,0,0
2I4YH4WR2_13336-1503-13848-2015,0,0,0,0,0,1,0,0,0
2I4YH4WR2_12850-2973-13362-3485,0,1,0,0,0,0,0,0,0
2I4YH4WR2_13352-1792-13864-2304,0,0,0,0,0,1,0,0,0
2I4YH4WR2_13352-404-13864-916,0,1,0,0,0,0,0,0,0
2I4YH4WR2_13352-916-13864-1428,0,1,0,0,0,1,0,0,0
2I4YH4WR2_13362-2973-13874-3485,0,1,1,0,0,0,0,0,0
2I4YH4WR2_13362-3485-13874-3997,0,1,0,0,1,0,0,0,0
2I4YH4WR2_13373-2064-13885-2576,0,0,0,0,0,1,0,0,0
2I4YH4WR2_13622-2787-14134-3299,0,1,1,0,0,0,0,0,0
2I4YH4WR2_1349-5678-1861-6190,0,0,0,0,1,1,0,0,0
2I4YH4WR2_1504-2392-2016-2904,0,1,0,0,0,0,0,0,0
2I4YH4WR2_1504-3416-2016-3928,0,1,0,0,0,0,0,0,0
2I4YH4WR2_1504-2904-2016-3416,0,1,0,0,0,0,0,0,0
2I4YH4WR2_2076-1308-2588-1820,0,1,0,0,1,0,0,0,0
2I4YH4WR2_1504-856-2016-1368,0,1,0,0,0,0,0,0,0
2I4YH4WR2_1504-344-2016-856,0,1,0,0,1,0,0,0,0
2I4YH4WR2_2686-1854-3198-2366,0,0,0,0,0,0,0,0,1
2I4YH4WR2_2681-5631-3193-6143,0,0,0,0,1,0,0,0,0
2I4YH4WR2_1724-5674-2236-6186,0,0,0,0,1,1,0,0,0
2I4YH4WR2_2588-1308-3100-1820,0,1,0,0,1,0,0,0,0
2I4YH4WR2_2181-5526-2693-6038,0,0,0,0,1,1,0,0,1
2I4YH4WR2_3517-4029-4029-4541,0,1,0,0,0,0,0,0,0
2I4YH4WR2_3517-4541-4029-5053,0,1,0,0,0,0,0,0,0
2I4YH4WR2_3100-1308-3612-1820,0,1,0,0,0,0,0,0,0
2I4YH4WR2_3517-5053-4029-5565,0,1,0,0,0,0,0,0,0
2I4YH4WR2_3517-5565-4029-6077,0,1,0,0,1,1,0,0,0
2I4YH4WR2_3612-1308-4124-1820,0,1,0,0,1,0,0,0,0
2I4YH4WR2_3951-3611-4463-4123,0,1,0,0,0,0,0,0,0
2I4YH4WR2_3951-4123-4463-4635,0,1,0,0,0,0,0,0,0
2I4YH4WR2_3951-5147-4463-5659,0,1,0,0,0,0,0,0,0
2I4YH4WR2_4541-5565-5053-6077,0,1,0,0,0,1,0,0,0
2I4YH4WR2_4124-1308-4636-1820,0,1,0,0,1,0,0,0,0
2I4YH4WR2_480-2392-992-2904,0,1,0,0,0,0,0,0,0
2I4YH4WR2_413-5798-925-6310,0,0,0,0,1,0,0,0,0
2I4YH4WR2_4463-2587-4975-3099,0,1,0,0,0,0,0,0,0
2I4YH4WR2_4029-3005-4541-3517,0,1,0,0,0,0,0,0,0
2I4YH4WR2_4463-3099-4975-3611,0,1,0,0,0,0,0,0,0
2I4YH4WR2_4029-5565-4541-6077,0,1,0,0,1,1,0,0,0
2I4YH4WR2_4636-1308-5148-1820,0,1,0,0,1,0,0,0,0
2I4YH4WR2_480-2904-992-3416,0,1,0,0,0,0,0,0,0
2I4YH4WR2_480-344-992-856,0,1,0,0,1,0,0,0,0
2I4YH4WR2_480-3416-992-3928,0,1,0,0,0,0,0,0,0
2I4YH4WR2_480-3928-992-4440,0,1,0,0,0,0,0,0,0
2I4YH4WR2_480-4440-992-4952,0,1,0,0,0,0,0,0,0
2I4YH4WR2_480-856-992-1368,0,1,0,0,0,0,0,0,0
2I4YH4WR2_4890-255-5402-767,0,0,0,0,1,1,0,0,0
2I4YH4WR2_4975-5147-5487-5659,0,1,0,0,0,0,0,0,0
2I4YH4WR2_4975-2075-5487-2587,0,1,0,0,0,0,0,0,0
2I4YH4WR2_4975-4635-5487-5147,0,1,0,0,0,0,0,0,0
2I4YH4WR2_5066-1736-5578-2248,0,1,0,0,0,0,0,0,0
2I4YH4WR2_4975-2587-5487-3099,0,1,0,0,0,0,0,0,0
2I4YH4WR2_5066-1224-5578-1736,0,1,0,0,0,0,0,0,0
2I4YH4WR2_4975-3611-5487-4123,0,1,0,0,0,0,0,0,0
2I4YH4WR2_4975-3099-5487-3611,0,1,0,0,0,0,0,0,0
2I4YH4WR2_4975-4123-5487-4635,0,1,0,0,0,0,0,0,0
2I4YH4WR2_4975-5659-5487-6171,0,1,0,0,1,0,0,0,0
2I4YH4WR2_5066-712-5578-1224,0,1,0,0,0,0,0,0,0
2I4YH4WR2_5331-347-5843-859,0,1,0,0,1,0,0,0,0
2I4YH4WR2_5196-995-5708-1507,0,1,0,0,0,0,0,0,0
2I4YH4WR2_5487-2075-5999-2587,0,1,0,0,0,0,0,0,0
2I4YH4WR2_5487-4635-5999-5147,0,1,0,0,0,0,0,0,0
2I4YH4WR2_5487-4123-5999-4635,0,1,0,0,0,0,0,0,0
2I4YH4WR2_5578-1736-6090-2248,0,1,0,0,0,0,0,0,0
2I4YH4WR2_5487-5659-5999-6171,0,1,0,0,1,0,0,0,0
2I4YH4WR2_5999-2075-6511-2587,0,1,0,0,0,0,0,0,0
2I4YH4WR2_5999-2587-6511-3099,0,1,0,0,0,0,0,0,0
2I4YH4WR2_5999-5659-6511-6171,0,0,0,0,1,0,0,0,0
2I4YH4WR2_5999-4123-6511-4635,0,1,0,0,0,0,0,0,0
2I4YH4WR2_5578-712-6090-1224,0,1,0,0,0,0,0,0,0
2I4YH4WR2_6063-350-6575-862,0,0,0,0,1,0,0,0,0
2I4YH4WR2_6090-1736-6602-2248,0,1,0,0,0,0,0,0,0
2I4YH4WR2_5999-3099-6511-3611,0,1,0,0,0,0,0,0,0
2I4YH4WR2_5999-4635-6511-5147,0,1,0,0,0,0,0,0,0
2I4YH4WR2_5999-5147-6511-5659,0,1,0,0,0,0,0,0,0
2I4YH4WR2_6511-2587-7023-3099,0,1,0,0,0,0,0,0,0
2I4YH4WR2_6511-2075-7023-2587,0,1,0,0,0,0,0,0,0
2I4YH4WR2_6090-712-6602-1224,0,1,0,0,0,0,0,0,0
2I4YH4WR2_6425-5739-6937-6251,0,0,0,0,1,1,0,0,0
2I4YH4WR2_6511-3099-7023-3611,0,1,0,0,0,0,0,0,0
2I4YH4WR2_6511-5147-7023-5659,0,1,0,0,0,0,0,0,0
2I4YH4WR2_6511-4635-7023-5147,0,1,0,0,0,0,0,0,0
2I4YH4WR2_7023-4123-7535-4635,0,1,0,0,0,0,0,0,0
2I4YH4WR2_7023-2587-7535-3099,0,1,0,0,0,0,0,0,0
2I4YH4WR2_6986-4858-7498-5370,0,1,0,0,0,0,0,0,0
2I4YH4WR2_7023-2075-7535-2587,0,1,0,0,0,0,0,0,0
2I4YH4WR2_6602-712-7114-1224,0,1,0,0,0,0,0,0,0
2I4YH4WR2_6629-352-7141-864,0,1,0,0,1,0,0,0,0
2I4YH4WR2_7023-3611-7535-4123,0,1,0,0,0,0,0,0,0
2I4YH4WR2_7023-5147-7535-5659,0,1,0,0,0,0,0,0,0
2I4YH4WR2_660-5708-1172-6220,0,0,0,0,1,0,0,0,0
2I4YH4WR2_6602-1736-7114-2248,0,1,0,0,0,0,0,0,0
2I4YH4WR2_7114-712-7626-1224,0,1,0,0,0,0,0,0,0
2I4YH4WR2_7114-1736-7626-2248,0,1,0,0,0,0,0,0,0
2I4YH4WR2_7167-5735-7679-6247,0,0,0,0,1,0,0,0,0
2I4YH4WR2_7141-352-7653-864,0,1,0,0,1,1,0,0,0
2I4YH4WR2_7395-448-7907-960,0,1,0,0,1,1,0,0,0
2I4YH4WR2_7535-4635-8047-5147,0,1,0,0,0,0,0,0,0
2I4YH4WR2_7535-2075-8047-2587,0,1,0,0,0,0,0,0,0
2I4YH4WR2_7535-3611-8047-4123,0,1,0,0,0,0,0,0,0
2I4YH4WR2_7626-1736-8138-2248,0,1,0,0,0,0,0,0,0
2I4YH4WR2_7535-4123-8047-4635,0,1,0,0,0,0,0,0,0
2I4YH4WR2_7535-2587-8047-3099,0,1,0,0,0,0,0,0,0
2I4YH4WR2_7626-712-8138-1224,0,1,0,0,0,0,0,0,0
2I4YH4WR2_7661-5264-8173-5776,0,1,0,0,0,0,0,0,0
2I4YH4WR2_8010-5370-8522-5882,0,1,0,0,0,0,0,0,0
2I4YH4WR2_7804-2607-8316-3119,0,1,0,0,0,0,0,0,0
2I4YH4WR2_7535-5659-8047-6171,0,1,0,0,1,1,0,0,0
2I4YH4WR2_7907-448-8419-960,0,1,0,0,1,1,0,0,0
2I4YH4WR2_8047-2075-8559-2587,0,1,0,0,0,0,0,0,0
2I4YH4WR2_8047-4123-8559-4635,0,1,0,0,0,0,0,0,0
2I4YH4WR2_8047-4635-8559-5147,0,1,0,0,0,0,0,0,0
2I4YH4WR2_8047-5659-8559-6171,0,1,0,0,1,0,0,0,0
2I4YH4WR2_8138-1224-8650-1736,0,1,0,0,0,0,0,0,0
2I4YH4WR2_8138-1736-8650-2248,0,1,0,0,0,0,0,0,0
2I4YH4WR2_8685-5776-9197-6288,0,1,0,0,1,0,0,0,0
2I4YH4WR2_8138-712-8650-1224,0,1,0,0,0,0,0,0,0
2I4YH4WR2_8316-2095-8828-2607,0,1,0,0,0,0,0,0,0
2I4YH4WR2_902-2503-1414-3015,0,1,0,0,0,0,0,0,0
2I4YH4WR2_8316-2607-8828-3119,0,1,0,0,0,0,0,0,0
2I4YH4WR2_8828-2095-9340-2607,0,1,0,0,0,0,0,0,0
2I4YH4WR2_8256-338-8768-850,0,1,0,0,1,1,0,0,0
2I4YH4WR2_902-4039-1414-4551,0,1,0,0,0,0,0,0,0
2I4YH4WR2_8535-297-9047-809,0,1,0,0,1,1,0,0,0
2I4YH4WR2_902-3527-1414-4039,0,1,0,0,0,0,0,0,0
2I4YH4WR2_902-4551-1414-5063,0,1,0,0,0,0,0,0,0
2I4YH4WR2_9047-297-9559-809,0,1,0,0,1,0,0,0,0
2I4YH4WR2_9197-5776-9709-6288,0,1,0,0,1,0,0,0,0
2I4YH4WR2_9709-5776-10221-6288,0,1,0,0,1,1,0,0,0
2I4YH4WR2_9559-297-10071-809,0,1,0,0,1,1,0,0,0
2I4YH4WR2_992-1880-1504-2392,0,1,0,0,0,0,0,0,0
2I4YH4WR2_992-1368-1504-1880,0,1,0,0,0,0,0,0,0
2I4YH4WR2_992-344-1504-856,0,1,0,0,1,0,0,0,0
2J2A6JRGY_4470-8396-4982-8908,0,0,0,0,0,0,1,0,0
2J2A6JRGY_3958-6860-4470-7372,0,0,0,0,0,0,1,0,0
2J2A6JRGY_3902-7838-4414-8350,0,0,0,0,0,0,1,0,0
2I4YH4WR2_992-4952-1504-5464,0,1,0,0,0,0,0,0,0
2I4YH4WR2_992-856-1504-1368,0,1,0,0,0,0,0,0,1
2J2A6JRGY_4470-7884-4982-8396,0,0,0,0,0,0,1,0,0
2J2A6JRGY_3390-7838-3902-8350,0,0,0,0,0,0,1,0,0
2J2A6JRGY_4982-8908-5494-9420,0,0,0,0,0,0,1,0,0
2J413BULI_10501-949-11013-1461,1,0,0,0,0,0,0,0,0
2J2A6JRGY_4982-8396-5494-8908,0,0,0,0,0,0,1,0,0
2J2A6JRGY_5494-8908-6006-9420,0,0,0,0,0,0,1,0,0
2J2A6JRGY_3958-6348-4470-6860,0,0,0,0,0,0,1,0,0
2J2A6JRGY_3958-7372-4470-7884,0,0,0,0,0,0,1,0,0
2J413BULI_3554-1940-4066-2452,1,0,0,0,0,0,0,0,0
2J413BULI_3554-2452-4066-2964,1,0,0,0,0,0,0,0,0
2J413BULI_4066-1940-4578-2452,1,0,0,0,0,0,0,0,0
2J413BULI_4066-2452-4578-2964,1,0,0,0,0,0,0,0,0
2J413BULI_6156-1347-6668-1859,1,0,0,0,0,0,0,0,0
2J413BULI_6156-2371-6668-2883,1,0,0,0,0,0,0,0,0
2J413BULI_6296-3276-6808-3788,1,0,0,0,0,0,0,0,0
2J413BULI_6156-1859-6668-2371,1,0,0,0,0,0,0,0,0
2J413BULI_6668-2883-7180-3395,1,0,0,0,0,0,0,0,0
2J413BULI_6156-2883-6668-3395,1,0,0,0,0,0,0,0,0
2J413BULI_6668-1347-7180-1859,1,0,0,0,0,0,0,0,0
2J413BULI_6668-1859-7180-2371,1,0,0,0,0,0,0,0,0
2J413BULI_6808-3276-7320-3788,1,0,0,0,0,0,0,0,0
2J413BULI_6668-2371-7180-2883,1,0,0,0,0,0,0,0,0
2J413BULI_7214-2387-7726-2899,1,0,0,0,0,0,0,0,0
2J413BULI_7214-1363-7726-1875,1,0,0,0,0,0,0,0,0
2J413BULI_7214-1875-7726-2387,1,0,0,0,0,0,0,0,0
2J413BULI_6808-3788-7320-4300,1,0,0,0,0,0,0,0,0
2J413BULI_7214-2899-7726-3411,1,0,0,0,0,0,0,0,0
2J413BULI_7530-3671-8042-4183,1,0,0,0,0,0,1,0,0
2J413BULI_7214-3411-7726-3923,1,0,0,0,0,0,1,0,0
2J413BULI_7726-1363-8238-1875,1,0,0,0,0,0,0,0,0
2J413BULI_7726-1875-8238-2387,1,0,0,0,0,0,0,0,0
2J413BULI_7726-2387-8238-2899,1,0,0,0,0,0,0,0,0
2J413BULI_8382-2724-8894-3236,1,0,0,0,0,0,0,0,0
2J413BULI_8382-2212-8894-2724,1,0,0,0,0,0,0,0,0
2J413BULI_8596-2972-9108-3484,1,0,0,0,0,0,0,0,0
2J413BULI_7870-2724-8382-3236,1,0,0,0,0,0,0,0,0
2L3ZGKHJL_1104-1501-1616-2013,0,1,0,0,0,0,0,0,0
2J413BULI_9108-2972-9620-3484,1,0,0,0,0,0,0,0,0
2J413BULI_9989-949-10501-1461,1,0,0,0,0,0,0,0,0
2J413BULI_8596-2460-9108-2972,1,0,0,0,0,0,0,0,0
2L3ZGKHJL_1054-4199-1566-4711,0,1,0,0,0,0,0,0,0
2J413BULI_7726-3411-8238-3923,1,0,0,0,0,0,1,0,0
2J413BULI_8382-3236-8894-3748,1,0,0,0,0,0,0,0,0
2L3ZGKHJL_1054-4711-1566-5223,0,1,0,0,0,0,0,0,0
2L3ZGKHJL_1104-2013-1616-2525,0,1,0,0,0,0,0,0,0
2L3ZGKHJL_1104-3037-1616-3549,0,1,0,0,0,0,0,0,0
2L3ZGKHJL_1104-2525-1616-3037,0,1,0,0,0,0,0,0,0
2L3ZGKHJL_1104-989-1616-1501,0,1,0,0,0,0,0,0,0
2L3ZGKHJL_1163-5358-1675-5870,0,1,0,0,0,0,0,0,0
2L3ZGKHJL_1608-2993-2120-3505,0,1,0,0,0,0,0,0,0
2L3ZGKHJL_1608-4017-2120-4529,0,1,0,0,0,0,0,0,0
2L3ZGKHJL_1608-2481-2120-2993,0,1,0,0,0,0,0,0,0
2L3ZGKHJL_1163-5870-1675-6382,0,1,0,0,0,0,0,0,0
2L3ZGKHJL_1608-4529-2120-5041,0,1,0,0,0,0,0,0,0
2L3ZGKHJL_1608-3505-2120-4017,0,1,0,0,0,0,0,0,0
2L3ZGKHJL_1675-5870-2187-6382,0,1,0,0,0,0,0,0,0
2L3ZGKHJL_1608-5041-2120-5553,0,1,0,0,0,0,0,0,0
2L3ZGKHJL_1551-1047-2063-1559,0,1,0,0,0,0,0,0,0
2L3ZGKHJL_1675-5358-2187-5870,0,1,0,0,0,0,0,0,0
2L3ZGKHJL_1675-6382-2187-6894,0,1,0,0,0,0,0,0,0
2L3ZGKHJL_1577-8525-2089-9037,0,1,0,0,0,0,0,0,1
2L3ZGKHJL_1698-6883-2210-7395,0,1,0,0,0,0,0,0,0
2L3ZGKHJL_1896-2943-2408-3455,0,1,0,0,0,0,0,0,0
2L3ZGKHJL_1896-2431-2408-2943,0,1,0,0,0,0,0,0,0
2L3ZGKHJL_1896-1919-2408-2431,0,1,0,0,0,0,0,0,0
2L3ZGKHJL_1896-3455-2408-3967,0,1,0,0,0,0,0,0,0
2L3ZGKHJL_1896-3967-2408-4479,0,1,0,0,0,0,0,0,0
2L3ZGKHJL_1898-5161-2410-5673,0,1,0,0,0,0,0,0,0
2L3ZGKHJL_2063-1047-2575-1559,0,1,0,0,0,0,0,0,0
2L3ZGKHJL_2187-6382-2699-6894,0,1,0,0,0,0,0,0,0
2L3ZGKHJL_1898-5673-2410-6185,0,1,0,0,0,0,0,0,0
2L3ZGKHJL_1898-4649-2410-5161,0,1,0,0,0,0,0,0,0
2L3ZGKHJL_2187-7918-2699-8430,0,1,0,0,0,0,0,0,0
2L3ZGKHJL_1898-6185-2410-6697,0,1,0,0,0,0,0,0,0
2L3ZGKHJL_2228-8518-2740-9030,0,1,0,0,0,0,0,0,1
2L3ZGKHJL_2187-6894-2699-7406,0,1,0,0,0,0,0,0,0
2L3ZGKHJL_2338-1955-2850-2467,0,1,0,0,0,0,0,0,0
2L3ZGKHJL_2187-7406-2699-7918,0,1,0,0,0,0,0,0,0
2L3ZGKHJL_2338-1443-2850-1955,0,1,0,0,0,0,0,0,0
2L3ZGKHJL_2342-5478-2854-5990,0,1,0,0,0,0,0,0,0
2L3ZGKHJL_2342-4966-2854-5478,0,1,0,0,0,0,0,0,0
2L3ZGKHJL_2340-4292-2852-4804,0,1,0,0,0,0,0,0,0
2L3ZGKHJL_2338-2467-2850-2979,0,1,0,0,0,0,0,0,0
2L3ZGKHJL_2344-3550-2856-4062,0,1,0,0,0,0,0,0,0
2L3ZGKHJL_2344-3038-2856-3550,0,1,0,0,0,0,0,0,0
2L3ZGKHJL_2342-5990-2854-6502,0,1,0,0,0,0,0,0,0
2L3ZGKHJL_2386-1033-2898-1545,0,1,0,0,0,0,0,0,0
2L3ZGKHJL_2632-3137-3144-3649,0,1,0,0,0,0,0,0,0
2L3ZGKHJL_2618-1474-3130-1986,0,1,0,0,0,0,0,0,0
2L3ZGKHJL_2632-3649-3144-4161,0,1,0,0,0,0,0,0,0
2L3ZGKHJL_2538-8275-3050-8787,0,1,0,0,0,0,0,0,0
2L3ZGKHJL_2632-4161-3144-4673,0,1,0,0,0,0,0,0,0
2L3ZGKHJL_2632-5185-3144-5697,0,1,0,0,0,0,0,0,0
2L3ZGKHJL_2632-5697-3144-6209,0,1,0,0,0,0,0,0,0
2L3ZGKHJL_2632-4673-3144-5185,0,1,0,0,0,0,0,0,0
2L3ZGKHJL_2632-6209-3144-6721,0,1,0,0,0,0,0,0,0
2L3ZGKHJL_2632-6721-3144-7233,0,1,0,0,0,0,0,0,0
2L3ZGKHJL_2632-7745-3144-8257,0,1,0,0,0,0,0,0,0
2L3ZGKHJL_2632-7233-3144-7745,0,1,0,0,0,0,0,0,0
2L3ZGKHJL_2891-938-3403-1450,0,1,0,0,0,0,0,0,0
2L3ZGKHJL_2839-1919-3351-2431,0,1,0,0,0,0,0,0,0
2L3ZGKHJL_3562-8275-4074-8787,0,1,0,0,0,0,0,0,0
2L3ZGKHJL_3732-2451-4244-2963,0,1,0,0,0,0,0,0,0
2L3ZGKHJL_3050-8275-3562-8787,0,1,0,0,0,0,0,0,0
2L3ZGKHJL_3732-1939-4244-2451,0,1,0,0,0,0,0,0,0
2L3ZGKHJL_3368-7743-3880-8255,0,1,0,0,0,0,0,0,0
2L3ZGKHJL_3706-1057-4218-1569,0,1,0,0,0,0,0,0,0
2L3ZGKHJL_3732-2963-4244-3475,0,1,0,0,0,0,0,0,0
2L3ZGKHJL_3732-3987-4244-4499,0,1,0,0,0,0,0,0,0
2L3ZGKHJL_3732-4499-4244-5011,0,1,0,0,0,0,0,0,0
2L3ZGKHJL_3732-3475-4244-3987,0,1,0,0,0,0,0,0,0
2L3ZGKHJL_3746-6587-4258-7099,0,1,0,0,0,0,0,0,0
2L3ZGKHJL_3746-7099-4258-7611,0,1,0,0,0,0,0,0,0
2L3ZGKHJL_3746-6075-4258-6587,0,1,0,0,0,0,0,0,0
2L3ZGKHJL_3746-7611-4258-8123,0,1,0,0,0,0,0,0,0
2L3ZGKHJL_4189-5562-4701-6074,0,1,0,0,0,0,0,0,0
2L3ZGKHJL_4150-1072-4662-1584,0,1,0,0,0,0,0,0,0
2L3ZGKHJL_4189-5050-4701-5562,0,1,0,0,0,0,0,0,0
2L3ZGKHJL_4189-6074-4701-6586,0,1,0,0,0,0,0,0,0
2L3ZGKHJL_4447-1013-4959-1525,0,1,0,0,0,0,0,0,0
2L3ZGKHJL_4447-4597-4959-5109,0,1,0,0,0,0,0,0,0
2L3ZGKHJL_4447-2037-4959-2549,0,1,0,0,0,0,0,0,0
2L3ZGKHJL_4447-4085-4959-4597,0,1,0,0,0,0,0,0,0
2L3ZGKHJL_4447-1525-4959-2037,0,1,0,0,0,0,0,0,0
2L3ZGKHJL_4447-5109-4959-5621,0,1,0,0,0,0,0,0,0
2L3ZGKHJL_4447-3061-4959-3573,0,1,0,0,0,0,0,0,0
2L3ZGKHJL_4447-3573-4959-4085,0,1,0,0,0,0,0,0,0
2L3ZGKHJL_4189-6586-4701-7098,0,1,0,0,0,0,0,0,0
2L3ZGKHJL_4447-6133-4959-6645,0,1,0,0,0,0,0,0,0
2L3ZGKHJL_4447-2549-4959-3061,0,1,0,0,0,0,0,0,0
2L3ZGKHJL_4447-6645-4959-7157,0,1,0,0,0,0,0,0,0
2L3ZGKHJL_4447-5621-4959-6133,0,1,0,0,0,0,0,0,0
2L3ZGKHJL_4447-7157-4959-7669,0,1,0,0,0,0,0,0,0
2L3ZGKHJL_4447-8181-4959-8693,0,1,0,0,0,0,0,0,0
2L3ZGKHJL_4447-7669-4959-8181,0,1,0,0,0,0,0,0,0
2L3ZGKHJL_829-1106-1341-1618,0,1,0,0,0,0,0,0,0
2L3ZGKHJL_829-1618-1341-2130,0,1,0,0,0,0,0,0,0
2L73AWZKC_1551-1070-2063-1582,1,0,0,0,0,0,0,0,0
2L3ZGKHJL_829-2130-1341-2642,0,1,0,0,0,0,0,0,0
2LBNQV46V_10331-3598-10843-4110,1,0,0,0,0,0,0,0,0
2L73AWZKC_1067-3872-1579-4384,1,0,0,0,0,0,0,0,0
2LBNQV46V_10002-5178-10514-5690,1,0,0,0,0,0,0,0,0
2LBNQV46V_10514-4666-11026-5178,1,0,0,0,0,0,0,0,0
2LBNQV46V_10514-5178-11026-5690,1,0,0,0,0,0,0,0,0
2LBNQV46V_10331-4110-10843-4622,1,0,0,0,0,0,0,0,0
2LBNQV46V_10331-3086-10843-3598,1,0,0,0,0,0,0,0,0
2LBNQV46V_10012-4396-10524-4908,1,0,0,0,0,0,0,0,0
2LBNQV46V_10012-3884-10524-4396,1,0,0,0,0,0,0,0,0
2LBNQV46V_10002-5690-10514-6202,1,0,0,0,0,0,0,0,0
2LBNQV46V_10514-5690-11026-6202,1,0,0,0,0,0,0,0,0
2LBNQV46V_6091-2656-6603-3168,1,0,0,0,0,0,0,0,0
2LBNQV46V_6086-3375-6598-3887,1,0,0,0,0,0,0,0,0
2LBNQV46V_6086-3887-6598-4399,1,0,0,0,0,0,0,0,0
2LBNQV46V_10524-3884-11036-4396,1,0,0,0,0,0,0,0,0
2LBNQV46V_6121-5276-6633-5788,1,0,0,0,0,0,0,0,0
2LBNQV46V_6121-7324-6633-7836,1,0,0,0,0,0,0,0,0
2LBNQV46V_6121-6300-6633-6812,1,0,0,0,0,0,0,0,0
2LBNQV46V_6633-5788-7145-6300,1,0,0,0,0,0,0,0,0
2LBNQV46V_6598-3887-7110-4399,1,0,0,0,0,0,0,0,0
2LBNQV46V_6603-2656-7115-3168,1,0,0,0,0,0,0,0,0
2LBNQV46V_6121-7836-6633-8348,1,0,0,0,0,0,0,0,0
2LBNQV46V_6121-6812-6633-7324,1,0,0,0,0,0,0,0,0
2LBNQV46V_6633-5276-7145-5788,1,0,0,0,0,0,0,0,0
2LBNQV46V_6603-3168-7115-3680,1,0,0,0,0,0,0,0,0
2LBNQV46V_6121-5788-6633-6300,1,0,0,0,0,0,0,0,0
2LBNQV46V_6633-6300-7145-6812,1,0,0,0,0,0,0,0,0
2LBNQV46V_6633-6812-7145-7324,1,0,0,0,0,0,0,0,0
2LBNQV46V_6633-7324-7145-7836,1,0,0,0,0,0,0,0,0
2LBNQV46V_8476-3884-8988-4396,1,0,0,0,0,0,0,0,0
2LBNQV46V_8476-4908-8988-5420,1,0,0,0,0,0,0,0,0
2LBNQV46V_6633-7836-7145-8348,1,0,0,0,0,0,0,0,0
2LBNQV46V_8490-2639-9002-3151,1,0,0,0,0,0,0,0,0
2LBNQV46V_8795-3598-9307-4110,1,0,0,0,0,0,0,0,0
2LBNQV46V_8988-3884-9500-4396,1,0,0,0,0,0,0,0,0
2LBNQV46V_8978-5178-9490-5690,1,0,0,0,0,0,0,0,0
2LBNQV46V_8795-4110-9307-4622,1,0,0,0,0,0,0,0,0
2LBNQV46V_8795-3086-9307-3598,1,0,0,0,0,0,0,0,0
2LBNQV46V_9307-4110-9819-4622,1,0,0,0,0,0,0,0,0
2LBNQV46V_8978-4666-9490-5178,1,0,0,0,0,0,0,0,0
2LBNQV46V_9307-2574-9819-3086,1,0,0,0,0,0,0,0,0
2LBNQV46V_9500-3884-10012-4396,1,0,0,0,0,0,0,0,0
2LBNQV46V_9307-3598-9819-4110,1,0,0,0,0,0,0,0,0
2LBNQV46V_9002-2639-9514-3151,1,0,0,0,0,0,0,0,0
2LBNQV46V_9500-4396-10012-4908,1,0,0,0,0,0,0,0,0
2LBNQV46V_9500-4908-10012-5420,1,0,0,0,0,0,0,0,0
2M6Y26Q2F_2525-1058-3037-1570,0,0,0,0,0,0,1,0,0
2LBNQV46V_9819-3598-10331-4110,1,0,0,0,0,0,0,0,0
2LBNQV46V_9819-4110-10331-4622,1,0,0,0,0,0,0,0,0
2LBNQV46V_9819-3086-10331-3598,1,0,0,0,0,0,0,0,0
2LBNQV46V_9819-2574-10331-3086,1,0,0,0,0,0,0,0,0
2M6Y26Q2F_2760-1857-3272-2369,0,0,0,0,0,0,1,0,0
2MLICNC7Z_10104-5738-10616-6250,0,1,0,0,0,0,0,0,0
2M6Y26Q2F_4197-2969-4709-3481,0,0,0,0,0,0,1,0,0
2M6Y26Q2F_2760-2369-3272-2881,0,0,0,0,0,0,1,0,0
2M6Y26Q2F_2525-1570-3037-2082,0,0,0,0,0,0,1,0,0
2M6Y26Q2F_3432-3953-3944-4465,0,0,0,0,0,0,1,0,0
2MLICNC7Z_10461-8244-10973-8756,0,1,0,0,0,0,0,0,0
2M6Y26Q2F_3750-5651-4262-6163,0,0,0,0,0,0,1,0,0
2M6Y26Q2F_2525-546-3037-1058,0,0,0,0,0,0,1,0,0
2M6Y26Q2F_3177-3679-3689-4191,0,0,0,0,0,0,1,0,0
2MLICNC7Z_1481-831-1993-1343,0,1,0,0,0,0,0,0,0
2MLICNC7Z_10865-8554-11377-9066,0,1,0,0,0,0,0,0,0
2MLICNC7Z_10865-8042-11377-8554,0,1,0,0,0,0,0,0,0
2MLICNC7Z_3195-1971-3707-2483,0,1,0,0,0,0,0,0,0
2MLICNC7Z_3071-3777-3583-4289,0,1,0,0,0,0,0,0,0
2MLICNC7Z_3071-3265-3583-3777,0,1,0,0,0,0,0,0,0
2MLICNC7Z_3707-1459-4219-1971,0,1,0,0,0,0,0,0,0
2MLICNC7Z_3195-1459-3707-1971,0,1,0,0,0,0,0,0,0
2MLICNC7Z_4912-1428-5424-1940,0,1,0,0,0,0,0,0,0
2MLICNC7Z_4506-3191-5018-3703,0,1,0,0,0,0,0,0,0
2MLICNC7Z_3707-1971-4219-2483,0,1,0,0,0,0,0,0,0
2MLICNC7Z_4912-1940-5424-2452,0,1,0,0,0,0,0,0,0
2MLICNC7Z_4400-1940-4912-2452,0,1,0,0,0,0,0,0,0
2MLICNC7Z_4506-2679-5018-3191,0,1,0,0,0,0,0,0,0
2MLICNC7Z_4400-1428-4912-1940,0,1,0,0,0,0,0,0,0
2MLICNC7Z_5018-3703-5530-4215,0,1,0,0,0,0,0,0,0
2MLICNC7Z_5018-2679-5530-3191,0,1,0,0,0,0,0,0,0
2MLICNC7Z_5530-3191-6042-3703,0,1,0,0,0,0,0,0,0
2MLICNC7Z_6323-3779-6835-4291,0,1,0,0,0,0,0,0,0
2MLICNC7Z_5530-3703-6042-4215,0,1,0,0,0,0,0,0,0
2MLICNC7Z_6107-8724-6619-9236,0,1,0,0,0,0,0,0,0
2MLICNC7Z_6835-3779-7347-4291,0,1,0,0,0,0,0,0,0
2MLICNC7Z_7522-665-8034-1177,0,1,0,0,0,0,0,0,0
2MLICNC7Z_6439-3390-6951-3902,0,1,0,0,0,0,0,0,0
2MLICNC7Z_7656-7756-8168-8268,0,1,0,0,0,0,0,0,0
2MLICNC7Z_7347-3779-7859-4291,0,1,0,0,0,0,0,0,0
2MLICNC7Z_9121-489-9633-1001,0,1,0,0,0,0,0,0,0
2MLICNC7Z_9592-5738-10104-6250,0,1,0,0,0,0,0,0,0
2MLICNC7Z_9630-6064-10142-6576,0,1,0,0,0,0,0,0,0
2MLICNC7Z_8925-7732-9437-8244,0,1,0,0,0,0,0,0,0
2MLICNC7Z_9437-8244-9949-8756,0,1,0,0,0,0,0,0,0
2MLICNC7Z_7859-3779-8371-4291,0,1,0,0,0,0,0,0,0
2MLICNC7Z_9437-7732-9949-8244,0,1,0,0,0,0,0,0,0
2MLICNC7Z_9605-7231-10117-7743,0,1,0,0,0,0,0,0,0
2MLICNC7Z_8371-3779-8883-4291,0,1,0,0,0,0,0,0,0
2MLICNC7Z_9633-489-10145-1001,0,1,0,0,0,0,0,0,0
2MLICNC7Z_9949-8244-10461-8756,0,1,0,0,0,0,0,0,0
2MLICNC7Z_9827-6472-10339-6984,0,1,0,0,0,0,0,0,0
2MTIEDRFX_1001-3276-1513-3788,0,0,1,0,0,0,0,0,0
2MTIEDRFX_1001-4300-1513-4812,0,0,1,0,0,0,0,0,0
2MTIEDRFX_827-1327-1339-1839,0,0,1,0,0,0,0,0,0
2MTIEDRFX_827-1839-1339-2351,0,0,1,0,0,0,0,0,0
2MTIEDRFX_1001-3788-1513-4300,0,0,1,0,0,0,0,0,0
2MTIEDRFX_1001-4812-1513-5324,0,0,1,0,0,0,0,0,0
2NH2GQZZJ_9362-4474-9874-4986,0,0,0,1,0,0,0,0,0
2NH2GQZZJ_9874-4986-10386-5498,0,0,0,1,0,0,0,0,0
2NH2GQZZJ_8850-5498-9362-6010,0,0,0,1,0,0,0,0,0
2MTIEDRFX_827-815-1339-1327,0,0,1,0,0,0,0,0,0
2NH2GQZZJ_9362-5498-9874-6010,0,0,0,1,0,0,0,0,0
2NH2GQZZJ_8850-4474-9362-4986,0,0,0,1,0,0,0,0,0
2NH2GQZZJ_8850-4986-9362-5498,0,0,0,1,0,0,0,0,0
2MTIEDRFX_827-2351-1339-2863,0,0,1,0,0,0,0,0,0
2NH2GQZZJ_9874-4474-10386-4986,0,0,0,1,0,0,0,0,0
2NTE883UN_1383-1963-1895-2475,0,0,0,1,0,0,0,0,0
2NH2GQZZJ_9874-5498-10386-6010,0,0,0,1,0,0,0,0,0
2NTE883UN_1383-2475-1895-2987,0,0,0,1,0,0,0,0,0
2NTE883UN_1383-939-1895-1451,0,0,0,1,0,0,0,0,0
2NTE883UN_2919-427-3431-939,0,0,0,1,0,0,0,0,0
2NTE883UN_1895-427-2407-939,0,0,0,1,0,0,0,0,0
2NTE883UN_4573-1181-5085-1693,0,0,0,1,0,0,0,0,0
2NTE883UN_2407-427-2919-939,0,0,0,1,0,0,0,0,0
2NTE883UN_1383-427-1895-939,0,0,0,1,0,0,0,0,0
2PI3A2KID_1132-1568-1644-2080,1,0,0,0,0,0,0,0,0
2NTE883UN_871-427-1383-939,0,0,0,1,0,0,0,0,0
2NTE883UN_871-1451-1383-1963,0,0,0,1,0,0,0,0,0
2NTE883UN_871-2475-1383-2987,0,0,0,1,0,0,0,0,0
2NTE883UN_871-2987-1383-3499,0,0,0,1,0,0,0,0,0
2NTE883UN_871-939-1383-1451,0,0,0,1,0,0,0,0,0
2PI3A2KID_1054-2236-1566-2748,1,0,0,0,0,0,0,0,0
2PI3A2KID_1193-2897-1705-3409,1,0,0,0,0,0,0,0,0
2PI3A2KID_1132-1056-1644-1568,1,0,0,0,0,0,0,0,0
2PI3A2KID_1220-578-1732-1090,1,0,0,0,0,0,0,0,0
2PI3A2KID_1644-1056-2156-1568,1,0,0,0,0,0,0,0,0
2PI3A2KID_1672-1512-2184-2024,1,0,0,0,0,0,0,0,0
2PI3A2KID_2220-2211-2732-2723,1,0,0,0,0,0,0,0,0
2PI3A2KID_2184-1000-2696-1512,1,0,0,0,0,0,0,0,0
2PI3A2KID_2220-1699-2732-2211,1,0,0,0,0,0,0,0,0
2PI3A2KID_1708-2211-2220-2723,1,0,0,0,0,0,0,0,0
2PI3A2KID_2220-2723-2732-3235,1,0,0,0,0,0,0,0,0
2PI3A2KID_1708-2723-2220-3235,1,0,0,0,0,0,0,0,0
2R9N8XIP2_10499-4102-11011-4614,0,0,0,0,0,0,1,0,0
2PI3A2KID_708-578-1220-1090,1,0,0,0,0,0,0,0,0
2R9N8XIP2_12263-1943-12775-2455,0,0,0,0,0,0,1,0,0
2R9N8XIP2_12263-1431-12775-1943,0,0,0,0,0,0,1,0,0
2PI3A2KID_499-1414-1011-1926,1,0,0,0,0,0,0,0,0
2R9N8XIP2_12035-4102-12547-4614,0,0,0,0,0,0,1,0,0
2R9N8XIP2_11523-4102-12035-4614,0,0,0,0,0,0,1,0,0
2R9N8XIP2_12263-2455-12775-2967,0,0,0,0,0,0,1,0,0
2R9N8XIP2_11011-4102-11523-4614,0,0,0,0,0,0,1,0,0
2R9N8XIP2_12263-3991-12775-4503,0,0,0,0,0,0,1,0,0
2R9N8XIP2_12263-3479-12775-3991,0,0,0,0,0,0,1,0,0
2R9N8XIP2_12263-2967-12775-3479,0,0,0,0,0,0,1,0,0
2R9N8XIP2_7929-7031-8441-7543,0,0,0,0,0,0,1,0,0
2R9N8XIP2_12263-919-12775-1431,0,0,0,0,0,0,1,0,0
2R9N8XIP2_12263-407-12775-919,0,0,0,0,0,0,1,0,0
2R9N8XIP2_7929-7543-8441-8055,0,0,0,0,0,0,1,0,0
2R9N8XIP2_8441-6519-8953-7031,0,0,0,0,0,0,1,0,0
2R9N8XIP2_9308-5548-9820-6060,0,0,0,0,0,0,1,0,0
2R9N8XIP2_8441-7031-8953-7543,0,0,0,0,0,0,1,0,0
2R9N8XIP2_9820-5036-10332-5548,0,0,0,0,0,0,1,0,0
2RI2RRZIZ_3731-5846-4243-6358,0,0,0,0,0,0,0,0,1
2R9N8XIP2_8953-6007-9465-6519,0,0,0,0,0,0,1,0,0
2TVYFVX63_1435-8384-1947-8896,0,0,0,0,0,0,1,0,0
2RI2RRZIZ_4294-7828-4806-8340,0,0,0,0,0,0,0,0,1
2TVYFVX63_1769-1983-2281-2495,0,0,0,0,0,0,1,0,0
2TVYFVX63_1257-1983-1769-2495,0,0,0,0,0,0,1,0,0
2TVYFVX63_1278-3249-1790-3761,0,0,0,0,0,0,1,0,0
2TVYFVX63_2183-7055-2695-7567,0,0,0,0,0,0,1,0,0
2TVYFVX63_2079-1915-2591-2427,0,0,0,0,0,0,1,0,0
2TVYFVX63_1790-3249-2302-3761,0,0,0,0,0,0,1,0,0
2TVYFVX63_956-5575-1468-6087,0,0,0,0,0,0,1,0,0
2TVYFVX63_2695-7055-3207-7567,0,0,0,0,0,0,1,0,0
2TVYFVX63_745-1983-1257-2495,0,0,0,0,0,0,1,0,0
2TVYFVX63_766-3249-1278-3761,0,0,0,0,0,0,1,0,0
2TVYFVX63_2302-3249-2814-3761,0,0,0,0,0,0,1,0,0
2UVZXRZHY_6496-14723-7008-15235,0,0,0,0,0,0,1,0,0
2UVZXRZHY_8428-11461-8940-11973,0,0,0,0,0,0,1,0,0
2UVZXRZHY_7614-13809-8126-14321,0,0,0,0,0,0,1,0,0
2UVZXRZHY_8428-12485-8940-12997,0,0,0,0,0,0,1,0,0
2UVZXRZHY_11229-8280-11741-8792,0,0,0,0,0,0,1,0,0
2UVZXRZHY_7008-14723-7520-15235,0,0,0,0,0,0,1,0,0
2UVZXRZHY_11741-8792-12253-9304,0,0,0,0,0,0,1,0,0
2UVZXRZHY_6948-14296-7460-14808,0,0,0,0,0,0,1,0,0
2UVZXRZHY_8428-11973-8940-12485,0,0,0,0,0,0,1,0,0
2UVZXRZHY_8979-9388-9491-9900,0,0,0,0,0,0,1,0,0
2UVZXRZHY_9089-11141-9601-11653,0,0,0,0,0,0,1,0,0
2UVZXRZHY_9491-9388-10003-9900,0,0,0,0,0,0,1,0,0
2VCXYQW74_10163-7462-10675-7974,0,1,0,0,0,0,0,0,0
2VCXYQW74_10163-8486-10675-8998,0,1,0,0,0,0,0,0,0
2VCXYQW74_10675-6950-11187-7462,0,1,0,0,0,0,0,0,0
2VCXYQW74_10363-2439-10875-2951,0,1,0,0,0,0,0,0,0
2VCXYQW74_10163-7974-10675-8486,0,1,0,0,0,0,0,0,0
2VCXYQW74_10363-3975-10875-4487,0,1,0,0,0,0,0,0,0
2VCXYQW74_10675-7974-11187-8486,0,1,0,0,0,0,0,0,0
2VCXYQW74_10675-7462-11187-7974,0,1,0,0,0,0,0,0,0
2VCXYQW74_10875-2439-11387-2951,0,1,0,0,0,0,0,0,0
2VCXYQW74_10875-3975-11387-4487,0,1,0,0,0,0,0,0,0
2VCXYQW74_11187-7462-11699-7974,0,1,0,0,0,0,0,0,0
2VCXYQW74_11387-2439-11899-2951,0,1,0,0,0,0,0,0,0
2VCXYQW74_11187-6950-11699-7462,0,1,0,0,0,0,0,0,0
2VCXYQW74_11387-2951-11899-3463,0,1,0,0,0,0,0,0,0
2VCXYQW74_11187-7974-11699-8486,0,1,0,0,0,0,0,0,0
2VCXYQW74_11387-3463-11899-3975,0,1,0,0,0,0,0,0,0
2VCXYQW74_1285-7871-1797-8383,0,1,0,0,0,0,0,0,0
2VCXYQW74_1285-8895-1797-9407,0,1,0,0,0,0,0,0,0
2VCXYQW74_1732-1550-2244-2062,0,1,0,0,0,0,0,0,0
2VCXYQW74_1797-7871-2309-8383,0,1,0,0,0,0,0,0,0
2VCXYQW74_1797-8895-2309-9407,0,1,0,0,0,0,0,0,0
2VCXYQW74_1788-5433-2300-5945,0,1,0,0,0,0,0,0,0
2VCXYQW74_1940-6458-2452-6970,0,1,0,0,0,0,0,0,0
2VCXYQW74_1797-8383-2309-8895,0,1,0,0,0,0,0,0,0
2VCXYQW74_1995-6989-2507-7501,0,1,0,0,0,0,0,0,0
2VCXYQW74_2921-3147-3433-3659,0,1,0,0,0,0,0,0,0
2VCXYQW74_2756-2062-3268-2574,0,1,0,0,0,0,0,0,0
2VCXYQW74_2244-2062-2756-2574,0,1,0,0,0,0,0,0,0
2VCXYQW74_2300-5433-2812-5945,0,1,0,0,0,0,0,0,0
2VCXYQW74_2244-2574-2756-3086,0,1,0,0,0,0,0,0,0
2VCXYQW74_3093-4791-3605-5303,0,1,0,0,0,0,0,0,0
2VCXYQW74_2756-2574-3268-3086,0,1,0,0,0,0,0,0,0
2VCXYQW74_2244-1550-2756-2062,0,1,0,0,0,0,0,0,0
2VCXYQW74_3268-2574-3780-3086,0,1,0,0,0,0,0,0,0
2VCXYQW74_3605-4791-4117-5303,0,1,0,0,0,0,0,0,0
2VCXYQW74_3780-2062-4292-2574,0,1,0,0,0,0,0,0,0
2VCXYQW74_3404-4168-3916-4680,0,1,0,0,0,0,0,0,0
2VCXYQW74_3903-6904-4415-7416,0,1,0,0,0,0,0,0,0
2VCXYQW74_4292-2062-4804-2574,0,1,0,0,0,0,0,0,0
2VCXYQW74_3780-2574-4292-3086,0,1,0,0,0,0,0,0,0
2VCXYQW74_3903-7416-4415-7928,0,1,0,0,0,0,0,0,0
2VCXYQW74_4292-2574-4804-3086,0,1,0,0,0,0,0,0,0
2VCXYQW74_4927-6904-5439-7416,0,1,0,0,0,0,0,0,0
2VCXYQW74_4927-7416-5439-7928,0,1,0,0,0,0,0,0,0
2VCXYQW74_5594-3945-6106-4457,0,1,0,0,0,0,0,0,0
2VCXYQW74_4415-6904-4927-7416,0,1,0,0,0,0,0,0,0
2VCXYQW74_4415-7416-4927-7928,0,1,0,0,0,0,0,0,0
2VCXYQW74_5756-1931-6268-2443,0,1,0,0,0,0,0,0,0
2VCXYQW74_5756-2443-6268-2955,0,1,0,0,0,0,0,0,0
2VCXYQW74_5594-2921-6106-3433,0,1,0,0,0,0,0,0,0
2VCXYQW74_5594-3433-6106-3945,0,1,0,0,0,0,0,0,0
2VCXYQW74_6106-2921-6618-3433,0,1,0,0,0,0,0,0,0
2VCXYQW74_6106-3433-6618-3945,0,1,0,0,0,0,0,0,0
2VCXYQW74_6163-3771-6675-4283,0,1,0,0,0,0,0,0,0
2VCXYQW74_773-7871-1285-8383,0,1,0,0,0,0,0,0,0
2VCXYQW74_8360-7601-8872-8113,0,1,0,0,0,0,0,0,0
2VCXYQW74_9339-3463-9851-3975,0,1,0,0,0,0,0,0,0
2VCXYQW74_773-8383-1285-8895,0,1,0,0,0,0,0,0,0
2VCXYQW74_9339-2951-9851-3463,0,1,0,0,0,0,0,0,0
2VCXYQW74_8360-8113-8872-8625,0,1,0,0,0,0,0,0,0
2Y87YIWFE_2337-1259-2849-1771,0,0,0,1,0,0,0,0,0
2Y87YIWFE_2337-1771-2849-2283,0,0,0,1,0,0,0,0,0
2Y87YIWFE_2849-1771-3361-2283,0,0,0,1,0,0,0,0,0
2VCXYQW74_9851-2439-10363-2951,0,1,0,0,0,0,0,0,0
2VCXYQW74_9851-3463-10363-3975,0,1,0,0,0,0,0,0,0
2Y87YIWFE_3403-3068-3915-3580,0,0,0,1,0,0,0,0,0
2VCXYQW74_9851-2951-10363-3463,0,1,0,0,0,0,0,0,0
2VCXYQW74_9851-3975-10363-4487,0,1,0,0,0,0,0,0,0
2Y87YIWFE_2849-2283-3361-2795,0,0,0,1,0,0,0,0,0
2Y87YIWFE_3403-3580-3915-4092,0,0,0,1,0,0,0,0,0
2Y87YIWFE_3915-3580-4427-4092,0,0,0,1,0,0,0,0,0
2Y87YIWFE_3915-4092-4427-4604,0,0,0,1,0,0,0,0,0
2Y87YIWFE_3915-3068-4427-3580,0,0,0,1,0,0,0,0,0
2Y87YIWFE_4427-4092-4939-4604,0,0,0,1,0,0,0,0,0
2Y87YIWFE_4939-4604-5451-5116,0,0,0,1,0,0,0,0,0
2YDPD7KLV_304-5255-816-5767,1,0,0,0,0,0,0,0,0
2Y87YIWFE_4427-3580-4939-4092,0,0,0,1,0,0,0,0,0
2Y87YIWFE_4427-4604-4939-5116,0,0,0,1,0,0,0,0,0
2YDPD7KLV_6434-2769-6946-3281,1,0,0,0,0,0,0,0,0
2YDPD7KLV_5265-3006-5777-3518,1,0,0,0,0,0,0,0,0
2YDPD7KLV_7062-603-7574-1115,1,0,0,0,0,0,0,0,0
2YDPD7KLV_6434-2257-6946-2769,1,0,0,0,0,0,0,0,0
2YDPD7KLV_5940-2933-6452-3445,1,0,0,0,0,0,0,0,0
2YDPD7KLV_7413-535-7925-1047,1,0,0,0,0,0,0,0,0
2YDPD7KLV_7004-1071-7516-1583,1,0,0,0,0,0,0,0,0
2YDPD7KLV_6434-1745-6946-2257,1,0,0,0,0,0,0,0,0
2YDPD7KLV_7693-2001-8205-2513,1,0,0,0,0,0,0,0,0
2YDPD7KLV_7777-480-8289-992,1,0,0,0,0,0,0,0,0
2YDPD7KLV_816-5255-1328-5767,1,0,0,0,0,0,0,0,0
2YDV8NNT7_2142-2207-2654-2719,0,0,1,0,0,0,0,0,0
2YDV8NNT7_4045-285-4557-797,0,0,1,0,0,0,0,0,0
2YDPD7KLV_8600-2809-9112-3321,1,0,0,0,0,0,0,0,0
2YDV8NNT7_2370-2005-2882-2517,0,0,1,0,0,0,0,0,0
2YFKIDALP_1185-3344-1697-3856,1,0,0,0,0,0,0,0,0
2YDV8NNT7_4237-428-4749-940,0,0,1,0,0,0,0,0,0
2YDV8NNT7_587-1146-1099-1658,0,0,1,0,0,0,0,0,0
2YFKIDALP_2335-3324-2847-3836,1,0,0,0,0,0,0,0,0
2YFKIDALP_2779-4672-3291-5184,1,0,0,0,0,0,0,0,0
2YFKIDALP_1277-3570-1789-4082,1,0,0,0,0,0,0,0,0
2YFKIDALP_8335-1963-8847-2475,1,0,0,0,0,0,0,0,0
2YFKIDALP_4758-2747-5270-3259,1,0,0,0,0,0,0,0,0
2YFKIDALP_418-3577-930-4089,1,0,0,0,0,0,0,0,0
2YFKIDALP_1953-3279-2465-3791,1,0,0,0,0,0,0,0,0
2YFKIDALP_6910-2298-7422-2810,1,0,0,0,0,0,0,0,0
2YFKIDALP_8434-1550-8946-2062,1,0,0,0,0,0,0,0,0
2YFKIDALP_853-3710-1365-4222,1,0,0,0,0,0,0,0,0
2YFKIDALP_9123-4133-9635-4645,1,0,0,0,0,0,0,0,0
2YFKIDALP_9819-4360-10331-4872,1,0,0,0,0,0,0,0,0
2YFKIDALP_9661-3374-10173-3886,1,0,0,0,0,0,0,0,0
2YFKIDALP_8974-3584-9486-4096,1,0,0,0,0,0,0,0,0
2YFKIDALP_9271-4401-9783-4913,1,0,0,0,0,0,0,0,0
2YMQLXZWM_554-1163-1066-1675,0,0,0,0,0,0,1,0,0
2YMQLXZWM_1116-2635-1628-3147,0,0,0,0,0,0,1,0,0
2YMQLXZWM_1700-2121-2212-2633,0,0,0,0,0,0,1,0,0
2YMQLXZWM_807-4626-1319-5138,0,0,0,0,0,0,1,0,0
2YMQLXZWM_604-2635-1116-3147,0,0,0,0,0,0,1,0,0
2YMQLXZWM_592-3696-1104-4208,0,0,0,0,0,0,1,0,0
2YMQLXZWM_807-4114-1319-4626,0,0,0,0,0,0,1,0,0
2YMQLXZWM_807-5650-1319-6162,0,0,0,0,0,0,1,0,0
2YMQLXZWM_604-3147-1116-3659,0,0,0,0,0,0,1,0,0
2YMQLXZWM_807-6162-1319-6674,0,0,0,0,0,0,1,0,0
2YMQLXZWM_807-5138-1319-5650,0,0,0,0,0,0,1,0,0
2Z1E64RXM_3844-3608-4356-4120,0,0,0,0,0,0,0,0,1
2Z1E64RXM_4868-3608-5380-4120,0,0,0,0,0,0,0,0,1
2Z1E64RXM_4356-3608-4868-4120,0,0,0,0,0,0,0,0,1
2Z1E64RXM_5380-3608-5892-4120,0,0,0,0,0,0,0,0,1
2Z1E64RXM_5892-3608-6404-4120,0,0,0,0,0,0,0,0,1
2Z1E64RXM_6916-3608-7428-4120,0,0,0,0,0,0,0,0,1
2Z1E64RXM_6404-3608-6916-4120,0,0,0,0,0,0,0,0,1
2Z1E64RXM_7428-3608-7940-4120,0,0,0,0,0,0,0,0,1
2Z1E64RXM_7940-3608-8452-4120,0,0,0,0,0,0,0,0,1
2Z1E64RXM_8235-3509-8747-4021,0,0,0,0,0,0,0,0,1
2Z8X92VXV_3359-2341-3871-2853,0,0,0,1,0,0,0,0,0
2Z8X92VXV_621-2701-1133-3213,0,0,0,1,0,0,0,0,0
2Z1E64RXM_8258-3240-8770-3752,0,0,0,0,0,0,0,0,1
2Z9UV9DHA_1260-6953-1772-7465,0,0,1,0,0,0,0,0,0
2Z9UV9DHA_2107-4663-2619-5175,0,0,0,1,0,0,0,0,0
2Z9UV9DHA_1972-1596-2484-2108,0,0,0,1,0,0,0,0,0
2Z9UV9DHA_1972-1084-2484-1596,0,0,0,1,0,0,0,0,0
2Z9UV9DHA_2107-5175-2619-5687,0,0,0,1,0,0,0,0,0
2Z9UV9DHA_2107-5687-2619-6199,0,0,0,1,0,0,0,0,0
2Z9UV9DHA_3696-630-4208-1142,0,0,0,1,0,0,0,0,0
2Z9UV9DHA_4352-6516-4864-7028,0,0,0,1,0,0,0,0,0
2Z9UV9DHA_2938-1019-3450-1531,0,0,0,1,0,0,0,0,0
2Z9UV9DHA_2149-6661-2661-7173,0,0,0,1,0,0,0,0,0
2Z9UV9DHA_4491-6065-5003-6577,0,0,0,1,0,0,0,0,0
2Z9UV9DHA_756-6660-1268-7172,0,0,1,0,0,0,0,0,0
2Z9UV9DHA_756-7172-1268-7684,0,0,1,0,0,0,0,0,0
2Z9UV9DHA_857-7717-1369-8229,0,0,1,0,0,0,0,0,0
2Z9UV9DHA_756-8196-1268-8708,0,0,1,0,0,0,0,0,0
2ZTIQA3AV_2209-3722-2721-4234,0,0,0,0,0,0,0,1,0
2ZTIQA3AV_2058-3981-2570-4493,0,0,0,0,0,0,0,1,0
2ZTIQA3AV_1571-3882-2083-4394,0,0,0,0,0,0,0,1,0
2ZTIQA3AV_3463-3853-3975-4365,0,0,0,0,0,0,0,1,0
2ZTIQA3AV_4231-3712-4743-4224,0,0,0,0,0,0,0,1,0
2ZTIQA3AV_4131-3961-4643-4473,0,0,0,0,0,0,0,1,0
2ZTIQA3AV_4605-3623-5117-4135,0,0,0,0,0,0,0,1,0
2ZTIQA3AV_4826-3731-5338-4243,0,0,0,0,0,0,0,1,0
2ZTIQA3AV_5902-3938-6414-4450,0,0,0,0,0,0,0,1,0
2ZTIQA3AV_5047-3515-5559-4027,0,0,0,0,0,0,0,1,0
2ZTIQA3AV_5390-3700-5902-4212,0,0,0,0,0,0,0,1,0
2ZTIQA3AV_5520-3469-6032-3981,0,0,0,0,0,0,0,1,0
2ZTIQA3AV_5893-3558-6405-4070,0,0,0,0,0,0,0,1,0
2ZTIQA3AV_5600-3813-6112-4325,0,0,0,0,0,0,0,1,0
2ZTIQA3AV_5780-3264-6292-3776,0,0,0,0,0,0,0,1,0
2ZTIQA3AV_6673-3922-7185-4434,0,0,0,0,0,0,0,1,0
2ZTIQA3AV_6402-3371-6914-3883,0,0,0,0,0,0,0,1,0
2ZTIQA3AV_6596-3168-7108-3680,0,0,0,0,0,0,0,1,0
2ZTIQA3AV_6978-3279-7490-3791,0,0,0,0,0,0,0,1,0
2ZTIQA3AV_7206-3383-7718-3895,0,0,0,0,0,0,0,1,0
2ZTIQA3AV_7925-3471-8437-3983,0,0,0,0,0,0,0,1,0
2ZTIQA3AV_7327-3680-7839-4192,0,0,0,0,0,0,0,1,0
2ZTIQA3AV_7616-3841-8128-4353,0,0,0,0,0,0,0,1,0
2ZTIQA3AV_7574-3160-8086-3672,0,0,0,0,0,0,0,1,0
2ZTIQA3AV_7957-3751-8469-4263,0,0,0,0,0,0,0,1,0
2ZTIQA3AV_8034-3231-8546-3743,0,0,0,0,0,0,0,1,0
2ZTIQA3AV_8215-3569-8727-4081,0,0,0,0,0,0,0,1,0
2ZTIQA3AV_8628-3570-9140-4082,0,0,0,0,0,0,0,1,0
2ZTIQA3AV_8454-3986-8966-4498,0,0,0,0,0,0,0,1,0
318HGAHTP_1170-6420-1682-6932,1,0,0,0,0,0,0,0,0
318HGAHTP_10596-2828-11108-3340,1,0,0,0,0,0,0,0,0
318HGAHTP_1842-6972-2354-7484,1,0,0,0,0,0,0,0,0
318HGAHTP_1330-7484-1842-7996,1,0,0,0,0,0,0,0,0
318HGAHTP_3479-571-3991-1083,1,0,0,0,0,0,0,0,0
318HGAHTP_3048-3636-3560-4148,1,0,0,0,0,0,0,0,0
318HGAHTP_1842-7484-2354-7996,1,0,0,0,0,0,0,0,0
318HGAHTP_2580-647-3092-1159,1,0,0,0,0,0,0,0,0
318HGAHTP_2536-3636-3048-4148,1,0,0,0,0,0,0,0,0
318HGAHTP_2536-3124-3048-3636,1,0,0,0,0,0,0,0,0
318HGAHTP_2024-3124-2536-3636,1,0,0,0,0,0,0,0,0
318HGAHTP_4191-2683-4703-3195,1,0,0,0,0,0,0,0,0
318HGAHTP_4703-2683-5215-3195,1,0,0,0,0,0,0,0,0
318HGAHTP_3479-1083-3991-1595,1,0,0,0,0,0,0,0,0
318HGAHTP_4703-3195-5215-3707,1,0,0,0,0,0,0,0,0
318HGAHTP_5215-3195-5727-3707,1,0,0,0,0,0,0,0,0
318HGAHTP_5258-2842-5770-3354,1,0,0,0,0,0,0,0,0
318HGAHTP_5355-1059-5867-1571,1,0,0,0,0,0,0,0,0
318HGAHTP_5355-547-5867-1059,1,0,0,0,0,0,0,0,0
318HGAHTP_5529-2766-6041-3278,1,0,0,0,0,0,0,0,0
318HGAHTP_5727-3195-6239-3707,1,0,0,0,0,0,0,0,0
318HGAHTP_5802-2846-6314-3358,1,0,0,0,0,0,0,0,0
319ZE9XEX_1327-6641-1839-7153,0,0,0,0,0,0,0,0,1
318HGAHTP_793-5360-1305-5872,1,0,0,0,0,0,0,0,0
318HGAHTP_5867-547-6379-1059,1,0,0,0,0,0,0,0,0
318HGAHTP_5867-1059-6379-1571,1,0,0,0,0,0,0,0,0
31KZMJGEV_7869-1161-8381-1673,0,0,0,1,0,0,0,0,0
318HGAHTP_793-5872-1305-6384,1,0,0,0,0,0,0,0,0
32HZF1RJW_6162-451-6674-963,0,1,0,0,0,0,0,0,0
32HZF1RJW_6674-451-7186-963,0,1,0,0,0,0,0,0,0
318HGAHTP_7626-3882-8138-4394,1,0,0,0,0,0,0,0,0
32HZF1RJW_6728-1612-7240-2124,0,1,0,0,0,0,0,0,0
32HZF1RJW_6728-2124-7240-2636,0,1,0,0,0,0,0,0,0
32RXNG4RV_1018-3663-1530-4175,0,1,0,0,0,0,0,0,0
32RXNG4RV_1018-3151-1530-3663,0,1,0,0,0,0,0,0,0
32RXNG4RV_1018-4175-1530-4687,0,1,0,0,0,0,0,0,0
32RXNG4RV_1082-1337-1594-1849,0,1,0,0,0,0,0,0,0
32RXNG4RV_1132-2475-1644-2987,0,1,0,0,0,0,0,0,0
32RXNG4RV_1082-825-1594-1337,0,1,0,0,0,0,0,0,0
32RXNG4RV_1530-3151-2042-3663,0,1,0,0,0,0,0,0,0
32RXNG4RV_1377-4401-1889-4913,0,1,0,0,0,0,0,0,0
32RXNG4RV_1953-2566-2465-3078,0,1,0,0,0,0,0,0,0
32RXNG4RV_1378-1105-1890-1617,0,1,0,0,0,0,0,0,0
32RXNG4RV_1594-1337-2106-1849,0,1,0,0,0,0,0,0,0
32RXNG4RV_1594-825-2106-1337,0,1,0,0,0,0,0,0,0
32RXNG4RV_1530-4175-2042-4687,0,1,0,0,0,0,0,0,0
32RXNG4RV_1644-2475-2156-2987,0,1,0,0,0,0,0,0,0
32RXNG4RV_1889-4401-2401-4913,0,1,0,0,0,0,0,0,0
32RXNG4RV_1530-3663-2042-4175,0,1,0,0,0,0,0,0,0
32RXNG4RV_2042-4175-2554-4687,0,1,0,0,0,0,0,0,0
32RXNG4RV_2106-1337-2618-1849,0,1,0,0,0,0,0,0,0
32RXNG4RV_2371-3354-2883-3866,0,1,0,0,0,0,0,0,0
32RXNG4RV_2401-4401-2913-4913,0,1,0,0,0,0,0,0,0
32RXNG4RV_2156-2987-2668-3499,0,1,0,0,0,0,0,0,0
32RXNG4RV_2106-2361-2618-2873,0,1,0,0,0,0,0,0,0
32RXNG4RV_2465-2566-2977-3078,0,1,0,0,0,0,0,0,0
32RXNG4RV_2618-1337-3130-1849,0,1,0,0,0,0,0,0,0
32RXNG4RV_2618-2361-3130-2873,0,1,0,0,0,0,0,0,0
32RXNG4RV_2706-4049-3218-4561,0,1,0,0,0,0,0,0,0
32RXNG4RV_2668-2987-3180-3499,0,1,0,0,0,0,0,0,0
32RXNG4RV_2977-2566-3489-3078,0,1,0,0,0,0,0,0,0
32RXNG4RV_3130-1849-3642-2361,0,1,0,0,0,0,0,0,0
32RXNG4RV_2813-3248-3325-3760,0,1,0,0,0,0,0,0,0
32RXNG4RV_3102-3969-3614-4481,0,1,0,0,0,0,0,0,0
32RXNG4RV_3130-1337-3642-1849,0,1,0,0,0,0,0,0,0
32RXNG4RV_3614-3969-4126-4481,0,1,0,0,0,0,0,0,0
32RXNG4RV_2807-3653-3319-4165,0,1,0,0,0,0,0,0,0
32RXNG4RV_3642-1849-4154-2361,0,1,0,0,0,0,0,0,0
32RXNG4RV_4067-4446-4579-4958,0,1,0,0,0,0,0,0,0
32RXNG4RV_4376-3174-4888-3686,0,1,0,0,0,0,0,0,0
32RXNG4RV_4154-1849-4666-2361,0,1,0,0,0,0,0,0,0
32RXNG4RV_4125-3307-4637-3819,0,1,0,0,0,0,0,0,0
32RXNG4RV_3864-4174-4376-4686,0,1,0,0,0,0,0,0,0
32RXNG4RV_4376-4174-4888-4686,0,1,0,0,0,0,0,0,0
32RXNG4RV_4666-2361-5178-2873,0,1,0,0,0,0,0,0,0
32RXNG4RV_793-3773-1305-4285,0,1,0,0,0,0,0,0,0
32RXNG4RV_4380-2412-4892-2924,0,1,0,0,0,0,0,0,0
32RXNG4RV_827-2309-1339-2821,0,1,0,0,0,0,0,0,0
32RXNG4RV_706-615-1218-1127,0,1,0,0,0,0,0,0,0
32RXNG4RV_827-2821-1339-3333,0,1,0,0,0,0,0,0,0
32RXNG4RV_4376-3686-4888-4198,0,1,0,0,0,0,0,0,0
32RXNG4RV_793-4285-1305-4797,0,1,0,0,0,0,0,0,0
32RXNG4RV_866-1617-1378-2129,0,1,0,0,0,0,0,0,0
32RXNG4RV_866-1105-1378-1617,0,1,0,0,0,0,0,0,0
33DY1QMIB_1036-2319-1548-2831,0,0,0,0,0,1,0,0,0
33DY1QMIB_1064-7727-1576-8239,0,0,0,0,0,1,0,0,0
33DY1QMIB_1113-1563-1625-2075,0,0,0,0,0,1,0,0,0
33DY1QMIB_1198-471-1710-983,0,0,0,0,0,1,0,0,0
33DY1QMIB_1625-1051-2137-1563,0,0,0,0,0,1,0,0,0
33DY1QMIB_1179-2003-1691-2515,0,0,0,0,0,1,0,0,0
33DY1QMIB_1576-7727-2088-8239,0,0,0,0,0,1,0,0,0
33DY1QMIB_1625-1563-2137-2075,0,0,0,0,0,1,0,0,0
33DY1QMIB_281-1559-793-2071,0,0,0,0,0,1,0,0,0
33DY1QMIB_1710-471-2222-983,0,0,0,0,0,1,0,0,0
33DY1QMIB_2088-7727-2600-8239,0,0,0,0,0,1,0,0,0
33DY1QMIB_2600-7727-3112-8239,0,0,0,0,0,1,0,0,0
33DY1QMIB_2137-1051-2649-1563,0,0,0,0,0,1,0,0,0
33DY1QMIB_2032-5758-2544-6270,0,0,0,0,0,1,0,0,0
33DY1QMIB_3112-7727-3624-8239,0,0,0,0,0,1,0,0,0
33DY1QMIB_340-532-852-1044,0,0,0,0,0,1,0,0,0
33DY1QMIB_2137-539-2649-1051,0,0,0,0,0,1,0,0,0
33DY1QMIB_323-7835-835-8347,0,0,0,0,0,1,0,0,0
33DY1QMIB_265-1862-777-2374,0,0,0,0,0,1,0,0,0
33DY1QMIB_341-1273-853-1785,0,0,0,0,0,1,0,0,0
33DY1QMIB_3624-7727-4136-8239,0,0,0,0,0,1,0,0,0
33DY1QMIB_342-6472-854-6984,0,0,0,0,0,1,0,0,0
33DY1QMIB_379-5732-891-6244,0,0,0,0,0,1,0,0,0
33DY1QMIB_4136-7727-4648-8239,0,0,0,0,0,1,0,0,0
33DY1QMIB_4106-3988-4618-4500,0,0,0,0,0,1,0,0,0
33DY1QMIB_552-6676-1064-7188,0,0,0,0,0,1,0,0,0
33DY1QMIB_4648-7727-5160-8239,0,0,0,0,0,1,0,0,0
33DY1QMIB_552-7727-1064-8239,0,0,0,0,0,1,0,0,0
33DY1QMIB_4260-6675-4772-7187,0,0,0,0,0,1,0,0,0
33QW8J93I_10758-506-11270-1018,1,0,0,0,0,0,0,0,0
33DY1QMIB_5160-7727-5672-8239,0,0,0,0,0,1,0,0,0
33DY1QMIB_466-5028-978-5540,0,0,0,0,0,1,0,0,0
33DY1QMIB_524-2319-1036-2831,0,0,0,0,0,1,0,0,0
33DY1QMIB_670-5162-1182-5674,0,0,0,0,0,1,0,0,0
33DY1QMIB_769-5425-1281-5937,0,0,0,0,0,1,0,0,0
33QW8J93I_10454-2589-10966-3101,1,0,0,0,0,0,0,0,0
33QW8J93I_1087-983-1599-1495,1,0,0,0,0,0,0,0,0
33QW8J93I_11188-2810-11700-3322,1,0,0,0,0,0,0,0,0
33QW8J93I_1599-983-2111-1495,1,0,0,0,0,0,0,0,0
33QW8J93I_11432-8250-11944-8762,1,0,0,0,0,0,0,0,0
33QW8J93I_11432-7738-11944-8250,1,0,0,0,0,0,0,0,0
33QW8J93I_3185-1088-3697-1600,1,0,0,0,0,0,0,0,0
33QW8J93I_2308-1232-2820-1744,1,0,0,0,0,0,0,0,0
33QW8J93I_5694-7787-6206-8299,1,0,0,0,0,0,0,0,0
33QW8J93I_6441-3019-6953-3531,1,0,0,0,0,0,0,0,0
33QW8J93I_6718-7787-7230-8299,1,0,0,0,0,0,0,0,0
33QW8J93I_5694-8299-6206-8811,1,0,0,0,0,0,0,0,0
33QW8J93I_6206-7787-6718-8299,1,0,0,0,0,0,0,0,0
33QW8J93I_5182-7787-5694-8299,1,0,0,0,0,0,0,0,0
33QW8J93I_4748-1346-5260-1858,1,0,0,0,0,0,0,0,0
33QW8J93I_4358-1823-4870-2335,1,0,0,0,0,0,0,0,0
33QW8J93I_6191-8821-6703-9333,1,0,0,0,0,0,0,0,0
33QW8J93I_6732-3042-7244-3554,1,0,0,0,0,0,0,0,0
33QW8J93I_690-5075-1202-5587,1,0,0,0,0,0,0,0,0
33QW8J93I_690-5587-1202-6099,1,0,0,0,0,0,0,0,0
33QW8J93I_690-6099-1202-6611,1,0,0,0,0,0,0,0,0
33QW8J93I_691-8055-1203-8567,1,0,0,0,0,0,0,0,0
33QW8J93I_690-6611-1202-7123,1,0,0,0,0,0,0,0,0
33QW8J93I_6930-8352-7442-8864,1,0,0,0,0,0,0,0,0
33QW8J93I_7230-7787-7742-8299,1,0,0,0,0,0,0,0,0
33QW8J93I_7230-8299-7742-8811,1,0,0,0,0,0,0,0,0
33YGC3VGG_4184-630-4696-1142,0,1,0,0,0,0,0,0,0
33YGC3VGG_2136-630-2648-1142,0,1,0,0,0,0,0,0,0
33YGC3VGG_2648-630-3160-1142,0,1,0,0,0,0,0,0,0
344FWTUUU_1153-6575-1665-7087,0,1,0,0,0,0,0,0,0
33YGC3VGG_3160-630-3672-1142,0,1,0,0,0,0,0,0,0
344FWTUUU_1249-6937-1761-7449,0,1,0,0,0,0,0,0,0
33YGC3VGG_3672-630-4184-1142,0,1,0,0,0,0,0,0,0
344FWTUUU_1299-3415-1811-3927,0,1,0,0,0,0,0,0,0
344FWTUUU_1811-2903-2323-3415,0,1,0,0,0,0,0,0,0
344FWTUUU_1811-3415-2323-3927,0,1,0,0,0,0,0,0,0
344FWTUUU_2323-2903-2835-3415,0,1,0,0,0,0,0,0,0
344FWTUUU_3753-1885-4265-2397,0,1,0,0,0,0,0,0,0
344FWTUUU_5661-1196-6173-1708,0,1,0,0,0,0,0,0,0
344FWTUUU_5149-684-5661-1196,0,1,0,0,0,0,0,0,0
344FWTUUU_4637-1196-5149-1708,0,1,0,0,0,0,0,0,0
344FWTUUU_5149-1196-5661-1708,0,1,0,0,0,0,0,0,0
344FWTUUU_5661-684-6173-1196,0,1,0,0,0,0,0,0,0
37CB6NUZU_1347-5580-1859-6092,1,0,0,0,0,0,0,0,0
36ZA4KKKX_2067-1249-2579-1761,0,0,1,0,0,0,0,0,0
344FWTUUU_737-6937-1249-7449,0,1,0,0,0,0,0,0,0
344FWTUUU_6173-684-6685-1196,0,1,0,0,0,0,0,0,0
37CB6NUZU_1103-4025-1615-4537,1,0,0,0,0,0,0,0,0
37CB6NUZU_1042-2945-1554-3457,1,0,0,0,0,0,0,0,0
37CB6NUZU_1054-4743-1566-5255,1,0,0,0,0,0,0,0,0
37CB6NUZU_1180-4348-1692-4860,1,0,0,0,0,0,0,0,0
37CB6NUZU_1907-4823-2419-5335,1,0,0,0,0,0,0,0,0
37CB6NUZU_1566-4743-2078-5255,1,0,0,0,0,0,0,0,0
37CB6NUZU_1395-7002-1907-7514,1,0,0,0,0,0,0,0,0
37CB6NUZU_695-4735-1207-5247,1,0,0,0,0,0,0,0,0
39FDAB3FH_3441-6777-3953-7289,0,0,0,0,0,0,0,0,1
39FDAB3FH_3625-6525-4137-7037,0,0,0,0,0,0,0,0,1
39FDAB3FH_4926-6289-5438-6801,0,0,0,0,0,0,0,0,1
39FDAB3FH_3694-1834-4206-2346,0,0,0,0,0,0,0,0,1
39FDAB3FH_3625-7037-4137-7549,0,0,0,0,0,0,0,0,1
39FDAB3FH_5855-5896-6367-6408,0,0,0,0,0,0,0,0,1
39FDAB3FH_5855-5384-6367-5896,0,0,0,0,0,0,0,0,1
39FDAB3FH_6521-8473-7033-8985,0,0,0,0,0,0,0,0,1
39RAEEL3I_8571-3394-9083-3906,0,0,0,0,0,0,0,0,1
39RAEEL3I_1142-3170-1654-3682,0,0,0,0,0,0,0,0,1
39FDAB3FH_6660-581-7172-1093,0,0,0,0,0,0,0,0,1
39RAEEL3I_3620-1603-4132-2115,0,0,0,0,0,0,0,0,1
39RAEEL3I_12573-849-13085-1361,0,0,0,0,0,0,0,0,1
39RAEEL3I_4666-4183-5178-4695,0,0,0,0,0,0,0,0,1
39WM3MRD2_1249-8262-1761-8774,0,0,0,0,1,0,0,0,0
39WM3MRD2_1702-732-2214-1244,0,0,0,0,1,0,0,0,0
39RAEEL3I_9288-2997-9800-3509,0,0,0,0,0,0,0,0,1
39WM3MRD2_2171-794-2683-1306,0,0,0,0,1,0,0,0,0
39WM3MRD2_2164-8259-2676-8771,0,0,0,0,1,0,0,0,0
39WM3MRD2_3183-1197-3695-1709,0,0,0,0,1,0,0,0,0
39WM3MRD2_2651-8252-3163-8764,0,0,0,0,1,0,0,0,0
39WM3MRD2_4311-627-4823-1139,0,0,0,0,1,0,0,0,0
39WM3MRD2_2673-976-3185-1488,0,0,0,0,1,0,0,0,0
39WM3MRD2_4670-680-5182-1192,0,0,0,0,1,0,0,0,0
39WM3MRD2_5182-680-5694-1192,0,0,0,0,1,0,0,0,0
3A1FTZ7LM_3740-1830-4252-2342,0,0,0,0,1,0,0,0,0
3A1FTZ7LM_259-1836-771-2348,0,0,0,0,1,0,0,0,0
3A1FTZ7LM_1431-180-1943-692,0,0,0,0,1,0,0,0,0
3A1FTZ7LM_2798-4083-3310-4595,0,0,0,0,1,0,0,0,0
3A1FTZ7LM_268-988-780-1500,0,0,0,0,1,0,0,0,0
3A1FTZ7LM_2481-234-2993-746,0,0,0,0,1,0,0,0,0
3A1FTZ7LM_2380-4053-2892-4565,0,0,0,0,1,0,0,0,0
3A1FTZ7LM_3946-255-4458-767,0,0,0,0,1,0,0,0,0
3A1FTZ7LM_3845-4153-4357-4665,0,0,0,0,1,0,0,0,0
3A1FTZ7LM_4346-4209-4858-4721,0,0,0,0,1,0,0,0,0
3A1FTZ7LM_497-3893-1009-4405,0,0,0,0,1,0,0,0,0
3A1FTZ7LM_598-173-1110-685,0,0,0,0,1,0,0,0,0
3A1FTZ7LM_914-3942-1426-4454,0,0,0,0,1,0,0,0,0
3ARW3Q34W_10716-13590-11228-14102,0,0,0,0,1,1,0,0,0
3APPMAC8K_1971-2486-2483-2998,0,0,0,0,0,0,0,0,1
3ARW3Q34W_10786-753-11298-1265,0,0,0,0,1,1,0,0,0
3ARW3Q34W_1117-1574-1629-2086,0,0,0,0,0,1,0,0,0
3ARW3Q34W_12089-16419-12601-16931,0,0,0,0,0,1,0,0,0
3ARW3Q34W_10941-13861-11453-14373,0,0,0,0,1,1,0,0,0
3ARW3Q34W_11811-578-12323-1090,0,0,0,0,0,1,0,0,0
3ARW3Q34W_12748-12341-13260-12853,0,0,0,0,1,0,0,0,0
3ARW3Q34W_12346-9323-12858-9835,0,0,0,0,1,0,0,0,0
3ARW3Q34W_12232-12762-12744-13274,0,0,0,0,1,0,0,0,0
3ARW3Q34W_12753-16413-13265-16925,0,0,0,0,1,0,0,0,0
3ARW3Q34W_11298-753-11810-1265,0,0,0,0,1,1,0,0,0
3ARW3Q34W_1298-8868-1810-9380,0,0,0,0,1,0,0,0,0
3ARW3Q34W_12858-9323-13370-9835,0,0,0,0,1,0,0,0,0
3ARW3Q34W_12866-13384-13378-13896,0,0,0,0,0,1,0,0,0
3ARW3Q34W_13264-11844-13776-12356,0,0,0,0,1,0,0,0,0
3ARW3Q34W_13010-12928-13522-13440,0,0,0,0,1,0,0,0,0
3ARW3Q34W_13384-9337-13896-9849,0,0,0,0,1,0,0,0,0
3ARW3Q34W_13282-16398-13794-16910,0,0,0,0,1,0,0,0,0
3ARW3Q34W_1368-721-1880-1233,0,0,0,0,0,1,0,0,0
3ARW3Q34W_13697-12004-14209-12516,0,0,0,0,1,0,0,0,1
3ARW3Q34W_14562-11610-15074-12122,0,0,0,0,1,0,0,0,0
3ARW3Q34W_13943-17468-14455-17980,0,0,0,0,0,1,0,0,0
3ARW3Q34W_13896-9337-14408-9849,0,0,0,0,1,0,0,0,0
3ARW3Q34W_13795-11345-14307-11857,0,0,0,0,1,0,0,0,0
3ARW3Q34W_14937-9331-15449-9843,0,0,0,0,1,0,0,0,0
3ARW3Q34W_14425-9331-14937-9843,0,0,0,0,1,0,0,0,0
3ARW3Q34W_14827-16882-15339-17394,0,0,0,0,1,0,0,0,0
3ARW3Q34W_14209-12004-14721-12516,0,0,0,0,1,0,0,0,0
3ARW3Q34W_15084-10997-15596-11509,0,0,0,0,1,0,0,0,0
3ARW3Q34W_15465-16860-15977-17372,0,0,0,0,1,0,0,0,0
3ARW3Q34W_1535-4485-2047-4997,0,0,0,0,0,0,0,0,1
3ARW3Q34W_15458-9510-15970-10022,0,0,0,0,0,1,0,0,0
3ARW3Q34W_15977-16860-16489-17372,0,0,0,0,1,0,0,0,0
3ARW3Q34W_15592-10716-16104-11228,0,0,0,0,1,0,0,0,0
3ARW3Q34W_1810-8868-2322-9380,0,0,0,0,1,0,0,0,0
3ARW3Q34W_16885-16778-17397-17290,0,0,0,0,1,0,0,0,0
3ARW3Q34W_1629-1574-2141-2086,0,0,0,0,1,1,0,0,0
3ARW3Q34W_16363-16810-16875-17322,0,0,0,0,1,0,0,0,0
3ARW3Q34W_2141-1574-2653-2086,0,0,0,0,1,1,0,0,0
3ARW3Q34W_1880-721-2392-1233,0,0,0,0,0,1,0,0,0
3ARW3Q34W_2194-8829-2706-9341,0,0,0,0,1,0,0,0,0
3ARW3Q34W_2292-6224-2804-6736,0,0,0,0,0,0,0,0,1
3ARW3Q34W_2955-1834-3467-2346,0,0,0,0,1,0,0,0,0
3ARW3Q34W_2402-922-2914-1434,0,0,0,0,0,1,0,0,0
3ARW3Q34W_2706-8829-3218-9341,0,0,0,0,1,0,0,0,0
3ARW3Q34W_2500-1861-3012-2373,0,0,0,0,0,1,0,0,0
3ARW3Q34W_3010-1110-3522-1622,0,0,0,0,0,1,0,0,0
3ARW3Q34W_3522-1110-4034-1622,0,0,0,0,0,1,0,0,0
3ARW3Q34W_3199-8803-3711-9315,0,0,0,0,1,0,0,0,0
3ARW3Q34W_3681-1346-4193-1858,0,0,0,0,0,1,0,0,0
3ARW3Q34W_3711-8803-4223-9315,0,0,0,0,1,1,0,0,0
3ARW3Q34W_3985-2351-4497-2863,0,0,0,0,1,0,0,0,0
3ARW3Q34W_4257-8806-4769-9318,0,0,0,0,1,1,0,0,0
3ARW3Q34W_4648-1586-5160-2098,0,0,0,0,1,1,0,0,0
3ARW3Q34W_4623-2598-5135-3110,0,0,0,0,1,0,0,0,0
3ARW3Q34W_4136-1586-4648-2098,0,0,0,0,0,1,0,0,0
3ARW3Q34W_4087-8627-4599-9139,0,0,0,0,1,1,0,0,0
3ARW3Q34W_4599-8627-5111-9139,0,0,0,0,1,1,0,0,1
3ARW3Q34W_4600-1847-5112-2359,0,0,0,0,1,1,0,0,0
3ARW3Q34W_4837-1744-5349-2256,0,0,0,0,1,1,0,0,0
3ARW3Q34W_5135-2598-5647-3110,0,0,0,0,1,0,0,0,0
3ARW3Q34W_5349-1744-5861-2256,0,0,0,0,0,1,0,0,0
3ARW3Q34W_5390-8695-5902-9207,0,0,0,0,1,1,0,0,0
3ARW3Q34W_4878-8695-5390-9207,0,0,0,0,1,1,0,0,1
3ARW3Q34W_5391-2908-5903-3420,0,0,0,0,1,0,0,0,1
3ARW3Q34W_5535-601-6047-1113,0,0,0,0,0,0,0,0,1
3ARW3Q34W_5902-8695-6414-9207,0,0,0,0,1,1,0,0,0
3ARW3Q34W_5395-4065-5907-4577,0,0,0,0,0,0,0,0,1
3ARW3Q34W_6047-601-6559-1113,0,0,0,0,0,0,0,0,1
3ARW3Q34W_6323-2201-6835-2713,0,0,0,0,0,1,0,0,0
3ARW3Q34W_6818-7656-7330-8168,0,0,0,0,0,1,0,0,0
3ARW3Q34W_6559-601-7071-1113,0,0,0,0,0,0,0,0,1
3ARW3Q34W_6414-8695-6926-9207,0,0,0,0,1,1,0,0,0
3ARW3Q34W_732-1108-1244-1620,0,0,0,0,0,1,0,0,0
3ARW3Q34W_7273-2251-7785-2763,0,0,0,0,0,1,0,0,0
3ARW3Q34W_7071-601-7583-1113,0,0,0,0,0,0,0,0,1
3ARW3Q34W_7273-2763-7785-3275,0,0,0,0,0,1,0,0,0
3ARW3Q34W_6926-8695-7438-9207,0,0,0,0,1,1,0,0,0
3ARW3Q34W_6559-7003-7071-7515,0,0,0,0,1,0,0,0,0
3ARW3Q34W_7438-8695-7950-9207,0,0,0,0,1,1,0,0,0
3ARW3Q34W_7330-8168-7842-8680,0,0,0,0,0,1,0,0,0
3ARW3Q34W_7325-7752-7837-8264,0,0,0,0,1,1,0,0,0
3ARW3Q34W_7527-947-8039-1459,0,0,0,0,0,1,0,0,0
3ARW3Q34W_7582-6988-8094-7500,0,0,0,0,1,0,0,0,0
3ARW3Q34W_7843-7433-8355-7945,0,0,0,0,1,0,0,0,0
3ARW3Q34W_7583-601-8095-1113,0,0,0,0,0,1,0,0,1
3ARW3Q34W_7994-1871-8506-2383,0,0,0,0,1,1,0,0,0
3ARW3Q34W_7950-8695-8462-9207,0,0,0,0,0,1,0,0,0
3ARW3Q34W_9865-752-10377-1264,0,0,0,0,1,0,0,0,0
3BDWJ96PN_10212-3896-10724-4408,0,0,1,0,0,1,0,0,0
3ARW3Q34W_8499-1384-9011-1896,0,0,0,0,1,1,0,0,0
3BDWJ96PN_10258-1884-10770-2396,0,0,1,0,1,0,0,0,0
3ARW3Q34W_9129-763-9641-1275,0,0,0,0,1,0,0,0,0
3BDWJ96PN_10380-2214-10892-2726,0,0,1,0,1,0,0,0,0
3BDWJ96PN_10215-3266-10727-3778,0,0,1,0,1,0,0,0,0
3ARW3Q34W_8173-1651-8685-2163,0,0,0,0,1,1,0,0,0
3ARW3Q34W_8044-761-8556-1273,0,0,0,0,0,1,0,0,1
3BDWJ96PN_1105-1223-1617-1735,0,0,1,0,0,0,0,0,0
3BDWJ96PN_10380-2726-10892-3238,0,0,1,0,1,0,0,0,0
3BDWJ96PN_10416-3125-10928-3637,0,0,1,0,1,0,0,0,0
3BDWJ96PN_1105-1735-1617-2247,0,0,1,0,0,0,0,0,0
3BDWJ96PN_1397-1869-1909-2381,0,0,1,0,0,0,0,0,0
3BDWJ96PN_1264-626-1776-1138,0,0,1,0,0,1,0,0,0
3BDWJ96PN_1397-2381-1909-2893,0,0,1,0,0,0,0,0,0
3BDWJ96PN_1427-845-1939-1357,0,0,1,0,0,0,0,0,0
3BDWJ96PN_1468-3829-1980-4341,0,0,1,0,0,0,0,0,0
3BDWJ96PN_1524-593-2036-1105,0,0,1,0,0,0,0,0,0
3BDWJ96PN_1673-1007-2185-1519,0,0,1,0,0,0,0,0,0
3BDWJ96PN_2115-3040-2627-3552,0,0,1,0,0,0,0,0,0
3BDWJ96PN_1909-1869-2421-2381,0,0,1,0,0,0,0,0,0
3BDWJ96PN_2178-3770-2690-4282,0,0,1,0,0,0,0,0,0
3BDWJ96PN_1877-2376-2389-2888,0,0,1,0,0,0,0,0,0
3BDWJ96PN_1603-3040-2115-3552,0,0,1,0,0,0,0,0,0
3BDWJ96PN_2036-593-2548-1105,0,0,1,0,0,0,0,0,0
3BDWJ96PN_1939-845-2451-1357,0,0,1,0,0,0,0,0,0
3BDWJ96PN_2389-1864-2901-2376,0,0,1,0,0,0,0,0,0
3BDWJ96PN_2312-1570-2824-2082,0,0,1,0,0,0,0,0,0
3BDWJ96PN_2389-2376-2901-2888,0,0,1,0,0,0,0,0,0
3BDWJ96PN_2469-1388-2981-1900,0,0,1,0,0,0,0,0,0
3BDWJ96PN_2824-1570-3336-2082,0,0,1,0,0,0,0,0,0
3BDWJ96PN_2683-582-3195-1094,0,0,1,0,0,0,0,0,0
3BDWJ96PN_2690-3770-3202-4282,0,0,1,0,0,0,0,0,0
3BDWJ96PN_3134-2876-3646-3388,0,0,1,0,0,0,0,0,0
3BDWJ96PN_3202-3770-3714-4282,0,0,1,0,0,0,0,0,0
3BDWJ96PN_2901-1864-3413-2376,0,0,1,0,0,0,0,0,0
3BDWJ96PN_3576-2502-4088-3014,0,0,1,0,0,0,0,0,0
3BDWJ96PN_2940-859-3452-1371,0,0,1,0,0,0,0,0,0
3BDWJ96PN_2901-2376-3413-2888,0,0,1,0,0,0,0,0,0
3BDWJ96PN_3273-747-3785-1259,0,0,1,0,0,0,0,0,0
3BDWJ96PN_3163-1227-3675-1739,0,0,1,0,0,0,0,0,0
3BDWJ96PN_3493-1388-4005-1900,0,0,1,0,0,0,0,0,0
3BDWJ96PN_3413-1864-3925-2376,0,0,1,0,0,0,0,0,0
3BDWJ96PN_3646-2876-4158-3388,0,0,1,0,0,0,0,0,0
3BDWJ96PN_3920-3798-4432-4310,0,0,1,0,0,0,0,0,0
3BDWJ96PN_3856-614-4368-1126,0,0,1,0,0,0,0,0,0
3BDWJ96PN_3925-1864-4437-2376,0,0,1,0,0,0,0,0,0
3BDWJ96PN_4368-614-4880-1126,0,0,1,0,0,0,0,0,0
3BDWJ96PN_3960-970-4472-1482,0,0,1,0,0,0,0,0,0
3BDWJ96PN_4088-2502-4600-3014,0,0,1,0,0,0,0,0,0
3BDWJ96PN_4437-1864-4949-2376,0,0,1,0,0,0,0,0,0
3BDWJ96PN_4678-3750-5190-4262,0,0,1,0,0,0,0,0,0
3BDWJ96PN_4766-656-5278-1168,0,0,1,0,0,0,0,0,0
3BDWJ96PN_5190-3750-5702-4262,0,0,1,0,0,0,0,0,0
3BDWJ96PN_4437-2376-4949-2888,0,0,1,0,0,0,0,0,0
3BDWJ96PN_4949-1864-5461-2376,0,0,1,0,0,0,0,0,0
3BDWJ96PN_4905-865-5417-1377,0,0,1,0,0,0,0,0,0
3BDWJ96PN_4995-2166-5507-2678,0,0,1,0,0,0,0,0,0
3BDWJ96PN_5326-605-5838-1117,0,0,1,0,0,0,0,0,0
3BDWJ96PN_5608-1198-6120-1710,0,0,1,0,0,0,0,0,0
3BDWJ96PN_5749-2979-6261-3491,0,0,1,0,0,0,0,0,0
3BDWJ96PN_5507-2166-6019-2678,0,0,1,0,0,0,0,0,0
3BDWJ96PN_579-887-1091-1399,0,0,0,0,1,0,0,0,0
3BDWJ96PN_5838-605-6350-1117,0,0,1,0,0,0,0,0,0
3BDWJ96PN_594-1224-1106-1736,0,0,0,0,1,0,0,0,0
3BDWJ96PN_6019-2166-6531-2678,0,0,1,0,0,0,0,0,0
3BDWJ96PN_600-1571-1112-2083,0,0,0,0,1,0,0,0,0
3BDWJ96PN_5969-3766-6481-4278,0,0,1,0,0,0,0,0,0
3BDWJ96PN_6120-1198-6632-1710,0,0,1,0,0,0,0,0,0
3BDWJ96PN_6481-3766-6993-4278,0,0,1,0,0,0,0,0,0
3BDWJ96PN_7041-1255-7553-1767,0,0,1,0,0,0,0,0,0
3BDWJ96PN_6195-542-6707-1054,0,0,1,0,0,0,0,0,0
3BDWJ96PN_6241-2880-6753-3392,0,0,1,0,0,0,0,0,0
3BDWJ96PN_6979-2144-7491-2656,0,0,1,0,0,0,0,0,0
3BDWJ96PN_6529-1255-7041-1767,0,0,1,0,0,0,0,0,0
3BDWJ96PN_6467-2144-6979-2656,0,0,1,0,0,0,0,0,0
3BDWJ96PN_6662-2928-7174-3440,0,0,1,0,0,0,0,0,0
3BDWJ96PN_684-3311-1196-3823,0,0,0,0,1,0,0,0,0
3BDWJ96PN_681-3666-1193-4178,0,0,0,0,1,0,0,0,0
3BDWJ96PN_7174-2928-7686-3440,0,0,1,0,0,0,0,0,0
3BDWJ96PN_7840-560-8352-1072,0,0,1,0,0,0,0,0,0
3BDWJ96PN_7448-3886-7960-4398,0,0,1,0,0,0,0,0,0
3BDWJ96PN_7328-560-7840-1072,0,0,1,0,0,0,0,0,0
3BDWJ96PN_8333-1036-8845-1548,0,0,1,0,0,0,0,0,0
3BDWJ96PN_7960-3886-8472-4398,0,0,1,0,0,0,0,0,0
3BDWJ96PN_8020-2216-8532-2728,0,0,1,0,0,0,0,0,0
3BDWJ96PN_8415-1742-8927-2254,0,0,1,0,0,0,0,0,0
3BDWJ96PN_8850-1997-9362-2509,0,0,1,0,0,0,0,0,0
3BDWJ96PN_9056-568-9568-1080,0,0,1,0,0,0,0,0,0
3BDWJ96PN_8544-568-9056-1080,0,0,1,0,0,0,0,0,0
3BDWJ96PN_9362-2509-9874-3021,0,0,1,0,0,0,0,0,0
3BDWJ96PN_8532-2216-9044-2728,0,0,1,0,0,0,0,0,0
3BDWJ96PN_9343-3743-9855-4255,0,0,1,0,0,0,0,0,0
3BDWJ96PN_8850-2509-9362-3021,0,0,1,0,0,0,0,0,0
3BDWJ96PN_9381-566-9893-1078,0,0,1,0,0,0,0,0,0
3BDWJ96PN_9855-3743-10367-4255,0,0,1,0,0,0,0,0,0
3BDWJ96PN_9868-2214-10380-2726,0,0,1,0,1,0,0,0,0
3BDWJ96PN_9868-2726-10380-3238,0,0,1,0,1,0,0,0,0
3BRH6THX1_1485-539-1997-1051,0,0,0,0,1,0,0,0,0
3BDWJ96PN_9874-3021-10386-3533,0,0,1,0,1,0,0,0,0
3BRH6THX1_1763-540-2275-1052,0,0,0,0,1,0,0,0,0
3BRH6THX1_2395-2047-2907-2559,0,0,0,0,1,0,0,0,0
3BRH6THX1_2966-7854-3478-8366,0,0,0,0,1,0,0,0,0
3BRH6THX1_2573-544-3085-1056,0,0,0,0,1,0,0,0,0
3BRH6THX1_3205-1726-3717-2238,0,0,0,0,1,0,0,0,0
3BRH6THX1_3719-1784-4231-2296,0,0,0,0,1,0,0,0,0
3BRH6THX1_3994-1889-4506-2401,0,0,0,0,1,0,0,0,0
3BRH6THX1_3344-543-3856-1055,0,0,0,0,1,0,0,0,0
3BRH6THX1_4122-5901-4634-6413,0,0,0,0,1,0,0,0,0
3BRH6THX1_4241-1988-4753-2500,0,0,0,0,1,0,0,0,0
3BRH6THX1_4639-5560-5151-6072,0,0,0,0,1,0,0,0,0
3BRH6THX1_4507-2144-5019-2656,0,0,0,0,1,0,0,0,0
3BRH6THX1_4117-531-4629-1043,0,0,0,0,1,0,0,0,0
3BRH6THX1_4764-6094-5276-6606,0,0,0,0,1,0,0,0,0
3BRH6THX1_4880-539-5392-1051,0,0,0,0,1,0,0,0,0
3BRH6THX1_5033-5925-5545-6437,0,0,0,0,1,0,0,0,0
3BRH6THX1_4900-5335-5412-5847,0,0,0,0,1,0,0,0,0
3BRH6THX1_5048-3929-5560-4441,0,0,0,0,1,0,0,0,0
3CPYLP42D_1061-3567-1573-4079,0,1,0,0,0,0,0,0,0
3BRH6THX1_5248-5074-5760-5586,0,0,0,0,1,0,0,0,0
3CPYLP42D_1100-1844-1612-2356,0,1,0,0,0,0,0,0,0
3BRH6THX1_5271-3264-5783-3776,0,0,0,0,1,0,0,0,0
3CPYLP42D_2406-3915-2918-4427,0,1,0,0,0,0,0,0,0
3CPYLP42D_2103-1572-2615-2084,0,1,0,0,0,0,0,0,0
3CPYLP42D_2153-3590-2665-4102,0,1,0,0,0,0,0,0,0
3CPYLP42D_1498-4588-2010-5100,0,1,0,0,0,0,0,0,0
3CPYLP42D_1619-2674-2131-3186,0,1,0,0,0,0,0,0,0
3CPYLP42D_1500-2360-2012-2872,0,1,0,0,0,0,0,0,0
3CPYLP42D_2502-2074-3014-2586,0,1,0,0,0,0,0,0,0
3CPYLP42D_1695-1536-2207-2048,0,1,0,0,0,0,0,0,0
3CPYLP42D_2562-1149-3074-1661,0,1,0,0,0,0,0,0,0
3CPYLP42D_1695-1024-2207-1536,0,1,0,0,0,0,0,0,0
3CPYLP42D_3042-2509-3554-3021,0,0,0,0,0,0,0,0,1
3CPYLP42D_3221-3297-3733-3809,0,1,0,0,0,0,0,0,0
3CPYLP42D_3855-2037-4367-2549,0,1,0,0,0,0,0,0,0
3CPYLP42D_3763-3708-4275-4220,0,1,0,0,0,0,0,0,0
3CPYLP42D_3994-1117-4506-1629,0,1,0,0,0,0,0,0,0
3CPYLP42D_3919-4367-4431-4879,0,1,0,0,0,0,0,0,0
3CPYLP42D_4094-2304-4606-2816,0,1,0,0,0,0,0,0,0
3CPYLP42D_4598-3940-5110-4452,0,0,0,0,0,0,0,0,1
3CPYLP42D_599-1933-1111-2445,0,1,0,0,0,0,0,0,0
3CPYLP42D_621-3884-1133-4396,0,1,0,0,0,0,0,0,0
3CPYLP42D_599-2445-1111-2957,0,1,0,0,0,0,0,0,0
3CPYLP42D_599-2957-1111-3469,0,1,0,0,0,0,0,0,0
3CPYLP42D_621-4396-1133-4908,0,1,0,0,0,0,0,0,0
3DI1Q2N2B_3875-2314-4387-2826,0,0,1,0,0,1,0,0,0
3DI1Q2N2B_1662-2673-2174-3185,0,0,1,0,0,0,0,0,0
3DI1Q2N2B_187-262-699-774,0,0,0,0,0,0,0,0,1
3DI1Q2N2B_1614-674-2126-1186,0,0,0,0,0,0,0,0,1
3DI1Q2N2B_2913-2842-3425-3354,0,0,0,0,0,1,0,0,0
3DK76Q8QI_2563-754-3075-1266,0,0,0,1,0,0,0,0,0
3DNDI4684_10353-1506-10865-2018,0,0,0,0,1,1,0,0,1
3DK76Q8QI_4244-784-4756-1296,0,0,0,1,0,0,0,0,0
3DNDI4684_10383-5876-10895-6388,0,0,0,0,1,1,0,0,1
3DNDI4684_10366-4418-10878-4930,0,0,0,0,1,1,0,0,1
3DNDI4684_10355-1878-10867-2390,0,0,0,0,1,1,0,0,1
3DNDI4684_10377-5146-10889-5658,0,0,0,0,1,1,0,0,1
3DNDI4684_10365-3691-10877-4203,0,0,0,0,1,1,0,0,1
3DNDI4684_10413-6887-10925-7399,0,0,0,0,1,1,0,0,1
3DNDI4684_10406-7620-10918-8132,0,0,0,0,1,1,0,0,1
3DNDI4684_10497-848-11009-1360,0,0,0,0,1,1,0,0,1
3DNDI4684_10389-6234-10901-6746,0,0,0,0,1,1,0,0,1
3DNDI4684_10498-3385-11010-3897,0,0,0,0,1,1,0,0,1
3DNDI4684_10411-7252-10923-7764,0,0,0,0,1,1,0,0,1
3DNDI4684_10498-2873-11010-3385,0,0,0,0,1,1,0,0,1
3DNDI4684_10505-4874-11017-5386,0,0,0,0,1,1,0,0,1
3DNDI4684_10508-2221-11020-2733,0,0,0,0,1,1,0,0,1
3DNDI4684_10540-4052-11052-4564,0,0,0,0,1,1,0,0,1
3DNDI4684_1078-5732-1590-6244,0,0,0,0,1,1,0,0,1
3DNDI4684_10566-6416-11078-6928,0,0,0,0,1,1,0,0,1
3DNDI4684_10589-7778-11101-8290,0,0,0,0,1,1,0,0,1
3DNDI4684_3179-6916-3691-7428,0,0,0,0,1,1,0,0,0
3DNDI4684_2178-716-2690-1228,0,0,0,0,0,1,0,0,0
3DNDI4684_10589-8290-11101-8802,0,0,0,0,1,1,0,0,1
3DNDI4684_2938-6611-3450-7123,0,0,0,0,1,0,0,0,0
3DNDI4684_2690-716-3202-1228,0,0,0,0,0,1,0,0,0
3DNDI4684_3259-7778-3771-8290,0,0,0,0,1,1,0,0,0
3DNDI4684_3911-6470-4423-6982,0,0,0,0,1,1,0,0,1
3DNDI4684_3179-7428-3691-7940,0,0,0,0,1,1,0,0,0
3DNDI4684_3202-716-3714-1228,0,0,0,0,0,1,0,0,0
3DNDI4684_4069-7181-4581-7693,0,0,0,0,1,1,0,0,1
3DNDI4684_4153-8240-4665-8752,0,0,0,0,1,0,0,0,1
3DNDI4684_3757-6281-4269-6793,0,0,0,0,1,1,0,0,1
3DNDI4684_4229-7573-4741-8085,0,0,0,0,1,1,0,0,1
3DNDI4684_4931-798-5443-1310,0,0,0,0,0,1,0,0,0
3DNDI4684_4097-6840-4609-7352,0,0,0,0,1,1,0,0,1
3DNDI4684_5443-798-5955-1310,0,0,0,0,0,1,0,0,0
3DNDI4684_725-2450-1237-2962,0,0,0,0,1,1,0,0,1
3DNDI4684_855-6351-1367-6863,0,0,0,0,0,1,0,0,1
3DNDI4684_761-4595-1273-5107,0,0,0,0,1,1,0,0,1
3DNDI4684_761-5292-1273-5804,0,0,0,0,1,1,0,0,1
3DNDI4684_823-7820-1335-8332,0,0,0,0,1,1,0,0,1
3DNDI4684_761-5804-1273-6316,0,0,0,0,1,1,0,0,1
3DNDI4684_883-1312-1395-1824,0,0,0,0,1,1,0,0,1
3DNDI4684_892-1669-1404-2181,0,0,0,0,1,1,0,0,1
3DNDI4684_896-6727-1408-7239,0,0,0,0,0,1,0,0,1
3DNDI4684_913-7037-1425-7549,0,0,0,0,0,1,0,0,1
3DNDI4684_905-3481-1417-3993,0,0,0,0,1,1,0,0,1
3DNDI4684_913-3031-1425-3543,0,0,0,0,1,1,0,0,1
3DNDI4684_894-2030-1406-2542,0,0,0,0,1,1,0,0,1
3DNDI4684_922-4937-1434-5449,0,0,0,0,1,1,0,0,1
3DNDI4684_908-780-1420-1292,0,0,0,0,0,1,0,0,1
3DNDI4684_915-7394-1427-7906,0,0,0,0,1,1,0,0,1
3DNDI4684_915-3847-1427-4359,0,0,0,0,1,1,0,0,1
3E3FNZJIG_1683-1234-2195-1746,1,0,0,0,0,0,0,0,0
3E3FNZJIG_3175-1436-3687-1948,1,0,0,0,0,0,0,0,0
3E3FNZJIG_3687-924-4199-1436,1,0,0,0,0,0,0,0,0
3E3FNZJIG_3687-1436-4199-1948,1,0,0,0,0,0,0,0,0
3E3FNZJIG_4199-1436-4711-1948,1,0,0,0,0,0,0,0,0
3E3FNZJIG_1171-1234-1683-1746,1,0,0,0,0,0,0,0,0
3E3FNZJIG_3731-619-4243-1131,1,0,0,0,0,0,0,0,0
3E3FNZJIG_4199-924-4711-1436,1,0,0,0,0,0,0,0,0
3E3FNZJIG_4755-619-5267-1131,1,0,0,0,0,0,0,0,0
3E3FNZJIG_6626-688-7138-1200,1,0,0,0,0,0,0,0,0
3E3FNZJIG_5474-5851-5986-6363,1,0,0,0,0,0,0,0,0
3E3FNZJIG_4711-1436-5223-1948,1,0,0,0,0,0,0,0,0
3E3FNZJIG_4243-619-4755-1131,1,0,0,0,0,0,0,0,0
3E3FNZJIG_4962-5851-5474-6363,1,0,0,0,0,0,0,0,0
3E3FNZJIG_8069-1598-8581-2110,1,0,0,0,0,0,0,0,0
3E3FNZJIG_6114-688-6626-1200,1,0,0,0,0,0,0,0,0
3E3FNZJIG_5267-619-5779-1131,1,0,0,0,0,0,0,0,0
3E3FNZJIG_8581-1598-9093-2110,1,0,0,0,0,0,0,0,0
3E3FNZJIG_8581-2110-9093-2622,1,0,0,0,0,0,0,0,0
3E3FNZJIG_8949-975-9461-1487,1,0,0,0,0,0,0,0,0
3E6QFRF8D_10041-3970-10553-4482,0,1,0,0,0,0,0,0,0
3E3FNZJIG_9093-2110-9605-2622,1,0,0,0,0,0,0,0,0
3E3FNZJIG_9093-1598-9605-2110,1,0,0,0,0,0,0,0,0
3E6QFRF8D_10553-3970-11065-4482,0,1,0,0,0,0,0,0,0
3E6QFRF8D_1543-7117-2055-7629,0,1,0,0,0,0,0,0,0
3E6QFRF8D_11065-3970-11577-4482,0,1,0,0,0,0,0,0,0
3E6QFRF8D_1849-3970-2361-4482,0,1,0,0,0,0,0,0,0
3E6QFRF8D_2361-3970-2873-4482,0,1,0,0,0,0,0,0,0
3E6QFRF8D_1911-10212-2423-10724,0,1,0,0,0,0,0,0,0
3E6QFRF8D_4409-3970-4921-4482,0,1,0,0,0,0,0,0,0
3E6QFRF8D_2873-3970-3385-4482,0,1,0,0,0,0,0,0,0
3E6QFRF8D_4921-3970-5433-4482,0,1,0,0,0,0,0,0,0
3E6QFRF8D_3524-7236-4036-7748,0,1,0,0,0,0,0,0,0
3E6QFRF8D_1701-6927-2213-7439,0,1,0,0,0,0,0,0,0
3E6QFRF8D_3897-3970-4409-4482,0,1,0,0,0,0,0,0,0
3E6QFRF8D_3385-3970-3897-4482,0,1,0,0,0,0,0,0,0
3E6QFRF8D_7481-3970-7993-4482,0,1,0,0,0,0,0,0,0
3E6QFRF8D_5433-3970-5945-4482,0,1,0,0,0,0,0,0,0
3E6QFRF8D_7993-3970-8505-4482,0,1,0,0,0,0,0,0,0
3E6QFRF8D_5945-3970-6457-4482,0,1,0,0,0,0,0,0,0
3E6QFRF8D_6969-3970-7481-4482,0,1,0,0,0,0,0,0,0
3E6QFRF8D_6457-3970-6969-4482,0,1,0,0,0,0,0,0,0
3E6QFRF8D_841-8372-1353-8884,0,1,0,0,0,0,0,0,0
3E6QFRF8D_923-7449-1435-7961,0,1,0,0,0,0,0,0,0
3E6QFRF8D_9017-3970-9529-4482,0,1,0,0,0,0,0,0,0
3EIUUIG31_4912-2349-5424-2861,0,0,0,0,0,0,1,0,0
3F8UR9UNG_12033-3708-12545-4220,0,0,0,1,0,0,0,0,0
3E6QFRF8D_8505-3970-9017-4482,0,1,0,0,0,0,0,0,0
3E6QFRF8D_9529-3970-10041-4482,0,1,0,0,0,0,0,0,0
3EIUUIG31_7235-5102-7747-5614,0,0,0,0,0,0,1,0,0
3EIUUIG31_5311-3572-5823-4084,0,0,0,0,0,0,1,0,0
3EIUUIG31_7235-5614-7747-6126,0,0,0,0,0,0,1,0,0
3F8UR9UNG_12874-4591-13386-5103,0,0,0,1,0,0,0,0,0
3EIUUIG31_4912-2861-5424-3373,0,0,0,0,0,0,1,0,0
3FJMLWRT2_1250-1307-1762-1819,0,0,0,0,0,0,1,0,0
3FJMLWRT2_1466-2004-1978-2516,0,0,0,0,0,0,1,0,0
3FJMLWRT2_1250-795-1762-1307,0,0,0,0,0,0,1,0,0
3FJMLWRT2_1466-2516-1978-3028,0,0,0,0,0,0,1,0,0
3FJMLWRT2_1250-1819-1762-2331,0,0,0,0,0,0,1,0,0
3FJMLWRT2_1466-3028-1978-3540,0,0,0,0,0,0,1,0,0
3FJMLWRT2_2490-2004-3002-2516,0,0,0,0,0,0,1,0,0
3FJMLWRT2_2410-4209-2922-4721,0,0,0,0,0,0,1,0,0
3FJMLWRT2_738-795-1250-1307,0,0,0,0,0,0,1,0,0
3FJMLWRT2_1978-2004-2490-2516,0,0,0,0,0,0,1,0,0
3FJMLWRT2_1898-3185-2410-3697,0,0,0,0,0,0,1,0,0
3FJMLWRT2_2410-3697-2922-4209,0,0,0,0,0,0,1,0,0
3FJMLWRT2_1898-3697-2410-4209,0,0,0,0,0,0,1,0,0
3FJMLWRT2_2490-1492-3002-2004,0,0,0,0,0,0,1,0,0
3FJMLWRT2_738-1307-1250-1819,0,0,0,0,0,0,1,0,0
3FJMLWRT2_2922-4209-3434-4721,0,0,0,0,0,0,1,0,0
3FLA6Q8PZ_593-6770-1105-7282,0,0,0,1,0,0,0,0,0
3FLA6Q8PZ_593-7282-1105-7794,0,0,0,1,0,0,0,0,0
3FUU1PC62_2052-6019-2564-6531,0,0,0,0,0,0,1,0,0
3FR2UIIYR_3080-640-3592-1152,0,0,0,0,0,0,0,0,1
3FUU1PC62_2564-5507-3076-6019,0,0,0,0,0,0,1,0,0
3FUU1PC62_2052-5507-2564-6019,0,0,0,0,0,0,1,0,0
3G6P298V4_1227-5092-1739-5604,0,1,0,0,0,0,0,0,0
3FR2UIIYR_5770-536-6282-1048,0,0,0,0,0,0,0,0,1
3G6P298V4_1442-5494-1954-6006,0,1,0,0,0,0,0,0,0
3G6P298V4_1989-5483-2501-5995,0,1,0,0,0,0,0,0,0
3G6P298V4_1284-5912-1796-6424,0,1,0,0,0,0,0,0,0
3G6P298V4_1989-6507-2501-7019,0,1,0,0,0,0,0,0,0
3G6P298V4_2152-5978-2664-6490,0,1,0,0,0,0,0,0,0
3G6P298V4_2466-5494-2978-6006,0,1,0,0,0,0,0,0,0
3G6P298V4_1796-5912-2308-6424,0,1,0,0,0,0,0,0,0
3G6P298V4_2501-5995-3013-6507,0,1,0,0,0,0,0,0,0
3G6P298V4_1739-5092-2251-5604,0,1,0,0,0,0,0,0,0
3G6P298V4_2251-5092-2763-5604,0,1,0,0,0,0,0,0,0
3G6P298V4_2363-6850-2875-7362,0,1,0,0,0,0,0,0,0
3G6P298V4_2501-6507-3013-7019,0,1,0,0,0,0,0,0,0
3G6P298V4_3013-5995-3525-6507,0,1,0,0,0,0,0,0,0
3G6P298V4_2705-7812-3217-8324,0,1,0,0,0,0,0,0,0
3G6P298V4_2863-7629-3375-8141,0,1,0,0,0,0,0,0,0
3G6P298V4_3013-5483-3525-5995,0,1,0,0,0,0,0,0,0
3G6P298V4_2863-7117-3375-7629,0,1,0,0,0,0,0,0,0
3G6P298V4_3013-6507-3525-7019,0,1,0,0,0,0,0,0,0
3G6P298V4_3332-5912-3844-6424,0,1,0,0,0,0,0,0,0
3G6P298V4_3109-7878-3621-8390,0,1,0,0,0,0,0,0,0
3G6P298V4_3525-6507-4037-7019,0,1,0,0,0,0,0,0,0
3G6P298V4_3525-5483-4037-5995,0,1,0,0,0,0,0,0,0
3G6P298V4_3887-7117-4399-7629,0,1,0,0,0,0,0,0,0
3G6P298V4_3375-7117-3887-7629,0,1,0,0,0,0,0,0,0
3G6P298V4_3621-7878-4133-8390,0,1,0,0,0,0,0,0,0
3G6P298V4_3375-7629-3887-8141,0,1,0,0,0,0,0,0,0
3G6P298V4_3887-7629-4399-8141,0,1,0,0,0,0,0,0,0
3G6P298V4_4037-5483-4549-5995,0,1,0,0,0,0,0,0,0
3G6P298V4_3503-8415-4015-8927,0,1,0,0,0,0,0,0,0
3G6P298V4_4037-5995-4549-6507,0,1,0,0,0,0,0,0,0
3G6P298V4_4392-6684-4904-7196,0,1,0,0,0,0,0,0,0
3G6P298V4_4037-6507-4549-7019,0,1,0,0,0,0,0,0,0
3G6P298V4_4709-6373-5221-6885,0,1,0,0,0,0,0,0,0
3G6P298V4_5061-5483-5573-5995,0,1,0,0,0,0,0,0,0
3G6P298V4_4549-5995-5061-6507,0,1,0,0,0,0,0,0,0
3G6P298V4_4549-5483-5061-5995,0,1,0,0,0,0,0,0,0
3G6P298V4_5848-2237-6360-2749,0,1,0,0,0,0,0,0,0
3G6P298V4_5573-5995-6085-6507,0,1,0,0,0,0,0,0,0
3G6P298V4_5472-7274-5984-7786,0,1,0,0,0,0,0,0,0
3G6P298V4_5061-6507-5573-7019,0,1,0,0,0,0,0,0,0
3G6P298V4_5061-5995-5573-6507,0,1,0,0,0,0,0,0,0
3G6P298V4_5573-5483-6085-5995,0,1,0,0,0,0,0,0,0
3G6P298V4_6360-2237-6872-2749,0,1,0,0,0,0,0,0,0
3G6P298V4_7773-2283-8285-2795,0,1,0,0,0,0,0,0,0
3G6P298V4_5253-6972-5765-7484,0,1,0,0,0,0,0,0,0
3G6P298V4_7773-1771-8285-2283,0,1,0,0,0,0,0,0,0
3G6P298V4_843-5120-1355-5632,0,1,0,0,0,0,0,0,0
3G6P298V4_930-5494-1442-6006,0,1,0,0,0,0,0,0,0
3GVQYBNMD_2233-8529-2745-9041,0,0,0,0,0,0,1,0,0
3HF8RYULV_251-370-763-882,0,0,0,0,0,1,0,0,0
3GVQYBNMD_1209-8529-1721-9041,0,0,0,0,0,0,1,0,0
3GVQYBNMD_697-8529-1209-9041,0,0,0,0,0,0,1,0,0
3GVQYBNMD_2745-8529-3257-9041,0,0,0,0,0,0,1,0,0
3GVQYBNMD_1721-8529-2233-9041,0,0,0,0,0,0,1,0,0
3HL6IN3ER_1424-3547-1936-4059,1,0,0,0,0,0,0,0,0
3HL6IN3ER_1424-2523-1936-3035,1,0,0,0,0,0,0,0,0
3HL6IN3ER_1424-2011-1936-2523,1,0,0,0,0,0,0,0,0
3HL6IN3ER_1424-4059-1936-4571,1,0,0,0,0,0,0,0,0
3HL6IN3ER_1424-5595-1936-6107,1,0,0,0,0,0,0,0,0
3HF8RYULV_465-551-977-1063,0,0,0,0,0,1,0,0,0
3HL6IN3ER_1424-3035-1936-3547,1,0,0,0,0,0,0,0,0
3HL6IN3ER_1424-1499-1936-2011,1,0,0,0,0,0,0,0,0
3HL6IN3ER_1424-5083-1936-5595,1,0,0,0,0,0,0,0,0
3HL6IN3ER_1424-6107-1936-6619,1,0,0,0,0,0,0,0,0
3HL6IN3ER_1424-4571-1936-5083,1,0,0,0,0,0,0,0,0
3HL6IN3ER_1424-6619-1936-7131,1,0,0,0,0,0,0,0,0
3HL6IN3ER_1424-987-1936-1499,1,0,0,0,0,0,0,0,0
3HL6IN3ER_1424-9179-1936-9691,1,0,0,0,0,0,0,0,0
3HL6IN3ER_1424-8155-1936-8667,1,0,0,0,0,0,0,0,0
3HL6IN3ER_1936-6619-2448-7131,1,0,0,0,0,0,0,0,0
3HL6IN3ER_1424-8667-1936-9179,1,0,0,0,0,0,0,0,0
3HL6IN3ER_1936-8155-2448-8667,1,0,0,0,0,0,0,0,0
3HL6IN3ER_2448-8155-2960-8667,1,0,0,0,0,0,0,0,0
3HL6IN3ER_2448-9179-2960-9691,1,0,0,0,0,0,0,0,0
3HL6IN3ER_2960-7643-3472-8155,1,0,0,0,0,0,0,0,0
3HL6IN3ER_2448-987-2960-1499,1,0,0,0,0,0,0,0,0
3HL6IN3ER_1936-9179-2448-9691,1,0,0,0,0,0,0,0,0
3HL6IN3ER_2448-6619-2960-7131,1,0,0,0,0,0,0,0,0
3HL6IN3ER_2960-987-3472-1499,1,0,0,0,0,0,0,0,0
3HL6IN3ER_3472-9179-3984-9691,1,0,0,0,0,0,0,0,0
3HL6IN3ER_1936-987-2448-1499,1,0,0,0,0,0,0,0,0
3HL6IN3ER_2960-7131-3472-7643,1,0,0,0,0,0,0,0,0
3HL6IN3ER_2960-9179-3472-9691,1,0,0,0,0,0,0,0,0
3HL6IN3ER_3472-987-3984-1499,1,0,0,0,0,0,0,0,0
3HL6IN3ER_3984-987-4496-1499,1,0,0,0,0,0,0,0,0
3HL6IN3ER_4496-9179-5008-9691,1,0,0,0,0,0,0,0,0
3HL6IN3ER_4496-987-5008-1499,1,0,0,0,0,0,0,0,0
3HL6IN3ER_3984-9179-4496-9691,1,0,0,0,0,0,0,0,0
3HL6IN3ER_5008-9179-5520-9691,1,0,0,0,0,0,0,0,0
3HL6IN3ER_5008-987-5520-1499,1,0,0,0,0,0,0,0,0
3HL6IN3ER_6032-3035-6544-3547,1,0,0,0,0,0,0,0,0
3HL6IN3ER_6032-1499-6544-2011,1,0,0,0,0,0,0,0,0
3HL6IN3ER_6032-4571-6544-5083,1,0,0,0,0,0,0,0,0
3HL6IN3ER_5520-9179-6032-9691,1,0,0,0,0,0,0,0,0
3HL6IN3ER_6032-5083-6544-5595,1,0,0,0,0,0,0,0,0
3HL6IN3ER_6032-2011-6544-2523,1,0,0,0,0,0,0,0,0
3HL6IN3ER_6032-3547-6544-4059,1,0,0,0,0,0,0,0,0
3HL6IN3ER_6032-4059-6544-4571,1,0,0,0,0,0,0,0,0
3HL6IN3ER_6032-2523-6544-3035,1,0,0,0,0,0,0,0,0
3HL6IN3ER_5520-987-6032-1499,1,0,0,0,0,0,0,0,0
3HL6IN3ER_6032-5595-6544-6107,1,0,0,0,0,0,0,0,0
3HL6IN3ER_6032-7131-6544-7643,1,0,0,0,0,0,0,0,0
3HL6IN3ER_6032-6107-6544-6619,1,0,0,0,0,0,0,0,0
3HL6IN3ER_6032-7643-6544-8155,1,0,0,0,0,0,0,0,0
3HL6IN3ER_6032-6619-6544-7131,1,0,0,0,0,0,0,0,0
3HL6IN3ER_6032-8155-6544-8667,1,0,0,0,0,0,0,0,0
3HL6IN3ER_6032-8667-6544-9179,1,0,0,0,0,0,0,0,0
3JPEL2DK8_3094-2619-3606-3131,0,1,0,0,0,0,0,0,0
3JPEL2DK8_3094-1595-3606-2107,0,1,0,0,0,0,0,0,0
3JPEL2DK8_3094-1083-3606-1595,0,1,0,0,0,0,0,0,0
3JPEL2DK8_3094-2107-3606-2619,0,1,0,0,0,0,0,0,0
3HL6IN3ER_6032-987-6544-1499,1,0,0,0,0,0,0,0,0
3JPEL2DK8_3094-3643-3606-4155,0,1,0,0,0,0,0,0,0
3JPEL2DK8_3094-4667-3606-5179,0,1,0,0,0,0,0,0,0
3HL6IN3ER_6032-9179-6544-9691,1,0,0,0,0,0,0,0,0
3JPEL2DK8_3094-3131-3606-3643,0,1,0,0,0,0,0,0,0
3JPEL2DK8_3631-899-4143-1411,0,1,0,0,0,0,0,0,0
3JPEL2DK8_3094-4155-3606-4667,0,1,0,0,0,0,0,0,0
3JPEL2DK8_6605-1516-7117-2028,0,0,0,0,0,0,0,0,1
3JWUMCZCH_6961-1118-7473-1630,1,0,0,0,0,0,0,0,0
3JWUMCZCH_6961-2142-7473-2654,1,0,0,0,0,0,0,0,0
3JWUMCZCH_6961-2654-7473-3166,1,0,0,0,0,0,0,0,0
3JWUMCZCH_6961-3166-7473-3678,1,0,0,0,0,0,0,0,0
3JWUMCZCH_6961-3678-7473-4190,1,0,0,0,0,0,0,0,0
3JWUMCZCH_6961-1630-7473-2142,1,0,0,0,0,0,0,0,0
3JWUMCZCH_6961-4190-7473-4702,1,0,0,0,0,0,0,0,0
3JWUMCZCH_6961-5214-7473-5726,1,0,0,0,0,0,0,0,0
3JWUMCZCH_6961-5726-7473-6238,1,0,0,0,0,0,0,0,0
3JWUMCZCH_6961-7774-7473-8286,1,0,0,0,0,0,0,0,0
3JWUMCZCH_6961-606-7473-1118,1,0,0,0,0,0,0,0,0
3JWUMCZCH_6961-6238-7473-6750,1,0,0,0,0,0,0,0,0
3JWUMCZCH_6961-6750-7473-7262,1,0,0,0,0,0,0,0,0
3JWUMCZCH_6961-8798-7473-9310,1,0,0,0,0,0,0,0,0
3JWUMCZCH_6961-8286-7473-8798,1,0,0,0,0,0,0,0,0
3JWUMCZCH_6961-4702-7473-5214,1,0,0,0,0,0,0,0,0
3JWUMCZCH_6961-7262-7473-7774,1,0,0,0,0,0,0,0,0
3JWUMCZCH_7473-606-7985-1118,1,0,0,0,0,0,0,0,0
3JWUMCZCH_8497-8798-9009-9310,1,0,0,0,0,0,0,0,0
3JWUMCZCH_7473-8798-7985-9310,1,0,0,0,0,0,0,0,0
3JWUMCZCH_8497-606-9009-1118,1,0,0,0,0,0,0,0,0
3JWUMCZCH_7985-8798-8497-9310,1,0,0,0,0,0,0,0,0
3JWUMCZCH_7985-606-8497-1118,1,0,0,0,0,0,0,0,0
3JWUMCZCH_8497-1118-9009-1630,1,0,0,0,0,0,0,0,0
3JWUMCZCH_9521-1630-10033-2142,1,0,0,0,0,0,0,0,0
3JWUMCZCH_9521-3166-10033-3678,1,0,0,0,0,0,0,0,0
3JWUMCZCH_9009-8798-9521-9310,1,0,0,0,0,0,0,0,0
3JWUMCZCH_9009-1118-9521-1630,1,0,0,0,0,0,0,0,0
3JWUMCZCH_9521-1118-10033-1630,1,0,0,0,0,0,0,0,0
3JWUMCZCH_9521-2142-10033-2654,1,0,0,0,0,0,0,0,0
3JWUMCZCH_9521-4190-10033-4702,1,0,0,0,0,0,0,0,0
3JWUMCZCH_9521-3678-10033-4190,1,0,0,0,0,0,0,0,0
3JWUMCZCH_9521-2654-10033-3166,1,0,0,0,0,0,0,0,0
3JWUMCZCH_9521-5214-10033-5726,1,0,0,0,0,0,0,0,0
3JWUMCZCH_9521-4702-10033-5214,1,0,0,0,0,0,0,0,0
3JWUMCZCH_9521-5726-10033-6238,1,0,0,0,0,0,0,0,0
3JWUMCZCH_9521-7262-10033-7774,1,0,0,0,0,0,0,0,0
3JWUMCZCH_9521-6750-10033-7262,1,0,0,0,0,0,0,0,0
3JWUMCZCH_9521-6238-10033-6750,1,0,0,0,0,0,0,0,0
3JWUMCZCH_9521-7774-10033-8286,1,0,0,0,0,0,0,0,0
3JWUMCZCH_9521-8286-10033-8798,1,0,0,0,0,0,0,0,0
3KPU4E619_1199-2084-1711-2596,1,0,0,0,0,0,0,0,0
3KPU4E619_1385-9771-1897-10283,1,0,0,0,0,0,0,0,0
3KPU4E619_1562-9012-2074-9524,1,0,0,0,0,0,0,0,0
3LKXGXALI_1042-8090-1554-8602,1,0,0,0,0,0,0,0,0
3JWUMCZCH_9521-8798-10033-9310,1,0,0,0,0,0,0,0,0
3KPU4E619_1653-9748-2165-10260,1,0,0,0,0,0,0,0,0
3KPU4E619_1579-1999-2091-2511,1,0,0,0,0,0,0,0,0
3LKXGXALI_1357-4797-1869-5309,1,0,0,0,0,0,0,0,0
3LKXGXALI_1110-7642-1622-8154,1,0,0,0,0,0,0,0,0
3KPU4E619_1056-9655-1568-10167,1,0,0,0,0,0,0,0,0
3LKXGXALI_1415-5071-1927-5583,1,0,0,0,0,0,0,0,0
3LKXGXALI_1211-5528-1723-6040,1,0,0,0,0,0,0,0,0
3LKXGXALI_1819-5761-2331-6273,1,0,0,0,0,0,0,0,0
3LKXGXALI_1869-4797-2381-5309,1,0,0,0,0,0,0,0,0
3LKXGXALI_3648-1002-4160-1514,1,0,0,0,0,0,0,0,0
3LKXGXALI_4160-490-4672-1002,1,0,0,0,0,0,0,0,0
3LKXGXALI_4160-1002-4672-1514,1,0,0,0,0,0,0,0,0
3LKXGXALI_3648-490-4160-1002,1,0,0,0,0,0,0,0,0
3LKXGXALI_657-7852-1169-8364,1,0,0,0,0,0,0,0,0
3LPFBJ6B3_1326-2940-1838-3452,0,0,1,0,0,0,0,0,0
3LKXGXALI_845-4797-1357-5309,1,0,0,0,0,0,0,0,0
3LPFBJ6B3_2350-2940-2862-3452,0,0,1,0,0,0,0,0,0
3LKXGXALI_699-5528-1211-6040,1,0,0,0,0,0,0,0,0
3LPFBJ6B3_1803-4407-2315-4919,0,0,1,0,0,0,0,0,0
3LPFBJ6B3_1838-2940-2350-3452,0,0,1,0,0,0,0,0,0
3LKXGXALI_603-3320-1115-3832,1,0,0,0,0,0,0,0,0
3LPFBJ6B3_3099-5162-3611-5674,0,0,1,0,0,0,0,0,0
3LPFBJ6B3_2862-2940-3374-3452,0,0,1,0,0,0,0,0,0
3LPFBJ6B3_1803-4919-2315-5431,0,0,1,0,0,0,0,0,0
3LKXGXALI_903-5071-1415-5583,1,0,0,0,0,0,0,0,0
3LPFBJ6B3_3886-2940-4398-3452,0,0,1,0,0,0,0,0,0
3LPFBJ6B3_4910-2940-5422-3452,0,0,1,0,0,0,0,0,0
3LPFBJ6B3_3374-2940-3886-3452,0,0,1,0,0,0,0,0,0
3LPFBJ6B3_3611-5162-4123-5674,0,0,1,0,0,0,0,0,0
3LPFBJ6B3_4398-2940-4910-3452,0,0,1,0,0,0,0,0,0
3LPFBJ6B3_5422-2940-5934-3452,0,0,1,0,0,0,0,0,0
3NQEIKTU7_1577-1480-2089-1992,0,1,0,0,0,0,0,0,0
3LPFBJ6B3_6446-2940-6958-3452,0,0,1,0,0,0,0,0,0
3LPFBJ6B3_5934-2940-6446-3452,0,0,1,0,0,0,0,0,0
3NQEIKTU7_2730-1686-3242-2198,0,1,0,0,0,0,0,0,0
3NQEIKTU7_1895-655-2407-1167,0,1,0,0,0,0,0,0,0
3NQEIKTU7_1383-655-1895-1167,0,1,0,0,0,0,0,0,0
3NQEIKTU7_2089-1480-2601-1992,0,1,0,0,0,0,0,0,0
3LPFBJ6B3_814-2940-1326-3452,0,0,1,0,0,0,0,0,0
3NQEIKTU7_1577-968-2089-1480,0,1,0,0,0,0,0,0,0
3NQEIKTU7_2361-2737-2873-3249,0,1,0,0,0,0,0,0,0
3NQEIKTU7_2089-968-2601-1480,0,1,0,0,0,0,0,0,0
3NQEIKTU7_2730-2198-3242-2710,0,1,0,0,0,0,0,0,0
3NQEIKTU7_2834-761-3346-1273,0,1,0,0,0,0,0,0,0
3NQEIKTU7_3160-2187-3672-2699,0,1,0,0,0,0,0,0,0
3NQEIKTU7_3007-1435-3519-1947,0,1,0,0,0,0,0,0,0
3NQEIKTU7_3007-1947-3519-2459,0,1,0,0,0,0,0,0,0
3NQEIKTU7_3160-3211-3672-3723,0,1,0,0,0,0,0,0,0
3NQEIKTU7_2873-2737-3385-3249,0,1,0,0,0,0,0,0,0
3NQEIKTU7_3672-2699-4184-3211,0,1,0,0,0,0,0,0,0
3NQEIKTU7_3160-2699-3672-3211,0,1,0,0,0,0,0,0,0
3NQEIKTU7_3160-1675-3672-2187,0,1,0,0,0,0,0,0,0
3NQEIKTU7_3855-4007-4367-4519,0,1,0,0,0,0,0,0,0
3NQEIKTU7_4184-2699-4696-3211,0,1,0,0,0,0,0,0,0
3NQEIKTU7_3672-1675-4184-2187,0,1,0,0,0,0,0,0,0
3NQEIKTU7_4167-3702-4679-4214,0,1,0,0,0,0,0,0,0
3NQEIKTU7_4198-4829-4710-5341,0,1,0,0,0,0,0,0,0
3NQEIKTU7_3672-3211-4184-3723,0,1,0,0,0,0,0,0,0
3NQEIKTU7_4198-4317-4710-4829,0,1,0,0,0,0,0,0,0
3NQEIKTU7_3672-2187-4184-2699,0,1,0,0,0,0,0,0,0
3NQEIKTU7_4442-5228-4954-5740,0,1,0,0,0,0,0,0,0
3R83VQH4N_400-5710-912-6222,0,0,0,0,0,1,0,0,0
3NQEIKTU7_871-655-1383-1167,0,1,0,0,0,0,0,0,0
3TVQTEV3E_10013-928-10525-1440,0,0,0,0,1,1,0,0,0
3TVQTEV3E_10590-907-11102-1419,0,0,0,0,1,1,0,0,0
3TVQTEV3E_10321-824-10833-1336,0,0,0,0,1,1,0,0,0
3TVQTEV3E_10334-6062-10846-6574,0,0,0,0,1,0,0,0,0
3TVQTEV3E_11669-4116-12181-4628,0,0,0,0,0,1,0,0,0
3TVQTEV3E_11454-778-11966-1290,0,0,0,0,1,1,0,0,0
3TVQTEV3E_10833-824-11345-1336,0,0,0,0,1,1,0,0,0
3TVQTEV3E_11124-6539-11636-7051,0,0,0,0,0,1,0,0,0
3TVQTEV3E_11157-4628-11669-5140,0,0,0,0,0,1,0,0,0
3TVQTEV3E_11157-5140-11669-5652,0,0,0,0,0,1,0,0,0
3TVQTEV3E_11115-905-11627-1417,0,0,0,0,1,1,0,0,0
3TVQTEV3E_11732-2861-12244-3373,0,0,0,0,0,1,0,0,0
3TVQTEV3E_11732-2349-12244-2861,0,0,0,0,0,1,0,0,0
3TVQTEV3E_11669-4628-12181-5140,0,0,0,0,0,1,0,0,0
3TVQTEV3E_11739-878-12251-1390,0,0,0,0,1,1,0,0,0
3TVQTEV3E_11911-3913-12423-4425,0,0,0,0,0,1,0,0,0
3TVQTEV3E_11966-778-12478-1290,0,0,0,0,1,1,0,0,0
3TVQTEV3E_1489-5534-2001-6046,0,0,0,0,1,1,0,0,0
3TVQTEV3E_1489-5022-2001-5534,0,0,0,0,0,1,0,0,0
3TVQTEV3E_12251-659-12763-1171,0,0,0,0,1,1,0,0,0
3TVQTEV3E_1489-4510-2001-5022,0,0,0,0,0,1,0,0,0
3TVQTEV3E_1240-2934-1752-3446,0,0,0,0,0,1,0,0,0
3TVQTEV3E_1555-6226-2067-6738,0,0,0,0,1,1,0,0,0
3TVQTEV3E_1348-984-1860-1496,0,0,0,0,0,1,0,0,0
3TVQTEV3E_1489-3486-2001-3998,0,0,0,0,1,1,0,0,0
3TVQTEV3E_1489-3998-2001-4510,0,0,0,0,0,1,0,0,0
3TVQTEV3E_1530-1223-2042-1735,0,0,0,0,0,1,0,0,0
3TVQTEV3E_1580-3123-2092-3635,0,0,0,0,1,1,0,0,0
3TVQTEV3E_1444-1618-1956-2130,0,0,0,0,0,1,0,0,0
3TVQTEV3E_1701-6811-2213-7323,0,0,0,0,0,1,0,0,0
3TVQTEV3E_1625-5886-2137-6398,0,0,0,0,1,1,0,0,0
3TVQTEV3E_1747-8120-2259-8632,0,0,0,0,1,0,0,0,0
3TVQTEV3E_1666-14581-2178-15093,0,0,0,0,0,1,0,0,0
3TVQTEV3E_1860-984-2372-1496,0,0,0,0,0,1,0,0,0
3TVQTEV3E_2055-7197-2567-7709,0,0,0,0,1,1,0,0,0
3TVQTEV3E_2137-5886-2649-6398,0,0,0,0,1,0,0,0,0
3TVQTEV3E_2055-7709-2567-8221,0,0,0,0,1,1,0,0,0
3TVQTEV3E_2042-1735-2554-2247,0,0,0,0,0,1,0,0,0
3TVQTEV3E_2092-3123-2604-3635,0,0,0,0,1,0,0,0,0
3TVQTEV3E_2372-984-2884-1496,0,0,0,0,0,1,0,0,0
3TVQTEV3E_2029-14386-2541-14898,0,0,0,0,0,1,0,0,0
3TVQTEV3E_2387-10111-2899-10623,0,0,0,0,0,1,0,0,0
3TVQTEV3E_2042-1223-2554-1735,0,0,0,0,0,1,0,0,0
3TVQTEV3E_2259-8120-2771-8632,0,0,0,0,1,0,0,0,0
3TVQTEV3E_2304-11724-2816-12236,0,0,0,0,0,1,0,0,0
3TVQTEV3E_2181-6839-2693-7351,0,0,0,0,1,1,0,0,0
3TVQTEV3E_2387-10623-2899-11135,0,0,0,0,0,1,0,0,0
3TVQTEV3E_2466-1245-2978-1757,0,0,0,0,0,1,0,0,0
3TVQTEV3E_2391-14494-2903-15006,0,0,0,0,1,1,0,0,0
3TVQTEV3E_2693-6839-3205-7351,0,0,0,0,1,0,0,0,0
3TVQTEV3E_2671-14343-3183-14855,0,0,0,0,1,1,0,0,0
3TVQTEV3E_2714-5651-3226-6163,0,0,0,0,1,0,0,0,0
3TVQTEV3E_3272-7678-3784-8190,0,0,0,0,1,0,0,0,0
3TVQTEV3E_3066-1223-3578-1735,0,0,0,0,0,1,0,0,0
3TVQTEV3E_3226-5651-3738-6163,0,0,0,0,1,0,0,0,0
3TVQTEV3E_3286-8612-3798-9124,0,0,0,0,1,0,0,0,0
3TVQTEV3E_3511-14284-4023-14796,0,0,0,0,1,0,0,0,0
3TVQTEV3E_3720-2767-4232-3279,0,0,0,0,1,0,0,0,0
3TVQTEV3E_3208-2767-3720-3279,0,0,0,0,1,0,0,0,0
3TVQTEV3E_2903-14494-3415-15006,0,0,0,0,1,1,0,0,0
3TVQTEV3E_3487-6080-3999-6592,0,0,0,0,0,1,0,0,0
3TVQTEV3E_3486-960-3998-1472,0,0,0,0,0,1,0,0,0
3TVQTEV3E_2774-8612-3286-9124,0,0,0,0,1,0,0,0,0
3TVQTEV3E_2974-960-3486-1472,0,0,0,0,0,1,0,0,0
3TVQTEV3E_3578-1223-4090-1735,0,0,0,0,0,1,0,0,0
3TVQTEV3E_3784-7678-4296-8190,0,0,0,0,1,0,0,0,0
3TVQTEV3E_3881-8409-4393-8921,0,0,0,0,1,0,0,0,0
3TVQTEV3E_3734-6195-4246-6707,0,0,0,0,0,1,0,0,0
3TVQTEV3E_4023-14284-4535-14796,0,0,0,0,1,0,0,0,0
3TVQTEV3E_4094-1109-4606-1621,0,0,0,0,0,1,0,0,0
3TVQTEV3E_5910-1943-6422-2455,0,0,0,0,1,0,0,0,0
3TVQTEV3E_5340-2268-5852-2780,0,0,0,0,1,0,0,0,0
3TVQTEV3E_5451-7110-5963-7622,0,0,0,0,1,0,0,0,0
3TVQTEV3E_4393-8409-4905-8921,0,0,0,0,1,0,0,0,0
3TVQTEV3E_4527-13878-5039-14390,0,0,0,0,0,1,0,0,0
3TVQTEV3E_4828-2268-5340-2780,0,0,0,0,1,0,0,0,0
3TVQTEV3E_5268-7773-5780-8285,0,0,0,0,0,1,0,0,0
3TVQTEV3E_6149-7989-6661-8501,0,0,0,0,0,1,0,0,0
3TVQTEV3E_6101-6827-6613-7339,0,0,0,0,1,1,0,0,0
3TVQTEV3E_6306-8616-6818-9128,0,0,0,0,0,1,0,0,0
3TVQTEV3E_5395-8172-5907-8684,0,0,0,0,0,1,0,0,0
3TVQTEV3E_5963-7110-6475-7622,0,0,0,0,1,1,0,0,0
3TVQTEV3E_6422-1943-6934-2455,0,0,0,0,1,0,0,0,0
3TVQTEV3E_7001-1642-7513-2154,0,0,0,0,1,0,0,0,0
3TVQTEV3E_6471-7883-6983-8395,0,0,0,0,0,1,0,0,0
3TVQTEV3E_7513-1642-8025-2154,0,0,0,0,1,1,0,0,0
3TVQTEV3E_7811-1554-8323-2066,0,0,0,0,1,1,0,0,0
3TVQTEV3E_8233-1408-8745-1920,0,0,0,0,1,1,0,0,0
3TVQTEV3E_8895-1209-9407-1721,0,0,0,0,1,1,0,0,0
3TVQTEV3E_8604-1309-9116-1821,0,0,0,0,1,1,0,0,0
3TVQTEV3E_8698-5966-9210-6478,0,0,0,0,1,1,0,0,0
3TVQTEV3E_8364-5913-8876-6425,0,0,0,0,0,1,0,0,0
3TVQTEV3E_9210-5966-9722-6478,0,0,0,0,1,1,0,0,0
3VTHWLKI4_3243-9025-3755-9537,0,0,1,0,0,0,0,0,0
3TVQTEV3E_9376-6251-9888-6763,0,0,0,0,1,1,0,0,0
3TVQTEV3E_9822-6062-10334-6574,0,0,0,0,1,0,0,0,0
3TVQTEV3E_9731-971-10243-1483,0,0,0,0,1,1,0,0,0
3VTHWLKI4_4150-9217-4662-9729,0,0,1,0,0,0,0,0,0
3VTHWLKI4_3462-8796-3974-9308,0,0,1,0,0,0,0,0,0
3TVQTEV3E_9419-1069-9931-1581,0,0,0,0,1,1,0,0,0
3VTHWLKI4_653-8922-1165-9434,0,0,1,0,0,0,0,0,0
3VTHWLKI4_7934-11022-8446-11534,0,0,1,0,0,0,0,0,0
3VVJATQ4D_1333-421-1845-933,0,0,0,0,0,0,0,0,1
3VVJATQ4D_1458-692-1970-1204,0,0,0,0,0,0,0,0,1
3VVJATQ4D_2746-1866-3258-2378,0,0,0,0,0,0,0,0,1
3VVJATQ4D_350-430-862-942,0,0,0,0,0,0,0,0,1
3VVJATQ4D_288-1205-800-1717,0,0,0,0,0,0,0,0,1
3VVJATQ4D_2918-606-3430-1118,0,0,0,0,0,0,0,0,1
3VVJATQ4D_279-3913-791-4425,0,0,0,0,0,0,0,0,1
3W7B8HAKD_727-7807-1239-8319,0,0,0,0,0,0,0,0,1
3VVJATQ4D_2819-905-3331-1417,0,0,0,0,0,0,0,0,1
3W7B8HAKD_2460-1669-2972-2181,0,0,0,0,0,0,0,0,1
3VVJATQ4D_714-505-1226-1017,0,0,0,0,0,0,0,0,1
3VVJATQ4D_5349-2180-5861-2692,0,0,0,0,0,0,0,0,1
3XMLYA98Y_1871-3218-2383-3730,0,0,0,1,0,0,0,0,0
3VVJATQ4D_4371-852-4883-1364,0,0,0,0,0,0,0,0,1
3VVJATQ4D_2889-1147-3401-1659,0,0,0,0,0,0,0,0,1
3VVJATQ4D_5226-1792-5738-2304,0,0,0,0,0,0,0,0,1
3XMU8YR3U_1807-5133-2319-5645,0,1,0,0,0,0,0,0,0
3XMU8YR3U_1295-5133-1807-5645,0,1,0,0,0,0,0,0,0
3XMU8YR3U_1295-5645-1807-6157,0,1,0,0,0,0,0,0,0
3XMU8YR3U_1807-6157-2319-6669,0,1,0,0,0,0,0,0,0
3XMU8YR3U_3343-5133-3855-5645,0,1,0,0,0,0,0,0,0
3XMU8YR3U_2831-5133-3343-5645,0,1,0,0,0,0,0,0,0
3XMU8YR3U_1807-6669-2319-7181,0,1,0,0,0,0,0,0,0
3XMU8YR3U_3343-8205-3855-8717,0,1,0,0,0,0,0,0,0
3XMU8YR3U_2831-7181-3343-7693,0,1,0,0,0,0,0,0,0
3XMU8YR3U_2319-5133-2831-5645,0,1,0,0,0,0,0,0,0
3XMU8YR3U_3855-7181-4367-7693,0,1,0,0,0,0,0,0,0
3XMU8YR3U_3855-6669-4367-7181,0,1,0,0,0,0,0,0,0
3XMU8YR3U_4367-5645-4879-6157,0,1,0,0,0,0,0,0,0
3XMU8YR3U_4367-6669-4879-7181,0,1,0,0,0,0,0,0,0
3XMU8YR3U_3855-8205-4367-8717,0,1,0,0,0,0,0,0,0
3XMU8YR3U_3855-7693-4367-8205,0,1,0,0,0,0,0,0,0
3XMU8YR3U_2319-6669-2831-7181,0,1,0,0,0,0,0,0,0
3XMU8YR3U_2831-7693-3343-8205,0,1,0,0,0,0,0,0,0
3XMU8YR3U_4879-5645-5391-6157,0,1,0,0,0,0,0,0,0
3XMU8YR3U_4879-7181-5391-7693,0,1,0,0,0,0,0,0,0
3XMU8YR3U_5391-5645-5903-6157,0,1,0,0,0,0,0,0,0
3XMU8YR3U_5391-6157-5903-6669,0,1,0,0,0,0,0,0,0
3YNKVG4E7_1961-781-2473-1293,0,1,0,0,0,0,0,0,0
3XMU8YR3U_5391-6669-5903-7181,0,1,0,0,0,0,0,0,0
3XMU8YR3U_5391-7181-5903-7693,0,1,0,0,0,0,0,0,0
3XMU8YR3U_783-5645-1295-6157,0,1,0,0,0,0,0,0,0
3YCDE3WXC_578-4309-1090-4821,0,0,0,0,0,0,0,0,1
3ZPRHMXDB_1736-1217-2248-1729,0,0,1,0,0,0,0,0,0
3YCDE3WXC_6701-2512-7213-3024,0,1,0,0,0,0,0,0,0
3YCDE3WXC_6566-2283-7078-2795,0,1,0,0,0,0,0,0,0
3XMU8YR3U_783-5133-1295-5645,0,1,0,0,0,0,0,0,0
3YCDE3WXC_4693-4075-5205-4587,0,0,0,0,0,0,0,0,1
3ZPRHMXDB_1224-1729-1736-2241,0,0,1,1,0,0,0,0,0
3YCDE3WXC_667-579-1179-1091,0,1,0,0,0,0,0,0,1
3ZPRHMXDB_1224-2241-1736-2753,0,0,1,0,0,0,0,0,0
3ZPRHMXDB_1736-2241-2248-2753,0,0,1,0,0,0,0,0,0
3ZPRHMXDB_2248-1729-2760-2241,0,0,1,0,0,0,0,0,0
3ZPRHMXDB_2248-2753-2760-3265,0,0,1,0,0,0,0,0,0
3ZPRHMXDB_631-698-1143-1210,0,0,1,0,0,0,0,0,0
426AI6TZG_1439-6492-1951-7004,0,0,0,0,1,0,0,0,0
426AI6TZG_1977-6517-2489-7029,0,0,0,0,1,0,0,0,0
426AI6TZG_2999-6527-3511-7039,0,0,0,0,1,0,0,0,0
426AI6TZG_2496-6538-3008-7050,0,0,0,0,1,0,0,0,0
42QH8LGVM_3530-4217-4042-4729,0,0,0,0,0,0,1,0,0
42QH8LGVM_2506-4729-3018-5241,0,0,0,0,0,0,1,0,0
426AI6TZG_2335-3823-2847-4335,0,0,0,0,1,0,0,0,0
42QH8LGVM_5189-1519-5701-2031,0,0,0,0,0,0,1,0,0
42QH8LGVM_4165-3055-4677-3567,0,0,0,0,0,0,1,0,0
42QH8LGVM_3018-4217-3530-4729,0,0,0,0,0,0,1,0,0
42QH8LGVM_4677-2543-5189-3055,0,0,0,0,0,0,1,0,0
42QH8LGVM_4677-3055-5189-3567,0,0,0,0,0,0,1,0,0
42QH8LGVM_3530-3705-4042-4217,0,0,0,0,0,0,1,0,0
42QH8LGVM_5701-1519-6213-2031,0,0,0,0,0,0,1,0,0
42QH8LGVM_5189-2031-5701-2543,0,0,0,0,0,0,1,0,0
42QH8LGVM_7054-720-7566-1232,0,0,0,0,0,0,1,0,0
42QH8LGVM_6458-756-6970-1268,0,0,0,0,0,0,1,0,0
42QH8LGVM_7062-1423-7574-1935,0,0,0,0,0,0,1,0,0
42QH8LGVM_7574-1423-8086-1935,0,0,0,0,0,0,1,0,0
42QH8LGVM_8598-1423-9110-1935,0,0,0,0,0,0,1,0,0
42QH8LGVM_8086-1423-8598-1935,0,0,0,0,0,0,1,0,0
42QH8LGVM_7574-1935-8086-2447,0,0,0,0,0,0,1,0,0
42QH8LGVM_8598-1935-9110-2447,0,0,0,0,0,0,1,0,0
42QH8LGVM_9110-1423-9622-1935,0,0,0,0,0,0,1,0,0
42QH8LGVM_8086-1935-8598-2447,0,0,0,0,0,0,1,0,0
42RM2GURY_5898-9250-6410-9762,0,1,0,0,0,0,0,0,0
42QH8LGVM_9110-1935-9622-2447,0,0,0,0,0,0,1,0,0
42RM2GURY_6354-8781-6866-9293,0,1,0,0,0,0,0,0,0
42RM2GURY_6382-9396-6894-9908,0,1,0,0,0,0,0,0,0
46FG2N7QJ_1137-1400-1649-1912,0,1,0,0,0,0,0,0,0
46FG2N7QJ_1137-1912-1649-2424,0,1,0,0,0,0,0,0,0
46FG2N7QJ_1137-888-1649-1400,0,1,0,0,0,0,0,0,0
46FG2N7QJ_1211-7629-1723-8141,0,1,0,0,0,0,0,0,0
46FG2N7QJ_1211-8141-1723-8653,0,1,0,0,0,0,0,0,0
46FG2N7QJ_1241-6246-1753-6758,0,1,0,0,0,0,0,0,0
46FG2N7QJ_1241-6758-1753-7270,0,1,0,0,0,0,0,0,0
46FG2N7QJ_1241-7270-1753-7782,0,1,0,0,0,0,0,0,0
46FG2N7QJ_1497-8358-2009-8870,0,1,0,0,0,0,0,0,0
46FG2N7QJ_1649-888-2161-1400,0,1,0,0,0,0,0,0,0
46FG2N7QJ_1649-1912-2161-2424,0,1,0,0,0,0,0,0,0
46FG2N7QJ_1753-6246-2265-6758,0,1,0,0,0,0,0,0,0
46FG2N7QJ_1488-3255-2000-3767,0,1,0,0,0,0,0,0,0
46FG2N7QJ_1488-4279-2000-4791,0,1,0,0,0,0,0,0,0
46FG2N7QJ_1753-6758-2265-7270,0,1,0,0,0,0,0,0,0
46FG2N7QJ_1753-7270-2265-7782,0,1,0,0,0,0,0,0,0
46FG2N7QJ_1753-7782-2265-8294,0,1,0,0,0,0,0,0,0
46FG2N7QJ_1817-8388-2329-8900,0,1,0,0,0,0,0,0,0
46FG2N7QJ_1833-5463-2345-5975,0,1,0,0,0,0,0,0,0
46FG2N7QJ_1833-4951-2345-5463,0,1,0,0,0,0,0,0,0
46FG2N7QJ_1862-3865-2374-4377,0,1,0,0,0,0,0,0,0
46FG2N7QJ_1833-5975-2345-6487,0,1,0,0,0,0,0,0,0
46FG2N7QJ_2000-3255-2512-3767,0,1,0,0,0,0,0,0,0
46FG2N7QJ_1946-572-2458-1084,0,1,0,0,0,0,0,0,0
46FG2N7QJ_2458-572-2970-1084,0,1,0,0,0,0,0,0,0
46FG2N7QJ_2161-1912-2673-2424,0,1,0,0,0,0,0,0,0
46FG2N7QJ_2673-1400-3185-1912,0,1,0,0,0,0,0,0,0
46FG2N7QJ_2673-888-3185-1400,0,1,0,0,0,0,0,0,0
46FG2N7QJ_2000-4279-2512-4791,0,1,0,0,0,0,0,0,0
46FG2N7QJ_2970-572-3482-1084,0,1,0,0,0,0,0,0,0
46FG2N7QJ_2161-888-2673-1400,0,1,0,0,0,0,0,0,0
46FG2N7QJ_3018-3403-3530-3915,0,1,0,0,0,0,0,0,0
46FG2N7QJ_2882-7140-3394-7652,0,1,0,0,0,0,0,0,0
46FG2N7QJ_3018-3915-3530-4427,0,1,0,0,0,0,0,0,0
46FG2N7QJ_3310-3196-3822-3708,0,1,0,0,0,0,0,0,0
46FG2N7QJ_3519-3420-4031-3932,0,1,0,0,0,0,0,0,0
46FG2N7QJ_3530-3836-4042-4348,0,1,0,0,0,0,0,0,0
46FG2N7QJ_3619-5282-4131-5794,0,1,0,0,0,0,0,0,0
46FG2N7QJ_3654-634-4166-1146,0,1,0,0,0,0,0,0,0
46FG2N7QJ_3619-5794-4131-6306,0,1,0,0,0,0,0,0,0
46FG2N7QJ_3782-3901-4294-4413,0,1,0,0,0,0,0,0,0
46FG2N7QJ_3782-3389-4294-3901,0,1,0,0,0,0,0,0,0
46FG2N7QJ_706-8312-1218-8824,0,1,0,0,0,0,0,0,0
46FG2N7QJ_706-7800-1218-8312,0,1,0,0,0,0,0,0,0
46FG2N7QJ_4678-634-5190-1146,0,1,0,0,0,0,0,0,0
46FG2N7QJ_4258-8293-4770-8805,0,1,0,0,0,0,0,0,0
46FG2N7QJ_4166-634-4678-1146,0,1,0,0,0,0,0,0,0
46FG2N7QJ_724-5433-1236-5945,0,1,0,0,0,0,0,0,0
46FG2N7QJ_724-5945-1236-6457,0,1,0,0,0,0,0,0,0
46FG2N7QJ_829-1707-1341-2219,0,1,0,0,0,0,0,0,0
46FG2N7QJ_829-1195-1341-1707,0,1,0,0,0,0,0,0,0
46FG2N7QJ_900-6297-1412-6809,0,1,0,0,0,0,0,0,0
46FG2N7QJ_829-683-1341-1195,0,1,0,0,0,0,0,0,0
46FG2N7QJ_900-6809-1412-7321,0,1,0,0,0,0,0,0,0
46FG2N7QJ_900-7321-1412-7833,0,1,0,0,0,0,0,0,0
46FG2N7QJ_955-461-1467-973,0,1,0,0,0,0,0,0,0
46FG2N7QJ_976-3255-1488-3767,0,1,0,0,0,0,0,0,0
46FG2N7QJ_976-3767-1488-4279,0,1,0,0,0,0,0,0,0
46FG2N7QJ_976-4279-1488-4791,0,1,0,0,0,0,0,0,0
46FG2N7QJ_985-8358-1497-8870,0,1,0,0,0,0,0,0,0
4728IL2I8_317-2095-829-2607,1,0,0,0,0,0,0,0,0
4728IL2I8_541-448-1053-960,1,0,0,0,0,0,0,0,0
4728IL2I8_451-1318-963-1830,1,0,0,0,0,0,0,0,0
4728IL2I8_317-559-829-1071,1,0,0,0,0,0,0,0,0
4728IL2I8_317-1071-829-1583,1,0,0,0,0,0,0,0,0
4728IL2I8_317-1583-829-2095,1,0,0,0,0,0,0,0,0
4728IL2I8_575-2366-1087-2878,1,0,0,0,0,0,0,0,0
4728IL2I8_1210-1488-1722-2000,1,0,0,0,0,0,0,0,0
4728IL2I8_1053-448-1565-960,1,0,0,0,0,0,0,0,0
47DMG8LFL_1298-839-1810-1351,0,0,1,0,0,0,0,0,0
47DMG8LFL_1558-1145-2070-1657,0,0,1,0,0,0,0,0,0
4728IL2I8_698-1488-1210-2000,1,0,0,0,0,0,0,0,0
47DMG8LFL_368-1681-880-2193,0,0,1,0,0,0,0,0,0
47DMG8LFL_368-1169-880-1681,0,0,1,0,0,0,0,0,0
47DMG8LFL_368-2193-880-2705,0,0,1,0,0,0,0,0,0
47DMG8LFL_368-2705-880-3217,0,0,1,0,0,0,0,0,0
47DMG8LFL_375-562-887-1074,0,0,1,0,0,0,0,0,0
47DMG8LFL_368-3217-880-3729,0,0,1,0,0,0,0,0,0
47DMG8LFL_887-562-1399-1074,0,0,1,0,0,0,0,0,0
47Z9F86CT_2152-1329-2664-1841,1,0,0,0,0,0,0,0,0
47Z9F86CT_2830-2688-3342-3200,1,0,0,0,0,0,0,0,0
47Z9F86CT_2915-422-3427-934,1,0,0,0,0,0,0,0,0
47DMG8LFL_663-984-1175-1496,0,0,1,0,0,0,0,0,0
47Z9F86CT_1465-2222-1977-2734,1,0,0,0,0,0,0,0,0
47Z9F86CT_2664-817-3176-1329,1,0,0,0,0,0,0,0,0
47Z9F86CT_3245-1373-3757-1885,1,0,0,0,0,0,0,0,0
47Z9F86CT_2152-817-2664-1329,1,0,0,0,0,0,0,0,0
47Z9F86CT_3342-2688-3854-3200,1,0,0,0,0,0,0,0,0
47Z9F86CT_3276-1866-3788-2378,1,0,0,0,0,0,0,0,0
47Z9F86CT_3602-1634-4114-2146,1,0,0,0,0,0,0,0,0
47Z9F86CT_3261-966-3773-1478,1,0,0,0,0,0,0,0,0
47Z9F86CT_3276-2378-3788-2890,1,0,0,0,0,0,0,0,0
47Z9F86CT_3757-1373-4269-1885,1,0,0,0,0,0,0,0,0
47Z9F86CT_3788-1866-4300-2378,1,0,0,0,0,0,0,0,0
47Z9F86CT_3854-2688-4366-3200,1,0,0,0,0,0,0,0,0
47Z9F86CT_3788-2378-4300-2890,1,0,0,0,0,0,0,0,0
47Z9F86CT_4407-1826-4919-2338,1,0,0,0,0,0,0,0,0
47Z9F86CT_4491-1420-5003-1932,1,0,0,0,0,0,0,0,0
48IRURUEI_1483-2044-1995-2556,0,1,0,0,0,0,0,0,0
48IRURUEI_1635-378-2147-890,0,1,0,0,0,0,0,0,0
48IRURUEI_1483-1532-1995-2044,0,1,0,0,0,0,0,0,0
48IRURUEI_1483-2556-1995-3068,0,1,0,0,0,0,0,0,0
48IRURUEI_1410-1193-1922-1705,0,1,0,0,0,0,0,0,0
48IRURUEI_1995-1532-2507-2044,0,1,0,0,0,0,0,0,0
48IRURUEI_1635-890-2147-1402,0,1,0,0,0,0,0,0,0
48IRURUEI_1995-2044-2507-2556,0,1,0,0,0,0,0,0,0
48IRURUEI_2147-890-2659-1402,0,1,0,0,0,0,0,0,0
48IRURUEI_2147-378-2659-890,0,1,0,0,0,0,0,0,0
48IRURUEI_1995-3068-2507-3580,0,1,0,0,0,0,0,0,0
48IRURUEI_2507-1532-3019-2044,0,1,0,0,0,0,0,0,0
48IRURUEI_2507-2556-3019-3068,0,1,0,0,0,0,0,0,0
48IRURUEI_2507-2044-3019-2556,0,1,0,0,0,0,0,0,0
48IRURUEI_2659-378-3171-890,0,1,0,0,0,0,0,0,0
48IRURUEI_2507-3068-3019-3580,0,1,0,0,0,0,0,0,0
48IRURUEI_3181-2303-3693-2815,0,1,0,0,0,0,0,0,0
48IRURUEI_3019-3068-3531-3580,0,1,0,0,0,0,0,0,0
48IRURUEI_3181-2815-3693-3327,0,1,0,0,0,0,0,0,0
48IRURUEI_3019-2556-3531-3068,0,1,0,0,0,0,0,0,0
48IRURUEI_3531-2044-4043-2556,0,1,0,0,0,0,0,0,0
48IRURUEI_3019-2044-3531-2556,0,1,0,0,0,0,0,0,0
48IRURUEI_2659-890-3171-1402,0,1,0,0,0,0,0,0,0
48IRURUEI_3531-3068-4043-3580,0,1,0,0,0,0,0,0,0
48IRURUEI_3531-2556-4043-3068,0,1,0,0,0,0,0,0,0
48IRURUEI_3693-2815-4205-3327,0,1,0,0,0,0,0,0,0
48IRURUEI_3693-2303-4205-2815,0,1,0,0,0,0,0,0,0
48IRURUEI_386-1193-898-1705,0,1,0,0,0,0,0,0,0
48IRURUEI_4042-1891-4554-2403,0,1,0,0,0,0,0,0,0
48IRURUEI_4074-644-4586-1156,0,1,0,0,0,0,0,0,0
48IRURUEI_4205-2303-4717-2815,0,1,0,0,0,0,0,0,0
48IRURUEI_4205-2815-4717-3327,0,1,0,0,0,0,0,0,0
48IRURUEI_4525-2656-5037-3168,0,1,0,0,0,0,0,0,0
48IRURUEI_5066-1379-5578-1891,0,1,0,0,0,0,0,0,0
48IRURUEI_4586-1156-5098-1668,0,1,0,0,0,0,0,0,0
48IRURUEI_5028-2289-5540-2801,0,1,0,0,0,0,0,0,0
48IRURUEI_5066-1891-5578-2403,0,1,0,0,0,0,0,0,0
48IRURUEI_5037-2656-5549-3168,0,1,0,0,0,0,0,0,0
48IRURUEI_4554-1891-5066-2403,0,1,0,0,0,0,0,0,0
48IRURUEI_5098-644-5610-1156,0,1,0,0,0,0,0,0,0
48IRURUEI_5549-2656-6061-3168,0,1,0,0,0,0,0,0,0
48IRURUEI_5243-2987-5755-3499,0,1,0,0,0,0,0,0,0
48IRURUEI_6061-2656-6573-3168,0,1,0,0,0,0,0,0,0
48IRURUEI_6537-359-7049-871,0,1,0,0,0,0,0,0,0
48IRURUEI_6537-871-7049-1383,0,1,0,0,0,0,0,0,0
48IRURUEI_7049-359-7561-871,0,1,0,0,0,0,0,0,0
48IRURUEI_675-2356-1187-2868,0,1,0,0,0,0,0,0,0
48IRURUEI_7049-871-7561-1383,0,1,0,0,0,0,0,0,0
48IRURUEI_898-1193-1410-1705,0,1,0,0,0,0,0,0,0
48MEIM1PT_1014-758-1526-1270,0,1,0,0,0,0,0,0,0
48MEIM1PT_1433-922-1945-1434,0,1,0,0,0,0,0,0,0
48MEIM1PT_1734-8433-2246-8945,0,1,0,0,0,0,0,0,1
48MEIM1PT_1106-8494-1618-9006,0,1,0,0,0,0,0,0,1
48MEIM1PT_1433-1434-1945-1946,0,1,0,0,0,0,0,0,0
48MEIM1PT_1433-1946-1945-2458,0,1,0,0,0,0,0,0,0
48MEIM1PT_1106-7982-1618-8494,0,1,0,0,0,0,0,0,0
48MEIM1PT_1157-7496-1669-8008,0,1,0,0,0,0,0,0,0
48MEIM1PT_1618-7982-2130-8494,0,1,0,0,0,0,0,0,0
48MEIM1PT_2038-1270-2550-1782,0,1,0,0,0,0,0,0,0
48MEIM1PT_2038-758-2550-1270,0,1,0,0,0,0,0,0,0
48MEIM1PT_2972-5748-3484-6260,0,0,0,0,0,0,0,0,1
48MEIM1PT_2550-758-3062-1270,0,1,0,0,0,0,0,0,0
48MEIM1PT_2246-8433-2758-8945,0,1,0,0,0,0,0,0,1
48MEIM1PT_3440-8338-3952-8850,0,0,0,0,0,0,0,0,1
48MEIM1PT_2710-8368-3222-8880,0,1,0,0,0,0,0,0,1
48MEIM1PT_3824-2169-4336-2681,0,1,0,0,0,0,0,0,0
48MEIM1PT_3824-1657-4336-2169,0,1,0,0,0,0,0,0,0
48MEIM1PT_3832-2752-4344-3264,0,1,0,0,0,0,0,0,0
48MEIM1PT_3921-5347-4433-5859,0,1,0,0,0,0,0,0,0
48MEIM1PT_3870-4544-4382-5056,0,1,0,0,0,0,0,0,0
48MEIM1PT_3870-3520-4382-4032,0,1,0,0,0,0,0,0,0
48MEIM1PT_3907-5004-4419-5516,0,1,0,0,0,0,0,0,0
48MEIM1PT_3972-6826-4484-7338,0,1,0,0,0,0,0,0,0
48MEIM1PT_3972-6314-4484-6826,0,1,0,0,0,0,0,0,0
48MEIM1PT_3870-4032-4382-4544,0,1,0,0,0,0,0,0,0
48MEIM1PT_4012-7935-4524-8447,0,1,0,0,0,0,0,0,0
48MEIM1PT_4012-7423-4524-7935,0,1,0,0,0,0,0,0,0
48MEIM1PT_4207-6142-4719-6654,0,1,0,0,0,0,0,0,0
48MEIM1PT_409-922-921-1434,0,1,0,0,0,0,0,0,0
48MEIM1PT_4164-8330-4676-8842,0,1,0,0,0,0,0,0,1
48MEIM1PT_409-2458-921-2970,0,1,0,0,0,0,0,0,0
48MEIM1PT_4211-4937-4723-5449,0,1,0,0,0,0,0,0,0
48MEIM1PT_4211-5449-4723-5961,0,1,0,0,0,0,0,0,0
48MEIM1PT_4252-7335-4764-7847,0,1,0,0,0,0,0,0,0
48MEIM1PT_443-3154-955-3666,0,1,0,0,0,0,0,0,0
48MEIM1PT_6057-709-6569-1221,0,1,0,0,0,0,0,0,0
48MEIM1PT_570-6292-1082-6804,0,1,0,0,0,0,0,0,0
48MEIM1PT_5426-5057-5938-5569,0,1,0,0,0,0,0,0,0
48MEIM1PT_570-7316-1082-7828,0,1,0,0,0,0,0,0,0
48MEIM1PT_5143-8314-5655-8826,0,0,0,0,0,0,0,0,1
48MEIM1PT_5286-1599-5798-2111,0,1,0,0,0,0,0,0,0
48MEIM1PT_570-6804-1082-7316,0,1,0,0,0,0,0,0,0
48MEIM1PT_6569-709-7081-1221,0,1,0,0,0,0,0,0,0
48MEIM1PT_6604-8297-7116-8809,0,0,0,0,0,0,0,0,1
48MEIM1PT_7081-1221-7593-1733,0,1,0,0,0,0,0,0,0
48MEIM1PT_7081-709-7593-1221,0,1,0,0,0,0,0,0,0
48MEIM1PT_7437-5216-7949-5728,0,1,0,0,0,0,0,0,0
48MEIM1PT_7437-5728-7949-6240,0,1,0,0,0,0,0,0,0
48MEIM1PT_7287-8277-7799-8789,0,0,0,0,0,0,0,0,1
48MEIM1PT_7437-6240-7949-6752,0,1,0,0,0,0,0,0,0
48MEIM1PT_7593-1221-8105-1733,0,1,0,0,0,0,0,0,0
48MEIM1PT_7593-709-8105-1221,0,1,0,0,0,0,0,0,0
48MEIM1PT_7593-1733-8105-2245,0,1,0,0,0,0,0,0,0
48MEIM1PT_7989-4474-8501-4986,0,1,0,0,0,0,0,0,0
48MEIM1PT_8001-2901-8513-3413,0,1,0,0,0,0,0,0,0
48MEIM1PT_769-8405-1281-8917,0,1,0,0,0,0,0,0,1
48MEIM1PT_7775-8256-8287-8768,0,0,0,0,0,0,0,0,1
48MEIM1PT_8001-2389-8513-2901,0,1,0,0,0,0,0,0,0
48MEIM1PT_921-1946-1433-2458,0,1,0,0,0,0,0,0,0
48MEIM1PT_921-1434-1433-1946,0,1,0,0,0,0,0,0,0
48MEIM1PT_790-7950-1302-8462,0,1,0,0,0,0,0,0,0
48MEIM1PT_921-2458-1433-2970,0,1,0,0,0,0,0,0,0
48QAVHCG1_3345-5396-3857-5908,0,0,0,0,0,0,0,0,1
48QAVHCG1_5945-7547-6457-8059,0,0,0,0,0,0,0,0,1
48QAVHCG1_5579-5601-6091-6113,0,0,0,0,0,0,0,0,1
48QAVHCG1_4637-7201-5149-7713,0,0,0,0,0,0,0,0,1
48QAVHCG1_5225-8166-5737-8678,0,0,0,0,0,0,0,0,1
48QAVHCG1_4430-789-4942-1301,0,0,0,0,0,0,0,0,1
48QAVHCG1_6264-7337-6776-7849,0,0,0,0,0,0,0,0,1
48XPA12P3_1239-1352-1751-1864,0,1,0,0,0,0,0,0,0
48QAVHCG1_8139-7183-8651-7695,0,0,0,0,0,0,0,0,1
48QAVHCG1_8236-3981-8748-4493,0,0,0,0,0,0,0,0,1
48QAVHCG1_7051-7855-7563-8367,0,0,0,0,0,0,0,0,1
48XPA12P3_1436-1627-1948-2139,0,1,0,0,0,0,0,0,0
48XPA12P3_1224-1880-1736-2392,0,1,0,0,0,0,0,0,0
48XPA12P3_1946-2221-2458-2733,0,1,0,0,0,0,0,0,0
48XPA12P3_1946-1709-2458-2221,0,1,0,0,0,0,0,0,0
48XPA12P3_1946-2733-2458-3245,0,1,0,0,0,0,0,0,0
48XPA12P3_2804-6085-3316-6597,0,1,0,0,0,0,0,0,0
48XPA12P3_3837-2900-4349-3412,0,1,0,0,0,0,0,0,0
48XPA12P3_2887-519-3399-1031,0,1,0,0,0,0,0,0,0
48XPA12P3_3837-2388-4349-2900,0,1,0,0,0,0,0,0,0
48XPA12P3_3325-3412-3837-3924,0,1,0,0,0,0,0,0,0
48XPA12P3_4349-2388-4861-2900,0,1,0,0,0,0,0,0,0
48XPA12P3_4349-1876-4861-2388,0,1,0,0,0,0,0,0,0
48XPA12P3_3325-2900-3837-3412,0,1,0,0,0,0,0,0,0
48XPA12P3_4349-2900-4861-3412,0,1,0,0,0,0,0,0,0
48XPA12P3_733-1960-1245-2472,0,1,0,0,0,0,0,0,0
48XPA12P3_5069-7159-5581-7671,0,1,0,0,0,0,0,0,0
48XPA12P3_985-2075-1497-2587,0,1,0,0,0,0,0,0,0
48XPA12P3_683-693-1195-1205,0,1,0,0,0,0,0,0,0
48XPA12P3_679-1552-1191-2064,0,1,0,0,0,0,0,0,0
48XPA12P3_947-1617-1459-2129,0,1,0,0,0,0,0,0,0
48XPA12P3_4861-1876-5373-2388,0,1,0,0,0,0,0,0,0
48XPA12P3_5373-1876-5885-2388,0,1,0,0,0,0,0,0,0
48XPA12P3_679-1040-1191-1552,0,1,0,0,0,0,0,0,0
48XPA12P3_4861-2388-5373-2900,0,1,0,0,0,0,0,0,0
49IV2TK79_2164-8606-2676-9118,0,0,0,0,0,1,0,0,0
49IV2TK79_3962-4333-4474-4845,0,0,0,0,0,1,0,0,0
49IV2TK79_4474-4333-4986-4845,0,0,0,0,0,1,0,0,0
49IV2TK79_1652-8606-2164-9118,0,0,0,0,0,1,0,0,0
49IV2TK79_1140-8606-1652-9118,0,0,0,0,0,1,0,0,0
49IV2TK79_4706-8639-5218-9151,0,0,0,0,0,1,0,0,0
49IV2TK79_5137-3331-5649-3843,0,0,0,0,0,1,0,0,0
49IV2TK79_5140-4113-5652-4625,0,0,0,0,0,1,0,0,0
49IV2TK79_5165-3730-5677-4242,0,0,0,0,0,1,0,0,0
49IV2TK79_5210-5272-5722-5784,0,0,0,0,0,1,0,0,0
49IV2TK79_5228-5698-5740-6210,0,0,0,0,0,1,0,0,0
49IV2TK79_5181-2552-5693-3064,0,0,0,0,1,1,0,0,0
49IV2TK79_5278-4351-5790-4863,0,0,0,0,0,1,0,0,0
49IV2TK79_5248-6852-5760-7364,0,0,0,0,1,1,0,0,0
49IV2TK79_5345-2102-5857-2614,0,0,0,0,1,1,0,0,0
49IV2TK79_5289-7675-5801-8187,0,0,0,0,1,1,0,0,0
49IV2TK79_5240-6491-5752-7003,0,0,0,0,0,1,0,0,0
49IV2TK79_5231-6118-5743-6630,0,0,0,0,0,1,0,0,0
49IV2TK79_5400-7274-5912-7786,0,0,0,0,1,1,0,0,0
49IV2TK79_5492-8487-6004-8999,0,0,0,0,1,1,0,0,0
49IV2TK79_5492-7975-6004-8487,0,0,0,0,1,1,0,0,0
49IV2TK79_5516-1452-6028-1964,0,0,0,0,1,1,0,0,0
49IV2TK79_5390-2886-5902-3398,0,0,0,0,1,1,0,0,0
49IV2TK79_5516-940-6028-1452,0,0,0,0,1,1,0,0,0
49IV2TK79_628-8606-1140-9118,0,0,0,0,0,1,0,0,0
49XBK6CCL_2057-5067-2569-5579,1,0,0,0,0,0,0,0,0
49XBK6CCL_1619-3610-2131-4122,1,0,0,0,0,0,0,0,0
49XBK6CCL_1892-3074-2404-3586,1,0,0,0,0,0,0,0,0
49XBK6CCL_1235-4287-1747-4799,1,0,0,0,0,0,0,0,0
49XBK6CCL_2404-3074-2916-3586,1,0,0,0,0,0,0,0,0
4A6FZRFNI_1156-1672-1668-2184,0,0,1,0,0,0,0,0,0
4A6FZRFNI_1047-3212-1559-3724,0,0,1,0,0,0,0,0,0
4A6FZRFNI_1313-3039-1825-3551,0,0,1,0,0,0,0,0,0
4A6FZRFNI_1092-2027-1604-2539,0,0,1,0,0,0,0,0,0
4A6FZRFNI_1281-3839-1793-4351,0,0,1,0,1,1,0,0,0
4A6FZRFNI_1335-2287-1847-2799,0,0,1,0,0,0,0,0,0
4A6FZRFNI_1533-827-2045-1339,0,0,1,0,0,1,0,0,0
4A6FZRFNI_1642-2179-2154-2691,0,0,1,0,0,0,0,0,0
4A6FZRFNI_1667-1639-2179-2151,0,0,1,0,0,0,0,0,0
4A6FZRFNI_1832-1258-2344-1770,0,0,1,0,0,0,0,0,0
4A6FZRFNI_1607-3780-2119-4292,0,0,1,0,1,1,0,0,0
4A6FZRFNI_1569-1197-2081-1709,0,0,1,0,0,0,0,0,0
4A6FZRFNI_1407-614-1919-1126,0,0,1,0,0,1,0,0,0
4A6FZRFNI_2203-2280-2715-2792,0,0,1,0,0,1,0,0,0
4A6FZRFNI_1865-790-2377-1302,0,0,1,0,0,1,0,0,0
4A6FZRFNI_2203-2792-2715-3304,0,0,1,0,0,1,0,0,0
4A6FZRFNI_2203-1768-2715-2280,0,0,1,0,0,1,0,0,0
4A6FZRFNI_2008-1936-2520-2448,0,0,1,0,0,1,0,0,0
4A6FZRFNI_2203-3304-2715-3816,0,0,1,0,0,1,0,0,0
4A6FZRFNI_1844-3682-2356-4194,0,0,1,0,1,1,0,0,0
4A6FZRFNI_2120-586-2632-1098,0,0,1,0,0,1,0,0,1
4A6FZRFNI_2356-3682-2868-4194,0,0,1,0,1,1,0,0,0
4A6FZRFNI_2366-1286-2878-1798,0,0,1,0,0,0,0,0,0
4A6FZRFNI_2366-774-2878-1286,0,0,1,0,0,1,0,0,1
4A6FZRFNI_2823-638-3335-1150,0,0,1,0,0,1,0,0,0
4A6FZRFNI_2486-3063-2998-3575,0,0,1,0,0,0,0,0,0
4A6FZRFNI_3028-789-3540-1301,0,0,1,0,0,1,0,0,0
4A6FZRFNI_2632-3814-3144-4326,0,0,1,0,1,1,0,0,0
4A6FZRFNI_3080-2917-3592-3429,0,0,1,0,0,1,0,0,0
4A6FZRFNI_2635-844-3147-1356,0,0,1,0,0,1,0,0,1
4A6FZRFNI_3080-3429-3592-3941,0,0,1,0,1,1,0,0,0
4A6FZRFNI_3368-3794-3880-4306,0,0,1,0,1,1,0,0,0
4A6FZRFNI_3603-773-4115-1285,0,0,1,0,0,1,0,0,0
4A6FZRFNI_4027-1793-4539-2305,0,0,1,0,0,0,0,0,0
4A6FZRFNI_4859-3934-5371-4446,0,0,1,0,0,0,0,0,0
4A6FZRFNI_474-3992-986-4504,0,0,1,0,1,1,0,0,0
4A6FZRFNI_4100-654-4612-1166,0,0,1,0,0,1,0,0,1
4A6FZRFNI_4497-3633-5009-4145,0,0,1,0,0,1,0,0,0
4A6FZRFNI_3918-3639-4430-4151,0,0,1,0,0,1,0,0,0
4A6FZRFNI_4870-1971-5382-2483,0,0,1,0,0,0,0,0,0
4A6FZRFNI_5159-926-5671-1438,0,0,1,0,0,0,0,0,0
4A6FZRFNI_5027-513-5539-1025,0,0,1,0,0,0,0,0,1
4A6FZRFNI_628-2913-1140-3425,0,0,1,0,0,0,0,0,0
4A6FZRFNI_5171-2455-5683-2967,0,0,1,0,0,0,0,0,0
4A6FZRFNI_5173-3044-5685-3556,0,0,1,0,0,0,0,0,0
4A6FZRFNI_5175-1971-5687-2483,0,0,1,0,0,0,0,0,0
4A6FZRFNI_5169-1691-5681-2203,0,0,1,0,0,0,0,0,0
4A6FZRFNI_676-3583-1188-4095,0,0,1,0,1,1,0,0,0
4A6FZRFNI_701-480-1213-992,0,0,1,0,0,0,0,0,0
4AXQ9D29C_6909-1836-7421-2348,0,0,0,0,0,0,1,0,0
4A6FZRFNI_768-1958-1280-2470,0,0,1,0,0,0,0,0,0
4A6FZRFNI_769-3839-1281-4351,0,0,1,0,1,1,0,0,0
4AZJLIGYZ_1188-3168-1700-3680,0,0,1,0,0,0,0,0,0
4A6FZRFNI_799-2430-1311-2942,0,0,1,0,0,0,0,0,0
4A6FZRFNI_732-1566-1244-2078,0,0,1,0,0,0,0,0,0
4AZJLIGYZ_1051-6508-1563-7020,0,0,1,0,0,0,0,0,0
4A6FZRFNI_968-3639-1480-4151,0,0,1,0,1,1,0,0,0
4AZJLIGYZ_1592-856-2104-1368,0,0,1,0,0,0,0,0,0
4AZJLIGYZ_1395-5552-1907-6064,0,0,1,0,0,0,0,0,0
4AZJLIGYZ_1608-5396-2120-5908,0,0,1,0,0,0,0,0,0
4AZJLIGYZ_1852-6973-2364-7485,0,0,1,0,0,0,0,0,0
4AZJLIGYZ_1904-4875-2416-5387,0,0,1,0,0,0,0,0,0
4AZJLIGYZ_1852-6461-2364-6973,0,0,1,0,0,0,0,0,0
4AZJLIGYZ_1776-1959-2288-2471,0,0,1,0,0,0,0,0,0
4AZJLIGYZ_1847-594-2359-1106,0,0,1,0,0,0,0,0,0
4AZJLIGYZ_1962-2331-2474-2843,0,0,1,0,0,0,0,0,0
4AZJLIGYZ_2219-900-2731-1412,0,0,1,0,0,0,0,0,0
4AZJLIGYZ_2254-2361-2766-2873,0,0,1,0,0,0,0,0,0
4AZJLIGYZ_2220-6172-2732-6684,0,0,1,0,0,0,0,0,0
4AZJLIGYZ_2102-4479-2614-4991,0,0,1,0,0,0,0,0,0
4AZJLIGYZ_2348-6425-2860-6937,0,0,1,0,0,0,0,0,0
4AZJLIGYZ_2358-5951-2870-6463,0,0,1,0,0,0,0,0,0
4AZJLIGYZ_2275-1875-2787-2387,0,0,1,0,0,0,0,0,0
4AZJLIGYZ_2220-6684-2732-7196,0,0,1,0,0,0,0,0,0
4AZJLIGYZ_2365-4675-2877-5187,0,0,1,0,0,0,0,0,0
4AZJLIGYZ_2500-3789-3012-4301,0,0,1,0,0,0,0,0,0
4AZJLIGYZ_2474-4169-2986-4681,0,0,1,0,0,0,0,0,0
4AZJLIGYZ_2474-5193-2986-5705,0,0,1,0,0,0,0,0,0
4AZJLIGYZ_3093-4409-3605-4921,0,0,1,0,0,0,0,0,0
4AZJLIGYZ_3191-4103-3703-4615,0,0,1,0,0,0,0,0,0
4AZJLIGYZ_2555-5709-3067-6221,0,0,1,0,0,0,0,0,0
4AZJLIGYZ_2847-3911-3359-4423,0,0,1,0,0,0,0,0,0
4AZJLIGYZ_3292-6278-3804-6790,0,0,1,0,0,0,0,0,0
4AZJLIGYZ_3346-4343-3858-4855,0,0,1,0,0,0,0,0,0
4AZJLIGYZ_3528-6947-4040-7459,0,0,1,0,0,0,0,0,0
4AZJLIGYZ_3563-5124-4075-5636,0,0,1,0,0,0,0,0,0
4AZJLIGYZ_3834-6920-4346-7432,0,0,1,0,0,0,0,0,0
4AZJLIGYZ_3927-4871-4439-5383,0,0,1,0,0,0,0,0,0
4AZJLIGYZ_4372-5641-4884-6153,0,0,1,0,0,0,0,0,0
4AZJLIGYZ_4396-4074-4908-4586,0,0,1,0,0,0,0,0,0
4AZJLIGYZ_3429-7504-3941-8016,0,0,1,0,0,0,0,0,0
4AZJLIGYZ_4151-4140-4663-4652,0,0,1,0,0,0,0,0,0
4AZJLIGYZ_4488-6110-5000-6622,0,0,1,0,0,0,0,0,0
4AZJLIGYZ_4488-6622-5000-7134,0,0,1,0,0,0,0,0,0
4AZJLIGYZ_4559-5804-5071-6316,0,0,1,0,0,0,0,0,0
4AZJLIGYZ_4696-2350-5208-2862,0,0,1,0,0,0,0,0,0
4AZJLIGYZ_4590-7175-5102-7687,0,0,1,0,0,0,0,0,0
4AZJLIGYZ_4696-2862-5208-3374,0,0,1,0,0,0,0,0,0
4AZJLIGYZ_4732-6557-5244-7069,0,0,1,0,0,0,0,0,0
4AZJLIGYZ_4696-3374-5208-3886,0,0,1,0,0,0,0,0,0
4AZJLIGYZ_4790-3857-5302-4369,0,0,1,0,0,0,0,0,0
4AZJLIGYZ_4811-2560-5323-3072,0,0,1,0,0,0,0,0,0
4AZJLIGYZ_5328-7027-5840-7539,0,0,1,0,0,0,0,0,0
4AZJLIGYZ_5102-5639-5614-6151,0,0,1,0,0,0,0,0,0
4AZJLIGYZ_5102-6663-5614-7175,0,0,1,0,0,0,0,0,0
4AZJLIGYZ_4922-5807-5434-6319,0,0,1,0,0,0,0,0,0
4AZJLIGYZ_5328-6515-5840-7027,0,0,1,0,0,0,0,0,0
4AZJLIGYZ_5102-7175-5614-7687,0,0,1,0,0,0,0,0,0
4AZJLIGYZ_5102-6151-5614-6663,0,0,1,0,0,0,0,0,0
4AZJLIGYZ_4901-3531-5413-4043,0,0,1,0,0,0,0,0,0
4AZJLIGYZ_5674-2348-6186-2860,0,0,1,0,0,0,0,0,0
4AZJLIGYZ_5343-2323-5855-2835,0,0,1,0,0,0,0,0,0
4AZJLIGYZ_5488-5809-6000-6321,0,0,1,0,0,0,0,0,0
4AZJLIGYZ_5808-3148-6320-3660,0,0,1,0,0,0,0,0,0
4AZJLIGYZ_5840-6003-6352-6515,0,0,1,0,0,0,0,0,0
4AZJLIGYZ_5786-5598-6298-6110,0,0,1,0,0,0,0,0,0
4AZJLIGYZ_5840-6515-6352-7027,0,0,1,0,0,0,0,0,0
4AZJLIGYZ_5840-7027-6352-7539,0,0,1,0,0,0,0,0,0
4AZJLIGYZ_5854-2115-6366-2627,0,0,1,0,0,0,0,0,0
4AZJLIGYZ_5915-4291-6427-4803,0,0,1,0,0,0,0,0,0
4AZJLIGYZ_6332-5663-6844-6175,0,0,1,0,0,0,0,0,0
4AZJLIGYZ_5915-4803-6427-5315,0,0,1,0,0,0,0,0,0
4AZJLIGYZ_6243-6968-6755-7480,0,0,1,0,0,0,0,0,0
4AZJLIGYZ_5854-2627-6366-3139,0,0,1,0,0,0,0,0,0
4AZJLIGYZ_6352-6003-6864-6515,0,0,1,0,0,0,0,0,0
4AZJLIGYZ_6068-5164-6580-5676,0,0,1,0,0,0,0,0,0
4AZJLIGYZ_6158-3330-6670-3842,0,0,1,0,0,0,0,0,0
4AZJLIGYZ_6352-6515-6864-7027,0,0,1,0,0,0,0,0,0
4AZJLIGYZ_6548-4538-7060-5050,0,0,1,0,0,0,0,0,0
4AZJLIGYZ_6427-4803-6939-5315,0,0,1,0,0,0,0,0,0
4AZJLIGYZ_6366-2115-6878-2627,0,0,1,0,0,0,0,0,0
4AZJLIGYZ_6366-2627-6878-3139,0,0,1,0,0,0,0,0,0
4AZJLIGYZ_6548-4026-7060-4538,0,0,1,0,0,0,0,0,0
4AZJLIGYZ_6427-4291-6939-4803,0,0,1,0,0,0,0,0,0
4AZJLIGYZ_6570-5396-7082-5908,0,0,1,0,0,0,0,0,0
4AZJLIGYZ_6701-2044-7213-2556,0,0,1,0,0,0,0,0,0
4AZJLIGYZ_7035-4586-7547-5098,0,0,1,0,0,0,0,0,0
4AZJLIGYZ_6794-4961-7306-5473,0,0,1,0,0,0,0,0,0
4AZJLIGYZ_6878-2627-7390-3139,0,0,1,0,0,0,0,0,0
4AZJLIGYZ_7090-4152-7602-4664,0,0,1,0,0,0,0,0,0
4AZJLIGYZ_6794-4449-7306-4961,0,0,1,0,0,0,0,0,0
4AZJLIGYZ_7327-3002-7839-3514,0,0,1,0,0,0,0,0,0
4AZJLIGYZ_7138-2340-7650-2852,0,0,1,0,0,0,0,0,0
4AZJLIGYZ_7279-4469-7791-4981,0,0,1,0,0,0,0,0,0
4AZJLIGYZ_7165-5873-7677-6385,0,0,1,0,0,0,0,0,0
4AZJLIGYZ_7390-2116-7902-2628,0,0,1,0,0,0,0,0,0
4AZJLIGYZ_7488-6013-8000-6525,0,0,1,0,0,0,0,0,0
4AZJLIGYZ_7390-2628-7902-3140,0,0,1,0,0,0,0,0,0
4AZJLIGYZ_761-3076-1273-3588,0,0,1,0,0,0,0,0,0
4AZJLIGYZ_7731-3019-8243-3531,0,0,0,1,0,0,0,0,0
4AZJLIGYZ_7768-6319-8280-6831,0,0,1,0,0,0,0,0,0
4AZJLIGYZ_7757-3415-8269-3927,0,0,1,1,0,0,0,0,0
4AZJLIGYZ_7801-4459-8313-4971,0,0,1,0,0,0,0,0,0
4AZJLIGYZ_779-2669-1291-3181,0,0,1,0,0,0,0,0,0
4AZJLIGYZ_8241-6589-8753-7101,0,0,1,0,0,0,0,0,0
4AZJLIGYZ_7909-6598-8421-7110,0,0,1,0,0,0,0,0,0
4AZJLIGYZ_8212-2354-8724-2866,0,0,1,1,0,0,0,0,0
4AZJLIGYZ_8443-3382-8955-3894,0,0,1,1,0,0,0,0,0
4AZJLIGYZ_793-1203-1305-1715,0,0,1,0,0,0,0,0,0
4AZJLIGYZ_7993-2630-8505-3142,0,0,1,1,0,0,0,0,0
4AZJLIGYZ_829-5693-1341-6205,0,0,1,0,0,0,0,0,0
4AZJLIGYZ_8243-3019-8755-3531,0,0,0,1,0,0,0,0,0
4AZJLIGYZ_8347-2626-8859-3138,0,0,1,1,0,0,0,0,0
4AZJLIGYZ_8515-5849-9027-6361,0,0,1,0,0,0,0,0,0
4AZJLIGYZ_868-5290-1380-5802,0,0,1,0,0,0,0,0,0
4AZJLIGYZ_866-4840-1378-5352,0,0,1,0,0,0,0,0,0
4AZJLIGYZ_8640-2448-9152-2960,0,0,1,1,0,0,0,0,0
4AZJLIGYZ_937-531-1449-1043,0,0,1,0,0,0,0,0,0
4AZJLIGYZ_904-4306-1416-4818,0,0,1,0,0,0,0,0,0
4AZJLIGYZ_943-1586-1455-2098,0,0,1,0,0,0,0,0,0
4AZJLIGYZ_992-2520-1504-3032,0,0,1,0,0,0,0,0,0
4BKQ8ZDUX_2128-7739-2640-8251,0,1,0,0,0,0,0,0,0
4BKQ8ZDUX_821-1043-1333-1555,0,1,0,0,0,0,0,0,0
4BKQ8ZDUX_2128-8251-2640-8763,0,1,0,0,0,0,0,0,0
4BKQ8ZDUX_2297-900-2809-1412,0,1,0,0,0,0,0,0,0
4BKQ8ZDUX_2340-4984-2852-5496,0,1,0,0,0,0,0,0,0
4BKQ8ZDUX_2177-4721-2689-5233,0,1,0,0,0,0,0,0,0
4BKQ8ZDUX_4006-8016-4518-8528,0,1,0,0,0,0,0,0,0
4BKQ8ZDUX_2177-4209-2689-4721,0,1,0,0,0,0,0,0,0
4BKQ8ZDUX_2177-3697-2689-4209,0,1,0,0,0,0,0,0,0
4BKQ8ZDUX_4320-8292-4832-8804,0,1,0,0,0,0,0,0,0
4C8P2DRQ4_2971-467-3483-979,1,0,0,0,0,0,0,0,0
4C8P2DRQ4_3110-2306-3622-2818,1,0,0,0,0,0,0,0,0
4C8P2DRQ4_3110-2818-3622-3330,1,0,0,0,0,0,0,0,0
4C8P2DRQ4_3457-3537-3969-4049,1,0,0,0,0,0,0,0,0
4C8P2DRQ4_3137-840-3649-1352,1,0,0,0,0,0,0,0,0
4C8P2DRQ4_3651-3362-4163-3874,1,0,0,0,0,0,0,0,0
4C8P2DRQ4_4325-4316-4837-4828,1,0,0,0,0,0,0,0,0
4C8P2DRQ4_4896-2648-5408-3160,1,0,0,0,0,0,0,0,0
4C8P2DRQ4_4389-428-4901-940,1,0,0,0,0,0,0,0,0
4D49DHNVF_10653-5932-11165-6444,0,1,0,0,0,0,0,0,0
4DEDZHNW1_1853-1551-2365-2063,1,0,0,0,0,0,0,0,0
4D49DHNVF_11165-5932-11677-6444,0,1,0,0,0,0,0,0,0
4DEDZHNW1_2487-1501-2999-2013,1,0,0,0,0,0,0,0,0
4C8P2DRQ4_4916-2950-5428-3462,1,0,0,0,0,0,0,0,0
4D49DHNVF_10653-5420-11165-5932,0,1,0,0,0,0,0,0,0
4DL4XIRRH_1101-4097-1613-4609,0,0,0,0,0,0,0,0,1
4DEDZHNW1_310-2202-822-2714,1,0,0,0,0,0,0,0,0
4DL4XIRRH_1052-1651-1564-2163,0,1,0,0,0,0,0,0,0
4DL4XIRRH_1563-1623-2075-2135,0,1,0,0,0,0,0,0,0
4DL4XIRRH_2197-1395-2709-1907,0,1,0,0,0,0,0,0,0
4DL4XIRRH_1613-4097-2125-4609,0,0,0,0,0,0,0,0,1
4DL4XIRRH_2125-4097-2637-4609,0,0,0,0,0,0,0,0,1
4DL4XIRRH_2560-718-3072-1230,0,1,0,0,0,0,0,0,0
4DL4XIRRH_2608-1391-3120-1903,0,1,0,0,0,0,0,0,0
4DL4XIRRH_2943-4131-3455-4643,0,1,0,0,0,0,0,0,1
4DL4XIRRH_3243-1365-3755-1877,0,1,0,0,0,0,0,0,0
4DL4XIRRH_3072-718-3584-1230,0,1,0,0,0,0,0,0,0
4DL4XIRRH_3333-3488-3845-4000,0,1,0,0,0,0,0,0,0
4DL4XIRRH_3391-1089-3903-1601,0,1,0,0,0,0,0,0,0
4DL4XIRRH_3967-4131-4479-4643,0,0,0,0,0,0,0,0,1
4DL4XIRRH_3536-3279-4048-3791,0,1,0,0,0,0,0,0,0
4DL4XIRRH_3641-1965-4153-2477,0,0,0,0,0,0,0,0,1
4DL4XIRRH_639-4337-1151-4849,0,1,0,0,0,0,0,0,1
4DL4XIRRH_3755-1365-4267-1877,0,1,0,0,0,0,0,0,0
4DL4XIRRH_3455-4131-3967-4643,0,0,0,0,0,0,0,0,1
4DN2LUFP6_1749-1013-2261-1525,0,1,0,0,0,0,0,0,0
4DN2LUFP6_1749-501-2261-1013,0,1,0,0,0,0,0,0,0
4DN2LUFP6_2261-501-2773-1013,0,1,0,0,0,0,0,0,0
4DN2LUFP6_1749-1525-2261-2037,0,1,0,0,0,0,0,0,0
4DN2LUFP6_2261-1525-2773-2037,0,1,0,0,0,0,0,0,0
4DN2LUFP6_2773-501-3285-1013,0,1,0,0,0,0,0,0,0
4DN2LUFP6_2773-1013-3285-1525,0,1,0,0,0,0,0,0,0
4DN2LUFP6_3285-1013-3797-1525,0,1,0,0,0,0,0,0,0
4DN2LUFP6_3285-501-3797-1013,0,1,0,0,0,0,0,0,0
4DN2LUFP6_7629-2994-8141-3506,0,1,0,0,0,0,0,0,0
4DN2LUFP6_8248-1016-8760-1528,0,1,0,0,0,0,0,0,0
4DN2LUFP6_8760-1016-9272-1528,0,1,0,0,0,0,0,0,0
4EJYLKTDZ_1287-5670-1799-6182,0,0,0,0,0,0,1,0,0
4E9VVR3VZ_1624-3377-2136-3889,0,0,0,0,0,0,0,0,1
4DN2LUFP6_8248-504-8760-1016,0,1,0,0,0,0,0,0,0
4EJYLKTDZ_1669-5850-2181-6362,0,0,0,0,0,0,1,0,0
4E9VVR3VZ_1065-3221-1577-3733,0,0,0,0,0,0,0,0,1
4DN2LUFP6_8760-504-9272-1016,0,1,0,0,0,0,0,0,0
4EJYLKTDZ_1669-6362-2181-6874,0,0,0,0,0,0,1,0,0
4EJYLKTDZ_2181-6874-2693-7386,0,0,0,0,0,0,1,0,0
4EJYLKTDZ_2181-6362-2693-6874,0,0,0,0,0,0,1,0,0
4EJYLKTDZ_775-5158-1287-5670,0,0,0,0,0,0,1,0,0
4EJYLKTDZ_775-5670-1287-6182,0,0,0,0,0,0,1,0,0
4EMV17YYF_757-3358-1269-3870,0,0,1,0,0,0,0,0,0
4EMV17YYF_2870-655-3382-1167,0,0,1,0,0,0,0,0,0
4F7F1L1K7_3130-3686-3642-4198,0,1,0,0,0,0,0,0,0
4F7F1L1K7_2618-4198-3130-4710,0,1,0,0,0,0,0,0,0
4F7F1L1K7_3130-3174-3642-3686,0,1,0,0,0,0,0,0,0
4FB4C7JNI_2626-1988-3138-2500,0,0,1,0,0,0,0,0,0
4F7F1L1K7_3130-4198-3642-4710,0,1,0,0,0,0,0,0,0
4F7F1L1K7_576-2995-1088-3507,0,1,0,0,0,0,0,0,0
4FB4C7JNI_3061-2326-3573-2838,0,0,1,0,0,0,0,0,0
4FB4C7JNI_2666-2292-3178-2804,0,0,1,0,0,0,0,0,0
4FB4C7JNI_3138-1988-3650-2500,0,0,1,0,0,0,0,0,0
4FB4C7JNI_1363-2338-1875-2850,0,0,1,0,0,0,0,0,0
4FB4C7JNI_2882-1672-3394-2184,0,0,1,0,0,0,0,0,0
4FB4C7JNI_3375-2451-3887-2963,0,0,1,0,0,0,0,0,0
4FB4C7JNI_3167-2684-3679-3196,0,0,1,0,0,0,0,0,0
4FB4C7JNI_3284-1574-3796-2086,0,0,1,0,0,0,0,0,0
4FB4C7JNI_3580-2163-4092-2675,0,0,1,0,0,0,0,0,0
4FB4C7JNI_3796-1574-4308-2086,0,0,1,0,0,0,0,0,0
4FB4C7JNI_3951-2702-4463-3214,0,0,1,0,0,0,0,0,0
4FB4C7JNI_3876-2137-4388-2649,0,0,1,0,0,0,0,0,0
4FB4C7JNI_4308-1574-4820-2086,0,0,1,0,0,0,0,0,0
4FB4C7JNI_4954-2757-5466-3269,0,0,1,0,0,0,0,0,0
4FB4C7JNI_4463-2702-4975-3214,0,0,1,0,0,0,0,0,0
4FB4C7JNI_4428-2414-4940-2926,0,0,1,0,0,0,0,0,0
4FB4C7JNI_4744-2167-5256-2679,0,0,1,0,0,0,0,0,0
4FB4C7JNI_4514-1017-5026-1529,0,0,1,0,0,0,0,0,0
4FB4C7JNI_4490-1323-5002-1835,0,0,1,0,0,0,0,0,0
4FB4C7JNI_912-2611-1424-3123,0,0,1,0,0,0,0,0,0
4FB4C7JNI_4899-2473-5411-2985,0,0,1,0,0,0,0,0,0
4FB4C7JNI_851-2338-1363-2850,0,0,1,0,0,0,0,0,0
4FEX6D8F4_10162-7392-10674-7904,0,0,0,0,0,0,1,0,0
4FEX6D8F4_11186-7392-11698-7904,0,0,0,0,0,0,1,0,0
4FEX6D8F4_10674-7392-11186-7904,0,0,0,0,0,0,1,0,0
4FEX6D8F4_11698-7392-12210-7904,0,0,0,0,0,0,1,0,0
4FEX6D8F4_1238-5296-1750-5808,0,0,0,0,0,0,1,0,0
4FEX6D8F4_13384-6912-13896-7424,0,0,0,0,0,0,1,0,0
4FEX6D8F4_1238-5808-1750-6320,0,0,0,0,0,0,1,0,0
4FEX6D8F4_12872-6912-13384-7424,0,0,0,0,0,0,1,0,0
4FEX6D8F4_1400-5539-1912-6051,0,0,0,0,0,0,1,0,0
4FEX6D8F4_13896-6912-14408-7424,0,0,0,0,0,0,1,0,0
4FEX6D8F4_1400-6051-1912-6563,0,0,0,0,0,0,1,0,0
4FEX6D8F4_1912-5539-2424-6051,0,0,0,0,0,0,1,0,0
4FEX6D8F4_1750-5808-2262-6320,0,0,0,0,0,0,1,0,0
4FEX6D8F4_1912-6051-2424-6563,0,0,0,0,0,0,1,0,0
4FEX6D8F4_2262-5808-2774-6320,0,0,0,0,0,0,1,0,0
4FEX6D8F4_2936-6051-3448-6563,0,0,0,0,0,0,1,0,0
4FEX6D8F4_2936-6563-3448-7075,0,0,0,0,0,0,1,0,0
4FEX6D8F4_2424-6051-2936-6563,0,0,0,0,0,0,1,0,0
4FEX6D8F4_3448-6563-3960-7075,0,0,0,0,0,0,1,0,0
4FEX6D8F4_3960-6563-4472-7075,0,0,0,0,0,0,1,0,0
4FEX6D8F4_4050-494-4562-1006,0,1,0,0,0,0,0,0,0
4FEX6D8F4_4050-1006-4562-1518,0,1,0,0,0,0,0,0,0
4FEX6D8F4_4472-6563-4984-7075,0,0,0,0,0,0,1,0,0
4FEX6D8F4_4562-1518-5074-2030,0,1,0,0,0,0,0,0,0
4FEX6D8F4_4562-1006-5074-1518,0,1,0,0,0,0,0,0,0
4FEX6D8F4_4562-494-5074-1006,0,1,0,0,0,0,0,0,0
4FEX6D8F4_5074-1518-5586-2030,0,1,0,0,0,0,0,0,0
4FEX6D8F4_5496-7075-6008-7587,0,0,0,0,0,0,1,0,0
4FEX6D8F4_4984-6563-5496-7075,0,0,0,0,0,0,1,0,0
4FEX6D8F4_5586-494-6098-1006,0,1,0,0,0,0,0,0,0
4FEX6D8F4_5074-494-5586-1006,0,1,0,0,0,0,0,0,0
4FEX6D8F4_5496-6563-6008-7075,0,0,0,0,0,0,1,0,0
4FEX6D8F4_5586-1518-6098-2030,0,1,0,0,0,0,0,0,0
4FEX6D8F4_6008-7075-6520-7587,0,0,0,0,0,0,1,0,0
4FEX6D8F4_6098-1006-6610-1518,0,1,0,0,0,0,0,0,0
4FEX6D8F4_6098-1518-6610-2030,0,1,0,0,0,0,0,0,0
4FEX6D8F4_6098-494-6610-1006,0,1,0,0,0,0,0,0,0
4FEX6D8F4_7032-7075-7544-7587,0,0,0,0,0,0,1,0,0
4FEX6D8F4_6520-7075-7032-7587,0,0,0,0,0,0,1,0,0
4FEX6D8F4_7032-7587-7544-8099,0,0,0,0,0,0,1,0,0
4FEX6D8F4_726-5808-1238-6320,0,0,0,0,0,0,1,0,0
4FEX6D8F4_7544-7587-8056-8099,0,0,0,0,0,0,1,0,0
4FEX6D8F4_888-5539-1400-6051,0,0,0,0,0,0,1,0,0
4FEX6D8F4_726-5296-1238-5808,0,0,0,0,0,0,1,0,0
4G8EWMTRJ_10458-15487-10970-15999,1,0,0,0,0,0,0,0,0
4G8EWMTRJ_10598-13431-11110-13943,1,0,0,0,0,0,0,0,0
4FEX6D8F4_9650-7392-10162-7904,0,0,0,0,0,0,1,0,0
4G8EWMTRJ_10598-14967-11110-15479,1,0,0,0,0,0,0,0,0
4G8EWMTRJ_10599-11849-11111-12361,1,0,0,0,0,0,0,0,0
4G8EWMTRJ_10599-12873-11111-13385,1,0,0,0,0,0,0,0,0
4G8EWMTRJ_10599-12361-11111-12873,1,0,0,0,0,0,0,0,0
4G8EWMTRJ_10599-13897-11111-14409,1,0,0,0,0,0,0,0,0
4G8EWMTRJ_10890-15787-11402-16299,1,0,0,0,0,0,0,0,0
4G8EWMTRJ_10890-16299-11402-16811,1,0,0,0,0,0,0,0,0
4G8EWMTRJ_10890-16811-11402-17323,1,0,0,0,0,0,0,0,0
4G8EWMTRJ_10970-15487-11482-15999,1,0,0,0,0,0,0,0,0
4G8EWMTRJ_10970-14975-11482-15487,1,0,0,0,0,0,0,0,0
4G8EWMTRJ_10970-13951-11482-14463,1,0,0,0,0,0,0,0,0
4G8EWMTRJ_11111-12361-11623-12873,1,0,0,0,0,0,0,0,0
4G8EWMTRJ_11111-11849-11623-12361,1,0,0,0,0,0,0,0,0
4G8EWMTRJ_11111-13385-11623-13897,1,0,0,0,0,0,0,0,0
4G8EWMTRJ_11111-12873-11623-13385,1,0,0,0,0,0,0,0,0
4G8EWMTRJ_11402-15787-11914-16299,1,0,0,0,0,0,0,0,0
4G8EWMTRJ_11178-16575-11690-17087,1,0,0,0,0,0,0,0,0
4G8EWMTRJ_11111-14409-11623-14921,1,0,0,0,0,0,0,0,0
4G8EWMTRJ_11402-15275-11914-15787,1,0,0,0,0,0,0,0,0
4G8EWMTRJ_11402-16811-11914-17323,1,0,0,0,0,0,0,0,0
4G8EWMTRJ_11402-16299-11914-16811,1,0,0,0,0,0,0,0,0
4G8EWMTRJ_11623-11849-12135-12361,1,0,0,0,0,0,0,0,0
4G8EWMTRJ_11622-14967-12134-15479,1,0,0,0,0,0,0,0,0
4G8EWMTRJ_11622-13431-12134-13943,1,0,0,0,0,0,0,0,0
4G8EWMTRJ_11623-12361-12135-12873,1,0,0,0,0,0,0,0,0
4G8EWMTRJ_11623-12873-12135-13385,1,0,0,0,0,0,0,0,0
4G8EWMTRJ_11914-15275-12426-15787,1,0,0,0,0,0,0,0,0
4G8EWMTRJ_11623-14409-12135-14921,1,0,0,0,0,0,0,0,0
4G8EWMTRJ_11690-16575-12202-17087,1,0,0,0,0,0,0,0,0
4G8EWMTRJ_11914-16299-12426-16811,1,0,0,0,0,0,0,0,0
4G8EWMTRJ_11914-15787-12426-16299,1,0,0,0,0,0,0,0,0
4G8EWMTRJ_11914-16811-12426-17323,1,0,0,0,0,0,0,0,0
4G8EWMTRJ_11914-17323-12426-17835,1,0,0,0,0,0,0,0,0
4G8EWMTRJ_12135-11849-12647-12361,1,0,0,0,0,0,0,0,0
4G8EWMTRJ_1202-10043-1714-10555,1,0,0,0,0,0,0,0,0
4G8EWMTRJ_1202-9531-1714-10043,1,0,0,0,0,0,0,0,0
4G8EWMTRJ_1202-11067-1714-11579,1,0,0,0,0,0,0,0,0
4G8EWMTRJ_12135-12361-12647-12873,1,0,0,0,0,0,0,0,0
4G8EWMTRJ_12135-12873-12647-13385,1,0,0,0,0,0,0,0,0
4G8EWMTRJ_12135-14409-12647-14921,1,0,0,0,0,0,0,0,0
4G8EWMTRJ_12135-13897-12647-14409,1,0,0,0,0,0,0,0,0
4G8EWMTRJ_12135-14921-12647-15433,1,0,0,0,0,0,0,0,0
4G8EWMTRJ_12135-13385-12647-13897,1,0,0,0,0,0,0,0,0
4G8EWMTRJ_1714-10043-2226-10555,1,0,0,0,0,0,0,0,0
4G8EWMTRJ_1714-12603-2226-13115,1,0,0,0,0,0,0,0,0
4G8EWMTRJ_1714-12091-2226-12603,1,0,0,0,0,0,0,0,0
4G8EWMTRJ_1714-11067-2226-11579,1,0,0,0,0,0,0,0,0
4G8EWMTRJ_1714-13115-2226-13627,1,0,0,0,0,0,0,0,0
4G8EWMTRJ_1714-9531-2226-10043,1,0,0,0,0,0,0,0,0
4G8EWMTRJ_2226-11067-2738-11579,1,0,0,0,0,0,0,0,0
4G8EWMTRJ_2226-12091-2738-12603,1,0,0,0,0,0,0,0,0
4G8EWMTRJ_2226-11579-2738-12091,1,0,0,0,0,0,0,0,0
4G8EWMTRJ_2738-11067-3250-11579,1,0,0,0,0,0,0,0,0
4G8EWMTRJ_2226-13115-2738-13627,1,0,0,0,0,0,0,0,0
4G8EWMTRJ_2738-11579-3250-12091,1,0,0,0,0,0,0,0,0
4G8EWMTRJ_2226-9531-2738-10043,1,0,0,0,0,0,0,0,0
4G8EWMTRJ_2738-13627-3250-14139,1,0,0,0,0,0,0,0,0
4G8EWMTRJ_2842-13869-3354-14381,1,0,0,0,0,0,0,0,0
4G8EWMTRJ_2842-14893-3354-15405,1,0,0,0,0,0,0,0,0
4G8EWMTRJ_2842-14381-3354-14893,1,0,0,0,0,0,0,0,0
4G8EWMTRJ_2738-9531-3250-10043,1,0,0,0,0,0,0,0,0
4G8EWMTRJ_3250-10555-3762-11067,1,0,0,0,0,0,0,0,0
4G8EWMTRJ_3250-11067-3762-11579,1,0,0,0,0,0,0,0,0
4G8EWMTRJ_3250-10043-3762-10555,1,0,0,0,0,0,0,0,0
4G8EWMTRJ_3250-11579-3762-12091,1,0,0,0,0,0,0,0,0
4G8EWMTRJ_3250-9531-3762-10043,1,0,0,0,0,0,0,0,0
4G8EWMTRJ_3354-13869-3866-14381,1,0,0,0,0,0,0,0,0
4G8EWMTRJ_3250-13627-3762-14139,1,0,0,0,0,0,0,0,0
4G8EWMTRJ_3354-14893-3866-15405,1,0,0,0,0,0,0,0,0
4G8EWMTRJ_3762-11067-4274-11579,1,0,0,0,0,0,0,0,0
4G8EWMTRJ_3762-11579-4274-12091,1,0,0,0,0,0,0,0,0
4G8EWMTRJ_3762-10555-4274-11067,1,0,0,0,0,0,0,0,0
4G8EWMTRJ_3354-14381-3866-14893,1,0,0,0,0,0,0,0,0
4G8EWMTRJ_3762-10043-4274-10555,1,0,0,0,0,0,0,0,0
4G8EWMTRJ_3762-9531-4274-10043,1,0,0,0,0,0,0,0,0
4G8EWMTRJ_3866-14381-4378-14893,1,0,0,0,0,0,0,0,0
4G8EWMTRJ_3866-13869-4378-14381,1,0,0,0,0,0,0,0,0
4G8EWMTRJ_3762-13627-4274-14139,1,0,0,0,0,0,0,0,0
4G8EWMTRJ_3866-14893-4378-15405,1,0,0,0,0,0,0,0,0
4G8EWMTRJ_4274-11067-4786-11579,1,0,0,0,0,0,0,0,0
4G8EWMTRJ_4274-10555-4786-11067,1,0,0,0,0,0,0,0,0
4G8EWMTRJ_4274-11579-4786-12091,1,0,0,0,0,0,0,0,0
4G8EWMTRJ_4274-12091-4786-12603,1,0,0,0,0,0,0,0,0
4G8EWMTRJ_4274-9531-4786-10043,1,0,0,0,0,0,0,0,0
4G8EWMTRJ_4274-12603-4786-13115,1,0,0,0,0,0,0,0,0
4G8EWMTRJ_4274-13627-4786-14139,1,0,0,0,0,0,0,0,0
4G8EWMTRJ_4378-13869-4890-14381,1,0,0,0,0,0,0,0,0
4G8EWMTRJ_4378-14381-4890-14893,1,0,0,0,0,0,0,0,0
4G8EWMTRJ_4786-11579-5298-12091,1,0,0,0,0,0,0,0,0
4G8EWMTRJ_4786-11067-5298-11579,1,0,0,0,0,0,0,0,0
4G8EWMTRJ_4378-14893-4890-15405,1,0,0,0,0,0,0,0,0
4G8EWMTRJ_4786-12091-5298-12603,1,0,0,0,0,0,0,0,0
4G8EWMTRJ_4786-12603-5298-13115,1,0,0,0,0,0,0,0,0
4G8EWMTRJ_4786-13115-5298-13627,1,0,0,0,0,0,0,0,0
4G8EWMTRJ_4890-13869-5402-14381,1,0,0,0,0,0,0,0,0
4G8EWMTRJ_4890-14381-5402-14893,1,0,0,0,0,0,0,0,0
4G8EWMTRJ_4786-13627-5298-14139,1,0,0,0,0,0,0,0,0
4G8EWMTRJ_5298-13115-5810-13627,1,0,0,0,0,0,0,0,0
4G8EWMTRJ_5298-12603-5810-13115,1,0,0,0,0,0,0,0,0
4G8EWMTRJ_5298-12091-5810-12603,1,0,0,0,0,0,0,0,0
4G8EWMTRJ_4890-14893-5402-15405,1,0,0,0,0,0,0,0,0
4G8EWMTRJ_5341-14115-5853-14627,1,0,0,0,0,0,0,0,0
4G8EWMTRJ_5341-14627-5853-15139,1,0,0,0,0,0,0,0,0
4G8EWMTRJ_5402-13869-5914-14381,1,0,0,0,0,0,0,0,0
4G8EWMTRJ_5341-13603-5853-14115,1,0,0,0,0,0,0,0,0
4G8EWMTRJ_5402-14893-5914-15405,1,0,0,0,0,0,0,0,0
4G8EWMTRJ_5853-14115-6365-14627,1,0,0,0,0,0,0,0,0
4G8EWMTRJ_5853-14627-6365-15139,1,0,0,0,0,0,0,0,0
4G8EWMTRJ_5853-13603-6365-14115,1,0,0,0,0,0,0,0,0
4G8EWMTRJ_5914-14893-6426-15405,1,0,0,0,0,0,0,0,0
4G8EWMTRJ_5914-13869-6426-14381,1,0,0,0,0,0,0,0,0
4G8EWMTRJ_5914-15405-6426-15917,1,0,0,0,0,0,0,0,0
4G8EWMTRJ_5853-15139-6365-15651,1,0,0,0,0,0,0,0,0
4G8EWMTRJ_5914-14381-6426-14893,1,0,0,0,0,0,0,0,0
4G8EWMTRJ_6365-14115-6877-14627,1,0,0,0,0,0,0,0,0
4G8EWMTRJ_6426-14893-6938-15405,1,0,0,0,0,0,0,0,0
4G8EWMTRJ_6365-14627-6877-15139,1,0,0,0,0,0,0,0,0
4G8EWMTRJ_6426-14381-6938-14893,1,0,0,0,0,0,0,0,0
4G8EWMTRJ_6365-15139-6877-15651,1,0,0,0,0,0,0,0,0
4G8EWMTRJ_6426-16429-6938-16941,1,0,0,0,0,0,0,0,0
4G8EWMTRJ_6426-15405-6938-15917,1,0,0,0,0,0,0,0,0
4G8EWMTRJ_6426-15917-6938-16429,1,0,0,0,0,0,0,0,0
4G8EWMTRJ_6877-15139-7389-15651,1,0,0,0,0,0,0,0,0
4G8EWMTRJ_6896-16248-7408-16760,1,0,0,0,0,0,0,0,0
4G8EWMTRJ_6877-14627-7389-15139,1,0,0,0,0,0,0,0,0
4G8EWMTRJ_6896-16760-7408-17272,1,0,0,0,0,0,0,0,0
4G8EWMTRJ_6896-15736-7408-16248,1,0,0,0,0,0,0,0,0
4G8EWMTRJ_7361-16546-7873-17058,1,0,0,0,0,0,0,0,0
4G8EWMTRJ_690-10043-1202-10555,1,0,0,0,0,0,0,0,0
4G8EWMTRJ_690-10555-1202-11067,1,0,0,0,0,0,0,0,0
4G8EWMTRJ_690-11067-1202-11579,1,0,0,0,0,0,0,0,0
4G8EWMTRJ_690-9531-1202-10043,1,0,0,0,0,0,0,0,0
4G8EWMTRJ_7386-13951-7898-14463,1,0,0,0,0,0,0,0,0
4G8EWMTRJ_7408-15736-7920-16248,1,0,0,0,0,0,0,0,0
4G8EWMTRJ_7386-14975-7898-15487,1,0,0,0,0,0,0,0,0
4G8EWMTRJ_7386-14463-7898-14975,1,0,0,0,0,0,0,0,0
4G8EWMTRJ_7408-16248-7920-16760,1,0,0,0,0,0,0,0,0
4G8EWMTRJ_7898-15487-8410-15999,1,0,0,0,0,0,0,0,0
4G8EWMTRJ_7898-13951-8410-14463,1,0,0,0,0,0,0,0,0
4G8EWMTRJ_7873-16546-8385-17058,1,0,0,0,0,0,0,0,0
4G8EWMTRJ_8385-16546-8897-17058,1,0,0,0,0,0,0,0,0
4G8EWMTRJ_8187-10298-8699-10810,1,0,0,0,0,0,0,0,0
4G8EWMTRJ_8410-13951-8922-14463,1,0,0,0,0,0,0,0,0
4G8EWMTRJ_8187-10810-8699-11322,1,0,0,0,0,0,0,0,0
4G8EWMTRJ_8410-14463-8922-14975,1,0,0,0,0,0,0,0,0
4G8EWMTRJ_8410-15487-8922-15999,1,0,0,0,0,0,0,0,0
4G8EWMTRJ_8699-11322-9211-11834,1,0,0,0,0,0,0,0,0
4G8EWMTRJ_8410-14975-8922-15487,1,0,0,0,0,0,0,0,0
4G8EWMTRJ_8699-10810-9211-11322,1,0,0,0,0,0,0,0,0
4G8EWMTRJ_8699-10298-9211-10810,1,0,0,0,0,0,0,0,0
4G8EWMTRJ_8699-9786-9211-10298,1,0,0,0,0,0,0,0,0
4G8EWMTRJ_8897-16546-9409-17058,1,0,0,0,0,0,0,0,0
4G8EWMTRJ_8922-14975-9434-15487,1,0,0,0,0,0,0,0,0
4G8EWMTRJ_8922-13951-9434-14463,1,0,0,0,0,0,0,0,0
4G8EWMTRJ_8922-14463-9434-14975,1,0,0,0,0,0,0,0,0
4G8EWMTRJ_9211-10298-9723-10810,1,0,0,0,0,0,0,0,0
4G8EWMTRJ_9211-11834-9723-12346,1,0,0,0,0,0,0,0,0
4G8EWMTRJ_8922-15487-9434-15999,1,0,0,0,0,0,0,0,0
4G8EWMTRJ_9211-11322-9723-11834,1,0,0,0,0,0,0,0,0
4G8EWMTRJ_9434-14975-9946-15487,1,0,0,0,0,0,0,0,0
4G8EWMTRJ_9211-10810-9723-11322,1,0,0,0,0,0,0,0,0
4G8EWMTRJ_9434-15487-9946-15999,1,0,0,0,0,0,0,0,0
4G8EWMTRJ_9409-16546-9921-17058,1,0,0,0,0,0,0,0,0
4G8EWMTRJ_9946-14975-10458-15487,1,0,0,0,0,0,0,0,0
4G8EWMTRJ_9921-16546-10433-17058,1,0,0,0,0,0,0,0,0
4G8EWMTRJ_9723-11322-10235-11834,1,0,0,0,0,0,0,0,0
4G8EWMTRJ_9723-11834-10235-12346,1,0,0,0,0,0,0,0,0
4G8EWMTRJ_9946-15487-10458-15999,1,0,0,0,0,0,0,0,0
4GINGHXCG_5502-3087-6014-3599,0,0,0,0,0,1,0,0,0
4GINGHXCG_6382-3775-6894-4287,0,0,0,0,0,1,0,0,0
4GINGHXCG_5991-3472-6503-3984,0,0,0,0,0,1,0,0,0
4GINGHXCG_6748-1696-7260-2208,0,0,0,0,0,1,0,0,0
4GINGHXCG_6776-2082-7288-2594,0,0,0,0,0,1,0,0,0
4HLU7ZDDF_2853-2859-3365-3371,1,0,0,0,0,0,0,0,0
4HLU7ZDDF_2391-351-2903-863,1,0,0,0,0,0,0,0,0
4HLU7ZDDF_1034-4059-1546-4571,1,0,0,0,0,0,0,0,0
4HLU7ZDDF_2897-4594-3409-5106,1,0,0,0,0,0,0,0,0
4HLU7ZDDF_3023-4090-3535-4602,1,0,0,0,0,0,0,0,0
4GINGHXCG_6776-2543-7288-3055,0,0,0,0,0,1,0,0,0
4HLU7ZDDF_3365-2859-3877-3371,1,0,0,0,0,0,0,0,0
4HLU7ZDDF_3499-4304-4011-4816,1,0,0,0,0,0,0,0,0
4HLU7ZDDF_3978-1093-4490-1605,1,0,0,0,0,0,0,0,0
4HLU7ZDDF_3839-4253-4351-4765,1,0,0,0,0,0,0,0,0
4HLU7ZDDF_3541-349-4053-861,1,0,0,0,0,0,0,0,0
4HLU7ZDDF_4194-3110-4706-3622,1,0,0,0,0,0,0,0,0
4HLU7ZDDF_4471-3359-4983-3871,1,0,0,0,0,0,0,0,0
4HLU7ZDDF_541-780-1053-1292,1,0,0,0,0,0,0,0,0
4HLU7ZDDF_729-4033-1241-4545,1,0,0,0,0,0,0,0,0
4HLU7ZDDF_649-1038-1161-1550,1,0,0,0,0,0,0,0,0
4HREUIX4Q_1623-4364-2135-4876,0,0,0,0,0,0,0,0,1
4HREUIX4Q_3638-4280-4150-4792,0,0,0,0,0,0,0,0,1
4HREUIX4Q_3662-2903-4174-3415,0,0,0,0,0,0,0,0,1
4HREUIX4Q_3662-3927-4174-4439,0,0,0,0,0,0,0,0,1
4HREUIX4Q_3662-3415-4174-3927,0,0,0,0,0,0,0,0,1
4HREUIX4Q_3702-1547-4214-2059,0,0,0,0,0,0,0,0,1
4HREUIX4Q_3702-2571-4214-3083,0,0,0,0,0,0,0,0,1
4HREUIX4Q_3702-2059-4214-2571,0,0,0,0,0,0,0,0,1
4IH31T62X_4612-613-5124-1125,0,0,0,0,0,0,0,0,1
4J1FNXPXX_2266-2179-2778-2691,0,0,1,0,0,0,0,0,0
4J1FNXPXX_2222-473-2734-985,0,0,1,0,0,0,0,0,0
4J1FNXPXX_1710-473-2222-985,0,0,1,0,0,0,0,0,0
4J1FNXPXX_2652-497-3164-1009,0,0,1,0,0,0,0,0,0
4IH31T62X_4843-419-5355-931,0,0,0,0,0,0,0,0,1
4J1FNXPXX_2740-1825-3252-2337,0,0,1,0,0,0,0,0,0
4J1FNXPXX_2970-517-3482-1029,0,0,1,0,0,0,0,0,0
4J1FNXPXX_3355-1099-3867-1611,0,0,1,0,0,0,0,0,0
4J1FNXPXX_3994-517-4506-1029,0,0,1,0,0,0,0,0,0
4J1FNXPXX_3482-517-3994-1029,0,0,1,0,0,0,0,0,0
4J1FNXPXX_3647-985-4159-1497,0,0,1,0,0,0,0,0,0
4J1FNXPXX_3048-2006-3560-2518,0,0,1,0,0,0,0,0,0
4J1FNXPXX_770-2351-1282-2863,0,0,1,0,0,0,0,0,0
4J1FNXPXX_3854-1133-4366-1645,0,0,1,0,0,0,0,0,0
4JBV22PDC_1430-1722-1942-2234,0,0,0,0,0,1,0,0,0
4JBV22PDC_1636-1344-2148-1856,0,0,0,0,0,1,0,0,0
4JBV22PDC_1843-1107-2355-1619,0,0,0,0,0,1,0,0,0
4JBV22PDC_2147-935-2659-1447,0,0,0,0,0,1,0,0,0
4JBV22PDC_2911-1292-3423-1804,0,0,0,0,0,1,0,0,0
4JBV22PDC_2646-1264-3158-1776,0,0,0,0,0,1,0,0,0
4JBV22PDC_2399-780-2911-1292,0,0,0,0,0,1,0,0,0
4JBV22PDC_2911-780-3423-1292,0,0,0,0,0,1,0,0,0
4JBV22PDC_3058-1067-3570-1579,0,0,0,0,0,1,0,0,0
4JBV22PDC_3394-743-3906-1255,0,0,0,0,0,1,0,0,0
4JBV22PDC_3557-538-4069-1050,0,0,0,0,0,1,0,0,0
4JXHEH7JY_1146-2069-1658-2581,0,1,0,0,0,0,0,0,0
4JBV22PDC_522-3472-1034-3984,0,0,0,0,0,1,0,0,0
4JBV22PDC_3628-3704-4140-4216,0,0,0,0,0,1,0,0,0
4JBV22PDC_808-2510-1320-3022,0,0,0,0,0,1,0,0,0
4JBV22PDC_808-3534-1320-4046,0,0,0,0,0,1,0,0,0
4JXHEH7JY_1100-3295-1612-3807,0,1,0,0,0,0,0,0,0
4JXHEH7JY_1257-5715-1769-6227,0,1,0,0,0,0,0,0,0
4JXHEH7JY_1146-2581-1658-3093,0,1,0,0,0,0,0,0,0
4JBV22PDC_808-3022-1320-3534,0,0,0,0,0,1,0,0,0
4JXHEH7JY_1306-1383-1818-1895,0,1,0,0,0,0,0,0,0
4JXHEH7JY_1257-6227-1769-6739,0,1,0,0,0,0,0,0,0
4JXHEH7JY_1308-514-1820-1026,0,1,0,0,0,0,0,0,0
4JXHEH7JY_1580-6320-2092-6832,0,1,0,0,0,0,0,0,0
4JXHEH7JY_1612-2783-2124-3295,0,1,0,0,0,0,0,0,0
4JXHEH7JY_1308-1026-1820-1538,0,1,0,0,0,0,0,0,0
4JXHEH7JY_1612-3295-2124-3807,0,1,0,0,0,0,1,0,0
4JXHEH7JY_1818-1383-2330-1895,0,1,0,0,0,0,0,0,0
4JXHEH7JY_1820-514-2332-1026,0,1,0,0,0,0,0,0,0
4JXHEH7JY_1877-6003-2389-6515,0,1,0,0,0,0,0,0,0
4JXHEH7JY_1877-6515-2389-7027,0,1,0,0,0,0,0,0,0
4JXHEH7JY_1877-3443-2389-3955,0,1,0,0,0,0,1,0,0
4JXHEH7JY_2332-514-2844-1026,0,1,0,0,0,0,0,0,0
4JXHEH7JY_2092-6320-2604-6832,0,1,0,0,0,0,0,0,0
4JXHEH7JY_1820-1026-2332-1538,0,1,0,0,0,0,0,0,0
4JXHEH7JY_2389-6003-2901-6515,0,1,0,0,0,0,0,0,0
4JXHEH7JY_2389-3443-2901-3955,0,0,0,0,0,0,1,0,0
4JXHEH7JY_2389-6515-2901-7027,0,1,0,0,0,0,0,0,0
4JXHEH7JY_2604-6320-3116-6832,0,1,0,0,0,0,0,0,0
4JXHEH7JY_2844-514-3356-1026,0,1,0,0,0,0,1,0,0
4JXHEH7JY_3116-6320-3628-6832,0,1,0,0,0,0,0,0,0
4JXHEH7JY_2901-6515-3413-7027,0,1,0,0,0,0,0,0,0
4JXHEH7JY_2901-3443-3413-3955,0,0,0,0,0,0,1,0,0
4JXHEH7JY_2901-3955-3413-4467,0,0,0,0,0,0,1,0,0
4JXHEH7JY_3356-1026-3868-1538,0,1,0,0,0,0,1,0,0
4JXHEH7JY_3356-1538-3868-2050,0,1,0,0,0,0,0,0,0
4JXHEH7JY_3868-514-4380-1026,0,0,0,0,0,0,1,0,0
4JXHEH7JY_3868-1026-4380-1538,0,1,0,0,0,0,1,0,0
4JXHEH7JY_3925-3955-4437-4467,0,0,0,0,0,0,1,0,0
4JXHEH7JY_3413-6515-3925-7027,0,1,0,0,0,0,0,0,0
4JXHEH7JY_4265-2065-4777-2577,0,1,0,0,0,0,0,0,0
4JXHEH7JY_3868-1538-4380-2050,0,1,0,0,0,0,0,0,0
4JXHEH7JY_3356-514-3868-1026,0,1,0,0,0,0,1,0,0
4JXHEH7JY_4380-1026-4892-1538,0,0,0,0,0,0,1,0,0
4JXHEH7JY_3925-4467-4437-4979,0,0,0,0,0,0,1,0,0
4JXHEH7JY_3413-3955-3925-4467,0,0,0,0,0,0,1,0,0
4JXHEH7JY_4380-1538-4892-2050,0,1,0,0,0,0,0,0,0
4JXHEH7JY_4437-4467-4949-4979,0,0,0,0,0,0,1,0,0
4JXHEH7JY_5461-4467-5973-4979,0,0,0,0,0,0,1,0,0
4JXHEH7JY_4777-1041-5289-1553,0,0,0,0,0,0,1,0,0
4JXHEH7JY_4777-1553-5289-2065,0,1,0,0,0,0,1,0,0
4JXHEH7JY_5404-1538-5916-2050,0,0,0,0,0,0,1,0,0
4JXHEH7JY_4949-4467-5461-4979,0,0,0,0,0,0,1,0,0
4JXHEH7JY_5973-4467-6485-4979,0,0,0,0,0,0,1,0,0
4JXHEH7JY_5916-1538-6428-2050,0,0,0,0,0,0,1,0,0
4JXHEH7JY_634-1557-1146-2069,0,1,0,0,0,0,0,0,0
4JXHEH7JY_634-2581-1146-3093,0,1,0,0,0,0,0,0,0
4JXHEH7JY_6997-4979-7509-5491,0,0,0,0,0,0,1,0,0
4JXHEH7JY_6428-1538-6940-2050,0,0,0,0,0,0,1,0,0
4JXHEH7JY_6940-1538-7452-2050,0,0,0,0,0,0,1,0,0
4JXHEH7JY_6012-4791-6524-5303,0,1,0,0,0,0,1,0,0
4JXHEH7JY_634-2069-1146-2581,0,1,0,0,0,0,0,0,0
4JXHEH7JY_6485-4467-6997-4979,0,0,0,0,0,0,1,0,0
4JXHEH7JY_6485-4979-6997-5491,0,0,0,0,0,0,1,0,0
4JXHEH7JY_6997-5491-7509-6003,0,0,0,0,0,0,1,0,0
4JXHEH7JY_745-5715-1257-6227,0,1,0,0,0,0,0,0,0
4JXHEH7JY_7452-1538-7964-2050,0,0,0,0,0,0,1,0,0
4JXHEH7JY_7509-4979-8021-5491,0,0,0,0,0,0,1,0,0
4JXHEH7JY_745-6227-1257-6739,0,1,0,0,0,0,0,0,0
4JXHEH7JY_7509-5491-8021-6003,0,0,0,0,0,0,1,0,0
4JXHEH7JY_794-1383-1306-1895,0,1,0,0,0,0,0,0,0
4JXHEH7JY_9045-6003-9557-6515,0,0,0,0,0,0,1,0,0
4JXHEH7JY_8021-6003-8533-6515,0,0,0,0,0,0,1,0,0
4JXHEH7JY_7964-1538-8476-2050,0,0,0,0,0,0,1,0,0
4JXHEH7JY_8021-5491-8533-6003,0,0,0,0,0,0,1,0,0
4JXHEH7JY_8476-1538-8988-2050,0,1,0,0,0,0,1,0,0
4JXHEH7JY_9500-1538-10012-2050,0,0,0,0,0,0,1,0,0
4JXHEH7JY_8533-6003-9045-6515,0,0,0,0,0,0,1,0,0
4JXHEH7JY_794-871-1306-1383,0,1,0,0,0,0,0,0,0
4JXHEH7JY_9045-6515-9557-7027,0,0,0,0,0,0,1,0,0
4JXHEH7JY_8988-1538-9500-2050,0,1,0,0,0,0,1,0,0
4JXHEH7JY_9557-6515-10069-7027,0,0,0,0,0,0,1,0,0
4LV8474IX_2107-2247-2619-2759,0,0,0,0,0,0,0,0,1
4LV8474IX_4579-3987-5091-4499,0,0,0,0,0,0,0,0,1
4LV8474IX_5172-2743-5684-3255,0,0,0,0,0,0,0,0,1
4LV8474IX_5361-2931-5873-3443,0,0,0,0,0,0,0,0,1
4LV8474IX_7006-3539-7518-4051,0,0,0,0,0,0,0,0,1
4N3CTZWUY_10495-14900-11007-15412,0,1,0,0,0,0,0,0,0
4N3CTZWUY_10495-15412-11007-15924,0,1,0,0,0,0,0,0,0
4N3CTZWUY_1103-13390-1615-13902,0,1,0,0,0,0,0,0,0
4N3CTZWUY_11007-14900-11519-15412,0,1,0,0,0,0,0,0,0
4N3CTZWUY_11519-15924-12031-16436,0,1,0,0,0,0,0,0,0
4N3CTZWUY_11007-15412-11519-15924,0,1,0,0,0,0,0,0,0
4N3CTZWUY_11007-15924-11519-16436,0,1,0,0,0,0,0,0,0
4N3CTZWUY_10576-19516-11088-20028,0,1,0,0,0,0,0,0,0
4N3CTZWUY_11007-16436-11519-16948,0,1,0,0,0,0,0,0,0
4N3CTZWUY_11519-16436-12031-16948,0,1,0,0,0,0,0,0,0
4N3CTZWUY_10495-15924-11007-16436,0,1,0,0,0,0,0,0,0
4N3CTZWUY_1103-12878-1615-13390,0,1,0,0,0,0,0,0,0
4N3CTZWUY_11088-19516-11600-20028,0,1,0,0,0,0,0,0,0
4N3CTZWUY_11519-16948-12031-17460,0,1,0,0,0,0,0,0,0
4N3CTZWUY_11928-17056-12440-17568,0,1,0,0,0,0,0,0,0
4N3CTZWUY_11928-16544-12440-17056,0,1,0,0,0,0,0,0,0
4N3CTZWUY_11928-17568-12440-18080,0,1,0,0,0,0,0,0,0
4N3CTZWUY_11731-1041-12243-1553,0,1,0,0,0,0,0,0,0
4N3CTZWUY_12243-1041-12755-1553,0,1,0,0,0,0,0,0,0
4N3CTZWUY_12440-17056-12952-17568,0,1,0,0,0,0,0,0,0
4N3CTZWUY_12440-17568-12952-18080,0,1,0,0,0,0,0,0,0
4N3CTZWUY_12755-1041-13267-1553,0,1,0,0,0,0,0,0,0
4N3CTZWUY_13976-16544-14488-17056,0,1,0,0,0,0,0,0,0
4N3CTZWUY_13976-16032-14488-16544,0,1,0,0,0,0,0,0,0
4N3CTZWUY_13464-16544-13976-17056,0,1,0,0,0,0,0,0,0
4N3CTZWUY_13976-17056-14488-17568,0,1,0,0,0,0,0,0,0
4N3CTZWUY_12952-17568-13464-18080,0,1,0,0,0,0,0,0,0
4N3CTZWUY_12952-16544-13464-17056,0,1,0,0,0,0,0,0,0
4N3CTZWUY_12952-17056-13464-17568,0,1,0,0,0,0,0,0,0
4N3CTZWUY_13464-17056-13976-17568,0,1,0,0,0,0,0,0,0
4N3CTZWUY_14002-977-14514-1489,0,1,0,0,0,0,0,0,0
4N3CTZWUY_14488-16544-15000-17056,0,1,0,0,0,0,0,0,0
4N3CTZWUY_14488-16032-15000-16544,0,1,0,0,0,0,0,0,0
4N3CTZWUY_14514-977-15026-1489,0,1,0,0,0,0,0,0,0
4N3CTZWUY_1615-13390-2127-13902,0,1,0,0,0,0,0,0,0
4N3CTZWUY_1615-12878-2127-13390,0,1,0,0,0,0,0,0,0
4N3CTZWUY_2127-13390-2639-13902,0,1,0,0,0,0,0,0,0
4N3CTZWUY_3151-13390-3663-13902,0,1,0,0,0,0,0,0,0
4N3CTZWUY_2639-13390-3151-13902,0,1,0,0,0,0,0,0,0
4N3CTZWUY_3663-11854-4175-12366,0,1,0,0,0,0,0,0,0
4N3CTZWUY_4175-11854-4687-12366,0,1,0,0,0,0,0,0,0
4N3CTZWUY_3663-12878-4175-13390,0,1,0,0,0,0,0,0,0
4N3CTZWUY_3663-12366-4175-12878,0,1,0,0,0,0,0,0,0
4N3CTZWUY_4720-20844-5232-21356,0,1,0,0,0,0,0,0,0
4N3CTZWUY_4208-20844-4720-21356,0,1,0,0,0,0,0,0,0
4N3CTZWUY_4175-12366-4687-12878,0,1,0,0,0,0,0,0,0
4N3CTZWUY_4720-21356-5232-21868,0,1,0,0,0,0,0,0,0
4N3CTZWUY_4175-12878-4687-13390,0,1,0,0,0,0,0,0,0
4N3CTZWUY_4208-21356-4720-21868,0,1,0,0,0,0,0,0,0
4N3CTZWUY_5744-20844-6256-21356,0,1,0,0,0,0,0,0,0
4N3CTZWUY_5744-21356-6256-21868,0,1,0,0,0,0,0,0,0
4N3CTZWUY_5232-20844-5744-21356,0,1,0,0,0,0,0,0,0
4N3CTZWUY_5232-21356-5744-21868,0,1,0,0,0,0,0,0,0
4N3CTZWUY_6256-20844-6768-21356,0,1,0,0,0,0,0,0,0
4N3CTZWUY_6256-21356-6768-21868,0,1,0,0,0,0,0,0,0
4N3CTZWUY_6768-20844-7280-21356,0,1,0,0,0,0,0,0,0
4N3CTZWUY_6768-21356-7280-21868,0,1,0,0,0,0,0,0,0
4N3CTZWUY_7280-20844-7792-21356,0,1,0,0,0,0,0,0,0
4N3CTZWUY_7187-1724-7699-2236,0,1,0,0,0,0,0,0,0
4N3CTZWUY_7187-2236-7699-2748,0,1,0,0,0,0,0,0,0
4N3CTZWUY_7187-2748-7699-3260,0,1,0,0,0,0,0,0,0
4N3CTZWUY_8297-2863-8809-3375,0,1,0,0,0,0,0,0,0
4N3CTZWUY_7461-3095-7973-3607,0,1,0,0,0,0,0,0,0
4N3CTZWUY_9277-1335-9789-1847,0,1,0,0,0,0,0,0,0
4N3CTZWUY_7785-2863-8297-3375,0,1,0,0,0,0,0,0,0
4N3CTZWUY_7280-21356-7792-21868,0,1,0,0,0,0,0,0,0
4N3CTZWUY_8765-2871-9277-3383,0,1,0,0,0,0,0,0,0
4N3CTZWUY_9277-1847-9789-2359,0,1,0,0,0,0,0,0,0
4N9DE4EMH_19458-10615-19970-11127,0,0,0,0,0,0,1,0,0
4N9DE4EMH_19458-10103-19970-10615,0,0,0,0,0,0,1,0,0
4N3CTZWUY_9277-2871-9789-3383,0,1,0,0,0,0,0,0,0
4N3CTZWUY_9277-2359-9789-2871,0,1,0,0,0,0,0,0,0
4N9DE4EMH_19458-6007-19970-6519,0,0,0,0,0,0,1,0,0
4N9DE4EMH_19458-4983-19970-5495,0,0,0,0,0,0,1,0,0
4N9DE4EMH_19458-7031-19970-7543,0,0,0,0,0,0,1,0,0
4N9DE4EMH_19458-7543-19970-8055,0,0,0,0,0,0,1,0,0
4N9DE4EMH_19458-6519-19970-7031,0,0,0,0,0,0,1,0,0
4N9DE4EMH_19458-5495-19970-6007,0,0,0,0,0,0,1,0,0
4N9DE4EMH_19458-8055-19970-8567,0,0,0,0,0,0,1,0,0
4N9DE4EMH_19458-8567-19970-9079,0,0,0,0,0,0,1,0,0
4N9DE4EMH_19458-9591-19970-10103,0,0,0,0,0,0,1,0,0
4N9DE4EMH_19458-9079-19970-9591,0,0,0,0,0,0,1,0,0
4P4AUMFHJ_1143-1125-1655-1637,0,0,0,0,0,0,1,0,0
4P4AUMFHJ_1143-613-1655-1125,0,0,0,0,0,0,1,0,0
4P4AUMFHJ_1307-837-1819-1349,0,0,0,0,0,0,1,0,0
4P4AUMFHJ_1665-1888-2177-2400,0,0,0,0,0,0,1,0,0
4P4AUMFHJ_1665-1376-2177-1888,0,0,0,0,0,0,1,0,0
4P4AUMFHJ_1665-2400-2177-2912,0,0,0,0,0,0,1,0,0
4P4AUMFHJ_1665-864-2177-1376,0,0,0,0,0,0,1,0,0
4P4AUMFHJ_2177-2400-2689-2912,0,0,0,0,0,0,1,0,0
4P4AUMFHJ_2689-2912-3201-3424,0,0,0,0,0,0,1,0,0
4P4AUMFHJ_2177-2912-2689-3424,0,0,0,0,0,0,1,0,0
4P4AUMFHJ_4661-688-5173-1200,0,0,0,0,0,0,1,0,0
4P4AUMFHJ_2812-597-3324-1109,0,0,0,0,0,0,1,0,0
4P4AUMFHJ_2689-864-3201-1376,0,0,0,0,0,0,1,0,0
4P4AUMFHJ_2177-864-2689-1376,0,0,0,0,0,0,1,0,0
4P4AUMFHJ_4739-1283-5251-1795,0,0,0,0,0,0,1,0,0
4P4AUMFHJ_4739-2307-5251-2819,0,0,0,0,0,0,1,0,0
4P4AUMFHJ_5851-683-6363-1195,0,0,0,0,0,0,1,0,0
4P4AUMFHJ_4739-1795-5251-2307,0,0,0,0,0,0,1,0,0
4P4AUMFHJ_5173-1200-5685-1712,0,0,0,0,0,0,1,0,0
4P4AUMFHJ_6363-683-6875-1195,0,0,0,0,0,0,1,0,0
4P4AUMFHJ_6363-1195-6875-1707,0,0,0,0,0,0,1,0,0
4P4AUMFHJ_6875-1195-7387-1707,0,0,0,0,0,0,1,0,0
4P4AUMFHJ_7387-1707-7899-2219,0,0,0,0,0,0,1,0,0
4P4AUMFHJ_6875-1707-7387-2219,0,0,0,0,0,0,1,0,0
4P4AUMFHJ_641-1376-1153-1888,0,0,0,0,0,0,1,0,0
4P4AUMFHJ_7806-683-8318-1195,0,0,0,0,0,0,1,0,0
4PFV6L44R_1065-2348-1577-2860,0,1,0,0,0,0,0,0,0
4PFV6L44R_1710-4747-2222-5259,0,1,0,0,0,0,0,0,0
4P4AUMFHJ_8318-683-8830-1195,0,0,0,0,0,0,1,0,0
4PEZMX6DH_3033-420-3545-932,0,0,0,1,0,0,0,0,0
4PEZMX6DH_2521-420-3033-932,0,0,0,1,0,0,0,0,0
4PFV6L44R_1710-5259-2222-5771,0,1,0,0,0,0,0,0,0
4PFV6L44R_216-1977-728-2489,0,1,0,0,0,0,0,0,0
4PFV6L44R_216-2489-728-3001,0,1,0,0,0,0,0,0,0
4PFV6L44R_2259-7173-2771-7685,0,1,0,0,0,0,0,0,0
4PFV6L44R_2259-6661-2771-7173,0,1,0,0,0,0,0,0,0
4PFV6L44R_2222-5259-2734-5771,0,1,0,0,0,0,0,0,0
4PFV6L44R_244-5311-756-5823,0,1,0,0,0,0,0,0,0
4PFV6L44R_2451-2081-2963-2593,0,1,0,0,0,0,0,0,0
4PFV6L44R_2568-5764-3080-6276,0,1,0,0,0,0,0,0,0
4PFV6L44R_2762-6533-3274-7045,0,1,0,0,0,0,0,0,0
4PFV6L44R_2568-6276-3080-6788,0,1,0,0,0,0,0,0,0
4PFV6L44R_2451-2593-2963-3105,0,1,0,0,0,0,0,0,0
4PFV6L44R_3080-5764-3592-6276,0,1,0,0,0,0,0,0,0
4PMAPY78U_11396-6758-11908-7270,0,0,0,0,0,0,1,0,0
4PFV6L44R_3333-13720-3845-14232,0,1,0,0,0,0,0,0,0
4PFV6L44R_3080-6276-3592-6788,0,1,0,0,0,0,0,0,0
4PMAPY78U_1422-16538-1934-17050,0,0,0,0,0,0,1,0,0
4PMAPY78U_10884-6758-11396-7270,0,0,0,0,0,0,1,0,0
4PMAPY78U_2141-3564-2653-4076,0,0,0,0,0,0,1,0,0
4PMAPY78U_1481-12769-1993-13281,0,0,0,0,0,0,1,0,0
4PMAPY78U_2141-4076-2653-4588,0,0,0,0,0,0,1,0,0
4PMAPY78U_2118-549-2630-1061,0,0,0,0,0,0,1,0,0
4PMAPY78U_2653-2540-3165-3052,0,0,0,0,0,0,1,0,0
4PMAPY78U_2653-3052-3165-3564,0,0,0,0,0,0,1,0,0
4PMAPY78U_3305-11281-3817-11793,0,0,0,0,0,0,1,0,0
4PMAPY78U_2653-3564-3165-4076,0,0,0,0,0,0,1,0,0
4PMAPY78U_5399-11870-5911-12382,0,0,0,0,0,0,1,0,0
4PMAPY78U_4375-11870-4887-12382,0,0,0,0,0,0,1,0,0
4PMAPY78U_5468-14954-5980-15466,0,0,0,0,0,0,1,0,0
4PMAPY78U_4887-11870-5399-12382,0,0,0,0,0,0,1,0,0
4PMAPY78U_6492-14442-7004-14954,0,0,0,0,0,0,1,0,0
4PMAPY78U_5849-11080-6361-11592,0,0,0,0,0,0,1,0,0
4PMAPY78U_5980-14442-6492-14954,0,0,0,0,0,0,1,0,0
4PMAPY78U_5911-11870-6423-12382,0,0,0,0,0,0,1,0,0
4PMAPY78U_5980-14954-6492-15466,0,0,0,0,0,0,1,0,0
4PMAPY78U_6003-5223-6515-5735,0,0,0,0,0,0,1,0,0
4PMAPY78U_6361-11080-6873-11592,0,0,0,0,0,0,1,0,0
4PMAPY78U_6515-5223-7027-5735,0,0,0,0,0,0,1,0,0
4PMAPY78U_6515-5735-7027-6247,0,0,0,0,0,0,1,0,0
4PMAPY78U_7027-5735-7539-6247,0,0,0,0,0,0,1,0,0
4PMAPY78U_7027-6247-7539-6759,0,0,0,0,0,0,1,0,0
4PMAPY78U_7027-6759-7539-7271,0,0,0,0,0,0,1,0,0
4PRFLXWZM_1014-6311-1526-6823,0,0,0,0,0,1,0,0,0
4PRFLXWZM_1014-5799-1526-6311,0,0,0,0,0,1,0,0,0
4PRFLXWZM_1014-6823-1526-7335,0,0,0,0,0,1,0,0,0
4PRFLXWZM_10178-7226-10690-7738,0,0,0,0,0,1,0,0,0
4PRFLXWZM_1026-2787-1538-3299,0,0,0,0,0,1,0,0,0
4PRFLXWZM_1046-3843-1558-4355,0,0,0,0,0,1,0,0,0
4PRFLXWZM_10690-7226-11202-7738,0,0,0,0,0,1,0,0,0
4PRFLXWZM_1058-4527-1570-5039,0,0,0,0,0,1,0,0,0
4PRFLXWZM_11202-7226-11714-7738,0,0,0,0,0,1,0,0,0
4PRFLXWZM_11714-7226-12226-7738,0,0,0,0,0,1,0,0,0
4PRFLXWZM_1058-5203-1570-5715,0,0,0,0,0,1,0,0,0
4PRFLXWZM_1209-7268-1721-7780,0,0,0,0,0,1,0,0,0
4PRFLXWZM_12126-2104-12638-2616,0,0,0,0,0,1,0,0,0
4PRFLXWZM_12126-1592-12638-2104,0,0,0,0,0,1,0,0,0
4PRFLXWZM_12226-7226-12738-7738,0,0,0,0,0,1,0,0,0
4PRFLXWZM_12127-3608-12639-4120,0,0,0,0,0,1,0,0,0
4PRFLXWZM_12227-4075-12739-4587,0,0,0,0,0,1,0,0,0
4PRFLXWZM_12513-3943-13025-4455,0,0,0,0,0,1,0,0,0
4PRFLXWZM_12260-3085-12772-3597,0,0,0,0,0,1,0,0,0
4PRFLXWZM_12260-2573-12772-3085,0,0,0,0,0,1,0,0,0
4PRFLXWZM_12754-2786-13266-3298,0,0,0,0,0,1,0,0,0
4PRFLXWZM_12552-2651-13064-3163,0,0,0,0,0,1,0,0,0
4PRFLXWZM_12574-1057-13086-1569,0,0,0,0,0,1,0,0,0
4PRFLXWZM_12738-7226-13250-7738,0,0,0,0,0,1,0,0,0
4PRFLXWZM_13250-7226-13762-7738,0,0,0,0,0,1,0,0,0
4PRFLXWZM_13598-1057-14110-1569,0,0,0,0,0,1,0,0,0
4PRFLXWZM_13086-1057-13598-1569,0,0,0,0,0,1,0,0,0
4PRFLXWZM_13762-7226-14274-7738,0,0,0,0,0,1,0,0,0
4PRFLXWZM_13976-2403-14488-2915,0,0,0,0,0,1,0,0,0
4PRFLXWZM_14037-4859-14549-5371,0,0,0,0,0,1,0,0,0
4PRFLXWZM_14058-2642-14570-3154,0,0,0,0,0,1,0,0,0
4PRFLXWZM_14151-5492-14663-6004,0,0,0,0,0,1,0,0,0
4PRFLXWZM_13987-1788-14499-2300,0,0,0,0,0,1,0,0,0
4PRFLXWZM_14032-4294-14544-4806,0,0,0,0,0,1,0,0,0
4PRFLXWZM_13988-1080-14500-1592,0,0,0,0,0,1,0,0,0
4PRFLXWZM_14151-7028-14663-7540,0,0,0,0,0,1,0,0,0
4PRFLXWZM_14151-6004-14663-6516,0,0,0,0,0,1,0,0,0
4PRFLXWZM_14151-6516-14663-7028,0,0,0,0,0,1,0,0,0
4PRFLXWZM_14321-7465-14833-7977,0,0,0,0,0,1,0,0,0
4PRFLXWZM_1721-7268-2233-7780,0,0,0,0,0,1,0,0,0
4PRFLXWZM_14398-850-14910-1362,0,0,0,0,0,1,0,0,0
4PRFLXWZM_14437-4094-14949-4606,0,0,0,0,0,1,0,0,0
4PRFLXWZM_2233-7268-2745-7780,0,0,0,0,0,1,0,0,0
4PRFLXWZM_1931-2766-2443-3278,0,0,0,0,0,1,0,0,0
4PRFLXWZM_2134-3439-2646-3951,0,0,0,0,0,0,0,0,1
4PRFLXWZM_2745-7268-3257-7780,0,0,0,0,0,1,0,0,0
4PRFLXWZM_3143-1946-3655-2458,0,0,0,0,0,1,0,0,0
4PRFLXWZM_4281-7268-4793-7780,0,0,0,0,0,1,0,0,0
4PRFLXWZM_4536-414-5048-926,0,0,0,0,0,1,0,0,0
4PRFLXWZM_4455-4289-4967-4801,0,0,0,0,0,1,0,0,0
4PRFLXWZM_4538-1356-5050-1868,0,0,0,0,0,1,0,0,0
4PRFLXWZM_3257-7268-3769-7780,0,0,0,0,0,1,0,0,0
4PRFLXWZM_3769-7268-4281-7780,0,0,0,0,0,1,0,0,0
4PRFLXWZM_5218-3925-5730-4437,0,0,0,0,0,1,0,0,0
4PRFLXWZM_5032-1539-5544-2051,0,0,0,0,0,1,0,0,0
4PRFLXWZM_5090-1138-5602-1650,0,0,0,0,0,1,0,0,0
4PRFLXWZM_5372-1530-5884-2042,0,0,0,0,0,1,0,0,0
4PRFLXWZM_6173-4201-6685-4713,0,0,0,0,0,1,0,0,0
4PRFLXWZM_589-558-1101-1070,0,0,0,0,0,1,0,0,0
4PRFLXWZM_6473-7264-6985-7776,0,0,0,0,0,1,0,0,0
4PRFLXWZM_677-7460-1189-7972,0,0,0,0,0,1,0,0,0
4PRFLXWZM_768-2317-1280-2829,0,0,0,0,0,1,0,0,0
4PRFLXWZM_7550-1359-8062-1871,0,0,0,0,0,1,0,0,1
4PRFLXWZM_6985-7264-7497-7776,0,0,0,0,0,1,0,0,0
4PRFLXWZM_7497-7264-8009-7776,0,0,0,0,0,1,0,0,0
4PRFLXWZM_9666-7226-10178-7738,0,0,0,0,0,1,0,0,0
4PRFLXWZM_7808-1759-8320-2271,0,0,0,0,0,1,0,0,0
4T3P12RGC_1079-2845-1591-3357,1,0,0,0,0,0,0,0,0
4PRFLXWZM_9033-7264-9545-7776,0,0,0,0,0,1,0,0,0
4PRFLXWZM_8009-7264-8521-7776,0,0,0,0,0,1,0,0,0
4PRFLXWZM_8521-7264-9033-7776,0,0,0,0,0,1,0,0,0
4T3P12RGC_1079-3357-1591-3869,1,0,0,0,0,0,0,0,0
4T3P12RGC_1293-4617-1805-5129,1,0,0,0,0,0,0,0,0
4T3P12RGC_1388-3677-1900-4189,1,0,0,0,0,0,0,0,0
4T3P12RGC_1454-496-1966-1008,1,0,0,0,0,0,0,0,0
4T3P12RGC_1510-1763-2022-2275,1,0,0,0,0,0,0,0,0
4T3P12RGC_1591-2845-2103-3357,1,0,0,0,0,0,0,0,0
4T3P12RGC_1388-4189-1900-4701,1,0,0,0,0,0,0,0,0
4T3P12RGC_1591-3357-2103-3869,1,0,0,0,0,0,0,0,0
4T3P12RGC_199-3608-711-4120,1,0,0,0,0,0,0,0,0
4T3P12RGC_1966-496-2478-1008,1,0,0,0,0,0,0,0,0
4T3P12RGC_1900-3677-2412-4189,1,0,0,0,0,0,0,0,0
4T3P12RGC_2009-3235-2521-3747,1,0,0,0,0,0,0,0,0
4T3P12RGC_1900-4189-2412-4701,1,0,0,0,0,0,0,0,0
4T3P12RGC_2159-4295-2671-4807,1,0,0,0,0,0,0,0,0
4T3P12RGC_2159-3783-2671-4295,1,0,0,0,0,0,0,0,0
4T3P12RGC_2009-2723-2521-3235,1,0,0,0,0,0,0,0,0
4T3P12RGC_2671-3783-3183-4295,1,0,0,0,0,0,0,0,0
4T3P12RGC_2671-4295-3183-4807,1,0,0,0,0,0,0,0,0
4T3P12RGC_3001-1740-3513-2252,1,0,0,0,0,0,0,0,0
4T3P12RGC_3092-3158-3604-3670,1,0,0,0,0,0,0,0,0
4T3P12RGC_3001-1228-3513-1740,1,0,0,0,0,0,0,0,0
4T3P12RGC_3092-3670-3604-4182,1,0,0,0,0,0,0,0,0
4T3P12RGC_4025-1228-4537-1740,1,0,0,0,0,0,0,0,0
4T3P12RGC_3513-716-4025-1228,1,0,0,0,0,0,0,0,0
4T3P12RGC_3513-1740-4025-2252,1,0,0,0,0,0,0,0,0
4T3P12RGC_431-917-943-1429,1,0,0,0,0,0,0,0,0
4T3P12RGC_4696-852-5208-1364,1,0,0,0,0,0,0,0,0
4T3P12RGC_4025-716-4537-1228,1,0,0,0,0,0,0,0,0
4T3P12RGC_431-405-943-917,1,0,0,0,0,0,0,0,0
4T3P12RGC_4125-2636-4637-3148,1,0,0,0,0,0,0,0,0
4T3P12RGC_4696-340-5208-852,1,0,0,0,0,0,0,0,0
4T3P12RGC_4537-1228-5049-1740,1,0,0,0,0,0,0,0,0
4T3P12RGC_5208-1364-5720-1876,1,0,0,0,0,0,0,0,0
4T3P12RGC_5208-340-5720-852,1,0,0,0,0,0,0,0,0
4T3P12RGC_5720-1364-6232-1876,1,0,0,0,0,0,0,0,0
4T3P12RGC_5720-852-6232-1364,1,0,0,0,0,0,0,0,0
4T3P12RGC_711-3608-1223-4120,1,0,0,0,0,0,0,0,0
4T3P12RGC_5846-1854-6358-2366,1,0,0,0,0,0,0,0,0
4T3P12RGC_5846-2366-6358-2878,1,0,0,0,0,0,0,0,0
4T3P12RGC_781-4617-1293-5129,1,0,0,0,0,0,0,0,0
4T3P12RGC_781-4105-1293-4617,1,0,0,0,0,0,0,0,0
4T3P12RGC_943-917-1455-1429,1,0,0,0,0,0,0,0,0
4T3P12RGC_943-405-1455-917,1,0,0,0,0,0,0,0,0
4TBA3HCXG_1061-7618-1573-8130,0,0,0,0,0,0,0,0,1
4TBA3HCXG_1440-1463-1952-1975,0,0,0,0,0,0,0,0,1
4T3P12RGC_998-1763-1510-2275,1,0,0,0,0,0,0,0,0
4TBA3HCXG_10281-8968-10793-9480,0,0,0,0,0,0,0,0,1
4TBA3HCXG_12577-9092-13089-9604,0,0,0,0,0,0,0,0,1
4TBA3HCXG_4191-1542-4703-2054,0,0,0,0,0,0,0,0,1
4TBA3HCXG_3093-1533-3605-2045,0,0,0,0,0,0,0,0,1
4TBA3HCXG_2085-1482-2597-1994,0,0,0,0,0,0,0,0,1
4TBA3HCXG_1597-1209-2109-1721,0,0,0,0,0,0,0,0,1
4TBA3HCXG_4543-2035-5055-2547,0,0,0,0,0,0,0,0,1
4TBA3HCXG_555-7887-1067-8399,0,0,0,0,0,0,0,0,1
4TBA3HCXG_8726-1263-9238-1775,0,0,0,0,0,0,0,0,1
4TBA3HCXG_7055-1306-7567-1818,0,0,0,0,0,0,0,0,1
4TBA3HCXG_5856-6975-6368-7487,0,0,0,0,0,0,0,0,1
4TBA3HCXG_942-1457-1454-1969,0,0,0,0,0,0,0,0,1
4TBA3HCXG_8732-8737-9244-9249,0,0,0,0,0,0,0,0,1
4ULA2T76K_13022-5944-13534-6456,0,0,0,0,0,0,1,0,0
4ULA2T76K_13534-5944-14046-6456,0,0,0,0,0,0,1,0,0
4ULA2T76K_12510-5944-13022-6456,0,0,0,0,0,0,1,0,0
4ULA2T76K_14046-6456-14558-6968,0,0,0,0,0,0,1,0,0
4ULA2T76K_13534-6456-14046-6968,0,0,0,0,0,0,1,0,0
4ULA2T76K_15175-5664-15687-6176,0,0,0,0,0,0,1,0,0
4ULA2T76K_14663-5664-15175-6176,0,0,0,0,0,0,1,0,0
4ULA2T76K_14558-6456-15070-6968,0,0,0,0,0,0,1,0,0
4V13NZMNF_179-370-691-882,0,0,0,0,0,1,0,0,0
4V13NZMNF_1935-564-2447-1076,0,0,0,0,0,1,0,0,0
4ULA2T76K_14558-5944-15070-6456,0,0,0,0,0,0,1,0,0
4V13NZMNF_200-3436-712-3948,0,0,0,0,0,1,0,0,0
4V13NZMNF_222-4379-734-4891,0,0,0,0,0,1,0,0,0
4V13NZMNF_266-1982-778-2494,0,0,1,0,0,1,0,0,0
4V13NZMNF_228-4751-740-5263,0,0,0,0,0,1,0,0,0
4V13NZMNF_2452-278-2964-790,0,0,0,0,0,1,0,0,0
4V13NZMNF_4439-263-4951-775,0,0,0,0,0,1,0,0,0
4V13NZMNF_4546-3672-5058-4184,0,0,0,0,0,1,0,0,0
4V13NZMNF_462-1770-974-2282,0,0,1,0,0,1,0,0,0
4V13NZMNF_423-501-935-1013,0,0,0,0,0,1,0,0,0
4V13NZMNF_4528-4616-5040-5128,0,0,0,0,0,1,0,0,0
4VFK6KQRM_4549-4582-5061-5094,0,0,0,0,0,0,0,0,1
4VUQI7PW6_1199-2852-1711-3364,0,0,1,0,0,0,0,0,0
4VUQI7PW6_1161-5127-1673-5639,0,0,1,0,0,0,0,0,0
4VUQI7PW6_1086-4756-1598-5268,0,0,1,0,0,0,0,0,0
4VUQI7PW6_1064-816-1576-1328,0,0,1,0,0,0,0,0,0
4VUQI7PW6_1064-1328-1576-1840,0,0,1,0,0,0,0,0,0
4VUQI7PW6_1345-3262-1857-3774,0,0,1,0,0,0,0,0,0
4VUQI7PW6_1198-2133-1710-2645,0,0,1,0,0,0,0,0,0
4VUQI7PW6_1466-4071-1978-4583,0,0,1,0,0,0,0,0,0
4VUQI7PW6_1450-752-1962-1264,0,0,1,0,0,0,0,0,0
4VUQI7PW6_1535-5485-2047-5997,0,0,1,0,0,0,0,0,0
4VUQI7PW6_1507-3786-2019-4298,0,0,1,0,0,0,0,0,0
4VUQI7PW6_1564-1264-2076-1776,0,0,1,0,0,0,0,0,0
4VUQI7PW6_1628-942-2140-1454,0,0,1,0,0,0,0,0,0
4VUQI7PW6_1793-2730-2305-3242,0,0,1,0,0,0,0,0,0
4VUQI7PW6_1564-1776-2076-2288,0,0,1,0,0,0,0,0,0
4VUQI7PW6_1564-2288-2076-2800,0,0,1,0,0,0,0,0,0
4VUQI7PW6_1635-4443-2147-4955,0,0,1,0,0,0,0,0,0
4VUQI7PW6_1653-5239-2165-5751,0,0,1,0,0,0,0,0,0
4VUQI7PW6_1793-4266-2305-4778,0,0,1,0,0,0,0,0,0
4VUQI7PW6_1793-4778-2305-5290,0,0,1,0,0,0,0,0,0
4VUQI7PW6_1793-3242-2305-3754,0,0,1,0,0,0,0,0,0
4VUQI7PW6_1793-3754-2305-4266,0,0,1,0,0,0,0,0,0
4VUQI7PW6_1813-1941-2325-2453,0,0,1,0,0,0,0,0,0
4VUQI7PW6_1813-1429-2325-1941,0,0,1,0,0,0,0,0,0
4VUQI7PW6_1891-819-2403-1331,0,0,1,0,0,0,0,0,0
4VUQI7PW6_1960-2539-2472-3051,0,0,1,0,0,0,0,0,0
4VUQI7PW6_1967-3013-2479-3525,0,0,1,0,0,0,0,0,0
4VUQI7PW6_2128-2761-2640-3273,0,0,1,0,0,0,0,0,0
4VUQI7PW6_2128-2249-2640-2761,0,0,1,0,0,0,0,0,0
4VUQI7PW6_2007-1565-2519-2077,0,0,1,0,0,0,0,0,0
4VUQI7PW6_2698-5406-3210-5918,0,0,1,0,0,0,0,0,0
4VUQI7PW6_2712-4310-3224-4822,0,0,1,0,0,0,0,0,0
4VUQI7PW6_2304-4385-2816-4897,0,0,1,0,0,0,0,0,0
4VUQI7PW6_2129-1188-2641-1700,0,0,1,0,0,0,0,0,0
4VUQI7PW6_3058-4139-3570-4651,0,0,1,0,0,0,0,0,0
4VUQI7PW6_3713-3485-4225-3997,0,0,1,0,0,0,0,0,0
4VUQI7PW6_3091-2210-3603-2722,0,0,1,0,0,0,0,0,0
4VUQI7PW6_4171-3277-4683-3789,0,0,1,0,0,0,0,0,0
4VUQI7PW6_3927-3712-4439-4224,0,0,1,0,0,0,0,0,0
4VUQI7PW6_3727-3906-4239-4418,0,0,1,0,0,0,0,0,0
4VUQI7PW6_3747-3218-4259-3730,0,0,1,0,0,0,0,0,0
4VUQI7PW6_3215-5422-3727-5934,0,0,1,0,0,0,0,0,0
4VUQI7PW6_3969-2923-4481-3435,0,0,1,0,0,0,0,0,0
4VUQI7PW6_4425-2884-4937-3396,0,0,1,0,0,0,0,0,0
4VUQI7PW6_4521-1240-5033-1752,0,0,1,0,0,0,0,0,0
4VUQI7PW6_789-4036-1301-4548,0,0,1,0,0,0,0,0,0
4VUQI7PW6_733-4598-1245-5110,0,0,1,0,0,0,0,0,0
4VUQI7PW6_814-3062-1326-3574,0,0,1,0,0,0,0,0,0
4VUQI7PW6_854-1867-1366-2379,0,0,1,0,0,0,0,0,0
4VUQI7PW6_814-3574-1326-4086,0,0,1,0,0,0,0,0,0
4VUQI7PW6_865-4978-1377-5490,0,0,1,0,0,0,0,0,0
4VUQI7PW6_926-2225-1438-2737,0,0,1,0,0,0,0,0,0
4VUQI7PW6_926-4273-1438-4785,0,0,1,0,0,0,0,0,0
4VUQI7PW6_926-2737-1438-3249,0,0,1,0,0,0,0,0,0
4W8TK2ZAD_3883-2306-4395-2818,0,0,0,0,0,0,0,0,1
4W8TK2ZAD_3371-2818-3883-3330,0,0,0,0,0,0,0,0,1
4VUQI7PW6_926-5297-1438-5809,0,0,1,0,0,0,0,0,0
4W8TK2ZAD_3371-2306-3883-2818,0,0,0,0,0,0,0,0,1
4W8TK2ZAD_3883-1794-4395-2306,0,0,0,0,0,0,0,0,1
4VWDQTT4B_4694-2125-5206-2637,1,0,0,0,0,0,0,0,0
4W8TK2ZAD_2272-6272-2784-6784,0,0,0,0,1,0,0,0,0
4W8TK2ZAD_4395-1282-4907-1794,0,0,0,0,0,0,0,0,1
4W8TK2ZAD_3883-2818-4395-3330,0,0,0,0,0,0,0,0,1
4W8TK2ZAD_5974-1383-6486-1895,0,0,0,0,1,0,0,0,0
4W8TK2ZAD_5947-983-6459-1495,0,0,0,0,1,0,0,0,0
4W8TK2ZAD_4395-1794-4907-2306,0,0,0,0,0,0,0,0,1
4W8TK2ZAD_6024-2936-6536-3448,0,0,0,0,1,0,0,0,0
4W8TK2ZAD_6048-3320-6560-3832,0,0,0,0,1,0,0,0,0
4W8TK2ZAD_5979-2162-6491-2674,0,0,0,0,1,0,0,0,0
4W8TK2ZAD_6057-4103-6569-4615,0,0,0,0,1,0,0,0,0
4W8TK2ZAD_6131-6117-6643-6629,0,0,0,0,1,0,0,0,0
4W8TK2ZAD_802-3283-1314-3795,0,0,0,0,1,0,0,0,0
4W8TK2ZAD_733-1556-1245-2068,0,0,0,0,1,0,0,0,0
4W8TK2ZAD_818-3663-1330-4175,0,0,0,0,1,0,0,0,0
4WBI3IHAY_1630-11666-2142-12178,0,0,1,0,0,0,0,0,0
4W8TK2ZAD_780-2901-1292-3413,0,0,0,0,1,0,0,0,0
4W8TK2ZAD_780-2131-1292-2643,0,0,0,0,1,0,0,0,0
4W8TK2ZAD_6169-6751-6681-7263,0,0,0,0,1,0,0,0,0
4W8TK2ZAD_738-785-1250-1297,0,0,0,0,1,0,0,0,0
4WBI3IHAY_1885-12165-2397-12677,0,0,1,0,0,0,0,0,0
4WBI3IHAY_1885-12677-2397-13189,0,0,1,0,0,0,1,0,0
4WBI3IHAY_2036-12970-2548-13482,0,0,1,0,0,0,1,0,0
4WBI3IHAY_2200-11569-2712-12081,0,0,1,0,0,0,0,0,0
4WBI3IHAY_2458-6181-2970-6693,0,0,0,0,0,0,1,0,0
4WBI3IHAY_3039-11546-3551-12058,0,0,1,0,0,0,0,0,0
4WBI3IHAY_2970-6181-3482-6693,0,0,0,0,0,0,1,0,0
4WBI3IHAY_2660-12769-3172-13281,0,0,1,0,0,0,0,0,0
4WBI3IHAY_3165-12217-3677-12729,0,0,1,0,0,0,0,0,0
4WBI3IHAY_3438-12729-3950-13241,0,0,1,0,0,0,0,0,0
4WBI3IHAY_3180-11818-3692-12330,0,0,1,0,0,0,0,0,0
4WBI3IHAY_3571-11845-4083-12357,0,0,1,0,0,0,0,0,0
4WBI3IHAY_3656-12264-4168-12776,0,0,1,0,0,0,0,0,0
4WBI3IHAY_3626-11505-4138-12017,0,0,1,0,0,0,0,0,0
4WBI3IHAY_4137-6056-4649-6568,0,0,0,0,0,0,1,0,0
4WBI3IHAY_4203-11572-4715-12084,0,0,1,0,0,0,1,0,0
4WBI3IHAY_4378-11807-4890-12319,0,0,1,0,0,0,1,0,0
4WBI3IHAY_4203-12084-4715-12596,0,0,1,0,0,0,1,0,0
4WBI3IHAY_4427-12477-4939-12989,0,0,1,0,0,0,1,0,0
4WBI3IHAY_4427-12989-4939-13501,0,0,0,0,0,0,1,0,0
4WBI3IHAY_4735-12182-5247-12694,0,0,1,0,0,0,1,0,0
4WBI3IHAY_4727-11470-5239-11982,0,0,1,0,0,0,1,0,0
4WBI3IHAY_4809-12508-5321-13020,0,0,1,0,0,0,0,0,0
4WBI3IHAY_5512-11686-6024-12198,0,0,1,0,0,0,0,0,0
4WBI3IHAY_4910-11794-5422-12306,0,0,1,0,0,0,0,0,0
4WBI3IHAY_5727-11523-6239-12035,0,0,1,0,0,0,0,0,0
4WBI3IHAY_5917-12440-6429-12952,0,0,1,0,0,0,0,0,0
4WBI3IHAY_5260-11751-5772-12263,0,0,1,0,0,0,0,0,0
4WBI3IHAY_5466-12458-5978-12970,0,0,1,0,0,0,0,0,0
4WBI3IHAY_6455-12407-6967-12919,0,0,1,0,0,0,0,0,0
4WBI3IHAY_6205-12317-6717-12829,0,0,1,0,0,0,0,0,0
4WBI3IHAY_6421-11913-6933-12425,0,0,1,0,0,0,0,0,0
4WBI3IHAY_6240-11686-6752-12198,0,0,1,0,0,0,0,0,0
4WBI3IHAY_6025-11573-6537-12085,0,0,1,0,0,0,0,0,0
4WBI3IHAY_6025-12085-6537-12597,0,0,1,0,0,0,0,0,0
4WBI3IHAY_6537-11573-7049-12085,0,0,1,0,0,0,0,0,0
4WBI3IHAY_6914-11437-7426-11949,0,0,1,0,0,0,0,0,0
4WBI3IHAY_6750-12575-7262-13087,0,0,1,0,0,0,1,0,0
4WBI3IHAY_6979-12110-7491-12622,0,0,1,0,0,0,1,0,0
4WBI3IHAY_8313-11942-8825-12454,0,0,1,0,0,0,0,0,0
4WBI3IHAY_7289-11430-7801-11942,0,0,1,0,0,0,0,0,0
4WBI3IHAY_7357-12024-7869-12536,0,0,1,0,0,0,0,0,0
4WBI3IHAY_7801-11430-8313-11942,0,0,1,0,0,0,0,0,0
4WBI3IHAY_7357-12536-7869-13048,0,0,1,0,0,0,0,0,0
4WBI3IHAY_8313-11430-8825-11942,0,0,1,0,0,0,0,0,0
4WBI3IHAY_8381-12536-8893-13048,0,0,1,0,0,0,0,0,0
4WBI3IHAY_7869-12024-8381-12536,0,0,1,0,0,0,0,0,0
4WBI3IHAY_7869-12536-8381-13048,0,0,1,0,0,0,0,0,0
4WFCIY7A2_11238-6121-11750-6633,0,0,0,0,0,1,0,0,0
4WFCIY7A2_10569-1317-11081-1829,0,0,0,0,0,1,0,0,0
4WFCIY7A2_10402-8397-10914-8909,0,0,0,0,0,1,0,0,0
4WFCIY7A2_10727-8382-11239-8894,0,0,0,0,0,1,0,0,0
4WFCIY7A2_11238-6633-11750-7145,0,0,0,0,0,1,0,0,0
4WFCIY7A2_11238-7145-11750-7657,0,0,0,0,0,1,0,0,0
4WFCIY7A2_11239-8382-11751-8894,0,0,0,0,0,1,0,0,0
4WFCIY7A2_11318-7656-11830-8168,0,0,1,0,0,1,0,0,0
4WFCIY7A2_12775-8382-13287-8894,0,0,0,0,0,1,0,0,0
4WFCIY7A2_11751-8382-12263-8894,0,0,0,0,0,1,0,0,0
4WFCIY7A2_12263-8382-12775-8894,0,0,0,0,0,1,0,0,0
4WFCIY7A2_14311-8382-14823-8894,0,0,0,0,0,1,0,0,0
4WFCIY7A2_14823-8382-15335-8894,0,0,0,0,0,1,0,0,0
4WFCIY7A2_15847-8382-16359-8894,0,0,0,0,0,1,0,0,0
4WFCIY7A2_15335-8382-15847-8894,0,0,0,0,0,1,0,0,0
4WFCIY7A2_13287-8382-13799-8894,0,0,0,0,0,1,0,0,0
4WFCIY7A2_13410-1074-13922-1586,0,0,0,0,0,1,0,0,0
4WFCIY7A2_13799-8382-14311-8894,0,0,0,0,0,1,0,0,0
4WFCIY7A2_4878-1769-5390-2281,0,0,0,0,0,1,0,0,0
4WFCIY7A2_16058-8593-16570-9105,0,0,0,0,0,1,0,0,0
4WFCIY7A2_3841-766-4353-1278,0,0,1,0,0,1,0,0,0
4WFCIY7A2_3389-791-3901-1303,0,0,1,0,0,1,0,0,0
4WFCIY7A2_8870-925-9382-1437,0,0,0,0,0,1,0,0,0
4WFCIY7A2_935-8075-1447-8587,0,0,0,0,0,1,0,0,0
4YYALH9VG_10465-5055-10977-5567,0,0,0,0,0,1,0,0,0
4YYALH9VG_10465-4543-10977-5055,0,0,0,0,0,1,0,0,0
4YYALH9VG_13866-515-14378-1027,0,0,0,0,1,1,0,0,0
4YYALH9VG_12148-5311-12660-5823,0,0,0,0,0,1,0,0,0
4YYALH9VG_13172-5311-13684-5823,0,0,0,0,0,1,0,0,0
4YYALH9VG_11636-5311-12148-5823,0,0,0,0,0,1,0,0,0
4YYALH9VG_12660-5311-13172-5823,0,0,0,0,0,1,0,0,0
4YYALH9VG_10612-5311-11124-5823,0,0,0,0,0,1,0,0,0
4YYALH9VG_11124-5311-11636-5823,0,0,0,0,0,1,0,0,0
4YYALH9VG_13998-1310-14510-1822,0,0,0,0,1,0,0,0,0
4YYALH9VG_14025-1772-14537-2284,0,0,0,0,1,0,0,0,0
4YYALH9VG_13995-2216-14507-2728,0,0,0,0,1,0,0,0,0
4YYALH9VG_13994-857-14506-1369,0,0,0,0,1,1,0,0,0
4YYALH9VG_14019-2670-14531-3182,0,0,0,0,1,0,0,0,0
4YYALH9VG_1469-5087-1981-5599,0,0,0,0,0,1,0,0,0
4YYALH9VG_14031-3122-14543-3634,0,0,0,0,1,0,0,0,0
4YYALH9VG_1778-4626-2290-5138,0,0,0,0,1,0,0,0,0
4YYALH9VG_2405-4125-2917-4637,0,0,0,0,1,0,0,0,0
4YYALH9VG_2950-5195-3462-5707,0,0,0,0,0,1,0,0,0
4YYALH9VG_2438-5195-2950-5707,0,0,0,0,0,1,0,0,0
4YYALH9VG_3462-5195-3974-5707,0,0,0,0,0,1,0,0,0
4YYALH9VG_3063-3676-3575-4188,0,0,0,0,1,0,0,0,0
4YYALH9VG_5510-5195-6022-5707,0,0,0,0,0,1,0,0,0
4YYALH9VG_4998-5195-5510-5707,0,0,0,0,0,1,0,0,0
4YYALH9VG_4946-2313-5458-2825,0,0,0,0,1,0,0,0,0
4YYALH9VG_4377-2760-4889-3272,0,0,0,0,1,0,0,0,0
4YYALH9VG_3731-3225-4243-3737,0,0,0,0,1,0,0,0,0
4YYALH9VG_4486-5195-4998-5707,0,0,0,0,0,1,0,0,0
4YYALH9VG_3974-5195-4486-5707,0,0,0,0,0,1,0,0,0
4YYALH9VG_6222-1445-6734-1957,0,0,0,0,1,0,0,0,0
4YYALH9VG_5589-1878-6101-2390,0,0,0,0,1,0,0,0,0
4YYALH9VG_6840-1000-7352-1512,0,0,0,0,1,0,0,0,0
4YYALH9VG_7528-583-8040-1095,0,0,0,0,1,0,0,0,0
4YYALH9VG_9953-4543-10465-5055,0,0,0,0,0,1,0,0,0
4Z4JX8W4E_2272-1265-2784-1777,0,0,0,0,0,0,0,0,1
4Z4JX8W4E_2338-1769-2850-2281,0,0,0,0,0,0,0,0,1
61JZ66TVX_1055-8247-1567-8759,0,0,0,0,1,1,0,0,0
4Z4JX8W4E_2303-3959-2815-4471,0,0,0,0,0,0,0,0,1
61JZ66TVX_1249-2774-1761-3286,0,0,0,0,0,1,0,0,0
61JZ66TVX_1534-1987-2046-2499,0,0,1,0,0,1,0,0,0
61JZ66TVX_1100-1920-1612-2432,0,0,0,0,0,1,0,0,0
61JZ66TVX_1539-8276-2051-8788,0,0,0,0,1,0,0,0,0
61JZ66TVX_1156-682-1668-1194,0,0,0,0,1,1,0,0,0
61JZ66TVX_1228-3108-1740-3620,0,0,1,0,1,1,0,0,0
61JZ66TVX_1534-1475-2046-1987,0,0,1,1,1,0,0,0,0
61JZ66TVX_1228-3620-1740-4132,0,0,1,0,1,1,0,0,0
61JZ66TVX_1271-2291-1783-2803,0,0,1,0,0,1,0,0,0
61JZ66TVX_1222-1385-1734-1897,0,0,1,0,0,1,0,0,0
61JZ66TVX_1668-682-2180-1194,0,0,0,0,1,0,0,0,0
61JZ66TVX_1553-2646-2065-3158,0,0,0,0,0,1,0,0,0
61JZ66TVX_1685-3304-2197-3816,0,0,1,1,1,1,0,0,0
61JZ66TVX_1740-3620-2252-4132,0,0,1,1,1,0,0,0,0
61JZ66TVX_1977-2267-2489-2779,0,0,1,0,1,1,0,0,0
61JZ66TVX_1763-1123-2275-1635,0,0,1,1,1,1,0,0,0
61JZ66TVX_1994-672-2506-1184,0,0,0,0,1,1,0,0,0
61JZ66TVX_1919-3384-2431-3896,0,0,1,1,1,1,0,0,0
61JZ66TVX_2045-8279-2557-8791,0,0,0,0,1,0,0,0,0
61JZ66TVX_2877-677-3389-1189,0,0,0,0,1,1,0,0,0
61JZ66TVX_2255-3917-2767-4429,0,0,1,0,1,0,0,0,0
61JZ66TVX_2046-1987-2558-2499,0,0,1,0,1,1,0,0,0
61JZ66TVX_2515-8249-3027-8761,0,0,0,0,1,0,0,0,0
61JZ66TVX_2046-1475-2558-1987,0,0,1,1,1,1,0,0,0
61JZ66TVX_3235-707-3747-1219,0,0,0,0,1,1,0,0,0
61JZ66TVX_3499-8251-4011-8763,0,0,0,0,1,0,0,0,0
61JZ66TVX_3738-713-4250-1225,0,0,0,0,1,0,0,0,0
61JZ66TVX_3010-8268-3522-8780,0,0,0,0,1,0,0,0,0
61JZ66TVX_2223-1293-2735-1805,0,0,1,1,1,1,0,0,0
61JZ66TVX_2365-677-2877-1189,0,0,0,0,1,1,0,0,0
61JZ66TVX_3996-8228-4508-8740,0,0,0,0,1,0,0,0,0
61JZ66TVX_4220-730-4732-1242,0,0,0,0,1,0,0,0,0
61JZ66TVX_4483-8234-4995-8746,0,0,0,0,1,0,0,0,0
61JZ66TVX_4706-747-5218-1259,0,0,0,0,1,0,0,0,0
61JZ66TVX_5035-8253-5547-8765,0,0,0,0,1,1,0,0,0
61JZ66TVX_5188-739-5700-1251,0,0,0,0,1,0,0,0,0
61JZ66TVX_5543-2144-6055-2656,0,0,0,0,0,1,0,0,0
61JZ66TVX_5553-1869-6065-2381,0,0,0,0,0,1,0,0,0
61JZ66TVX_5965-8249-6477-8761,0,0,0,0,1,0,0,0,0
61JZ66TVX_6142-1874-6654-2386,0,0,1,0,0,1,0,0,0
61JZ66TVX_5983-2670-6495-3182,0,0,1,1,0,1,0,0,0
61JZ66TVX_5720-2918-6232-3430,0,0,1,1,0,1,0,0,0
61JZ66TVX_5547-8253-6059-8765,0,0,0,0,1,1,0,0,0
61JZ66TVX_6272-750-6784-1262,0,0,0,0,1,1,0,0,0
61JZ66TVX_6458-8255-6970-8767,0,0,0,0,1,0,0,0,0
61JZ66TVX_6142-2386-6654-2898,0,0,1,0,0,1,0,0,0
61JZ66TVX_5773-753-6285-1265,0,0,0,0,1,1,0,0,0
61JZ66TVX_6742-738-7254-1250,0,0,0,0,1,1,0,0,0
61JZ66TVX_7350-804-7862-1316,0,0,0,0,1,1,0,0,0
61JZ66TVX_6957-8259-7469-8771,0,0,0,0,1,0,0,0,0
61JZ66TVX_7789-8269-8301-8781,0,0,0,0,1,0,0,0,0
61JZ66TVX_777-8314-1289-8826,0,0,0,0,1,1,0,0,0
61JZ66TVX_7441-8238-7953-8750,0,0,0,0,1,0,0,0,0
61JZ66TVX_7862-804-8374-1316,0,0,0,0,1,1,0,0,0
61ME8B8BE_10663-755-11175-1267,1,0,0,0,0,0,0,0,0
61ME8B8BE_10254-3628-10766-4140,1,0,0,0,0,0,0,0,0
61ME8B8BE_10783-1112-11295-1624,1,0,0,0,0,0,0,0,0
61ME8B8BE_10766-3116-11278-3628,1,0,0,0,0,0,0,0,0
61ME8B8BE_10475-2341-10987-2853,1,0,0,0,0,0,0,0,0
61ME8B8BE_10746-3600-11258-4112,1,0,0,0,0,0,0,0,0
61JZ66TVX_8460-8270-8972-8782,0,0,0,0,1,1,0,0,0
61JZ66TVX_8374-804-8886-1316,0,0,0,0,1,1,0,0,0
61JZ66TVX_8546-3139-9058-3651,0,0,0,0,0,1,0,0,0
61ME8B8BE_10254-3116-10766-3628,1,0,0,0,0,0,0,0,0
61JZ66TVX_879-4215-1391-4727,0,0,0,0,0,1,0,0,0
61ME8B8BE_10783-2136-11295-2648,1,0,0,0,0,0,0,0,0
61ME8B8BE_11258-3088-11770-3600,1,0,0,0,0,0,0,0,0
61ME8B8BE_10783-1624-11295-2136,1,0,0,0,0,0,0,0,0
61ME8B8BE_11295-1112-11807-1624,1,0,0,0,0,0,0,0,0
61ME8B8BE_11258-3600-11770-4112,1,0,0,0,0,0,0,0,0
61ME8B8BE_11295-1624-11807-2136,1,0,0,0,0,0,0,0,0
61ME8B8BE_11295-2136-11807-2648,1,0,0,0,0,0,0,0,0
61ME8B8BE_12406-3076-12918-3588,1,0,0,0,0,0,0,0,0
61ME8B8BE_12615-1322-13127-1834,1,0,0,0,0,0,0,0,0
61ME8B8BE_12615-1834-13127-2346,1,0,0,0,0,0,0,0,0
61ME8B8BE_12406-3588-12918-4100,1,0,0,0,0,0,0,0,0
61ME8B8BE_11807-1112-12319-1624,1,0,0,0,0,0,0,0,0
61ME8B8BE_12540-2380-13052-2892,1,0,0,0,0,0,0,0,0
61ME8B8BE_11770-3088-12282-3600,1,0,0,0,0,0,0,0,0
61ME8B8BE_11807-1624-12319-2136,1,0,0,0,0,0,0,0,0
61ME8B8BE_11770-3600-12282-4112,1,0,0,0,0,0,0,0,0
61ME8B8BE_12540-761-13052-1273,1,0,0,0,0,0,0,0,0
61ME8B8BE_11807-2136-12319-2648,1,0,0,0,0,0,0,0,0
61ME8B8BE_12918-3588-13430-4100,1,0,0,0,0,0,0,0,0
61ME8B8BE_13052-1273-13564-1785,1,0,0,0,0,0,0,0,0
61ME8B8BE_13052-761-13564-1273,1,0,0,0,0,0,0,0,0
61ME8B8BE_13127-1834-13639-2346,1,0,0,0,0,0,0,0,0
61ME8B8BE_13430-3076-13942-3588,1,0,0,0,0,0,0,0,0
61ME8B8BE_13430-3588-13942-4100,1,0,0,0,0,0,0,0,0
61ME8B8BE_13942-3076-14454-3588,1,0,0,0,0,0,0,0,0
61ME8B8BE_14454-3588-14966-4100,1,0,0,0,0,0,0,0,0
61ME8B8BE_14546-1695-15058-2207,1,0,0,0,0,0,0,0,0
61ME8B8BE_13942-3588-14454-4100,1,0,0,0,0,0,0,0,0
61ME8B8BE_14601-2174-15113-2686,1,0,0,0,0,0,0,0,0
61ME8B8BE_15906-1655-16418-2167,1,0,0,0,0,0,0,0,0
61ME8B8BE_14156-1653-14668-2165,1,0,0,0,0,0,0,0,0
61ME8B8BE_14454-3076-14966-3588,1,0,0,0,0,0,0,0,0
61ME8B8BE_15058-1695-15570-2207,1,0,0,0,0,0,0,0,0
61ME8B8BE_15945-2989-16457-3501,1,0,0,0,0,0,0,0,0
61ME8B8BE_15394-1655-15906-2167,1,0,0,0,0,0,0,0,0
61ME8B8BE_15945-3501-16457-4013,1,0,0,0,0,0,0,0,0
61ME8B8BE_15961-2148-16473-2660,1,0,0,0,0,0,0,0,0
61ME8B8BE_16347-1104-16859-1616,1,0,0,0,0,0,0,0,0
61ME8B8BE_16457-2989-16969-3501,1,0,0,0,0,0,0,0,0
61ME8B8BE_16613-1180-17125-1692,1,0,0,0,0,0,0,0,0
61ME8B8BE_16473-2148-16985-2660,1,0,0,0,0,0,0,0,0
61ME8B8BE_16457-3501-16969-4013,1,0,0,0,0,0,0,0,0
61ME8B8BE_17125-1692-17637-2204,1,0,0,0,0,0,0,0,0
61ME8B8BE_17230-3581-17742-4093,1,0,0,0,0,0,0,0,0
61ME8B8BE_16613-1692-17125-2204,1,0,0,0,0,0,0,0,0
61ME8B8BE_16969-2989-17481-3501,1,0,0,0,0,0,0,0,0
61ME8B8BE_18254-3069-18766-3581,1,0,0,0,0,0,0,0,0
61ME8B8BE_17762-1051-18274-1563,1,0,0,0,0,0,0,0,0
61ME8B8BE_17230-3069-17742-3581,1,0,0,0,0,0,0,0,0
61ME8B8BE_18100-3396-18612-3908,1,0,0,0,0,0,0,0,0
61ME8B8BE_17125-1180-17637-1692,1,0,0,0,0,0,0,0,0
61ME8B8BE_17742-3581-18254-4093,1,0,0,0,0,0,0,0,0
61ME8B8BE_16969-3501-17481-4013,1,0,0,0,0,0,0,0,0
61ME8B8BE_17742-3069-18254-3581,1,0,0,0,0,0,0,0,0
61ME8B8BE_18274-1051-18786-1563,1,0,0,0,0,0,0,0,0
61ME8B8BE_18254-3581-18766-4093,1,0,0,0,0,0,0,0,0
61ME8B8BE_18274-539-18786-1051,1,0,0,0,0,0,0,0,0
61ME8B8BE_18766-3069-19278-3581,1,0,0,0,0,0,0,0,0
61ME8B8BE_18612-3396-19124-3908,1,0,0,0,0,0,0,0,0
61ME8B8BE_18766-3581-19278-4093,1,0,0,0,0,0,0,0,0
61ME8B8BE_2317-2076-2829-2588,1,0,0,0,0,0,0,0,0
61ME8B8BE_2940-2446-3452-2958,1,0,0,0,0,0,0,0,0
61ME8B8BE_2305-949-2817-1461,1,0,0,0,0,0,0,0,0
61ME8B8BE_2817-437-3329-949,1,0,0,0,0,0,0,0,0
61ME8B8BE_2305-1461-2817-1973,1,0,0,0,0,0,0,0,0
61ME8B8BE_3329-1461-3841-1973,1,0,0,0,0,0,0,0,0
61ME8B8BE_2817-949-3329-1461,1,0,0,0,0,0,0,0,0
61ME8B8BE_2817-1461-3329-1973,1,0,0,0,0,0,0,0,0
61ME8B8BE_2940-1934-3452-2446,1,0,0,0,0,0,0,0,0
61ME8B8BE_3329-949-3841-1461,1,0,0,0,0,0,0,0,0
61ME8B8BE_3329-437-3841-949,1,0,0,0,0,0,0,0,0
61ME8B8BE_3452-1934-3964-2446,1,0,0,0,0,0,0,0,0
61ME8B8BE_3452-2446-3964-2958,1,0,0,0,0,0,0,0,0
61ME8B8BE_3841-1461-4353-1973,1,0,0,0,0,0,0,0,0
61ME8B8BE_3841-437-4353-949,1,0,0,0,0,0,0,0,0
61ME8B8BE_3964-1934-4476-2446,1,0,0,0,0,0,0,0,0
61ME8B8BE_3841-949-4353-1461,1,0,0,0,0,0,0,0,0
61ME8B8BE_3964-2446-4476-2958,1,0,0,0,0,0,0,0,0
61ME8B8BE_5100-379-5612-891,1,0,0,0,0,0,0,0,0
61ME8B8BE_4588-379-5100-891,1,0,0,0,0,0,0,0,0
61ME8B8BE_5100-891-5612-1403,1,0,0,0,0,0,0,0,0
61ME8B8BE_4353-949-4865-1461,1,0,0,0,0,0,0,0,0
61ME8B8BE_6726-1541-7238-2053,1,0,0,0,0,0,0,0,0
61ME8B8BE_6214-2565-6726-3077,1,0,0,0,0,0,0,0,0
61ME8B8BE_5099-1856-5611-2368,1,0,0,0,0,0,0,0,0
61ME8B8BE_6726-2053-7238-2565,1,0,0,0,0,0,0,0,0
61ME8B8BE_5611-1856-6123-2368,1,0,0,0,0,0,0,0,0
61ME8B8BE_5612-891-6124-1403,1,0,0,0,0,0,0,0,0
61ME8B8BE_5612-379-6124-891,1,0,0,0,0,0,0,0,0
61ME8B8BE_6726-2565-7238-3077,1,0,0,0,0,0,0,0,0
61ME8B8BE_7238-1541-7750-2053,1,0,0,0,0,0,0,0,0
61ME8B8BE_7238-2053-7750-2565,1,0,0,0,0,0,0,0,0
61ME8B8BE_8034-1505-8546-2017,1,0,0,0,0,0,0,0,0
61ME8B8BE_7870-3543-8382-4055,1,0,0,0,0,0,0,0,0
61ME8B8BE_8034-2017-8546-2529,1,0,0,0,0,0,0,0,0
61ME8B8BE_8382-3543-8894-4055,1,0,0,0,0,0,0,0,0
61ME8B8BE_8793-1296-9305-1808,1,0,0,0,0,0,0,0,0
61ME8B8BE_8546-2017-9058-2529,1,0,0,0,0,0,0,0,0
61ME8B8BE_8894-3031-9406-3543,1,0,0,0,0,0,0,0,0
61ME8B8BE_844-684-1356-1196,1,0,0,0,0,0,0,0,0
61ME8B8BE_9305-1296-9817-1808,1,0,0,0,0,0,0,0,0
61ME8B8BE_9305-784-9817-1296,1,0,0,0,0,0,0,0,0
61ME8B8BE_9406-3031-9918-3543,1,0,0,0,0,0,0,0,0
61ME8B8BE_8546-1505-9058-2017,1,0,0,0,0,0,0,0,0
61ME8B8BE_8793-784-9305-1296,1,0,0,0,0,0,0,0,0
61ME8B8BE_9153-2368-9665-2880,1,0,0,0,0,0,0,0,0
61ME8B8BE_8894-3543-9406-4055,1,0,0,0,0,0,0,0,0
61ME8B8BE_9817-784-10329-1296,1,0,0,0,0,0,0,0,0
61ME8B8BE_9406-3543-9918-4055,1,0,0,0,0,0,0,0,0
61ME8B8BE_9817-1296-10329-1808,1,0,0,0,0,0,0,0,0
61ME8B8BE_9665-2368-10177-2880,1,0,0,0,0,0,0,0,0
61ME8B8BE_9918-3031-10430-3543,1,0,0,0,0,0,0,0,0
61ME8B8BE_9918-3543-10430-4055,1,0,0,0,0,0,0,0,0
61ME8B8BE_9963-2341-10475-2853,1,0,0,0,0,0,0,0,0
64PGTPIYM_1852-7126-2364-7638,0,1,0,0,0,0,0,0,0
64PGTPIYM_1896-3550-2408-4062,0,1,0,0,0,0,0,0,0
649LHACRR_4841-5386-5353-5898,0,0,0,0,0,0,0,1,0
64PGTPIYM_1185-3897-1697-4409,0,1,0,0,0,0,0,0,0
64PGTPIYM_3200-2911-3712-3423,0,1,0,0,0,0,0,0,0
64PGTPIYM_3276-3294-3788-3806,0,1,0,0,0,0,0,0,0
64PGTPIYM_2847-2694-3359-3206,0,1,0,0,0,0,0,0,0
64PGTPIYM_2226-3521-2738-4033,0,1,0,0,0,0,0,0,0
64PGTPIYM_3216-3600-3728-4112,0,1,0,0,0,0,0,0,0
64PGTPIYM_2181-3859-2693-4371,0,1,0,0,0,0,0,0,0
64PGTPIYM_3311-2661-3823-3173,0,1,0,0,0,0,0,0,0
64PGTPIYM_3778-3048-4290-3560,0,1,0,0,0,0,0,0,0
64PGTPIYM_4127-3353-4639-3865,0,1,0,0,0,0,0,0,0
64PGTPIYM_4327-3511-4839-4023,0,1,0,0,0,0,0,0,0
64PGTPIYM_3659-2828-4171-3340,0,1,0,0,0,0,0,0,0
64PGTPIYM_4277-1961-4789-2473,0,1,0,0,0,0,0,0,0
64PGTPIYM_3967-4292-4479-4804,0,1,0,0,0,0,0,0,0
64PGTPIYM_5180-7004-5692-7516,0,1,0,0,0,0,0,0,0
64PGTPIYM_5097-1550-5609-2062,0,1,0,0,0,0,0,0,0
66G9LWE86_2217-2252-2729-2764,0,0,0,0,0,1,0,0,0
64PGTPIYM_814-4297-1326-4809,0,1,0,0,0,0,0,0,0
64PGTPIYM_766-5203-1278-5715,0,1,0,0,0,0,0,0,0
66G9LWE86_2424-5690-2936-6202,0,0,0,0,0,1,0,0,0
64PGTPIYM_766-4691-1278-5203,0,1,0,0,0,0,0,0,0
64PGTPIYM_4734-1745-5246-2257,0,1,0,0,0,0,0,0,0
66G9LWE86_1245-8164-1757-8676,0,0,0,0,0,1,0,0,0
66G9LWE86_268-8168-780-8680,0,0,0,0,0,1,0,0,0
66G9LWE86_200-5872-712-6384,0,0,0,0,0,1,0,0,0
66G9LWE86_504-6168-1016-6680,0,0,0,0,0,1,0,0,0
66G9LWE86_745-6018-1257-6530,0,0,0,0,0,1,0,0,0
683ECLUV2_11942-4061-12454-4573,0,0,1,0,0,0,0,0,0
683ECLUV2_12966-4061-13478-4573,0,0,1,0,0,0,0,0,0
683ECLUV2_15024-4033-15536-4545,0,0,1,0,0,0,0,0,0
683ECLUV2_3886-3173-4398-3685,0,0,1,0,0,0,0,0,0
683ECLUV2_12454-4061-12966-4573,0,0,1,0,0,0,0,0,0
683ECLUV2_4153-2727-4665-3239,0,0,1,0,0,0,0,0,0
68K8RPG6D_3389-5429-3901-5941,0,0,0,0,0,1,0,0,0
68K8RPG6D_276-2501-788-3013,0,0,0,0,0,1,0,0,0
683ECLUV2_6845-4154-7357-4666,0,0,1,0,0,0,0,0,0
68Y8GAEJH_2184-5713-2696-6225,0,1,0,0,0,0,0,0,0
68Y8GAEJH_2184-6225-2696-6737,0,1,0,0,0,0,0,0,0
68Y8GAEJH_1672-6225-2184-6737,0,1,0,0,0,0,0,0,0
69EDUL8CU_1069-1905-1581-2417,0,0,1,0,0,0,0,0,0
68Y8GAEJH_1672-5713-2184-6225,0,1,0,0,0,0,0,0,0
69EDUL8CU_2006-1088-2518-1600,0,0,1,0,0,0,0,0,0
69EDUL8CU_2098-1714-2610-2226,0,0,1,0,0,0,0,0,0
69EDUL8CU_864-1737-1376-2249,0,0,1,0,0,0,0,0,0
69EDUL8CU_2105-756-2617-1268,0,0,1,0,0,0,0,0,0
69EDUL8CU_3360-3067-3872-3579,0,0,1,0,0,0,0,0,0
69UCLBYZ9_4004-1858-4516-2370,0,0,0,0,0,0,1,0,0
69EDUL8CU_2565-2336-3077-2848,0,0,1,0,0,0,0,0,0
69UCLBYZ9_5028-1858-5540-2370,0,0,0,0,0,0,1,0,0
69UCLBYZ9_4516-1858-5028-2370,0,0,0,0,0,0,1,0,0
69UCLBYZ9_5435-2808-5947-3320,0,0,0,0,0,0,1,0,0
6ADR22HQE_10624-7025-11136-7537,0,0,0,0,0,1,0,0,0
6ADR22HQE_10514-4701-11026-5213,0,0,0,0,0,1,0,0,0
6ADR22HQE_10002-4189-10514-4701,0,0,0,0,0,1,0,0,0
6ADR22HQE_10691-6322-11203-6834,0,0,0,0,0,1,0,0,0
6ADR22HQE_11314-6201-11826-6713,0,0,0,0,0,1,0,0,0
6ADR22HQE_10179-5810-10691-6322,0,0,0,0,0,1,0,0,0
6ADR22HQE_11363-5600-11875-6112,0,0,0,0,0,1,0,0,0
6ADR22HQE_10851-5088-11363-5600,0,0,0,0,0,1,0,0,0
6ADR22HQE_11414-5956-11926-6468,0,0,0,0,0,1,0,0,0
6ADR22HQE_11903-7029-12415-7541,0,0,0,0,0,1,0,0,0
6ADR22HQE_12126-2325-12638-2837,0,0,0,0,0,1,0,0,0
6ADR22HQE_2214-1449-2726-1961,0,0,0,0,0,1,0,0,0
6ADR22HQE_1607-1288-2119-1800,0,0,0,0,0,1,0,0,0
6ADR22HQE_2400-895-2912-1407,0,0,0,0,0,1,0,0,0
6ADR22HQE_2709-1805-3221-2317,0,0,0,0,0,1,0,0,0
6ADR22HQE_1773-619-2285-1131,0,0,0,0,0,1,0,0,0
6ADR22HQE_2912-895-3424-1407,0,0,0,0,0,1,0,0,0
6ADR22HQE_3744-1855-4256-2367,0,0,0,0,0,1,0,0,0
6ADR22HQE_5864-3687-6376-4199,0,0,0,0,0,1,0,0,0
6ADR22HQE_7025-3935-7537-4447,0,0,0,0,0,1,0,0,1
6ADR22HQE_7149-3688-7661-4200,0,0,0,0,0,1,0,0,1
6ADR22HQE_7149-4200-7661-4712,0,0,0,0,0,1,0,0,1
6ADR22HQE_6432-2994-6944-3506,0,0,0,0,0,1,0,0,0
6ADR22HQE_6115-3293-6627-3805,0,0,0,0,0,1,0,0,0
6ADR22HQE_7178-4524-7690-5036,0,0,0,0,0,1,0,0,0
6ADR22HQE_7727-6984-8239-7496,0,0,0,0,0,1,0,0,0
6ADR22HQE_7254-5327-7766-5839,0,0,0,0,0,1,0,0,0
6ADR22HQE_8027-6988-8539-7500,0,0,0,0,0,1,0,0,0
6ADR22HQE_8854-4364-9366-4876,0,0,0,0,0,1,0,0,0
6ADR22HQE_7948-3684-8460-4196,0,0,0,0,0,1,0,0,0
6ADR22HQE_8475-4572-8987-5084,0,0,0,0,0,1,0,0,0
6ADR22HQE_8460-4196-8972-4708,0,0,0,0,0,1,0,0,0
6ADR22HQE_9108-4713-9620-5225,0,0,0,0,0,1,0,0,0
6ADR22HQE_9353-4965-9865-5477,0,0,0,0,0,1,0,0,0
6ADR22HQE_9357-7009-9869-7521,0,0,0,0,0,1,0,0,0
6ADR22HQE_9495-3658-10007-4170,0,0,0,0,0,1,0,0,0
6ADR22HQE_9452-2174-9964-2686,0,0,0,0,0,1,0,0,0
6ADR22HQE_9865-5477-10377-5989,0,0,0,0,0,1,0,0,0
6AX2IFRIX_6054-6635-6566-7147,0,0,0,1,0,0,0,0,0
6BHUDYJCH_10103-2397-10615-2909,0,1,0,0,0,0,0,0,0
6BHUDYJCH_10140-1054-10652-1566,0,1,0,0,0,0,1,0,0
6ADR22HQE_9696-3879-10208-4391,0,0,0,0,0,1,0,0,0
6BHUDYJCH_10103-1373-10615-1885,0,1,0,0,0,0,1,0,0
6BHUDYJCH_10140-2078-10652-2590,0,1,0,0,0,0,0,0,0
6BHUDYJCH_10360-512-10872-1024,0,1,0,0,0,0,0,0,0
6BHUDYJCH_10615-1885-11127-2397,0,1,0,0,0,0,0,0,0
6BHUDYJCH_10652-1054-11164-1566,0,1,0,0,0,0,1,0,0
6BHUDYJCH_10652-542-11164-1054,0,1,0,0,0,0,0,0,0
6BHUDYJCH_10615-2397-11127-2909,0,1,0,0,0,0,0,0,0
6BHUDYJCH_10615-1373-11127-1885,0,1,0,0,0,0,1,0,0
6BHUDYJCH_11164-1054-11676-1566,0,0,0,0,0,0,1,0,0
6BHUDYJCH_11676-2078-12188-2590,0,1,0,0,0,0,0,0,0
6BHUDYJCH_11676-1054-12188-1566,0,1,0,0,0,0,1,0,0
6BHUDYJCH_1204-846-1716-1358,0,1,0,0,0,0,0,0,0
6BHUDYJCH_1214-2987-1726-3499,0,1,0,0,0,0,0,0,0
6BHUDYJCH_11902-2863-12414-3375,0,1,0,0,0,0,0,0,0
6BHUDYJCH_12188-1566-12700-2078,0,1,0,0,0,0,0,0,0
6BHUDYJCH_12188-2078-12700-2590,0,1,0,0,0,0,0,0,0
6BHUDYJCH_12312-2402-12824-2914,0,1,0,0,0,0,0,0,0
6BHUDYJCH_12188-1054-12700-1566,0,1,0,0,0,0,1,0,0
6BHUDYJCH_12312-2914-12824-3426,0,1,0,0,0,0,0,0,0
6BHUDYJCH_1290-1467-1802-1979,0,1,0,0,0,0,0,0,0
6BHUDYJCH_1264-2201-1776-2713,0,1,0,0,0,0,0,0,0
6BHUDYJCH_1779-2324-2291-2836,0,1,0,0,0,0,0,0,0
6BHUDYJCH_1802-1467-2314-1979,0,1,0,0,0,0,0,0,0
6BHUDYJCH_12956-494-13468-1006,0,1,0,0,0,0,0,0,0
6BHUDYJCH_1859-507-2371-1019,0,1,0,0,0,0,0,0,0
6BHUDYJCH_1726-2987-2238-3499,0,1,0,0,0,0,0,0,0
6BHUDYJCH_2272-2197-2784-2709,0,1,0,0,0,0,0,0,0
6BHUDYJCH_2314-1467-2826-1979,0,1,0,0,0,0,0,0,0
6BHUDYJCH_2371-507-2883-1019,0,1,0,0,0,0,0,0,0
6BHUDYJCH_2939-3046-3451-3558,0,1,0,0,0,0,0,0,0
6BHUDYJCH_3417-2897-3929-3409,0,1,0,0,0,0,0,0,0
6BHUDYJCH_3753-2857-4265-3369,0,1,0,0,0,0,0,0,0
6BHUDYJCH_2587-2179-3099-2691,0,1,0,0,0,0,0,0,0
6BHUDYJCH_4191-1511-4703-2023,0,1,0,0,0,0,0,0,0
6BHUDYJCH_4265-2857-4777-3369,0,1,0,0,0,0,1,0,0
6BHUDYJCH_4191-2535-4703-3047,0,1,0,0,0,0,0,0,0
6BHUDYJCH_4688-1554-5200-2066,0,1,0,0,0,0,0,0,0
6BHUDYJCH_4332-839-4844-1351,0,1,0,0,0,0,0,0,0
6BHUDYJCH_4703-2023-5215-2535,0,1,0,0,0,0,0,0,0
6BHUDYJCH_4707-811-5219-1323,0,1,0,0,0,0,0,0,0
6BHUDYJCH_4703-2535-5215-3047,0,1,0,0,0,0,1,0,0
6BHUDYJCH_4703-487-5215-999,0,1,0,0,0,0,0,0,0
6BHUDYJCH_4879-2278-5391-2790,0,1,0,0,0,0,1,0,0
6BHUDYJCH_4703-3047-5215-3559,0,1,0,0,0,0,1,0,0
6BHUDYJCH_5150-2662-5662-3174,0,1,0,0,0,0,1,0,0
6BHUDYJCH_5215-1511-5727-2023,0,0,0,0,0,0,1,0,0
6BHUDYJCH_5215-2023-5727-2535,0,1,0,0,0,0,1,0,0
6BHUDYJCH_5215-3047-5727-3559,0,1,0,0,0,0,0,0,0
6BHUDYJCH_5272-545-5784-1057,0,1,0,0,0,0,1,0,0
6BHUDYJCH_5727-1511-6239-2023,0,0,0,0,0,0,1,0,0
6BHUDYJCH_5215-999-5727-1511,0,1,0,0,0,0,1,0,0
6BHUDYJCH_5727-487-6239-999,0,1,0,0,0,0,1,0,0
6BHUDYJCH_5727-2023-6239-2535,0,1,0,0,0,0,1,0,0
6BHUDYJCH_5727-2535-6239-3047,0,1,0,0,0,0,0,0,0
6BHUDYJCH_6034-1906-6546-2418,0,1,0,0,0,0,0,0,0
6BHUDYJCH_5727-999-6239-1511,0,0,0,0,0,0,1,0,0
6BHUDYJCH_5898-2261-6410-2773,0,1,0,0,0,0,0,0,0
6BHUDYJCH_7157-2918-7669-3430,0,1,0,0,0,0,0,0,0
6BHUDYJCH_8167-519-8679-1031,0,1,0,0,0,0,0,0,0
6BHUDYJCH_9116-542-9628-1054,0,1,0,0,0,0,1,0,0
6BHUDYJCH_8734-779-9246-1291,0,1,0,0,0,0,1,0,0
6BHUDYJCH_9628-1054-10140-1566,0,1,0,0,0,0,1,0,0
6BHUDYJCH_9628-542-10140-1054,0,1,0,0,0,0,1,0,0
6BLW9X2AV_2144-8597-2656-9109,0,0,0,0,0,0,0,0,1
6BLW9X2AV_1777-1185-2289-1697,0,0,0,0,0,0,0,0,1
6D8Z9XU8L_2159-3438-2671-3950,0,0,1,0,0,0,0,0,0
6BRY4TYB4_15178-2026-15690-2538,1,0,0,0,0,0,0,0,0
6BRY4TYB4_15727-1902-16239-2414,1,0,0,0,0,0,0,0,0
6D8Z9XU8L_658-1798-1170-2310,0,0,1,0,0,0,0,0,0
6BRY4TYB4_14926-1775-15438-2287,1,0,0,0,0,0,0,0,0
6D8Z9XU8L_703-2893-1215-3405,0,0,1,0,0,0,0,0,0
6CB8ZXGM2_5292-2897-5804-3409,0,0,1,0,0,0,0,0,0
6D8Z9XU8L_743-3241-1255-3753,0,0,1,0,0,0,0,0,0
6D8Z9XU8L_853-2652-1365-3164,0,0,1,0,0,0,0,0,0
6D8Z9XU8L_759-1545-1271-2057,0,0,1,0,0,0,0,0,0
6D8Z9XU8L_895-2140-1407-2652,0,0,1,0,0,0,0,0,0
6D8Z9XU8L_966-1718-1478-2230,0,0,1,0,0,0,0,0,0
6FANAP262_295-2518-807-3030,0,0,0,0,0,1,0,0,1
6FANAP262_2478-2559-2990-3071,0,0,0,0,0,0,0,0,1
6FANAP262_1995-742-2507-1254,0,0,0,0,0,0,0,0,1
6FQK4EMIY_3021-1135-3533-1647,0,0,0,1,0,0,0,0,0
6FANAP262_417-2276-929-2788,0,0,0,0,0,1,0,0,1
6FANAP262_622-2407-1134-2919,0,0,0,0,0,1,0,0,1
6FQK4EMIY_3021-1647-3533-2159,0,0,0,1,0,0,0,0,0
6FQK4EMIY_3533-623-4045-1135,0,0,0,1,0,0,0,0,0
6FQK4EMIY_3021-3695-3533-4207,0,0,0,1,0,0,0,0,0
6FQK4EMIY_3021-2671-3533-3183,0,0,0,1,0,0,0,0,0
6FQK4EMIY_3021-2159-3533-2671,0,0,0,1,0,0,0,0,0
6FQK4EMIY_3021-3183-3533-3695,0,0,0,1,0,0,0,0,0
6FQK4EMIY_3533-3695-4045-4207,0,0,0,1,0,0,0,0,0
6FQK4EMIY_4045-2671-4557-3183,0,0,0,1,0,0,0,0,0
6FQK4EMIY_4045-1135-4557-1647,0,0,0,1,0,0,0,0,0
6FQK4EMIY_4045-3183-4557-3695,0,0,0,1,0,0,0,0,0
6FQK4EMIY_4045-3695-4557-4207,0,0,0,1,0,0,0,0,0
6FQK4EMIY_4045-623-4557-1135,0,0,0,1,0,0,0,0,0
6FUVXAJQR_395-5411-907-5923,0,0,0,0,0,1,0,0,0
6FUVXAJQR_4473-4684-4985-5196,0,0,0,0,0,1,0,0,0
6FUVXAJQR_156-380-668-892,0,0,0,0,0,1,0,0,1
6FYK9V9D9_1007-4435-1519-4947,1,0,0,0,0,0,0,0,0
6FYK9V9D9_1007-4947-1519-5459,1,0,0,0,0,0,0,0,0
6FYK9V9D9_1007-7507-1519-8019,1,0,0,0,0,0,0,0,0
6FYK9V9D9_1007-5459-1519-5971,1,0,0,0,0,0,0,0,0
6FYK9V9D9_1007-6483-1519-6995,1,0,0,0,0,0,0,0,0
6FYK9V9D9_1007-8019-1519-8531,1,0,0,0,0,0,0,0,0
6FYK9V9D9_1007-5971-1519-6483,1,0,0,0,0,0,0,0,0
6FYK9V9D9_1007-6995-1519-7507,1,0,0,0,0,0,0,0,0
6FYK9V9D9_1007-8531-1519-9043,1,0,0,0,0,0,0,0,0
6FYK9V9D9_1007-9043-1519-9555,1,0,0,0,0,0,0,0,0
6FYK9V9D9_1053-907-1565-1419,1,0,0,0,0,0,0,0,0
6FYK9V9D9_1053-1419-1565-1931,1,0,0,0,0,0,0,0,0
6FYK9V9D9_1067-2309-1579-2821,1,0,0,0,0,0,0,0,0
6FYK9V9D9_1519-4435-2031-4947,1,0,0,0,0,0,0,0,0
6FYK9V9D9_1519-4947-2031-5459,1,0,0,0,0,0,0,0,0
6FYK9V9D9_1491-6631-2003-7143,1,0,0,0,0,0,0,0,0
6FYK9V9D9_1322-8904-1834-9416,1,0,0,0,0,0,0,0,0
6FYK9V9D9_1491-6119-2003-6631,1,0,0,0,0,0,0,0,0
6FYK9V9D9_1519-6995-2031-7507,1,0,0,0,0,0,0,0,0
6FYK9V9D9_1519-5459-2031-5971,1,0,0,0,0,0,0,0,0
6FYK9V9D9_1570-3149-2082-3661,1,0,0,0,0,0,0,0,0
6FYK9V9D9_1519-7507-2031-8019,1,0,0,0,0,0,0,0,0
6FYK9V9D9_1519-9043-2031-9555,1,0,0,0,0,0,0,0,0
6FYK9V9D9_1579-2309-2091-2821,1,0,0,0,0,0,0,0,0
6FYK9V9D9_1519-8531-2031-9043,1,0,0,0,0,0,0,0,0
6FYK9V9D9_1519-8019-2031-8531,1,0,0,0,0,0,0,0,0
6FYK9V9D9_1570-4173-2082-4685,1,0,0,0,0,0,0,0,0
6FYK9V9D9_1570-3661-2082-4173,1,0,0,0,0,0,0,0,0
6FYK9V9D9_1738-5196-2250-5708,1,0,0,0,0,0,0,0,0
6FYK9V9D9_1601-794-2113-1306,1,0,0,0,0,0,0,0,0
6FYK9V9D9_1738-4684-2250-5196,1,0,0,0,0,0,0,0,0
6FYK9V9D9_1738-5708-2250-6220,1,0,0,0,0,0,0,0,0
6FYK9V9D9_2031-4435-2543-4947,1,0,0,0,0,0,0,0,0
6FYK9V9D9_1834-8904-2346-9416,1,0,0,0,0,0,0,0,0
6FYK9V9D9_2003-6119-2515-6631,1,0,0,0,0,0,0,0,0
6FYK9V9D9_1738-6220-2250-6732,1,0,0,0,0,0,0,0,0
6FYK9V9D9_2031-4947-2543-5459,1,0,0,0,0,0,0,0,0
6FYK9V9D9_2031-5459-2543-5971,1,0,0,0,0,0,0,0,0
6FYK9V9D9_2250-4684-2762-5196,1,0,0,0,0,0,0,0,0
6FYK9V9D9_2031-6483-2543-6995,1,0,0,0,0,0,0,0,0
6FYK9V9D9_2031-9043-2543-9555,1,0,0,0,0,0,0,0,0
6FYK9V9D9_2031-7507-2543-8019,1,0,0,0,0,0,0,0,0
6FYK9V9D9_2082-3149-2594-3661,1,0,0,0,0,0,0,0,0
6FYK9V9D9_2113-794-2625-1306,1,0,0,0,0,0,0,0,0
6FYK9V9D9_2031-6995-2543-7507,1,0,0,0,0,0,0,0,0
6FYK9V9D9_2031-8531-2543-9043,1,0,0,0,0,0,0,0,0
6FYK9V9D9_2250-5708-2762-6220,1,0,0,0,0,0,0,0,0
6FYK9V9D9_2250-5196-2762-5708,1,0,0,0,0,0,0,0,0
6FYK9V9D9_2250-6220-2762-6732,1,0,0,0,0,0,0,0,0
6FYK9V9D9_2256-2224-2768-2736,1,0,0,0,0,0,0,0,0
6FYK9V9D9_2543-4947-3055-5459,1,0,0,0,0,0,0,0,0
6FYK9V9D9_2543-5459-3055-5971,1,0,0,0,0,0,0,0,0
6FYK9V9D9_2346-8904-2858-9416,1,0,0,0,0,0,0,0,0
6FYK9V9D9_2543-5971-3055-6483,1,0,0,0,0,0,0,0,0
6FYK9V9D9_2543-6483-3055-6995,1,0,0,0,0,0,0,0,0
6FYK9V9D9_2543-8019-3055-8531,1,0,0,0,0,0,0,0,0
6FYK9V9D9_2594-3149-3106-3661,1,0,0,0,0,0,0,0,0
6FYK9V9D9_2543-6995-3055-7507,1,0,0,0,0,0,0,0,0
6FYK9V9D9_2543-7507-3055-8019,1,0,0,0,0,0,0,0,0
6FYK9V9D9_2762-5708-3274-6220,1,0,0,0,0,0,0,0,0
6FYK9V9D9_2594-4685-3106-5197,1,0,0,0,0,0,0,0,0
6FYK9V9D9_2546-779-3058-1291,1,0,0,0,0,0,0,0,0
6FYK9V9D9_2762-5196-3274-5708,1,0,0,0,0,0,0,0,0
6FYK9V9D9_2543-9043-3055-9555,1,0,0,0,0,0,0,0,0
6FYK9V9D9_2768-2224-3280-2736,1,0,0,0,0,0,0,0,0
6FYK9V9D9_2762-6220-3274-6732,1,0,0,0,0,0,0,0,0
6FYK9V9D9_2768-1712-3280-2224,1,0,0,0,0,0,0,0,0
6FYK9V9D9_2854-6940-3366-7452,1,0,0,0,0,0,0,0,0
6FYK9V9D9_3058-779-3570-1291,1,0,0,0,0,0,0,0,0
6FYK9V9D9_2858-8904-3370-9416,1,0,0,0,0,0,0,0,0
6FYK9V9D9_2854-7452-3366-7964,1,0,0,0,0,0,0,0,0
6FYK9V9D9_3106-4173-3618-4685,1,0,0,0,0,0,0,0,0
6FYK9V9D9_3280-1712-3792-2224,1,0,0,0,0,0,0,0,0
6FYK9V9D9_3106-3661-3618-4173,1,0,0,0,0,0,0,0,0
6FYK9V9D9_3106-3149-3618-3661,1,0,0,0,0,0,0,0,0
6FYK9V9D9_3366-6940-3878-7452,1,0,0,0,0,0,0,0,0
6FYK9V9D9_3106-4685-3618-5197,1,0,0,0,0,0,0,0,0
6FYK9V9D9_3370-8904-3882-9416,1,0,0,0,0,0,0,0,0
6FYK9V9D9_3280-1200-3792-1712,1,0,0,0,0,0,0,0,0
6FYK9V9D9_3366-7452-3878-7964,1,0,0,0,0,0,0,0,0
6FYK9V9D9_3553-4489-4065-5001,1,0,0,0,0,0,0,0,0
6FYK9V9D9_3553-3977-4065-4489,1,0,0,0,0,0,0,0,0
6FYK9V9D9_3760-7330-4272-7842,1,0,0,0,0,0,0,0,0
6FYK9V9D9_3760-6818-4272-7330,1,0,0,0,0,0,0,0,0
6FYK9V9D9_3570-779-4082-1291,1,0,0,0,0,0,0,0,0
6FYK9V9D9_3760-7842-4272-8354,1,0,0,0,0,0,0,0,0
6FYK9V9D9_3760-8866-4272-9378,1,0,0,0,0,0,0,0,0
6FYK9V9D9_4082-779-4594-1291,1,0,0,0,0,0,0,0,0
6FYK9V9D9_4114-1140-4626-1652,1,0,0,0,0,0,0,0,0
6FYK9V9D9_4272-6306-4784-6818,1,0,0,0,0,0,0,0,0
6FYK9V9D9_4594-779-5106-1291,1,0,0,0,0,0,0,0,0
6FYK9V9D9_4114-1652-4626-2164,1,0,0,0,0,0,0,0,0
6FYK9V9D9_4272-6818-4784-7330,1,0,0,0,0,0,0,0,0
6FYK9V9D9_4626-1652-5138-2164,1,0,0,0,0,0,0,0,0
6FYK9V9D9_4272-7330-4784-7842,1,0,0,0,0,0,0,0,0
6FYK9V9D9_4784-6306-5296-6818,1,0,0,0,0,0,0,0,0
6FYK9V9D9_4626-1140-5138-1652,1,0,0,0,0,0,0,0,0
6FYK9V9D9_4272-8866-4784-9378,1,0,0,0,0,0,0,0,0
6FYK9V9D9_4272-8354-4784-8866,1,0,0,0,0,0,0,0,0
6FYK9V9D9_4784-6818-5296-7330,1,0,0,0,0,0,0,0,0
6FYK9V9D9_4916-3795-5428-4307,1,0,0,0,0,0,0,0,0
6FYK9V9D9_4784-7330-5296-7842,1,0,0,0,0,0,0,0,0
6FYK9V9D9_4784-8866-5296-9378,1,0,0,0,0,0,0,0,0
6FYK9V9D9_4916-4307-5428-4819,1,0,0,0,0,0,0,0,0
6FYK9V9D9_5138-1140-5650-1652,1,0,0,0,0,0,0,0,0
6FYK9V9D9_5106-779-5618-1291,1,0,0,0,0,0,0,0,0
6FYK9V9D9_5218-2403-5730-2915,1,0,0,0,0,0,0,0,0
6FYK9V9D9_5218-2915-5730-3427,1,0,0,0,0,0,0,0,0
6FYK9V9D9_5296-6306-5808-6818,1,0,0,0,0,0,0,0,0
6FYK9V9D9_5138-1652-5650-2164,1,0,0,0,0,0,0,0,0
6FYK9V9D9_5296-7330-5808-7842,1,0,0,0,0,0,0,0,0
6FYK9V9D9_5544-4736-6056-5248,1,0,0,0,0,0,0,0,0
6FYK9V9D9_5428-3795-5940-4307,1,0,0,0,0,0,0,0,0
6FYK9V9D9_5296-7842-5808-8354,1,0,0,0,0,0,0,0,0
6FYK9V9D9_5428-4307-5940-4819,1,0,0,0,0,0,0,0,0
6FYK9V9D9_5296-8866-5808-9378,1,0,0,0,0,0,0,0,0
6FYK9V9D9_5544-5248-6056-5760,1,0,0,0,0,0,0,0,0
6FYK9V9D9_5296-8354-5808-8866,1,0,0,0,0,0,0,0,0
6FYK9V9D9_5544-5760-6056-6272,1,0,0,0,0,0,0,0,0
6FYK9V9D9_5650-1140-6162-1652,1,0,0,0,0,0,0,0,0
6FYK9V9D9_5618-779-6130-1291,1,0,0,0,0,0,0,0,0
6FYK9V9D9_5717-4278-6229-4790,1,0,0,0,0,0,0,0,0
6FYK9V9D9_5650-1652-6162-2164,1,0,0,0,0,0,0,0,0
6FYK9V9D9_5717-3766-6229-4278,1,0,0,0,0,0,0,0,0
6FYK9V9D9_6056-4736-6568-5248,1,0,0,0,0,0,0,0,0
6FYK9V9D9_5808-8866-6320-9378,1,0,0,0,0,0,0,0,0
6FYK9V9D9_5808-6306-6320-6818,1,0,0,0,0,0,0,0,0
6FYK9V9D9_5730-2403-6242-2915,1,0,0,0,0,0,0,0,0
6FYK9V9D9_6056-5760-6568-6272,1,0,0,0,0,0,0,0,0
6FYK9V9D9_5917-4536-6429-5048,1,0,0,0,0,0,0,0,0
6FYK9V9D9_5808-6818-6320-7330,1,0,0,0,0,0,0,0,0
6FYK9V9D9_5730-2915-6242-3427,1,0,0,0,0,0,0,0,0
6FYK9V9D9_6229-3766-6741-4278,1,0,0,0,0,0,0,0,0
6FYK9V9D9_6056-5248-6568-5760,1,0,0,0,0,0,0,0,0
6FYK9V9D9_6130-779-6642-1291,1,0,0,0,0,0,0,0,0
6FYK9V9D9_6229-4278-6741-4790,1,0,0,0,0,0,0,0,0
6FYK9V9D9_6242-2915-6754-3427,1,0,0,0,0,0,0,0,0
6FYK9V9D9_6242-2403-6754-2915,1,0,0,0,0,0,0,0,0
6FYK9V9D9_6243-5599-6755-6111,1,0,0,0,0,0,0,0,0
6FYK9V9D9_6320-6818-6832-7330,1,0,0,0,0,0,0,0,0
6FYK9V9D9_6320-8866-6832-9378,1,0,0,0,0,0,0,0,0
6FYK9V9D9_6243-6111-6755-6623,1,0,0,0,0,0,0,0,0
6GDCTNWXY_3909-3827-4421-4339,0,0,1,0,0,0,0,0,0
6GDCTNWXY_5487-3761-5999-4273,0,0,1,0,0,0,0,0,0
6GDCTNWXY_5141-7908-5653-8420,0,0,1,0,0,0,0,0,0
6GDCTNWXY_5102-3709-5614-4221,0,0,1,0,0,0,0,0,0
6GDCTNWXY_4820-4278-5332-4790,0,0,1,0,0,0,0,0,0
6GDCTNWXY_5698-6546-6210-7058,0,0,1,0,0,0,0,0,0
6GDCTNWXY_3909-4339-4421-4851,0,0,1,0,0,0,0,0,0
6GDCTNWXY_5732-4057-6244-4569,0,0,1,0,0,0,0,0,0
6GDCTNWXY_5732-3545-6244-4057,0,0,1,0,0,0,0,0,0
6GDCTNWXY_5489-2831-6001-3343,0,0,1,0,0,0,0,0,0
6GDCTNWXY_5441-8279-5953-8791,0,0,1,0,0,0,0,0,0
6GDCTNWXY_5732-4569-6244-5081,0,0,1,0,0,0,0,0,0
6GDCTNWXY_6010-3462-6522-3974,0,0,1,0,0,0,0,0,0
6GDCTNWXY_5861-3173-6373-3685,0,0,1,0,0,0,0,0,0
6GDCTNWXY_5961-974-6473-1486,0,0,1,0,0,0,0,0,0
6GDCTNWXY_6244-4057-6756-4569,0,0,1,0,0,0,0,0,0
6GDCTNWXY_6244-4569-6756-5081,0,0,1,0,0,0,0,0,0
6GDCTNWXY_6535-1558-7047-2070,0,0,1,0,0,0,0,0,0
6GDCTNWXY_6573-802-7085-1314,0,0,1,0,0,0,0,0,0
6GDCTNWXY_6244-5081-6756-5593,0,0,1,0,0,0,0,0,0
6GDCTNWXY_6553-2437-7065-2949,0,0,1,0,0,0,0,0,0
6GDCTNWXY_6710-2167-7222-2679,0,0,1,0,0,0,0,0,0
6GDCTNWXY_7001-3233-7513-3745,0,0,1,0,0,0,0,0,0
6GDCTNWXY_6396-2002-6908-2514,0,0,1,0,0,0,0,0,0
6GDCTNWXY_6710-2679-7222-3191,0,0,1,0,0,0,0,0,0
6GDCTNWXY_7093-3613-7605-4125,0,0,1,0,0,0,0,0,0
6GDCTNWXY_7080-2271-7592-2783,0,0,1,0,0,0,0,0,0
6GDCTNWXY_7347-3391-7859-3903,0,0,1,0,0,0,0,0,0
6GDCTNWXY_7222-2679-7734-3191,0,0,1,0,0,0,0,0,0
6GDCTNWXY_7528-3162-8040-3674,0,0,1,0,0,0,0,0,0
6GDCTNWXY_7868-3527-8380-4039,0,0,1,0,0,0,0,0,0
6GDCTNWXY_8129-3709-8641-4221,0,0,1,0,0,0,0,0,0
6GDCTNWXY_7617-5803-8129-6315,0,0,1,0,0,0,0,0,0
6GDCTNWXY_8362-7591-8874-8103,0,0,1,0,0,0,0,0,0
6GDCTNWXY_8426-541-8938-1053,0,0,1,0,0,0,0,0,0
6GDCTNWXY_8435-5655-8947-6167,0,0,1,0,0,0,0,0,0
6GDCTNWXY_8515-3173-9027-3685,0,0,1,0,0,0,0,0,0
6GXTGK6Y2_1934-4202-2446-4714,0,0,0,0,0,1,0,0,0
6GXTGK6Y2_1801-806-2313-1318,0,0,0,0,0,1,0,0,0
6GXTGK6Y2_1289-806-1801-1318,0,0,0,0,0,1,0,0,0
6GDCTNWXY_8552-775-9064-1287,0,0,1,0,0,0,0,0,0
6GDCTNWXY_8651-1401-9163-1913,0,0,0,1,0,0,0,0,0
6GXTGK6Y2_1431-4205-1943-4717,0,0,0,0,0,1,0,0,0
6GXTGK6Y2_2313-806-2825-1318,0,0,0,0,0,1,0,0,0
6GXTGK6Y2_2446-4202-2958-4714,0,0,0,0,0,1,0,0,0
6GDCTNWXY_8489-2473-9001-2985,0,0,1,0,0,0,0,0,0
6GXTGK6Y2_2825-806-3337-1318,0,0,0,0,0,1,0,0,0
6GXTGK6Y2_3075-4200-3587-4712,0,0,0,0,0,1,0,0,0
6GXTGK6Y2_3337-806-3849-1318,0,0,0,0,0,1,0,0,0
6GXTGK6Y2_3587-4200-4099-4712,0,0,0,0,0,1,0,0,0
6GXTGK6Y2_3849-806-4361-1318,0,0,0,0,0,1,0,0,0
6GXTGK6Y2_4099-4200-4611-4712,0,0,0,0,0,1,0,0,0
6GXTGK6Y2_4873-806-5385-1318,0,0,0,0,0,1,0,0,0
6GXTGK6Y2_5383-4198-5895-4710,0,0,0,0,0,1,0,0,0
6GXTGK6Y2_4361-806-4873-1318,0,0,0,0,0,1,0,0,0
6GXTGK6Y2_4871-4198-5383-4710,0,0,0,0,0,1,0,0,0
6GXTGK6Y2_6919-4198-7431-4710,0,0,0,0,0,1,0,0,0
6GXTGK6Y2_5385-806-5897-1318,0,0,0,0,0,1,0,0,0
6GXTGK6Y2_5897-806-6409-1318,0,0,0,0,0,1,0,0,0
6GXTGK6Y2_6409-806-6921-1318,0,0,0,0,0,1,0,0,0
6GXTGK6Y2_7433-806-7945-1318,0,0,0,0,0,1,0,0,0
6GXTGK6Y2_7506-4189-8018-4701,0,0,0,0,0,1,0,0,0
6GXTGK6Y2_6407-4198-6919-4710,0,0,0,0,0,1,0,0,0
6GXTGK6Y2_6921-806-7433-1318,0,0,0,0,0,1,0,0,0
6GXTGK6Y2_5895-4198-6407-4710,0,0,0,0,0,1,0,0,0
6GXTGK6Y2_777-806-1289-1318,0,0,0,0,0,1,0,0,1
6GXTGK6Y2_8018-4189-8530-4701,0,0,0,0,0,1,0,0,0
6GXTGK6Y2_7945-806-8457-1318,0,0,0,0,0,1,0,0,0
6GXTGK6Y2_8457-806-8969-1318,0,0,0,0,0,1,0,0,0
6GXTGK6Y2_9481-806-9993-1318,0,0,0,0,0,1,0,0,0
6GXTGK6Y2_8969-806-9481-1318,0,0,0,0,0,1,0,0,0
6JFQ48M9K_11732-4736-12244-5248,0,0,0,0,0,0,0,0,1
6GXTGK6Y2_919-4205-1431-4717,0,0,0,0,0,1,0,0,0
6GXTGK6Y2_9993-806-10505-1318,0,0,0,0,0,1,0,0,0
6GXTGK6Y2_8530-4189-9042-4701,0,0,0,0,0,1,0,0,0
6GXTGK6Y2_9042-4189-9554-4701,0,0,0,0,0,1,0,0,0
6GXTGK6Y2_9554-4189-10066-4701,0,0,0,0,0,1,0,0,0
6IQZRCMM4_1552-7651-2064-8163,0,0,0,0,0,0,0,0,1
6IQZRCMM4_1184-7669-1696-8181,0,0,0,0,0,0,0,0,1
6KJHV2Z3W_4436-546-4948-1058,0,0,1,0,0,0,0,0,0
6JFQ48M9K_1159-6099-1671-6611,0,0,0,0,0,0,0,0,1
6JFQ48M9K_1583-5518-2095-6030,0,0,0,0,0,0,0,0,1
6KJHV2Z3W_4694-4068-5206-4580,0,0,1,0,0,0,0,0,0
6KJHV2Z3W_624-4476-1136-4988,0,0,1,0,0,0,0,0,0
6KJHV2Z3W_6063-523-6575-1035,0,0,1,0,0,0,0,0,0
6KJHV2Z3W_5932-2092-6444-2604,0,0,1,0,0,0,0,0,0
6KJHV2Z3W_6258-1469-6770-1981,0,0,1,0,0,0,0,0,0
6KJHV2Z3W_6330-1125-6842-1637,0,0,1,0,0,0,0,0,0
6KJHV2Z3W_6350-511-6862-1023,0,0,1,0,0,0,0,0,0
6KJHV2Z3W_8136-3577-8648-4089,0,0,1,0,0,0,0,0,0
6KJHV2Z3W_7214-3875-7726-4387,0,0,1,0,0,0,0,0,0
6KJHV2Z3W_8162-2120-8674-2632,0,0,1,0,0,0,0,0,0
6LVV8WFIU_3548-2990-4060-3502,0,0,1,0,0,0,0,0,0
6MCJ8L1PM_3092-1440-3604-1952,0,0,0,0,0,0,0,1,0
6MCGFRJ6A_279-4754-791-5266,0,0,0,0,0,0,0,0,1
6KJHV2Z3W_8209-2590-8721-3102,0,0,1,0,0,0,0,0,0
6KJHV2Z3W_8444-3752-8956-4264,0,0,1,0,0,0,0,0,0
6MCJ8L1PM_3830-1049-4342-1561,0,0,0,0,0,0,0,1,0
6MCJ8L1PM_4051-1276-4563-1788,0,0,0,0,0,0,0,1,0
6MCGFRJ6A_4792-5135-5304-5647,0,0,0,0,0,1,0,0,0
6MCJ8L1PM_4414-1784-4926-2296,0,0,0,0,0,0,0,1,0
6PH9B3KWN_10006-4827-10518-5339,0,1,0,0,0,0,0,0,0
6PH9B3KWN_10006-5339-10518-5851,0,1,0,0,0,0,0,0,0
6MCJ8L1PM_7223-1824-7735-2336,0,0,0,0,0,0,0,1,0
6PH9B3KWN_10518-5851-11030-6363,0,1,0,0,0,0,0,0,0
6PH9B3KWN_10006-6875-10518-7387,0,1,0,0,0,0,0,0,0
6PH9B3KWN_10006-6363-10518-6875,0,1,0,0,0,0,0,0,0
6PH9B3KWN_10518-6363-11030-6875,0,1,0,0,0,0,0,0,0
6PH9B3KWN_10518-4827-11030-5339,0,1,0,0,0,0,0,0,0
6PH9B3KWN_10399-1268-10911-1780,0,1,0,0,0,0,0,0,0
6PH9B3KWN_10518-5339-11030-5851,0,1,0,0,0,0,0,0,0
6PH9B3KWN_10563-11291-11075-11803,0,1,0,0,0,0,0,0,0
6PH9B3KWN_1219-1111-1731-1623,0,1,0,0,0,0,0,0,0
6PH9B3KWN_10563-11803-11075-12315,0,1,0,0,0,0,0,0,0
6PH9B3KWN_1219-1623-1731-2135,0,1,0,0,0,0,0,0,0
6PH9B3KWN_10952-878-11464-1390,0,1,0,0,0,0,0,0,0
6PH9B3KWN_1731-1111-2243-1623,0,1,0,0,0,0,0,0,0
6PH9B3KWN_1815-4025-2327-4537,0,1,0,0,0,0,0,0,0
6PH9B3KWN_1815-4537-2327-5049,0,1,0,0,0,0,0,0,0
6PH9B3KWN_1815-5049-2327-5561,0,1,0,0,0,0,0,0,0
6PH9B3KWN_2327-4025-2839-4537,0,1,0,0,0,0,0,0,0
6PH9B3KWN_2679-7027-3191-7539,0,1,0,0,0,0,0,0,0
6PH9B3KWN_2709-4090-3221-4602,0,1,0,0,0,0,0,0,0
6PH9B3KWN_3035-3301-3547-3813,0,1,0,0,0,0,0,0,0
6PH9B3KWN_3699-9360-4211-9872,0,1,0,0,0,0,0,0,0
6PH9B3KWN_2709-3578-3221-4090,0,1,0,0,0,0,0,0,0
6PH9B3KWN_3035-3813-3547-4325,0,1,0,0,0,0,0,0,0
6PH9B3KWN_3547-3813-4059-4325,0,1,0,0,0,0,0,0,0
6PH9B3KWN_4059-2277-4571-2789,0,1,0,0,0,0,0,0,0
6PH9B3KWN_3699-10896-4211-11408,0,1,0,0,0,0,0,0,0
6PH9B3KWN_3699-9872-4211-10384,0,1,0,0,0,0,0,0,0
6PH9B3KWN_3699-10384-4211-10896,0,1,0,0,0,0,0,0,0
6PH9B3KWN_4059-1253-4571-1765,0,1,0,0,0,0,0,0,0
6PH9B3KWN_4059-2789-4571-3301,0,1,0,0,0,0,0,0,0
6PH9B3KWN_4059-1765-4571-2277,0,1,0,0,0,0,0,0,0
6PH9B3KWN_4059-3813-4571-4325,0,1,0,0,0,0,0,0,0
6PH9B3KWN_4211-10384-4723-10896,0,1,0,0,0,0,0,0,0
6PH9B3KWN_4211-10896-4723-11408,0,1,0,0,0,0,0,0,0
6PH9B3KWN_4211-9872-4723-10384,0,1,0,0,0,0,0,0,0
6PH9B3KWN_4571-1253-5083-1765,0,1,0,0,0,0,0,0,0
6PH9B3KWN_4571-2789-5083-3301,0,1,0,0,0,0,0,0,0
6PH9B3KWN_4571-3301-5083-3813,0,1,0,0,0,0,0,0,0
6PH9B3KWN_4571-3813-5083-4325,0,1,0,0,0,0,0,0,0
6PH9B3KWN_4678-6914-5190-7426,0,1,0,0,0,0,0,0,0
6PH9B3KWN_4678-7426-5190-7938,0,1,0,0,0,0,0,0,0
6PH9B3KWN_4678-6402-5190-6914,0,1,0,0,0,0,0,0,0
6PH9B3KWN_4678-7938-5190-8450,0,1,0,0,0,0,0,0,0
6PH9B3KWN_5083-1253-5595-1765,0,1,0,0,0,0,0,0,0
6PH9B3KWN_5083-741-5595-1253,0,1,0,0,0,0,0,0,0
6PH9B3KWN_5083-3301-5595-3813,0,1,0,0,0,0,0,0,0
6PH9B3KWN_5190-6914-5702-7426,0,1,0,0,0,0,0,0,0
6PH9B3KWN_5190-6402-5702-6914,0,1,0,0,0,0,0,0,0
6PH9B3KWN_5083-3813-5595-4325,0,1,0,0,0,0,0,0,0
6PH9B3KWN_5190-7426-5702-7938,0,1,0,0,0,0,0,0,0
6PH9B3KWN_5279-10669-5791-11181,0,1,0,0,0,0,0,0,0
6PH9B3KWN_5279-10157-5791-10669,0,1,0,0,0,0,0,0,0
6PH9B3KWN_5595-1253-6107-1765,0,1,0,0,0,0,0,0,0
6PH9B3KWN_5950-9186-6462-9698,0,1,0,0,0,0,0,0,0
6PH9B3KWN_5702-6402-6214-6914,0,1,0,0,0,0,0,0,0
6PH9B3KWN_5950-8674-6462-9186,0,1,0,0,0,0,0,0,0
6PH9B3KWN_6214-6914-6726-7426,0,1,0,0,0,0,0,0,0
6PH9B3KWN_6214-7938-6726-8450,0,1,0,0,0,0,0,0,0
6PH9B3KWN_6214-6402-6726-6914,0,1,0,0,0,0,0,0,0
6PH9B3KWN_6107-1253-6619-1765,0,1,0,0,0,0,0,0,0
6PH9B3KWN_6214-5890-6726-6402,0,1,0,0,0,0,0,0,0
6PH9B3KWN_6462-8674-6974-9186,0,1,0,0,0,0,0,0,0
6PH9B3KWN_6214-7426-6726-7938,0,1,0,0,0,0,0,0,0
6PH9B3KWN_6462-9186-6974-9698,0,1,0,0,0,0,0,0,0
6PH9B3KWN_6462-9698-6974-10210,0,1,0,0,0,0,0,0,0
6PH9B3KWN_6619-1765-7131-2277,0,1,0,0,0,0,0,0,0
6PH9B3KWN_6619-1253-7131-1765,0,1,0,0,0,0,0,0,0
6PH9B3KWN_6619-2277-7131-2789,0,1,0,0,0,0,0,0,0
6PH9B3KWN_6726-5890-7238-6402,0,1,0,0,0,0,0,0,0
6PH9B3KWN_6700-3086-7212-3598,0,1,0,0,0,0,0,0,0
6PH9B3KWN_6619-2789-7131-3301,0,1,0,0,0,0,0,0,0
6PH9B3KWN_6726-6402-7238-6914,0,1,0,0,0,0,0,0,0
6PH9B3KWN_6974-8674-7486-9186,0,1,0,0,0,0,0,0,0
6PH9B3KWN_6726-7426-7238-7938,0,1,0,0,0,0,0,0,0
6PH9B3KWN_6726-6914-7238-7426,0,1,0,0,0,0,0,0,0
6PH9B3KWN_6974-9186-7486-9698,0,1,0,0,0,0,0,0,0
6PH9B3KWN_6726-7938-7238-8450,0,1,0,0,0,0,0,0,0
6PH9B3KWN_7027-1192-7539-1704,0,1,0,0,0,0,0,0,0
6PH9B3KWN_7486-8674-7998-9186,0,1,0,0,0,0,0,0,0
6PH9B3KWN_7503-10481-8015-10993,0,1,0,0,0,0,0,0,0
6PH9B3KWN_7238-5890-7750-6402,0,1,0,0,0,0,0,0,0
6PH9B3KWN_7503-8945-8015-9457,0,1,0,0,0,0,0,0,0
6PH9B3KWN_7503-9457-8015-9969,0,1,0,0,0,0,0,0,0
6PH9B3KWN_7539-1192-8051-1704,0,1,0,0,0,0,0,0,0
6PH9B3KWN_7503-9969-8015-10481,0,1,0,0,0,0,0,0,0
6PH9B3KWN_7750-5890-8262-6402,0,1,0,0,0,0,0,0,0
6PH9B3KWN_7750-6914-8262-7426,0,1,0,0,0,0,0,0,0
6PH9B3KWN_7750-7426-8262-7938,0,1,0,0,0,0,0,0,0
6PH9B3KWN_7750-6402-8262-6914,0,1,0,0,0,0,0,0,0
6PH9B3KWN_7993-7638-8505-8150,0,1,0,0,0,0,0,0,0
6PH9B3KWN_7839-1268-8351-1780,0,1,0,0,0,0,0,0,0
6PH9B3KWN_7996-1618-8508-2130,0,1,0,0,0,0,0,0,0
6PH9B3KWN_7996-2130-8508-2642,0,1,0,0,0,0,0,0,0
6PH9B3KWN_7750-7938-8262-8450,0,1,0,0,0,0,0,0,0
6PH9B3KWN_7996-2642-8508-3154,0,1,0,0,0,0,0,0,0
6PH9B3KWN_8262-5890-8774-6402,0,1,0,0,0,0,0,0,0
6PH9B3KWN_8015-8945-8527-9457,0,1,0,0,0,0,0,0,0
6PH9B3KWN_8015-9457-8527-9969,0,1,0,0,0,0,0,0,0
6PH9B3KWN_8015-8433-8527-8945,0,1,0,0,0,0,0,0,0
6PH9B3KWN_8262-6402-8774-6914,0,1,0,0,0,0,0,0,0
6PH9B3KWN_8321-8083-8833-8595,0,1,0,0,0,0,0,0,0
6PH9B3KWN_8351-1268-8863-1780,0,1,0,0,0,0,0,0,0
6PH9B3KWN_8262-7426-8774-7938,0,1,0,0,0,0,0,0,0
6PH9B3KWN_8417-3665-8929-4177,0,1,0,0,0,0,0,0,0
6PH9B3KWN_8508-1618-9020-2130,0,1,0,0,0,0,0,0,0
6PH9B3KWN_8417-4177-8929-4689,0,1,0,0,0,0,0,0,0
6PH9B3KWN_8774-5378-9286-5890,0,1,0,0,0,0,0,0,0
6PH9B3KWN_8508-2642-9020-3154,0,1,0,0,0,0,0,0,0
6PH9B3KWN_8929-4177-9441-4689,0,1,0,0,0,0,0,0,0
6PH9B3KWN_8774-5890-9286-6402,0,1,0,0,0,0,0,0,0
6PH9B3KWN_8508-2130-9020-2642,0,1,0,0,0,0,0,0,0
6PH9B3KWN_8929-3665-9441-4177,0,1,0,0,0,0,0,0,0
6PH9B3KWN_873-6678-1385-7190,0,1,0,0,0,0,0,0,0
6PH9B3KWN_9286-4866-9798-5378,0,1,0,0,0,0,0,0,0
6PH9B3KWN_8833-8083-9345-8595,0,1,0,0,0,0,0,0,0
6PH9B3KWN_8863-1268-9375-1780,0,1,0,0,0,0,0,0,0
6PH9B3KWN_9286-5378-9798-5890,0,1,0,0,0,0,0,0,0
6PH9B3KWN_9375-1268-9887-1780,0,1,0,0,0,0,0,0,0
6PH9B3KWN_9887-1268-10399-1780,0,1,0,0,0,0,0,0,0
6QJVLIDRR_1248-1699-1760-2211,1,0,0,0,0,0,1,0,0
6QJVLIDRR_1117-2765-1629-3277,1,0,0,0,0,0,0,0,0
6QJVLIDRR_1248-2211-1760-2723,1,0,0,0,0,0,0,0,0
6QJVLIDRR_1294-8141-1806-8653,1,0,0,0,0,0,0,0,0
6QJVLIDRR_1294-9165-1806-9677,1,0,0,0,0,0,0,0,0
6QJVLIDRR_1315-3136-1827-3648,1,0,0,0,0,0,0,0,0
6QJVLIDRR_1367-1129-1879-1641,1,0,0,0,0,0,1,0,0
6QJVLIDRR_1315-3648-1827-4160,1,0,0,0,0,0,0,0,0
6QJVLIDRR_1493-6679-2005-7191,1,0,0,0,0,0,0,0,0
6QJVLIDRR_1294-8653-1806-9165,1,0,0,0,0,0,0,0,0
6QJVLIDRR_1315-4160-1827-4672,1,0,0,0,0,0,0,0,0
6QJVLIDRR_1315-5184-1827-5696,1,0,0,0,0,0,0,0,0
6QJVLIDRR_1315-4672-1827-5184,1,0,0,0,0,0,0,0,0
6QJVLIDRR_1493-7191-2005-7703,1,0,0,0,0,0,0,0,0
6QJVLIDRR_1629-2253-2141-2765,1,0,0,0,0,0,0,0,0
6QJVLIDRR_1493-7703-2005-8215,1,0,0,0,0,0,0,0,0
6QJVLIDRR_1760-1699-2272-2211,1,0,0,0,0,0,0,0,0
6QJVLIDRR_1760-2723-2272-3235,1,0,0,0,0,0,0,0,0
6QJVLIDRR_1802-1075-2314-1587,1,0,0,0,0,0,1,0,0
6QJVLIDRR_1806-7629-2318-8141,1,0,0,0,0,0,0,0,0
6QJVLIDRR_1806-8141-2318-8653,1,0,0,0,0,0,0,0,0
6QJVLIDRR_1827-4160-2339-4672,1,0,0,0,0,0,0,0,0
6QJVLIDRR_1806-9165-2318-9677,1,0,0,0,0,0,0,0,0
6QJVLIDRR_1827-5184-2339-5696,1,0,0,0,0,0,0,0,0
6QJVLIDRR_1827-7232-2339-7744,1,0,0,0,0,0,0,0,0
6QJVLIDRR_1827-3136-2339-3648,1,0,0,0,0,0,0,0,0
6QJVLIDRR_1827-4672-2339-5184,1,0,0,0,0,0,0,0,0
6QJVLIDRR_1827-3648-2339-4160,1,0,0,0,0,0,0,0,0
6QJVLIDRR_1935-2469-2447-2981,1,0,0,0,0,0,0,0,0
6QJVLIDRR_1827-5696-2339-6208,1,0,0,0,0,0,0,0,0
6QJVLIDRR_1879-617-2391-1129,1,0,0,0,0,0,1,0,0
6QJVLIDRR_1964-6061-2476-6573,1,0,0,0,0,0,0,0,0
6QJVLIDRR_1942-4942-2454-5454,1,0,0,0,0,0,0,0,0
6QJVLIDRR_2141-2253-2653-2765,1,0,0,0,0,0,0,0,0
6QJVLIDRR_2005-6679-2517-7191,1,0,0,0,0,0,0,0,0
6QJVLIDRR_2272-2723-2784-3235,1,0,0,0,0,0,0,0,0
6QJVLIDRR_2272-1699-2784-2211,1,0,0,0,0,0,0,0,0
6QJVLIDRR_2296-4794-2808-5306,1,0,0,0,0,0,0,0,0
6QJVLIDRR_2318-8141-2830-8653,1,0,0,0,0,0,0,0,0
6QJVLIDRR_2339-3136-2851-3648,1,0,0,0,0,0,0,0,0
6QJVLIDRR_2339-5184-2851-5696,1,0,0,0,0,0,0,0,0
6QJVLIDRR_2318-7629-2830-8141,1,0,0,0,0,0,0,0,0
6QJVLIDRR_2339-7232-2851-7744,1,0,0,0,0,0,0,0,0
6QJVLIDRR_2339-3648-2851-4160,1,0,0,0,0,0,0,0,0
6QJVLIDRR_2318-9165-2830-9677,1,0,0,0,0,0,0,0,0
6QJVLIDRR_2339-5696-2851-6208,1,0,0,0,0,0,0,0,0
6QJVLIDRR_2339-4160-2851-4672,1,0,0,0,0,0,0,0,0
6QJVLIDRR_2391-617-2903-1129,1,0,0,0,0,0,1,0,0
6QJVLIDRR_2391-1129-2903-1641,1,0,0,0,0,0,1,0,0
6QJVLIDRR_2447-2469-2959-2981,1,0,0,0,0,0,0,0,0
6QJVLIDRR_2596-5027-3108-5539,1,0,0,0,0,0,0,0,0
6QJVLIDRR_2476-6061-2988-6573,1,0,0,0,0,0,0,0,0
6QJVLIDRR_2517-6679-3029-7191,1,0,0,0,0,0,0,0,0
6QJVLIDRR_2711-602-3223-1114,1,0,0,0,0,0,1,0,0
6QJVLIDRR_2752-9118-3264-9630,1,0,0,0,0,0,0,0,0
6QJVLIDRR_2784-1187-3296-1699,1,0,0,0,0,0,0,0,0
6QJVLIDRR_2784-2211-3296-2723,1,0,0,0,0,0,0,0,0
6QJVLIDRR_2830-8653-3342-9165,1,0,0,0,0,0,0,0,0
6QJVLIDRR_2851-4672-3363-5184,1,0,0,0,0,0,0,0,0
6QJVLIDRR_2830-7629-3342-8141,1,0,0,0,0,0,0,0,0
6QJVLIDRR_2784-2723-3296-3235,1,0,0,0,0,0,0,0,0
6QJVLIDRR_2851-3648-3363-4160,1,0,0,0,0,0,0,0,0
6QJVLIDRR_2851-4160-3363-4672,1,0,0,0,0,0,0,0,0
6QJVLIDRR_2851-3136-3363-3648,1,0,0,0,0,0,0,0,0
6QJVLIDRR_2851-5184-3363-5696,1,0,0,0,0,0,0,0,0
6QJVLIDRR_2851-6720-3363-7232,1,0,0,0,0,0,0,0,0
6QJVLIDRR_2851-7232-3363-7744,1,0,0,0,0,0,0,0,0
6QJVLIDRR_3154-5113-3666-5625,1,0,0,0,0,0,0,0,0
6QJVLIDRR_2931-894-3443-1406,1,0,0,0,0,0,1,0,0
6QJVLIDRR_2988-6061-3500-6573,1,0,0,0,0,0,0,0,0
6QJVLIDRR_2974-8285-3486-8797,1,0,0,0,0,0,0,0,0
6QJVLIDRR_3165-2765-3677-3277,1,0,0,0,0,0,0,0,0
6QJVLIDRR_3165-2253-3677-2765,1,0,0,0,0,0,0,0,0
6QJVLIDRR_3169-5871-3681-6383,1,0,0,0,0,0,0,0,0
6QJVLIDRR_3264-9118-3776-9630,1,0,0,0,0,0,0,0,0
6QJVLIDRR_3169-6383-3681-6895,1,0,0,0,0,0,0,0,0
6QJVLIDRR_3363-5696-3875-6208,1,0,0,0,0,0,0,0,0
6QJVLIDRR_3363-3136-3875-3648,1,0,0,0,0,0,0,0,0
6QJVLIDRR_3363-4672-3875-5184,1,0,0,0,0,0,0,0,0
6QJVLIDRR_3296-1187-3808-1699,1,0,0,0,0,0,0,0,0
6QJVLIDRR_3363-4160-3875-4672,1,0,0,0,0,0,0,0,0
6QJVLIDRR_3363-3648-3875-4160,1,0,0,0,0,0,0,0,0
6QJVLIDRR_3363-6208-3875-6720,1,0,0,0,0,0,0,0,0
6QJVLIDRR_3223-602-3735-1114,1,0,0,0,0,0,1,0,0
6QJVLIDRR_3363-6720-3875-7232,1,0,0,0,0,0,0,0,0
6QJVLIDRR_3481-4375-3993-4887,1,0,0,0,0,0,0,0,0
6QJVLIDRR_3481-4887-3993-5399,1,0,0,0,0,0,0,0,0
6QJVLIDRR_3486-8285-3998-8797,1,0,0,0,0,0,0,0,0
6QJVLIDRR_3524-613-4036-1125,1,0,0,0,0,0,1,0,0
6QJVLIDRR_3541-7191-4053-7703,1,0,0,0,0,0,0,0,0
6QJVLIDRR_3541-7703-4053-8215,1,0,0,0,0,0,0,0,0
6QJVLIDRR_3657-8693-4169-9205,1,0,0,0,0,0,0,0,0
6QJVLIDRR_3776-9118-4288-9630,1,0,0,0,0,0,0,0,0
6QJVLIDRR_3808-2211-4320-2723,1,0,0,0,0,0,0,0,0
6QJVLIDRR_3875-4672-4387-5184,1,0,0,0,0,0,0,0,0
6QJVLIDRR_3808-2723-4320-3235,1,0,0,0,0,0,0,0,0
6QJVLIDRR_3875-3136-4387-3648,1,0,0,0,0,0,0,0,0
6QJVLIDRR_3846-8208-4358-8720,1,0,0,0,0,0,0,0,0
6QJVLIDRR_3808-1699-4320-2211,1,0,0,0,0,0,0,0,0
6QJVLIDRR_3875-3648-4387-4160,1,0,0,0,0,0,0,0,0
6QJVLIDRR_3808-1187-4320-1699,1,0,0,0,0,0,0,0,0
6QJVLIDRR_3875-4160-4387-4672,1,0,0,0,0,0,0,0,0
6QJVLIDRR_3993-4887-4505-5399,1,0,0,0,0,0,0,0,0
6QJVLIDRR_3993-4375-4505-4887,1,0,0,0,0,0,0,0,0
6QJVLIDRR_3875-5696-4387-6208,1,0,0,0,0,0,0,0,0
6QJVLIDRR_4012-6061-4524-6573,1,0,0,0,0,0,0,0,0
6QJVLIDRR_3875-5184-4387-5696,1,0,0,0,0,0,0,0,0
6QJVLIDRR_4053-6679-4565-7191,1,0,0,0,0,0,0,0,0
6QJVLIDRR_4012-7085-4524-7597,1,0,0,0,0,0,0,0,0
6QJVLIDRR_4180-3053-4692-3565,1,0,0,0,0,0,0,0,0
6QJVLIDRR_4169-8693-4681-9205,1,0,0,0,0,0,0,0,0
6QJVLIDRR_4189-2253-4701-2765,1,0,0,0,0,0,0,0,0
6QJVLIDRR_4180-3565-4692-4077,1,0,0,0,0,0,0,0,0
6QJVLIDRR_4320-1699-4832-2211,1,0,0,0,0,0,0,0,0
6QJVLIDRR_4222-8237-4734-8749,1,0,0,0,0,0,0,0,0
6QJVLIDRR_4365-5625-4877-6137,1,0,0,0,0,0,0,0,0
6QJVLIDRR_4068-775-4580-1287,1,0,0,0,0,0,1,0,0
6QJVLIDRR_4288-9118-4800-9630,1,0,0,0,0,0,0,0,0
6QJVLIDRR_4320-1187-4832-1699,1,0,0,0,0,0,0,0,0
6QJVLIDRR_4320-2723-4832-3235,1,0,0,0,0,0,0,0,0
6QJVLIDRR_4524-6061-5036-6573,1,0,0,0,0,0,0,0,0
6QJVLIDRR_4500-4060-5012-4572,1,0,0,0,0,0,0,0,0
6QJVLIDRR_4524-7085-5036-7597,1,0,0,0,0,0,0,0,0
6QJVLIDRR_4524-6573-5036-7085,1,0,0,0,0,0,0,0,0
6QJVLIDRR_4500-4572-5012-5084,1,0,0,0,0,0,0,0,0
6QJVLIDRR_4565-7703-5077-8215,1,0,0,0,0,0,0,0,0
6QJVLIDRR_4648-7448-5160-7960,1,0,0,0,0,0,0,0,0
6QJVLIDRR_4832-1699-5344-2211,1,0,0,0,0,0,0,0,0
6QJVLIDRR_4692-3053-5204-3565,1,0,0,0,0,0,0,0,0
6QJVLIDRR_4832-2723-5344-3235,1,0,0,0,0,0,0,0,0
6QJVLIDRR_4701-2253-5213-2765,1,0,0,0,0,0,0,0,0
6QJVLIDRR_4832-1187-5344-1699,1,0,0,0,0,0,0,0,0
6QJVLIDRR_4658-732-5170-1244,1,0,0,0,0,0,1,0,0
6QJVLIDRR_4973-4584-5485-5096,1,0,0,0,0,0,0,0,0
6QJVLIDRR_4849-4870-5361-5382,1,0,0,0,0,0,0,0,0
6QJVLIDRR_4692-3565-5204-4077,1,0,0,0,0,0,0,0,0
6QJVLIDRR_4849-5382-5361-5894,1,0,0,0,0,0,0,0,0
6QJVLIDRR_5036-6061-5548-6573,1,0,0,0,0,0,0,0,0
6QJVLIDRR_5036-7085-5548-7597,1,0,0,0,0,0,0,0,0
6QJVLIDRR_5207-4499-5719-5011,1,0,0,0,0,0,0,0,0
6QJVLIDRR_5036-6573-5548-7085,1,0,0,0,0,0,0,0,0
6QJVLIDRR_5060-613-5572-1125,1,0,0,0,0,0,1,0,0
6QJVLIDRR_5160-7448-5672-7960,1,0,0,0,0,0,0,0,0
6QJVLIDRR_5213-2253-5725-2765,1,0,0,0,0,0,0,0,0
6QJVLIDRR_5243-2973-5755-3485,1,0,0,0,0,0,0,0,0
6QJVLIDRR_5307-5857-5819-6369,1,0,0,0,0,0,0,0,0
6QJVLIDRR_5331-5520-5843-6032,1,0,0,0,0,0,0,0,0
6QJVLIDRR_5344-1699-5856-2211,1,0,0,0,0,0,0,0,0
6QJVLIDRR_5307-6369-5819-6881,1,0,0,0,0,0,0,0,0
6QJVLIDRR_5344-2723-5856-3235,1,0,0,0,0,0,0,0,0
6QJVLIDRR_5344-1187-5856-1699,1,0,0,0,0,0,1,0,0
6QJVLIDRR_5380-3298-5892-3810,1,0,0,0,0,0,0,0,0
6QJVLIDRR_5380-3810-5892-4322,1,0,0,0,0,0,0,0,0
6QJVLIDRR_5380-4322-5892-4834,1,0,0,0,0,0,0,0,0
6QJVLIDRR_5380-4834-5892-5346,1,0,0,0,0,0,0,0,0
6QJVLIDRR_5627-7310-6139-7822,1,0,0,0,0,0,0,0,0
6QJVLIDRR_5725-2765-6237-3277,1,0,0,0,0,0,0,0,0
6QJVLIDRR_5725-2253-6237-2765,1,0,0,0,0,0,0,0,0
6QJVLIDRR_5710-964-6222-1476,1,0,0,0,0,0,1,0,0
6QJVLIDRR_5795-3026-6307-3538,1,0,0,0,0,0,0,0,0
6QJVLIDRR_5819-5857-6331-6369,1,0,0,0,0,0,0,0,0
6QJVLIDRR_5843-5008-6355-5520,1,0,0,0,0,0,0,0,0
6QJVLIDRR_5892-3810-6404-4322,1,0,0,0,0,0,0,0,0
6QJVLIDRR_5892-3298-6404-3810,1,0,0,0,0,0,0,0,0
6QJVLIDRR_5856-1187-6368-1699,1,0,0,0,0,0,0,0,0
6QJVLIDRR_5819-6369-6331-6881,1,0,0,0,0,0,0,0,0
6QJVLIDRR_5843-5520-6355-6032,1,0,0,0,0,0,0,0,0
6QJVLIDRR_5856-1699-6368-2211,1,0,0,0,0,0,0,0,0
6QJVLIDRR_5892-4322-6404-4834,1,0,0,0,0,0,0,0,0
6QJVLIDRR_6132-1192-6644-1704,1,0,0,0,0,0,0,0,0
6QJVLIDRR_6042-7612-6554-8124,1,0,0,0,0,0,0,0,0
6QJVLIDRR_6222-964-6734-1476,1,0,0,0,0,0,0,0,0
6QJVLIDRR_6139-7310-6651-7822,1,0,0,0,0,0,0,0,0
6QJVLIDRR_6331-6369-6843-6881,1,0,0,0,0,0,0,0,0
6QJVLIDRR_6271-4357-6783-4869,1,0,0,0,0,0,0,0,0
6QJVLIDRR_6331-5857-6843-6369,1,0,0,0,0,0,0,0,0
6QJVLIDRR_6355-5008-6867-5520,1,0,0,0,0,0,0,0,0
6QJVLIDRR_6355-5520-6867-6032,1,0,0,0,0,0,0,0,0
6QJVLIDRR_6368-1699-6880-2211,1,0,0,0,0,0,0,0,0
6QJVLIDRR_782-8141-1294-8653,1,0,0,0,0,0,0,0,0
6QJVLIDRR_6431-2917-6943-3429,1,0,0,0,0,0,0,0,0
6QJVLIDRR_736-2211-1248-2723,1,0,0,0,0,0,0,0,0
6QJVLIDRR_736-1699-1248-2211,1,0,0,0,0,0,1,0,0
6QJVLIDRR_6422-6681-6934-7193,1,0,0,0,0,0,0,0,0
6QJVLIDRR_6368-2211-6880-2723,1,0,0,0,0,0,0,0,0
6QJVLIDRR_6431-3429-6943-3941,1,0,0,0,0,0,0,0,0
6QJVLIDRR_782-8653-1294-9165,1,0,0,0,0,0,0,0,0
6QJVLIDRR_736-2723-1248-3235,1,0,0,0,0,0,0,0,0
6QJVLIDRR_803-4160-1315-4672,1,0,0,0,0,0,0,0,0
6QJVLIDRR_803-3648-1315-4160,1,0,0,0,0,0,0,0,0
6QJVLIDRR_803-3136-1315-3648,1,0,0,0,0,0,0,0,0
6QJVLIDRR_803-5184-1315-5696,1,0,0,0,0,0,0,0,0
6QJVLIDRR_803-4672-1315-5184,1,0,0,0,0,0,0,0,0
6QJVLIDRR_803-6720-1315-7232,1,0,0,0,0,0,0,0,0
6QJVLIDRR_803-5696-1315-6208,1,0,0,0,0,0,0,0,0
6QJVLIDRR_803-6208-1315-6720,1,0,0,0,0,0,0,0,0
6QJVLIDRR_804-1006-1316-1518,1,0,0,0,0,0,0,0,0
6QJVLIDRR_978-592-1490-1104,1,0,0,0,0,0,0,0,0
6QLLCJR38_7747-7538-8259-8050,0,0,0,0,0,0,1,0,0
6QJVLIDRR_981-7191-1493-7703,1,0,0,0,0,0,0,0,0
6QJVLIDRR_981-7703-1493-8215,1,0,0,0,0,0,0,0,0
6QLLCJR38_7747-7026-8259-7538,0,0,0,0,0,0,1,0,0
6QLLCJR38_7747-8050-8259-8562,0,0,0,0,0,0,1,0,0
6QLLCJR38_8259-3954-8771-4466,0,0,0,0,0,0,1,0,0
6QLLCJR38_7747-8562-8259-9074,0,0,0,0,0,0,1,0,0
6QLLCJR38_7747-6514-8259-7026,0,0,0,0,0,0,1,0,0
6QLLCJR38_8259-4466-8771-4978,0,0,0,0,0,0,1,0,0
6QLLCJR38_8259-4978-8771-5490,0,0,0,0,0,0,1,0,0
6QLLCJR38_8259-5490-8771-6002,0,0,0,0,0,0,1,0,0
6QLLCJR38_8259-6002-8771-6514,0,0,0,0,0,0,1,0,0
6QYXEVAXQ_1809-559-2321-1071,0,1,0,0,0,0,0,0,0
6QLLCJR38_8259-6514-8771-7026,0,0,0,0,0,0,1,0,0
6QYXEVAXQ_1297-559-1809-1071,0,1,0,0,0,0,0,0,0
6QYXEVAXQ_3365-522-3877-1034,0,1,0,0,0,0,0,0,0
6QYXEVAXQ_3877-1034-4389-1546,0,1,0,0,0,0,0,0,0
6QYXEVAXQ_4901-2058-5413-2570,0,1,0,0,0,0,0,0,0
6QYXEVAXQ_4389-1034-4901-1546,0,1,0,0,0,0,0,0,0
6QYXEVAXQ_4389-1546-4901-2058,0,1,0,0,0,0,0,0,0
6QYXEVAXQ_4389-522-4901-1034,0,1,0,0,0,0,0,0,0
6QYXEVAXQ_3877-522-4389-1034,0,1,0,0,0,0,0,0,0
6QYXEVAXQ_4389-2058-4901-2570,0,1,0,0,0,0,0,0,0
6QYXEVAXQ_4901-1034-5413-1546,0,1,0,0,0,0,0,0,0
6QYXEVAXQ_4901-2570-5413-3082,0,1,0,0,0,0,0,0,0
6QYXEVAXQ_5413-2058-5925-2570,0,1,0,0,0,0,0,0,0
6QYXEVAXQ_4901-522-5413-1034,0,1,0,0,0,0,0,0,0
6QYXEVAXQ_5413-1034-5925-1546,0,1,0,0,0,0,0,0,0
6QYXEVAXQ_5413-522-5925-1034,0,1,0,0,0,0,0,0,0
6QYXEVAXQ_5925-2570-6437-3082,0,1,0,0,0,0,0,0,0
6QYXEVAXQ_5925-1546-6437-2058,0,1,0,0,0,0,0,0,0
6QYXEVAXQ_6437-1546-6949-2058,0,1,0,0,0,0,0,0,0
6QYXEVAXQ_6437-2570-6949-3082,0,1,0,0,0,0,0,0,0
6QYXEVAXQ_6439-871-6951-1383,0,0,0,0,0,0,1,0,0
6QYXEVAXQ_6444-563-6956-1075,0,0,0,0,0,0,1,0,0
6QYXEVAXQ_6949-2058-7461-2570,0,1,0,0,0,0,0,0,0
6QYXEVAXQ_7461-2570-7973-3082,0,1,0,0,0,0,0,0,0
6QYXEVAXQ_6949-1546-7461-2058,0,1,0,0,0,0,0,0,0
6QYXEVAXQ_7973-2058-8485-2570,0,1,0,0,0,0,0,0,0
6QYXEVAXQ_7461-2058-7973-2570,0,1,0,0,0,0,0,0,0
6QYXEVAXQ_6949-2570-7461-3082,0,1,0,0,0,0,0,0,0
6QYXEVAXQ_7954-1789-8466-2301,0,1,0,0,0,0,0,0,0
6QYXEVAXQ_7973-1034-8485-1546,0,1,0,0,0,0,0,0,0
6QYXEVAXQ_7998-744-8510-1256,0,1,0,0,0,0,0,0,0
6RLGV4XYZ_1631-881-2143-1393,0,0,0,0,0,1,0,0,0
6RLGV4XYZ_1301-1660-1813-2172,0,0,0,0,0,1,0,0,0
6QYXEVAXQ_7973-2570-8485-3082,0,1,0,0,0,0,0,0,0
6RLGV4XYZ_452-1698-964-2210,0,0,0,0,0,1,0,0,0
6RLGV4XYZ_2057-1621-2569-2133,0,0,0,0,0,1,0,0,0
6RLGV4XYZ_679-1020-1191-1532,0,0,0,0,0,1,0,0,0
6RLGV4XYZ_877-859-1389-1371,0,0,0,0,0,1,0,0,0
6T3HEJN9E_1121-4719-1633-5231,0,0,0,0,0,1,0,0,0
6T3HEJN9E_1117-5829-1629-6341,0,0,0,0,0,1,0,0,0
6T3HEJN9E_1117-5317-1629-5829,0,0,0,0,0,1,0,0,0
6T3HEJN9E_1158-7108-1670-7620,0,0,0,0,0,1,0,0,0
6T3HEJN9E_1155-9293-1667-9805,0,0,0,0,0,1,0,0,0
6T3HEJN9E_12653-7972-13165-8484,0,0,0,0,0,1,0,0,0
6T3HEJN9E_1158-10044-1670-10556,0,0,0,0,0,1,0,0,0
6T3HEJN9E_1159-7570-1671-8082,0,0,0,0,0,1,0,0,0
6T3HEJN9E_1159-7924-1671-8436,0,0,0,0,0,1,0,0,0
6T3HEJN9E_12636-8327-13148-8839,0,0,0,0,0,1,0,0,0
6T3HEJN9E_12659-6595-13171-7107,0,0,0,0,0,1,0,0,0
6T3HEJN9E_12661-7055-13173-7567,0,0,0,0,0,1,0,0,0
6T3HEJN9E_12678-2088-13190-2600,0,0,0,0,0,1,0,0,0
6T3HEJN9E_12656-1225-13168-1737,0,0,0,0,0,1,0,0,0
6T3HEJN9E_13009-782-13521-1294,0,0,0,0,0,1,0,0,0
6T3HEJN9E_12749-2515-13261-3027,0,0,0,0,0,1,0,0,0
6T3HEJN9E_3604-5609-4116-6121,0,0,0,0,0,0,0,0,1
6T3HEJN9E_3629-7369-4141-7881,0,0,0,0,0,0,0,0,1
6T62BU3QW_1063-875-1575-1387,0,0,0,0,1,1,0,0,0
6T3HEJN9E_646-10044-1158-10556,0,0,0,0,0,1,0,0,0
6T3HEJN9E_7215-6767-7727-7279,0,0,0,0,0,0,0,0,1
6T3HEJN9E_4904-4674-5416-5186,0,0,0,0,0,1,0,0,0
6T3HEJN9E_6343-8387-6855-8899,0,0,0,0,0,0,0,0,1
6T3HEJN9E_5611-4167-6123-4679,0,0,0,0,0,1,0,0,0
6T3HEJN9E_972-682-1484-1194,0,0,0,0,0,1,0,0,0
6T3HEJN9E_9850-8076-10362-8588,0,0,0,0,0,0,0,0,1
6T62BU3QW_1238-386-1750-898,0,0,1,0,0,0,0,0,0
6T62BU3QW_1404-3397-1916-3909,0,0,0,0,1,0,0,0,0
6T62BU3QW_1538-3166-2050-3678,0,0,0,0,1,0,0,0,0
6T62BU3QW_1750-386-2262-898,0,0,1,0,0,0,0,0,0
6T62BU3QW_1538-3678-2050-4190,0,0,1,0,1,0,0,0,0
6T62BU3QW_1915-741-2427-1253,0,0,1,0,1,1,0,0,0
6T62BU3QW_2262-386-2774-898,0,0,1,0,0,0,0,0,0
6T62BU3QW_2050-3678-2562-4190,0,0,1,0,0,0,0,0,0
6T62BU3QW_2153-1172-2665-1684,0,0,1,0,1,0,0,0,0
6T62BU3QW_2562-3678-3074-4190,0,0,1,0,0,0,0,0,0
6T62BU3QW_2732-3355-3244-3867,0,0,0,0,0,1,0,0,0
6T62BU3QW_2562-3166-3074-3678,0,0,0,0,0,1,0,0,0
6T62BU3QW_2583-1370-3095-1882,0,0,1,0,0,0,0,0,0
6T62BU3QW_3074-3678-3586-4190,0,0,1,0,0,0,0,0,0
6T62BU3QW_2262-898-2774-1410,0,0,1,0,1,1,0,0,0
6T62BU3QW_3074-3166-3586-3678,0,0,1,0,0,0,0,0,0
6T62BU3QW_3095-1370-3607-1882,0,0,1,0,0,0,0,0,0
6T62BU3QW_3095-1882-3607-2394,0,0,1,0,0,0,0,0,0
6T62BU3QW_651-1515-1163-2027,0,0,1,0,0,0,0,0,0
6T62BU3QW_3095-2394-3607-2906,0,0,1,0,0,0,0,0,0
6T62BU3QW_828-735-1340-1247,0,0,1,0,1,1,0,0,0
6T62BU3QW_915-3456-1427-3968,0,0,0,0,1,0,0,0,0
6T62BU3QW_726-386-1238-898,0,0,1,0,0,1,0,0,0
6T794J79P_4216-5661-4728-6173,0,0,1,0,0,0,0,0,0
6T794J79P_4226-5181-4738-5693,0,0,1,0,0,0,0,0,0
6T794J79P_4282-6591-4794-7103,0,0,1,0,0,0,0,0,0
6T794J79P_4282-6079-4794-6591,0,0,1,0,0,0,0,0,0
6T794J79P_4881-2951-5393-3463,0,0,0,0,0,1,0,0,0
6T794J79P_4282-7103-4794-7615,0,0,1,0,0,0,0,0,0
6TPHZ7HUY_1688-3638-2200-4150,0,0,0,0,0,0,1,0,0
6T794J79P_4499-550-5011-1062,0,0,0,0,0,1,0,0,0
6TPHZ7HUY_1688-3126-2200-3638,0,0,0,0,0,0,1,0,0
6TPHZ7HUY_2200-3126-2712-3638,0,0,0,0,0,0,1,0,0
6TPHZ7HUY_1963-6754-2475-7266,0,0,0,0,0,0,1,0,0
6TPHZ7HUY_2475-6754-2987-7266,0,0,0,0,0,0,1,0,0
6TPHZ7HUY_2403-8110-2915-8622,0,0,0,0,0,0,1,0,0
6TPHZ7HUY_1977-5571-2489-6083,0,0,0,0,0,0,1,0,0
6TPHZ7HUY_2419-4868-2931-5380,0,0,0,0,0,0,1,0,0
6TPHZ7HUY_2489-5571-3001-6083,0,0,0,0,0,0,1,0,0
6U74WCK49_15944-3960-16456-4472,0,0,1,0,0,0,0,0,0
6U74WCK49_17533-2688-18045-3200,0,0,1,0,0,0,0,0,0
6U74WCK49_18034-3447-18546-3959,0,0,1,0,0,0,0,0,0
6U74WCK49_18546-3447-19058-3959,0,0,1,0,0,0,0,0,0
6U74WCK49_18045-2688-18557-3200,0,0,1,0,0,0,0,0,0
6U74WCK49_18034-3959-18546-4471,0,0,1,0,0,0,0,0,0
6U74WCK49_19171-2736-19683-3248,0,0,1,0,0,0,0,0,0
6U74WCK49_19171-2224-19683-2736,0,0,1,0,0,0,0,0,0
6U74WCK49_19171-1712-19683-2224,0,0,1,0,0,0,0,0,0
6U74WCK49_18546-3959-19058-4471,0,0,1,0,0,0,0,0,0
6UGFHZY8R_10322-7313-10834-7825,0,1,0,0,0,0,0,0,0
6UGFHZY8R_10322-6289-10834-6801,0,1,0,0,0,0,0,0,0
6U74WCK49_20506-3683-21018-4195,0,0,1,0,0,0,0,0,0
6U74WCK49_20298-4375-20810-4887,0,0,1,0,0,0,0,0,0
6U9EPUHXA_5938-1730-6450-2242,0,0,0,0,0,0,0,0,1
6UGFHZY8R_10834-6289-11346-6801,0,1,0,0,0,0,0,0,0
6UGFHZY8R_11346-6289-11858-6801,0,1,0,0,0,0,0,0,0
6UGFHZY8R_10834-7313-11346-7825,0,1,0,0,0,0,0,0,0
6UGFHZY8R_11346-6801-11858-7313,0,1,0,0,0,0,0,0,0
6UGFHZY8R_11858-6289-12370-6801,0,1,0,0,0,0,0,0,0
6UGFHZY8R_11858-6801-12370-7313,0,1,0,0,0,0,0,0,0
6UGFHZY8R_12370-7313-12882-7825,0,1,0,0,0,0,0,0,0
6UGFHZY8R_12370-6801-12882-7313,0,1,0,0,0,0,0,0,0
6UGFHZY8R_12370-6289-12882-6801,0,1,0,0,0,0,0,0,0
6UGFHZY8R_12882-7313-13394-7825,0,1,0,0,0,0,0,0,0
6UGFHZY8R_13394-7313-13906-7825,0,1,0,0,0,0,0,0,0
6UGFHZY8R_13394-6289-13906-6801,0,1,0,0,0,0,0,0,0
6UGFHZY8R_13906-6289-14418-6801,0,1,0,0,0,0,0,0,0
6UGFHZY8R_14418-6289-14930-6801,0,1,0,0,0,0,0,0,0
6UGFHZY8R_12882-6289-13394-6801,0,1,0,0,0,0,0,0,0
6UGFHZY8R_13906-7313-14418-7825,0,1,0,0,0,0,0,0,0
6UGFHZY8R_14418-7313-14930-7825,0,1,0,0,0,0,0,0,0
6UGFHZY8R_14930-6289-15442-6801,0,1,0,0,0,0,0,0,0
6UGFHZY8R_15442-6289-15954-6801,0,1,0,0,0,0,0,0,0
6UGFHZY8R_14930-7313-15442-7825,0,1,0,0,0,0,0,0,0
6UGFHZY8R_15442-7313-15954-7825,0,1,0,0,0,0,0,0,0
6UGFHZY8R_15954-6289-16466-6801,0,1,0,0,0,0,0,0,0
6UGFHZY8R_16978-6801-17490-7313,0,1,0,0,0,0,0,0,0
6UGFHZY8R_16466-7313-16978-7825,0,1,0,0,0,0,0,0,0
6UGFHZY8R_16466-6289-16978-6801,0,1,0,0,0,0,0,0,0
6UGFHZY8R_16466-6801-16978-7313,0,1,0,0,0,0,0,0,0
6UGFHZY8R_15954-7313-16466-7825,0,1,0,0,0,0,0,0,0
6UGFHZY8R_17490-7313-18002-7825,0,1,0,0,0,0,0,0,0
6UGFHZY8R_16978-7313-17490-7825,0,1,0,0,0,0,0,0,0
6UGFHZY8R_20023-6323-20535-6835,0,1,0,0,0,0,0,0,0
6UGFHZY8R_19048-7312-19560-7824,0,1,0,0,0,0,0,0,0
6UGFHZY8R_20535-6323-21047-6835,0,1,0,0,0,0,0,0,0
6UGFHZY8R_17490-6801-18002-7313,0,1,0,0,0,0,0,0,0
6UGFHZY8R_19560-7312-20072-7824,0,1,0,0,0,0,0,0,0
6UGFHZY8R_20023-7347-20535-7859,0,1,0,0,0,0,0,0,0
6UGFHZY8R_20023-6835-20535-7347,0,1,0,0,0,0,0,0,0
6UGFHZY8R_21047-6835-21559-7347,0,1,0,0,0,0,0,0,0
6UGFHZY8R_21047-6323-21559-6835,0,1,0,0,0,0,0,0,0
6UGFHZY8R_20535-7347-21047-7859,0,1,0,0,0,0,0,0,0
6UGFHZY8R_21047-7347-21559-7859,0,1,0,0,0,0,0,0,0
6UGFHZY8R_21824-3425-22336-3937,0,1,0,0,0,0,0,0,0
6UGFHZY8R_21824-3937-22336-4449,0,1,0,0,0,0,0,0,0
6UGFHZY8R_21559-6323-22071-6835,0,1,0,0,0,0,0,0,0
6UGFHZY8R_21447-3489-21959-4001,0,1,0,0,0,0,0,0,0
6UGFHZY8R_21559-6835-22071-7347,0,1,0,0,0,0,0,0,0
6UGFHZY8R_21824-4449-22336-4961,0,1,0,0,0,0,0,0,0
6UGFHZY8R_22336-4449-22848-4961,0,1,0,0,0,0,0,0,0
6UGFHZY8R_22336-3937-22848-4449,0,1,0,0,0,0,0,0,0
6UGFHZY8R_22463-2955-22975-3467,0,1,0,0,0,0,0,0,0
6UGFHZY8R_22829-3972-23341-4484,0,1,0,0,0,0,0,0,0
6UGFHZY8R_22463-3467-22975-3979,0,1,0,0,0,0,0,0,0
6UGFHZY8R_22829-4484-23341-4996,0,1,0,0,0,0,0,0,0
6UGFHZY8R_22975-3467-23487-3979,0,1,0,0,0,0,0,0,0
6UGFHZY8R_2424-1081-2936-1593,0,1,0,0,0,0,0,0,0
6UGFHZY8R_22975-2955-23487-3467,0,1,0,0,0,0,0,0,0
6UGFHZY8R_2936-1081-3448-1593,0,1,0,0,0,0,0,0,0
6UGFHZY8R_3448-1081-3960-1593,0,1,0,0,0,0,0,0,0
6UGFHZY8R_3960-1081-4472-1593,0,1,0,0,0,0,0,0,0
6UGFHZY8R_5496-1081-6008-1593,0,1,0,0,0,0,0,0,0
6UGFHZY8R_4472-1081-4984-1593,0,1,0,0,0,0,0,0,0
6UGFHZY8R_6008-1081-6520-1593,0,1,0,0,0,0,0,0,0
6UGFHZY8R_4984-1081-5496-1593,0,1,0,0,0,0,0,0,0
6UGFHZY8R_6226-6289-6738-6801,0,1,0,0,0,0,0,0,0
6UGFHZY8R_6738-6289-7250-6801,0,1,0,0,0,0,0,0,0
6UGFHZY8R_6520-1081-7032-1593,0,1,0,0,0,0,0,0,0
6UGFHZY8R_7032-1081-7544-1593,0,1,0,0,0,0,0,0,0
6UGFHZY8R_6738-7313-7250-7825,0,1,0,0,0,0,0,0,0
6UGFHZY8R_6738-6801-7250-7313,0,1,0,0,0,0,0,0,0
6UGFHZY8R_7250-7313-7762-7825,0,1,0,0,0,0,0,0,0
6UGFHZY8R_7544-1081-8056-1593,0,1,0,0,0,0,0,0,0
6UGFHZY8R_7250-6289-7762-6801,0,1,0,0,0,0,0,0,0
6UGFHZY8R_8056-1081-8568-1593,0,1,0,0,0,0,0,0,0
6UGFHZY8R_7762-6289-8274-6801,0,1,0,0,0,0,0,0,0
6UGFHZY8R_7762-7313-8274-7825,0,1,0,0,0,0,0,0,0
6UGFHZY8R_8274-6289-8786-6801,0,1,0,0,0,0,0,0,0
6UGFHZY8R_8274-7313-8786-7825,0,1,0,0,0,0,0,0,0
6UGFHZY8R_8786-6289-9298-6801,0,1,0,0,0,0,0,0,0
6UGFHZY8R_8568-1081-9080-1593,0,1,0,0,0,0,0,0,0
6UGFHZY8R_8786-7313-9298-7825,0,1,0,0,0,0,0,0,0
6UGFHZY8R_9080-1081-9592-1593,0,1,0,0,0,0,0,0,0
6UGFHZY8R_9298-6289-9810-6801,0,1,0,0,0,0,0,0,0
6UGFHZY8R_9592-1081-10104-1593,0,1,0,0,0,0,0,0,0
6UP32YPVH_138-2967-650-3479,1,0,0,0,0,0,0,0,0
6UGFHZY8R_9298-7313-9810-7825,0,1,0,0,0,0,0,0,0
6UGFHZY8R_9810-6289-10322-6801,0,1,0,0,0,0,0,0,0
6UP32YPVH_138-1943-650-2455,1,0,0,0,0,0,0,0,0
6UP32YPVH_1199-1981-1711-2493,1,0,0,0,0,0,0,0,0
6UP32YPVH_138-2455-650-2967,1,0,0,0,0,0,0,0,0
6UP32YPVH_1424-2524-1936-3036,1,0,0,0,0,0,0,0,0
6UGFHZY8R_9810-7313-10322-7825,0,1,0,0,0,0,0,0,0
6UP32YPVH_1429-1259-1941-1771,1,0,0,0,0,0,0,0,0
6UP32YPVH_1429-747-1941-1259,1,0,0,0,0,0,0,0,0
6UP32YPVH_1954-543-2466-1055,1,0,0,0,0,0,0,0,0
6UP32YPVH_1893-1026-2405-1538,1,0,0,0,0,0,0,0,0
6UP32YPVH_591-3927-1103-4439,1,0,0,0,0,0,0,0,0
6UP32YPVH_519-3232-1031-3744,1,0,0,0,0,0,0,0,0
6UP32YPVH_650-1943-1162-2455,1,0,0,0,0,0,0,0,0
6UP32YPVH_650-2455-1162-2967,1,0,0,0,0,0,0,0,0
6UP32YPVH_827-4263-1339-4775,1,0,0,0,0,0,0,0,0
6V8K6WFEE_1233-11951-1745-12463,0,0,0,0,0,1,0,0,0
6UP32YPVH_917-747-1429-1259,1,0,0,0,0,0,0,0,0
6UP32YPVH_986-1835-1498-2347,1,0,0,0,0,0,0,0,0
6UP32YPVH_650-2967-1162-3479,1,0,0,0,0,0,0,0,0
6UP32YPVH_999-4700-1511-5212,1,0,0,0,0,0,0,0,0
6V8K6WFEE_10944-6598-11456-7110,0,0,0,0,0,1,0,0,0
6UP32YPVH_917-1259-1429-1771,1,0,0,0,0,0,0,0,0
6V8K6WFEE_10967-7292-11479-7804,0,0,0,0,0,1,0,0,0
6UP32YPVH_981-1521-1493-2033,1,0,0,0,0,0,0,0,0
6V8K6WFEE_1233-11439-1745-11951,0,0,0,0,0,1,0,0,0
6V8K6WFEE_12348-5445-12860-5957,0,0,0,0,0,1,0,0,0
6V8K6WFEE_15345-9183-15857-9695,0,0,0,0,1,0,0,0,0
6V8K6WFEE_15128-10787-15640-11299,0,0,0,0,1,0,0,0,0
6V8K6WFEE_1407-729-1919-1241,0,0,0,0,0,1,0,0,0
6V8K6WFEE_1261-12638-1773-13150,0,0,0,0,0,1,0,0,0
6V8K6WFEE_15346-9703-15858-10215,0,0,0,0,1,0,0,0,0
6V8K6WFEE_15506-8216-16018-8728,0,0,0,0,0,1,0,0,0
6V8K6WFEE_2700-1390-3212-1902,0,0,0,0,0,1,0,0,0
6V8K6WFEE_1575-12364-2087-12876,0,0,0,0,0,1,0,0,0
6V8K6WFEE_3179-12839-3691-13351,0,0,0,0,0,1,0,0,0
6V8K6WFEE_1919-729-2431-1241,0,0,0,0,0,1,0,0,0
6V8K6WFEE_2667-12839-3179-13351,0,0,0,0,0,1,0,0,0
6V8K6WFEE_1803-12648-2315-13160,0,0,0,0,0,1,0,0,0
6V8K6WFEE_2037-1248-2549-1760,0,0,0,0,0,1,0,0,0
6V8K6WFEE_1575-11852-2087-12364,0,0,0,0,0,1,0,0,0
6V8K6WFEE_2283-12525-2795-13037,0,0,0,0,0,1,0,0,0
6V8K6WFEE_3401-671-3913-1183,0,0,0,0,0,1,0,0,0
6V8K6WFEE_5712-1659-6224-2171,0,0,0,0,0,1,0,0,0
6V8K6WFEE_5797-12432-6309-12944,0,0,0,0,0,1,0,0,0
6V8K6WFEE_6143-673-6655-1185,0,0,0,0,1,1,0,0,0
6V8K6WFEE_5797-12944-6309-13456,0,0,0,0,0,1,0,0,0
6V8K6WFEE_6251-3483-6763-3995,0,0,0,0,0,1,0,0,0
6V8K6WFEE_6309-12432-6821-12944,0,0,0,0,1,1,0,0,0
6V8K6WFEE_6464-482-6976-994,0,0,0,0,1,1,0,0,0
6V8K6WFEE_6763-3483-7275-3995,0,0,0,0,0,1,0,0,0
6V8K6WFEE_6803-3156-7315-3668,0,0,0,0,0,1,0,0,0
6V8K6WFEE_7275-3483-7787-3995,0,0,0,0,0,1,0,0,0
6V8K6WFEE_7385-507-7897-1019,0,0,0,0,1,1,0,0,0
6V8K6WFEE_6821-12432-7333-12944,0,0,0,0,1,1,0,0,0
6V8K6WFEE_7033-678-7545-1190,0,0,0,0,1,1,0,0,0
6V8K6WFEE_6924-12113-7436-12625,0,0,0,0,1,1,0,0,0
6V8K6WFEE_7333-11920-7845-12432,0,0,0,0,1,1,0,0,0
6V8K6WFEE_7607-11779-8119-12291,0,0,0,0,1,1,0,0,0
6V8K6WFEE_7916-555-8428-1067,0,0,0,0,0,1,0,0,0
6V8K6WFEE_7879-11917-8391-12429,0,0,0,0,1,1,0,0,0
6V8K6WFEE_7705-3478-8217-3990,0,0,0,0,0,1,0,0,0
6V8K6WFEE_7921-2344-8433-2856,0,0,0,0,0,1,0,0,0
6V8K6WFEE_7927-1612-8439-2124,0,0,0,0,0,1,0,0,0
6V8K6WFEE_8162-1188-8674-1700,0,0,0,0,0,1,0,0,0
6V8K6WFEE_8286-550-8798-1062,0,0,0,0,0,1,0,0,0
6V8K6WFEE_8119-11779-8631-12291,0,0,0,0,1,1,0,0,0
6V8K6WFEE_8511-4098-9023-4610,0,0,0,0,1,0,0,0,0
6V8K6WFEE_8332-3478-8844-3990,0,0,0,0,0,1,0,0,0
6V8K6WFEE_9350-1296-9862-1808,0,0,0,0,0,1,0,0,0
6V8K6WFEE_8838-1296-9350-1808,0,0,0,0,0,1,0,0,0
6V8K6WFEE_8838-784-9350-1296,0,0,0,0,0,1,0,0,0
6V8K6WFEE_9424-4039-9936-4551,0,0,0,0,1,0,0,0,0
6V8K6WFEE_9143-11779-9655-12291,0,0,0,0,0,1,0,0,0
6V8K6WFEE_8844-3478-9356-3990,0,0,0,0,0,1,0,0,0
6V8K6WFEE_8631-11779-9143-12291,0,0,0,0,0,1,0,0,0
6V8K6WFEE_936-673-1448-1185,0,0,0,0,0,1,0,0,0
6V8K6WFEE_9809-7709-10321-8221,0,0,0,0,0,1,0,0,0
6V8K6WFEE_8961-4081-9473-4593,0,0,0,0,1,0,0,0,0
6V8K6WFEE_9807-10617-10319-11129,0,0,0,0,1,0,0,0,0
6V8K6WFEE_9809-8221-10321-8733,0,0,0,0,0,1,0,0,0
6V8K6WFEE_9973-3447-10485-3959,0,0,0,0,0,1,0,0,0
6V8K6WFEE_9866-11333-10378-11845,0,0,0,0,1,0,0,0,0
6V8K6WFEE_9847-10986-10359-11498,0,0,0,0,1,0,0,0,0
6V8K6WFEE_9896-11698-10408-12210,0,0,0,0,1,0,0,0,0
6XK1QLCDN_1841-4607-2353-5119,0,1,0,0,0,0,0,0,0
6XK1QLCDN_1841-4095-2353-4607,0,1,0,0,0,0,0,0,0
6XK1QLCDN_1625-7904-2137-8416,0,1,0,0,0,0,0,0,0
6XK1QLCDN_2137-7904-2649-8416,0,1,0,0,0,0,0,0,0
6XK1QLCDN_1625-8416-2137-8928,0,1,0,0,0,0,0,0,0
6XK1QLCDN_2176-1083-2688-1595,0,1,0,0,0,0,0,0,0
6XK1QLCDN_1561-4574-2073-5086,0,1,0,0,0,0,0,0,0
6XK1QLCDN_2649-7904-3161-8416,0,1,0,0,0,0,0,0,0
6XK1QLCDN_2296-2948-2808-3460,0,1,0,0,0,0,0,0,0
6XK1QLCDN_2137-8416-2649-8928,0,1,0,0,0,0,0,0,0
6XK1QLCDN_2176-571-2688-1083,0,1,0,0,0,0,0,0,0
6XK1QLCDN_2649-8416-3161-8928,0,1,0,0,0,0,0,0,0
6XK1QLCDN_2688-571-3200-1083,0,1,0,0,0,0,0,0,1
6XK1QLCDN_3161-7904-3673-8416,0,1,0,0,0,0,0,0,0
6XK1QLCDN_2808-2948-3320-3460,0,1,0,0,0,0,0,0,0
6XK1QLCDN_3078-1942-3590-2454,0,1,0,0,0,0,0,0,0
6XK1QLCDN_3161-8416-3673-8928,0,1,0,0,0,0,0,0,0
6XK1QLCDN_3200-1083-3712-1595,0,1,0,0,0,0,0,0,0
6XK1QLCDN_3673-8416-4185-8928,0,1,0,0,0,0,0,0,0
6XK1QLCDN_4458-8195-4970-8707,0,1,0,0,0,0,0,0,0
6XK1QLCDN_4525-759-5037-1271,0,1,0,0,0,0,0,0,1
6XK1QLCDN_3360-906-3872-1418,0,1,0,0,0,0,0,0,1
6XK1QLCDN_3699-8040-4211-8552,0,1,0,0,0,0,0,0,1
6XK1QLCDN_781-8220-1293-8732,0,1,0,0,0,0,0,0,0
6XK1QLCDN_3200-571-3712-1083,0,1,0,0,0,0,0,0,1
6XK1QLCDN_4013-759-4525-1271,0,1,0,0,0,0,0,0,0
6YJ7EUJAC_1316-8308-1828-8820,0,0,0,0,0,1,0,0,0
6XK1QLCDN_3946-8195-4458-8707,0,1,0,0,0,0,0,0,1
6XK1QLCDN_785-4557-1297-5069,0,0,0,0,0,0,0,0,1
6YJ7EUJAC_1731-1638-2243-2150,0,0,0,0,0,0,0,0,1
6YJ7EUJAC_1751-887-2263-1399,0,0,0,0,0,1,0,0,0
6YJ7EUJAC_1828-8308-2340-8820,0,0,0,0,0,1,0,0,0
6YJ7EUJAC_2450-8536-2962-9048,0,0,0,0,0,1,0,0,0
6YJ7EUJAC_2606-877-3118-1389,0,0,0,0,0,1,0,0,0
6YJ7EUJAC_2263-887-2775-1399,0,0,0,0,0,1,0,0,0
6YJ7EUJAC_3118-877-3630-1389,0,0,0,0,0,1,0,0,0
6YJ7EUJAC_4426-868-4938-1380,0,0,0,0,0,1,0,0,0
6YJ7EUJAC_3155-8815-3667-9327,0,0,0,0,0,1,0,0,0
6YJ7EUJAC_3914-868-4426-1380,0,0,0,0,0,1,0,0,1
6YJ7EUJAC_4938-868-5450-1380,0,0,0,0,0,1,0,0,0
6YJ7EUJAC_4575-8769-5087-9281,0,0,0,0,0,1,0,0,0
6YJ7EUJAC_3667-8815-4179-9327,0,0,0,0,0,1,0,0,0
6YJ7EUJAC_3630-877-4142-1389,0,0,0,0,0,1,0,0,1
6YJ7EUJAC_5248-8789-5760-9301,0,0,0,0,0,1,0,0,0
6YJ7EUJAC_5760-8789-6272-9301,0,0,0,0,0,1,0,0,0
6YJ7EUJAC_5361-860-5873-1372,0,0,0,0,0,1,0,0,0
6YJ7EUJAC_5873-860-6385-1372,0,0,0,0,0,1,0,0,0
6YJ7EUJAC_6266-7737-6778-8249,0,0,0,0,0,1,0,0,0
6YJ7EUJAC_6266-8249-6778-8761,0,0,0,0,0,1,0,0,0
6ZKA3XV8Z_1312-1759-1824-2271,1,0,0,0,0,0,0,0,0
6ZKA3XV8Z_1287-2149-1799-2661,1,0,0,0,0,0,0,0,0
6YJ7EUJAC_6335-654-6847-1166,0,0,0,0,0,1,0,0,0
6ZKA3XV8Z_1809-2077-2321-2589,1,0,0,0,0,0,0,0,0
6ZYTV7YFE_1133-10478-1645-10990,0,0,0,1,0,0,0,0,0
6ZYTV7YFE_1645-9966-2157-10478,0,0,0,1,0,0,0,0,0
6ZYTV7YFE_1645-9454-2157-9966,0,0,0,1,0,0,0,0,0
6ZYTV7YFE_2669-9454-3181-9966,0,0,0,1,0,0,0,0,0
6ZYTV7YFE_2669-10478-3181-10990,0,0,0,1,0,0,0,0,0
6ZYTV7YFE_2157-10478-2669-10990,0,0,0,1,0,0,0,0,0
6ZKA3XV8Z_453-1491-965-2003,1,0,0,0,0,0,0,0,0
6ZYTV7YFE_1645-10478-2157-10990,0,0,0,1,0,0,0,0,0
6ZYTV7YFE_3181-10990-3693-11502,0,0,0,1,0,0,0,0,0
6ZYTV7YFE_3181-8942-3693-9454,0,0,0,1,0,0,0,0,0
6ZYTV7YFE_3181-9454-3693-9966,0,0,0,1,0,0,0,0,0
6ZYTV7YFE_2669-9966-3181-10478,0,0,0,1,0,0,0,0,0
6ZYTV7YFE_3181-10478-3693-10990,0,0,0,1,0,0,0,0,0
6ZYTV7YFE_3181-9966-3693-10478,0,0,0,1,0,0,0,0,0
6ZYTV7YFE_3530-9498-4042-10010,0,0,0,1,0,0,0,0,0
6ZYTV7YFE_3530-10010-4042-10522,0,0,0,1,0,0,0,0,0
6ZYTV7YFE_4042-9498-4554-10010,0,0,0,1,0,0,0,0,0
71FV4B6WI_10147-6621-10659-7133,0,0,0,0,0,0,1,0,0
71FV4B6WI_10685-2816-11197-3328,0,0,0,0,0,0,1,0,0
71FV4B6WI_10659-6109-11171-6621,0,0,0,0,0,0,1,0,0
71FV4B6WI_10173-2816-10685-3328,0,0,0,0,0,0,1,0,0
71FV4B6WI_11171-6109-11683-6621,0,0,0,0,0,0,1,0,0
71FV4B6WI_11197-2816-11709-3328,0,0,0,0,0,0,1,0,0
71FV4B6WI_10659-6621-11171-7133,0,0,0,0,0,0,1,0,0
71FV4B6WI_6077-3328-6589-3840,0,0,0,0,0,0,1,0,0
71FV4B6WI_8125-3328-8637-3840,0,0,0,0,0,0,1,0,0
71FV4B6WI_6589-3328-7101-3840,0,0,0,0,0,0,1,0,0
71FV4B6WI_8637-3328-9149-3840,0,0,0,0,0,0,1,0,0
71FV4B6WI_8637-2816-9149-3328,0,0,0,0,0,0,1,0,0
71FV4B6WI_7101-3328-7613-3840,0,0,0,0,0,0,1,0,0
71FV4B6WI_7613-3328-8125-3840,0,0,0,0,0,0,1,0,0
71FV4B6WI_9149-2816-9661-3328,0,0,0,0,0,0,1,0,0
71FV4B6WI_9661-2816-10173-3328,0,0,0,0,0,0,1,0,0
71FV4B6WI_8791-8393-9303-8905,0,0,0,0,0,0,1,0,0
74TM3V7C1_1349-3364-1861-3876,0,1,0,0,0,0,0,0,0
74TM3V7C1_1349-3876-1861-4388,0,1,0,0,0,0,0,0,0
73UNZNNW1_4959-3406-5471-3918,1,0,0,0,0,0,0,0,0
74TM3V7C1_3315-2872-3827-3384,0,1,0,0,0,0,0,0,0
74TM3V7C1_1531-2771-2043-3283,0,1,0,0,0,0,0,0,0
74TM3V7C1_2803-3384-3315-3896,0,1,0,0,0,0,0,0,0
74TM3V7C1_2803-2872-3315-3384,0,1,0,0,0,0,0,0,0
74TM3V7C1_2803-3896-3315-4408,0,1,0,0,0,0,0,0,0
77BG2G8QH_11306-13234-11818-13746,0,0,0,0,0,1,0,0,0
77BG2G8QH_1210-3308-1722-3820,0,0,0,0,0,1,0,0,0
77BG2G8QH_1407-5181-1919-5693,0,0,0,0,0,1,0,0,0
74TM3V7C1_7564-3767-8076-4279,0,1,0,0,0,0,0,0,0
77BG2G8QH_1448-901-1960-1413,0,0,0,0,0,1,0,0,0
77BG2G8QH_1220-4293-1732-4805,0,0,0,0,0,1,0,0,0
77BG2G8QH_1507-3148-2019-3660,0,0,0,0,0,1,0,0,0
77BG2G8QH_1850-2925-2362-3437,0,0,0,0,0,1,0,0,0
77BG2G8QH_1961-856-2473-1368,0,0,0,0,0,1,0,0,0
77BG2G8QH_1964-3153-2476-3665,0,0,0,0,0,1,0,0,0
77BG2G8QH_5100-8625-5612-9137,0,0,0,0,0,1,0,0,0
77BG2G8QH_4055-813-4567-1325,0,0,0,0,0,1,0,0,0
77BG2G8QH_4182-8633-4694-9145,0,0,0,0,0,1,0,0,0
77BG2G8QH_3307-5704-3819-6216,0,0,0,0,0,1,0,0,0
77BG2G8QH_3715-4270-4227-4782,0,0,0,0,0,1,0,0,0
77BG2G8QH_2967-8655-3479-9167,0,0,0,0,0,1,0,0,0
77BG2G8QH_6088-8604-6600-9116,0,0,0,0,0,1,0,0,0
77BG2G8QH_6615-10037-7127-10549,0,0,0,0,0,1,0,0,0
77BG2G8QH_8057-11060-8569-11572,0,0,0,0,0,1,0,0,0
77BG2G8QH_6654-7918-7166-8430,0,0,0,0,0,1,0,0,0
77BG2G8QH_8057-10548-8569-11060,0,0,0,0,0,1,0,0,0
77BG2G8QH_761-4392-1273-4904,0,0,0,0,0,1,0,0,0
77BG2G8QH_6938-7607-7450-8119,0,0,0,0,0,1,0,0,0
77BG2G8QH_823-3299-1335-3811,0,0,0,0,0,1,0,0,0
77BG2G8QH_8569-11060-9081-11572,0,0,0,0,0,1,0,0,0
77D9ND9BM_1241-6180-1753-6692,0,1,0,0,0,0,0,0,0
77D9ND9BM_1222-7082-1734-7594,0,1,0,0,0,0,0,0,0
77D9ND9BM_1241-6692-1753-7204,0,1,0,0,0,0,0,0,0
77D9ND9BM_1275-2255-1787-2767,0,1,0,0,0,0,0,0,0
77D9ND9BM_1584-3810-2096-4322,0,1,0,0,0,0,0,0,0
77D9ND9BM_1517-4205-2029-4717,0,1,0,0,0,0,0,0,0
77D9ND9BM_1419-7559-1931-8071,0,1,0,0,0,0,0,0,0
77D9ND9BM_1468-781-1980-1293,0,1,0,0,0,0,0,0,0
77D9ND9BM_1468-1805-1980-2317,0,1,0,0,0,0,0,0,0
77D9ND9BM_1468-1293-1980-1805,0,1,0,0,0,0,0,0,0
77D9ND9BM_1594-3241-2106-3753,0,1,0,0,0,0,0,0,0
77D9ND9BM_1687-2762-2199-3274,0,1,0,0,0,0,0,0,0
77D9ND9BM_1787-2255-2299-2767,0,1,0,0,0,0,0,0,0
77D9ND9BM_1753-6692-2265-7204,0,1,0,0,0,0,0,0,0
77D9ND9BM_1753-6180-2265-6692,0,1,0,0,0,0,0,0,0
77D9ND9BM_1813-7146-2325-7658,0,1,0,0,0,0,0,0,0
77D9ND9BM_1980-1293-2492-1805,0,1,0,0,0,0,0,0,0
77D9ND9BM_2029-4205-2541-4717,0,1,0,0,0,0,0,0,0
77D9ND9BM_1980-781-2492-1293,0,1,0,0,0,0,0,0,0
77D9ND9BM_1980-1805-2492-2317,0,1,0,0,0,0,0,0,0
77D9ND9BM_2096-3810-2608-4322,0,1,0,0,0,0,0,0,0
77D9ND9BM_2178-1043-2690-1555,0,1,0,0,0,0,0,0,0
77D9ND9BM_2178-2067-2690-2579,0,1,0,0,0,0,0,0,0
77D9ND9BM_2106-3241-2618-3753,0,1,0,0,0,0,0,0,0
77D9ND9BM_2414-3307-2926-3819,0,1,0,0,0,0,0,0,0
77D9ND9BM_2178-1555-2690-2067,0,1,0,0,0,0,0,0,0
77D9ND9BM_2265-6180-2777-6692,0,1,0,0,0,0,0,0,0
77D9ND9BM_2265-6692-2777-7204,0,1,0,0,0,0,0,0,0
77D9ND9BM_2265-5668-2777-6180,0,1,0,0,0,0,0,0,0
77D9ND9BM_2492-781-3004-1293,0,1,0,0,0,0,0,0,0
77D9ND9BM_2690-1043-3202-1555,0,1,0,0,0,0,0,0,0
77D9ND9BM_2515-2772-3027-3284,0,1,0,0,0,0,0,0,0
77D9ND9BM_2492-1805-3004-2317,0,1,0,0,0,0,0,0,0
77D9ND9BM_2690-1555-3202-2067,0,1,0,0,0,0,0,0,0
77D9ND9BM_2690-2067-3202-2579,0,1,0,0,0,0,0,0,0
77D9ND9BM_2690-2579-3202-3091,0,1,0,0,0,0,0,0,0
77D9ND9BM_2696-8183-3208-8695,0,1,0,0,0,0,0,0,0
77D9ND9BM_2696-7671-3208-8183,0,1,0,0,0,0,0,0,0
77D9ND9BM_2718-3114-3230-3626,0,1,0,0,0,0,0,0,0
77D9ND9BM_3004-781-3516-1293,0,1,0,0,0,0,0,0,0
77D9ND9BM_2777-5668-3289-6180,0,1,0,0,0,0,0,0,0
77D9ND9BM_2777-6692-3289-7204,0,1,0,0,0,0,0,0,0
77D9ND9BM_2777-6180-3289-6692,0,1,0,0,0,0,0,0,0
77D9ND9BM_3202-1043-3714-1555,0,1,0,0,0,0,0,0,0
77D9ND9BM_3004-2317-3516-2829,0,1,0,0,0,0,0,0,0
77D9ND9BM_2949-4221-3461-4733,0,1,0,0,0,0,0,0,0
77D9ND9BM_2815-3772-3327-4284,0,1,0,0,0,0,0,0,0
77D9ND9BM_3208-7671-3720-8183,0,1,0,0,0,0,0,0,0
77D9ND9BM_3202-2067-3714-2579,0,1,0,0,0,0,0,0,0
77D9ND9BM_3208-7159-3720-7671,0,1,0,0,0,0,0,0,0
77D9ND9BM_3208-8183-3720-8695,0,1,0,0,0,0,0,0,0
77D9ND9BM_3289-6180-3801-6692,0,1,0,0,0,0,0,0,0
77D9ND9BM_3230-3114-3742-3626,0,1,0,0,0,0,0,0,0
77D9ND9BM_3461-4221-3973-4733,0,1,0,0,0,0,0,0,0
77D9ND9BM_3337-3505-3849-4017,0,1,0,0,0,0,0,0,0
77D9ND9BM_3289-6692-3801-7204,0,1,0,0,0,0,0,0,0
77D9ND9BM_3611-8104-4123-8616,0,1,0,0,0,0,0,0,0
77D9ND9BM_3516-781-4028-1293,0,1,0,0,0,0,0,0,0
77D9ND9BM_3516-1293-4028-1805,0,1,0,0,0,0,0,0,0
77D9ND9BM_3610-2991-4122-3503,0,1,0,0,0,0,0,0,0
77D9ND9BM_3516-2317-4028-2829,0,1,0,0,0,0,0,0,0
77D9ND9BM_3714-1043-4226-1555,0,1,0,0,0,0,0,0,0
77D9ND9BM_3642-3666-4154-4178,0,1,0,0,0,0,0,0,0
77D9ND9BM_3531-3352-4043-3864,0,1,0,0,0,0,0,0,0
77D9ND9BM_3720-7671-4232-8183,0,1,0,0,0,0,0,0,0
77D9ND9BM_3714-1555-4226-2067,0,1,0,0,0,0,0,0,0
77D9ND9BM_3720-7159-4232-7671,0,1,0,0,0,0,0,0,0
77D9ND9BM_3714-2579-4226-3091,0,1,0,0,0,0,0,0,0
77D9ND9BM_3801-6180-4313-6692,0,1,0,0,0,0,0,0,0
77D9ND9BM_3801-6692-4313-7204,0,1,0,0,0,0,0,0,0
77D9ND9BM_3908-3835-4420-4347,0,1,0,0,0,0,0,0,0
77D9ND9BM_3962-8510-4474-9022,0,1,0,0,0,0,0,0,0
77D9ND9BM_4028-1293-4540-1805,0,1,0,0,0,0,0,0,0
77D9ND9BM_3973-4221-4485-4733,0,1,0,0,0,0,0,0,0
77D9ND9BM_4028-2317-4540-2829,0,1,0,0,0,0,0,0,0
77D9ND9BM_4154-3666-4666-4178,0,1,0,0,0,0,0,0,0
77D9ND9BM_4123-8104-4635-8616,0,1,0,0,0,0,0,0,0
77D9ND9BM_4072-7048-4584-7560,0,1,0,0,0,0,0,0,0
77D9ND9BM_4028-781-4540-1293,0,1,0,0,0,0,0,0,0
77D9ND9BM_4226-1555-4738-2067,0,1,0,0,0,0,0,0,0
77D9ND9BM_4124-7484-4636-7996,0,1,0,0,0,0,0,0,0
77D9ND9BM_4028-1805-4540-2317,0,1,0,0,0,0,0,0,0
77D9ND9BM_4313-5156-4825-5668,0,1,0,0,0,0,0,0,0
77D9ND9BM_4226-2067-4738-2579,0,1,0,0,0,0,0,0,0
77D9ND9BM_4233-2906-4745-3418,0,1,0,0,0,0,0,0,0
77D9ND9BM_4313-5668-4825-6180,0,1,0,0,0,0,0,0,0
77D9ND9BM_4313-6692-4825-7204,0,1,0,0,0,0,0,0,0
77D9ND9BM_4314-3392-4826-3904,0,1,0,0,0,0,0,0,0
77D9ND9BM_4505-1191-5017-1703,0,1,0,0,0,0,0,0,0
77D9ND9BM_4314-3904-4826-4416,0,1,0,0,0,0,0,0,0
77D9ND9BM_4485-4221-4997-4733,0,1,0,0,0,0,0,0,0
77D9ND9BM_4353-4781-4865-5293,0,1,0,0,0,0,0,0,0
77D9ND9BM_4505-2215-5017-2727,0,1,0,0,0,0,0,0,0
77D9ND9BM_4505-3751-5017-4263,0,1,0,0,0,0,0,0,0
77D9ND9BM_4505-679-5017-1191,0,1,0,0,0,0,0,0,0
77D9ND9BM_4491-8606-5003-9118,0,1,0,0,0,0,0,0,0
77D9ND9BM_4505-2727-5017-3239,0,1,0,0,0,0,0,0,0
77D9ND9BM_4558-7104-5070-7616,0,1,0,0,0,0,0,0,0
77D9ND9BM_4505-1703-5017-2215,0,1,0,0,0,0,0,0,0
77D9ND9BM_4826-3904-5338-4416,0,1,0,0,0,0,0,0,0
77D9ND9BM_4558-7616-5070-8128,0,1,0,0,0,0,0,0,0
77D9ND9BM_4825-6692-5337-7204,0,1,0,0,0,0,0,0,0
77D9ND9BM_4563-3470-5075-3982,0,1,0,0,0,0,0,0,0
77D9ND9BM_4826-2880-5338-3392,0,1,0,0,0,0,0,0,0
77D9ND9BM_4827-8699-5339-9211,0,1,0,0,0,0,0,0,0
77D9ND9BM_4873-7357-5385-7869,0,1,0,0,0,0,0,0,0
77D9ND9BM_4865-4781-5377-5293,0,1,0,0,0,0,0,0,0
77D9ND9BM_4873-7869-5385-8381,0,1,0,0,0,0,0,0,0
77D9ND9BM_4873-6333-5385-6845,0,1,0,0,0,0,0,0,0
77D9ND9BM_4873-4285-5385-4797,0,1,0,0,0,0,0,0,0
77D9ND9BM_4873-5821-5385-6333,0,1,0,0,0,0,0,0,0
77D9ND9BM_5017-1703-5529-2215,0,1,0,0,0,0,0,0,0
77D9ND9BM_4873-8381-5385-8893,0,1,0,0,0,0,0,0,0
77D9ND9BM_5017-2727-5529-3239,0,1,0,0,0,0,0,0,0
77D9ND9BM_5017-1191-5529-1703,0,1,0,0,0,0,0,0,0
77D9ND9BM_4873-5309-5385-5821,0,1,0,0,0,0,0,0,0
77D9ND9BM_5017-2215-5529-2727,0,1,0,0,0,0,0,0,0
77D9ND9BM_5017-3239-5529-3751,0,1,0,0,0,0,0,0,0
77D9ND9BM_5017-679-5529-1191,0,1,0,0,0,0,0,0,0
77D9ND9BM_5017-3751-5529-4263,0,1,0,0,0,0,0,0,0
77D9ND9BM_5133-2439-5645-2951,0,1,0,0,0,0,0,0,0
77D9ND9BM_5133-2951-5645-3463,0,1,0,0,0,0,0,0,0
77D9ND9BM_5385-3261-5897-3773,0,1,0,0,0,0,0,0,0
77D9ND9BM_5385-5309-5897-5821,0,1,0,0,0,0,0,0,0
77D9ND9BM_5501-2258-6013-2770,0,1,0,0,0,0,0,0,0
77D9ND9BM_5385-4285-5897-4797,0,1,0,0,0,0,0,0,0
77D9ND9BM_5385-3773-5897-4285,0,1,0,0,0,0,0,0,0
77D9ND9BM_5385-7869-5897-8381,0,1,0,0,0,0,0,0,0
77D9ND9BM_5385-8381-5897-8893,0,1,0,0,0,0,0,0,0
77D9ND9BM_5385-4797-5897-5309,0,1,0,0,0,0,0,0,0
77D9ND9BM_5686-1133-6198-1645,0,1,0,0,0,0,0,0,0
77D9ND9BM_5501-2770-6013-3282,0,1,0,0,0,0,0,0,0
77D9ND9BM_5686-1645-6198-2157,0,1,0,0,0,0,0,0,0
77D9ND9BM_5686-621-6198-1133,0,1,0,0,0,0,0,0,0
77D9ND9BM_5880-994-6392-1506,0,1,0,0,0,0,0,0,0
77D9ND9BM_5897-3773-6409-4285,0,1,0,0,0,0,0,0,0
77D9ND9BM_5897-3261-6409-3773,0,1,0,0,0,0,0,0,0
77D9ND9BM_5897-5821-6409-6333,0,1,0,0,0,0,0,0,0
77D9ND9BM_5897-4285-6409-4797,0,1,0,0,0,0,0,0,0
77D9ND9BM_5897-6333-6409-6845,0,1,0,0,0,0,0,0,0
77D9ND9BM_6392-994-6904-1506,0,1,0,0,0,0,0,0,0
77D9ND9BM_5897-6845-6409-7357,0,1,0,0,0,0,0,0,0
77D9ND9BM_6013-1746-6525-2258,0,1,0,0,0,0,0,0,0
77D9ND9BM_5897-8381-6409-8893,0,1,0,0,0,0,0,0,0
77D9ND9BM_6409-4285-6921-4797,0,1,0,0,0,0,0,0,0
77D9ND9BM_5897-7357-6409-7869,0,1,0,0,0,0,0,0,0
77D9ND9BM_6013-2258-6525-2770,0,1,0,0,0,0,0,0,0
77D9ND9BM_6013-1234-6525-1746,0,1,0,0,0,0,0,0,0
77D9ND9BM_5897-7869-6409-8381,0,1,0,0,0,0,0,0,0
77D9ND9BM_6198-621-6710-1133,0,1,0,0,0,0,0,0,0
77D9ND9BM_6013-2770-6525-3282,0,1,0,0,0,0,0,0,0
77D9ND9BM_6409-4797-6921-5309,0,1,0,0,0,0,0,0,0
77D9ND9BM_6409-5309-6921-5821,0,1,0,0,0,0,0,0,0
77D9ND9BM_6409-7869-6921-8381,0,1,0,0,0,0,0,0,0
77D9ND9BM_6409-7357-6921-7869,0,1,0,0,0,0,0,0,0
77D9ND9BM_6476-1992-6988-2504,0,1,0,0,0,0,0,0,0
77D9ND9BM_6527-3948-7039-4460,0,1,0,0,0,0,0,0,0
77D9ND9BM_6527-3436-7039-3948,0,1,0,0,0,0,0,0,0
77D9ND9BM_6716-2964-7228-3476,0,1,0,0,0,0,0,0,0
77D9ND9BM_6666-1135-7178-1647,0,1,0,0,0,0,0,0,0
77D9ND9BM_6666-2159-7178-2671,0,1,0,0,0,0,0,0,0
77D9ND9BM_6620-727-7132-1239,0,1,0,0,0,0,0,0,0
77D9ND9BM_6710-1645-7222-2157,0,1,0,0,0,0,0,0,0
77D9ND9BM_6666-2671-7178-3183,0,1,0,0,0,0,0,0,0
77D9ND9BM_6666-8046-7178-8558,0,1,0,0,0,0,0,0,0
77D9ND9BM_6838-5542-7350-6054,0,1,0,0,0,0,0,0,0
77D9ND9BM_692-7552-1204-8064,0,1,0,0,0,0,0,0,0
77D9ND9BM_6666-7534-7178-8046,0,1,0,0,0,0,0,0,0
77D9ND9BM_6529-8500-7041-9012,0,1,0,0,0,0,0,0,0
77D9ND9BM_692-7040-1204-7552,0,1,0,0,0,0,0,0,0
77D9ND9BM_7039-3436-7551-3948,0,1,0,0,0,0,0,0,0
77D9ND9BM_7039-4972-7551-5484,0,1,0,0,0,0,0,0,0
77D9ND9BM_7039-4460-7551-4972,0,1,0,0,0,0,0,0,0
77D9ND9BM_7039-3948-7551-4460,0,1,0,0,0,0,0,0,0
77D9ND9BM_7178-1647-7690-2159,0,1,0,0,0,0,0,0,0
77D9ND9BM_7178-2159-7690-2671,0,1,0,0,0,0,0,0,0
77D9ND9BM_7178-6510-7690-7022,0,1,0,0,0,0,0,0,0
77D9ND9BM_7178-8046-7690-8558,0,1,0,0,0,0,0,0,0
77D9ND9BM_7178-7022-7690-7534,0,1,0,0,0,0,0,0,0
77D9ND9BM_7178-2671-7690-3183,0,1,0,0,0,0,0,0,0
77D9ND9BM_7178-7534-7690-8046,0,1,0,0,0,0,0,0,0
77D9ND9BM_7178-3183-7690-3695,0,1,0,0,0,0,0,0,0
77D9ND9BM_7222-621-7734-1133,0,1,0,0,0,0,0,0,0
77D9ND9BM_7178-5486-7690-5998,0,1,0,0,0,0,0,0,0
77D9ND9BM_729-6180-1241-6692,0,1,0,0,0,0,0,0,0
77D9ND9BM_7222-1133-7734-1645,0,1,0,0,0,0,0,0,0
77D9ND9BM_7178-8558-7690-9070,0,1,0,0,0,0,0,0,0
77D9ND9BM_729-6692-1241-7204,0,1,0,0,0,0,0,0,0
77D9ND9BM_7529-4541-8041-5053,0,1,0,0,0,0,0,0,0
77D9ND9BM_7551-3436-8063-3948,0,1,0,0,0,0,0,0,0
77D9ND9BM_7551-3948-8063-4460,0,1,0,0,0,0,0,0,0
77D9ND9BM_7551-4972-8063-5484,0,1,0,0,0,0,0,0,0
77D9ND9BM_7690-2159-8202-2671,0,1,0,0,0,0,0,0,0
77D9ND9BM_7690-1647-8202-2159,0,1,0,0,0,0,0,0,0
77D9ND9BM_7690-5486-8202-5998,0,1,0,0,0,0,0,0,0
77D9ND9BM_7690-7022-8202-7534,0,1,0,0,0,0,0,0,0
77D9ND9BM_7690-5998-8202-6510,0,1,0,0,0,0,0,0,0
77D9ND9BM_7734-1133-8246-1645,0,1,0,0,0,0,0,0,0
77D9ND9BM_7974-4819-8486-5331,0,1,0,0,0,0,0,0,0
77D9ND9BM_7690-6510-8202-7022,0,1,0,0,0,0,0,0,0
77D9ND9BM_7690-2671-8202-3183,0,1,0,0,0,0,0,0,0
77D9ND9BM_7690-3183-8202-3695,0,1,0,0,0,0,0,0,0
77D9ND9BM_7690-8558-8202-9070,0,1,0,0,0,0,0,0,0
77D9ND9BM_7690-7534-8202-8046,0,1,0,0,0,0,0,0,0
77D9ND9BM_8041-4541-8553-5053,0,1,0,0,0,0,0,0,0
77D9ND9BM_7734-621-8246-1133,0,1,0,0,0,0,0,0,0
77D9ND9BM_8202-1135-8714-1647,0,1,0,0,0,0,0,0,0
77D9ND9BM_8202-1647-8714-2159,0,1,0,0,0,0,0,0,0
77D9ND9BM_8202-2159-8714-2671,0,1,0,0,0,0,0,0,0
77D9ND9BM_8202-5486-8714-5998,0,1,0,0,0,0,0,0,0
77D9ND9BM_8202-5998-8714-6510,0,1,0,0,0,0,0,0,0
77D9ND9BM_8202-6510-8714-7022,0,1,0,0,0,0,0,0,0
77D9ND9BM_8202-7534-8714-8046,0,1,0,0,0,0,0,0,0
77D9ND9BM_8202-8558-8714-9070,0,1,0,0,0,0,0,0,0
77D9ND9BM_8486-4307-8998-4819,0,1,0,0,0,0,0,0,0
77D9ND9BM_8455-698-8967-1210,0,1,0,0,0,0,0,0,0
77D9ND9BM_8486-4819-8998-5331,0,1,0,0,0,0,0,0,0
77D9ND9BM_8202-8046-8714-8558,0,1,0,0,0,0,0,0,0
77D9ND9BM_956-1293-1468-1805,0,1,0,0,0,0,0,0,0
77D9ND9BM_8455-1722-8967-2234,0,1,0,0,0,0,0,0,0
77D9ND9BM_8455-1210-8967-1722,0,1,0,0,0,0,0,0,0
77D9ND9BM_8202-7022-8714-7534,0,1,0,0,0,0,0,0,0
77D9ND9BM_8455-2234-8967-2746,0,1,0,0,0,0,0,0,0
77D9ND9BM_929-7300-1441-7812,0,1,0,0,0,0,0,0,0
77D9ND9BM_956-781-1468-1293,0,1,0,0,0,0,0,0,0
77D9ND9BM_956-1805-1468-2317,0,1,0,0,0,0,0,0,0
77D9ND9BM_956-2317-1468-2829,0,1,0,0,0,0,0,0,0
78ERJHYTM_410-491-922-1003,1,0,0,0,0,0,0,0,0
78ERJHYTM_2488-478-3000-990,1,0,0,0,0,0,0,0,0
78ERJHYTM_2168-300-2680-812,1,0,0,0,0,0,0,0,0
78ERJHYTM_438-1084-950-1596,1,0,0,0,0,0,0,0,0
78RGHHN8Q_1309-302-1821-814,0,0,1,0,0,0,0,0,0
78RGHHN8Q_184-412-696-924,0,0,1,0,0,1,0,0,0
78RGHHN8Q_1577-345-2089-857,0,0,1,0,0,0,0,0,0
78RGHHN8Q_507-4507-1019-5019,0,0,0,0,0,1,0,0,0
78RGHHN8Q_1612-3083-2124-3595,0,0,0,0,0,1,0,0,0
78RGHHN8Q_162-4307-674-4819,0,0,1,0,0,0,0,0,0
78RGHHN8Q_2409-399-2921-911,0,0,1,0,0,1,0,0,0
78RGHHN8Q_2433-4953-2945-5465,0,0,1,0,0,1,0,0,0
78RGHHN8Q_431-344-943-856,0,0,1,0,0,1,0,0,0
798MX7Y98_1018-3831-1530-4343,0,0,0,0,0,0,0,0,1
78RGHHN8Q_452-4906-964-5418,0,0,1,0,0,1,0,0,1
798MX7Y98_1986-3752-2498-4264,0,0,0,0,0,0,0,0,1
798MX7Y98_2805-4452-3317-4964,0,0,0,0,0,0,0,0,1
798MX7Y98_1105-4073-1617-4585,0,0,0,0,0,0,0,0,1
79RPGGN22_346-2722-858-3234,0,0,0,0,0,1,0,0,0
798MX7Y98_3643-4460-4155-4972,0,0,0,0,0,0,0,0,1
798MX7Y98_3192-1404-3704-1916,0,0,0,0,0,0,0,0,1
79Z8IKJET_1156-8321-1668-8833,0,0,0,0,0,1,0,0,0
79Z8IKJET_1246-733-1758-1245,0,0,0,0,0,1,0,0,0
79Z8IKJET_1242-6264-1754-6776,0,0,0,0,0,1,0,0,0
79Z8IKJET_1256-4501-1768-5013,0,0,1,0,0,0,0,0,0
79Z8IKJET_1271-3877-1783-4389,0,0,1,0,0,0,0,0,0
79Z8IKJET_1564-6885-2076-7397,0,0,0,0,0,1,0,0,0
79Z8IKJET_1651-7239-2163-7751,0,0,0,0,0,1,0,0,0
79Z8IKJET_1689-8257-2201-8769,0,0,0,0,0,1,0,0,0
79Z8IKJET_1995-737-2507-1249,0,0,1,0,0,1,0,0,0
79Z8IKJET_1930-4000-2442-4512,0,0,1,0,0,0,0,0,0
79Z8IKJET_2150-8174-2662-8686,0,0,1,0,0,1,0,0,0
79Z8IKJET_2221-918-2733-1430,0,0,1,0,0,1,0,0,0
79Z8IKJET_2377-7066-2889-7578,0,0,1,0,0,0,0,0,0
79Z8IKJET_2305-6446-2817-6958,0,0,1,0,0,1,0,0,0
79Z8IKJET_2323-7979-2835-8491,0,0,1,0,0,1,0,0,0
79Z8IKJET_262-8342-774-8854,0,0,0,0,0,1,0,0,0
79Z8IKJET_2761-736-3273-1248,0,0,0,0,0,1,0,0,0
79Z8IKJET_2737-7997-3249-8509,0,0,1,0,0,1,0,0,0
79Z8IKJET_2390-6702-2902-7214,0,0,1,0,0,1,0,0,0
79Z8IKJET_3294-8280-3806-8792,0,0,0,0,0,1,0,0,0
79Z8IKJET_2917-7066-3429-7578,0,0,1,0,0,0,0,0,0
79Z8IKJET_2782-8280-3294-8792,0,0,1,0,0,1,0,0,0
79Z8IKJET_370-5921-882-6433,0,0,1,0,0,0,0,0,0
79Z8IKJET_4075-1255-4587-1767,0,0,1,0,0,0,0,0,0
79Z8IKJET_3852-2866-4364-3378,0,0,1,0,0,0,0,0,0
79Z8IKJET_4208-1050-4720-1562,0,0,1,0,0,0,0,0,0
79Z8IKJET_4099-745-4611-1257,0,0,0,0,0,1,0,0,0
79Z8IKJET_4076-8306-4588-8818,0,0,0,0,0,1,0,0,0
79Z8IKJET_4304-2697-4816-3209,0,0,1,0,0,0,0,0,0
79Z8IKJET_4514-7544-5026-8056,0,0,1,0,0,0,0,0,0
79Z8IKJET_4558-7908-5070-8420,0,0,1,0,0,0,0,0,0
79Z8IKJET_4454-7293-4966-7805,0,0,1,0,0,0,0,0,0
79Z8IKJET_450-8153-962-8665,0,0,0,0,0,1,0,0,0
79Z8IKJET_4663-5453-5175-5965,0,0,1,0,0,0,0,0,0
79Z8IKJET_4786-5112-5298-5624,0,0,1,0,0,0,0,0,0
79Z8IKJET_4595-6396-5107-6908,0,0,1,0,0,0,0,0,0
79Z8IKJET_4757-6205-5269-6717,0,0,1,0,0,0,0,0,0
79Z8IKJET_4670-769-5182-1281,0,0,0,0,0,1,0,0,0
79Z8IKJET_4823-4441-5335-4953,0,0,1,0,0,0,0,0,0
79Z8IKJET_4893-6443-5405-6955,0,0,1,0,0,0,0,0,0
79Z8IKJET_4968-4628-5480-5140,0,0,1,0,0,0,0,0,0
79Z8IKJET_4964-2849-5476-3361,0,0,1,0,0,0,0,0,0
79Z8IKJET_4893-5931-5405-6443,0,0,1,0,0,0,0,0,0
79Z8IKJET_4995-1854-5507-2366,0,0,1,0,0,0,0,0,0
79Z8IKJET_5005-4195-5517-4707,0,0,1,0,0,0,0,0,0
79Z8IKJET_4995-2366-5507-2878,0,0,1,0,0,0,0,0,0
79Z8IKJET_5026-3482-5538-3994,0,0,1,0,0,0,0,0,0
79Z8IKJET_5480-7682-5992-8194,0,0,1,0,0,0,0,0,0
79Z8IKJET_5131-8377-5643-8889,0,0,0,0,0,1,0,0,0
79Z8IKJET_5431-782-5943-1294,0,0,1,0,0,1,0,0,0
79Z8IKJET_5480-8194-5992-8706,0,0,1,0,0,1,0,0,0
79Z8IKJET_581-5760-1093-6272,0,0,1,0,0,1,0,0,0
79Z8IKJET_5548-8500-6060-9012,0,0,1,0,0,0,0,0,0
79Z8IKJET_5613-3636-6125-4148,0,0,1,0,0,0,0,0,0
79Z8IKJET_5952-752-6464-1264,0,0,1,0,0,1,0,0,0
79Z8IKJET_6086-2257-6598-2769,0,0,0,0,0,1,0,0,0
79Z8IKJET_5986-1214-6498-1726,0,0,0,0,0,1,0,0,0
79Z8IKJET_5666-572-6178-1084,0,0,1,0,0,1,0,0,0
79Z8IKJET_6569-2160-7081-2672,0,0,0,0,0,1,0,0,0
79Z8IKJET_663-655-1175-1167,0,0,0,0,0,1,0,0,0
79Z8IKJET_6238-756-6750-1268,0,0,0,0,0,1,0,0,0
79Z8IKJET_6258-2559-6770-3071,0,0,1,0,0,0,0,0,0
79Z8IKJET_6788-2395-7300-2907,0,0,0,0,0,1,0,0,0
79Z8IKJET_858-8171-1370-8683,0,0,0,0,0,1,0,0,0
7A27GPDWH_2884-310-3396-822,0,0,0,0,0,1,0,0,0
7A27GPDWH_154-2558-666-3070,0,0,0,0,0,1,0,0,0
79Z8IKJET_921-3709-1433-4221,0,0,0,0,0,0,0,0,1
7A27GPDWH_207-251-719-763,0,0,0,0,0,1,0,0,0
7A27GPDWH_2929-2674-3441-3186,0,0,0,0,0,1,0,0,0
7A27GPDWH_5052-2681-5564-3193,0,0,0,0,0,1,0,0,0
7A27GPDWH_5075-432-5587-944,0,0,0,0,0,1,0,0,0
7A4UGDHVC_3194-4558-3706-5070,0,0,0,1,0,0,0,0,0
7A4UGDHVC_3706-4558-4218-5070,0,0,0,1,0,0,0,0,0
7A4UGDHVC_770-5877-1282-6389,0,0,0,1,0,0,0,0,0
7A9PL8CY6_2740-3755-3252-4267,0,1,0,0,0,0,0,0,0
7A9PL8CY6_3252-3755-3764-4267,0,1,0,0,0,0,0,0,0
7A9PL8CY6_3252-3243-3764-3755,0,1,0,0,0,0,0,0,0
7A27GPDWH_3162-404-3674-916,0,0,0,0,0,1,0,0,0
7A9PL8CY6_3059-4178-3571-4690,0,1,0,0,0,0,0,0,0
7A9PL8CY6_3719-3568-4231-4080,0,1,0,0,0,0,0,0,0
7A9PL8CY6_3764-3243-4276-3755,0,1,0,0,0,0,0,0,0
7A9PL8CY6_4098-3086-4610-3598,0,1,0,0,0,0,0,0,0
7A9PL8CY6_4285-2852-4797-3364,0,1,0,0,0,0,0,0,0
7A9PL8CY6_4344-3862-4856-4374,0,1,0,0,0,0,0,0,0
7A9PL8CY6_4231-3568-4743-4080,0,1,0,0,0,0,0,0,0
7A9PL8CY6_571-689-1083-1201,0,1,0,0,0,0,0,0,0
7A9PL8CY6_4344-3350-4856-3862,0,1,0,0,0,0,0,0,0
7BK2C76RL_1437-7744-1949-8256,0,1,0,0,0,0,0,0,0
7BK2C76RL_1526-2052-2038-2564,0,1,0,0,0,0,0,0,0
7BK2C76RL_1815-5742-2327-6254,0,0,0,0,0,0,0,0,1
7ACMD3GCJ_6082-8503-6594-9015,0,0,0,0,0,0,0,0,1
7BK2C76RL_1202-5954-1714-6466,0,1,0,0,0,0,0,0,0
7BK2C76RL_1655-8493-2167-9005,0,1,0,0,0,0,0,0,0
7BK2C76RL_2087-7927-2599-8439,0,1,0,0,0,0,0,0,0
7BK2C76RL_2289-8089-2801-8601,0,1,0,0,0,0,0,0,0
7BK2C76RL_1478-6107-1990-6619,0,1,0,0,0,0,0,0,0
7BK2C76RL_2299-6643-2811-7155,0,1,0,0,0,0,0,0,0
7BK2C76RL_1990-1543-2502-2055,0,1,0,0,0,0,0,0,0
7BK2C76RL_2552-6780-3064-7292,0,1,0,0,0,0,0,0,0
7BK2C76RL_2795-8592-3307-9104,0,0,0,0,0,0,0,0,1
7BK2C76RL_2979-6721-3491-7233,0,1,0,0,0,0,0,0,0
7BK2C76RL_2798-7292-3310-7804,0,1,0,0,0,0,0,0,0
7BK2C76RL_3018-4495-3530-5007,0,0,0,0,0,0,0,0,1
7BK2C76RL_3308-7311-3820-7823,0,1,0,0,0,0,0,0,0
7BK2C76RL_3318-4536-3830-5048,0,0,0,0,0,0,0,0,1
7BK2C76RL_3320-6687-3832-7199,0,1,0,0,0,0,0,0,0
7BK2C76RL_3685-8025-4197-8537,0,1,0,0,0,0,0,0,0
7BK2C76RL_3900-8627-4412-9139,0,0,0,0,0,0,0,0,1
7BK2C76RL_4384-8637-4896-9149,0,0,0,0,0,0,0,0,1
7BK2C76RL_3685-7513-4197-8025,0,1,0,0,0,0,0,0,0
7BK2C76RL_3675-5559-4187-6071,0,1,0,0,0,0,0,0,0
7BK2C76RL_3675-5047-4187-5559,0,1,0,0,0,0,0,0,0
7BK2C76RL_4054-6494-4566-7006,0,1,0,0,0,0,0,0,0
7BK2C76RL_4145-6887-4657-7399,0,1,0,0,0,0,0,0,0
7BK2C76RL_3833-6833-4345-7345,0,1,0,0,0,0,0,0,0
7BK2C76RL_4145-7399-4657-7911,0,1,0,0,0,0,0,0,0
7BK2C76RL_4537-4746-5049-5258,0,1,0,0,0,0,0,0,0
7BK2C76RL_4537-5770-5049-6282,0,1,0,0,0,0,0,0,0
7BK2C76RL_4617-3164-5129-3676,0,1,0,0,0,0,0,0,0
7BK2C76RL_4537-5258-5049-5770,0,1,0,0,0,0,0,0,0
7BK2C76RL_4617-3676-5129-4188,0,1,0,0,0,0,0,0,0
7BK2C76RL_718-5385-1230-5897,0,1,0,0,0,0,0,0,0
7BK2C76RL_627-8449-1139-8961,0,0,0,0,0,0,0,0,1
7BK2C76RL_846-7804-1358-8316,0,1,0,0,0,0,0,0,0
7BK2C76RL_936-412-1448-924,0,0,0,0,0,0,0,0,1
7BWPPMY3C_2132-833-2644-1345,0,0,0,0,0,0,0,0,1
7BK2C76RL_877-5557-1389-6069,0,1,0,0,0,0,0,0,0
7BXCALD4B_10366-5685-10878-6197,0,0,0,0,1,0,0,0,0
7BWPPMY3C_1139-823-1651-1335,0,0,0,0,0,0,0,0,1
7BXCALD4B_10380-6834-10892-7346,0,0,0,0,1,0,0,0,0
7BXCALD4B_10366-6468-10878-6980,0,0,0,0,1,0,0,0,0
7BXCALD4B_10359-5025-10871-5537,0,0,0,0,1,0,0,0,0
7BXCALD4B_10375-5383-10887-5895,0,0,0,0,1,0,0,0,0
7BWPPMY3C_1642-831-2154-1343,0,0,0,0,0,0,0,0,1
7BXCALD4B_5897-5941-6409-6453,0,0,0,0,1,0,0,0,0
7BXCALD4B_10385-7570-10897-8082,0,0,0,0,1,0,0,0,0
7BXCALD4B_10391-7202-10903-7714,0,0,0,0,1,0,0,0,0
7BXCALD4B_7581-8337-8093-8849,0,0,0,0,1,0,0,0,0
7BXCALD4B_933-998-1445-1510,0,0,0,0,0,1,0,0,0
7BXCALD4B_10507-8283-11019-8795,0,0,0,0,0,1,0,0,0
7BXCALD4B_9695-4345-10207-4857,0,0,0,0,0,1,0,0,0
7BYPLBWKY_3089-4634-3601-5146,0,0,0,0,0,0,1,0,0
7BYPLBWKY_2863-870-3375-1382,0,0,0,0,0,0,1,0,0
7BYPLBWKY_2855-595-3367-1107,0,0,0,0,0,0,1,0,0
7BYPLBWKY_3089-5146-3601-5658,0,0,0,0,0,0,1,0,0
7BYPLBWKY_3089-4122-3601-4634,0,0,0,0,0,0,1,0,0
7BYPLBWKY_914-4981-1426-5493,0,0,0,0,0,0,1,0,0
7BYPLBWKY_914-5493-1426-6005,0,0,0,0,0,0,1,0,0
7BYPLBWKY_8096-4436-8608-4948,0,0,0,0,0,0,1,0,0
7BYPLBWKY_3089-3610-3601-4122,0,0,0,0,0,0,1,0,0
7BYPLBWKY_3089-5658-3601-6170,0,0,0,0,0,0,1,0,0
7BYPLBWKY_3089-6170-3601-6682,0,0,0,0,0,0,1,0,0
7C2TI62TD_10165-21254-10677-21766,0,0,0,0,0,1,0,0,0
7BYPLBWKY_914-6005-1426-6517,0,0,0,0,0,0,1,0,0
7C2TI62TD_10121-9912-10633-10424,0,0,0,0,1,1,0,0,0
7C2TI62TD_10194-27225-10706-27737,0,0,0,0,0,1,0,0,0
7C2TI62TD_10349-23329-10861-23841,0,0,0,0,0,1,0,0,0
7C2TI62TD_10256-10185-10768-10697,0,0,0,0,1,1,0,0,0
7C2TI62TD_10260-22513-10772-23025,0,0,0,0,0,1,0,0,0
7C2TI62TD_10677-21254-11189-21766,0,0,0,0,0,1,0,0,0
7C2TI62TD_10633-9912-11145-10424,0,0,0,0,1,1,0,0,0
7C2TI62TD_10772-22513-11284-23025,0,0,0,0,0,1,0,0,0
7C2TI62TD_10861-23329-11373-23841,0,0,0,0,0,1,0,0,0
7C2TI62TD_10769-27196-11281-27708,0,0,0,0,0,1,0,0,0
7C2TI62TD_11280-10185-11792-10697,0,0,0,0,1,1,0,0,0
7C2TI62TD_10768-10185-11280-10697,0,0,0,0,1,1,0,0,0
7C2TI62TD_11281-27196-11793-27708,0,0,0,0,0,1,0,0,1
7C2TI62TD_11145-9912-11657-10424,0,0,0,0,1,1,0,0,0
7C2TI62TD_11472-14290-11984-14802,0,0,0,0,0,1,0,0,0
7C2TI62TD_1130-9803-1642-10315,0,0,0,0,1,1,0,0,0
7C2TI62TD_11486-16820-11998-17332,0,0,0,0,0,1,0,0,0
7C2TI62TD_11476-13913-11988-14425,0,0,0,0,0,1,0,0,0
7C2TI62TD_11486-16308-11998-16820,0,0,0,0,0,1,0,0,0
7C2TI62TD_11486-15796-11998-16308,0,0,0,0,0,1,0,0,0
7C2TI62TD_11486-17332-11998-17844,0,0,0,0,0,1,0,0,0
7C2TI62TD_11486-18356-11998-18868,0,0,0,0,0,1,0,0,0
7C2TI62TD_11486-17844-11998-18356,0,0,0,0,0,1,0,0,0
7C2TI62TD_11506-20580-12018-21092,0,0,0,0,0,1,0,0,0
7C2TI62TD_11486-19380-11998-19892,0,0,0,0,0,1,0,0,0
7C2TI62TD_11486-18868-11998-19380,0,0,0,0,0,1,0,0,0
7C2TI62TD_11506-21092-12018-21604,0,0,0,0,0,1,0,0,0
7C2TI62TD_11506-23652-12018-24164,0,0,0,0,0,1,0,0,0
7C2TI62TD_11506-22116-12018-22628,0,0,0,0,0,1,0,0,0
7C2TI62TD_11506-22628-12018-23140,0,0,0,0,0,1,0,0,0
7C2TI62TD_11486-19892-11998-20404,0,0,0,0,0,1,0,0,0
7C2TI62TD_11506-21604-12018-22116,0,0,0,0,0,1,0,0,0
7C2TI62TD_11506-23140-12018-23652,0,0,0,0,0,1,0,0,0
7C2TI62TD_11506-24164-12018-24676,0,0,0,0,0,1,0,0,0
7C2TI62TD_11506-24676-12018-25188,0,0,0,0,0,1,0,0,0
7C2TI62TD_11506-25700-12018-26212,0,0,0,0,0,1,0,0,0
7C2TI62TD_1160-10187-1672-10699,0,0,0,0,1,1,0,0,0
7C2TI62TD_11506-25188-12018-25700,0,0,0,0,0,1,0,0,0
7C2TI62TD_1170-11272-1682-11784,0,0,0,0,0,1,0,0,0
7C2TI62TD_11605-27371-12117-27883,0,0,0,0,0,1,0,0,1
7C2TI62TD_11657-9912-12169-10424,0,0,0,0,1,1,0,0,0
7C2TI62TD_1183-11992-1695-12504,0,0,0,0,0,1,0,0,0
7C2TI62TD_11817-13787-12329-14299,0,0,0,0,1,1,0,0,0
7C2TI62TD_11817-13275-12329-13787,0,0,0,0,0,1,0,0,0
7C2TI62TD_11792-10185-12304-10697,0,0,0,0,1,1,0,0,0
7C2TI62TD_12117-27371-12629-27883,0,0,0,0,0,1,0,0,0
7C2TI62TD_1183-10954-1695-11466,0,0,0,0,0,1,0,0,0
7C2TI62TD_12169-9912-12681-10424,0,0,0,0,1,1,0,0,0
7C2TI62TD_1223-13595-1735-14107,0,0,0,0,0,1,0,0,0
7C2TI62TD_12136-27752-12648-28264,0,0,0,0,0,1,0,0,0
7C2TI62TD_12329-13275-12841-13787,0,0,0,0,0,1,0,0,0
7C2TI62TD_12655-13302-13167-13814,0,0,0,0,1,1,0,0,0
7C2TI62TD_12480-10108-12992-10620,0,0,0,0,0,1,0,0,0
7C2TI62TD_12681-9912-13193-10424,0,0,0,0,0,1,0,0,0
7C2TI62TD_12329-13787-12841-14299,0,0,0,0,1,1,0,0,1
7C2TI62TD_12631-13670-13143-14182,0,0,0,0,1,1,0,0,1
7C2TI62TD_12935-725-13447-1237,0,0,0,0,0,1,0,0,0
7C2TI62TD_12839-9530-13351-10042,0,0,0,0,0,1,0,0,0
7C2TI62TD_12950-13615-13462-14127,0,0,0,0,1,1,0,0,0
7C2TI62TD_12992-10108-13504-10620,0,0,0,0,0,1,0,0,0
7C2TI62TD_1309-16716-1821-17228,0,0,0,0,0,1,0,0,0
7C2TI62TD_1309-14668-1821-15180,0,0,0,0,0,1,0,0,0
7C2TI62TD_1309-15180-1821-15692,0,0,0,0,0,1,0,0,0
7C2TI62TD_1309-17228-1821-17740,0,0,0,0,0,1,0,0,0
7C2TI62TD_1309-15692-1821-16204,0,0,0,0,0,1,0,0,0
7C2TI62TD_1309-16204-1821-16716,0,0,0,0,0,1,0,0,1
7C2TI62TD_1309-17740-1821-18252,0,0,0,0,0,1,0,0,0
7C2TI62TD_13167-13302-13679-13814,0,0,0,0,1,1,0,0,0
7C2TI62TD_1309-18252-1821-18764,0,0,0,0,1,1,0,0,0
7C2TI62TD_1354-14011-1866-14523,0,0,0,0,0,1,0,0,0
7C2TI62TD_13351-9530-13863-10042,0,0,0,0,0,1,0,0,0
7C2TI62TD_13196-9767-13708-10279,0,0,0,0,0,1,0,0,0
7C2TI62TD_13974-13615-14486-14127,0,0,0,0,1,0,0,0,0
7C2TI62TD_13462-13615-13974-14127,0,0,0,0,1,0,0,0,0
7C2TI62TD_14556-1022-15068-1534,0,0,0,0,0,1,0,0,0
7C2TI62TD_1417-9912-1929-10424,0,0,0,0,1,1,0,0,0
7C2TI62TD_14569-13578-15081-14090,0,0,0,0,1,0,0,0,0
7C2TI62TD_15674-13568-16186-14080,0,0,0,0,1,0,0,0,0
7C2TI62TD_16092-1022-16604-1534,0,0,0,0,1,1,0,0,0
7C2TI62TD_15068-1022-15580-1534,0,0,0,0,0,1,0,0,0
7C2TI62TD_15202-4833-15714-5345,0,0,0,0,0,0,0,0,1
7C2TI62TD_1607-11771-2119-12283,0,0,0,0,0,1,0,0,0
7C2TI62TD_16465-1238-16977-1750,0,0,0,0,1,1,0,0,0
7C2TI62TD_15580-1022-16092-1534,0,0,0,0,0,1,0,0,0
7C2TI62TD_15714-4833-16226-5345,0,0,0,0,0,0,0,0,1
7C2TI62TD_15081-13578-15593-14090,0,0,0,0,1,0,0,0,0
7C2TI62TD_16186-13568-16698-14080,0,0,0,0,1,0,0,0,0
7C2TI62TD_1647-14434-2159-14946,0,0,0,0,0,1,0,0,0
7C2TI62TD_1647-14946-2159-15458,0,0,0,0,0,1,0,0,0
7C2TI62TD_16473-13672-16985-14184,0,0,0,0,1,0,0,0,0
7C2TI62TD_16473-13160-16985-13672,0,0,0,0,0,1,0,0,0
7C2TI62TD_16604-1022-17116-1534,0,0,0,0,1,1,0,0,0
7C2TI62TD_16977-1238-17489-1750,0,0,0,0,1,1,0,0,0
7C2TI62TD_16985-13160-17497-13672,0,0,0,0,0,1,0,0,0
7C2TI62TD_16985-13672-17497-14184,0,0,0,0,1,0,0,0,0
7C2TI62TD_1709-16262-2221-16774,0,0,0,0,0,1,0,0,0
7C2TI62TD_1709-16774-2221-17286,0,0,0,0,0,1,0,0,0
7C2TI62TD_1709-15750-2221-16262,0,0,0,0,0,1,0,0,0
7C2TI62TD_1709-17286-2221-17798,0,0,0,0,0,1,0,0,0
7C2TI62TD_17497-13160-18009-13672,0,0,0,0,1,1,0,0,0
7C2TI62TD_1709-15238-2221-15750,0,0,0,0,0,1,0,0,0
7C2TI62TD_17144-958-17656-1470,0,0,0,0,1,1,0,0,0
7C2TI62TD_1710-12147-2222-12659,0,0,0,0,0,1,0,0,0
7C2TI62TD_17497-13672-18009-14184,0,0,0,0,1,1,0,0,0
7C2TI62TD_17527-1167-18039-1679,0,0,0,0,1,1,0,0,0
7C2TI62TD_17656-958-18168-1470,0,0,0,0,1,1,0,0,0
7C2TI62TD_1782-18417-2294-18929,0,0,0,0,1,1,0,0,0
7C2TI62TD_18162-1212-18674-1724,0,0,0,0,1,1,0,0,0
7C2TI62TD_18009-13672-18521-14184,0,0,0,0,1,1,0,0,0
7C2TI62TD_18009-13160-18521-13672,0,0,0,0,1,1,0,0,0
7C2TI62TD_18162-700-18674-1212,0,0,0,0,1,1,0,0,0
7C2TI62TD_1841-13663-2353-14175,0,0,0,0,0,1,0,0,0
7C2TI62TD_18521-13160-19033-13672,0,0,0,0,1,1,0,0,0
7C2TI62TD_18650-1193-19162-1705,0,0,0,0,1,1,0,0,0
7C2TI62TD_19186-1212-19698-1724,0,0,0,0,1,1,0,0,0
7C2TI62TD_18521-13672-19033-14184,0,0,0,0,1,1,0,0,0
7C2TI62TD_18674-700-19186-1212,0,0,0,0,1,1,0,0,0
7C2TI62TD_1866-14011-2378-14523,0,0,0,0,0,1,0,0,0
7C2TI62TD_18925-13481-19437-13993,0,0,0,0,1,1,0,0,0
7C2TI62TD_19238-13291-19750-13803,0,0,0,0,1,1,0,0,0
7C2TI62TD_19698-1212-20210-1724,0,0,0,0,0,1,0,0,0
7C2TI62TD_19437-13481-19949-13993,0,0,0,0,1,1,0,0,0
7C2TI62TD_1929-9912-2441-10424,0,0,0,0,1,1,0,0,0
7C2TI62TD_19983-13752-20495-14264,0,0,0,0,1,0,0,0,0
7C2TI62TD_20041-883-20553-1395,0,0,0,0,1,0,0,0,0
7C2TI62TD_1985-11966-2497-12478,0,0,0,0,1,1,0,0,0
7C2TI62TD_19983-13240-20495-13752,0,0,0,0,1,1,0,0,0
7C2TI62TD_20354-1191-20866-1703,0,0,0,0,1,1,0,0,0
7C2TI62TD_20495-13240-21007-13752,0,0,0,0,1,1,0,0,0
7C2TI62TD_20495-13752-21007-14264,0,0,0,0,1,0,0,0,0
7C2TI62TD_20553-883-21065-1395,0,0,0,0,1,0,0,0,0
7C2TI62TD_21434-1149-21946-1661,0,0,0,0,1,1,0,0,0
7C2TI62TD_21281-13307-21793-13819,0,0,0,0,1,1,0,0,0
7C2TI62TD_21434-637-21946-1149,0,0,0,0,1,0,0,0,0
7C2TI62TD_21007-13240-21519-13752,0,0,0,0,1,1,0,0,0
7C2TI62TD_20866-1191-21378-1703,0,0,0,0,1,1,0,0,0
7C2TI62TD_21007-13752-21519-14264,0,0,0,0,1,0,0,0,0
7C2TI62TD_2119-11771-2631-12283,0,0,0,0,1,1,0,0,0
7C2TI62TD_2150-18411-2662-18923,0,0,0,0,1,0,0,0,0
7C2TI62TD_21946-1149-22458-1661,0,0,0,0,1,1,0,0,0
7C2TI62TD_21519-13752-22031-14264,0,0,0,0,1,0,0,0,0
7C2TI62TD_2222-12147-2734-12659,0,0,0,0,1,1,0,0,0
7C2TI62TD_2222-12659-2734-13171,0,0,0,0,1,0,0,0,0
7C2TI62TD_22031-13752-22543-14264,0,0,0,0,1,0,0,0,0
7C2TI62TD_21946-637-22458-1149,0,0,0,0,1,1,0,0,0
7C2TI62TD_22107-13231-22619-13743,0,0,0,0,1,1,0,0,0
7C2TI62TD_2222-13683-2734-14195,0,0,0,0,0,1,0,0,0
7C2TI62TD_23000-13341-23512-13853,0,0,0,0,1,1,0,0,0
7C2TI62TD_22934-13626-23446-14138,0,0,0,0,1,1,0,0,0
7C2TI62TD_22458-1149-22970-1661,0,0,0,0,1,1,0,0,0
7C2TI62TD_22543-13240-23055-13752,0,0,0,0,1,1,0,0,0
7C2TI62TD_22458-637-22970-1149,0,0,0,0,1,1,0,0,0
7C2TI62TD_22970-637-23482-1149,0,0,0,0,1,1,0,0,0
7C2TI62TD_22970-1149-23482-1661,0,0,0,0,1,1,0,0,0
7C2TI62TD_22543-13752-23055-14264,0,0,0,0,1,0,0,0,0
7C2TI62TD_23417-1082-23929-1594,0,0,0,0,1,1,0,0,0
7C2TI62TD_2378-14011-2890-14523,0,0,0,0,0,1,0,0,0
7C2TI62TD_23482-637-23994-1149,0,0,0,0,1,0,0,0,0
7C2TI62TD_23446-13626-23958-14138,0,0,0,0,1,1,0,0,0
7C2TI62TD_23958-13626-24470-14138,0,0,0,0,1,0,0,0,0
7C2TI62TD_23982-3226-24494-3738,0,0,0,0,0,1,0,0,0
7C2TI62TD_23929-1082-24441-1594,0,0,0,0,1,1,0,0,0
7C2TI62TD_23982-2202-24494-2714,0,0,1,0,0,1,0,0,0
7C2TI62TD_23982-2714-24494-3226,0,0,0,0,0,1,0,0,0
7C2TI62TD_23982-6298-24494-6810,0,0,0,0,0,1,0,0,0
7C2TI62TD_23982-4762-24494-5274,0,0,0,0,0,1,0,0,0
7C2TI62TD_23982-6810-24494-7322,0,0,0,0,0,1,0,0,0
7C2TI62TD_23982-3738-24494-4250,0,0,0,0,0,1,0,0,0
7C2TI62TD_23982-5786-24494-6298,0,0,0,0,0,1,0,0,0
7C2TI62TD_23982-5274-24494-5786,0,0,0,0,0,1,0,0,0
7C2TI62TD_23982-4250-24494-4762,0,0,0,0,0,1,0,0,0
7C2TI62TD_24028-10582-24540-11094,0,0,0,0,0,1,0,0,0
7C2TI62TD_23982-7322-24494-7834,0,0,0,0,0,1,0,0,0
7C2TI62TD_23994-637-24506-1149,0,0,0,0,1,1,0,0,0
7C2TI62TD_24028-11094-24540-11606,0,0,0,0,0,1,0,0,0
7C2TI62TD_24028-11606-24540-12118,0,0,0,0,0,1,0,0,0
7C2TI62TD_24028-12118-24540-12630,0,0,0,0,0,1,0,0,0
7C2TI62TD_24028-12630-24540-13142,0,0,0,0,0,1,0,0,0
7C2TI62TD_24028-13142-24540-13654,0,0,0,0,0,1,0,0,0
7C2TI62TD_24400-1864-24912-2376,0,0,1,0,0,0,0,0,0
7C2TI62TD_24401-2476-24913-2988,0,0,1,0,0,0,0,0,0
7C2TI62TD_24390-1339-24902-1851,0,0,1,0,0,0,0,0,0
7C2TI62TD_24460-13564-24972-14076,0,0,0,0,0,1,0,0,0
7C2TI62TD_2953-9912-3465-10424,0,0,0,0,1,1,0,0,0
7C2TI62TD_2662-18411-3174-18923,0,0,0,0,1,0,0,0,0
7C2TI62TD_2441-9912-2953-10424,0,0,0,0,1,1,0,0,0
7C2TI62TD_3174-18411-3686-18923,0,0,0,0,1,0,0,0,0
7C2TI62TD_2734-13171-3246-13683,0,0,0,0,0,1,0,0,0
7C2TI62TD_2734-13683-3246-14195,0,0,0,0,0,1,0,0,0
7C2TI62TD_2734-12147-3246-12659,0,0,1,0,1,1,0,0,0
7C2TI62TD_2631-11771-3143-12283,0,0,0,0,1,1,0,0,0
7C2TI62TD_2734-12659-3246-13171,0,0,0,0,1,1,0,0,0
7C2TI62TD_3977-9912-4489-10424,0,0,0,0,1,1,0,0,0
7C2TI62TD_3686-18411-4198-18923,0,0,0,0,1,0,0,0,0
7C2TI62TD_3465-9912-3977-10424,0,0,0,0,1,1,0,0,0
7C2TI62TD_4198-18411-4710-18923,0,0,0,0,1,0,0,0,0
7C2TI62TD_4832-15738-5344-16250,0,0,0,0,0,1,0,0,0
7C2TI62TD_4489-9912-5001-10424,0,0,0,0,1,1,0,0,0
7C2TI62TD_4710-18411-5222-18923,0,0,0,0,1,1,0,0,0
7C2TI62TD_4485-18138-4997-18650,0,0,0,0,1,1,0,0,0
7C2TI62TD_5932-16565-6444-17077,0,0,0,0,0,1,0,0,0
7C2TI62TD_5513-9912-6025-10424,0,0,0,0,1,1,0,0,0
7C2TI62TD_5344-15738-5856-16250,0,0,0,0,0,1,0,0,0
7C2TI62TD_5001-9912-5513-10424,0,0,0,0,1,1,0,0,0
7C2TI62TD_4997-18138-5509-18650,0,0,0,0,1,1,0,0,0
7C2TI62TD_5438-10230-5950-10742,0,0,0,0,1,1,0,0,0
7C2TI62TD_5222-18411-5734-18923,0,0,0,0,1,1,0,0,0
7C2TI62TD_5734-18411-6246-18923,0,0,0,0,1,1,0,0,0
7C2TI62TD_5950-10230-6462-10742,0,0,0,0,1,1,0,0,0
7C2TI62TD_5509-18138-6021-18650,0,0,0,0,1,1,0,0,0
7C2TI62TD_6025-9912-6537-10424,0,0,0,0,1,1,0,0,0
7C2TI62TD_6209-18163-6721-18675,0,0,0,0,1,1,0,0,0
7C2TI62TD_6209-18675-6721-19187,0,0,0,0,1,0,0,0,0
7C2TI62TD_6362-15027-6874-15539,0,0,0,0,0,1,0,0,0
7C2TI62TD_6331-11524-6843-12036,0,0,0,0,0,1,0,0,0
7C2TI62TD_6462-10230-6974-10742,0,0,0,0,1,1,0,0,0
7C2TI62TD_6444-16565-6956-17077,0,0,0,0,0,1,0,0,0
7C2TI62TD_6537-9912-7049-10424,0,0,0,0,1,1,0,0,0
7C2TI62TD_6983-16033-7495-16545,0,0,0,0,0,1,0,0,0
7C2TI62TD_671-11992-1183-12504,0,0,0,0,0,1,0,0,0
7C2TI62TD_7046-10243-7558-10755,0,0,0,0,1,1,0,0,0
7C2TI62TD_6721-18163-7233-18675,0,0,0,0,1,1,0,0,0
7C2TI62TD_6874-15027-7386-15539,0,0,0,0,0,1,0,0,0
7C2TI62TD_6874-13984-7386-14496,0,0,0,0,0,1,0,0,1
7C2TI62TD_6721-18675-7233-19187,0,0,0,0,1,1,0,0,0
7C2TI62TD_6934-27385-7446-27897,0,0,0,0,0,1,0,0,0
7C2TI62TD_7049-9912-7561-10424,0,0,0,0,1,1,0,0,0
7C2TI62TD_7130-13716-7642-14228,0,0,0,0,0,1,0,0,1
7C2TI62TD_7147-18459-7659-18971,0,0,0,0,0,1,0,0,0
7C2TI62TD_7147-18971-7659-19483,0,0,0,0,0,1,0,0,0
7C2TI62TD_7171-15749-7683-16261,0,0,0,0,0,1,0,0,0
7C2TI62TD_7188-11893-7700-12405,0,0,0,0,0,1,0,0,0
7C2TI62TD_7386-13984-7898-14496,0,0,0,0,0,0,0,0,1
7C2TI62TD_7431-11635-7943-12147,0,0,0,0,0,1,0,0,0
7C2TI62TD_7642-21448-8154-21960,0,0,0,0,0,1,0,0,0
7C2TI62TD_7561-9912-8073-10424,0,0,0,0,1,1,0,0,0
7C2TI62TD_7446-27385-7958-27897,0,0,0,0,0,1,0,0,0
7C2TI62TD_7509-15818-8021-16330,0,0,0,0,0,1,0,0,0
7C2TI62TD_7558-10243-8070-10755,0,0,0,0,1,1,0,0,0
7C2TI62TD_7642-22472-8154-22984,0,0,0,0,0,1,0,0,0
7C2TI62TD_7543-16476-8055-16988,0,0,0,0,0,1,0,0,0
7C2TI62TD_7659-19483-8171-19995,0,0,0,0,0,1,0,0,0
7C2TI62TD_7659-18459-8171-18971,0,0,0,0,0,1,0,0,0
7C2TI62TD_7659-18971-8171-19483,0,0,0,0,0,1,0,0,0
7C2TI62TD_7642-21960-8154-22472,0,0,0,0,0,1,0,0,0
7C2TI62TD_7659-19995-8171-20507,0,0,0,0,0,1,0,0,0
7C2TI62TD_7659-20507-8171-21019,0,0,0,0,0,1,0,0,0
7C2TI62TD_7700-11893-8212-12405,0,0,0,0,0,1,0,0,0
7C2TI62TD_7711-23297-8223-23809,0,0,0,0,0,1,0,0,0
7C2TI62TD_7711-24833-8223-25345,0,0,0,0,0,1,0,0,0
7C2TI62TD_7711-24321-8223-24833,0,0,0,0,0,1,0,0,0
7C2TI62TD_7711-23809-8223-24321,0,0,0,0,0,1,0,0,0
7C2TI62TD_7711-25857-8223-26369,0,0,0,0,0,1,0,0,0
7C2TI62TD_7711-26369-8223-26881,0,0,0,0,0,1,0,0,0
7C2TI62TD_7958-27385-8470-27897,0,0,0,0,0,1,0,0,0
7C2TI62TD_8199-17477-8711-17989,0,0,0,0,0,1,0,0,0
7C2TI62TD_7711-25345-8223-25857,0,0,0,0,0,1,0,0,0
7C2TI62TD_8615-22602-9127-23114,0,0,0,0,0,1,0,0,0
7C2TI62TD_8073-9912-8585-10424,0,0,0,0,1,1,0,0,0
7C2TI62TD_8021-15818-8533-16330,0,0,0,0,0,1,0,0,0
7C2TI62TD_797-16204-1309-16716,0,0,0,0,0,1,0,0,1
7C2TI62TD_8208-10185-8720-10697,0,0,0,0,1,1,0,0,0
7C2TI62TD_8585-9912-9097-10424,0,0,0,0,1,1,0,0,0
7C2TI62TD_8658-27225-9170-27737,0,0,0,0,0,1,0,0,0
7C2TI62TD_8711-17477-9223-17989,0,0,0,0,0,1,0,0,0
7C2TI62TD_8720-10185-9232-10697,0,0,0,0,1,1,0,0,0
7C2TI62TD_881-18470-1393-18982,0,0,0,0,0,1,0,0,0
7C2TI62TD_8888-20027-9400-20539,0,0,0,0,0,1,0,0,0
7C2TI62TD_8888-19515-9400-20027,0,0,0,0,0,1,0,0,0
7C2TI62TD_8888-19003-9400-19515,0,0,0,0,0,1,0,0,0
7C2TI62TD_9400-19003-9912-19515,0,0,0,0,0,1,0,0,0
7C2TI62TD_9170-27225-9682-27737,0,0,0,0,0,1,0,0,0
7C2TI62TD_9127-22602-9639-23114,0,0,0,0,0,1,0,0,0
7C2TI62TD_9682-27225-10194-27737,0,0,0,0,0,1,0,0,0
7CCEQ4NWH_1782-8937-2294-9449,0,0,0,0,0,0,0,0,1
7CCEQ4NWH_4938-8801-5450-9313,0,0,0,0,0,0,0,0,1
7C2TI62TD_9232-10185-9744-10697,0,0,0,0,1,1,0,0,0
7C2TI62TD_9744-10185-10256-10697,0,0,0,0,1,1,0,0,0
7C2TI62TD_9097-9912-9609-10424,0,0,0,0,1,1,0,0,0
7C2TI62TD_9609-9912-10121-10424,0,0,0,0,1,1,0,0,0
7CLNJRDVL_10993-4349-11505-4861,0,0,1,0,0,0,0,0,0
7EF9PURIF_4446-815-4958-1327,1,0,0,0,0,0,0,0,0
7EF9PURIF_4396-555-4908-1067,1,0,0,0,0,0,0,0,0
7CXQQPNFK_5438-8147-5950-8659,0,0,0,0,0,0,0,0,1
7EF9PURIF_4668-1454-5180-1966,1,0,0,0,0,0,0,0,0
7EF9PURIF_4512-2482-5024-2994,1,0,0,0,0,0,0,0,0
7ENI7QZE1_3420-8513-3932-9025,0,0,0,0,0,0,1,0,0
7ENI7QZE1_3932-8001-4444-8513,0,0,0,0,0,0,1,0,0
7EF9PURIF_4857-2010-5369-2522,1,0,0,0,0,0,0,0,0
7ENI7QZE1_4444-6977-4956-7489,0,0,0,0,0,0,1,0,0
7ENI7QZE1_3932-8513-4444-9025,0,0,0,0,0,0,1,0,0
7ENI7QZE1_4444-5953-4956-6465,0,0,0,0,0,0,1,0,0
7ENI7QZE1_4444-7489-4956-8001,0,0,0,0,0,0,1,0,0
7ENI7QZE1_4956-5953-5468-6465,0,0,0,0,0,0,1,0,0
7ENI7QZE1_4444-6465-4956-6977,0,0,0,0,0,0,1,0,0
7ENI7QZE1_4444-8001-4956-8513,0,0,0,0,0,0,1,0,0
7ENI7QZE1_5468-5953-5980-6465,0,0,0,0,0,0,1,0,0
7ENI7QZE1_5468-6465-5980-6977,0,0,0,0,0,0,1,0,0
7ENI7QZE1_5980-6465-6492-6977,0,0,0,0,0,0,1,0,0
7ENI7QZE1_5980-6977-6492-7489,0,0,0,0,0,0,1,0,0
7ENI7QZE1_6492-6977-7004-7489,0,0,0,0,0,0,1,0,0
7ENI7QZE1_6492-7489-7004-8001,0,0,0,0,0,0,1,0,0
7EUXY4UJG_705-8638-1217-9150,0,0,0,0,0,0,0,0,1
7EUXY4UJG_8334-7883-8846-8395,0,1,0,0,0,0,0,0,1
7EUXY4UJG_867-9762-1379-10274,0,0,0,0,0,0,0,0,1
7GIA4BKLL_1582-6290-2094-6802,0,0,1,0,0,0,0,0,0
7EUXY4UJG_7233-9466-7745-9978,0,0,0,0,0,0,0,0,1
7F8JF4R4W_621-3057-1133-3569,0,0,0,0,0,0,0,0,1
7F8JF4R4W_723-758-1235-1270,0,0,0,0,0,0,0,0,1
7EUXY4UJG_7345-5473-7857-5985,0,0,0,0,0,0,0,0,1
7EUXY4UJG_8555-8111-9067-8623,0,1,0,0,0,0,0,0,1
7EUXY4UJG_4596-8644-5108-9156,0,0,0,0,0,0,0,0,1
7EUXY4UJG_867-9250-1379-9762,0,0,0,0,0,0,0,0,1
7HD2MMUXV_8515-4001-9027-4513,1,0,0,0,0,0,0,0,0
7EUXY4UJG_938-8768-1450-9280,0,0,0,0,0,0,0,0,1
7HD2MMUXV_9027-4001-9539-4513,1,0,0,0,0,0,0,0,0
7HD2MMUXV_9539-4001-10051-4513,1,0,0,0,0,0,0,0,0
7HPQUHICC_10170-6086-10682-6598,1,0,0,0,0,0,0,0,0
7HPQUHICC_10170-7110-10682-7622,1,0,0,0,0,0,0,0,0
7HPQUHICC_10177-3221-10689-3733,1,0,0,0,0,0,0,0,0
7HPQUHICC_10177-3733-10689-4245,1,0,0,0,0,0,0,0,0
7HPQUHICC_10177-4245-10689-4757,1,0,0,0,0,0,0,0,0
7HPQUHICC_1081-1075-1593-1587,1,0,0,0,0,0,0,0,0
7HPQUHICC_1040-4635-1552-5147,1,0,0,0,0,0,0,0,0
7HPQUHICC_1081-563-1593-1075,1,0,0,0,0,0,0,0,0
7HPQUHICC_1040-4123-1552-4635,1,0,0,0,0,0,0,0,0
7HPQUHICC_10689-3221-11201-3733,1,0,0,0,0,0,0,0,0
7HPQUHICC_10682-6598-11194-7110,1,0,0,0,0,0,0,0,0
7HPQUHICC_10682-7110-11194-7622,1,0,0,0,0,0,0,0,0
7HPQUHICC_10689-4245-11201-4757,1,0,0,0,0,0,0,0,0
7HPQUHICC_10689-3733-11201-4245,1,0,0,0,0,0,0,0,0
7HPQUHICC_1081-1587-1593-2099,1,0,0,0,0,0,0,0,0
7HPQUHICC_10682-6086-11194-6598,1,0,0,0,0,0,0,0,0
7HPQUHICC_11012-2628-11524-3140,1,0,0,0,0,0,0,0,0
7HPQUHICC_11194-6598-11706-7110,1,0,0,0,0,0,0,0,0
7HPQUHICC_1552-4123-2064-4635,1,0,0,0,0,0,0,0,0
7HPQUHICC_11194-7110-11706-7622,1,0,0,0,0,0,0,0,0
7HPQUHICC_1552-4635-2064-5147,1,0,0,0,0,0,0,0,0
7HPQUHICC_1593-563-2105-1075,1,0,0,0,0,0,0,0,0
7HPQUHICC_1593-1075-2105-1587,1,0,0,0,0,0,0,0,0
7HPQUHICC_2617-563-3129-1075,1,0,0,0,0,0,0,0,0
7HPQUHICC_2105-563-2617-1075,1,0,0,0,0,0,0,0,0
7HPQUHICC_2617-1075-3129-1587,1,0,0,0,0,0,0,0,0
7HPQUHICC_2617-1587-3129-2099,1,0,0,0,0,0,0,0,0
7HPQUHICC_2253-4600-2765-5112,1,0,0,0,0,0,0,0,0
7HPQUHICC_2765-4600-3277-5112,1,0,0,0,0,0,0,0,0
7HPQUHICC_2253-5112-2765-5624,1,0,0,0,0,0,0,0,0
7HPQUHICC_2765-5112-3277-5624,1,0,0,0,0,0,0,0,0
7HPQUHICC_3129-1075-3641-1587,1,0,0,0,0,0,0,0,0
7HPQUHICC_3129-1587-3641-2099,1,0,0,0,0,0,0,0,0
7HPQUHICC_3129-563-3641-1075,1,0,0,0,0,0,0,0,0
7HPQUHICC_5109-4115-5621-4627,1,0,0,0,0,0,0,0,0
7HPQUHICC_5621-4115-6133-4627,1,0,0,0,0,0,0,0,0
7HPQUHICC_569-1075-1081-1587,1,0,0,0,0,0,0,0,0
7HPQUHICC_569-563-1081-1075,1,0,0,0,0,0,0,0,0
7HPQUHICC_627-1423-1139-1935,1,0,0,0,0,0,0,0,0
7HPQUHICC_6296-5223-6808-5735,1,0,0,0,0,0,0,0,0
7HPQUHICC_6808-5735-7320-6247,1,0,0,0,0,0,0,0,0
7HPQUHICC_6296-4711-6808-5223,1,0,0,0,0,0,0,0,0
7HPQUHICC_6808-5223-7320-5735,1,0,0,0,0,0,0,0,0
7HPQUHICC_7159-7154-7671-7666,1,0,0,0,0,0,0,0,0
7HPQUHICC_7374-2435-7886-2947,1,0,0,0,0,0,0,0,0
7HPQUHICC_6100-3869-6612-4381,1,0,0,0,0,0,0,0,0
7HPQUHICC_6808-4711-7320-5223,1,0,0,0,0,0,0,0,0
7HPQUHICC_6862-2435-7374-2947,1,0,0,0,0,0,0,0,0
7HPQUHICC_6862-2947-7374-3459,1,0,0,0,0,0,0,0,0
7HPQUHICC_7042-5943-7554-6455,1,0,0,0,0,0,0,0,0
7HPQUHICC_7042-6455-7554-6967,1,0,0,0,0,0,0,0,0
7HPQUHICC_7374-2947-7886-3459,1,0,0,0,0,0,0,0,0
7HPQUHICC_7554-5943-8066-6455,1,0,0,0,0,0,0,0,0
7HPQUHICC_7554-6455-8066-6967,1,0,0,0,0,0,0,0,0
7HPQUHICC_7671-7154-8183-7666,1,0,0,0,0,0,0,0,0
7HPQUHICC_8158-6233-8670-6745,1,0,0,0,0,0,0,0,0
7HPQUHICC_8634-6598-9146-7110,1,0,0,0,0,0,0,0,0
7HPQUHICC_8066-5943-8578-6455,1,0,0,0,0,0,0,0,0
7HPQUHICC_8183-7154-8695-7666,1,0,0,0,0,0,0,0,0
7HPQUHICC_8398-2435-8910-2947,1,0,0,0,0,0,0,0,0
7HPQUHICC_8398-3459-8910-3971,1,0,0,0,0,0,0,0,0
7HPQUHICC_8910-2435-9422-2947,1,0,0,0,0,0,0,0,0
7HPQUHICC_7886-2435-8398-2947,1,0,0,0,0,0,0,0,0
7HPQUHICC_7886-2947-8398-3459,1,0,0,0,0,0,0,0,0
7HPQUHICC_8910-2947-9422-3459,1,0,0,0,0,0,0,0,0
7HPQUHICC_9146-6086-9658-6598,1,0,0,0,0,0,0,0,0
7HPQUHICC_8634-6086-9146-6598,1,0,0,0,0,0,0,0,0
7HPQUHICC_8910-3459-9422-3971,1,0,0,0,0,0,0,0,0
7HPQUHICC_9146-6598-9658-7110,1,0,0,0,0,0,0,0,0
7HPQUHICC_9146-7110-9658-7622,1,0,0,0,0,0,0,0,0
7HPQUHICC_9422-2947-9934-3459,1,0,0,0,0,0,0,0,0
7HPQUHICC_9422-3459-9934-3971,1,0,0,0,0,0,0,0,0
7HPQUHICC_9422-2435-9934-2947,1,0,0,0,0,0,0,0,0
7HT1Z46QC_10120-2429-10632-2941,1,0,0,0,0,0,0,0,0
7HPQUHICC_9658-7110-10170-7622,1,0,0,0,0,0,0,0,0
7HPQUHICC_9658-6086-10170-6598,1,0,0,0,0,0,0,0,0
7HT1Z46QC_1088-2482-1600-2994,1,0,0,0,0,0,0,0,0
7HT1Z46QC_10120-893-10632-1405,1,0,0,0,0,0,0,0,0
7HT1Z46QC_10120-1917-10632-2429,1,0,0,0,0,0,0,0,0
7HT1Z46QC_10120-3453-10632-3965,1,0,0,0,0,0,0,0,0
7HT1Z46QC_1088-1970-1600-2482,1,0,0,0,0,0,0,0,0
7HT1Z46QC_1307-2720-1819-3232,1,0,0,0,0,0,0,0,0
7HT1Z46QC_10120-381-10632-893,1,0,0,0,0,0,0,0,0
7HT1Z46QC_10120-2941-10632-3453,1,0,0,0,0,0,0,0,0
7HT1Z46QC_10120-1405-10632-1917,1,0,0,0,0,0,0,0,0
7HT1Z46QC_1088-434-1600-946,1,0,0,0,0,0,0,0,0
7HT1Z46QC_1307-3744-1819-4256,1,0,0,0,0,0,0,0,0
7HT1Z46QC_1563-2626-2075-3138,1,0,0,0,0,0,0,0,0
7HT1Z46QC_1600-434-2112-946,1,0,0,0,0,0,0,0,0
7HT1Z46QC_1819-2720-2331-3232,1,0,0,0,0,0,0,0,0
7HT1Z46QC_1600-1970-2112-2482,1,0,0,0,0,0,0,0,0
7HT1Z46QC_1819-3744-2331-4256,1,0,0,0,0,0,0,0,0
7HT1Z46QC_2331-2720-2843-3232,1,0,0,0,0,0,0,0,0
7HT1Z46QC_2112-2482-2624-2994,1,0,0,0,0,0,0,0,0
7HT1Z46QC_2624-2482-3136-2994,1,0,0,0,0,0,0,0,0
7HT1Z46QC_2843-2720-3355-3232,1,0,0,0,0,0,0,0,0
7HT1Z46QC_2112-434-2624-946,1,0,0,0,0,0,0,0,0
7HT1Z46QC_2624-946-3136-1458,1,0,0,0,0,0,0,0,0
7HT1Z46QC_2331-3744-2843-4256,1,0,0,0,0,0,0,0,0
7HT1Z46QC_2843-3744-3355-4256,1,0,0,0,0,0,0,0,0
7HT1Z46QC_2843-3232-3355-3744,1,0,0,0,0,0,0,0,0
7HT1Z46QC_2624-434-3136-946,1,0,0,0,0,0,0,0,0
7HT1Z46QC_2624-1458-3136-1970,1,0,0,0,0,0,0,0,0
7HT1Z46QC_2952-1917-3464-2429,1,0,0,0,0,0,0,0,0
7HT1Z46QC_2952-2429-3464-2941,1,0,0,0,0,0,0,0,0
7HT1Z46QC_2952-3965-3464-4477,1,0,0,0,0,0,0,0,0
7HT1Z46QC_3136-1458-3648-1970,1,0,0,0,0,0,0,0,0
7HT1Z46QC_2952-2941-3464-3453,1,0,0,0,0,0,0,0,0
7HT1Z46QC_2952-3453-3464-3965,1,0,0,0,0,0,0,0,0
7HT1Z46QC_3355-2720-3867-3232,1,0,0,0,0,0,0,0,0
7HT1Z46QC_3136-434-3648-946,1,0,0,0,0,0,0,0,0
7HT1Z46QC_3464-1917-3976-2429,1,0,0,0,0,0,0,0,0
7HT1Z46QC_3136-946-3648-1458,1,0,0,0,0,0,0,0,0
7HT1Z46QC_3355-3232-3867-3744,1,0,0,0,0,0,0,0,0
7HT1Z46QC_3355-3744-3867-4256,1,0,0,0,0,0,0,0,0
7HT1Z46QC_3464-3453-3976-3965,1,0,0,0,0,0,0,0,0
7HT1Z46QC_3464-3965-3976-4477,1,0,0,0,0,0,0,0,0
7HT1Z46QC_3464-2941-3976-3453,1,0,0,0,0,0,0,0,0
7HT1Z46QC_3464-1405-3976-1917,1,0,0,0,0,0,0,0,0
7HT1Z46QC_3648-2482-4160-2994,1,0,0,0,0,0,0,0,0
7HT1Z46QC_3648-434-4160-946,1,0,0,0,0,0,0,0,0
7HT1Z46QC_3464-893-3976-1405,1,0,0,0,0,0,0,0,0
7HT1Z46QC_3748-3128-4260-3640,1,0,0,0,0,0,0,0,0
7HT1Z46QC_3976-2429-4488-2941,1,0,0,0,0,0,0,0,0
7HT1Z46QC_3867-2720-4379-3232,1,0,0,0,0,0,0,0,0
7HT1Z46QC_3976-2941-4488-3453,1,0,0,0,0,0,0,0,0
7HT1Z46QC_3867-3744-4379-4256,1,0,0,0,0,0,0,0,0
7HT1Z46QC_3976-381-4488-893,1,0,0,0,0,0,0,0,0
7HT1Z46QC_3976-3453-4488-3965,1,0,0,0,0,0,0,0,0
7HT1Z46QC_4488-1917-5000-2429,1,0,0,0,0,0,0,0,0
7HT1Z46QC_4488-3453-5000-3965,1,0,0,0,0,0,0,0,0
7HT1Z46QC_3976-893-4488-1405,1,0,0,0,0,0,0,0,0
7HT1Z46QC_4379-3232-4891-3744,1,0,0,0,0,0,0,0,0
7HT1Z46QC_4488-2429-5000-2941,1,0,0,0,0,0,0,0,0
7HT1Z46QC_4488-1405-5000-1917,1,0,0,0,0,0,0,0,0
7HT1Z46QC_3976-3965-4488-4477,1,0,0,0,0,0,0,0,0
7HT1Z46QC_4379-3744-4891-4256,1,0,0,0,0,0,0,0,0
7HT1Z46QC_4488-381-5000-893,1,0,0,0,0,0,0,0,0
7HT1Z46QC_4488-3965-5000-4477,1,0,0,0,0,0,0,0,0
7HT1Z46QC_4891-3744-5403-4256,1,0,0,0,0,0,0,0,0
7HT1Z46QC_5000-1405-5512-1917,1,0,0,0,0,0,0,0,0
7HT1Z46QC_5000-1917-5512-2429,1,0,0,0,0,0,0,0,0
7HT1Z46QC_5000-2429-5512-2941,1,0,0,0,0,0,0,0,0
7HT1Z46QC_5000-381-5512-893,1,0,0,0,0,0,0,0,0
7HT1Z46QC_5000-893-5512-1405,1,0,0,0,0,0,0,0,0
7HT1Z46QC_5512-1405-6024-1917,1,0,0,0,0,0,0,0,0
7HT1Z46QC_5512-381-6024-893,1,0,0,0,0,0,0,0,0
7HT1Z46QC_5512-2429-6024-2941,1,0,0,0,0,0,0,0,0
7HT1Z46QC_5512-1917-6024-2429,1,0,0,0,0,0,0,0,0
7HT1Z46QC_5512-3965-6024-4477,1,0,0,0,0,0,0,0,0
7HT1Z46QC_576-946-1088-1458,1,0,0,0,0,0,0,0,0
7HT1Z46QC_576-1970-1088-2482,1,0,0,0,0,0,0,0,0
7HT1Z46QC_5000-3965-5512-4477,1,0,0,0,0,0,0,0,0
7HT1Z46QC_576-434-1088-946,1,0,0,0,0,0,0,0,0
7HT1Z46QC_576-1458-1088-1970,1,0,0,0,0,0,0,0,0
7HT1Z46QC_6024-1405-6536-1917,1,0,0,0,0,0,0,0,0
7HT1Z46QC_6024-2429-6536-2941,1,0,0,0,0,0,0,0,0
7HT1Z46QC_6024-1917-6536-2429,1,0,0,0,0,0,0,0,0
7HT1Z46QC_6024-381-6536-893,1,0,0,0,0,0,0,0,0
7HT1Z46QC_6536-1917-7048-2429,1,0,0,0,0,0,0,0,0
7HT1Z46QC_6024-3965-6536-4477,1,0,0,0,0,0,0,0,0
7HT1Z46QC_6536-2429-7048-2941,1,0,0,0,0,0,0,0,0
7HT1Z46QC_6536-3965-7048-4477,1,0,0,0,0,0,0,0,0
7HT1Z46QC_7048-1405-7560-1917,1,0,0,0,0,0,0,0,0
7HT1Z46QC_6536-1405-7048-1917,1,0,0,0,0,0,0,0,0
7HT1Z46QC_6536-893-7048-1405,1,0,0,0,0,0,0,0,0
7HT1Z46QC_7048-1917-7560-2429,1,0,0,0,0,0,0,0,0
7HT1Z46QC_7048-381-7560-893,1,0,0,0,0,0,0,0,0
7HT1Z46QC_6536-381-7048-893,1,0,0,0,0,0,0,0,0
7HT1Z46QC_7048-3965-7560-4477,1,0,0,0,0,0,0,0,0
7HT1Z46QC_7048-2429-7560-2941,1,0,0,0,0,0,0,0,0
7HT1Z46QC_7560-1405-8072-1917,1,0,0,0,0,0,0,0,0
7HT1Z46QC_7048-893-7560-1405,1,0,0,0,0,0,0,0,0
7HT1Z46QC_7560-2429-8072-2941,1,0,0,0,0,0,0,0,0
7HT1Z46QC_7560-381-8072-893,1,0,0,0,0,0,0,0,0
7HT1Z46QC_7560-3965-8072-4477,1,0,0,0,0,0,0,0,0
7HT1Z46QC_795-3744-1307-4256,1,0,0,0,0,0,0,0,0
7HT1Z46QC_795-2720-1307-3232,1,0,0,0,0,0,0,0,0
7HT1Z46QC_8072-2941-8584-3453,1,0,0,0,0,0,0,0,0
7HT1Z46QC_8072-2429-8584-2941,1,0,0,0,0,0,0,0,0
7HT1Z46QC_795-3232-1307-3744,1,0,0,0,0,0,0,0,0
7HT1Z46QC_8072-381-8584-893,1,0,0,0,0,0,0,0,0
7HT1Z46QC_8072-893-8584-1405,1,0,0,0,0,0,0,0,0
7HT1Z46QC_8072-1405-8584-1917,1,0,0,0,0,0,0,0,0
7HT1Z46QC_9096-2429-9608-2941,1,0,0,0,0,0,0,0,0
7HT1Z46QC_8584-2941-9096-3453,1,0,0,0,0,0,0,0,0
7HT1Z46QC_8072-3965-8584-4477,1,0,0,0,0,0,0,0,0
7HT1Z46QC_8584-381-9096-893,1,0,0,0,0,0,0,0,0
7HT1Z46QC_8584-2429-9096-2941,1,0,0,0,0,0,0,0,0
7HT1Z46QC_8584-3965-9096-4477,1,0,0,0,0,0,0,0,0
7HT1Z46QC_9096-2941-9608-3453,1,0,0,0,0,0,0,0,0
7HT1Z46QC_9096-381-9608-893,1,0,0,0,0,0,0,0,0
7HT1Z46QC_9096-3965-9608-4477,1,0,0,0,0,0,0,0,0
7HT1Z46QC_9096-893-9608-1405,1,0,0,0,0,0,0,0,0
7HT1Z46QC_9608-893-10120-1405,1,0,0,0,0,0,0,0,0
7HT1Z46QC_9608-2941-10120-3453,1,0,0,0,0,0,0,0,0
7HT1Z46QC_9608-1405-10120-1917,1,0,0,0,0,0,0,0,0
7HT1Z46QC_9608-381-10120-893,1,0,0,0,0,0,0,0,0
7HT1Z46QC_9608-3965-10120-4477,1,0,0,0,0,0,0,0,0
7I4NBPDNB_1375-2886-1887-3398,1,0,0,0,0,0,0,0,0
7HT1Z46QC_9608-2429-10120-2941,1,0,0,0,0,0,0,0,0
7I4NBPDNB_1887-2886-2399-3398,1,0,0,0,0,0,0,0,0
7I4NBPDNB_1995-1709-2507-2221,1,0,0,0,0,0,0,0,0
7I4NBPDNB_1511-662-2023-1174,1,0,0,0,0,0,0,0,0
7I4NBPDNB_1995-2221-2507-2733,1,0,0,0,0,0,0,0,0
7I4NBPDNB_1995-3245-2507-3757,1,0,0,0,0,0,0,0,0
7I4NBPDNB_1995-4781-2507-5293,1,0,0,0,0,0,0,0,0
7I4NBPDNB_1995-4269-2507-4781,1,0,0,0,0,0,0,0,0
7I4NBPDNB_2023-662-2535-1174,1,0,0,0,0,0,0,0,0
7I4NBPDNB_2396-2682-2908-3194,1,0,0,0,0,0,0,0,0
7I4NBPDNB_2399-3398-2911-3910,1,0,0,0,0,0,0,0,0
7I4NBPDNB_2396-2170-2908-2682,1,0,0,0,0,0,0,0,0
7I4NBPDNB_2507-3757-3019-4269,1,0,0,0,0,0,0,0,0
7I4NBPDNB_2535-662-3047-1174,1,0,0,0,0,0,0,0,0
7I4NBPDNB_3019-4269-3531-4781,1,0,0,0,0,0,0,0,0
7I4NBPDNB_3019-4781-3531-5293,1,0,0,0,0,0,0,0,0
7I4NBPDNB_3019-3757-3531-4269,1,0,0,0,0,0,0,0,0
7I4NBPDNB_2507-4269-3019-4781,1,0,0,0,0,0,0,0,0
7I4NBPDNB_3019-685-3531-1197,1,0,0,0,0,0,0,0,0
7I4NBPDNB_2507-4781-3019-5293,1,0,0,0,0,0,0,0,0
7I4NBPDNB_3019-3245-3531-3757,1,0,0,0,0,0,0,0,0
7I4NBPDNB_3531-1197-4043-1709,1,0,0,0,0,0,0,0,0
7I4NBPDNB_3019-2221-3531-2733,1,0,0,0,0,0,0,0,0
7I4NBPDNB_3531-1709-4043-2221,1,0,0,0,0,0,0,0,0
7I4NBPDNB_3531-3245-4043-3757,1,0,0,0,0,0,0,0,0
7I4NBPDNB_3531-2733-4043-3245,1,0,0,0,0,0,0,0,0
7I4NBPDNB_3531-4781-4043-5293,1,0,0,0,0,0,0,0,0
7I4NBPDNB_3531-3757-4043-4269,1,0,0,0,0,0,0,0,0
7I4NBPDNB_3531-4269-4043-4781,1,0,0,0,0,0,0,0,0
7I4NBPDNB_3531-685-4043-1197,1,0,0,0,0,0,0,0,0
7I4NBPDNB_4043-3757-4555-4269,1,0,0,0,0,0,0,0,0
7I4NBPDNB_4043-3245-4555-3757,1,0,0,0,0,0,0,0,0
7I4NBPDNB_4043-2733-4555-3245,1,0,0,0,0,0,0,0,0
7I4NBPDNB_4555-685-5067-1197,1,0,0,0,0,0,0,0,0
7I4NBPDNB_4043-2221-4555-2733,1,0,0,0,0,0,0,0,0
7I4NBPDNB_4555-4781-5067-5293,1,0,0,0,0,0,0,0,0
7I4NBPDNB_5067-2221-5579-2733,1,0,0,0,0,0,0,0,0
7I4NBPDNB_5067-1709-5579-2221,1,0,0,0,0,0,0,0,0
7I4NBPDNB_4555-1197-5067-1709,1,0,0,0,0,0,0,0,0
7I4NBPDNB_4043-685-4555-1197,1,0,0,0,0,0,0,0,0
7I4NBPDNB_4043-4781-4555-5293,1,0,0,0,0,0,0,0,0
7I4NBPDNB_5067-3245-5579-3757,1,0,0,0,0,0,0,0,0
7I4NBPDNB_5067-2733-5579-3245,1,0,0,0,0,0,0,0,0
7I4NBPDNB_5067-3757-5579-4269,1,0,0,0,0,0,0,0,0
7I4NBPDNB_863-2886-1375-3398,1,0,0,0,0,0,0,0,0
7I4NBPDNB_5067-4781-5579-5293,1,0,0,0,0,0,0,0,0
7I4NBPDNB_999-662-1511-1174,1,0,0,0,0,0,0,0,0
7IEZZTTFC_10346-5106-10858-5618,0,1,0,0,0,0,0,0,0
7IEZZTTFC_11236-7713-11748-8225,0,1,0,0,0,0,0,0,0
7IEZZTTFC_10390-8142-10902-8654,0,1,0,0,0,0,0,0,0
7IEZZTTFC_1142-7853-1654-8365,0,1,0,0,0,0,0,0,0
7IEZZTTFC_10831-6893-11343-7405,0,1,0,0,0,0,0,0,0
7IEZZTTFC_10902-8142-11414-8654,0,1,0,0,0,0,0,0,0
7IEZZTTFC_10858-5106-11370-5618,0,1,0,0,0,0,0,0,0
7IEZZTTFC_2298-1961-2810-2473,0,1,0,0,0,0,0,0,0
7IEZZTTFC_2227-6058-2739-6570,0,1,0,0,0,0,0,0,0
7IEZZTTFC_4594-5398-5106-5910,0,1,0,0,0,0,0,0,0
7IEZZTTFC_4594-4886-5106-5398,0,1,0,0,0,0,0,0,0
7IEZZTTFC_1142-7341-1654-7853,0,1,0,0,0,0,0,0,0
7IEZZTTFC_6284-7734-6796-8246,0,1,0,0,0,0,0,0,0
7IEZZTTFC_5106-4886-5618-5398,0,1,0,0,0,0,0,0,0
7IEZZTTFC_5985-4791-6497-5303,0,1,0,0,0,0,0,0,0
7IEZZTTFC_630-7341-1142-7853,0,1,0,0,0,0,0,0,0
7IEZZTTFC_630-7853-1142-8365,0,1,0,0,0,0,0,0,0
7IEZZTTFC_6396-6871-6908-7383,0,1,0,0,0,0,0,0,0
7IEZZTTFC_6796-7734-7308-8246,0,1,0,0,0,0,0,0,0
7J3W7URRT_1466-4241-1978-4753,0,1,0,0,0,0,0,0,0
7IQXQ317H_6099-868-6611-1380,0,0,0,0,1,0,0,0,0
7IQXQ317H_5599-209-6111-721,0,0,0,0,1,0,0,0,0
7IEZZTTFC_7820-7734-8332-8246,0,1,0,0,0,0,0,0,0
7IQXQ317H_5504-1141-6016-1653,0,0,0,0,1,0,0,0,0
7IQXQ317H_5881-308-6393-820,0,0,0,0,1,0,0,0,0
7IEZZTTFC_8332-7734-8844-8246,0,1,0,0,0,0,0,0,0
7IEZZTTFC_7308-7734-7820-8246,0,1,0,0,0,0,0,0,0
7J3W7URRT_1488-4547-2000-5059,0,1,0,0,0,0,0,0,0
7IQXQ317H_6246-1086-6758-1598,0,0,0,0,1,0,0,0,0
7J3W7URRT_4426-3269-4938-3781,0,1,0,0,0,0,0,0,0
7J3W7URRT_5371-7650-5883-8162,0,1,0,0,0,0,0,0,0
7J3W7URRT_5371-8162-5883-8674,0,1,0,0,0,0,0,0,0
7J3W7URRT_5445-3953-5957-4465,0,1,0,0,0,0,0,0,0
7J3W7URRT_966-4443-1478-4955,0,1,0,0,0,0,0,0,0
7J3W7URRT_814-5382-1326-5894,0,1,0,0,0,0,0,0,0
7J3W7URRT_814-6406-1326-6918,0,1,0,0,0,0,0,0,0
7J3W7URRT_966-4955-1478-5467,0,1,0,0,0,0,0,0,0
7KF7GZDPG_2677-5841-3189-6353,0,0,1,0,0,0,0,0,0
7KF7GZDPG_354-1362-866-1874,0,0,0,0,0,1,0,0,0
7K8LM6DYM_820-768-1332-1280,0,0,1,0,0,0,0,0,0
7KF7GZDPG_2121-790-2633-1302,0,0,0,0,0,1,0,0,0
7KF7GZDPG_201-6412-713-6924,0,0,0,0,0,1,0,0,0
7J3W7URRT_966-5979-1478-6491,0,1,0,0,0,0,0,0,0
7KF7GZDPG_1925-4466-2437-4978,0,0,0,0,0,1,0,0,0
7KF7GZDPG_2716-6720-3228-7232,0,0,0,0,0,1,0,0,0
7KF7GZDPG_1933-382-2445-894,0,0,0,0,0,1,0,0,0
7KF7GZDPG_360-3010-872-3522,0,0,0,0,0,1,0,0,0
7KF7GZDPG_608-4225-1120-4737,0,0,0,0,0,1,0,0,0
7KF7GZDPG_798-6476-1310-6988,0,0,0,0,0,1,0,0,0
7KF7GZDPG_768-5572-1280-6084,0,0,0,0,0,1,0,0,0
7KF7GZDPG_985-5685-1497-6197,0,0,0,0,0,1,0,0,0
7LKNHADGE_712-3025-1224-3537,0,0,0,1,0,0,0,0,0
7LKNHADGE_4116-3368-4628-3880,0,0,0,1,0,0,0,0,0
7LKNHADGE_4071-3683-4583-4195,0,0,0,1,0,0,0,0,0
7LKNHADGE_712-3537-1224-4049,0,0,0,1,0,0,0,0,0
7LRNQK1BK_10726-3280-11238-3792,1,0,0,0,0,0,0,0,0
7LRNQK1BK_10406-2409-10918-2921,1,0,0,0,0,0,0,0,0
7LRNQK1BK_10874-1417-11386-1929,1,0,0,0,0,0,0,0,0
7LRNQK1BK_10874-905-11386-1417,1,0,0,0,0,0,0,0,0
7LRNQK1BK_10918-1897-11430-2409,1,0,0,0,0,0,0,0,0
7LRNQK1BK_10406-1897-10918-2409,1,0,0,0,0,0,0,0,0
7LRNQK1BK_10918-2921-11430-3433,1,0,0,0,0,0,0,0,0
7LRNQK1BK_11238-3792-11750-4304,1,0,0,0,0,0,0,0,0
7LRNQK1BK_11238-3280-11750-3792,1,0,0,0,0,0,0,0,0
7LRNQK1BK_11386-1417-11898-1929,1,0,0,0,0,0,0,0,0
7LRNQK1BK_11430-2409-11942-2921,1,0,0,0,0,0,0,0,0
7LRNQK1BK_11386-905-11898-1417,1,0,0,0,0,0,0,0,0
7LRNQK1BK_11386-393-11898-905,1,0,0,0,0,0,0,0,0
7LRNQK1BK_11430-2921-11942-3433,1,0,0,0,0,0,0,0,0
7LRNQK1BK_11657-1367-12169-1879,1,0,0,0,0,0,0,0,0
7LRNQK1BK_11657-1879-12169-2391,1,0,0,0,0,0,0,0,0
7LRNQK1BK_11657-3415-12169-3927,1,0,0,0,0,0,0,0,0
7LRNQK1BK_12169-1367-12681-1879,1,0,0,0,0,0,0,0,0
7LRNQK1BK_11942-2921-12454-3433,1,0,0,0,0,0,0,0,0
7LRNQK1BK_11898-393-12410-905,1,0,0,0,0,0,0,0,0
7LRNQK1BK_11657-855-12169-1367,1,0,0,0,0,0,0,0,0
7LRNQK1BK_11750-3792-12262-4304,1,0,0,0,0,0,0,0,0
7LRNQK1BK_11942-2409-12454-2921,1,0,0,0,0,0,0,0,0
7LRNQK1BK_12169-3415-12681-3927,1,0,0,0,0,0,0,0,0
7LRNQK1BK_12169-855-12681-1367,1,0,0,0,0,0,0,0,0
7LRNQK1BK_12169-1879-12681-2391,1,0,0,0,0,0,0,0,0
7LRNQK1BK_12329-3722-12841-4234,1,0,0,0,0,0,0,0,0
7LRNQK1BK_12454-1897-12966-2409,1,0,0,0,0,0,0,0,0
7LRNQK1BK_1261-510-1773-1022,1,0,0,0,0,0,0,0,0
7LRNQK1BK_12454-2409-12966-2921,1,0,0,0,0,0,0,0,0
7LRNQK1BK_12454-2921-12966-3433,1,0,0,0,0,0,0,0,0
7LRNQK1BK_12681-3415-13193-3927,1,0,0,0,0,0,0,0,0
7LRNQK1BK_12681-855-13193-1367,1,0,0,0,0,0,0,0,0
7LRNQK1BK_12841-3722-13353-4234,1,0,0,0,0,0,0,0,0
7LRNQK1BK_1288-1378-1800-1890,1,0,0,0,0,0,0,0,0
7LRNQK1BK_1288-2914-1800-3426,1,0,0,0,0,0,0,0,0
7LRNQK1BK_13193-3415-13705-3927,1,0,0,0,0,0,0,0,0
7LRNQK1BK_13705-2391-14217-2903,1,0,0,0,0,0,0,0,0
7LRNQK1BK_13353-3722-13865-4234,1,0,0,0,0,0,0,0,0
7LRNQK1BK_13193-855-13705-1367,1,0,0,0,0,0,0,0,0
7LRNQK1BK_13193-2391-13705-2903,1,0,0,0,0,0,0,0,0
7LRNQK1BK_13705-1367-14217-1879,1,0,0,0,0,0,0,0,0
7LRNQK1BK_13193-1367-13705-1879,1,0,0,0,0,0,0,0,0
7LRNQK1BK_13193-2903-13705-3415,1,0,0,0,0,0,0,0,0
7LRNQK1BK_1288-866-1800-1378,1,0,0,0,0,0,0,0,0
7LRNQK1BK_13705-3415-14217-3927,1,0,0,0,0,0,0,0,0
7LRNQK1BK_13865-3722-14377-4234,1,0,0,0,0,0,0,0,0
7LRNQK1BK_1389-3259-1901-3771,1,0,0,0,0,0,0,0,0
7LRNQK1BK_13705-2903-14217-3415,1,0,0,0,0,0,0,0,0
7LRNQK1BK_1389-3771-1901-4283,1,0,0,0,0,0,0,0,0
7LRNQK1BK_14217-1879-14729-2391,1,0,0,0,0,0,0,0,0
7LRNQK1BK_14217-2391-14729-2903,1,0,0,0,0,0,0,0,0
7LRNQK1BK_14217-1367-14729-1879,1,0,0,0,0,0,0,0,0
7LRNQK1BK_1901-3259-2413-3771,1,0,0,0,0,0,0,0,0
7LRNQK1BK_1773-510-2285-1022,1,0,0,0,0,0,0,0,0
7LRNQK1BK_14217-2903-14729-3415,1,0,0,0,0,0,0,0,0
7LRNQK1BK_14217-3415-14729-3927,1,0,0,0,0,0,0,0,0
7LRNQK1BK_1800-2914-2312-3426,1,0,0,0,0,0,0,0,0
7LRNQK1BK_1901-3771-2413-4283,1,0,0,0,0,0,0,0,0
7LRNQK1BK_1800-1378-2312-1890,1,0,0,0,0,0,0,0,0
7LRNQK1BK_1800-866-2312-1378,1,0,0,0,0,0,0,0,0
7LRNQK1BK_2285-510-2797-1022,1,0,0,0,0,0,0,0,0
7LRNQK1BK_2312-1378-2824-1890,1,0,0,0,0,0,0,0,0
7LRNQK1BK_2312-1890-2824-2402,1,0,0,0,0,0,0,0,0
7LRNQK1BK_2413-3259-2925-3771,1,0,0,0,0,0,0,0,0
7LRNQK1BK_2312-2402-2824-2914,1,0,0,0,0,0,0,0,0
7LRNQK1BK_2312-2914-2824-3426,1,0,0,0,0,0,0,0,0
7LRNQK1BK_2312-866-2824-1378,1,0,0,0,0,0,0,0,0
7LRNQK1BK_2605-474-3117-986,1,0,0,0,0,0,0,0,0
7LRNQK1BK_2413-3771-2925-4283,1,0,0,0,0,0,0,0,0
7LRNQK1BK_2774-3392-3286-3904,1,0,0,0,0,0,0,0,0
7LRNQK1BK_3046-1717-3558-2229,1,0,0,0,0,0,0,0,0
7LRNQK1BK_2824-1378-3336-1890,1,0,0,0,0,0,0,0,0
7LRNQK1BK_2824-1890-3336-2402,1,0,0,0,0,0,0,0,0
7LRNQK1BK_3046-2741-3558-3253,1,0,0,0,0,0,0,0,0
7LRNQK1BK_2824-866-3336-1378,1,0,0,0,0,0,0,0,0
7LRNQK1BK_3046-3253-3558-3765,1,0,0,0,0,0,0,0,0
7LRNQK1BK_2824-2914-3336-3426,1,0,0,0,0,0,0,0,0
7LRNQK1BK_3046-1205-3558-1717,1,0,0,0,0,0,0,0,0
7LRNQK1BK_3046-2229-3558-2741,1,0,0,0,0,0,0,0,0
7LRNQK1BK_3286-3392-3798-3904,1,0,0,0,0,0,0,0,0
7LRNQK1BK_3286-2880-3798-3392,1,0,0,0,0,0,0,0,0
7LRNQK1BK_3117-474-3629-986,1,0,0,0,0,0,0,0,0
7LRNQK1BK_3286-3904-3798-4416,1,0,0,0,0,0,0,0,0
7LRNQK1BK_3558-1717-4070-2229,1,0,0,0,0,0,0,0,0
7LRNQK1BK_3558-1205-4070-1717,1,0,0,0,0,0,0,0,0
7LRNQK1BK_3558-2741-4070-3253,1,0,0,0,0,0,0,0,0
7LRNQK1BK_3558-2229-4070-2741,1,0,0,0,0,0,0,0,0
7LRNQK1BK_3558-3253-4070-3765,1,0,0,0,0,0,0,0,0
7LRNQK1BK_4070-2229-4582-2741,1,0,0,0,0,0,0,0,0
7LRNQK1BK_3798-3392-4310-3904,1,0,0,0,0,0,0,0,0
7LRNQK1BK_3629-474-4141-986,1,0,0,0,0,0,0,0,0
7LRNQK1BK_4070-1205-4582-1717,1,0,0,0,0,0,0,0,0
7LRNQK1BK_3798-3904-4310-4416,1,0,0,0,0,0,0,0,0
7LRNQK1BK_4070-2741-4582-3253,1,0,0,0,0,0,0,0,0
7LRNQK1BK_3798-2880-4310-3392,1,0,0,0,0,0,0,0,0
7LRNQK1BK_4070-3253-4582-3765,1,0,0,0,0,0,0,0,0
7LRNQK1BK_4070-1717-4582-2229,1,0,0,0,0,0,0,0,0
7LRNQK1BK_4465-773-4977-1285,1,0,0,0,0,0,0,0,0
7LRNQK1BK_4310-3904-4822-4416,1,0,0,0,0,0,0,0,0
7LRNQK1BK_4310-2880-4822-3392,1,0,0,0,0,0,0,0,0
7LRNQK1BK_4310-3392-4822-3904,1,0,0,0,0,0,0,0,0
7LRNQK1BK_4465-1285-4977-1797,1,0,0,0,0,0,0,0,0
7LRNQK1BK_4582-1717-5094-2229,1,0,0,0,0,0,0,0,0
7LRNQK1BK_4582-2229-5094-2741,1,0,0,0,0,0,0,0,0
7LRNQK1BK_4582-2741-5094-3253,1,0,0,0,0,0,0,0,0
7LRNQK1BK_4582-3253-5094-3765,1,0,0,0,0,0,0,0,0
7LRNQK1BK_4977-773-5489-1285,1,0,0,0,0,0,0,0,0
7LRNQK1BK_4977-1285-5489-1797,1,0,0,0,0,0,0,0,0
7LRNQK1BK_4822-3904-5334-4416,1,0,0,0,0,0,0,0,0
7LRNQK1BK_5094-2741-5606-3253,1,0,0,0,0,0,0,0,0
7LRNQK1BK_4822-3392-5334-3904,1,0,0,0,0,0,0,0,0
7LRNQK1BK_5334-2880-5846-3392,1,0,0,0,0,0,0,0,0
7LRNQK1BK_5094-1717-5606-2229,1,0,0,0,0,0,0,0,0
7LRNQK1BK_5094-3253-5606-3765,1,0,0,0,0,0,0,0,0
7LRNQK1BK_5094-2229-5606-2741,1,0,0,0,0,0,0,0,0
7LRNQK1BK_5334-3904-5846-4416,1,0,0,0,0,0,0,0,0
7LRNQK1BK_5334-3392-5846-3904,1,0,0,0,0,0,0,0,0
7LRNQK1BK_5846-2880-6358-3392,1,0,0,0,0,0,0,0,0
7LRNQK1BK_5846-3904-6358-4416,1,0,0,0,0,0,0,0,0
7LRNQK1BK_5846-3392-6358-3904,1,0,0,0,0,0,0,0,0
7LRNQK1BK_6095-1388-6607-1900,1,0,0,0,0,0,0,0,0
7LRNQK1BK_6095-876-6607-1388,1,0,0,0,0,0,0,0,0
7LRNQK1BK_6095-364-6607-876,1,0,0,0,0,0,0,0,0
7LRNQK1BK_6607-364-7119-876,1,0,0,0,0,0,0,0,0
7LRNQK1BK_6607-876-7119-1388,1,0,0,0,0,0,0,0,0
7LRNQK1BK_6910-3621-7422-4133,1,0,0,0,0,0,0,0,0
7LRNQK1BK_7119-1388-7631-1900,1,0,0,0,0,0,0,0,0
7LRNQK1BK_6607-1388-7119-1900,1,0,0,0,0,0,0,0,0
7LRNQK1BK_7093-2176-7605-2688,1,0,0,0,0,0,0,0,0
7LRNQK1BK_7119-876-7631-1388,1,0,0,0,0,0,0,0,0
7LRNQK1BK_7152-2696-7664-3208,1,0,0,0,0,0,0,0,0
7LRNQK1BK_7152-3208-7664-3720,1,0,0,0,0,0,0,0,0
7LRNQK1BK_7119-364-7631-876,1,0,0,0,0,0,0,0,0
7LRNQK1BK_7152-3720-7664-4232,1,0,0,0,0,0,0,0,0
7LRNQK1BK_7631-1388-8143-1900,1,0,0,0,0,0,0,0,0
7LRNQK1BK_7605-2176-8117-2688,1,0,0,0,0,0,0,0,0
7LRNQK1BK_7422-3621-7934-4133,1,0,0,0,0,0,0,0,0
7LRNQK1BK_7631-876-8143-1388,1,0,0,0,0,0,0,0,0
7LRNQK1BK_7664-3720-8176-4232,1,0,0,0,0,0,0,0,0
7LRNQK1BK_7664-3208-8176-3720,1,0,0,0,0,0,0,0,0
7LRNQK1BK_7664-2696-8176-3208,1,0,0,0,0,0,0,0,0
7LRNQK1BK_776-866-1288-1378,1,0,0,0,0,0,0,0,0
7LRNQK1BK_776-1890-1288-2402,1,0,0,0,0,0,0,0,0
7LRNQK1BK_776-2402-1288-2914,1,0,0,0,0,0,0,0,0
7LRNQK1BK_7854-451-8366-963,1,0,0,0,0,0,0,0,0
7LRNQK1BK_776-2914-1288-3426,1,0,0,0,0,0,0,0,0
7LRNQK1BK_8176-3720-8688-4232,1,0,0,0,0,0,0,0,0
7LRNQK1BK_8176-2696-8688-3208,1,0,0,0,0,0,0,0,0
7LRNQK1BK_776-1378-1288-1890,1,0,0,0,0,0,0,0,0
7LRNQK1BK_8176-3208-8688-3720,1,0,0,0,0,0,0,0,0
7LRNQK1BK_8364-1289-8876-1801,1,0,0,0,0,0,0,0,0
7LRNQK1BK_8375-2339-8887-2851,1,0,0,0,0,0,0,0,0
7LRNQK1BK_8366-451-8878-963,1,0,0,0,0,0,0,0,0
7LRNQK1BK_8364-777-8876-1289,1,0,0,0,0,0,0,0,0
7LRNQK1BK_8768-2728-9280-3240,1,0,0,0,0,0,0,0,0
7LRNQK1BK_8768-2216-9280-2728,1,0,0,0,0,0,0,0,0
7LRNQK1BK_877-3771-1389-4283,1,0,0,0,0,0,0,0,0
7LRNQK1BK_877-3259-1389-3771,1,0,0,0,0,0,0,0,0
7LRNQK1BK_8876-1801-9388-2313,1,0,0,0,0,0,0,0,0
7LRNQK1BK_9280-2216-9792-2728,1,0,0,0,0,0,0,0,0
7LRNQK1BK_9280-3240-9792-3752,1,0,0,0,0,0,0,0,0
7LRNQK1BK_9388-1801-9900-2313,1,0,0,0,0,0,0,0,0
7LRNQK1BK_8878-451-9390-963,1,0,0,0,0,0,0,0,0
7LRNQK1BK_8876-777-9388-1289,1,0,0,0,0,0,0,0,0
7LRNQK1BK_9534-822-10046-1334,1,0,0,0,0,0,0,0,0
7LRNQK1BK_9280-2728-9792-3240,1,0,0,0,0,0,0,0,0
7LRNQK1BK_9390-451-9902-963,1,0,0,0,0,0,0,0,0
7LRNQK1BK_9388-1289-9900-1801,1,0,0,0,0,0,0,0,0
7LRNQK1BK_9792-2216-10304-2728,1,0,0,0,0,0,0,0,0
7LRNQK1BK_9900-1801-10412-2313,1,0,0,0,0,0,0,0,0
7LRNQK1BK_9900-1289-10412-1801,1,0,0,0,0,0,0,0,0
7LRNQK1BK_9792-2728-10304-3240,1,0,0,0,0,0,0,0,0
7LTFK19LH_3051-3819-3563-4331,0,0,0,1,0,0,0,0,0
7LRNQK1BK_9900-777-10412-1289,1,0,0,0,0,0,0,0,0
7LTFK19LH_3082-3497-3594-4009,0,0,0,1,0,0,0,0,0
7LTFK19LH_3441-3033-3953-3545,0,0,0,1,0,0,0,0,0
7LTFK19LH_3797-3328-4309-3840,0,0,0,1,0,0,0,0,0
7LTFK19LH_4074-3127-4586-3639,0,0,0,1,0,0,0,0,0
7MGMWERR8_12662-1336-13174-1848,0,0,0,0,0,0,1,0,0
7MGMWERR8_12150-824-12662-1336,0,0,0,0,0,0,1,0,0
7MGMWERR8_13701-2636-14213-3148,0,0,0,0,0,0,1,0,0
7MGMWERR8_13701-1612-14213-2124,0,0,0,0,0,0,1,0,0
7MGMWERR8_13174-1336-13686-1848,0,0,0,0,0,0,1,0,0
7MGMWERR8_12662-824-13174-1336,0,0,0,0,0,0,1,0,0
7MGMWERR8_13701-3148-14213-3660,0,0,0,0,0,0,1,0,0
7MGMWERR8_13701-2124-14213-2636,0,0,0,0,0,0,1,0,0
7MGMWERR8_1915-2423-2427-2935,0,0,0,0,0,0,1,0,0
7NYKNF68E_459-3030-971-3542,0,0,0,1,0,0,0,0,0
7MGMWERR8_5114-2911-5626-3423,0,0,0,0,0,0,1,0,0
7MGMWERR8_5626-2911-6138-3423,0,0,0,0,0,0,1,0,0
7MGMWERR8_3847-2613-4359-3125,0,0,0,0,0,0,1,0,0
7MGMWERR8_3335-2613-3847-3125,0,0,0,0,0,0,1,0,0
7QEGPGTTI_140-9746-652-10258,0,0,1,0,0,0,0,0,0
7QEGPGTTI_4199-2561-4711-3073,0,0,1,0,0,0,0,0,0
7QEGPGTTI_4285-619-4797-1131,0,0,1,0,0,0,0,0,0
7QEGPGTTI_4223-1665-4735-2177,0,0,1,0,0,0,0,0,0
7QEGPGTTI_4223-2177-4735-2689,0,0,1,0,0,0,0,0,0
7QEGPGTTI_4547-6494-5059-7006,0,0,1,0,0,0,0,0,0
7QEGPGTTI_4593-1145-5105-1657,0,0,1,0,0,0,0,0,0
7QEGPGTTI_4837-5723-5349-6235,0,0,1,0,0,0,0,0,0
7QEGPGTTI_5098-8695-5610-9207,0,0,1,0,0,0,0,0,0
7QEGPGTTI_4223-1153-4735-1665,0,0,1,0,0,0,0,0,0
7QEGPGTTI_4837-6235-5349-6747,0,0,1,0,0,0,0,0,0
7QEGPGTTI_5046-6414-5558-6926,0,0,1,0,0,0,0,0,0
7QEGPGTTI_5041-1273-5553-1785,0,0,1,0,0,0,0,0,0
7QEGPGTTI_564-9746-1076-10258,0,0,1,0,0,0,0,0,0
7QEGPGTTI_5304-5986-5816-6498,0,0,1,0,0,0,0,0,0
7QEGPGTTI_5191-9762-5703-10274,0,0,1,0,0,0,0,0,0
7QEGPGTTI_5331-1349-5843-1861,0,0,1,0,0,0,0,0,0
7QEGPGTTI_5808-6717-6320-7229,0,0,1,0,0,0,0,0,0
7QEGPGTTI_6141-7478-6653-7990,0,0,1,0,0,0,0,0,0
7QEGPGTTI_5886-6370-6398-6882,0,0,1,0,0,0,0,0,0
7QEGPGTTI_7509-9790-8021-10302,0,0,1,0,0,0,0,0,0
7QX2BQ7E7_16075-5409-16587-5921,0,0,0,0,0,0,1,0,0
7QX2BQ7E7_16587-4897-17099-5409,0,0,0,0,0,0,1,0,0
7QX2BQ7E7_17099-4385-17611-4897,0,0,0,0,0,0,1,0,0
7QEGPGTTI_6301-9116-6813-9628,0,0,1,0,0,0,0,0,0
7QX2BQ7E7_17099-4897-17611-5409,0,0,0,0,0,0,1,0,0
7QX2BQ7E7_17197-3672-17709-4184,0,0,0,0,0,0,1,0,0
7QX2BQ7E7_17197-3160-17709-3672,0,0,0,0,0,0,1,0,0
7QEGPGTTI_7802-6007-8314-6519,0,0,1,0,0,0,0,0,0
7QX2BQ7E7_17611-4385-18123-4897,0,0,0,0,0,0,1,0,0
7QX2BQ7E7_16587-5409-17099-5921,0,0,0,0,0,0,1,0,0
7QX2BQ7E7_17709-2648-18221-3160,0,0,0,0,0,0,1,0,0
7QX2BQ7E7_17611-4897-18123-5409,0,0,0,0,0,0,1,0,0
7QX2BQ7E7_17709-2136-18221-2648,0,0,0,0,0,0,1,0,0
7QX2BQ7E7_18221-1624-18733-2136,0,0,0,0,0,0,1,0,0
7QX2BQ7E7_18221-2136-18733-2648,0,0,0,0,0,0,1,0,0
7RELT2YC7_3557-7999-4069-8511,0,0,0,1,0,0,0,0,0
7RELT2YC7_2431-4742-2943-5254,0,0,0,1,0,0,0,0,0
7RELT2YC7_4069-6975-4581-7487,0,0,0,1,0,0,0,0,0
7RELT2YC7_3557-8511-4069-9023,0,0,0,1,0,0,0,0,0
7RELT2YC7_1919-4742-2431-5254,0,0,0,1,0,0,0,0,0
7RELT2YC7_4581-7487-5093-7999,0,0,0,1,0,0,0,0,0
7RELT2YC7_4069-7487-4581-7999,0,0,0,1,0,0,0,0,0
7RELT2YC7_1919-3718-2431-4230,0,0,0,1,0,0,0,0,0
7RELT2YC7_1919-4230-2431-4742,0,0,0,1,0,0,0,0,0
7RELT2YC7_2431-4230-2943-4742,0,0,0,1,0,0,0,0,0
7RELT2YC7_4581-6975-5093-7487,0,0,0,1,0,0,0,0,0
7RELT2YC7_4069-8511-4581-9023,0,0,0,1,0,0,0,0,0
7RELT2YC7_4069-7999-4581-8511,0,0,0,1,0,0,0,0,0
7RELT2YC7_7503-6158-8015-6670,0,0,0,1,0,0,0,0,0
7RELT2YC7_6001-8285-6513-8797,0,0,0,1,0,0,0,0,0
7RELT2YC7_6001-7773-6513-8285,0,0,0,1,0,0,0,0,0
7RELT2YC7_7503-5646-8015-6158,0,0,0,1,0,0,0,0,0
7RKWRQL99_10078-1162-10590-1674,1,0,0,0,0,0,0,0,0
7RKWRQL99_10493-3056-11005-3568,1,0,0,0,0,0,0,0,0
7RELT2YC7_8624-12765-9136-13277,0,0,0,1,0,0,0,0,0
7RKWRQL99_10493-4080-11005-4592,1,0,0,0,0,0,0,0,0
7RKWRQL99_1092-586-1604-1098,1,0,0,0,0,0,0,0,0
7RKWRQL99_10078-650-10590-1162,1,0,0,0,0,0,0,0,0
7RKWRQL99_1092-1098-1604-1610,1,0,0,0,0,0,0,0,0
7RKWRQL99_10493-3568-11005-4080,1,0,0,0,0,0,0,0,0
7RKWRQL99_10078-1674-10590-2186,1,0,0,0,0,0,0,0,0
7RF2MAV8B_3653-586-4165-1098,0,0,0,0,0,1,0,0,0
7RKWRQL99_1018-2336-1530-2848,1,0,0,0,0,0,0,0,0
7RKWRQL99_1074-4061-1586-4573,1,0,0,0,0,0,0,0,0
7RKWRQL99_1018-1824-1530-2336,1,0,0,0,0,0,0,0,0
7RF2MAV8B_855-2333-1367-2845,0,0,0,0,0,1,0,0,0
7RKWRQL99_1116-2945-1628-3457,1,0,0,0,0,0,0,0,0
7RKWRQL99_1530-1824-2042-2336,1,0,0,0,0,0,0,0,0
7RKWRQL99_1586-3549-2098-4061,1,0,0,0,0,0,0,0,0
7RKWRQL99_1530-2336-2042-2848,1,0,0,0,0,0,0,0,0
7RKWRQL99_1586-4061-2098-4573,1,0,0,0,0,0,0,0,0
7RKWRQL99_1604-1098-2116-1610,1,0,0,0,0,0,0,0,0
7RKWRQL99_1628-2945-2140-3457,1,0,0,0,0,0,0,0,0
7RKWRQL99_1604-586-2116-1098,1,0,0,0,0,0,0,0,0
7RKWRQL99_2610-3037-3122-3549,1,0,0,0,0,0,0,0,0
7RKWRQL99_2042-2336-2554-2848,1,0,0,0,0,0,0,0,0
7RKWRQL99_2116-586-2628-1098,1,0,0,0,0,0,0,0,0
7RKWRQL99_2098-4061-2610-4573,1,0,0,0,0,0,0,0,0
7RKWRQL99_2628-1610-3140-2122,1,0,0,0,0,0,0,0,0
7RKWRQL99_2628-1098-3140-1610,1,0,0,0,0,0,0,0,0
7RKWRQL99_2098-3549-2610-4061,1,0,0,0,0,0,0,0,0
7RKWRQL99_2098-3037-2610-3549,1,0,0,0,0,0,0,0,0
7RKWRQL99_2042-1824-2554-2336,1,0,0,0,0,0,0,0,0
7RKWRQL99_2554-2336-3066-2848,1,0,0,0,0,0,0,0,0
7RKWRQL99_2628-586-3140-1098,1,0,0,0,0,0,0,0,0
7RKWRQL99_2636-2721-3148-3233,1,0,0,0,0,0,0,0,0
7RKWRQL99_3122-3037-3634-3549,1,0,0,0,0,0,0,0,0
7RKWRQL99_2638-4026-3150-4538,1,0,0,0,0,0,0,0,0
7RKWRQL99_3140-1098-3652-1610,1,0,0,0,0,0,0,0,0
7RKWRQL99_3148-2209-3660-2721,1,0,0,0,0,0,0,0,0
7RKWRQL99_3662-3002-4174-3514,1,0,0,0,0,0,0,0,0
7RKWRQL99_3652-1098-4164-1610,1,0,0,0,0,0,0,0,0
7RKWRQL99_3140-586-3652-1098,1,0,0,0,0,0,0,0,0
7RKWRQL99_3150-3514-3662-4026,1,0,0,0,0,0,0,0,0
7RKWRQL99_3660-1697-4172-2209,1,0,0,0,0,0,0,0,0
7RKWRQL99_3148-1697-3660-2209,1,0,0,0,0,0,0,0,0
7RKWRQL99_3148-2721-3660-3233,1,0,0,0,0,0,0,0,0
7RKWRQL99_3150-4026-3662-4538,1,0,0,0,0,0,0,0,0
7RKWRQL99_3660-2209-4172-2721,1,0,0,0,0,0,0,0,0
7RKWRQL99_3652-586-4164-1098,1,0,0,0,0,0,0,0,0
7RKWRQL99_3662-3514-4174-4026,1,0,0,0,0,0,0,0,0
7RKWRQL99_4164-1098-4676-1610,1,0,0,0,0,0,0,0,0
7RKWRQL99_4172-2209-4684-2721,1,0,0,0,0,0,0,0,0
7RKWRQL99_4172-1697-4684-2209,1,0,0,0,0,0,0,0,0
7RKWRQL99_4172-2721-4684-3233,1,0,0,0,0,0,0,0,0
7RKWRQL99_4174-3002-4686-3514,1,0,0,0,0,0,0,0,0
7RKWRQL99_4425-2842-4937-3354,1,0,0,0,0,0,0,0,0
7RKWRQL99_4676-586-5188-1098,1,0,0,0,0,0,0,0,0
7RKWRQL99_4174-3514-4686-4026,1,0,0,0,0,0,0,0,0
7RKWRQL99_4676-1098-5188-1610,1,0,0,0,0,0,0,0,0
7RKWRQL99_4425-3866-4937-4378,1,0,0,0,0,0,0,0,0
7RKWRQL99_4425-3354-4937-3866,1,0,0,0,0,0,0,0,0
7RKWRQL99_4686-3002-5198-3514,1,0,0,0,0,0,0,0,0
7RKWRQL99_4684-2721-5196-3233,1,0,0,0,0,0,0,0,0
7RKWRQL99_4686-3514-5198-4026,1,0,0,0,0,0,0,0,0
7RKWRQL99_4686-4026-5198-4538,1,0,0,0,0,0,0,0,0
7RKWRQL99_4937-3354-5449-3866,1,0,0,0,0,0,0,0,0
7RKWRQL99_4684-1697-5196-2209,1,0,0,0,0,0,0,0,0
7RKWRQL99_4937-2842-5449-3354,1,0,0,0,0,0,0,0,0
7RKWRQL99_4937-3866-5449-4378,1,0,0,0,0,0,0,0,0
7RKWRQL99_5188-1610-5700-2122,1,0,0,0,0,0,0,0,0
7RKWRQL99_5188-1098-5700-1610,1,0,0,0,0,0,0,0,0
7RKWRQL99_5188-586-5700-1098,1,0,0,0,0,0,0,0,0
7RKWRQL99_5196-2209-5708-2721,1,0,0,0,0,0,0,0,0
7RKWRQL99_5700-586-6212-1098,1,0,0,0,0,0,0,0,0
7RKWRQL99_562-4061-1074-4573,1,0,0,0,0,0,0,0,0
7RKWRQL99_562-3549-1074-4061,1,0,0,0,0,0,0,0,0
7RKWRQL99_5274-3771-5786-4283,1,0,0,0,0,0,0,0,0
7RKWRQL99_5274-3259-5786-3771,1,0,0,0,0,0,0,0,0
7RKWRQL99_5700-1098-6212-1610,1,0,0,0,0,0,0,0,0
7RKWRQL99_5196-2721-5708-3233,1,0,0,0,0,0,0,0,0
7RKWRQL99_5786-3259-6298-3771,1,0,0,0,0,0,0,0,0
7RKWRQL99_5708-2209-6220-2721,1,0,0,0,0,0,0,0,0
7RKWRQL99_5708-2721-6220-3233,1,0,0,0,0,0,0,0,0
7RKWRQL99_580-1098-1092-1610,1,0,0,0,0,0,0,0,0
7RKWRQL99_580-1610-1092-2122,1,0,0,0,0,0,0,0,0
7RKWRQL99_580-586-1092-1098,1,0,0,0,0,0,0,0,0
7RKWRQL99_5885-3568-6397-4080,1,0,0,0,0,0,0,0,0
7RKWRQL99_5982-650-6494-1162,1,0,0,0,0,0,0,0,0
7RKWRQL99_5982-2186-6494-2698,1,0,0,0,0,0,0,0,0
7RKWRQL99_604-2433-1116-2945,1,0,0,0,0,0,0,0,0
7RKWRQL99_5885-4080-6397-4592,1,0,0,0,0,0,0,0,0
7RKWRQL99_604-2945-1116-3457,1,0,0,0,0,0,0,0,0
7RKWRQL99_6220-2721-6732-3233,1,0,0,0,0,0,0,0,0
7RKWRQL99_6397-4080-6909-4592,1,0,0,0,0,0,0,0,0
7RKWRQL99_6397-3568-6909-4080,1,0,0,0,0,0,0,0,0
7RKWRQL99_6909-3056-7421-3568,1,0,0,0,0,0,0,0,0
7RKWRQL99_6370-2323-6882-2835,1,0,0,0,0,0,0,0,0
7RKWRQL99_6494-1162-7006-1674,1,0,0,0,0,0,0,0,0
7RKWRQL99_6882-2323-7394-2835,1,0,0,0,0,0,0,0,0
7RKWRQL99_6397-3056-6909-3568,1,0,0,0,0,0,0,0,0
7RKWRQL99_6909-4080-7421-4592,1,0,0,0,0,0,0,0,0
7RKWRQL99_6732-1697-7244-2209,1,0,0,0,0,0,0,0,0
7RKWRQL99_6732-2721-7244-3233,1,0,0,0,0,0,0,0,0
7RKWRQL99_7006-1674-7518-2186,1,0,0,0,0,0,0,0,0
7RKWRQL99_7394-2835-7906-3347,1,0,0,0,0,0,0,0,0
7RKWRQL99_7933-4080-8445-4592,1,0,0,0,0,0,0,0,0
7RKWRQL99_7421-4080-7933-4592,1,0,0,0,0,0,0,0,0
7RKWRQL99_7933-3056-8445-3568,1,0,0,0,0,0,0,0,0
7RKWRQL99_7518-2186-8030-2698,1,0,0,0,0,0,0,0,0
7RKWRQL99_8445-4080-8957-4592,1,0,0,0,0,0,0,0,0
7RKWRQL99_8542-2186-9054-2698,1,0,0,0,0,0,0,0,0
7RKWRQL99_8030-2186-8542-2698,1,0,0,0,0,0,0,0,0
7RKWRQL99_8957-4080-9469-4592,1,0,0,0,0,0,0,0,0
7RKWRQL99_8418-2835-8930-3347,1,0,0,0,0,0,0,0,0
7RKWRQL99_8542-650-9054-1162,1,0,0,0,0,0,0,0,0
7RKWRQL99_8930-2323-9442-2835,1,0,0,0,0,0,0,0,0
7RKWRQL99_9469-3056-9981-3568,1,0,0,0,0,0,0,0,0
7RKWRQL99_8957-3568-9469-4080,1,0,0,0,0,0,0,0,0
7RKWRQL99_8957-3056-9469-3568,1,0,0,0,0,0,0,0,0
7RKWRQL99_9054-650-9566-1162,1,0,0,0,0,0,0,0,0
7RKWRQL99_9469-3568-9981-4080,1,0,0,0,0,0,0,0,0
7RKWRQL99_9469-4080-9981-4592,1,0,0,0,0,0,0,0,0
7RKWRQL99_9566-2186-10078-2698,1,0,0,0,0,0,0,0,0
7RKWRQL99_9566-1674-10078-2186,1,0,0,0,0,0,0,0,0
7RKWRQL99_9566-650-10078-1162,1,0,0,0,0,0,0,0,0
7RKWRQL99_9954-2835-10466-3347,1,0,0,0,0,0,0,0,0
7RKWRQL99_9981-3568-10493-4080,1,0,0,0,0,0,0,0,0
7RNZCE64D_4324-6228-4836-6740,0,0,0,0,0,0,1,0,0
7RNZCE64D_4324-6740-4836-7252,0,0,0,0,0,0,1,0,0
7RKWRQL99_9981-4080-10493-4592,1,0,0,0,0,0,0,0,0
7RNZCE64D_3707-3935-4219-4447,0,0,0,0,0,0,1,0,0
7RNZCE64D_3812-5716-4324-6228,0,0,0,0,0,0,1,0,0
7RNZCE64D_10088-3304-10600-3816,0,0,0,0,0,0,1,0,0
7RNZCE64D_3812-5204-4324-5716,0,0,0,0,0,0,1,0,0
7RNZCE64D_4324-7252-4836-7764,0,0,0,0,0,0,1,0,0
7RNZCE64D_3707-4447-4219-4959,0,0,0,0,0,0,1,0,0
7RNZCE64D_5348-7764-5860-8276,0,0,0,0,0,0,1,0,0
7RNZCE64D_4836-7252-5348-7764,0,0,0,0,0,0,1,0,0
7RNZCE64D_3707-4959-4219-5471,0,0,0,0,0,0,1,0,0
7RNZCE64D_5860-7764-6372-8276,0,0,0,0,0,0,1,0,0
7RNZCE64D_5860-8788-6372-9300,0,0,0,0,0,0,1,0,0
7RNZCE64D_5860-8276-6372-8788,0,0,0,0,0,0,1,0,0
7RNZCE64D_6042-2553-6554-3065,0,0,0,0,0,0,1,0,0
7RNZCE64D_6554-2553-7066-3065,0,0,0,0,0,0,1,0,0
7RNZCE64D_7066-2553-7578-3065,0,0,0,0,0,0,1,0,0
7RNZCE64D_9576-3304-10088-3816,0,0,0,0,0,0,1,0,0
7RNZCE64D_8090-3065-8602-3577,0,0,0,0,0,0,1,0,0
7RNZCE64D_7578-3065-8090-3577,0,0,0,0,0,0,1,0,0
7TVJGQC17_1506-3069-2018-3581,0,0,0,0,0,0,0,0,1
7TVJGQC17_1767-3218-2279-3730,0,0,0,0,0,0,0,0,1
7RNZCE64D_7066-3065-7578-3577,0,0,0,0,0,0,1,0,0
7RPVHRBNY_2608-4785-3120-5297,0,0,0,1,0,0,0,0,0
7TVJGQC17_1740-5002-2252-5514,0,0,0,0,0,0,0,0,1
7TVJGQC17_1747-4343-2259-4855,0,0,0,0,0,0,0,0,1
7RVFDNR6Z_6118-367-6630-879,0,0,0,1,0,0,0,0,0
7RNZCE64D_8602-3065-9114-3577,0,0,0,0,0,0,1,0,0
7TVJGQC17_1926-9784-2438-10296,0,0,0,0,0,0,0,0,1
7TVJGQC17_2018-3069-2530-3581,0,0,0,0,0,0,0,0,1
7TVJGQC17_2841-9667-3353-10179,0,0,0,0,0,0,0,0,1
7TVJGQC17_2477-3052-2989-3564,0,0,0,0,0,0,0,0,1
7TVJGQC17_2929-6440-3441-6952,0,0,0,0,0,0,0,0,1
7TVJGQC17_3073-3461-3585-3973,0,0,0,0,0,0,0,0,1
7TVJGQC17_2929-6952-3441-7464,0,0,0,0,0,0,0,0,1
7TVJGQC17_5010-4859-5522-5371,0,0,0,0,0,0,0,0,1
7TVJGQC17_4219-7069-4731-7581,0,0,0,0,0,0,0,0,1
7TVJGQC17_4121-2717-4633-3229,0,0,0,0,0,0,0,0,1
7TVJGQC17_5006-2740-5518-3252,0,0,0,0,0,0,0,0,1
7TVJGQC17_4219-6557-4731-7069,0,0,0,0,0,0,0,0,1
7TVJGQC17_4649-2668-5161-3180,0,0,0,0,0,0,0,0,1
7TVJGQC17_5047-573-5559-1085,0,0,0,0,0,0,0,0,1
7TVJGQC17_5061-1429-5573-1941,0,0,0,0,0,0,0,0,1
7TVJGQC17_5061-1941-5573-2453,0,0,0,0,0,0,0,0,1
7TVJGQC17_3840-9523-4352-10035,0,0,0,0,0,0,0,0,1
7TVJGQC17_5061-917-5573-1429,0,0,0,0,0,0,0,0,1
7TVJGQC17_5061-2453-5573-2965,0,0,0,0,0,0,0,0,1
7TVJGQC17_5491-6308-6003-6820,0,0,0,0,0,0,0,0,1
7TVJGQC17_5322-2748-5834-3260,0,0,0,0,0,0,0,0,1
7TVJGQC17_5189-4665-5701-5177,0,0,0,0,0,0,0,0,1
7TVJGQC17_5721-6982-6233-7494,0,0,0,0,0,0,0,0,1
7TVJGQC17_6192-8381-6704-8893,0,0,0,0,0,0,0,0,1
7TVJGQC17_805-3406-1317-3918,0,0,0,0,0,0,0,0,1
7UWVWIH7K_330-4007-842-4519,1,0,0,0,0,0,0,0,0
7UPDUIJLA_1738-6558-2250-7070,0,0,1,0,0,0,0,0,0
7UPDUIJLA_1344-6576-1856-7088,0,0,1,0,0,0,0,0,0
7UWVWIH7K_1505-2199-2017-2711,1,0,0,0,0,0,0,0,0
7UPDUIJLA_949-6502-1461-7014,0,0,1,0,0,0,0,0,0
7UWVWIH7K_368-2648-880-3160,1,0,0,0,0,0,0,0,0
7TVJGQC17_805-3918-1317-4430,0,0,0,0,0,0,0,0,1
7UWVWIH7K_1505-2711-2017-3223,1,0,0,0,0,0,0,0,0
7UWVWIH7K_2160-2943-2672-3455,1,0,0,0,0,0,0,0,0
7UPDUIJLA_1717-6268-2229-6780,0,0,1,0,0,0,0,0,0
7UWVWIH7K_159-3463-671-3975,1,0,0,0,0,0,0,0,0
7UPDUIJLA_669-6437-1181-6949,0,0,1,0,0,0,0,0,0
7UWVWIH7K_481-2199-993-2711,1,0,0,0,0,0,0,0,0
7UWVWIH7K_3817-690-4329-1202,1,0,0,0,0,0,0,0,0
7UWVWIH7K_481-1687-993-2199,1,0,0,0,0,0,0,0,0
7UWVWIH7K_616-3963-1128-4475,1,0,0,0,0,0,0,0,0
7UWVWIH7K_898-1387-1410-1899,1,0,0,0,0,0,0,0,0
7UWVWIH7K_993-2199-1505-2711,1,0,0,0,0,0,0,0,0
7V3ZBRRVH_3019-20370-3531-20882,0,0,0,0,1,0,0,0,0
7V3ZBRRVH_2850-10801-3362-11313,0,0,0,0,1,0,0,0,0
7UWVWIH7K_993-2711-1505-3223,1,0,0,0,0,0,0,0,0
7V3ZBRRVH_1539-20392-2051-20904,0,0,0,0,1,0,0,0,0
7V3ZBRRVH_1923-20402-2435-20914,0,0,0,0,1,0,0,0,0
7V3ZBRRVH_1301-10826-1813-11338,0,0,0,0,1,0,0,0,0
7V3ZBRRVH_1164-19857-1676-20369,0,0,0,0,1,0,0,0,0
7V3ZBRRVH_1687-10837-2199-11349,0,0,0,0,1,0,0,0,0
7V3ZBRRVH_2315-20392-2827-20904,0,0,0,0,1,0,0,0,0
7V3ZBRRVH_2471-10826-2983-11338,0,0,0,0,1,0,0,0,0
7V3ZBRRVH_2705-20384-3217-20896,0,0,0,0,1,0,0,0,0
7V3ZBRRVH_2079-10836-2591-11348,0,0,0,0,1,0,0,0,0
7V3ZBRRVH_3531-20370-4043-20882,0,0,0,0,1,0,0,0,0
7V3ZBRRVH_3245-10805-3757-11317,0,0,0,0,1,0,0,0,0
7V3ZBRRVH_3627-10806-4139-11318,0,0,0,0,1,0,0,0,0
7V3ZBRRVH_4252-20336-4764-20848,0,0,0,0,1,0,0,0,0
7V3ZBRRVH_3859-20344-4371-20856,0,0,0,0,1,0,0,0,0
7V3ZBRRVH_4025-10794-4537-11306,0,0,0,0,1,0,0,0,0
7V3ZBRRVH_4408-10800-4920-11312,0,0,0,0,1,0,0,0,0
7V3ZBRRVH_4644-20326-5156-20838,0,0,0,0,1,0,0,0,0
7V3ZBRRVH_5793-20292-6305-20804,0,0,0,0,1,0,0,0,0
7V3ZBRRVH_4804-10804-5316-11316,0,0,0,0,1,0,0,0,0
7V3ZBRRVH_5415-20309-5927-20821,0,0,0,0,1,0,0,0,0
7V3ZBRRVH_5015-20313-5527-20825,0,0,0,0,1,0,0,0,0
7V3ZBRRVH_5606-10794-6118-11306,0,0,0,0,1,0,0,0,0
7V3ZBRRVH_6299-10877-6811-11389,0,0,0,0,1,0,0,0,0
7V3ZBRRVH_6587-10765-7099-11277,0,0,0,0,1,0,0,0,0
7V3ZBRRVH_5200-10799-5712-11311,0,0,0,0,1,0,0,0,0
7V3ZBRRVH_5994-10791-6506-11303,0,0,0,0,1,0,0,0,0
7V3ZBRRVH_6620-20282-7132-20794,0,0,0,0,1,0,0,0,0
7V3ZBRRVH_7132-20282-7644-20794,0,0,0,0,1,0,0,0,0
7V3ZBRRVH_6990-10758-7502-11270,0,0,0,0,1,0,0,0,0
7WJP9GDDU_1891-4274-2403-4786,0,0,0,0,0,0,1,0,0
7WJP9GDDU_1891-4786-2403-5298,0,0,0,0,0,0,1,0,0
7WJP9GDDU_2403-3762-2915-4274,0,0,0,0,0,0,1,0,0
7WJP9GDDU_2403-4274-2915-4786,0,0,0,0,0,0,1,0,0
7XE36TP3N_3462-575-3974-1087,0,0,1,0,0,0,0,0,0
7WRXMN2XT_2631-2340-3143-2852,0,0,0,0,0,1,0,0,0
7WRXMN2XT_2410-2500-2922-3012,0,0,0,0,0,1,0,0,0
7XE36TP3N_2994-555-3506-1067,0,0,1,0,0,0,0,0,0
7WRXMN2XT_753-2955-1265-3467,0,0,0,0,0,1,0,0,0
7WRXMN2XT_464-2959-976-3471,0,0,0,0,0,1,0,0,0
7XE36TP3N_3765-737-4277-1249,0,0,1,0,0,0,0,0,0
7XE36TP3N_3222-698-3734-1210,0,0,1,0,0,0,0,0,0
7WRXMN2XT_1096-2949-1608-3461,0,0,0,0,0,1,0,0,0
7WRXMN2XT_4754-2896-5266-3408,0,0,0,0,0,1,0,0,0
7XE36TP3N_3465-922-3977-1434,0,0,1,0,0,0,0,0,0
7XE36TP3N_4038-548-4550-1060,0,0,1,0,0,0,0,0,0
7XE36TP3N_4313-916-4825-1428,0,0,1,0,0,0,0,0,0
7XE36TP3N_5252-891-5764-1403,0,0,1,0,0,0,0,0,0
7XM38FLV7_2923-5300-3435-5812,0,0,0,1,0,0,0,0,0
7XM38FLV7_3947-5300-4459-5812,0,0,0,1,0,0,0,0,0
7XM38FLV7_2411-5300-2923-5812,0,0,0,1,0,0,0,0,0
7XM38FLV7_3435-5300-3947-5812,0,0,0,1,0,0,0,0,0
7Y6HFZ7XD_788-2035-1300-2547,0,1,0,0,0,0,0,0,0
7Y6HFZ7XD_8529-4488-9041-5000,0,0,0,0,0,0,0,0,1
7Y6HFZ7XD_691-2737-1203-3249,0,1,0,0,0,0,0,0,0
7Y6HFZ7XD_8438-3664-8950-4176,0,1,0,0,0,0,0,0,0
7XM38FLV7_4971-5300-5483-5812,0,0,0,1,0,0,0,0,0
7Z7ZEJQ3L_3751-1922-4263-2434,1,0,0,0,0,0,0,0,0
7ZE832A3G_5383-4188-5895-4700,0,0,0,0,0,0,1,0,0
7Y6HFZ7XD_661-4101-1173-4613,0,0,0,0,0,0,0,0,1
7XM38FLV7_4459-5300-4971-5812,0,0,0,1,0,0,0,0,0
7Z7ZEJQ3L_3779-1589-4291-2101,1,0,0,0,0,0,0,0,0
7ZE832A3G_5922-3934-6434-4446,0,0,0,0,0,0,1,0,0
7ZE832A3G_6154-1101-6666-1613,0,0,0,0,0,0,1,0,0
7ZE832A3G_6154-3661-6666-4173,0,0,0,0,0,0,1,0,0
7ZE832A3G_6154-1613-6666-2125,0,0,0,0,0,0,1,0,0
7ZE832A3G_6154-3149-6666-3661,0,0,0,0,0,0,1,0,0
7ZE832A3G_6154-2125-6666-2637,0,0,0,0,0,0,1,0,0
7ZE832A3G_6154-2637-6666-3149,0,0,0,0,0,0,1,0,0
7ZM2PQGEF_2716-5077-3228-5589,0,0,0,0,1,0,0,0,0
7ZJ18TYJ3_11473-2931-11985-3443,0,1,0,0,0,0,0,0,0
7ZM2PQGEF_3055-4771-3567-5283,0,0,0,0,1,0,0,0,0
7ZM2PQGEF_4089-426-4601-938,0,0,0,0,1,0,0,0,0
7ZM2PQGEF_4422-2721-4934-3233,0,0,0,0,1,0,0,0,0
7ZJ18TYJ3_15581-3403-16093-3915,0,1,0,0,0,0,0,0,0
7ZE832A3G_6154-589-6666-1101,0,0,0,0,0,0,1,0,0
7ZJ18TYJ3_11473-3443-11985-3955,0,1,0,0,0,0,0,0,0
7ZM2PQGEF_4601-426-5113-938,0,0,0,0,1,0,0,0,0
7ZM2PQGEF_4245-4163-4757-4675,0,0,0,0,1,0,0,0,0
7ZM2PQGEF_4601-938-5113-1450,0,0,0,0,1,0,0,0,0
7ZM2PQGEF_3512-4457-4024-4969,0,0,0,0,1,0,0,0,0
7ZM2PQGEF_4827-3273-5339-3785,0,0,0,0,1,0,0,0,0
7ZM2PQGEF_5089-4023-5601-4535,0,0,0,0,1,0,0,0,0
7ZM2PQGEF_5068-4680-5580-5192,0,0,0,0,1,0,0,0,0
7ZM2PQGEF_5076-5001-5588-5513,0,0,0,0,1,0,0,0,0
7ZM2PQGEF_5084-5642-5596-6154,0,0,0,0,1,0,0,0,1
7ZM2PQGEF_5091-5321-5603-5833,0,0,0,0,1,0,0,0,0
7ZPB682M2_2854-5749-3366-6261,0,0,1,0,0,0,0,0,0
7ZPEF2GAN_1327-5881-1839-6393,0,0,0,0,0,1,0,0,0
7ZPEF2GAN_1039-5108-1551-5620,0,0,0,0,0,0,0,0,1
7ZPEF2GAN_1932-4132-2444-4644,0,0,0,0,0,1,0,0,0
7ZPEF2GAN_1420-4132-1932-4644,0,0,0,0,0,1,0,0,0
7ZM2PQGEF_701-5450-1213-5962,0,0,0,0,1,0,0,0,0
7ZPEF2GAN_1839-5881-2351-6393,0,0,0,0,0,1,0,0,0
7ZPEF2GAN_229-5945-741-6457,0,0,0,0,0,1,0,0,0
7ZM2PQGEF_5101-4347-5613-4859,0,0,0,0,1,0,0,0,0
7ZPEF2GAN_2351-5881-2863-6393,0,0,0,0,0,1,0,0,0
7ZPEF2GAN_271-1299-783-1811,0,0,0,0,1,1,0,0,0
7ZPEF2GAN_2706-5937-3218-6449,0,0,0,0,0,1,0,0,0
7ZPEF2GAN_271-1811-783-2323,0,0,0,0,1,1,0,0,0
7ZPEF2GAN_271-275-783-787,0,0,0,0,1,1,0,0,0
7ZPEF2GAN_271-2323-783-2835,0,0,0,0,1,1,0,0,0
7ZPEF2GAN_271-2835-783-3347,0,0,0,0,1,1,0,0,0
7ZPEF2GAN_271-3347-783-3859,0,0,0,0,1,1,0,0,0
7ZPEF2GAN_271-3859-783-4371,0,0,0,0,1,1,0,0,0
7ZPEF2GAN_4361-448-4873-960,0,0,0,0,0,1,0,0,0
7ZPEF2GAN_4242-5937-4754-6449,0,0,0,0,0,1,0,0,0
7ZPEF2GAN_3730-5937-4242-6449,0,0,0,0,0,1,0,0,0
7ZPEF2GAN_4754-5937-5266-6449,0,0,0,0,0,1,0,0,0
7ZPEF2GAN_3218-5937-3730-6449,0,0,0,0,0,1,0,0,0
7ZPEF2GAN_271-787-783-1299,0,0,0,0,1,1,0,0,0
7ZPEF2GAN_4361-960-4873-1472,0,0,0,0,1,1,0,0,0
7ZPEF2GAN_396-4132-908-4644,0,0,0,0,0,1,0,0,1
7ZPEF2GAN_4811-1701-5323-2213,0,0,0,0,1,1,0,0,0
7ZPEF2GAN_4811-1189-5323-1701,0,0,0,0,1,1,0,0,0
7ZPEF2GAN_4811-2213-5323-2725,0,0,0,0,1,1,0,0,0
7ZPEF2GAN_4811-2725-5323-3237,0,0,0,0,1,1,0,0,0
7ZPEF2GAN_4811-3237-5323-3749,0,0,0,0,1,1,0,0,0
7ZPEF2GAN_5294-3570-5806-4082,0,0,0,0,0,1,0,0,0
7ZPEF2GAN_5778-5937-6290-6449,0,0,0,0,0,1,0,0,0
7ZPEF2GAN_4811-3749-5323-4261,0,0,0,0,1,1,0,0,0
7ZPEF2GAN_5388-429-5900-941,0,0,0,0,0,1,0,0,0
7ZPEF2GAN_5266-5937-5778-6449,0,0,0,0,0,1,0,0,0
7ZPEF2GAN_741-5945-1253-6457,0,0,0,0,0,1,0,0,0
7ZPLDGYBK_1963-9285-2475-9797,1,0,0,0,0,0,0,0,0
7ZPLDGYBK_1133-8685-1645-9197,1,0,0,0,0,0,0,0,0
7ZPLDGYBK_2239-908-2751-1420,1,0,0,0,0,0,0,0,0
7ZPLDGYBK_1133-8173-1645-8685,1,0,0,0,0,0,0,0,0
7ZPLDGYBK_1451-9285-1963-9797,1,0,0,0,0,0,0,0,0
7ZPEF2GAN_5900-429-6412-941,0,0,0,0,0,1,0,0,0
7ZPEF2GAN_908-4132-1420-4644,0,0,0,0,0,1,0,0,0
7ZPEF2GAN_5897-816-6409-1328,0,0,0,0,0,1,0,0,0
7ZPLDGYBK_2386-8285-2898-8797,1,0,0,0,0,0,0,0,0
7ZPLDGYBK_2751-908-3263-1420,1,0,0,0,0,0,0,0,0
7ZPLDGYBK_2898-7773-3410-8285,1,0,0,0,0,0,0,0,0
7ZPLDGYBK_2898-8285-3410-8797,1,0,0,0,0,0,0,0,0
7ZPLDGYBK_4631-5625-5143-6137,1,0,0,0,0,0,0,0,0
7ZPLDGYBK_3410-7773-3922-8285,1,0,0,0,0,0,0,0,0
7ZPLDGYBK_3420-9090-3932-9602,1,0,0,0,0,0,0,0,0
7ZPLDGYBK_4598-8783-5110-9295,1,0,0,0,0,0,0,0,0
7ZPLDGYBK_3117-5055-3629-5567,1,0,0,0,0,0,0,0,0
7ZPLDGYBK_4631-6137-5143-6649,1,0,0,0,0,0,0,0,0
7ZPLDGYBK_5110-8783-5622-9295,1,0,0,0,0,0,0,0,0
7ZPLDGYBK_5286-1153-5798-1665,1,0,0,0,0,0,0,0,0
7ZPLDGYBK_5143-5625-5655-6137,1,0,0,0,0,0,0,0,0
7ZPLDGYBK_5523-9508-6035-10020,1,0,0,0,0,0,0,0,0
7ZPLDGYBK_5143-6137-5655-6649,1,0,0,0,0,0,0,0,0
7ZPLDGYBK_5779-5448-6291-5960,1,0,0,0,0,0,0,0,0
7ZPLDGYBK_5675-8693-6187-9205,1,0,0,0,0,0,0,0,0
7ZPLDGYBK_5779-5960-6291-6472,1,0,0,0,0,0,0,0,0
7ZPLDGYBK_6657-5481-7169-5993,1,0,0,0,0,0,0,0,0
7ZPLDGYBK_6107-9436-6619-9948,1,0,0,0,0,0,0,0,0
7ZPLDGYBK_6619-9436-7131-9948,1,0,0,0,0,0,0,0,0
81RX2NHYM_898-4503-1410-5015,0,0,0,0,1,0,0,0,0
7ZPLDGYBK_6679-7220-7191-7732,1,0,0,0,0,0,0,0,0
81RX2NHYM_458-353-970-865,0,0,0,0,1,0,0,0,0
7ZPLDGYBK_6679-7732-7191-8244,1,0,0,0,0,0,0,0,0
81RX2NHYM_1831-210-2343-722,0,0,0,0,1,0,0,0,0
81RX2NHYM_358-4508-870-5020,0,0,0,0,1,0,0,0,0
821PN4682_1466-5794-1978-6306,0,1,0,0,0,0,0,0,0
821PN4682_1371-3855-1883-4367,0,1,0,0,0,0,0,0,0
821PN4682_1466-6818-1978-7330,0,1,0,0,0,0,0,0,0
821PN4682_1371-4367-1883-4879,0,1,0,0,0,0,0,0,0
821PN4682_1542-7438-2054-7950,0,1,0,0,0,0,0,0,0
821PN4682_1466-6306-1978-6818,0,1,0,0,0,0,0,0,0
821PN4682_11331-7553-11843-8065,0,1,0,0,0,0,0,0,0
821PN4682_1542-7950-2054-8462,0,1,0,0,0,0,0,0,0
821PN4682_1883-3855-2395-4367,0,1,0,0,0,0,0,0,0
821PN4682_1978-6306-2490-6818,0,1,0,0,0,0,0,0,0
821PN4682_1883-4367-2395-4879,0,1,0,0,0,0,0,0,0
821PN4682_1978-5794-2490-6306,0,1,0,0,0,0,0,0,0
821PN4682_2395-4367-2907-4879,0,1,0,0,0,0,0,0,0
821PN4682_2395-3855-2907-4367,0,1,0,0,0,0,0,0,0
821PN4682_2566-7438-3078-7950,0,1,0,0,0,0,0,0,0
821PN4682_1978-6818-2490-7330,0,1,0,0,0,0,0,0,0
821PN4682_2054-7950-2566-8462,0,1,0,0,0,0,0,0,0
821PN4682_2054-7438-2566-7950,0,1,0,0,0,0,0,0,0
821PN4682_2724-1001-3236-1513,0,1,0,0,0,0,0,0,0
821PN4682_3236-489-3748-1001,0,1,0,0,0,0,0,0,0
821PN4682_2907-4367-3419-4879,0,1,0,0,0,0,0,0,0
821PN4682_3236-1001-3748-1513,0,1,0,0,0,0,0,0,0
821PN4682_2965-3075-3477-3587,0,1,0,0,0,0,0,0,0
821PN4682_3477-3075-3989-3587,0,1,0,0,0,0,0,0,0
821PN4682_2724-489-3236-1001,0,1,0,0,0,0,0,0,0
821PN4682_2724-1513-3236-2025,0,1,0,0,0,0,0,0,0
821PN4682_3748-489-4260-1001,0,1,0,0,0,0,0,0,0
821PN4682_3748-1001-4260-1513,0,1,0,0,0,0,0,0,0
821PN4682_3989-1539-4501-2051,0,1,0,0,0,0,0,0,0
821PN4682_3989-2051-4501-2563,0,1,0,0,0,0,0,0,0
821PN4682_3989-3075-4501-3587,0,1,0,0,0,0,0,0,0
821PN4682_4501-1539-5013-2051,0,1,0,0,0,0,0,0,0
821PN4682_3989-2563-4501-3075,0,1,0,0,0,0,0,0,0
821PN4682_4470-4787-4982-5299,0,1,0,0,0,0,0,0,0
821PN4682_4470-5299-4982-5811,0,1,0,0,0,0,0,0,0
821PN4682_5013-1539-5525-2051,0,1,0,0,0,0,0,0,0
821PN4682_4608-8379-5120-8891,0,1,0,0,0,0,0,0,0
821PN4682_4982-5299-5494-5811,0,1,0,0,0,0,0,0,0
821PN4682_4501-2563-5013-3075,0,1,0,0,0,0,0,0,0
821PN4682_4982-4787-5494-5299,0,1,0,0,0,0,0,0,0
821PN4682_4982-5811-5494-6323,0,1,0,0,0,0,0,0,0
821PN4682_5013-2051-5525-2563,0,1,0,0,0,0,0,0,0
821PN4682_5103-7898-5615-8410,0,1,0,0,0,0,0,0,0
821PN4682_4501-2051-5013-2563,0,1,0,0,0,0,0,0,0
821PN4682_5494-5299-6006-5811,0,1,0,0,0,0,0,0,0
821PN4682_6054-701-6566-1213,0,1,0,0,0,0,0,0,0
821PN4682_5494-5811-6006-6323,0,1,0,0,0,0,0,0,0
821PN4682_6006-5811-6518-6323,0,1,0,0,0,0,0,0,0
821PN4682_6857-4320-7369-4832,0,1,0,0,0,0,0,0,0
821PN4682_6566-701-7078-1213,0,1,0,0,0,0,0,0,0
821PN4682_731-7372-1243-7884,0,1,0,0,0,0,0,0,0
821PN4682_6610-7844-7122-8356,0,1,0,0,0,0,0,0,0
821PN4682_6857-4832-7369-5344,0,1,0,0,0,0,0,0,0
821PN4682_7320-492-7832-1004,0,1,0,0,0,0,0,0,0
821PN4682_7881-3808-8393-4320,0,1,0,0,0,0,0,0,0
821PN4682_7589-8274-8101-8786,0,1,0,0,0,0,0,0,0
821PN4682_7881-4320-8393-4832,0,1,0,0,0,0,0,0,0
821PN4682_7369-4320-7881-4832,0,1,0,0,0,0,0,0,0
821PN4682_7369-3808-7881-4320,0,1,0,0,0,0,0,0,0
821PN4682_7369-4832-7881-5344,0,1,0,0,0,0,0,0,0
821PN4682_7543-6915-8055-7427,0,1,0,0,0,0,0,0,0
821PN4682_7884-1302-8396-1814,0,1,0,0,0,0,0,0,0
821PN4682_8055-6915-8567-7427,0,1,0,0,0,0,0,0,0
821PN4682_7897-7231-8409-7743,0,1,0,0,0,0,0,0,0
821PN4682_7884-790-8396-1302,0,1,0,0,0,0,0,0,0
821PN4682_8055-6403-8567-6915,0,1,0,0,0,0,0,0,0
821PN4682_8567-5379-9079-5891,0,1,0,0,0,0,0,0,0
821PN4682_8318-488-8830-1000,0,1,0,0,0,0,0,0,0
821PN4682_8396-790-8908-1302,0,1,0,0,0,0,0,0,0
821PN4682_8567-6403-9079-6915,0,1,0,0,0,0,0,0,0
821PN4682_8409-7231-8921-7743,0,1,0,0,0,0,0,0,0
821PN4682_8567-5891-9079-6403,0,1,0,0,0,0,0,0,0
821PN4682_8567-6915-9079-7427,0,1,0,0,0,0,0,0,0
821PN4682_854-4905-1366-5417,0,1,0,0,0,0,0,0,0
82AF91X6M_11264-5685-11776-6197,0,0,0,0,0,1,0,0,0
82AF91X6M_11654-2640-12166-3152,0,0,1,0,0,0,0,0,0
821PN4682_954-6818-1466-7330,0,1,0,0,0,0,0,0,0
82AF91X6M_1325-4893-1837-5405,0,0,1,0,0,0,0,0,0
82AF91X6M_1837-4893-2349-5405,0,0,1,0,0,0,0,0,0
82AF91X6M_4337-2878-4849-3390,0,0,1,0,0,0,0,0,0
82AF91X6M_2349-4381-2861-4893,0,0,1,0,0,0,0,0,0
82AF91X6M_3825-2878-4337-3390,0,0,1,0,0,0,0,0,0
82AF91X6M_1837-4381-2349-4893,0,0,1,0,0,0,0,0,0
82AF91X6M_4337-2366-4849-2878,0,0,1,0,0,0,0,0,0
82AF91X6M_4732-4792-5244-5304,0,0,1,0,0,0,0,0,0
82AF91X6M_4849-2366-5361-2878,0,0,1,0,0,0,0,0,0
82AF91X6M_6527-2158-7039-2670,0,0,1,0,0,0,0,0,0
82AF91X6M_4466-4979-4978-5491,0,0,1,0,0,0,0,0,0
82AF91X6M_6527-1646-7039-2158,0,0,1,0,0,0,0,0,0
82AF91X6M_6015-2158-6527-2670,0,0,1,0,0,0,0,0,0
82AF91X6M_4991-2158-5503-2670,0,0,1,0,0,0,0,0,0
82AF91X6M_5503-2158-6015-2670,0,0,1,0,0,0,0,0,0
82AF91X6M_4849-2878-5361-3390,0,0,1,0,0,0,0,0,0
82AF91X6M_813-4893-1325-5405,0,0,1,0,0,0,0,0,0
82AF91X6M_6703-2704-7215-3216,0,0,1,0,0,0,0,0,0
82AF91X6M_7378-950-7890-1462,0,0,0,0,0,1,0,0,0
82HJ36JG7_1386-1330-1898-1842,0,1,0,0,0,0,0,0,0
82HJ36JG7_3163-1800-3675-2312,0,1,0,0,0,0,0,0,0
82HJ36JG7_1365-549-1877-1061,0,1,0,0,0,0,0,0,0
82HJ36JG7_3529-397-4041-909,0,1,0,0,0,0,0,0,0
82HJ36JG7_3675-1800-4187-2312,0,1,0,0,0,0,0,0,0
82HJ36JG7_3529-909-4041-1421,0,1,0,0,0,0,0,0,0
82HJ36JG7_4187-1800-4699-2312,0,1,0,0,0,0,0,0,0
82HJ36JG7_4517-360-5029-872,0,1,0,0,0,0,0,0,0
82HJ36JG7_4517-1896-5029-2408,0,1,0,0,0,0,0,0,0
82HJ36JG7_4187-2312-4699-2824,0,1,0,0,0,0,0,0,0
82HJ36JG7_4612-2207-5124-2719,0,1,0,0,0,0,0,0,0
82HJ36JG7_4041-909-4553-1421,0,1,0,0,0,0,0,0,0
82HJ36JG7_4517-1384-5029-1896,0,1,0,0,0,0,0,0,0
82HJ36JG7_4041-397-4553-909,0,1,0,0,0,0,0,0,0
82HJ36JG7_4517-872-5029-1384,0,1,0,0,0,0,0,0,0
82HJ36JG7_5029-1384-5541-1896,0,1,0,0,0,0,0,0,0
82HJ36JG7_5029-1896-5541-2408,0,1,0,0,0,0,0,0,0
82HJ36JG7_5029-360-5541-872,0,1,0,0,0,0,0,0,0
82HJ36JG7_5124-2207-5636-2719,0,1,0,0,0,0,0,0,0
82HJ36JG7_5029-872-5541-1384,0,1,0,0,0,0,0,0,0
82HJ36JG7_5541-2408-6053-2920,0,1,0,0,0,0,0,0,0
82HJ36JG7_5541-1896-6053-2408,0,1,0,0,0,0,0,0,0
82HJ36JG7_5887-2677-6399-3189,0,1,0,0,0,0,0,0,0
82HJ36JG7_6053-1896-6565-2408,0,1,0,0,0,0,0,0,0
82HJ36JG7_6581-527-7093-1039,0,1,0,0,0,0,0,0,0
82HJ36JG7_6053-2408-6565-2920,0,1,0,0,0,0,0,0,0
82HJ36JG7_6565-1896-7077-2408,0,1,0,0,0,0,0,0,0
82HJ36JG7_6565-1384-7077-1896,0,1,0,0,0,0,0,0,0
82HJ36JG7_6053-872-6565-1384,0,1,0,0,0,0,1,0,0
82HJ36JG7_7514-2437-8026-2949,0,1,0,0,0,0,0,0,0
82HJ36JG7_6060-551-6572-1063,0,1,0,0,0,0,1,0,0
82HJ36JG7_6565-872-7077-1384,0,1,0,0,0,0,1,0,0
82HJ36JG7_6565-2408-7077-2920,0,1,0,0,0,0,0,0,0
82HJ36JG7_7638-1421-8150-1933,0,1,0,0,0,0,0,0,0
82HJ36JG7_7645-2685-8157-3197,0,1,0,0,0,0,0,0,0
82NM7BTJT_7987-11531-8499-12043,0,0,0,0,0,0,0,0,1
82HJ36JG7_8150-1421-8662-1933,0,1,0,0,0,0,0,0,0
83G1D2K47_1976-235-2488-747,0,0,1,0,0,0,0,0,0
82HJ36JG7_8012-2466-8524-2978,0,1,0,0,0,0,0,0,0
83G1D2K47_2000-2106-2512-2618,0,0,1,0,0,0,0,0,0
83G1D2K47_2241-209-2753-721,0,0,1,0,0,0,0,0,0
83G1D2K47_2349-1755-2861-2267,0,0,1,0,0,0,0,0,0
83G1D2K47_2511-1458-3023-1970,0,0,1,0,0,0,0,0,0
843FYXCMZ_1233-840-1745-1352,0,1,0,0,0,0,0,0,0
843FYXCMZ_2672-8388-3184-8900,0,1,0,0,0,0,0,0,0
83MQIPF66_2224-15474-2736-15986,0,0,0,0,0,0,0,0,1
843FYXCMZ_4321-8188-4833-8700,0,1,0,0,0,0,0,0,0
843FYXCMZ_697-5359-1209-5871,0,1,0,0,0,0,0,0,0
83MQIPF66_6498-5208-7010-5720,0,0,0,0,0,0,0,0,1
843FYXCMZ_736-8311-1248-8823,0,1,0,0,0,0,0,0,0
843FYXCMZ_4379-758-4891-1270,0,1,0,0,0,0,0,0,0
843FYXCMZ_769-6441-1281-6953,0,1,0,0,0,0,0,0,0
843FYXCMZ_941-3525-1453-4037,0,1,0,0,0,0,0,0,0
843FYXCMZ_941-1477-1453-1989,0,1,0,0,0,0,0,0,0
843FYXCMZ_941-4037-1453-4549,0,1,0,0,0,0,0,0,0
843FYXCMZ_941-1989-1453-2501,0,1,0,0,0,0,0,0,0
843FYXCMZ_941-2501-1453-3013,0,1,0,0,0,0,0,0,0
843FYXCMZ_941-3013-1453-3525,0,1,0,0,0,0,0,0,0
843FYXCMZ_941-5061-1453-5573,0,1,0,0,0,0,0,0,0
843FYXCMZ_941-4549-1453-5061,0,1,0,0,0,0,0,0,0
843FYXCMZ_941-965-1453-1477,0,1,0,0,0,0,0,0,0
86LYFYC79_2967-837-3479-1349,0,0,1,0,0,0,0,0,0
84EJBCQ2T_2067-3541-2579-4053,0,0,0,1,0,0,0,0,0
86LYFYC79_1918-680-2430-1192,0,0,1,0,0,0,0,0,0
86LYFYC79_1940-1316-2452-1828,0,0,1,0,0,0,0,0,0
86LYFYC79_2254-618-2766-1130,0,0,1,0,0,0,0,0,0
86LYFYC79_2162-849-2674-1361,0,0,1,0,0,0,0,0,0
86ZEPF6NR_1042-794-1554-1306,0,0,0,0,0,1,0,0,0
883R2ZBHH_1619-5474-2131-5986,0,0,0,0,0,0,1,0,0
883R2ZBHH_2131-4962-2643-5474,0,0,0,0,0,0,1,0,0
883R2ZBHH_2131-5474-2643-5986,0,0,0,0,0,0,1,0,0
883R2ZBHH_2643-4962-3155-5474,0,0,0,0,0,0,1,0,0
883R2ZBHH_2844-4729-3356-5241,0,0,0,0,0,0,1,0,0
883R2ZBHH_3356-4729-3868-5241,0,0,0,0,0,0,1,0,0
88W6LBNA8_1180-631-1692-1143,0,0,0,0,1,0,0,0,0
88W6LBNA8_1019-2869-1531-3381,0,0,0,0,1,0,0,0,0
88W6LBNA8_1512-634-2024-1146,0,0,0,0,1,0,0,0,0
88W6LBNA8_1824-636-2336-1148,0,0,0,0,1,0,0,0,0
88W6LBNA8_3263-4308-3775-4820,0,0,0,0,1,0,0,0,0
88W6LBNA8_3091-630-3603-1142,0,0,0,0,1,0,0,0,0
88W6LBNA8_2461-634-2973-1146,0,0,0,0,1,0,0,0,0
88W6LBNA8_2135-630-2647-1142,0,0,0,0,1,0,0,0,0
88W6LBNA8_2740-3374-3252-3886,0,0,0,0,1,0,0,0,0
88W6LBNA8_3405-627-3917-1139,0,0,0,0,1,0,0,0,0
88W6LBNA8_2771-626-3283-1138,0,0,0,0,1,0,0,0,0
88W6LBNA8_3610-4254-4122-4766,0,0,0,0,1,0,0,0,0
88W6LBNA8_4347-620-4859-1132,0,0,0,0,1,0,0,0,0
88W6LBNA8_4022-630-4534-1142,0,0,0,0,1,0,0,0,0
88W6LBNA8_3731-622-4243-1134,0,0,0,0,1,0,0,0,0
89JJTDDKK_7938-2861-8450-3373,0,0,0,0,0,0,0,0,1
89JJTDDKK_898-2621-1410-3133,0,0,0,0,0,0,0,0,1
89WR8YQ47_1025-8818-1537-9330,0,0,0,0,0,1,0,0,0
89WR8YQ47_10356-2993-10868-3505,0,0,0,0,0,1,0,0,0
89WR8YQ47_1073-4284-1585-4796,0,0,0,0,0,1,0,0,0
89WR8YQ47_10832-3281-11344-3793,0,0,1,0,0,1,0,0,0
89WR8YQ47_11005-5223-11517-5735,0,0,1,0,0,0,0,0,0
89WR8YQ47_11314-6024-11826-6536,0,0,0,0,0,1,0,0,0
89WR8YQ47_11320-2961-11832-3473,0,0,0,0,0,1,0,0,0
89WR8YQ47_11734-3960-12246-4472,0,0,1,0,0,0,0,0,0
89WR8YQ47_11415-8331-11927-8843,0,0,0,0,0,1,0,0,0
89WR8YQ47_11009-3459-11521-3971,0,0,1,0,0,1,0,0,0
89WR8YQ47_1154-8424-1666-8936,0,0,0,0,0,1,0,0,0
89WR8YQ47_11701-736-12213-1248,0,0,0,0,0,1,0,0,0
89WR8YQ47_11415-7819-11927-8331,0,0,0,0,0,1,0,0,0
89WR8YQ47_1212-4669-1724-5181,0,0,0,0,0,1,0,0,0
89WR8YQ47_1215-3828-1727-4340,0,0,0,0,0,1,0,0,0
89WR8YQ47_12000-3993-12512-4505,0,0,1,0,0,0,0,0,0
89WR8YQ47_1198-5429-1710-5941,0,0,0,0,0,1,0,0,0
89WR8YQ47_1174-13688-1686-14200,0,0,0,0,0,1,0,0,0
89WR8YQ47_11872-13153-12384-13665,0,0,1,0,0,0,0,0,0
89WR8YQ47_1216-15256-1728-15768,0,0,0,0,0,1,0,0,0
89WR8YQ47_1236-11171-1748-11683,0,0,0,0,0,1,0,0,0
89WR8YQ47_1236-11683-1748-12195,0,0,0,0,0,1,0,0,0
89WR8YQ47_1239-12054-1751-12566,0,0,0,0,0,1,0,0,0
89WR8YQ47_1356-14236-1868-14748,0,0,0,0,0,1,0,0,0
89WR8YQ47_1267-13113-1779-13625,0,0,0,0,0,1,0,0,0
89WR8YQ47_1272-16574-1784-17086,0,0,0,0,0,1,0,0,0
89WR8YQ47_1272-15550-1784-16062,0,0,0,0,0,1,0,0,0
89WR8YQ47_1239-12566-1751-13078,0,0,0,0,0,1,0,0,0
89WR8YQ47_1272-16062-1784-16574,0,0,0,0,0,1,0,0,0
89WR8YQ47_1503-14477-2015-14989,0,0,0,0,0,1,0,0,0
89WR8YQ47_1276-14661-1788-15173,0,0,0,0,0,1,0,0,0
89WR8YQ47_15230-16418-15742-16930,0,0,0,0,0,1,0,0,0
89WR8YQ47_15231-16026-15743-16538,0,0,0,0,0,1,0,0,0
89WR8YQ47_15240-13865-15752-14377,0,0,0,0,0,1,0,0,0
89WR8YQ47_15243-14841-15755-15353,0,0,0,0,0,1,0,0,0
89WR8YQ47_15243-14329-15755-14841,0,0,0,0,0,1,0,0,0
89WR8YQ47_15243-15353-15755-15865,0,0,0,0,0,1,0,0,0
89WR8YQ47_15250-15635-15762-16147,0,0,0,0,0,1,0,0,0
89WR8YQ47_15605-13583-16117-14095,0,0,1,0,0,1,0,0,0
89WR8YQ47_1619-15703-2131-16215,0,0,1,0,0,1,0,0,0
89WR8YQ47_1619-16215-2131-16727,0,0,1,0,0,1,0,0,0
89WR8YQ47_1866-13943-2378-14455,0,0,0,0,0,1,0,0,0
89WR8YQ47_3856-10308-4368-10820,0,0,1,0,0,1,0,0,0
89WR8YQ47_2065-15880-2577-16392,0,0,1,0,0,1,0,0,0
89WR8YQ47_3856-10820-4368-11332,0,0,1,0,0,0,0,0,0
89WR8YQ47_3856-9796-4368-10308,0,0,1,0,0,1,0,0,0
89WR8YQ47_1646-14071-2158-14583,0,0,0,0,0,1,0,0,0
89WR8YQ47_1619-16727-2131-17239,0,0,0,0,0,1,0,0,0
89WR8YQ47_1818-17089-2330-17601,0,0,0,0,0,1,0,0,0
89WR8YQ47_3988-7028-4500-7540,0,0,1,0,0,0,0,0,0
89WR8YQ47_4017-7844-4529-8356,0,0,1,0,0,0,0,0,0
89WR8YQ47_4368-9796-4880-10308,0,0,1,0,0,1,0,0,0
89WR8YQ47_4369-15377-4881-15889,0,0,0,0,0,1,0,0,0
89WR8YQ47_4368-10820-4880-11332,0,0,1,0,0,1,0,0,0
89WR8YQ47_4616-15933-5128-16445,0,0,0,0,0,1,0,0,0
89WR8YQ47_4799-16878-5311-17390,0,0,0,0,0,1,0,0,0
89WR8YQ47_4880-9796-5392-10308,0,0,1,0,0,1,0,0,0
89WR8YQ47_4885-15418-5397-15930,0,0,0,0,0,1,0,0,0
89WR8YQ47_4880-10820-5392-11332,0,0,1,0,0,1,0,0,0
89WR8YQ47_5006-16652-5518-17164,0,0,0,0,0,1,0,0,0
89WR8YQ47_5006-15628-5518-16140,0,0,0,0,0,1,0,0,0
89WR8YQ47_5006-16140-5518-16652,0,0,0,0,0,1,0,0,0
89WR8YQ47_5392-10820-5904-11332,0,0,1,0,0,0,0,0,0
89WR8YQ47_6209-4024-6721-4536,0,0,1,0,0,0,0,0,0
89WR8YQ47_6819-6406-7331-6918,0,0,0,0,0,1,0,0,0
89WR8YQ47_6819-6918-7331-7430,0,0,0,0,0,1,0,0,0
89WR8YQ47_7331-6406-7843-6918,0,0,1,0,0,1,0,0,0
89WR8YQ47_5392-10308-5904-10820,0,0,1,0,0,1,0,0,0
89WR8YQ47_7331-6918-7843-7430,0,0,1,0,0,0,0,0,0
89WR8YQ47_662-15966-1174-16478,0,0,1,0,0,0,0,0,0
89WR8YQ47_717-705-1229-1217,0,0,1,0,0,1,0,0,0
89WR8YQ47_7843-6406-8355-6918,0,0,1,0,0,1,0,0,0
89WR8YQ47_7843-6918-8355-7430,0,0,1,0,0,1,0,0,0
89WR8YQ47_830-1353-1342-1865,0,0,1,0,0,0,0,0,0
89WR8YQ47_8355-6406-8867-6918,0,0,1,0,0,1,0,0,0
89WR8YQ47_8355-6918-8867-7430,0,0,1,0,0,1,0,0,0
89WR8YQ47_892-17000-1404-17512,0,0,1,0,0,1,0,0,0
8BFUUU1BP_10213-4284-10725-4796,0,0,1,0,0,0,0,0,0
8AVI7IF7W_9542-4483-10054-4995,0,0,0,0,0,1,0,0,0
8BFUUU1BP_10400-2495-10912-3007,0,0,1,0,0,0,0,0,0
8BFUUU1BP_10400-1471-10912-1983,0,0,1,0,0,0,0,0,0
8BFUUU1BP_10698-2837-11210-3349,0,0,1,0,0,0,0,0,0
8BFUUU1BP_10698-3349-11210-3861,0,0,1,0,0,0,0,0,0
8BFUUU1BP_10730-899-11242-1411,0,0,1,0,0,0,0,0,0
8BFUUU1BP_10698-3861-11210-4373,0,0,1,0,0,0,0,0,0
8AVI7IF7W_9654-6142-10166-6654,0,0,0,0,0,1,0,0,0
8BFUUU1BP_10297-4051-10809-4563,0,0,1,0,0,0,0,0,0
8BFUUU1BP_10400-1983-10912-2495,0,0,1,0,0,0,0,0,0
8BFUUU1BP_10883-1581-11395-2093,0,0,1,0,0,0,0,0,0
8BFUUU1BP_10883-2093-11395-2605,0,0,1,0,0,0,0,0,0
8BFUUU1BP_10883-2605-11395-3117,0,0,1,0,0,0,0,0,0
8BFUUU1BP_10906-14227-11418-14739,0,0,1,0,0,0,0,0,0
8BFUUU1BP_10906-14739-11418-15251,0,0,1,0,0,0,0,0,0
8BFUUU1BP_10970-10352-11482-10864,0,0,1,0,0,0,0,0,0
8BFUUU1BP_10970-11376-11482-11888,0,0,1,0,0,0,0,0,0
8BFUUU1BP_10970-9840-11482-10352,0,0,1,0,0,0,0,0,0
8BFUUU1BP_10970-11888-11482-12400,0,0,1,0,0,0,0,0,0
8BFUUU1BP_10970-4208-11482-4720,0,0,1,0,0,0,0,0,0
8BFUUU1BP_11242-2435-11754-2947,0,0,1,0,0,0,0,0,0
8BFUUU1BP_11722-3861-12234-4373,0,0,1,0,0,0,0,0,0
8BFUUU1BP_11754-2435-12266-2947,0,0,1,0,0,0,0,0,0
8BFUUU1BP_11482-4208-11994-4720,0,0,1,0,0,0,0,0,0
8BFUUU1BP_11482-9840-11994-10352,0,0,1,0,0,0,0,0,0
8BFUUU1BP_11210-3861-11722-4373,0,0,1,0,0,0,0,0,0
8BFUUU1BP_11210-2837-11722-3349,0,0,1,0,0,0,0,0,0
8BFUUU1BP_11722-2837-12234-3349,0,0,1,0,0,0,0,0,0
8BFUUU1BP_11853-9984-12365-10496,0,0,1,0,0,0,0,0,0
8BFUUU1BP_11931-10956-12443-11468,0,0,1,0,0,0,0,0,0
8BFUUU1BP_11994-10352-12506-10864,0,0,1,0,0,0,0,0,0
8BFUUU1BP_12004-11264-12516-11776,0,0,1,0,0,0,0,0,0
8BFUUU1BP_11994-4208-12506-4720,0,0,1,0,0,0,0,0,0
8BFUUU1BP_12234-2837-12746-3349,0,0,1,0,0,0,0,0,0
8BFUUU1BP_12365-10496-12877-11008,0,0,1,0,0,0,0,0,0
8BFUUU1BP_12266-2435-12778-2947,0,0,1,0,0,0,0,0,0
8BFUUU1BP_12234-3349-12746-3861,0,0,1,0,0,0,0,0,0
8BFUUU1BP_12516-11264-13028-11776,0,0,1,0,0,0,0,0,0
8BFUUU1BP_12746-3349-13258-3861,0,0,1,0,0,0,0,0,0
8BFUUU1BP_12234-3861-12746-4373,0,0,1,0,0,0,0,0,0
8BFUUU1BP_12506-10864-13018-11376,0,0,1,0,0,0,0,0,0
8BFUUU1BP_12506-4208-13018-4720,0,0,1,0,0,0,0,0,0
8BFUUU1BP_12746-2837-13258-3349,0,0,1,0,0,0,0,0,0
8BFUUU1BP_12877-10496-13389-11008,0,0,1,0,0,0,0,0,0
8BFUUU1BP_12746-3861-13258-4373,0,0,1,0,0,0,0,0,0
8BFUUU1BP_12955-10956-13467-11468,0,0,1,0,0,0,0,0,0
8BFUUU1BP_12778-2435-13290-2947,0,0,1,0,0,0,0,0,0
8BFUUU1BP_13018-11376-13530-11888,0,0,1,0,0,0,0,0,0
8BFUUU1BP_13213-10703-13725-11215,0,0,1,0,0,0,0,0,0
8BFUUU1BP_13018-4208-13530-4720,0,0,1,0,0,0,0,0,0
8BFUUU1BP_13032-3341-13544-3853,0,0,1,0,0,0,0,0,0
8BFUUU1BP_13032-3853-13544-4365,0,0,1,0,0,0,0,0,0
8BFUUU1BP_13213-11727-13725-12239,0,0,1,0,0,0,0,0,0
8BFUUU1BP_13213-11215-13725-11727,0,0,1,0,0,0,0,0,0
8BFUUU1BP_13530-11376-14042-11888,0,0,1,0,0,0,0,0,0
8BFUUU1BP_14332-2829-14844-3341,0,0,1,0,0,0,0,0,0
8BFUUU1BP_14314-2435-14826-2947,0,0,1,0,0,0,0,0,0
8BFUUU1BP_13530-11888-14042-12400,0,0,1,0,0,0,0,0,0
8BFUUU1BP_13820-2829-14332-3341,0,0,1,0,0,0,0,0,0
8BFUUU1BP_4566-11563-5078-12075,0,0,1,0,0,0,0,0,0
8BFUUU1BP_13802-2435-14314-2947,0,0,1,0,0,0,0,0,0
8BFUUU1BP_4566-12075-5078-12587,0,0,1,0,0,0,0,0,0
8BFUUU1BP_5078-10539-5590-11051,0,0,1,0,0,0,0,0,0
8BFUUU1BP_5078-11051-5590-11563,0,0,1,0,0,0,0,0,0
8BFUUU1BP_5377-10296-5889-10808,0,0,1,0,0,0,0,0,0
8BFUUU1BP_5377-10808-5889-11320,0,0,1,0,0,0,0,0,0
8BFUUU1BP_5377-11320-5889-11832,0,0,1,0,0,0,0,0,0
8BFUUU1BP_5377-11832-5889-12344,0,0,1,0,0,0,0,0,0
8BFUUU1BP_5377-9784-5889-10296,0,0,1,0,0,0,0,0,0
8BFUUU1BP_5889-10296-6401-10808,0,0,1,0,0,0,0,0,0
8BFUUU1BP_5889-9784-6401-10296,0,0,1,0,0,0,0,0,0
8BFUUU1BP_5889-9272-6401-9784,0,0,1,0,0,0,0,0,0
8BFUUU1BP_6701-4918-7213-5430,0,0,1,0,0,0,0,0,0
8BFUUU1BP_6810-11155-7322-11667,0,0,1,0,0,0,0,0,0
8BFUUU1BP_6810-9107-7322-9619,0,0,1,0,0,0,0,0,0
8BFUUU1BP_6810-10131-7322-10643,0,0,1,0,0,0,0,0,0
8BFUUU1BP_6701-5430-7213-5942,0,0,1,0,0,0,0,0,0
8BFUUU1BP_6810-10643-7322-11155,0,0,1,0,0,0,0,0,0
8BFUUU1BP_6810-7571-7322-8083,0,0,1,0,0,0,0,0,0
8BFUUU1BP_6810-11667-7322-12179,0,0,1,0,0,0,0,0,0
8BFUUU1BP_6810-7059-7322-7571,0,0,1,0,0,0,0,0,0
8BFUUU1BP_6889-4623-7401-5135,0,0,1,0,0,0,0,0,0
8BFUUU1BP_6810-9619-7322-10131,0,0,1,0,0,0,0,0,0
8BFUUU1BP_7213-4918-7725-5430,0,0,1,0,0,0,0,0,0
8BFUUU1BP_7322-6547-7834-7059,0,0,1,0,0,0,0,0,0
8BFUUU1BP_7322-7571-7834-8083,0,0,1,0,0,0,0,0,0
8BFUUU1BP_7213-6966-7725-7478,0,0,1,0,0,0,0,0,0
8BFUUU1BP_7725-5430-8237-5942,0,0,1,0,0,0,0,0,0
8BFUUU1BP_7401-5135-7913-5647,0,0,1,0,0,0,0,0,0
8BFUUU1BP_7834-7059-8346-7571,0,0,1,0,0,0,0,0,0
8BFUUU1BP_7401-4623-7913-5135,0,0,1,0,0,0,0,0,0
8BFUUU1BP_7725-5942-8237-6454,0,0,1,0,0,0,0,0,0
8BFUUU1BP_7725-6454-8237-6966,0,0,1,0,0,0,0,0,0
8BFUUU1BP_7725-4918-8237-5430,0,0,1,0,0,0,0,0,0
8BFUUU1BP_7913-5647-8425-6159,0,0,1,0,0,0,0,0,0
8BFUUU1BP_7834-7571-8346-8083,0,0,1,0,0,0,0,0,0
8BFUUU1BP_7913-5135-8425-5647,0,0,1,0,0,0,0,0,0
8BFUUU1BP_8346-6035-8858-6547,0,0,1,0,0,0,0,0,0
8BFUUU1BP_9988-1220-10500-1732,0,0,1,0,0,0,0,0,0
8BFUUU1BP_9988-1732-10500-2244,0,0,1,0,0,0,0,0,0
8BFUUU1BP_9988-2244-10500-2756,0,0,1,0,0,0,0,0,0
8BFUUU1BP_9988-2756-10500-3268,0,0,1,0,0,0,0,0,0
8BFUUU1BP_9988-3780-10500-4292,0,0,1,0,0,0,0,0,0
8EF9M4P6Y_11245-5192-11757-5704,1,0,0,0,0,0,0,0,0
8BFUUU1BP_9988-3268-10500-3780,0,0,1,0,0,0,0,0,0
8EF9M4P6Y_11249-3615-11761-4127,1,0,0,0,0,0,0,0,0
8EF9M4P6Y_11245-5704-11757-6216,1,0,0,0,0,0,0,0,0
8EF9M4P6Y_11245-7752-11757-8264,1,0,0,0,0,0,0,0,0
8EF9M4P6Y_11245-6728-11757-7240,1,0,0,0,0,0,0,0,0
8EF9M4P6Y_11245-7240-11757-7752,1,0,0,0,0,0,0,0,0
8EF9M4P6Y_11245-6216-11757-6728,1,0,0,0,0,0,0,0,0
8EF9M4P6Y_11249-4127-11761-4639,1,0,0,0,0,0,0,0,0
8EF9M4P6Y_11757-5192-12269-5704,1,0,0,0,0,0,0,0,0
8EF9M4P6Y_11757-6216-12269-6728,1,0,0,0,0,0,0,0,0
8EF9M4P6Y_11249-4639-11761-5151,1,0,0,0,0,0,0,0,0
8EF9M4P6Y_11245-8264-11757-8776,1,0,0,0,0,0,0,0,0
8EF9M4P6Y_11757-6728-12269-7240,1,0,0,0,0,0,0,0,0
8EF9M4P6Y_11979-7031-12491-7543,1,0,0,0,0,0,0,0,0
8EF9M4P6Y_11761-3615-12273-4127,1,0,0,0,0,0,0,0,0
8EF9M4P6Y_11979-7543-12491-8055,1,0,0,0,0,0,0,0,0
8EF9M4P6Y_12269-5192-12781-5704,1,0,0,0,0,0,0,0,0
8EF9M4P6Y_11979-8567-12491-9079,1,0,0,0,0,0,0,0,0
8EF9M4P6Y_11979-9079-12491-9591,1,0,0,0,0,0,0,0,0
8EF9M4P6Y_12491-7031-13003-7543,1,0,0,0,0,0,0,0,0
8EF9M4P6Y_12269-5704-12781-6216,1,0,0,0,0,0,0,0,0
8EF9M4P6Y_12269-8264-12781-8776,1,0,0,0,0,0,0,0,0
8EF9M4P6Y_12269-6728-12781-7240,1,0,0,0,0,0,0,0,0
8EF9M4P6Y_12491-8567-13003-9079,1,0,0,0,0,0,0,0,0
8EF9M4P6Y_12269-6216-12781-6728,1,0,0,0,0,0,0,0,0
8EF9M4P6Y_12269-7240-12781-7752,1,0,0,0,0,0,0,0,0
8EF9M4P6Y_12491-8055-13003-8567,1,0,0,0,0,0,0,0,0
8EF9M4P6Y_12607-4221-13119-4733,1,0,0,0,0,0,0,0,0
8EF9M4P6Y_12491-9079-13003-9591,1,0,0,0,0,0,0,0,0
8EF9M4P6Y_12607-4733-13119-5245,1,0,0,0,0,0,0,0,0
8EF9M4P6Y_12607-5245-13119-5757,1,0,0,0,0,0,0,0,0
8EF9M4P6Y_12607-6269-13119-6781,1,0,0,0,0,0,0,0,0
8EF9M4P6Y_12781-6728-13293-7240,1,0,0,0,0,0,0,0,0
8EF9M4P6Y_12781-7240-13293-7752,1,0,0,0,0,0,0,0,0
8EF9M4P6Y_13003-8055-13515-8567,1,0,0,0,0,0,0,0,0
8EF9M4P6Y_12781-8264-13293-8776,1,0,0,0,0,0,0,0,0
8EF9M4P6Y_13119-4221-13631-4733,1,0,0,0,0,0,0,0,0
8EF9M4P6Y_13003-9079-13515-9591,1,0,0,0,0,0,0,0,0
8EF9M4P6Y_13119-3197-13631-3709,1,0,0,0,0,0,0,0,0
8EF9M4P6Y_13119-3709-13631-4221,1,0,0,0,0,0,0,0,0
8EF9M4P6Y_13119-4733-13631-5245,1,0,0,0,0,0,0,0,0
8EF9M4P6Y_13119-6269-13631-6781,1,0,0,0,0,0,0,0,0
8EF9M4P6Y_13293-6728-13805-7240,1,0,0,0,0,0,0,0,0
8EF9M4P6Y_13293-5192-13805-5704,1,0,0,0,0,0,0,0,0
8EF9M4P6Y_13293-7240-13805-7752,1,0,0,0,0,0,0,0,0
8EF9M4P6Y_13293-7752-13805-8264,1,0,0,0,0,0,0,0,0
8EF9M4P6Y_13515-7031-14027-7543,1,0,0,0,0,0,0,0,0
8EF9M4P6Y_13515-7543-14027-8055,1,0,0,0,0,0,0,0,0
8EF9M4P6Y_13515-9079-14027-9591,1,0,0,0,0,0,0,0,0
8EF9M4P6Y_13631-3197-14143-3709,1,0,0,0,0,0,0,0,0
8EF9M4P6Y_13631-2685-14143-3197,1,0,0,0,0,0,0,0,0
8EF9M4P6Y_13631-5245-14143-5757,1,0,0,0,0,0,0,0,0
8EF9M4P6Y_13631-5757-14143-6269,1,0,0,0,0,0,0,0,0
8EF9M4P6Y_13631-6269-14143-6781,1,0,0,0,0,0,0,0,0
8EF9M4P6Y_14027-7031-14539-7543,1,0,0,0,0,0,0,0,0
8EF9M4P6Y_14027-7543-14539-8055,1,0,0,0,0,0,0,0,0
8EF9M4P6Y_14027-8055-14539-8567,1,0,0,0,0,0,0,0,0
8EF9M4P6Y_14027-8567-14539-9079,1,0,0,0,0,0,0,0,0
8EF9M4P6Y_14027-9079-14539-9591,1,0,0,0,0,0,0,0,0
8EF9M4P6Y_14143-3197-14655-3709,1,0,0,0,0,0,0,0,0
8EF9M4P6Y_14143-2685-14655-3197,1,0,0,0,0,0,0,0,0
8EF9M4P6Y_14139-5923-14651-6435,1,0,0,0,0,0,0,0,0
8EF9M4P6Y_14143-5245-14655-5757,1,0,0,0,0,0,0,0,0
8EF9M4P6Y_14143-6269-14655-6781,1,0,0,0,0,0,0,0,0
8EF9M4P6Y_14143-4733-14655-5245,1,0,0,0,0,0,0,0,0
8EF9M4P6Y_14651-4387-15163-4899,1,0,0,0,0,0,0,0,0
8EF9M4P6Y_14651-5923-15163-6435,1,0,0,0,0,0,0,0,0
8EF9M4P6Y_14655-3197-15167-3709,1,0,0,0,0,0,0,0,0
8EF9M4P6Y_14655-4733-15167-5245,1,0,0,0,0,0,0,0,0
8EF9M4P6Y_14655-5245-15167-5757,1,0,0,0,0,0,0,0,0
8EF9M4P6Y_14655-6269-15167-6781,1,0,0,0,0,0,0,0,0
8EF9M4P6Y_14921-1160-15433-1672,1,0,0,0,0,0,0,0,0
8EF9M4P6Y_15167-6269-15679-6781,1,0,0,0,0,0,0,0,0
8EF9M4P6Y_15163-4387-15675-4899,1,0,0,0,0,0,0,0,0
8EF9M4P6Y_15386-6548-15898-7060,1,0,0,0,0,0,0,0,0
8EF9M4P6Y_14921-1672-15433-2184,1,0,0,0,0,0,0,0,0
8EF9M4P6Y_15167-3709-15679-4221,1,0,0,0,0,0,0,0,0
8EF9M4P6Y_14921-2184-15433-2696,1,0,0,0,0,0,0,0,0
8EF9M4P6Y_15386-9108-15898-9620,1,0,0,0,0,0,0,0,0
8EF9M4P6Y_15386-9620-15898-10132,1,0,0,0,0,0,0,0,0
8EF9M4P6Y_15433-1160-15945-1672,1,0,0,0,0,0,0,0,0
8EF9M4P6Y_15433-2184-15945-2696,1,0,0,0,0,0,0,0,0
8EF9M4P6Y_15433-1672-15945-2184,1,0,0,0,0,0,0,0,0
8EF9M4P6Y_15675-4387-16187-4899,1,0,0,0,0,0,0,0,0
8EF9M4P6Y_15679-2685-16191-3197,1,0,0,0,0,0,0,0,0
8EF9M4P6Y_15679-3709-16191-4221,1,0,0,0,0,0,0,0,0
8EF9M4P6Y_15679-6269-16191-6781,1,0,0,0,0,0,0,0,0
8EF9M4P6Y_15898-6548-16410-7060,1,0,0,0,0,0,0,0,0
8EF9M4P6Y_15898-7572-16410-8084,1,0,0,0,0,0,0,0,0
8EF9M4P6Y_15898-8084-16410-8596,1,0,0,0,0,0,0,0,0
8EF9M4P6Y_16191-2685-16703-3197,1,0,0,0,0,0,0,0,0
8EF9M4P6Y_16191-3709-16703-4221,1,0,0,0,0,0,0,0,0
8EF9M4P6Y_15994-1649-16506-2161,1,0,0,0,0,0,0,0,0
8EF9M4P6Y_15898-8596-16410-9108,1,0,0,0,0,0,0,0,0
8EF9M4P6Y_16187-5923-16699-6435,1,0,0,0,0,0,0,0,0
8EF9M4P6Y_15898-9620-16410-10132,1,0,0,0,0,0,0,0,0
8EF9M4P6Y_16187-4387-16699-4899,1,0,0,0,0,0,0,0,0
8EF9M4P6Y_15994-2161-16506-2673,1,0,0,0,0,0,0,0,0
8EF9M4P6Y_16410-6036-16922-6548,1,0,0,0,0,0,0,0,0
8EF9M4P6Y_16191-6269-16703-6781,1,0,0,0,0,0,0,0,0
8EF9M4P6Y_16410-7060-16922-7572,1,0,0,0,0,0,0,0,0
8EF9M4P6Y_16410-8596-16922-9108,1,0,0,0,0,0,0,0,0
8EF9M4P6Y_16410-7572-16922-8084,1,0,0,0,0,0,0,0,0
8EF9M4P6Y_16410-9108-16922-9620,1,0,0,0,0,0,0,0,0
8EF9M4P6Y_16506-2161-17018-2673,1,0,0,0,0,0,0,0,0
8EF9M4P6Y_16699-5411-17211-5923,1,0,0,0,0,0,0,0,0
8EF9M4P6Y_16506-2673-17018-3185,1,0,0,0,0,0,0,0,0
8EF9M4P6Y_16699-4387-17211-4899,1,0,0,0,0,0,0,0,0
8EF9M4P6Y_16922-8084-17434-8596,1,0,0,0,0,0,0,0,0
8EF9M4P6Y_16703-5757-17215-6269,1,0,0,0,0,0,0,0,0
8EF9M4P6Y_16922-7060-17434-7572,1,0,0,0,0,0,0,0,0
8EF9M4P6Y_16703-3709-17215-4221,1,0,0,0,0,0,0,0,0
8EF9M4P6Y_16922-5524-17434-6036,1,0,0,0,0,0,0,0,0
8EF9M4P6Y_16922-7572-17434-8084,1,0,0,0,0,0,0,0,0
8EF9M4P6Y_16922-9108-17434-9620,1,0,0,0,0,0,0,0,0
8EF9M4P6Y_16703-4733-17215-5245,1,0,0,0,0,0,0,0,0
8EF9M4P6Y_17211-4387-17723-4899,1,0,0,0,0,0,0,0,0
8EF9M4P6Y_17258-10045-17770-10557,1,0,0,0,0,0,0,0,0
8EF9M4P6Y_17211-4899-17723-5411,1,0,0,0,0,0,0,0,0
8EF9M4P6Y_17258-10557-17770-11069,1,0,0,0,0,0,0,0,0
8EF9M4P6Y_17258-11069-17770-11581,1,0,0,0,0,0,0,0,0
8EF9M4P6Y_17434-6548-17946-7060,1,0,0,0,0,0,0,0,0
8EF9M4P6Y_17434-7060-17946-7572,1,0,0,0,0,0,0,0,0
8EF9M4P6Y_17723-6435-18235-6947,1,0,0,0,0,0,0,0,0
8EF9M4P6Y_17946-6036-18458-6548,1,0,0,0,0,0,0,0,0
8EF9M4P6Y_17770-11069-18282-11581,1,0,0,0,0,0,0,0,0
8EF9M4P6Y_17723-4387-18235-4899,1,0,0,0,0,0,0,0,0
8EF9M4P6Y_17946-6548-18458-7060,1,0,0,0,0,0,0,0,0
8EF9M4P6Y_17434-9108-17946-9620,1,0,0,0,0,0,0,0,0
8EF9M4P6Y_17770-10045-18282-10557,1,0,0,0,0,0,0,0,0
8EF9M4P6Y_17946-7060-18458-7572,1,0,0,0,0,0,0,0,0
8EF9M4P6Y_18235-4387-18747-4899,1,0,0,0,0,0,0,0,0
8EF9M4P6Y_17946-7572-18458-8084,1,0,0,0,0,0,0,0,0
8EF9M4P6Y_17946-9108-18458-9620,1,0,0,0,0,0,0,0,0
8EF9M4P6Y_18235-5411-18747-5923,1,0,0,0,0,0,0,0,0
8EF9M4P6Y_18235-5923-18747-6435,1,0,0,0,0,0,0,0,0
8EF9M4P6Y_18235-6435-18747-6947,1,0,0,0,0,0,0,0,0
8EF9M4P6Y_18282-11069-18794-11581,1,0,0,0,0,0,0,0,0
8EF9M4P6Y_18282-10045-18794-10557,1,0,0,0,0,0,0,0,0
8EF9M4P6Y_18458-5524-18970-6036,1,0,0,0,0,0,0,0,0
8EF9M4P6Y_18458-6036-18970-6548,1,0,0,0,0,0,0,0,0
8EF9M4P6Y_18458-8596-18970-9108,1,0,0,0,0,0,0,0,0
8EF9M4P6Y_18458-7572-18970-8084,1,0,0,0,0,0,0,0,0
8EF9M4P6Y_18794-10045-19306-10557,1,0,0,0,0,0,0,0,0
8EF9M4P6Y_18787-2613-19299-3125,1,0,0,0,0,0,0,0,0
8EF9M4P6Y_18970-5524-19482-6036,1,0,0,0,0,0,0,0,0
8EF9M4P6Y_18794-10557-19306-11069,1,0,0,0,0,0,0,0,0
8EF9M4P6Y_18787-3125-19299-3637,1,0,0,0,0,0,0,0,0
8EF9M4P6Y_18970-6036-19482-6548,1,0,0,0,0,0,0,0,0
8EF9M4P6Y_18970-7572-19482-8084,1,0,0,0,0,0,0,0,0
8EF9M4P6Y_18794-11069-19306-11581,1,0,0,0,0,0,0,0,0
8EF9M4P6Y_18970-8596-19482-9108,1,0,0,0,0,0,0,0,0
8EF9M4P6Y_19299-2613-19811-3125,1,0,0,0,0,0,0,0,0
8EF9M4P6Y_19299-2101-19811-2613,1,0,0,0,0,0,0,0,0
8EF9M4P6Y_19299-1589-19811-2101,1,0,0,0,0,0,0,0,0
8EF9M4P6Y_19299-3125-19811-3637,1,0,0,0,0,0,0,0,0
8EF9M4P6Y_19306-10557-19818-11069,1,0,0,0,0,0,0,0,0
8EF9M4P6Y_19380-4187-19892-4699,1,0,0,0,0,0,0,0,0
8EF9M4P6Y_19380-5211-19892-5723,1,0,0,0,0,0,0,0,0
8EF9M4P6Y_19306-11069-19818-11581,1,0,0,0,0,0,0,0,0
8EF9M4P6Y_19380-4699-19892-5211,1,0,0,0,0,0,0,0,0
8EF9M4P6Y_19482-5524-19994-6036,1,0,0,0,0,0,0,0,0
8EF9M4P6Y_19482-7572-19994-8084,1,0,0,0,0,0,0,0,0
8EF9M4P6Y_19811-1589-20323-2101,1,0,0,0,0,0,0,0,0
8EF9M4P6Y_19482-8596-19994-9108,1,0,0,0,0,0,0,0,0
8EF9M4P6Y_19811-2101-20323-2613,1,0,0,0,0,0,0,0,0
8EF9M4P6Y_19811-1077-20323-1589,1,0,0,0,0,0,0,0,0
8EF9M4P6Y_19892-4187-20404-4699,1,0,0,0,0,0,0,0,0
8EF9M4P6Y_19818-10557-20330-11069,1,0,0,0,0,0,0,0,0
8EF9M4P6Y_19818-10045-20330-10557,1,0,0,0,0,0,0,0,0
8EF9M4P6Y_19892-4699-20404-5211,1,0,0,0,0,0,0,0,0
8EF9M4P6Y_19892-5211-20404-5723,1,0,0,0,0,0,0,0,0
8EF9M4P6Y_19994-5524-20506-6036,1,0,0,0,0,0,0,0,0
8EF9M4P6Y_19994-8084-20506-8596,1,0,0,0,0,0,0,0,0
8EF9M4P6Y_20330-10045-20842-10557,1,0,0,0,0,0,0,0,0
8EF9M4P6Y_20842-10557-21354-11069,1,0,0,0,0,0,0,0,0
8EF9M4P6Y_21354-10557-21866-11069,1,0,0,0,0,0,0,0,0
8EF9M4P6Y_20330-10557-20842-11069,1,0,0,0,0,0,0,0,0
8EF9M4P6Y_4418-1675-4930-2187,1,0,0,0,0,0,0,0,0
8EF9M4P6Y_21354-10045-21866-10557,1,0,0,0,0,0,0,0,0
8EF9M4P6Y_20404-5211-20916-5723,1,0,0,0,0,0,0,0,0
8EF9M4P6Y_20842-9533-21354-10045,1,0,0,0,0,0,0,0,0
8EF9M4P6Y_4700-2112-5212-2624,1,0,0,0,0,0,0,0,0
8EF9M4P6Y_4418-1163-4930-1675,1,0,0,0,0,0,0,0,0
8EF9M4P6Y_21354-9533-21866-10045,1,0,0,0,0,0,0,0,0
8EF9M4P6Y_4930-1163-5442-1675,1,0,0,0,0,0,0,0,0
8EF9M4P6Y_4930-1675-5442-2187,1,0,0,0,0,0,0,0,0
8EF9M4P6Y_6831-1577-7343-2089,1,0,0,0,0,0,0,0,0
8EF9M4P6Y_5212-2112-5724-2624,1,0,0,0,0,0,0,0,0
8EF9M4P6Y_6831-2089-7343-2601,1,0,0,0,0,0,0,0,0
8EF9M4P6Y_7343-1577-7855-2089,1,0,0,0,0,0,0,0,0
8EF9M4P6Y_7343-2089-7855-2601,1,0,0,0,0,0,0,0,0
8EF9M4P6Y_7855-1577-8367-2089,1,0,0,0,0,0,0,0,0
8EF9M4P6Y_8367-2089-8879-2601,1,0,0,0,0,0,0,0,0
8EF9M4P6Y_8367-1577-8879-2089,1,0,0,0,0,0,0,0,0
8ENFEUT7N_10326-4866-10838-5378,0,0,1,1,0,0,0,0,0
8EF9M4P6Y_8879-1577-9391-2089,1,0,0,0,0,0,0,0,0
8ENFEUT7N_10326-5378-10838-5890,0,0,1,1,0,0,0,0,0
8EF9M4P6Y_7855-2089-8367-2601,1,0,0,0,0,0,0,0,0
8EF9M4P6Y_9391-2089-9903-2601,1,0,0,0,0,0,0,0,0
8EF9M4P6Y_9391-1577-9903-2089,1,0,0,0,0,0,0,0,0
8EF9M4P6Y_8879-2089-9391-2601,1,0,0,0,0,0,0,0,0
8ENFEUT7N_10326-3842-10838-4354,0,0,1,1,0,0,0,0,0
8ENFEUT7N_10326-5890-10838-6402,0,0,1,0,0,0,0,0,0
8ENFEUT7N_10656-4718-11168-5230,0,0,1,1,0,0,0,0,0
8ENFEUT7N_10656-5742-11168-6254,0,0,1,0,0,0,0,0,0
8ENFEUT7N_10656-5230-11168-5742,0,0,1,0,0,0,0,0,0
8ENFEUT7N_10838-2818-11350-3330,0,0,1,1,0,0,0,0,0
8ENFEUT7N_10838-3330-11350-3842,0,0,1,1,0,0,0,0,0
8ENFEUT7N_10838-4354-11350-4866,0,0,0,1,0,0,0,0,0
8ENFEUT7N_11168-5230-11680-5742,0,0,1,0,0,0,0,0,0
8ENFEUT7N_11168-4718-11680-5230,0,0,1,1,0,0,0,0,0
8ENFEUT7N_10838-5378-11350-5890,0,0,1,0,0,0,0,0,0
8ENFEUT7N_10838-5890-11350-6402,0,0,1,0,0,0,0,0,0
8ENFEUT7N_11350-3842-11862-4354,0,0,1,1,0,0,0,0,0
8ENFEUT7N_10838-4866-11350-5378,0,0,1,1,0,0,0,0,0
8ENFEUT7N_11168-5742-11680-6254,0,0,1,0,0,0,0,0,0
8ENFEUT7N_11001-5036-11513-5548,0,0,1,0,0,0,0,0,0
8ENFEUT7N_11350-2818-11862-3330,0,0,0,1,0,0,0,0,0
8ENFEUT7N_11313-4935-11825-5447,0,0,1,0,0,0,0,0,0
8ENFEUT7N_11350-4354-11862-4866,0,0,1,1,0,0,0,0,0
8ENFEUT7N_11350-5890-11862-6402,0,0,1,0,0,0,0,0,0
8ENFEUT7N_11680-5230-12192-5742,0,0,1,0,0,0,0,0,0
8ENFEUT7N_11553-4078-12065-4590,0,0,1,1,0,0,0,0,0
8ENFEUT7N_11680-5742-12192-6254,0,0,1,0,0,0,0,0,0
8ENFEUT7N_11847-4331-12359-4843,0,0,1,1,0,0,0,0,0
8ENFEUT7N_11862-2818-12374-3330,0,0,0,1,0,0,0,0,0
8ENFEUT7N_11862-4866-12374-5378,0,0,1,0,0,0,0,0,0
8ENFEUT7N_12161-3204-12673-3716,0,0,0,1,0,0,0,0,0
8ENFEUT7N_11862-5378-12374-5890,0,0,1,0,0,0,0,0,0
8ENFEUT7N_11862-5890-12374-6402,0,0,1,0,0,0,0,0,0
8ENFEUT7N_12192-4718-12704-5230,0,0,1,0,0,0,0,0,0
8ENFEUT7N_12113-4100-12625-4612,0,0,1,1,0,0,0,0,0
8ENFEUT7N_11862-3330-12374-3842,0,0,0,1,0,0,0,0,0
8ENFEUT7N_12192-5230-12704-5742,0,0,1,0,0,0,0,0,0
8ENFEUT7N_12192-5742-12704-6254,0,0,1,0,0,0,0,0,0
8ENFEUT7N_11922-3944-12434-4456,0,0,1,1,0,0,0,0,0
8ENFEUT7N_6446-1266-6958-1778,0,0,0,1,0,0,0,0,0
8ENFEUT7N_6446-1778-6958-2290,0,0,0,1,0,0,0,0,0
8ENFEUT7N_6958-1266-7470-1778,0,0,0,1,0,0,0,0,0
8ENFEUT7N_6958-1778-7470-2290,0,0,0,1,0,0,0,0,0
8ENFEUT7N_7300-7725-7812-8237,0,0,0,1,0,0,0,0,0
8ENFEUT7N_7300-8237-7812-8749,0,0,0,1,0,0,0,0,0
8ENFEUT7N_7507-6745-8019-7257,0,0,0,1,0,0,0,0,0
8ENFEUT7N_817-7450-1329-7962,0,0,1,0,0,0,0,0,0
8ENFEUT7N_7507-7257-8019-7769,0,0,0,1,0,0,0,0,0
8ENFEUT7N_8705-7114-9217-7626,0,0,0,1,0,0,0,0,0
8ENFEUT7N_8726-5758-9238-6270,0,0,0,1,0,0,0,0,0
8ENFEUT7N_8696-3916-9208-4428,0,0,0,1,0,0,0,0,0
8ENFEUT7N_8019-6745-8531-7257,0,0,0,1,0,0,0,0,0
8ENFEUT7N_9208-3404-9720-3916,0,0,0,1,0,0,0,0,0
8ENFEUT7N_8696-3404-9208-3916,0,0,0,1,0,0,0,0,0
8ENFEUT7N_8178-6370-8690-6882,0,0,0,1,0,0,0,0,0
8ENFEUT7N_9208-3916-9720-4428,0,0,0,1,0,0,0,0,0
8ENFEUT7N_8690-6370-9202-6882,0,0,0,1,0,0,0,0,0
8ENFEUT7N_8019-7257-8531-7769,0,0,0,1,0,0,0,0,0
8ENFEUT7N_9302-5378-9814-5890,0,0,0,1,0,0,0,0,0
8ENFEUT7N_9488-4671-10000-5183,0,0,1,1,0,0,0,0,0
8ENFEUT7N_9306-4947-9818-5459,0,0,1,1,0,0,0,0,0
8ENFEUT7N_9814-4354-10326-4866,0,0,1,1,0,0,0,0,0
8ENFEUT7N_9814-3842-10326-4354,0,0,0,1,0,0,0,0,0
8EQ2HV9H3_1122-250-1634-762,0,0,0,0,1,0,0,0,0
8ENFEUT7N_9814-5378-10326-5890,0,0,1,1,0,0,0,0,0
8EQ2HV9H3_176-1855-688-2367,0,0,0,0,1,0,0,0,0
8EQ2HV9H3_1948-3889-2460-4401,0,0,0,0,1,0,0,0,0
8EQ2HV9H3_195-2205-707-2717,0,0,0,0,1,0,0,0,0
8EQ2HV9H3_203-2906-715-3418,0,0,0,0,1,0,0,0,0
8EQ2HV9H3_180-2556-692-3068,0,0,0,0,1,0,0,0,0
8EQ2HV9H3_2971-345-3483-857,0,0,0,0,1,0,0,0,0
8EQ2HV9H3_177-1503-689-2015,0,0,0,0,1,0,0,0,0
8EQ2HV9H3_4021-254-4533-766,0,0,0,0,1,0,0,0,0
8EQ2HV9H3_2756-3873-3268-4385,0,0,0,0,1,0,0,0,0
8EQ2HV9H3_2664-427-3176-939,0,0,0,0,1,0,0,0,0
8EQ2HV9H3_3436-3890-3948-4402,0,0,0,0,1,0,0,0,0
8EQ2HV9H3_4127-3562-4639-4074,0,0,0,0,1,0,0,0,0
8EQ2HV9H3_772-287-1284-799,0,0,0,0,1,0,0,0,0
8EQ2HV9H3_411-283-923-795,0,0,0,0,1,0,0,0,0
8EZDJA8E3_2528-544-3040-1056,0,0,0,0,0,0,0,0,1
8EZDJA8E3_4497-702-5009-1214,0,0,0,0,0,0,0,0,1
8FZ3UXFW8_10034-7092-10546-7604,1,0,0,0,0,0,0,0,0
8FZ3UXFW8_10033-1728-10545-2240,1,0,0,0,0,0,0,0,0
8FZ3UXFW8_10034-7604-10546-8116,1,0,0,0,0,0,0,0,0
8FAUUU6XG_739-2383-1251-2895,0,0,0,0,0,0,0,0,1
8FZ3UXFW8_10034-8628-10546-9140,1,0,0,0,0,0,0,0,0
8FAUUU6XG_739-2895-1251-3407,0,0,0,0,0,0,0,0,1
8FZ3UXFW8_10034-9140-10546-9652,1,0,0,0,0,0,0,0,0
8FAUUU6XG_6493-8469-7005-8981,0,0,0,0,0,0,0,0,1
8FZ3UXFW8_10033-1216-10545-1728,1,0,0,0,0,0,0,0,0
8FZ3UXFW8_10034-8116-10546-8628,1,0,0,0,0,0,0,0,0
8FZ3UXFW8_10282-6142-10794-6654,1,0,0,0,0,0,0,0,0
8FZ3UXFW8_10282-6654-10794-7166,1,0,0,0,0,0,0,0,0
8FZ3UXFW8_10519-9317-11031-9829,1,0,0,0,0,0,0,0,0
8FZ3UXFW8_10546-7092-11058-7604,1,0,0,0,0,0,0,0,0
8FZ3UXFW8_10724-5052-11236-5564,1,0,0,0,0,0,0,0,0
8FZ3UXFW8_10519-9829-11031-10341,1,0,0,0,0,0,0,0,0
8FZ3UXFW8_10546-8628-11058-9140,1,0,0,0,0,0,0,0,0
8FZ3UXFW8_10700-9076-11212-9588,1,0,0,0,0,0,0,0,0
8FZ3UXFW8_1172-2760-1684-3272,1,0,0,0,0,0,0,0,0
8FZ3UXFW8_1172-3272-1684-3784,1,0,0,0,0,0,0,0,0
8FZ3UXFW8_1099-1303-1611-1815,1,0,0,0,0,0,0,0,0
8FZ3UXFW8_11058-7092-11570-7604,1,0,0,0,0,0,0,0,0
8FZ3UXFW8_11058-8116-11570-8628,1,0,0,0,0,0,0,0,0
8FZ3UXFW8_11031-9317-11543-9829,1,0,0,0,0,0,0,0,0
8FZ3UXFW8_11058-8628-11570-9140,1,0,0,0,0,0,0,0,0
8FZ3UXFW8_1099-791-1611-1303,1,0,0,0,0,0,0,0,0
8FZ3UXFW8_11031-9829-11543-10341,1,0,0,0,0,0,0,0,0
8FZ3UXFW8_10724-5564-11236-6076,1,0,0,0,0,0,0,0,0
8FZ3UXFW8_10724-6076-11236-6588,1,0,0,0,0,0,0,0,0
8FZ3UXFW8_1172-3784-1684-4296,1,0,0,0,0,0,0,0,0
8FZ3UXFW8_1172-4296-1684-4808,1,0,0,0,0,0,0,0,0
8FZ3UXFW8_1172-4808-1684-5320,1,0,0,0,0,0,0,0,0
8FZ3UXFW8_1332-10005-1844-10517,1,0,0,0,0,0,0,0,0
8FZ3UXFW8_1201-1833-1713-2345,1,0,0,0,0,0,0,0,0
8FZ3UXFW8_1332-10517-1844-11029,1,0,0,0,0,0,0,0,0
8FZ3UXFW8_1332-8469-1844-8981,1,0,0,0,0,0,0,0,0
8FZ3UXFW8_1674-5725-2186-6237,1,0,0,0,0,0,0,0,0
8FZ3UXFW8_1423-7635-1935-8147,1,0,0,0,0,0,0,0,0
8FZ3UXFW8_1674-5213-2186-5725,1,0,0,0,0,0,0,0,0
8FZ3UXFW8_1611-791-2123-1303,1,0,0,0,0,0,0,0,0
8FZ3UXFW8_1332-9493-1844-10005,1,0,0,0,0,0,0,0,0
8FZ3UXFW8_1440-10932-1952-11444,1,0,0,0,0,0,0,0,0
8FZ3UXFW8_1611-1303-2123-1815,1,0,0,0,0,0,0,0,0
8FZ3UXFW8_1611-2327-2123-2839,1,0,0,0,0,0,0,0,0
8FZ3UXFW8_1558-6551-2070-7063,1,0,0,0,0,0,0,0,0
8FZ3UXFW8_1423-8147-1935-8659,1,0,0,0,0,0,1,0,0
8FZ3UXFW8_1611-1815-2123-2327,1,0,0,0,0,0,0,0,0
8FZ3UXFW8_1699-2597-2211-3109,1,0,0,0,0,0,0,0,0
8FZ3UXFW8_1844-10517-2356-11029,1,0,0,0,0,0,0,0,0
8FZ3UXFW8_1844-8981-2356-9493,1,0,0,0,0,0,1,0,0
8FZ3UXFW8_1844-10005-2356-10517,1,0,0,0,0,0,0,0,0
8FZ3UXFW8_1935-7635-2447-8147,1,0,0,0,0,0,0,0,0
8FZ3UXFW8_1935-8659-2447-9171,1,0,0,0,0,0,1,0,0
8FZ3UXFW8_1935-8147-2447-8659,1,0,0,0,0,0,1,0,0
8FZ3UXFW8_2030-5031-2542-5543,1,0,0,0,0,0,0,0,0
8FZ3UXFW8_1935-9683-2447-10195,1,0,0,0,0,0,0,0,0
8FZ3UXFW8_2186-5213-2698-5725,1,0,0,0,0,0,0,0,0
8FZ3UXFW8_2112-663-2624-1175,1,0,0,0,0,0,0,0,0
8FZ3UXFW8_1952-10932-2464-11444,1,0,0,0,0,0,0,0,0
8FZ3UXFW8_2030-4519-2542-5031,1,0,0,0,0,0,0,0,0
8FZ3UXFW8_2212-10455-2724-10967,1,0,0,0,0,0,0,0,0
8FZ3UXFW8_2366-1899-2878-2411,1,0,0,0,0,0,0,0,0
8FZ3UXFW8_2366-1387-2878-1899,1,0,0,0,0,0,0,0,0
8FZ3UXFW8_2186-5725-2698-6237,1,0,0,0,0,0,0,0,0
8FZ3UXFW8_2316-3128-2828-3640,1,0,0,0,0,0,0,0,0
8FZ3UXFW8_2447-7635-2959-8147,1,0,0,0,0,0,0,0,0
8FZ3UXFW8_2366-2411-2878-2923,1,0,0,0,0,0,0,0,0
8FZ3UXFW8_2401-8022-2913-8534,1,0,0,0,0,0,0,0,0
8FZ3UXFW8_2447-8659-2959-9171,1,0,0,0,0,0,0,0,0
8FZ3UXFW8_2432-4884-2944-5396,1,0,0,0,0,0,0,0,0
8FZ3UXFW8_2447-9171-2959-9683,1,0,0,0,0,0,0,0,0
8FZ3UXFW8_2447-9683-2959-10195,1,0,0,0,0,0,0,0,0
8FZ3UXFW8_2713-2656-3225-3168,1,0,0,0,0,0,0,0,0
8FZ3UXFW8_2724-10967-3236-11479,1,0,0,0,0,0,0,0,0
8FZ3UXFW8_2713-2144-3225-2656,1,0,0,0,0,0,0,0,0
8FZ3UXFW8_2724-9431-3236-9943,1,0,0,0,0,0,0,0,0
8FZ3UXFW8_2624-663-3136-1175,1,0,0,0,0,0,0,0,0
8FZ3UXFW8_2464-10932-2976-11444,1,0,0,0,0,0,0,0,0
8FZ3UXFW8_2724-9943-3236-10455,1,0,0,0,0,0,0,0,0
8FZ3UXFW8_2790-8339-3302-8851,1,0,0,0,0,0,0,0,0
8FZ3UXFW8_2790-8851-3302-9363,1,0,0,0,0,0,0,0,0
8FZ3UXFW8_2878-2411-3390-2923,1,0,0,0,0,0,0,0,0
8FZ3UXFW8_2878-1899-3390-2411,1,0,0,0,0,0,0,0,0
8FZ3UXFW8_2913-8022-3425-8534,1,0,0,0,0,0,0,0,0
8FZ3UXFW8_3060-3030-3572-3542,1,0,0,0,0,0,0,0,0
8FZ3UXFW8_2944-4884-3456-5396,1,0,0,0,0,0,0,0,0
8FZ3UXFW8_3060-3542-3572-4054,1,0,0,0,0,0,0,0,0
8FZ3UXFW8_3060-4054-3572-4566,1,0,0,0,0,0,0,0,0
8FZ3UXFW8_3080-1462-3592-1974,1,0,0,0,0,0,0,0,0
8FZ3UXFW8_3108-819-3620-1331,1,0,0,0,0,0,0,0,0
8FZ3UXFW8_3302-8339-3814-8851,1,0,0,0,0,0,0,0,0
8FZ3UXFW8_3236-10967-3748-11479,1,0,0,0,0,0,0,0,0
8FZ3UXFW8_3572-3542-4084-4054,1,0,0,0,0,0,0,0,0
8FZ3UXFW8_3225-2144-3737-2656,1,0,0,0,0,0,0,0,0
8FZ3UXFW8_3302-8851-3814-9363,1,0,0,0,0,0,0,0,0
8FZ3UXFW8_3425-8022-3937-8534,1,0,0,0,0,0,0,0,0
8FZ3UXFW8_3572-4054-4084-4566,1,0,0,0,0,0,0,0,0
8FZ3UXFW8_3225-2656-3737-3168,1,0,0,0,0,0,0,0,0
8FZ3UXFW8_3231-1218-3743-1730,1,0,0,0,0,0,0,0,0
8FZ3UXFW8_3236-10455-3748-10967,1,0,0,0,0,0,0,0,0
8FZ3UXFW8_3236-9943-3748-10455,1,0,0,0,0,0,0,0,0
8FZ3UXFW8_3592-950-4104-1462,1,0,0,0,0,0,0,0,0
8FZ3UXFW8_3592-1974-4104-2486,1,0,0,0,0,0,0,0,0
8FZ3UXFW8_3592-1462-4104-1974,1,0,0,0,0,0,0,0,0
8FZ3UXFW8_3648-663-4160-1175,1,0,0,0,0,0,0,0,0
8FZ3UXFW8_3748-10455-4260-10967,1,0,0,0,0,0,0,0,0
8FZ3UXFW8_3748-9943-4260-10455,1,0,0,0,0,0,0,0,0
8FZ3UXFW8_3814-8339-4326-8851,1,0,0,0,0,0,0,0,0
8FZ3UXFW8_3814-8851-4326-9363,1,0,0,0,0,0,0,0,0
8FZ3UXFW8_4213-2845-4725-3357,1,0,0,0,0,0,0,0,0
8FZ3UXFW8_4213-2333-4725-2845,1,0,0,0,0,0,0,0,0
8FZ3UXFW8_3937-8022-4449-8534,1,0,0,0,0,0,0,0,0
8FZ3UXFW8_4311-5521-4823-6033,1,0,0,0,0,0,0,0,0
8FZ3UXFW8_4197-681-4709-1193,1,0,0,0,0,0,0,0,0
8FZ3UXFW8_4326-8339-4838-8851,1,0,0,0,0,0,0,0,0
8FZ3UXFW8_4495-1149-5007-1661,1,0,0,0,0,0,0,0,0
8FZ3UXFW8_4326-8851-4838-9363,1,0,0,0,0,0,0,0,0
8FZ3UXFW8_4449-8022-4961-8534,1,0,0,0,0,0,0,0,0
8FZ3UXFW8_4495-1661-5007-2173,1,0,0,0,0,0,0,0,0
8FZ3UXFW8_4709-681-5221-1193,1,0,0,0,0,0,0,0,0
8FZ3UXFW8_4495-2173-5007-2685,1,0,0,0,0,0,0,0,0
8FZ3UXFW8_4725-2333-5237-2845,1,0,0,0,0,0,0,0,0
8FZ3UXFW8_4725-3357-5237-3869,1,0,0,0,0,0,0,0,0
8FZ3UXFW8_4725-2845-5237-3357,1,0,0,0,0,0,0,0,0
8FZ3UXFW8_4749-10502-5261-11014,1,0,0,0,0,0,0,0,0
8FZ3UXFW8_4838-8339-5350-8851,1,0,0,0,0,0,0,0,0
8FZ3UXFW8_4838-8851-5350-9363,1,0,0,0,0,0,0,0,0
8FZ3UXFW8_5007-1149-5519-1661,1,0,0,0,0,0,0,0,0
8FZ3UXFW8_5007-1661-5519-2173,1,0,0,0,0,0,0,0,0
8FZ3UXFW8_5167-10853-5679-11365,1,0,0,0,0,0,0,0,0
8FZ3UXFW8_5007-2173-5519-2685,1,0,0,0,0,0,0,0,0
8FZ3UXFW8_5026-6292-5538-6804,1,0,0,0,0,0,0,0,0
8FZ3UXFW8_5026-5780-5538-6292,1,0,0,0,0,0,0,0,0
8FZ3UXFW8_5026-5268-5538-5780,1,0,0,0,0,0,0,0,0
8FZ3UXFW8_5237-2845-5749-3357,1,0,0,0,0,0,0,0,0
8FZ3UXFW8_5221-681-5733-1193,1,0,0,0,0,0,0,0,0
8FZ3UXFW8_5237-2333-5749-2845,1,0,0,0,0,0,0,0,0
8FZ3UXFW8_5261-10502-5773-11014,1,0,0,0,0,0,0,0,0
8FZ3UXFW8_5237-3357-5749-3869,1,0,0,0,0,0,0,0,0
8FZ3UXFW8_5237-3869-5749-4381,1,0,0,0,0,0,0,0,0
8FZ3UXFW8_5350-8851-5862-9363,1,0,0,0,0,0,0,0,0
8FZ3UXFW8_5350-8339-5862-8851,1,0,0,0,0,0,0,0,0
8FZ3UXFW8_5402-3164-5914-3676,1,0,0,0,0,0,0,0,0
8FZ3UXFW8_5519-1149-6031-1661,1,0,0,0,0,0,0,0,0
8FZ3UXFW8_5538-7828-6050-8340,1,0,0,0,0,0,0,0,0
8FZ3UXFW8_5538-6292-6050-6804,1,0,0,0,0,0,0,0,0
8FZ3UXFW8_5519-2173-6031-2685,1,0,0,0,0,0,0,0,0
8FZ3UXFW8_5538-5780-6050-6292,1,0,0,0,0,0,0,0,0
8FZ3UXFW8_5691-9118-6203-9630,1,0,0,0,0,0,0,0,0
8FZ3UXFW8_5519-1661-6031-2173,1,0,0,0,0,0,0,0,0
8FZ3UXFW8_5679-10853-6191-11365,1,0,0,0,0,0,0,0,0
8FZ3UXFW8_5538-5268-6050-5780,1,0,0,0,0,0,0,0,0
8FZ3UXFW8_5749-2845-6261-3357,1,0,0,0,0,0,0,0,0
8FZ3UXFW8_5733-681-6245-1193,1,0,0,0,0,0,0,0,0
8FZ3UXFW8_5749-2333-6261-2845,1,0,0,0,0,0,0,0,0
8FZ3UXFW8_5808-4798-6320-5310,1,0,0,0,0,0,0,0,0
8FZ3UXFW8_5749-3869-6261-4381,1,0,0,0,0,0,0,0,0
8FZ3UXFW8_5749-3357-6261-3869,1,0,0,0,0,0,0,0,0
8FZ3UXFW8_5862-8339-6374-8851,1,0,0,0,0,0,0,0,0
8FZ3UXFW8_5862-8851-6374-9363,1,0,0,0,0,0,0,0,0
8FZ3UXFW8_587-1303-1099-1815,1,0,0,0,0,0,0,0,0
8FZ3UXFW8_6050-7828-6562-8340,1,0,0,0,0,0,0,0,0
8FZ3UXFW8_6050-6292-6562-6804,1,0,0,0,0,0,0,0,0
8FZ3UXFW8_5926-9476-6438-9988,1,0,0,0,0,0,0,0,0
8FZ3UXFW8_587-1815-1099-2327,1,0,0,0,0,0,0,0,0
8FZ3UXFW8_6203-9118-6715-9630,1,0,0,0,0,0,0,0,0
8FZ3UXFW8_587-2327-1099-2839,1,0,0,0,0,0,0,0,0
8FZ3UXFW8_6205-3508-6717-4020,1,0,0,0,0,0,0,0,0
8FZ3UXFW8_6050-7316-6562-7828,1,0,0,0,0,0,0,0,0
8FZ3UXFW8_6050-5780-6562-6292,1,0,0,0,0,0,0,0,0
8FZ3UXFW8_6205-4020-6717-4532,1,0,0,0,0,0,0,0,0
8FZ3UXFW8_6050-6804-6562-7316,1,0,0,0,0,0,0,0,0
8FZ3UXFW8_6205-2996-6717-3508,1,0,0,0,0,0,0,0,0
8FZ3UXFW8_6205-4532-6717-5044,1,0,0,0,0,0,0,0,0
8FZ3UXFW8_6374-8339-6886-8851,1,0,0,0,0,0,0,0,0
8FZ3UXFW8_6320-4798-6832-5310,1,0,0,0,0,0,0,0,0
8FZ3UXFW8_6374-8851-6886-9363,1,0,0,0,0,0,0,0,0
8FZ3UXFW8_6438-9476-6950-9988,1,0,0,0,0,0,0,0,0
8FZ3UXFW8_6460-669-6972-1181,1,0,0,0,0,0,0,0,0
8FZ3UXFW8_660-3784-1172-4296,1,0,0,0,0,0,0,0,0
8FZ3UXFW8_6717-2996-7229-3508,1,0,0,0,0,0,0,0,0
8FZ3UXFW8_6562-6804-7074-7316,1,0,0,0,0,0,0,0,0
8FZ3UXFW8_660-4296-1172-4808,1,0,0,0,0,0,0,0,0
8FZ3UXFW8_660-3272-1172-3784,1,0,0,0,0,0,0,0,0
8FZ3UXFW8_6562-6292-7074-6804,1,0,0,0,0,0,0,0,0
8FZ3UXFW8_660-2760-1172-3272,1,0,0,0,0,0,0,0,0
8FZ3UXFW8_660-4808-1172-5320,1,0,0,0,0,0,0,0,0
8FZ3UXFW8_6562-7828-7074-8340,1,0,0,0,0,0,0,0,0
8FZ3UXFW8_6717-4020-7229-4532,1,0,0,0,0,0,0,0,0
8FZ3UXFW8_6717-3508-7229-4020,1,0,0,0,0,0,0,0,0
8FZ3UXFW8_6717-4532-7229-5044,1,0,0,0,0,0,0,0,0
8FZ3UXFW8_6962-7092-7474-7604,1,0,0,0,0,0,0,0,0
8FZ3UXFW8_6950-9476-7462-9988,1,0,0,0,0,0,0,0,0
8FZ3UXFW8_6877-4752-7389-5264,1,0,0,0,0,0,0,0,0
8FZ3UXFW8_6962-7604-7474-8116,1,0,0,0,0,0,0,0,0
8FZ3UXFW8_6962-8628-7474-9140,1,0,0,0,0,0,0,0,0
8FZ3UXFW8_6962-8116-7474-8628,1,0,0,0,0,0,0,0,0
8FZ3UXFW8_7074-6804-7586-7316,1,0,0,0,0,0,0,0,0
8FZ3UXFW8_6962-9140-7474-9652,1,0,0,0,0,0,0,0,0
8FZ3UXFW8_7074-7316-7586-7828,1,0,0,0,0,0,0,0,0
8FZ3UXFW8_7074-5268-7586-5780,1,0,0,0,0,0,0,0,0
8FZ3UXFW8_7074-7828-7586-8340,1,0,0,0,0,0,0,0,0
8FZ3UXFW8_6972-669-7484-1181,1,0,0,0,0,0,0,0,0
8FZ3UXFW8_7229-4532-7741-5044,1,0,0,0,0,0,0,0,0
8FZ3UXFW8_7229-3508-7741-4020,1,0,0,0,0,0,0,0,0
8FZ3UXFW8_7389-4752-7901-5264,1,0,0,0,0,0,0,0,0
8FZ3UXFW8_7474-7092-7986-7604,1,0,0,0,0,0,0,0,0
8FZ3UXFW8_7474-8116-7986-8628,1,0,0,0,0,0,0,0,0
8FZ3UXFW8_7474-7604-7986-8116,1,0,0,0,0,0,0,0,0
8FZ3UXFW8_7484-669-7996-1181,1,0,0,0,0,0,0,0,0
8FZ3UXFW8_7586-5268-8098-5780,1,0,0,0,0,0,0,0,0
8FZ3UXFW8_7474-8628-7986-9140,1,0,0,0,0,0,0,0,0
8FZ3UXFW8_7586-7316-8098-7828,1,0,0,0,0,0,0,0,0
8FZ3UXFW8_7727-1346-8239-1858,1,0,0,0,0,0,0,0,0
8FZ3UXFW8_7586-7828-8098-8340,1,0,0,0,0,0,0,0,0
8FZ3UXFW8_7741-4020-8253-4532,1,0,0,0,0,0,0,0,0
8FZ3UXFW8_7727-834-8239-1346,1,0,0,0,0,0,0,0,0
8FZ3UXFW8_7741-3508-8253-4020,1,0,0,0,0,0,0,0,0
8FZ3UXFW8_7879-593-8391-1105,1,0,0,0,0,0,0,0,0
8FZ3UXFW8_7741-4532-8253-5044,1,0,0,0,0,0,0,0,0
8FZ3UXFW8_7901-4752-8413-5264,1,0,0,0,0,0,0,0,0
8FZ3UXFW8_7901-5776-8413-6288,1,0,0,0,0,0,0,0,0
8FZ3UXFW8_7901-5264-8413-5776,1,0,0,0,0,0,0,0,0
8FZ3UXFW8_7986-7604-8498-8116,1,0,0,0,0,0,0,0,0
8FZ3UXFW8_7986-8116-8498-8628,1,0,0,0,0,0,0,0,0
8FZ3UXFW8_7986-8628-8498-9140,1,0,0,0,0,0,0,0,0
8FZ3UXFW8_820-10005-1332-10517,1,0,0,0,0,0,0,0,0
8FZ3UXFW8_8239-1346-8751-1858,1,0,0,0,0,0,0,0,0
8FZ3UXFW8_8239-834-8751-1346,1,0,0,0,0,0,0,0,0
8FZ3UXFW8_820-9493-1332-10005,1,0,0,0,0,0,0,0,0
8FZ3UXFW8_8253-4532-8765-5044,1,0,0,0,0,0,0,0,0
8FZ3UXFW8_8253-4020-8765-4532,1,0,0,0,0,0,0,0,0
8FZ3UXFW8_8378-1092-8890-1604,1,0,0,0,0,0,0,0,0
8FZ3UXFW8_8413-4752-8925-5264,1,0,0,0,0,0,0,0,0
8FZ3UXFW8_8413-5776-8925-6288,1,0,0,0,0,0,0,0,0
8FZ3UXFW8_8498-7092-9010-7604,1,0,0,0,0,0,0,0,0
8FZ3UXFW8_8413-5264-8925-5776,1,0,0,0,0,0,0,0,0
8FZ3UXFW8_8391-593-8903-1105,1,0,0,0,0,0,0,0,0
8FZ3UXFW8_8498-8628-9010-9140,1,0,0,0,0,0,0,0,0
8FZ3UXFW8_8498-7604-9010-8116,1,0,0,0,0,0,0,0,0
8FZ3UXFW8_8498-8116-9010-8628,1,0,0,0,0,0,0,0,0
8FZ3UXFW8_8765-4020-9277-4532,1,0,0,0,0,0,0,0,0
8FZ3UXFW8_8765-2996-9277-3508,1,0,0,0,0,0,0,0,0
8FZ3UXFW8_8719-2638-9231-3150,1,0,0,0,0,0,0,0,0
8FZ3UXFW8_8765-4532-9277-5044,1,0,0,0,0,0,0,0,0
8FZ3UXFW8_8903-593-9415-1105,1,0,0,0,0,0,0,0,0
8FZ3UXFW8_8890-1092-9402-1604,1,0,0,0,0,0,0,0,0
8FZ3UXFW8_8811-1884-9323-2396,1,0,0,0,0,0,0,0,0
8FZ3UXFW8_8925-4752-9437-5264,1,0,0,0,0,0,0,0,0
8FZ3UXFW8_8925-5264-9437-5776,1,0,0,0,0,0,0,0,0
8FZ3UXFW8_8925-5776-9437-6288,1,0,0,0,0,0,0,0,0
8FZ3UXFW8_9010-7092-9522-7604,1,0,0,0,0,0,0,0,0
8FZ3UXFW8_8977-1424-9489-1936,1,0,0,0,0,0,0,0,0
8FZ3UXFW8_911-7635-1423-8147,1,0,0,0,0,0,0,0,0
8FZ3UXFW8_911-9171-1423-9683,1,0,0,0,0,0,0,0,0
8FZ3UXFW8_9010-7604-9522-8116,1,0,0,0,0,0,0,0,0
8FZ3UXFW8_9010-8116-9522-8628,1,0,0,0,0,0,0,0,0
8FZ3UXFW8_911-8147-1423-8659,1,0,0,0,0,0,0,0,0
8FZ3UXFW8_911-8659-1423-9171,1,0,0,0,0,0,0,0,0
8FZ3UXFW8_928-10420-1440-10932,1,0,0,0,0,0,0,0,0
8FZ3UXFW8_9231-2638-9743-3150,1,0,0,0,0,0,0,0,0
8FZ3UXFW8_928-10932-1440-11444,1,0,0,0,0,0,0,0,0
8FZ3UXFW8_9180-4359-9692-4871,1,0,0,0,0,0,0,0,0
8FZ3UXFW8_9415-593-9927-1105,1,0,0,0,0,0,0,0,0
8FZ3UXFW8_9437-5776-9949-6288,1,0,0,0,0,0,0,0,0
8FZ3UXFW8_9437-5264-9949-5776,1,0,0,0,0,0,0,0,0
8FZ3UXFW8_9522-8628-10034-9140,1,0,0,0,0,0,0,0,0
8FZ3UXFW8_9522-7092-10034-7604,1,0,0,0,0,0,0,0,0
8FZ3UXFW8_9522-7604-10034-8116,1,0,0,0,0,0,0,0,0
8FZ3UXFW8_9522-8116-10034-8628,1,0,0,0,0,0,0,0,0
8FZ3UXFW8_9770-6142-10282-6654,1,0,0,0,0,0,0,0,0
8FZ3UXFW8_9927-593-10439-1105,1,0,0,0,0,0,0,0,0
8FZ3UXFW8_9770-6654-10282-7166,1,0,0,0,0,0,0,0,0
8FZ3UXFW8_9676-9076-10188-9588,1,0,0,0,0,0,0,0,0
8G3BJWWI1_7808-2393-8320-2905,0,0,0,0,0,0,0,0,1
8G3BJWWI1_7371-7348-7883-7860,0,0,0,0,0,0,0,0,1
8G3BJWWI1_8413-5039-8925-5551,0,0,0,0,0,0,0,0,1
8GCECX616_1058-5047-1570-5559,1,0,0,0,0,0,0,0,0
8GCECX616_1058-4535-1570-5047,1,0,0,0,0,0,0,0,0
8GCECX616_1055-4197-1567-4709,1,0,0,0,0,0,0,0,0
8GCECX616_1261-4384-1773-4896,1,0,0,0,0,0,0,0,0
8GCECX616_1452-633-1964-1145,1,0,0,0,0,0,0,0,0
8GCECX616_1406-1057-1918-1569,1,0,0,0,0,0,0,0,0
8GCECX616_1406-1569-1918-2081,1,0,0,0,0,0,0,0,0
8GCECX616_1567-3685-2079-4197,1,0,0,0,0,0,0,0,0
8GCECX616_1567-4197-2079-4709,1,0,0,0,0,0,0,0,0
8GCECX616_1921-944-2433-1456,1,0,0,0,0,0,0,0,0
8GCECX616_1773-4384-2285-4896,1,0,0,0,0,0,0,0,0
8GCECX616_1721-564-2233-1076,1,0,0,0,0,0,0,0,0
8GCECX616_1921-432-2433-944,1,0,0,0,0,0,0,0,0
8GCECX616_1570-5047-2082-5559,1,0,0,0,0,0,0,0,0
8GCECX616_1570-4535-2082-5047,1,0,0,0,0,0,0,0,0
8GCECX616_2079-3685-2591-4197,1,0,0,0,0,0,0,0,0
8GCECX616_1842-5196-2354-5708,1,0,0,0,0,0,0,0,0
8GCECX616_2079-4197-2591-4709,1,0,0,0,0,0,0,0,0
8GCECX616_2354-5196-2866-5708,1,0,0,0,0,0,0,0,0
8GCECX616_242-1472-754-1984,1,0,0,0,0,0,0,0,0
8GCECX616_230-5176-742-5688,1,0,0,0,0,0,0,0,0
8GCECX616_2307-3924-2819-4436,1,0,0,0,0,0,0,0,0
8GCECX616_242-1984-754-2496,1,0,0,0,0,0,0,0,0
8GCECX616_242-448-754-960,1,0,0,0,0,0,0,0,0
8GCECX616_242-960-754-1472,1,0,0,0,0,0,0,0,0
8GCECX616_2523-3459-3035-3971,1,0,0,0,0,0,0,0,0
8GCECX616_2547-440-3059-952,1,0,0,0,0,0,0,0,0
8GCECX616_278-2372-790-2884,1,0,0,0,0,0,0,0,0
8GCECX616_278-3396-790-3908,1,0,0,0,0,0,0,0,0
8GCECX616_539-3924-1051-4436,1,0,0,0,0,0,0,0,0
8GCECX616_2565-4950-3077-5462,1,0,0,0,0,0,0,0,0
8GCECX616_424-3682-936-4194,1,0,0,0,0,0,0,0,0
8GCECX616_278-4420-790-4932,1,0,0,0,0,0,0,0,0
8GCECX616_2547-952-3059-1464,1,0,0,0,0,0,0,0,0
8GCECX616_278-2884-790-3396,1,0,0,0,0,0,0,0,0
8GCECX616_546-4535-1058-5047,1,0,0,0,0,0,0,0,0
8GCECX616_894-1057-1406-1569,1,0,0,0,0,0,0,0,0
8GCECX616_936-3682-1448-4194,1,0,0,0,0,0,0,0,0
8GCECX616_894-1569-1406-2081,1,0,0,0,0,0,0,0,0
8GCECX616_546-5047-1058-5559,1,0,0,0,0,0,0,0,0
8HEJ4A293_3722-646-4234-1158,0,0,0,0,0,1,0,0,0
8HEJ4A293_3769-1056-4281-1568,0,0,0,0,0,1,0,0,0
8HEJ4A293_3895-406-4407-918,0,0,0,0,0,1,0,0,0
8HEJ4A293_776-1744-1288-2256,0,0,0,0,0,1,0,0,0
8HQBWCT2P_1999-5054-2511-5566,0,0,1,0,0,0,1,0,0
8HQBWCT2P_1999-4542-2511-5054,0,0,1,0,0,0,1,0,0
8HQBWCT2P_2511-4030-3023-4542,0,0,1,0,0,0,1,0,0
8HQBWCT2P_3247-5382-3759-5894,0,0,1,0,0,0,1,0,0
8HQBWCT2P_2511-4542-3023-5054,0,0,1,0,0,0,1,0,0
8HQBWCT2P_3759-5382-4271-5894,0,0,1,0,0,0,1,0,0
8HQBWCT2P_3759-4870-4271-5382,0,0,1,0,0,0,1,0,0
8HQBWCT2P_3023-4030-3535-4542,0,0,1,0,0,0,1,0,0
8HQBWCT2P_4176-7656-4688-8168,0,0,0,0,0,0,1,0,0
8HQBWCT2P_4176-8168-4688-8680,0,0,0,0,0,0,1,0,0
8HQBWCT2P_4851-7425-5363-7937,0,0,0,0,0,0,1,0,0
8HQBWCT2P_4851-6913-5363-7425,0,0,0,0,0,0,1,0,0
8HQBWCT2P_4271-4870-4783-5382,0,0,1,0,0,0,1,0,0
8HQBWCT2P_5159-8144-5671-8656,0,0,1,0,0,0,0,0,0
8HW1LA37V_2078-9472-2590-9984,0,0,0,0,0,0,1,0,0
8HQBWCT2P_5298-7848-5810-8360,0,0,1,0,0,0,0,0,0
8HW1LA37V_2078-9984-2590-10496,0,0,0,0,0,0,1,0,0
8HW1LA37V_2868-11107-3380-11619,0,0,0,0,0,0,1,0,0
8HW1LA37V_2868-10595-3380-11107,0,0,0,0,0,0,1,0,0
8HW1LA37V_2356-10595-2868-11107,0,0,0,0,0,0,1,0,0
8HW1LA37V_3380-11107-3892-11619,0,0,0,0,0,0,1,0,0
8HW1LA37V_2356-10083-2868-10595,0,0,0,0,0,0,1,0,0
8HW1LA37V_3546-7198-4058-7710,0,0,0,0,0,0,1,0,0
8HW1LA37V_3892-11619-4404-12131,0,0,0,0,0,0,1,0,0
8HW1LA37V_3546-7710-4058-8222,0,0,0,0,0,0,1,0,0
8HW1LA37V_4289-7010-4801-7522,0,0,0,0,0,0,1,0,0
8HW1LA37V_4058-8222-4570-8734,0,0,0,0,0,0,1,0,0
8HW1LA37V_4404-11619-4916-12131,0,0,0,0,0,0,1,0,0
8HW1LA37V_4765-4404-5277-4916,0,0,0,0,0,0,1,0,0
8HW1LA37V_4404-12131-4916-12643,0,0,0,0,0,0,1,0,0
8HW1LA37V_4765-3892-5277-4404,0,0,0,0,0,0,1,0,0
8HW1LA37V_4801-7522-5313-8034,0,0,0,0,0,0,1,0,0
8HW1LA37V_4916-12131-5428-12643,0,0,0,0,0,0,1,0,0
8HW1LA37V_5277-4404-5789-4916,0,0,0,0,0,0,1,0,0
8HW1LA37V_5277-4916-5789-5428,0,0,0,0,0,0,1,0,0
8HW1LA37V_5789-5428-6301-5940,0,0,0,0,0,0,1,0,0
8HW1LA37V_5745-2287-6257-2799,0,0,0,0,0,0,1,0,0
8HW1LA37V_5428-12131-5940-12643,0,0,0,0,0,0,1,0,0
8HW1LA37V_5428-12643-5940-13155,0,0,0,0,0,0,1,0,0
8HW1LA37V_5745-1775-6257-2287,0,0,0,0,0,0,1,0,0
8HW1LA37V_5940-12643-6452-13155,0,0,0,0,0,0,1,0,0
8HW1LA37V_5745-1263-6257-1775,0,0,0,0,0,0,1,0,0
8HW1LA37V_5789-4916-6301-5428,0,0,0,0,0,0,1,0,0
8HW1LA37V_5745-2799-6257-3311,0,0,0,0,0,0,1,0,0
8HW1LA37V_5940-13155-6452-13667,0,0,0,0,0,0,1,0,0
8IVNFCWI9_7298-352-7810-864,0,0,1,0,0,0,0,0,0
8J297FFFC_10248-7617-10760-8129,0,0,0,0,0,1,0,0,0
8HW1LA37V_6452-13155-6964-13667,0,0,0,0,0,0,1,0,0
8J297FFFC_10760-7617-11272-8129,0,0,0,0,0,1,0,0,0
8J297FFFC_13473-11496-13985-12008,0,0,0,0,0,1,0,0,0
8J297FFFC_13473-12008-13985-12520,0,0,0,0,0,1,0,0,0
8J297FFFC_13473-12520-13985-13032,0,0,0,0,0,1,0,0,0
8J297FFFC_13473-13032-13985-13544,0,0,0,0,0,1,0,0,0
8J297FFFC_13473-15592-13985-16104,0,0,0,0,0,1,0,0,0
8J297FFFC_13473-16104-13985-16616,0,0,0,0,0,1,0,0,0
8J297FFFC_13473-13544-13985-14056,0,0,0,0,0,1,0,0,0
8J297FFFC_13526-16427-14038-16939,0,0,0,0,0,1,0,0,0
8J297FFFC_13473-15080-13985-15592,0,0,0,0,0,1,0,0,0
8J297FFFC_13526-17451-14038-17963,0,0,0,0,0,1,0,0,0
8J297FFFC_13473-14056-13985-14568,0,0,0,0,0,1,0,0,0
8J297FFFC_13473-14568-13985-15080,0,0,0,0,0,1,0,0,0
8J297FFFC_13526-16939-14038-17451,0,0,0,0,0,1,0,0,0
8J297FFFC_13526-17963-14038-18475,0,0,0,0,0,1,0,0,0
8J297FFFC_5771-9651-6283-10163,0,0,0,0,0,1,0,0,0
8J297FFFC_6904-11244-7416-11756,0,0,0,0,0,1,0,0,0
8J297FFFC_13526-18475-14038-18987,0,0,0,0,0,1,0,0,0
8J297FFFC_7470-11696-7982-12208,0,0,0,0,0,1,0,0,0
8J8UTILP4_1145-2857-1657-3369,1,0,0,0,0,0,0,0,0
8J297FFFC_764-10790-1276-11302,0,0,0,0,0,1,0,0,0
8J297FFFC_852-16721-1364-17233,0,0,0,0,0,1,0,0,0
8J8UTILP4_1145-3369-1657-3881,1,0,0,0,0,0,0,0,0
8J8UTILP4_1319-12319-1831-12831,1,0,0,0,0,0,0,0,0
8J8UTILP4_1147-12106-1659-12618,1,0,0,0,0,0,0,0,0
8J8UTILP4_1657-2857-2169-3369,1,0,0,0,0,0,0,0,0
8J8UTILP4_1147-11594-1659-12106,1,0,0,0,0,0,0,0,0
8J8UTILP4_1532-8097-2044-8609,1,0,0,0,0,0,0,0,0
8J8UTILP4_1532-8609-2044-9121,1,0,0,0,0,0,0,0,0
8J8UTILP4_1288-4581-1800-5093,1,0,0,0,0,0,0,0,0
8J8UTILP4_1657-3369-2169-3881,1,0,0,0,0,0,0,0,0
8J8UTILP4_1659-11082-2171-11594,1,0,0,0,0,0,0,0,0
8J8UTILP4_1800-4581-2312-5093,1,0,0,0,0,0,0,0,0
8J8UTILP4_1659-11594-2171-12106,1,0,0,0,0,0,0,0,0
8J8UTILP4_1659-12106-2171-12618,1,0,0,0,0,0,0,0,0
8J8UTILP4_1831-12319-2343-12831,1,0,0,0,0,0,0,0,0
8J8UTILP4_1947-13798-2459-14310,1,0,0,0,0,0,0,0,0
8J8UTILP4_1947-12774-2459-13286,1,0,0,0,0,0,0,0,0
8J8UTILP4_1947-13286-2459-13798,1,0,0,0,0,0,0,0,0
8J8UTILP4_2006-2627-2518-3139,1,0,0,0,0,0,0,0,0
8J8UTILP4_2006-2115-2518-2627,1,0,0,0,0,0,0,0,0
8J8UTILP4_2023-9996-2535-10508,1,0,0,0,0,0,0,0,0
8J8UTILP4_2023-10508-2535-11020,1,0,0,0,0,0,0,0,0
8J8UTILP4_2044-8097-2556-8609,1,0,0,0,0,0,0,0,0
8J8UTILP4_2014-14072-2526-14584,1,0,0,0,0,0,0,0,0
8J8UTILP4_2044-8609-2556-9121,1,0,0,0,0,0,0,0,0
8J8UTILP4_2169-2857-2681-3369,1,0,0,0,0,0,0,0,0
8J8UTILP4_2169-3369-2681-3881,1,0,0,0,0,0,0,0,0
8J8UTILP4_2171-11594-2683-12106,1,0,0,0,0,0,0,0,0
8J8UTILP4_2171-12106-2683-12618,1,0,0,0,0,0,0,0,0
8J8UTILP4_2176-5056-2688-5568,1,0,0,0,0,0,0,0,0
8J8UTILP4_2312-4581-2824-5093,1,0,0,0,0,0,0,0,0
8J8UTILP4_2459-12774-2971-13286,1,0,0,0,0,0,0,0,0
8J8UTILP4_2459-13286-2971-13798,1,0,0,0,0,0,0,0,0
8J8UTILP4_2518-2627-3030-3139,1,0,0,0,0,0,0,0,0
8J8UTILP4_2535-9484-3047-9996,1,0,0,0,0,0,0,0,0
8J8UTILP4_2535-8972-3047-9484,1,0,0,0,0,0,0,0,0
8J8UTILP4_2535-9996-3047-10508,1,0,0,0,0,0,0,0,0
8J8UTILP4_2535-10508-3047-11020,1,0,0,0,0,0,0,0,0
8J8UTILP4_2688-5056-3200-5568,1,0,0,0,0,0,0,0,0
8J8UTILP4_2683-11594-3195-12106,1,0,0,0,0,0,0,0,0
8J8UTILP4_2683-11082-3195-11594,1,0,0,0,0,0,0,0,0
8J8UTILP4_2971-12774-3483-13286,1,0,0,0,0,0,0,0,0
8J8UTILP4_2789-1699-3301-2211,1,0,0,0,0,0,0,0,0
8J8UTILP4_2971-13286-3483-13798,1,0,0,0,0,0,0,0,0
8J8UTILP4_2971-13798-3483-14310,1,0,0,0,0,0,0,0,0
8J8UTILP4_2883-2595-3395-3107,1,0,0,0,0,0,0,0,0
8J8UTILP4_3029-3201-3541-3713,1,0,0,0,0,0,0,0,0
8J8UTILP4_3047-10508-3559-11020,1,0,0,0,0,0,0,0,0
8J8UTILP4_3047-9484-3559-9996,1,0,0,0,0,0,0,0,0
8J8UTILP4_3047-9996-3559-10508,1,0,0,0,0,0,0,0,0
8J8UTILP4_3195-11082-3707-11594,1,0,0,0,0,0,0,0,0
8J8UTILP4_3301-1699-3813-2211,1,0,0,0,0,0,0,0,0
8J8UTILP4_3313-4375-3825-4887,1,0,0,0,0,0,0,0,0
8J8UTILP4_3200-5056-3712-5568,1,0,0,0,0,0,0,0,0
8J8UTILP4_3313-3863-3825-4375,1,0,0,0,0,0,0,0,0
8J8UTILP4_3301-1187-3813-1699,1,0,0,0,0,0,0,0,0
8J8UTILP4_3195-11594-3707-12106,1,0,0,0,0,0,0,0,0
8J8UTILP4_3621-8577-4133-9089,1,0,0,0,0,0,0,0,0
8J8UTILP4_3395-13268-3907-13780,1,0,0,0,0,0,0,0,0
8J8UTILP4_3395-2595-3907-3107,1,0,0,0,0,0,0,0,0
8J8UTILP4_3541-3201-4053-3713,1,0,0,0,0,0,0,0,0
8J8UTILP4_3526-6055-4038-6567,1,0,0,0,0,0,0,0,0
8J8UTILP4_3813-1187-4325-1699,1,0,0,0,0,0,0,0,0
8J8UTILP4_3395-13780-3907-14292,1,0,0,0,0,0,0,0,0
8J8UTILP4_3621-8065-4133-8577,1,0,0,0,0,0,0,0,0
8J8UTILP4_3825-3863-4337-4375,1,0,0,0,0,0,0,0,0
8J8UTILP4_3825-4375-4337-4887,1,0,0,0,0,0,0,0,0
8J8UTILP4_3907-12756-4419-13268,1,0,0,0,0,0,0,0,0
8J8UTILP4_3813-1699-4325-2211,1,0,0,0,0,0,0,0,0
8J8UTILP4_4146-9027-4658-9539,1,0,0,0,0,0,0,0,0
8J8UTILP4_3907-2595-4419-3107,1,0,0,0,0,0,0,0,0
8J8UTILP4_4038-6055-4550-6567,1,0,0,0,0,0,0,0,0
8J8UTILP4_4170-2914-4682-3426,1,0,0,0,0,0,0,0,0
8J8UTILP4_4038-6567-4550-7079,1,0,0,0,0,0,0,0,0
8J8UTILP4_4338-10176-4850-10688,1,0,0,0,0,0,0,0,0
8J8UTILP4_4170-3426-4682-3938,1,0,0,0,0,0,0,0,0
8J8UTILP4_3907-13268-4419-13780,1,0,0,0,0,0,0,0,0
8J8UTILP4_4170-3938-4682-4450,1,0,0,0,0,0,0,0,0
8J8UTILP4_4222-2142-4734-2654,1,0,0,0,0,0,0,0,0
8J8UTILP4_4271-1721-4783-2233,1,0,0,0,0,0,0,0,0
8J8UTILP4_4271-1209-4783-1721,1,0,0,0,0,0,0,0,0
8J8UTILP4_4337-4375-4849-4887,1,0,0,0,0,0,0,0,0
8J8UTILP4_4338-10688-4850-11200,1,0,0,0,0,0,0,0,0
8J8UTILP4_4423-4881-4935-5393,1,0,0,0,0,0,0,0,0
8J8UTILP4_4550-6055-5062-6567,1,0,0,0,0,0,0,0,0
8J8UTILP4_4338-9664-4850-10176,1,0,0,0,0,0,0,0,0
8J8UTILP4_4536-834-5048-1346,1,0,0,0,0,0,0,0,0
8J8UTILP4_4550-6567-5062-7079,1,0,0,0,0,0,0,0,0
8J8UTILP4_4658-8515-5170-9027,1,0,0,0,0,0,0,0,0
8J8UTILP4_4658-9027-5170-9539,1,0,0,0,0,0,0,0,0
8J8UTILP4_4734-2142-5246-2654,1,0,0,0,0,0,0,0,0
8J8UTILP4_4783-1209-5295-1721,1,0,0,0,0,0,0,0,0
8J8UTILP4_4850-10176-5362-10688,1,0,0,0,0,0,0,0,0
8J8UTILP4_4682-2914-5194-3426,1,0,0,0,0,0,0,0,0
8J8UTILP4_4682-3426-5194-3938,1,0,0,0,0,0,0,0,0
8J8UTILP4_4850-10688-5362-11200,1,0,0,0,0,0,0,0,0
8J8UTILP4_4682-3938-5194-4450,1,0,0,0,0,0,0,0,0
8J8UTILP4_4783-1721-5295-2233,1,0,0,0,0,0,0,0,0
8J8UTILP4_4819-4906-5331-5418,1,0,0,0,0,0,0,0,0
8J8UTILP4_4819-4394-5331-4906,1,0,0,0,0,0,0,0,0
8J8UTILP4_4850-9664-5362-10176,1,0,0,0,0,0,0,0,0
8J8UTILP4_5170-2677-5682-3189,1,0,0,0,0,0,0,0,0
8J8UTILP4_5048-834-5560-1346,1,0,0,0,0,0,0,0,0
8J8UTILP4_5189-9477-5701-9989,1,0,0,0,0,0,0,0,0
8J8UTILP4_5170-9027-5682-9539,1,0,0,0,0,0,0,0,0
8J8UTILP4_5294-5618-5806-6130,1,0,0,0,0,0,0,0,0
8J8UTILP4_5331-4394-5843-4906,1,0,0,0,0,0,0,0,0
8J8UTILP4_5194-3938-5706-4450,1,0,0,0,0,0,0,0,0
8J8UTILP4_5295-1209-5807-1721,1,0,0,0,0,0,0,0,0
8J8UTILP4_5560-834-6072-1346,1,0,0,0,0,0,0,0,0
8J8UTILP4_5194-3426-5706-3938,1,0,0,0,0,0,0,0,0
8J8UTILP4_5701-9477-6213-9989,1,0,0,0,0,0,0,0,0
8J8UTILP4_5682-3189-6194-3701,1,0,0,0,0,0,0,0,0
8J8UTILP4_5502-5230-6014-5742,1,0,0,0,0,0,0,0,0
8J8UTILP4_5246-2142-5758-2654,1,0,0,0,0,0,0,0,0
8J8UTILP4_5331-4906-5843-5418,1,0,0,0,0,0,0,0,0
8J8UTILP4_5706-2914-6218-3426,1,0,0,0,0,0,0,0,0
8J8UTILP4_5706-3938-6218-4450,1,0,0,0,0,0,0,0,0
8J8UTILP4_5843-4394-6355-4906,1,0,0,0,0,0,0,0,0
8J8UTILP4_5879-6836-6391-7348,1,0,0,0,0,0,0,0,0
8J8UTILP4_5843-4906-6355-5418,1,0,0,0,0,0,0,0,0
8J8UTILP4_5879-7348-6391-7860,1,0,0,0,0,0,0,0,0
8J8UTILP4_6194-3189-6706-3701,1,0,0,0,0,0,0,0,0
8J8UTILP4_6216-6227-6728-6739,1,0,0,0,0,0,0,0,0
8J8UTILP4_6558-11269-7070-11781,1,0,0,0,0,0,0,0,0
8J8UTILP4_6216-5715-6728-6227,1,0,0,0,0,0,0,0,0
8JAVAUI1D_1650-4026-2162-4538,0,0,1,0,0,0,0,0,0
8J8UTILP4_6216-6739-6728-7251,1,0,0,0,0,0,0,0,0
8J8UTILP4_6728-6739-7240-7251,1,0,0,0,0,0,0,0,0
8J8UTILP4_6728-6227-7240-6739,1,0,0,0,0,0,0,0,0
8JAVAUI1D_2309-486-2821-998,0,0,1,0,0,0,0,0,0
8JAVAUI1D_3383-1009-3895-1521,0,0,1,0,0,0,0,0,0
8JAVAUI1D_3595-1274-4107-1786,0,0,1,0,0,0,0,0,0
8JHN19XIP_1176-4794-1688-5306,0,1,0,0,0,0,0,0,0
8JHN19XIP_1006-770-1518-1282,0,1,0,0,0,0,0,0,0
8JHN19XIP_1176-5306-1688-5818,0,1,0,0,0,0,0,0,0
8JHN19XIP_1176-5818-1688-6330,0,1,0,0,0,0,0,0,0
8JHN19XIP_1486-8250-1998-8762,0,1,0,0,0,0,0,0,0
8JHN19XIP_1204-6907-1716-7419,0,1,0,0,0,0,0,0,0
8JHN19XIP_1205-7184-1717-7696,0,1,0,0,0,0,0,0,1
8JHN19XIP_1205-7696-1717-8208,0,1,0,0,0,0,0,0,1
8JHN19XIP_1771-8013-2283-8525,0,1,0,0,0,0,0,0,0
8JHN19XIP_1688-5306-2200-5818,0,1,0,0,0,0,0,0,0
8JHN19XIP_1654-3509-2166-4021,0,1,0,0,0,0,0,0,0
8JHN19XIP_1688-4794-2200-5306,0,1,0,0,0,0,0,0,0
8JHN19XIP_1688-5818-2200-6330,0,1,0,0,0,0,0,0,0
8JHN19XIP_1654-2997-2166-3509,0,1,0,0,0,0,0,0,0
8JHN19XIP_1553-7455-2065-7967,0,0,0,0,0,0,0,0,1
8JHN19XIP_1917-7210-2429-7722,0,1,0,0,0,0,0,0,0
8JHN19XIP_1654-4533-2166-5045,0,1,0,0,0,0,0,0,0
8JHN19XIP_1688-6330-2200-6842,0,1,0,0,0,0,0,0,0
8JHN19XIP_1917-6698-2429-7210,0,1,0,0,0,0,0,0,0
8JHN19XIP_1893-1307-2405-1819,0,1,0,0,0,0,0,0,0
8JHN19XIP_2152-6017-2664-6529,0,1,0,0,0,0,0,0,0
8JHN19XIP_2166-3509-2678-4021,0,1,0,0,0,0,0,0,0
8JHN19XIP_2166-4021-2678-4533,0,1,0,0,0,0,0,0,0
8JHN19XIP_2166-2485-2678-2997,0,1,0,0,0,0,0,0,0
8JHN19XIP_2166-2997-2678-3509,0,1,0,0,0,0,0,0,0
8JHN19XIP_2183-1331-2695-1843,0,1,0,0,0,0,0,0,0
8JHN19XIP_2183-819-2695-1331,0,1,0,0,0,0,0,0,0
8JHN19XIP_2283-8013-2795-8525,0,1,0,0,0,0,0,0,0
8JHN19XIP_2183-1843-2695-2355,0,1,0,0,0,0,0,0,0
8JHN19XIP_2273-6644-2785-7156,0,1,0,0,0,0,0,0,0
8JHN19XIP_2315-5184-2827-5696,0,1,0,0,0,0,0,0,0
8JHN19XIP_2242-7354-2754-7866,0,1,0,0,0,0,0,0,0
8JHN19XIP_2315-4672-2827-5184,0,1,0,0,0,0,0,0,0
8JHN19XIP_2451-752-2963-1264,0,1,0,0,0,0,0,0,0
8JHN19XIP_2315-5696-2827-6208,0,1,0,0,0,0,0,0,0
8JHN19XIP_2315-6208-2827-6720,0,1,0,0,0,0,0,0,0
8JHN19XIP_2678-3509-3190-4021,0,1,0,0,0,0,0,0,0
8JHN19XIP_2678-1973-3190-2485,0,1,0,0,0,0,0,0,0
8JHN19XIP_2678-4021-3190-4533,0,1,0,0,0,0,0,0,0
8JHN19XIP_2679-2813-3191-3325,0,1,0,0,0,0,0,0,0
8JHN19XIP_2678-4533-3190-5045,0,1,0,0,0,0,0,0,0
8JHN19XIP_2679-2301-3191-2813,0,1,0,0,0,0,0,0,0
8JHN19XIP_2695-1331-3207-1843,0,1,0,0,0,0,0,0,0
8JHN19XIP_2811-6890-3323-7402,0,1,0,0,0,0,0,0,0
8JHN19XIP_2811-7402-3323-7914,0,1,0,0,0,0,0,0,0
8JHN19XIP_2801-895-3313-1407,0,1,0,0,0,0,0,0,0
8JHN19XIP_2795-8013-3307-8525,0,1,0,0,0,0,0,0,0
8JHN19XIP_2832-3091-3344-3603,0,1,0,0,0,0,0,0,0
8JHN19XIP_2827-6208-3339-6720,0,1,0,0,0,0,0,0,0
8JHN19XIP_3191-1789-3703-2301,0,1,0,0,0,0,0,0,0
8JHN19XIP_3054-7229-3566-7741,0,1,0,0,0,0,0,0,0
8JHN19XIP_2827-5184-3339-5696,0,1,0,0,0,0,0,0,0
8JHN19XIP_3054-8253-3566-8765,0,1,0,0,0,0,0,0,0
8JHN19XIP_2827-5696-3339-6208,0,1,0,0,0,0,0,0,0
8JHN19XIP_3054-7741-3566-8253,0,1,0,0,0,0,0,0,0
8JHN19XIP_3191-2301-3703-2813,0,1,0,0,0,0,0,0,0
8JHN19XIP_3191-2813-3703-3325,0,1,0,0,0,0,0,0,0
8JHN19XIP_3231-6031-3743-6543,0,1,0,0,0,0,0,0,0
8JHN19XIP_3231-6543-3743-7055,0,1,0,0,0,0,0,0,0
8JHN19XIP_3231-7055-3743-7567,0,1,0,0,0,0,0,0,0
8JHN19XIP_3328-757-3840-1269,0,1,0,0,0,0,0,0,0
8JHN19XIP_3344-4115-3856-4627,0,1,0,0,0,0,0,0,0
8JHN19XIP_3344-3091-3856-3603,0,1,0,0,0,0,0,0,0
8JHN19XIP_3506-2111-4018-2623,0,1,0,0,0,0,0,0,0
8JHN19XIP_3548-5949-4060-6461,0,1,0,0,0,0,0,0,0
8JHN19XIP_3344-3603-3856-4115,0,1,0,0,0,0,0,0,0
8JHN19XIP_3566-8253-4078-8765,0,1,0,0,0,0,0,0,0
8JHN19XIP_3530-2408-4042-2920,0,1,0,0,0,0,0,0,0
8JHN19XIP_3566-7741-4078-8253,0,1,0,0,0,0,0,0,0
8JHN19XIP_3530-2920-4042-3432,0,1,0,0,0,0,0,0,0
8JHN19XIP_3609-7317-4121-7829,0,1,0,0,0,0,0,0,0
8JHN19XIP_3638-4713-4150-5225,0,1,0,0,0,0,0,0,0
8JHN19XIP_3548-5437-4060-5949,0,1,0,0,0,0,0,0,0
8JHN19XIP_3745-3527-4257-4039,0,1,0,0,0,0,0,0,0
8JHN19XIP_3745-4039-4257-4551,0,1,0,0,0,0,0,0,0
8JHN19XIP_3951-7617-4463-8129,0,1,0,0,0,0,0,0,0
8JHN19XIP_3846-6724-4358-7236,0,1,0,0,0,0,0,0,0
8JHN19XIP_3868-7218-4380-7730,0,1,0,0,0,0,0,0,0
8JHN19XIP_4063-5039-4575-5551,0,1,0,0,0,0,0,0,0
8JHN19XIP_3951-8129-4463-8641,0,1,0,0,0,0,0,0,0
8JHN19XIP_4201-2543-4713-3055,0,1,0,0,0,0,0,0,0
8JHN19XIP_4042-2920-4554-3432,0,1,0,0,0,0,0,0,0
8JHN19XIP_4048-5924-4560-6436,0,1,0,0,0,0,0,0,0
8JHN19XIP_4416-1324-4928-1836,0,1,0,0,0,0,0,0,0
8JHN19XIP_4201-2031-4713-2543,0,1,0,0,0,0,0,0,0
8JHN19XIP_4048-6436-4560-6948,0,1,0,0,0,0,0,0,0
8JHN19XIP_4257-3527-4769-4039,0,1,0,0,0,0,0,0,0
8JHN19XIP_4029-4456-4541-4968,0,1,0,0,0,0,0,0,0
8JHN19XIP_4257-4039-4769-4551,0,1,0,0,0,0,0,0,0
8JHN19XIP_4199-742-4711-1254,0,1,0,0,0,0,0,0,0
8JHN19XIP_4468-849-4980-1361,0,1,0,0,0,0,0,0,0
8JHN19XIP_4463-8129-4975-8641,0,1,0,0,0,0,0,0,0
8JHN19XIP_693-7184-1205-7696,0,1,0,0,0,0,0,0,0
8JHN19XIP_651-1446-1163-1958,0,1,0,0,0,0,0,0,0
8JHN19XIP_651-4257-1163-4769,0,1,0,0,0,0,0,0,0
8JHN19XIP_693-7696-1205-8208,0,1,0,0,0,0,0,0,0
8JHN19XIP_742-2886-1254-3398,0,1,0,0,0,0,0,0,0
8JHN19XIP_731-1798-1243-2310,0,1,0,0,0,0,0,0,0
8JHN19XIP_742-2374-1254-2886,0,1,0,0,0,0,0,0,0
8JHN19XIP_693-8208-1205-8720,0,1,0,0,0,0,0,0,0
8JHN19XIP_799-5344-1311-5856,0,1,0,0,0,0,0,0,0
8JHN19XIP_763-6794-1275-7306,0,1,0,0,0,0,0,0,0
8JHN19XIP_763-5770-1275-6282,0,1,0,0,0,0,0,0,0
8JHN19XIP_763-6282-1275-6794,0,1,0,0,0,0,0,0,0
8JHN19XIP_742-3398-1254-3910,0,1,0,0,0,0,0,0,0
8JHN19XIP_711-786-1223-1298,0,1,0,0,0,0,0,0,0
8JHN19XIP_799-4832-1311-5344,0,1,0,0,0,0,0,0,0
8JHN19XIP_742-3910-1254-4422,0,1,0,0,0,0,0,0,0
8JHN19XIP_940-4219-1452-4731,0,1,0,0,0,0,0,0,0
8JHN19XIP_974-8250-1486-8762,0,1,0,0,0,0,0,0,0
8JLKGYIFQ_1031-755-1543-1267,0,0,0,0,0,1,0,0,1
8JLKGYIFQ_2195-843-2707-1355,0,0,0,0,0,1,0,0,0
8JLKGYIFQ_1737-840-2249-1352,0,0,0,0,0,1,0,0,0
8JLKGYIFQ_2686-843-3198-1355,0,0,0,0,0,1,0,0,1
8JLKGYIFQ_2907-1041-3419-1553,0,0,0,0,0,1,0,0,1
8JLKGYIFQ_5944-5891-6456-6403,0,0,0,0,0,1,0,0,0
8JLKGYIFQ_3155-844-3667-1356,0,0,0,0,0,1,0,0,1
8JLKGYIFQ_769-4199-1281-4711,0,0,0,0,0,1,0,0,0
8JLKGYIFQ_4565-865-5077-1377,0,0,0,0,0,1,0,0,0
8JLKGYIFQ_769-4711-1281-5223,0,0,0,0,0,1,0,0,0
8JLKGYIFQ_4125-863-4637-1375,0,0,0,0,0,1,0,0,0
8JLKGYIFQ_828-5716-1340-6228,0,0,0,0,0,1,0,0,0
8JLKGYIFQ_3648-843-4160-1355,0,0,0,0,0,1,0,0,0
8JLKGYIFQ_769-3687-1281-4199,0,0,0,0,0,1,0,0,0
8JLKGYIFQ_5353-5886-5865-6398,0,0,0,0,0,1,0,0,0
8JLKGYIFQ_887-7942-1399-8454,0,0,0,0,0,1,0,0,0
8JLKGYIFQ_828-6228-1340-6740,0,0,0,0,0,1,0,0,0
8JLKGYIFQ_887-8454-1399-8966,0,0,0,0,0,1,0,0,0
8JRF638HH_1268-1505-1780-2017,0,0,1,0,0,0,0,0,0
8JRF638HH_1780-1505-2292-2017,0,0,1,0,0,0,0,0,0
8JRF638HH_1255-1925-1767-2437,0,0,1,0,0,0,0,0,0
8JRF638HH_1268-481-1780-993,0,0,1,0,0,0,0,0,0
8JRF638HH_1063-600-1575-1112,0,0,1,0,0,0,0,0,0
8JRF638HH_2008-1245-2520-1757,0,0,1,0,0,0,0,0,0
8JRF638HH_1780-2017-2292-2529,0,0,1,0,0,0,0,0,0
8JRF638HH_1780-993-2292-1505,0,0,1,0,0,0,0,0,0
8JRF638HH_756-481-1268-993,0,0,1,0,0,0,0,0,0
8JRF638HH_1867-656-2379-1168,0,0,1,0,0,0,0,0,0
8JRF638HH_2115-527-2627-1039,0,0,1,0,0,0,0,0,0
8JRF638HH_756-3041-1268-3553,0,0,1,0,0,0,0,0,0
8JRF638HH_756-2529-1268-3041,0,0,1,0,0,0,0,0,0
8JRF638HH_756-1505-1268-2017,0,0,1,0,0,0,0,0,0
8JRF638HH_756-993-1268-1505,0,0,1,0,0,0,0,0,0
8JRF638HH_905-1997-1417-2509,0,0,1,0,0,0,0,0,0
8L3QMEHG8_1408-6573-1920-7085,0,0,0,0,0,0,1,0,0
8L3QMEHG8_1920-6573-2432-7085,0,0,0,0,0,0,1,0,0
8L3QMEHG8_2432-6573-2944-7085,0,0,0,0,0,0,1,0,0
8L3QMEHG8_2944-6573-3456-7085,0,0,0,0,0,0,1,0,0
8L3QMEHG8_3456-6573-3968-7085,0,0,0,0,0,0,1,0,0
8L3QMEHG8_4992-6573-5504-7085,0,0,0,0,0,0,1,0,0
8L3QMEHG8_4480-6573-4992-7085,0,0,0,0,0,0,1,0,0
8L3QMEHG8_3968-6573-4480-7085,0,0,0,0,0,0,1,0,0
8L3QMEHG8_6528-6573-7040-7085,0,0,0,0,0,0,1,0,0
8L3QMEHG8_6016-6573-6528-7085,0,0,0,0,0,0,1,0,0
8L3QMEHG8_7552-6573-8064-7085,0,0,0,0,0,0,1,0,0
8L3QMEHG8_7040-6573-7552-7085,0,0,0,0,0,0,1,0,0
8L3QMEHG8_5504-6573-6016-7085,0,0,0,0,0,0,1,0,0
8L3QMEHG8_8064-6573-8576-7085,0,0,0,0,0,0,1,0,0
8L3QMEHG8_8576-6573-9088-7085,0,0,0,0,0,0,1,0,0
8L3QMEHG8_9088-6573-9600-7085,0,0,0,0,0,0,1,0,0
8L3QMEHG8_9600-7085-10112-7597,0,0,0,0,0,0,1,0,0
8L3QMEHG8_9088-7085-9600-7597,0,0,0,0,0,0,1,0,0
8LK6KEGMI_1171-4829-1683-5341,0,0,1,0,0,0,0,0,0
8LK6KEGMI_1171-5341-1683-5853,0,0,1,0,0,0,0,0,0
8LK6KEGMI_1839-3800-2351-4312,0,0,1,0,0,0,0,0,0
8LK6KEGMI_1683-5341-2195-5853,0,0,1,0,0,0,0,0,0
8LK6KEGMI_1683-4829-2195-5341,0,0,1,0,0,0,0,0,0
8LK6KEGMI_1962-4819-2474-5331,0,0,1,0,0,0,0,0,0
8LK6KEGMI_2351-3288-2863-3800,0,0,1,0,0,0,0,0,0
8LK6KEGMI_1327-4312-1839-4824,0,0,1,0,0,0,0,0,0
8LK6KEGMI_2351-4312-2863-4824,0,0,1,0,0,0,0,0,0
8LK6KEGMI_1327-3800-1839-4312,0,0,1,0,0,0,0,0,0
8LK6KEGMI_2195-5341-2707-5853,0,0,1,0,0,0,0,0,0
8LK6KEGMI_2671-4581-3183-5093,0,0,1,0,0,0,0,0,0
8LK6KEGMI_2351-4824-2863-5336,0,0,1,0,0,0,0,0,0
8LK6KEGMI_2768-3002-3280-3514,0,0,1,0,0,0,0,0,0
8LK6KEGMI_2768-3514-3280-4026,0,0,1,0,0,0,0,0,0
8LK6KEGMI_2863-3288-3375-3800,0,0,1,0,0,0,0,0,0
8LK6KEGMI_2813-5343-3325-5855,0,0,1,0,0,0,0,0,0
8LK6KEGMI_2863-3800-3375-4312,0,0,1,0,0,0,0,0,0
8LK6KEGMI_2768-4026-3280-4538,0,0,1,0,0,0,0,0,0
8LK6KEGMI_3026-4101-3538-4613,0,0,1,0,0,0,0,0,0
8LK6KEGMI_3301-5115-3813-5627,0,0,1,0,0,0,0,0,0
8LK6KEGMI_4032-2857-4544-3369,0,0,1,0,0,0,0,0,0
8LK6KEGMI_3280-4026-3792-4538,0,0,1,0,0,0,0,0,0
8LK6KEGMI_3792-3002-4304-3514,0,0,1,0,0,0,0,0,0
8LK6KEGMI_2863-4824-3375-5336,0,0,1,0,0,0,0,0,0
8LK6KEGMI_3813-5115-4325-5627,0,0,1,0,0,0,0,0,0
8LK6KEGMI_3280-2490-3792-3002,0,0,1,0,0,0,0,0,0
8LK6KEGMI_2863-4312-3375-4824,0,0,1,0,0,0,0,0,0
8LK6KEGMI_3591-4847-4103-5359,0,0,1,0,0,0,0,0,0
8LK6KEGMI_3792-4026-4304-4538,0,0,1,0,0,0,0,0,0
8LK6KEGMI_4032-2345-4544-2857,0,0,1,0,0,0,0,0,0
8LK6KEGMI_4032-3881-4544-4393,0,0,1,0,0,0,0,0,0
8LK6KEGMI_4032-3369-4544-3881,0,0,1,0,0,0,0,0,0
8LK6KEGMI_4245-4049-4757-4561,0,0,1,0,0,0,0,0,0
8LK6KEGMI_4304-2490-4816-3002,0,0,1,0,0,0,0,0,0
8LK6KEGMI_4103-4335-4615-4847,0,0,1,0,0,0,0,0,0
8LK6KEGMI_4103-4847-4615-5359,0,0,1,0,0,0,0,0,0
8LK6KEGMI_4304-3002-4816-3514,0,0,1,0,0,0,0,0,0
8LK6KEGMI_4615-4847-5127-5359,0,0,1,0,0,0,0,0,0
8LK6KEGMI_4544-2857-5056-3369,0,0,1,0,0,0,0,0,0
8LK6KEGMI_4461-3585-4973-4097,0,0,1,0,0,0,0,0,0
8LK6KEGMI_4836-1987-5348-2499,0,0,1,0,0,0,0,0,0
8LK6KEGMI_4525-1971-5037-2483,0,0,1,0,0,0,0,0,0
8LK6KEGMI_4544-4393-5056-4905,0,0,1,0,0,0,0,0,0
8LK6KEGMI_4325-5115-4837-5627,0,0,1,0,0,0,0,0,0
8LK6KEGMI_4544-2345-5056-2857,0,0,1,0,0,0,0,0,0
8LK6KEGMI_4675-3918-5187-4430,0,0,1,0,0,0,0,0,0
8LK6KEGMI_4893-4090-5405-4602,0,0,1,0,0,0,0,0,0
8LK6KEGMI_4868-4901-5380-5413,0,0,1,0,0,0,0,0,0
8LK6KEGMI_5056-2345-5568-2857,0,0,1,0,0,0,0,0,0
8LK6KEGMI_5056-1833-5568-2345,0,0,1,0,0,0,0,0,0
8LK6KEGMI_5056-3881-5568-4393,0,0,1,0,0,0,0,0,0
8LK6KEGMI_5127-4847-5639-5359,0,0,1,0,0,0,0,0,0
8LK6KEGMI_5056-4393-5568-4905,0,0,1,0,0,0,0,0,0
8LK6KEGMI_5399-4681-5911-5193,0,0,1,0,0,0,0,0,0
8LK6KEGMI_5568-3369-6080-3881,0,0,1,0,0,0,0,0,0
8LK6KEGMI_5505-1167-6017-1679,0,0,1,0,0,0,0,0,0
8LK6KEGMI_5575-4520-6087-5032,0,0,1,0,0,0,0,0,0
8LK6KEGMI_5447-4311-5959-4823,0,0,1,0,0,0,0,0,0
8LK6KEGMI_5759-4920-6271-5432,0,0,1,0,0,0,0,0,0
8LK6KEGMI_5568-2857-6080-3369,0,0,1,0,0,0,0,0,0
8LK6KEGMI_5505-2191-6017-2703,0,0,1,0,0,0,0,0,0
8LK6KEGMI_5413-5104-5925-5616,0,0,1,0,0,0,0,0,0
8LK6KEGMI_5637-1855-6149-2367,0,0,1,0,0,0,0,0,0
8LK6KEGMI_5505-3727-6017-4239,0,0,1,0,0,0,0,0,0
8LK6KEGMI_6017-1167-6529-1679,0,0,1,0,0,0,0,0,0
8LK6KEGMI_5940-4679-6452-5191,0,0,1,0,0,0,0,0,0
8LK6KEGMI_6017-2191-6529-2703,0,0,1,0,0,0,0,0,0
8LK6KEGMI_6080-2857-6592-3369,0,0,1,0,0,0,0,0,0
8LK6KEGMI_6017-3727-6529-4239,0,0,1,0,0,0,0,0,0
8LK6KEGMI_6064-5050-6576-5562,0,0,1,0,0,0,0,0,0
8LK6KEGMI_6017-3215-6529-3727,0,0,1,0,0,0,0,0,0
8LK6KEGMI_6080-4393-6592-4905,0,0,1,0,0,0,0,0,0
8LK6KEGMI_6262-4232-6774-4744,0,0,1,0,0,0,0,0,0
8LK6KEGMI_6334-5137-6846-5649,0,0,1,0,0,0,0,0,0
8LK6KEGMI_6529-1167-7041-1679,0,0,1,0,0,0,0,0,0
8LK6KEGMI_6576-5050-7088-5562,0,0,1,0,0,0,0,0,0
8LK6KEGMI_6529-3215-7041-3727,0,0,1,0,0,0,0,0,0
8LK6KEGMI_6282-4612-6794-5124,0,0,1,0,0,0,0,0,0
8LK6KEGMI_659-5341-1171-5853,0,0,1,0,0,0,0,0,0
8LK6KEGMI_6607-4356-7119-4868,0,0,1,0,0,0,0,0,0
8LK6KEGMI_6662-3838-7174-4350,0,0,1,0,0,0,0,0,0
8LK6KEGMI_6582-4087-7094-4599,0,0,1,0,0,0,0,0,0
8LK6KEGMI_6813-5391-7325-5903,0,0,1,0,0,0,0,0,0
8LK6KEGMI_6774-4744-7286-5256,0,0,1,0,0,0,0,0,0
8LK6KEGMI_6935-3699-7447-4211,0,0,1,0,0,0,0,0,0
8LK6KEGMI_7041-2191-7553-2703,0,0,1,0,0,0,0,0,0
8LK6KEGMI_7553-1167-8065-1679,0,0,1,0,0,0,0,0,0
8LK6KEGMI_7082-5258-7594-5770,0,0,1,0,0,0,0,0,0
8LK6KEGMI_7553-1679-8065-2191,0,0,1,0,0,0,0,0,0
8LK6KEGMI_7553-2191-8065-2703,0,0,1,0,0,0,0,0,0
8LK6KEGMI_815-3800-1327-4312,0,0,1,0,0,0,0,0,0
8LK6KEGMI_815-4824-1327-5336,0,0,1,0,0,0,0,0,0
8LK6KEGMI_7553-2703-8065-3215,0,0,1,0,0,0,0,0,0
8LK6KEGMI_7553-655-8065-1167,0,0,1,0,0,0,0,0,0
8LK6KEGMI_7594-5258-8106-5770,0,0,1,0,0,0,0,0,0
8LK6KEGMI_7553-3215-8065-3727,0,0,1,0,0,0,0,0,0
8MCVCYX41_1127-3448-1639-3960,0,0,0,1,0,0,0,0,0
8LK6KEGMI_815-4312-1327-4824,0,0,1,0,0,0,0,0,0
8MCVCYX41_1127-3960-1639-4472,0,0,0,1,0,0,0,0,0
8MCVCYX41_1639-3448-2151-3960,0,0,0,1,0,0,0,0,0
8MCVCYX41_615-2936-1127-3448,0,0,0,1,0,0,0,0,0
8MCVCYX41_615-3448-1127-3960,0,0,0,1,0,0,0,0,0
8MCVCYX41_2151-3448-2663-3960,0,0,0,1,0,0,0,0,0
8NC1KY6TB_10022-4717-10534-5229,0,0,1,0,0,0,0,0,0
8MCVCYX41_615-3960-1127-4472,0,0,0,1,0,0,0,0,0
8NC1KY6TB_10022-2157-10534-2669,0,0,1,0,0,0,0,0,0
8NC1KY6TB_10022-6765-10534-7277,0,0,1,0,0,1,0,0,0
8NC1KY6TB_10132-5350-10644-5862,0,0,1,0,0,0,0,0,0
8NC1KY6TB_10534-2157-11046-2669,0,0,1,0,0,0,0,0,0
8NC1KY6TB_10534-6765-11046-7277,0,0,1,0,0,1,0,0,0
8NC1KY6TB_11046-3693-11558-4205,0,0,1,0,0,0,0,0,0
8NC1KY6TB_10132-7398-10644-7910,0,0,1,0,0,1,0,0,1
8NC1KY6TB_10644-7398-11156-7910,0,0,1,0,0,0,0,0,1
8NC1KY6TB_11046-2669-11558-3181,0,0,1,0,0,1,0,0,0
8NC1KY6TB_11046-4205-11558-4717,0,0,1,0,0,1,0,0,0
8NC1KY6TB_11046-4717-11558-5229,0,0,1,0,0,1,0,0,0
8NC1KY6TB_11046-3181-11558-3693,0,0,1,0,0,1,0,0,0
8NC1KY6TB_10644-6374-11156-6886,0,0,1,0,0,1,0,0,0
8NC1KY6TB_11046-6253-11558-6765,0,0,1,0,0,1,0,0,0
8NC1KY6TB_11046-5741-11558-6253,0,0,1,0,0,1,0,0,0
8NC1KY6TB_11046-621-11558-1133,0,0,1,0,0,1,0,0,0
8NC1KY6TB_11046-5229-11558-5741,0,0,1,0,0,0,0,0,0
8NC1KY6TB_11046-7789-11558-8301,0,0,1,0,0,1,0,0,1
8NC1KY6TB_11046-8813-11558-9325,0,0,1,0,0,0,0,0,0
8NC1KY6TB_11046-8301-11558-8813,0,0,1,0,0,0,0,0,0
8NC1KY6TB_3366-4717-3878-5229,0,0,1,0,0,1,0,0,0
8NC1KY6TB_11156-9446-11668-9958,0,0,1,0,0,1,0,0,0
8NC1KY6TB_11156-10470-11668-10982,0,0,1,0,0,0,0,0,0
8NC1KY6TB_11156-10982-11668-11494,0,0,1,0,0,0,0,0,0
8NC1KY6TB_11156-11494-11668-12006,0,0,1,0,1,1,0,0,0
8NC1KY6TB_1318-6765-1830-7277,0,0,1,0,0,1,0,0,0
8NC1KY6TB_11156-9958-11668-10470,0,0,1,0,0,0,0,0,0
8NC1KY6TB_4390-4717-4902-5229,0,0,1,0,1,0,0,0,0
8NC1KY6TB_3878-4717-4390-5229,0,0,1,0,1,0,0,0,0
8NC1KY6TB_11156-7398-11668-7910,0,0,1,0,0,1,0,0,0
8NC1KY6TB_5926-1133-6438-1645,0,0,1,0,0,0,0,0,0
8NC1KY6TB_5926-2669-6438-3181,0,0,1,0,0,1,0,0,0
8NC1KY6TB_6181-2757-6693-3269,0,0,1,0,1,1,0,0,0
8NC1KY6TB_5926-621-6438-1133,0,0,1,0,0,1,0,0,0
8NC1KY6TB_5926-8813-6438-9325,0,0,1,0,1,1,0,0,1
8NC1KY6TB_6036-2278-6548-2790,0,0,1,0,0,1,0,0,1
8NC1KY6TB_6438-7277-6950-7789,0,0,1,0,0,0,0,0,0
8NC1KY6TB_6438-1645-6950-2157,0,0,1,0,1,1,0,0,0
8NC1KY6TB_6950-1645-7462-2157,0,0,1,0,0,1,0,0,0
8NC1KY6TB_6548-8422-7060-8934,0,0,1,0,0,0,0,0,0
8NC1KY6TB_6548-2278-7060-2790,0,0,1,0,1,0,0,0,0
8NC1KY6TB_6438-7789-6950-8301,0,0,1,0,0,0,0,0,0
8NC1KY6TB_6548-8934-7060-9446,0,0,1,0,1,0,0,0,0
8NC1KY6TB_6977-7739-7489-8251,0,0,1,0,0,0,0,0,0
8NC1KY6TB_7060-7398-7572-7910,0,0,1,0,0,0,0,0,0
8NC1KY6TB_6496-1994-7008-2506,0,0,1,0,1,1,0,0,1
8NC1KY6TB_7060-8422-7572-8934,0,0,1,0,0,0,0,0,0
8NC1KY6TB_7450-1659-7962-2171,0,0,1,0,1,0,0,0,0
8NC1KY6TB_7450-2171-7962-2683,0,0,1,0,1,1,0,0,0
8NC1KY6TB_7462-8301-7974-8813,0,0,1,0,0,0,0,0,0
8NC1KY6TB_7572-2790-8084-3302,0,0,1,0,0,0,0,0,0
8NC1KY6TB_7462-6253-7974-6765,0,0,1,0,0,0,0,0,0
8NC1KY6TB_7450-635-7962-1147,0,0,1,0,0,1,0,0,1
8NC1KY6TB_7572-7398-8084-7910,0,0,1,0,0,0,0,0,0
8NC1KY6TB_7572-3302-8084-3814,0,0,1,0,0,0,0,0,0
8NC1KY6TB_7572-6886-8084-7398,0,0,1,0,0,0,0,0,0
8NC1KY6TB_7974-3693-8486-4205,0,0,1,0,0,0,0,0,0
8NC1KY6TB_7974-4205-8486-4717,0,0,1,0,0,0,0,0,0
8NC1KY6TB_7974-3181-8486-3693,0,0,1,0,0,0,0,0,0
8NC1KY6TB_7974-2157-8486-2669,0,0,1,0,0,1,0,0,0
8NC1KY6TB_7572-7910-8084-8422,0,0,1,0,0,0,0,0,0
8NC1KY6TB_7974-2669-8486-3181,0,0,1,0,0,0,0,0,0
8NC1KY6TB_7974-6253-8486-6765,0,0,1,0,0,0,0,0,0
8NC1KY6TB_7974-4717-8486-5229,0,0,1,0,0,0,0,0,0
8NC1KY6TB_7974-6765-8486-7277,0,0,1,0,0,0,0,0,0
8NC1KY6TB_806-6765-1318-7277,0,0,1,0,0,1,0,0,0
8NC1KY6TB_806-7277-1318-7789,0,0,1,0,1,1,0,0,0
8NC1KY6TB_806-8813-1318-9325,0,0,1,0,0,0,0,0,1
8NC1KY6TB_8084-5350-8596-5862,0,0,1,0,0,0,0,0,0
8NC1KY6TB_8084-7398-8596-7910,0,0,1,0,0,0,0,0,0
8NC1KY6TB_8084-5862-8596-6374,0,0,1,0,0,0,0,0,0
8NC1KY6TB_8147-603-8659-1115,0,0,1,0,0,0,0,0,0
8NC1KY6TB_8486-1645-8998-2157,0,0,1,0,0,0,0,0,0
8NC1KY6TB_8395-1895-8907-2407,0,0,1,0,0,0,0,0,0
8NC1KY6TB_8486-3181-8998-3693,0,0,1,0,0,0,0,0,0
8NC1KY6TB_8486-2669-8998-3181,0,0,1,0,0,0,0,0,0
8NC1KY6TB_8486-6253-8998-6765,0,0,1,0,0,0,0,0,0
8NC1KY6TB_8486-621-8998-1133,0,0,1,0,0,0,0,0,1
8NC1KY6TB_8486-4717-8998-5229,0,0,1,0,0,0,0,0,0
8NC1KY6TB_8596-2278-9108-2790,0,0,1,0,0,0,0,0,0
8NC1KY6TB_8486-6765-8998-7277,0,0,1,0,0,0,0,0,0
8NC1KY6TB_8486-5229-8998-5741,0,0,1,0,0,0,0,0,0
8NC1KY6TB_8596-3814-9108-4326,0,0,1,0,0,0,0,0,0
8NC1KY6TB_8596-5862-9108-6374,0,0,1,0,0,0,0,0,0
8NC1KY6TB_8596-4326-9108-4838,0,0,1,0,0,0,0,0,0
8NC1KY6TB_9108-2278-9620-2790,0,0,1,0,0,0,0,0,0
8NC1KY6TB_8820-5019-9332-5531,0,0,1,0,0,0,0,0,0
8NC1KY6TB_8998-4717-9510-5229,0,0,1,0,0,0,0,0,0
8NC1KY6TB_9108-5350-9620-5862,0,0,1,0,0,0,0,0,0
8NC1KY6TB_9510-4717-10022-5229,0,0,1,0,0,0,0,0,0
8NC1KY6TB_9510-2157-10022-2669,0,0,1,0,0,0,0,0,0
8NC1KY6TB_9332-5019-9844-5531,0,0,1,0,0,0,0,0,0
8Q6M6TZYW_1161-598-1673-1110,0,0,1,0,0,0,0,0,0
8Q6M6TZYW_1276-6136-1788-6648,0,0,0,1,0,0,0,0,0
8Q6M6TZYW_1467-734-1979-1246,0,0,1,0,0,0,0,0,0
8NC1KY6TB_9620-5350-10132-5862,0,0,1,0,0,0,0,0,0
8Q6M6TZYW_2785-1317-3297-1829,0,0,1,0,0,0,0,0,0
8Q6M6TZYW_1195-1560-1707-2072,0,0,1,0,0,0,0,0,0
8Q6M6TZYW_2813-1647-3325-2159,0,0,1,0,0,0,0,0,0
8Q6M6TZYW_3036-1240-3548-1752,0,0,1,0,0,0,0,0,0
8Q6M6TZYW_3054-2479-3566-2991,0,0,1,0,0,0,0,0,0
8Q6M6TZYW_3393-2287-3905-2799,0,0,1,0,0,0,0,0,0
8Q6M6TZYW_3905-2287-4417-2799,0,0,1,0,0,0,0,0,0
8Q6M6TZYW_3379-1274-3891-1786,0,0,1,0,0,0,0,0,0
8Q6M6TZYW_3280-1757-3792-2269,0,0,1,0,0,0,0,0,0
8Q6M6TZYW_3393-2799-3905-3311,0,0,1,0,0,0,0,0,0
8Q6M6TZYW_3905-2799-4417-3311,0,0,1,0,0,0,0,0,0
8RFJDYEGC_1410-5181-1922-5693,1,0,0,0,0,0,0,0,0
8RFJDYEGC_1410-6205-1922-6717,1,0,0,0,0,0,0,0,0
8RFJDYEGC_1410-5693-1922-6205,1,0,0,0,0,0,0,0,0
8RFJDYEGC_1922-4669-2434-5181,1,0,0,0,0,0,0,0,0
8RFJDYEGC_1410-6717-1922-7229,1,0,0,0,0,0,0,0,0
8RFJDYEGC_1922-5181-2434-5693,1,0,0,0,0,0,0,0,0
8RFJDYEGC_1922-2621-2434-3133,1,0,0,0,0,0,0,0,0
8RFJDYEGC_1922-6717-2434-7229,1,0,0,0,0,0,0,0,0
8RFJDYEGC_2434-1085-2946-1597,1,0,0,0,0,0,0,0,0
8RFJDYEGC_2434-2109-2946-2621,1,0,0,0,0,0,0,0,0
8RFJDYEGC_2434-1597-2946-2109,1,0,0,0,0,0,0,0,0
8RFJDYEGC_2434-3645-2946-4157,1,0,0,0,0,0,0,0,0
8RFJDYEGC_2434-4157-2946-4669,1,0,0,0,0,0,0,0,0
8RFJDYEGC_2434-573-2946-1085,1,0,0,0,0,0,0,0,0
8RFJDYEGC_2434-4669-2946-5181,1,0,0,0,0,0,0,0,0
8RFJDYEGC_2434-6205-2946-6717,1,0,0,0,0,0,0,0,0
8RFJDYEGC_2434-3133-2946-3645,1,0,0,0,0,0,0,0,0
8RFJDYEGC_2946-573-3458-1085,1,0,0,0,0,0,0,0,0
8RFJDYEGC_3458-1597-3970-2109,1,0,0,0,0,0,0,0,0
8RFJDYEGC_2946-6205-3458-6717,1,0,0,0,0,0,0,0,0
8RFJDYEGC_3458-1085-3970-1597,1,0,0,0,0,0,0,0,0
8RFJDYEGC_3458-2109-3970-2621,1,0,0,0,0,0,0,0,0
8RFJDYEGC_3458-573-3970-1085,1,0,0,0,0,0,0,0,0
8RFJDYEGC_3458-7229-3970-7741,1,0,0,0,0,0,0,0,0
8RFJDYEGC_3458-2621-3970-3133,1,0,0,0,0,0,0,0,0
8RFJDYEGC_3970-7229-4482-7741,1,0,0,0,0,0,0,0,0
8RFJDYEGC_3970-2621-4482-3133,1,0,0,0,0,0,0,0,0
8RFJDYEGC_4482-2109-4994-2621,1,0,0,0,0,0,0,0,0
8RFJDYEGC_4482-6717-4994-7229,1,0,0,0,0,0,0,0,0
8RFJDYEGC_4994-1597-5506-2109,1,0,0,0,0,0,0,0,0
8RFJDYEGC_4994-6717-5506-7229,1,0,0,0,0,0,0,0,0
8RFJDYEGC_4994-573-5506-1085,1,0,0,0,0,0,0,0,0
8RFJDYEGC_4994-2109-5506-2621,1,0,0,0,0,0,0,0,0
8RFJDYEGC_4994-1085-5506-1597,1,0,0,0,0,0,0,0,0
8RFJDYEGC_5506-573-6018-1085,1,0,0,0,0,0,0,0,0
8RFJDYEGC_6018-7229-6530-7741,1,0,0,0,0,0,0,0,0
8RFJDYEGC_6530-573-7042-1085,1,0,0,0,0,0,0,0,0
8RFJDYEGC_5506-6717-6018-7229,1,0,0,0,0,0,0,0,0
8RFJDYEGC_6018-573-6530-1085,1,0,0,0,0,0,0,0,0
8RFJDYEGC_6530-7229-7042-7741,1,0,0,0,0,0,0,0,0
8RFJDYEGC_8578-1085-9090-1597,1,0,0,0,0,0,0,0,0
8RFJDYEGC_7554-7229-8066-7741,1,0,0,0,0,0,0,0,0
8RFJDYEGC_7042-573-7554-1085,1,0,0,0,0,0,0,0,0
8RFJDYEGC_8066-573-8578-1085,1,0,0,0,0,0,0,0,0
8RFJDYEGC_7554-573-8066-1085,1,0,0,0,0,0,0,0,0
8RFJDYEGC_7042-7229-7554-7741,1,0,0,0,0,0,0,0,0
8RFJDYEGC_8066-7229-8578-7741,1,0,0,0,0,0,0,0,0
8RFJDYEGC_8578-1597-9090-2109,1,0,0,0,0,0,0,0,0
8RFJDYEGC_8578-2621-9090-3133,1,0,0,0,0,0,0,0,0
8RFJDYEGC_8578-4157-9090-4669,1,0,0,0,0,0,0,0,0
8RFJDYEGC_8578-2109-9090-2621,1,0,0,0,0,0,0,0,0
8RFJDYEGC_8578-3133-9090-3645,1,0,0,0,0,0,0,0,0
8RFJDYEGC_8578-3645-9090-4157,1,0,0,0,0,0,0,0,0
8RFJDYEGC_8578-5181-9090-5693,1,0,0,0,0,0,0,0,0
8RFJDYEGC_8578-573-9090-1085,1,0,0,0,0,0,0,0,0
8RFJDYEGC_8578-4669-9090-5181,1,0,0,0,0,0,0,0,0
8RFJDYEGC_8578-5693-9090-6205,1,0,0,0,0,0,0,0,0
8RFJDYEGC_8578-7229-9090-7741,1,0,0,0,0,0,0,0,0
8RLR1DANG_1467-14246-1979-14758,0,0,0,0,1,0,0,0,0
8RLR1DANG_1103-14258-1615-14770,0,0,0,0,1,0,0,0,0
8RLR1DANG_1072-718-1584-1230,0,0,0,0,1,0,0,0,0
8RFJDYEGC_8578-6717-9090-7229,1,0,0,0,0,0,0,0,0
8RFJDYEGC_8578-6205-9090-6717,1,0,0,0,0,0,0,0,0
8RLR1DANG_1420-744-1932-1256,0,0,0,0,1,0,0,0,0
8RLR1DANG_1789-743-2301-1255,0,0,0,0,1,0,0,0,0
8RLR1DANG_2142-747-2654-1259,0,0,0,0,1,0,0,0,0
8RLR1DANG_2532-14241-3044-14753,0,0,0,0,1,0,0,0,0
8RLR1DANG_2871-724-3383-1236,0,0,0,0,1,0,0,0,0
8RLR1DANG_2171-14241-2683-14753,0,0,0,0,1,0,0,0,0
8RLR1DANG_2499-713-3011-1225,0,0,0,0,1,0,0,0,0
8RLR1DANG_1827-14247-2339-14759,0,0,0,0,1,0,0,0,0
8RLR1DANG_3607-712-4119-1224,0,0,0,0,1,0,0,0,0
8RLR1DANG_2888-14242-3400-14754,0,0,0,0,1,0,0,0,0
8RLR1DANG_3273-14238-3785-14750,0,0,0,0,1,0,0,0,0
8RLR1DANG_3254-711-3766-1223,0,0,0,0,1,0,0,0,0
8RLR1DANG_3640-14222-4152-14734,0,0,0,0,1,0,0,0,0
8RLR1DANG_5094-14199-5606-14711,0,0,0,0,1,0,0,0,0
8RLR1DANG_4725-14212-5237-14724,0,0,0,0,1,0,0,0,0
8RLR1DANG_4730-713-5242-1225,0,0,0,0,1,0,0,0,0
8RLR1DANG_4331-698-4843-1210,0,0,0,0,1,0,0,0,0
8RLR1DANG_5088-679-5600-1191,0,0,0,0,1,0,0,0,0
8RLR1DANG_5474-14188-5986-14700,0,0,0,0,1,0,0,0,0
8RLR1DANG_5481-682-5993-1194,0,0,0,0,1,0,0,0,0
8RLR1DANG_6191-14199-6703-14711,0,0,0,0,1,0,0,0,0
8TIZDYUUL_1539-2065-2051-2577,0,0,0,0,0,0,0,0,1
8RLR1DANG_711-709-1223-1221,0,0,0,0,1,0,0,0,0
8TIZDYUUL_1119-2059-1631-2571,0,0,0,0,0,0,0,0,1
8TIZDYUUL_1116-2365-1628-2877,0,0,0,0,0,0,0,0,1
8RLR1DANG_6077-636-6589-1148,0,0,0,0,1,0,0,0,0
8TIZDYUUL_2037-812-2549-1324,0,0,0,0,0,0,0,0,1
8TIZDYUUL_3033-1000-3545-1512,0,0,0,0,0,0,0,0,1
8TIZDYUUL_647-2838-1159-3350,0,0,0,0,0,0,0,0,1
8TIZDYUUL_647-3350-1159-3862,0,0,0,0,0,0,0,0,1
8TTYXWZ84_2304-1423-2816-1935,0,0,1,0,0,0,0,0,0
8U6TJWBGD_1321-1586-1833-2098,0,1,0,0,0,0,0,0,0
8TIZDYUUL_748-2147-1260-2659,0,0,0,0,0,0,0,0,1
8TTYXWZ84_1461-618-1973-1130,0,0,1,0,0,0,0,0,0
8TIZDYUUL_684-4624-1196-5136,0,0,0,0,0,0,0,0,1
8TIZDYUUL_684-4112-1196-4624,0,0,0,0,0,0,0,0,1
8U6TJWBGD_1833-1586-2345-2098,0,1,0,0,0,0,0,0,0
8U6TJWBGD_3699-5393-4211-5905,0,1,0,0,0,0,0,0,0
8U6TJWBGD_4211-5905-4723-6417,0,1,0,0,0,0,0,0,0
8U6TJWBGD_4211-5393-4723-5905,0,1,0,0,0,0,0,0,0
8U6TJWBGD_4269-6750-4781-7262,0,1,0,0,0,0,0,0,0
8U6TJWBGD_4092-6377-4604-6889,0,1,0,0,0,0,0,0,0
8U6TJWBGD_4269-7262-4781-7774,0,1,0,0,0,0,0,0,0
8U6TJWBGD_3699-5905-4211-6417,0,1,0,0,0,0,0,0,0
8U6TJWBGD_4723-5393-5235-5905,0,1,0,0,0,0,0,0,0
8U6TJWBGD_4496-6312-5008-6824,0,1,0,0,0,0,0,0,0
8U6TJWBGD_4496-5800-5008-6312,0,1,0,0,0,0,0,0,0
8U6TJWBGD_4723-5905-5235-6417,0,1,0,0,0,0,0,0,0
8U6TJWBGD_4781-6750-5293-7262,0,1,0,0,0,0,0,0,0
8U6TJWBGD_4781-7262-5293-7774,0,1,0,0,0,0,0,0,0
8U6TJWBGD_5008-5800-5520-6312,0,1,0,0,0,0,0,0,0
8U6TJWBGD_5008-6312-5520-6824,0,1,0,0,0,0,0,0,0
8U6TJWBGD_5002-5461-5514-5973,0,1,0,0,0,0,0,0,0
8U6TJWBGD_5105-8413-5617-8925,0,1,0,0,0,0,0,0,0
8U6TJWBGD_5617-8413-6129-8925,0,1,0,0,0,0,0,0,0
8U6TJWBGD_5636-2593-6148-3105,0,1,0,0,0,0,0,0,0
8U6TJWBGD_5124-2593-5636-3105,0,1,0,0,0,0,0,0,0
8U6TJWBGD_5497-4971-6009-5483,0,1,0,0,0,0,0,0,0
8U6TJWBGD_5497-5483-6009-5995,0,1,0,0,0,0,0,0,0
8U6TJWBGD_5520-6312-6032-6824,0,1,0,0,0,0,0,0,0
8U6TJWBGD_5497-5995-6009-6507,0,1,0,0,0,0,0,0,0
8U6TJWBGD_5124-3105-5636-3617,0,1,0,0,0,0,0,0,0
8U6TJWBGD_6009-4971-6521-5483,0,1,0,0,0,0,0,0,0
8U6TJWBGD_5636-3105-6148-3617,0,1,0,0,0,0,0,0,0
8U6TJWBGD_5886-2206-6398-2718,0,1,0,0,0,0,0,0,0
8U6TJWBGD_5886-2718-6398-3230,0,1,0,0,0,0,0,0,0
8U6TJWBGD_6009-5483-6521-5995,0,1,0,0,0,0,0,0,0
8U6TJWBGD_6148-2593-6660-3105,0,1,0,0,0,0,0,0,0
8U6TJWBGD_6148-3105-6660-3617,0,1,0,0,0,0,0,0,0
8U6TJWBGD_6246-8119-6758-8631,0,1,0,0,0,0,0,0,0
8U6TJWBGD_6380-8426-6892-8938,0,1,0,0,0,0,0,0,0
8U6TJWBGD_6521-4971-7033-5483,0,1,0,0,0,0,0,0,0
8U6TJWBGD_6660-2593-7172-3105,0,1,0,0,0,0,0,0,0
8U6TJWBGD_7033-4971-7545-5483,0,1,0,0,0,0,0,0,0
8U6TJWBGD_6521-5483-7033-5995,0,1,0,0,0,0,0,0,0
8U6TJWBGD_6933-8050-7445-8562,0,1,0,0,0,0,0,0,0
8U6TJWBGD_6660-3105-7172-3617,0,1,0,0,0,0,0,0,0
8U6TJWBGD_6933-7538-7445-8050,0,1,0,0,0,0,0,0,0
8U6TJWBGD_7033-5483-7545-5995,0,1,0,0,0,0,0,0,0
8U6TJWBGD_6892-8426-7404-8938,0,1,0,0,0,0,0,0,0
8U6TJWBGD_7172-3105-7684-3617,0,1,0,0,0,0,0,0,0
8U6TJWBGD_7033-5995-7545-6507,0,1,0,0,0,0,0,0,0
8U6TJWBGD_7172-2593-7684-3105,0,1,0,0,0,0,0,0,0
8U6TJWBGD_7263-1060-7775-1572,0,1,0,0,0,0,0,0,0
8U6TJWBGD_7263-1572-7775-2084,0,1,0,0,0,0,0,0,0
8VA2XC7VU_1284-7002-1796-7514,0,0,0,1,0,0,0,0,0
8VA2XC7VU_1971-3128-2483-3640,0,0,0,1,0,0,0,0,0
8VA2XC7VU_1223-5872-1735-6384,0,0,0,1,0,0,0,0,0
8VA2XC7VU_1644-1649-2156-2161,0,0,0,1,0,0,0,0,0
8VA2XC7VU_2156-1649-2668-2161,0,0,0,1,0,0,0,0,0
8VA2XC7VU_3261-6484-3773-6996,0,0,0,1,0,0,0,0,0
8VA2XC7VU_2579-3094-3091-3606,0,0,0,1,0,0,0,0,0
8VA2XC7VU_2576-2232-3088-2744,0,0,0,1,0,0,0,0,0
8VA2XC7VU_3091-3094-3603-3606,0,0,0,1,0,0,0,0,0
8VA2XC7VU_3088-2232-3600-2744,0,0,0,1,0,0,0,0,0
8VA2XC7VU_3261-7508-3773-8020,0,0,0,1,0,0,0,0,0
8VA2XC7VU_347-4750-859-5262,0,0,0,1,0,0,0,0,0
8VA2XC7VU_3261-6996-3773-7508,0,0,0,1,0,0,0,0,0
8VA2XC7VU_3603-3094-4115-3606,0,0,0,1,0,0,0,0,0
8VA2XC7VU_347-5774-859-6286,0,0,0,1,0,0,0,0,0
8VA2XC7VU_347-5262-859-5774,0,0,0,1,0,0,0,0,0
8VA2XC7VU_3773-6484-4285-6996,0,0,0,1,0,0,0,0,0
8VA2XC7VU_4285-8020-4797-8532,0,0,0,1,0,0,0,0,0
8VA2XC7VU_3798-3649-4310-4161,0,0,0,1,0,0,0,0,0
8VA2XC7VU_4285-7508-4797-8020,0,0,0,1,0,0,0,0,0
8VA2XC7VU_3773-7508-4285-8020,0,0,0,1,0,0,0,0,0
8VA2XC7VU_4285-6996-4797-7508,0,0,0,1,0,0,0,0,0
8VA2XC7VU_4328-3439-4840-3951,0,0,0,1,0,0,0,0,0
8VA2XC7VU_4505-6037-5017-6549,0,0,0,1,0,0,0,0,0
8VA2XC7VU_4797-6484-5309-6996,0,0,0,1,0,0,0,0,0
8VA2XC7VU_4797-7508-5309-8020,0,0,0,1,0,0,0,0,0
8VA2XC7VU_4606-3897-5118-4409,0,0,0,1,0,0,0,0,0
8VA2XC7VU_4797-8020-5309-8532,0,0,0,1,0,0,0,0,0
8VA2XC7VU_4606-4409-5118-4921,0,0,0,1,0,0,0,0,0
8VA2XC7VU_4797-8532-5309-9044,0,0,0,1,0,0,0,0,0
8VA2XC7VU_5017-6037-5529-6549,0,0,0,1,0,0,0,0,0
8VA2XC7VU_5309-7508-5821-8020,0,0,0,1,0,0,0,0,0
8VA2XC7VU_5309-8020-5821-8532,0,0,0,1,0,0,0,0,0
8VA2XC7VU_5118-3897-5630-4409,0,0,0,1,0,0,0,0,0
8VA2XC7VU_5118-4409-5630-4921,0,0,0,1,0,0,0,0,0
8VA2XC7VU_5309-8532-5821-9044,0,0,0,1,0,0,0,0,0
8VA2XC7VU_7103-5845-7615-6357,0,0,0,1,0,0,0,0,0
8VA2XC7VU_7615-5845-8127-6357,0,0,0,1,0,0,0,0,0
8VA2XC7VU_7615-6357-8127-6869,0,0,0,1,0,0,0,0,0
8VA2XC7VU_7103-6357-7615-6869,0,0,0,1,0,0,0,0,0
8VBADR4KG_528-297-1040-809,0,0,1,0,0,0,0,0,0
8VA2XC7VU_8127-6869-8639-7381,0,0,0,1,0,0,0,0,0
8VBADR4KG_318-554-830-1066,0,0,1,0,0,0,0,0,0
8VA2XC7VU_9054-7747-9566-8259,0,0,0,1,0,0,0,0,0
8W6RLYAMM_4443-3388-4955-3900,0,0,1,0,0,0,0,0,0
8VA2XC7VU_7615-6869-8127-7381,0,0,0,1,0,0,0,0,0
8VA2XC7VU_9566-7747-10078-8259,0,0,0,1,0,0,0,0,0
8W6RLYAMM_5093-1744-5605-2256,0,0,1,0,0,0,0,0,0
8W6RLYAMM_5080-1422-5592-1934,0,0,1,0,0,0,0,0,0
8W7LZ8R16_1597-3506-2109-4018,0,0,0,0,0,0,1,0,0
8W7LZ8R16_2182-11922-2694-12434,0,0,0,0,0,0,1,0,0
8W7LZ8R16_1597-4018-2109-4530,0,0,0,0,0,0,1,0,0
8W7LZ8R16_2109-3506-2621-4018,0,0,0,0,0,0,1,0,0
8W7LZ8R16_2694-11922-3206-12434,0,0,0,0,0,0,1,0,0
8W7LZ8R16_2621-2994-3133-3506,0,0,0,0,0,0,1,0,0
8W7LZ8R16_2621-3506-3133-4018,0,0,0,0,0,0,1,0,0
8W7LZ8R16_3206-11922-3718-12434,0,0,0,0,0,0,1,0,0
8W7LZ8R16_3133-2994-3645-3506,0,0,0,0,0,0,1,0,0
8W7LZ8R16_3645-2994-4157-3506,0,0,0,0,0,0,1,0,0
8W7LZ8R16_4157-1970-4669-2482,0,0,0,0,0,0,1,0,0
8W7LZ8R16_3718-11410-4230-11922,0,0,0,0,0,0,1,0,0
8W7LZ8R16_4669-1970-5181-2482,0,0,0,0,0,0,1,0,0
8W7LZ8R16_3645-2482-4157-2994,0,0,0,0,0,0,1,0,0
8W7LZ8R16_4157-2482-4669-2994,0,0,0,0,0,0,1,0,0
8W7LZ8R16_4742-11410-5254-11922,0,0,0,0,0,0,1,0,0
8W7LZ8R16_4230-11410-4742-11922,0,0,0,0,0,0,1,0,0
8W7LZ8R16_4669-1458-5181-1970,0,0,0,0,0,0,1,0,0
8W7LZ8R16_5254-11410-5766-11922,0,0,0,0,0,0,1,0,0
8W7LZ8R16_5766-11410-6278-11922,0,0,0,0,0,0,1,0,0
8W7LZ8R16_5181-1458-5693-1970,0,0,0,0,0,0,1,0,0
8W7LZ8R16_5766-10898-6278-11410,0,0,0,0,0,0,1,0,0
8W7LZ8R16_6278-10386-6790-10898,0,0,0,0,0,0,1,0,0
8W7LZ8R16_6790-10386-7302-10898,0,0,0,0,0,0,1,0,0
8W7LZ8R16_6790-9874-7302-10386,0,0,0,0,0,0,1,0,0
8W7LZ8R16_7302-9362-7814-9874,0,0,0,0,0,0,1,0,0
8W7LZ8R16_6278-10898-6790-11410,0,0,0,0,0,0,1,0,0
8W7LZ8R16_7814-6802-8326-7314,0,0,0,0,0,0,1,0,0
8W7LZ8R16_7814-6290-8326-6802,0,0,0,0,0,0,1,0,0
8W7LZ8R16_7814-5778-8326-6290,0,0,0,0,0,0,1,0,0
8W7LZ8R16_7302-9874-7814-10386,0,0,0,0,0,0,1,0,0
8W7LZ8R16_7814-9362-8326-9874,0,0,0,0,0,0,1,0,0
8W7LZ8R16_7814-8850-8326-9362,0,0,0,0,0,0,1,0,0
8W7LZ8R16_7814-7826-8326-8338,0,0,0,0,0,0,1,0,0
8W7LZ8R16_7814-8338-8326-8850,0,0,0,0,0,0,1,0,0
8W7LZ8R16_7814-7314-8326-7826,0,0,0,0,0,0,1,0,0
8W7LZ8R16_9350-5266-9862-5778,0,0,0,0,0,0,1,0,0
8WC7F4VF4_1347-5668-1859-6180,1,0,0,0,0,0,0,0,0
8W7LZ8R16_8326-5778-8838-6290,0,0,0,0,0,0,1,0,0
8W7LZ8R16_8838-5778-9350-6290,0,0,0,0,0,0,1,0,0
8WTKTB2G1_12321-9026-12833-9538,0,0,0,0,0,1,0,0,0
8WTKTB2G1_13542-4440-14054-4952,0,0,0,0,0,1,0,0,0
8WTKTB2G1_13542-4952-14054-5464,0,0,0,0,0,1,0,0,0
8WC7F4VF4_3881-8221-4393-8733,1,0,0,0,0,0,0,0,0
8WC7F4VF4_835-5668-1347-6180,1,0,0,0,0,0,0,0,0
8WTKTB2G1_13601-11433-14113-11945,0,0,0,0,0,1,0,0,0
8WTKTB2G1_13542-7000-14054-7512,0,0,0,0,0,1,0,0,0
8WTKTB2G1_13542-5464-14054-5976,0,0,0,0,0,1,0,0,0
8WTKTB2G1_13601-10921-14113-11433,0,0,0,0,0,1,0,0,0
8WTKTB2G1_13542-5976-14054-6488,0,0,0,0,0,1,0,0,0
8WTKTB2G1_13542-6488-14054-7000,0,0,0,0,0,1,0,0,0
8WTKTB2G1_13601-11945-14113-12457,0,0,0,0,0,1,0,0,0
8WTKTB2G1_13601-10409-14113-10921,0,0,0,0,0,1,0,0,0
8WTKTB2G1_13604-7642-14116-8154,0,0,0,0,0,1,0,0,0
8WTKTB2G1_13604-9178-14116-9690,0,0,0,0,0,1,0,0,0
8WTKTB2G1_13604-8666-14116-9178,0,0,0,0,0,1,0,0,0
8WTKTB2G1_13604-8154-14116-8666,0,0,0,0,0,1,0,0,0
8WTKTB2G1_13604-9690-14116-10202,0,0,0,0,0,1,0,0,0
8WTKTB2G1_9026-6724-9538-7236,0,0,0,0,0,1,0,0,0
8WTKTB2G1_9026-6212-9538-6724,0,0,0,0,0,1,0,0,0
8WTKTB2G1_9026-7748-9538-8260,0,0,0,0,0,1,0,0,0
8WTKTB2G1_9026-7236-9538-7748,0,0,0,0,0,1,0,0,0
8X9NQIHZI_1897-977-2409-1489,0,0,1,0,0,0,0,0,0
8X9NQIHZI_549-571-1061-1083,0,0,1,0,0,0,0,0,0
8X9NQIHZI_5178-2158-5690-2670,0,0,1,0,0,0,0,0,0
8X9NQIHZI_5436-2934-5948-3446,0,0,1,0,0,0,0,0,0
8X9NQIHZI_414-778-926-1290,0,0,1,0,0,0,0,0,0
8XFBJKD1E_1562-1088-2074-1600,0,0,1,0,0,0,0,0,0
8XFBJKD1E_1165-1557-1677-2069,0,0,1,0,0,0,0,0,0
8XFBJKD1E_1050-1088-1562-1600,0,0,1,0,0,0,0,0,0
8X9NQIHZI_2016-752-2528-1264,0,0,1,0,0,0,0,0,0
8XFBJKD1E_2701-1557-3213-2069,0,0,1,0,0,0,0,0,0
8XFBJKD1E_1677-1557-2189-2069,0,0,1,0,0,0,0,0,0
8XFBJKD1E_2569-1064-3081-1576,0,0,1,0,0,0,0,0,0
8XFBJKD1E_2189-1557-2701-2069,0,0,1,0,0,0,0,0,0
8XFBJKD1E_479-580-991-1092,0,0,1,0,0,0,0,0,0
8XY6ZAPU4_1282-13574-1794-14086,0,0,1,0,0,0,0,0,0
8XFBJKD1E_637-987-1149-1499,0,0,1,0,0,0,0,0,0
8XY6ZAPU4_1229-14566-1741-15078,0,0,1,0,0,0,0,0,0
8XY6ZAPU4_1699-13138-2211-13650,0,0,1,0,0,0,0,0,0
8XY6ZAPU4_1776-12720-2288-13232,0,0,1,0,0,0,0,0,0
8XY6ZAPU4_2495-13149-3007-13661,0,0,1,0,0,0,0,0,0
8XY6ZAPU4_3301-13874-3813-14386,0,0,1,0,0,0,0,0,0
8XY6ZAPU4_3433-14181-3945-14693,0,0,1,0,0,0,0,0,0
8XY6ZAPU4_2673-12820-3185-13332,0,0,1,0,0,0,0,0,0
8XY6ZAPU4_2800-13232-3312-13744,0,0,1,0,0,0,0,0,0
8XY6ZAPU4_2288-12720-2800-13232,0,0,1,0,0,0,0,0,0
8XY6ZAPU4_3064-13645-3576-14157,0,0,1,0,0,0,0,0,0
8XY6ZAPU4_3892-16021-4404-16533,0,0,1,0,0,0,0,0,0
8XY6ZAPU4_4775-12031-5287-12543,0,0,1,0,0,0,0,0,0
8XY6ZAPU4_4149-15720-4661-16232,0,0,1,0,0,0,0,0,0
8XY6ZAPU4_5151-9119-5663-9631,0,0,1,0,0,0,0,0,0
8XY6ZAPU4_4775-12543-5287-13055,0,0,1,0,0,0,0,0,0
8XY6ZAPU4_4356-14013-4868-14525,0,0,1,0,0,0,0,0,0
8XY6ZAPU4_5824-16381-6336-16893,0,0,1,0,0,0,0,0,0
8XY6ZAPU4_5876-13417-6388-13929,0,0,1,0,0,0,0,0,0
8XY6ZAPU4_6142-13921-6654-14433,0,0,1,0,0,0,0,0,0
8XY6ZAPU4_6170-16051-6682-16563,0,0,1,0,0,0,0,0,0
8XY6ZAPU4_6416-16283-6928-16795,0,0,1,0,0,0,0,0,0
8XY6ZAPU4_644-15957-1156-16469,0,0,1,0,0,0,0,0,0
8XY6ZAPU4_6430-15795-6942-16307,0,0,1,0,0,0,0,0,0
8XY6ZAPU4_6428-14406-6940-14918,0,0,1,0,0,0,0,0,0
8XY6ZAPU4_684-15091-1196-15603,0,0,1,0,0,0,0,0,0
8XY6ZAPU4_684-15603-1196-16115,0,0,1,0,0,0,0,0,0
8XY6ZAPU4_6839-15856-7351-16368,0,0,1,0,0,0,0,0,0
8XY6ZAPU4_720-13714-1232-14226,0,0,1,0,0,0,0,0,0
8XY6ZAPU4_823-14706-1335-15218,0,0,1,0,0,0,0,0,0
8Z37NI7LB_10003-13517-10515-14029,0,0,1,0,0,0,0,0,0
8Z37NI7LB_10003-15053-10515-15565,0,0,1,0,1,0,0,0,0
8XY6ZAPU4_933-14042-1445-14554,0,0,1,0,0,0,0,0,0
8XY6ZAPU4_912-13569-1424-14081,0,0,1,0,0,0,0,0,0
8Z37NI7LB_10003-15565-10515-16077,0,0,1,0,0,0,0,0,0
8Z37NI7LB_10003-8909-10515-9421,0,0,1,0,0,0,0,0,0
8Z37NI7LB_10003-9421-10515-9933,0,0,1,0,0,0,0,0,0
8Z37NI7LB_10111-9169-10623-9681,0,0,1,0,0,0,0,0,0
8Z37NI7LB_10474-22434-10986-22946,0,0,0,0,1,0,0,0,0
8Z37NI7LB_10474-22946-10986-23458,0,0,1,0,1,0,0,0,0
8Z37NI7LB_10515-13005-11027-13517,0,0,1,0,0,0,0,0,0
8Z37NI7LB_10515-21709-11027-22221,0,0,1,0,0,0,0,0,0
8Z37NI7LB_10515-13517-11027-14029,0,0,1,0,0,0,0,0,0
8Z37NI7LB_10474-27042-10986-27554,0,0,1,0,1,1,0,0,0
8Z37NI7LB_10515-21197-11027-21709,0,0,1,0,0,0,0,0,0
8Z37NI7LB_10515-5325-11027-5837,0,0,1,0,0,0,0,0,0
8Z37NI7LB_10515-5837-11027-6349,0,0,1,0,0,0,0,0,0
8Z37NI7LB_10515-23245-11027-23757,0,0,1,0,1,0,0,0,0
8Z37NI7LB_10515-8909-11027-9421,0,0,1,0,0,0,0,0,0
8Z37NI7LB_10515-9421-11027-9933,0,0,1,0,0,0,0,0,0
8Z37NI7LB_10515-6349-11027-6861,0,0,1,0,0,0,0,0,0
8Z37NI7LB_10986-27042-11498-27554,0,0,1,0,1,0,0,0,0
8Z37NI7LB_10986-22434-11498-22946,0,0,1,0,1,0,0,0,0
8Z37NI7LB_11027-13005-11539-13517,0,0,1,0,0,0,0,0,0
8Z37NI7LB_11027-16589-11539-17101,0,0,1,0,1,0,0,0,0
8Z37NI7LB_11027-17613-11539-18125,0,0,1,0,1,0,0,0,0
8Z37NI7LB_11027-17101-11539-17613,0,0,1,0,1,0,0,0,0
8Z37NI7LB_11027-5837-11539-6349,0,0,1,0,0,0,0,0,0
8Z37NI7LB_11027-4813-11539-5325,0,0,1,0,0,0,0,0,0
8Z37NI7LB_11027-9421-11539-9933,0,0,1,0,0,0,0,0,0
8Z37NI7LB_11498-22434-12010-22946,0,0,1,0,0,0,0,0,0
8Z37NI7LB_11027-20173-11539-20685,0,0,1,0,1,0,0,0,0
8Z37NI7LB_11027-8909-11539-9421,0,0,1,0,0,0,0,0,0
8Z37NI7LB_11027-6349-11539-6861,0,0,1,0,0,0,0,0,0
8Z37NI7LB_11027-20685-11539-21197,0,0,1,0,1,0,0,0,0
8Z37NI7LB_11027-22733-11539-23245,0,0,1,0,1,0,0,0,0
8Z37NI7LB_11539-13005-12051-13517,0,0,1,0,0,0,0,0,0
8Z37NI7LB_11498-25506-12010-26018,0,0,1,0,0,0,0,0,0
8Z37NI7LB_11539-12493-12051-13005,0,0,1,0,0,0,0,0,0
8Z37NI7LB_11539-18637-12051-19149,0,0,1,0,0,0,0,0,0
8Z37NI7LB_11539-18125-12051-18637,0,0,1,0,1,0,0,0,0
8Z37NI7LB_11539-19149-12051-19661,0,0,1,0,1,0,0,0,0
8Z37NI7LB_11539-19661-12051-20173,0,0,1,0,1,0,0,0,0
8Z37NI7LB_11539-20685-12051-21197,0,0,1,0,1,0,0,0,0
8Z37NI7LB_11539-20173-12051-20685,0,0,1,0,1,0,0,0,0
8Z37NI7LB_12010-22434-12522-22946,0,0,1,0,0,0,0,0,0
8Z37NI7LB_1168-1521-1680-2033,0,0,1,0,0,0,0,0,0
8Z37NI7LB_11539-4301-12051-4813,0,0,1,0,0,0,0,0,0
8Z37NI7LB_11539-5325-12051-5837,0,0,1,0,0,0,0,0,0
8Z37NI7LB_11539-4813-12051-5325,0,0,1,0,0,0,0,0,0
8Z37NI7LB_12010-25506-12522-26018,0,0,1,0,1,0,0,0,0
8Z37NI7LB_1168-1009-1680-1521,0,0,1,0,1,0,0,0,0
8Z37NI7LB_1168-497-1680-1009,0,0,1,0,0,1,0,0,0
8Z37NI7LB_11539-22733-12051-23245,0,0,1,0,0,0,0,0,0
8Z37NI7LB_12035-21000-12547-21512,0,0,1,0,0,0,0,0,0
8Z37NI7LB_12010-26018-12522-26530,0,0,1,0,0,0,0,0,0
8Z37NI7LB_12051-12493-12563-13005,0,0,1,0,0,0,0,0,0
8Z37NI7LB_12051-13005-12563-13517,0,0,1,0,0,0,0,0,0
8Z37NI7LB_12051-20685-12563-21197,0,0,1,0,0,0,0,0,0
8Z37NI7LB_12051-21709-12563-22221,0,0,1,0,0,0,0,0,0
8Z37NI7LB_12051-5837-12563-6349,0,0,1,0,0,0,0,0,0
8Z37NI7LB_12051-5325-12563-5837,0,0,1,0,0,0,0,0,0
8Z37NI7LB_12051-4813-12563-5325,0,0,1,0,0,0,0,0,0
8Z37NI7LB_12522-26530-13034-27042,0,0,1,0,1,1,0,0,0
8Z37NI7LB_12051-7885-12563-8397,0,0,1,0,0,0,0,0,0
8Z37NI7LB_12051-7373-12563-7885,0,0,1,0,0,0,0,0,0
8Z37NI7LB_12522-22946-13034-23458,0,0,1,0,0,0,0,0,0
8Z37NI7LB_12051-6861-12563-7373,0,0,1,0,0,0,0,0,0
8Z37NI7LB_12563-12493-13075-13005,0,0,1,0,0,0,0,0,0
8Z37NI7LB_12051-8397-12563-8909,0,0,1,0,0,0,0,0,0
8Z37NI7LB_12522-27042-13034-27554,0,0,1,0,1,1,0,0,0
8Z37NI7LB_12563-5837-13075-6349,0,0,1,0,0,0,0,0,0
8Z37NI7LB_12563-5325-13075-5837,0,0,1,0,0,0,0,0,0
8Z37NI7LB_12563-22221-13075-22733,0,0,1,0,0,0,0,0,0
8Z37NI7LB_12563-6861-13075-7373,0,0,1,0,0,0,0,0,0
8Z37NI7LB_12563-7885-13075-8397,0,0,1,0,0,0,0,0,0
8Z37NI7LB_12563-7373-13075-7885,0,0,1,0,0,0,0,0,0
8Z37NI7LB_13075-11981-13587-12493,0,0,1,0,0,0,0,0,0
8Z37NI7LB_13075-12493-13587-13005,0,0,1,0,0,0,0,0,0
8Z37NI7LB_13075-23245-13587-23757,0,0,1,0,0,0,0,0,0
8Z37NI7LB_13075-22733-13587-23245,0,0,1,0,0,0,0,0,0
8Z37NI7LB_13546-22946-14058-23458,0,0,1,0,0,0,0,0,0
8Z37NI7LB_13075-5325-13587-5837,0,0,1,0,0,0,0,0,0
8Z37NI7LB_13075-3789-13587-4301,0,0,1,0,0,0,0,0,0
8Z37NI7LB_13075-6861-13587-7373,0,0,1,0,0,0,0,0,0
8Z37NI7LB_13075-7373-13587-7885,0,0,1,0,0,0,0,0,0
8Z37NI7LB_13075-5837-13587-6349,0,0,1,0,0,0,0,0,0
8Z37NI7LB_13587-11981-14099-12493,0,0,1,0,0,0,0,0,0
8Z37NI7LB_13587-3277-14099-3789,0,0,1,0,0,0,0,0,0
8Z37NI7LB_13587-23757-14099-24269,0,0,1,0,0,0,0,0,0
8Z37NI7LB_13587-23245-14099-23757,0,0,1,0,0,0,0,0,0
8Z37NI7LB_13587-2765-14099-3277,0,0,1,0,0,0,0,0,0
8Z37NI7LB_13587-3789-14099-4301,0,0,1,0,0,0,0,0,0
8Z37NI7LB_13587-4301-14099-4813,0,0,1,0,0,0,0,0,0
8Z37NI7LB_13587-5325-14099-5837,0,0,1,0,0,0,0,0,0
8Z37NI7LB_13587-5837-14099-6349,0,0,1,0,0,0,0,0,0
8Z37NI7LB_13587-6861-14099-7373,0,0,1,0,0,0,0,0,0
8Z37NI7LB_14058-23458-14570-23970,0,0,1,0,0,0,0,0,0
8Z37NI7LB_13587-6349-14099-6861,0,0,1,0,0,0,0,0,0
8Z37NI7LB_14099-2765-14611-3277,0,0,1,0,0,0,0,0,0
8Z37NI7LB_14099-3789-14611-4301,0,0,1,0,0,0,0,0,0
8Z37NI7LB_14099-3277-14611-3789,0,0,1,0,0,0,0,0,0
8Z37NI7LB_14099-11981-14611-12493,0,0,1,0,0,0,0,0,0
8Z37NI7LB_14058-23970-14570-24482,0,0,1,0,0,0,0,0,0
8Z37NI7LB_14099-4301-14611-4813,0,0,1,0,0,0,0,0,0
8Z37NI7LB_14099-5837-14611-6349,0,0,1,0,0,0,0,0,0
8Z37NI7LB_14611-11469-15123-11981,0,0,1,0,1,0,0,0,0
8Z37NI7LB_14611-2765-15123-3277,0,0,1,0,0,0,0,0,0
8Z37NI7LB_14099-6349-14611-6861,0,0,1,0,0,0,0,0,0
8Z37NI7LB_14570-23970-15082-24482,0,0,1,0,0,0,0,0,0
8Z37NI7LB_14099-5325-14611-5837,0,0,1,0,0,0,0,0,0
8Z37NI7LB_14611-3277-15123-3789,0,0,1,0,0,0,0,0,0
8Z37NI7LB_14611-3789-15123-4301,0,0,1,0,0,0,0,0,0
8Z37NI7LB_14611-4301-15123-4813,0,0,1,0,0,0,0,0,0
8Z37NI7LB_15123-10957-15635-11469,0,0,1,0,1,0,0,0,0
8Z37NI7LB_14611-5325-15123-5837,0,0,1,0,0,0,0,0,0
8Z37NI7LB_15123-11469-15635-11981,0,0,1,0,1,0,0,0,0
8Z37NI7LB_15123-4813-15635-5325,0,0,1,0,0,0,0,0,0
8Z37NI7LB_15123-11981-15635-12493,0,0,1,0,0,0,0,0,0
8Z37NI7LB_15123-23757-15635-24269,0,0,1,0,0,0,0,0,0
8Z37NI7LB_15123-3277-15635-3789,0,0,1,0,0,0,0,0,1
8Z37NI7LB_15123-7885-15635-8397,0,0,1,0,0,0,0,0,0
8Z37NI7LB_15123-5325-15635-5837,0,0,1,0,0,0,0,0,0
8Z37NI7LB_15635-21709-16147-22221,0,0,1,0,0,0,0,0,0
8Z37NI7LB_15635-21197-16147-21709,0,0,1,0,0,0,0,0,0
8Z37NI7LB_15123-8397-15635-8909,0,0,1,0,0,0,0,0,0
8Z37NI7LB_15635-11981-16147-12493,0,0,1,0,1,0,0,0,0
8Z37NI7LB_15635-11469-16147-11981,0,0,1,0,1,0,0,0,0
8Z37NI7LB_15635-23757-16147-24269,0,0,1,0,0,0,0,0,0
8Z37NI7LB_15635-4813-16147-5325,0,0,1,0,0,1,0,0,0
8Z37NI7LB_15635-5325-16147-5837,0,0,1,0,0,0,0,0,0
8Z37NI7LB_15635-8397-16147-8909,0,0,1,0,0,0,0,0,0
8Z37NI7LB_15635-7885-16147-8397,0,0,1,0,0,0,0,0,0
8Z37NI7LB_15635-8909-16147-9421,0,0,1,0,0,0,0,0,0
8Z37NI7LB_16106-22434-16618-22946,0,0,1,0,0,0,0,0,0
8Z37NI7LB_16106-23458-16618-23970,0,0,1,0,0,0,0,0,0
8Z37NI7LB_16147-21197-16659-21709,0,0,1,0,0,0,0,0,0
8Z37NI7LB_16147-11469-16659-11981,0,0,1,0,0,0,0,0,0
8Z37NI7LB_16147-11981-16659-12493,0,0,1,0,1,0,0,0,0
8Z37NI7LB_16147-22733-16659-23245,0,0,1,0,0,0,0,0,0
8Z37NI7LB_16147-21709-16659-22221,0,0,1,0,0,0,0,0,0
8Z37NI7LB_16147-5325-16659-5837,0,0,1,0,0,0,0,0,0
8Z37NI7LB_16147-7885-16659-8397,0,0,1,0,0,0,0,0,0
8Z37NI7LB_16147-4813-16659-5325,0,0,1,0,0,1,0,0,0
8Z37NI7LB_16147-7373-16659-7885,0,0,1,0,0,0,0,0,0
8Z37NI7LB_16147-23757-16659-24269,0,0,1,0,0,0,0,0,0
8Z37NI7LB_16618-22946-17130-23458,0,0,1,0,0,0,0,0,0
8Z37NI7LB_16618-23970-17130-24482,0,0,1,0,0,0,0,0,0
8Z37NI7LB_16659-10957-17171-11469,0,0,1,0,0,0,0,0,0
8Z37NI7LB_16659-18637-17171-19149,0,0,1,0,0,0,0,0,0
8Z37NI7LB_16659-11469-17171-11981,0,0,1,0,0,0,0,0,0
8Z37NI7LB_16659-11981-17171-12493,0,0,1,0,0,0,0,0,0
8Z37NI7LB_16659-22221-17171-22733,0,0,1,0,0,0,0,0,0
8Z37NI7LB_16659-7373-17171-7885,0,0,1,0,0,0,0,0,0
8Z37NI7LB_16659-5325-17171-5837,0,0,1,0,0,1,0,0,0
8Z37NI7LB_16659-6861-17171-7373,0,0,1,0,0,0,0,0,0
8Z37NI7LB_16659-5837-17171-6349,0,0,1,0,0,1,0,0,0
8Z37NI7LB_1680-497-2192-1009,0,0,1,0,1,0,0,0,0
8Z37NI7LB_1680-1521-2192-2033,0,0,1,0,1,1,0,0,0
8Z37NI7LB_17171-11469-17683-11981,0,0,1,0,1,0,0,0,0
8Z37NI7LB_16863-11340-17375-11852,0,0,1,0,0,0,0,0,0
8Z37NI7LB_17130-23970-17642-24482,0,0,1,0,1,0,0,0,0
8Z37NI7LB_17171-18637-17683-19149,0,0,1,0,1,0,0,0,0
8Z37NI7LB_17171-11981-17683-12493,0,0,1,0,1,0,0,0,0
8Z37NI7LB_17171-6349-17683-6861,0,0,1,0,1,0,0,0,0
8Z37NI7LB_17171-5325-17683-5837,0,0,1,0,1,1,0,0,0
8Z37NI7LB_17171-5837-17683-6349,0,0,1,0,1,1,0,0,0
8Z37NI7LB_17642-23458-18154-23970,0,0,1,0,1,0,0,0,0
8Z37NI7LB_17642-22946-18154-23458,0,0,1,0,1,0,0,0,0
8Z37NI7LB_17642-22434-18154-22946,0,0,1,0,1,0,0,0,0
8Z37NI7LB_17642-23970-18154-24482,0,0,1,0,1,0,0,0,0
8Z37NI7LB_17683-10445-18195-10957,0,0,1,0,0,0,0,0,0
8Z37NI7LB_17642-27042-18154-27554,0,0,1,0,0,0,0,0,0
8Z37NI7LB_17683-10957-18195-11469,0,0,1,0,1,0,0,0,0
8Z37NI7LB_17642-24482-18154-24994,0,0,1,0,1,0,0,0,0
8Z37NI7LB_17683-11469-18195-11981,0,0,1,0,1,0,0,0,0
8Z37NI7LB_17683-11981-18195-12493,0,0,1,0,1,0,0,0,0
8Z37NI7LB_17683-12493-18195-13005,0,0,1,0,1,0,0,0,0
8Z37NI7LB_17683-13005-18195-13517,0,0,1,0,1,0,0,0,0
8Z37NI7LB_17683-1229-18195-1741,0,0,1,0,1,0,0,0,0
8Z37NI7LB_17683-13517-18195-14029,0,0,1,0,1,0,0,0,0
8Z37NI7LB_17683-14029-18195-14541,0,0,1,0,1,0,0,0,0
8Z37NI7LB_17683-14541-18195-15053,0,0,1,0,1,0,0,0,0
8Z37NI7LB_17683-15053-18195-15565,0,0,1,0,1,0,0,0,0
8Z37NI7LB_17683-16077-18195-16589,0,0,1,0,1,0,0,0,0
8Z37NI7LB_17683-16589-18195-17101,0,0,1,0,1,0,0,0,0
8Z37NI7LB_17683-15565-18195-16077,0,0,1,0,1,0,0,0,0
8Z37NI7LB_17683-17101-18195-17613,0,0,1,0,1,0,0,0,0
8Z37NI7LB_17683-17613-18195-18125,0,0,1,0,1,0,0,0,0
8Z37NI7LB_17683-18637-18195-19149,0,0,1,0,1,0,0,0,0
8Z37NI7LB_17683-18125-18195-18637,0,0,1,0,1,0,0,0,0
8Z37NI7LB_17683-19149-18195-19661,0,0,1,0,1,0,0,0,0
8Z37NI7LB_17683-1741-18195-2253,0,0,1,0,1,0,0,0,0
8Z37NI7LB_17683-20173-18195-20685,0,0,1,0,1,0,0,0,0
8Z37NI7LB_17683-19661-18195-20173,0,0,1,0,1,0,0,0,0
8Z37NI7LB_17683-20685-18195-21197,0,0,1,0,1,0,0,0,0
8Z37NI7LB_17683-21197-18195-21709,0,0,1,0,1,0,0,0,0
8Z37NI7LB_17683-21709-18195-22221,0,0,1,0,1,0,0,0,0
8Z37NI7LB_17683-2253-18195-2765,0,0,1,0,1,0,0,0,0
8Z37NI7LB_17683-2765-18195-3277,0,0,1,0,1,0,0,0,0
8Z37NI7LB_17683-3789-18195-4301,0,0,1,0,1,0,0,0,0
8Z37NI7LB_17683-3277-18195-3789,0,0,1,0,1,0,0,0,0
8Z37NI7LB_17683-4813-18195-5325,0,0,1,0,1,0,0,0,0
8Z37NI7LB_17683-5325-18195-5837,0,0,1,0,1,0,0,0,0
8Z37NI7LB_17683-4301-18195-4813,0,0,1,0,1,0,0,0,0
8Z37NI7LB_17683-6861-18195-7373,0,0,1,0,1,0,0,0,0
8Z37NI7LB_17683-7373-18195-7885,0,0,1,0,1,0,0,0,0
8Z37NI7LB_17683-6349-18195-6861,0,0,1,0,1,0,0,0,0
8Z37NI7LB_17683-5837-18195-6349,0,0,1,0,1,1,0,0,0
8Z37NI7LB_17683-7885-18195-8397,0,0,1,0,1,0,0,0,0
8Z37NI7LB_17683-717-18195-1229,0,0,1,0,1,1,0,0,0
8Z37NI7LB_17683-8909-18195-9421,0,0,1,0,0,0,0,0,0
8Z37NI7LB_17683-8397-18195-8909,0,0,1,0,0,0,0,0,0
8Z37NI7LB_17683-9933-18195-10445,0,0,1,0,0,0,0,0,0
8Z37NI7LB_17683-9421-18195-9933,0,0,1,0,0,0,0,0,0
8Z37NI7LB_2192-497-2704-1009,0,0,1,0,0,1,0,0,0
8Z37NI7LB_2192-1521-2704-2033,0,0,1,0,1,0,0,0,0
8Z37NI7LB_2323-1741-2835-2253,0,0,1,0,1,0,0,0,0
8Z37NI7LB_2323-2253-2835-2765,0,0,1,0,1,0,0,0,0
8Z37NI7LB_2323-1229-2835-1741,0,0,1,0,1,1,0,0,0
8Z37NI7LB_2704-1009-3216-1521,0,0,1,0,1,1,0,0,0
8Z37NI7LB_2323-2765-2835-3277,0,0,1,0,1,0,0,0,0
8Z37NI7LB_2323-717-2835-1229,0,0,1,0,0,1,0,0,0
8Z37NI7LB_2835-1229-3347-1741,0,0,1,0,1,0,0,0,0
8Z37NI7LB_2704-497-3216-1009,0,0,1,0,0,1,0,0,0
8Z37NI7LB_2835-717-3347-1229,0,0,1,0,0,1,0,0,0
8Z37NI7LB_2835-3277-3347-3789,0,0,1,0,1,0,0,0,0
8Z37NI7LB_2704-1521-3216-2033,0,0,1,0,1,0,0,0,0
8Z37NI7LB_3216-1009-3728-1521,0,0,1,0,1,1,0,0,0
8Z37NI7LB_3216-497-3728-1009,0,0,1,0,0,1,0,0,0
8Z37NI7LB_3347-1229-3859-1741,0,0,1,0,0,0,0,0,0
8Z37NI7LB_3859-717-4371-1229,0,0,1,0,0,0,0,0,0
8Z37NI7LB_3347-717-3859-1229,0,0,1,0,0,1,0,0,0
8Z37NI7LB_4371-717-4883-1229,0,0,1,0,0,0,0,0,0
8Z37NI7LB_4883-5837-5395-6349,0,0,1,0,1,1,0,0,0
8Z37NI7LB_5395-5325-5907-5837,0,0,1,0,0,0,0,0,0
8Z37NI7LB_5907-5325-6419-5837,0,0,1,0,0,0,0,0,0
8Z37NI7LB_4883-717-5395-1229,0,0,1,0,0,0,0,0,0
8Z37NI7LB_5907-8909-6419-9421,0,0,1,0,1,0,0,0,0
8Z37NI7LB_5907-717-6419-1229,0,0,1,0,1,0,0,0,0
8Z37NI7LB_5907-8397-6419-8909,0,0,1,0,1,0,0,0,0
8Z37NI7LB_6419-5325-6931-5837,0,0,1,0,0,0,0,0,0
8Z37NI7LB_656-497-1168-1009,0,0,1,0,0,0,0,0,0
8Z37NI7LB_656-1009-1168-1521,0,0,1,0,0,0,0,0,0
8Z37NI7LB_6419-9933-6931-10445,0,0,1,0,0,0,0,0,0
8Z37NI7LB_6931-10445-7443-10957,0,0,1,0,1,0,0,0,0
8Z37NI7LB_6931-5325-7443-5837,0,0,1,0,0,0,0,0,0
8Z37NI7LB_6931-9421-7443-9933,0,0,1,0,1,0,0,0,0
8Z37NI7LB_6931-9933-7443-10445,0,0,1,0,1,0,0,0,0
8Z37NI7LB_7443-717-7955-1229,0,0,1,0,0,0,0,0,0
8Z37NI7LB_7443-8397-7955-8909,0,0,1,0,0,0,0,0,0
8Z37NI7LB_7443-10445-7955-10957,0,0,1,0,1,0,0,0,0
8Z37NI7LB_7443-8909-7955-9421,0,0,1,0,0,0,0,0,0
8Z37NI7LB_7443-9421-7955-9933,0,0,1,0,0,0,0,0,0
8Z37NI7LB_7443-9933-7955-10445,0,0,1,0,1,0,0,0,0
8Z37NI7LB_7955-10445-8467-10957,0,0,1,0,0,0,0,0,0
8Z37NI7LB_7955-9933-8467-10445,0,0,1,0,0,0,0,0,0
8Z37NI7LB_7955-8397-8467-8909,0,0,1,0,0,0,0,0,0
8Z37NI7LB_7955-13005-8467-13517,0,0,1,0,0,0,0,0,0
8Z37NI7LB_7955-8909-8467-9421,0,0,1,0,0,0,0,0,0
8Z37NI7LB_7955-717-8467-1229,0,0,1,0,1,0,0,0,0
8Z37NI7LB_8426-27042-8938-27554,0,0,1,0,0,1,0,0,0
8Z37NI7LB_8467-13005-8979-13517,0,0,1,0,1,0,0,0,0
8Z37NI7LB_8426-26530-8938-27042,0,0,1,0,0,1,0,0,0
8Z37NI7LB_8467-7885-8979-8397,0,0,1,0,0,0,0,0,0
8Z37NI7LB_8467-9933-8979-10445,0,0,1,0,0,0,0,0,0
8Z37NI7LB_8467-13517-8979-14029,0,0,1,0,1,0,0,0,0
8Z37NI7LB_8938-25506-9450-26018,0,0,1,0,0,0,0,0,0
8Z37NI7LB_8467-8397-8979-8909,0,0,1,0,0,0,0,0,0
8Z37NI7LB_8938-26018-9450-26530,0,0,1,0,0,0,0,0,0
8Z37NI7LB_8979-13517-9491-14029,0,0,1,0,1,0,0,0,0
8Z37NI7LB_8938-27042-9450-27554,0,0,1,0,0,1,0,0,0
8Z37NI7LB_8979-14029-9491-14541,0,0,1,0,1,0,0,0,0
8Z37NI7LB_8979-14541-9491-15053,0,0,1,0,0,0,0,0,0
8Z37NI7LB_8979-7885-9491-8397,0,0,1,0,0,0,0,0,0
8Z37NI7LB_9450-24994-9962-25506,0,0,1,0,0,0,0,0,0
8Z37NI7LB_8979-8397-9491-8909,0,0,1,0,0,0,0,0,0
8Z37NI7LB_8979-9421-9491-9933,0,0,1,0,0,0,0,0,0
8Z37NI7LB_8979-9933-9491-10445,0,0,1,0,0,0,0,0,0
8Z37NI7LB_9450-24482-9962-24994,0,0,1,0,0,0,0,0,0
8Z37NI7LB_9491-13517-10003-14029,0,0,1,0,1,0,0,0,0
8Z37NI7LB_9450-27042-9962-27554,0,0,1,0,1,0,0,0,0
8Z37NI7LB_9491-15053-10003-15565,0,0,1,0,0,0,0,0,0
8Z37NI7LB_9491-9421-10003-9933,0,0,1,0,0,0,0,0,0
8Z37NI7LB_9491-14541-10003-15053,0,0,1,0,1,0,0,0,0
8Z37NI7LB_9491-8909-10003-9421,0,0,1,0,0,0,0,0,0
8Z37NI7LB_9727-9161-10239-9673,0,0,1,0,0,0,0,0,0
8Z37NI7LB_9962-23458-10474-23970,0,0,1,0,0,0,0,0,0
8Z37NI7LB_9962-23970-10474-24482,0,0,1,0,1,0,0,0,0
8Z37NI7LB_9962-27042-10474-27554,0,0,1,0,1,0,0,0,0
8Z8XQA9TQ_1330-370-1842-882,0,0,0,0,0,1,0,0,1
8Z8XQA9TQ_17334-1331-17846-1843,0,0,0,0,1,0,0,0,0
8Z8XQA9TQ_17322-440-17834-952,0,0,0,0,1,0,0,0,0
8Z8XQA9TQ_17346-737-17858-1249,0,0,0,0,1,0,0,0,0
8Z8XQA9TQ_17356-1646-17868-2158,0,0,0,0,1,0,0,0,0
8Z8XQA9TQ_17359-3174-17871-3686,0,0,0,0,1,0,0,0,0
8Z8XQA9TQ_17368-1033-17880-1545,0,0,0,0,1,0,0,0,0
8Z8XQA9TQ_17363-2872-17875-3384,0,0,0,0,1,0,0,0,0
8Z8XQA9TQ_17376-2265-17888-2777,0,0,0,0,1,0,0,0,0
8Z8XQA9TQ_17383-2567-17895-3079,0,0,0,0,1,0,0,0,0
8Z8XQA9TQ_3806-339-4318-851,0,0,0,0,0,1,0,0,1
8Z8XQA9TQ_1816-477-2328-989,0,0,0,0,0,1,0,0,1
8Z8XQA9TQ_2354-370-2866-882,0,0,0,0,0,1,0,0,1
8Z8XQA9TQ_3352-477-3864-989,0,0,0,0,0,1,0,0,1
8Z8XQA9TQ_2840-477-3352-989,0,0,0,0,0,1,0,0,1
8Z8XQA9TQ_4318-339-4830-851,0,0,0,0,0,1,0,0,1
8Z8XQA9TQ_485-2357-997-2869,0,0,0,0,1,1,0,0,0
8Z8XQA9TQ_468-2656-980-3168,0,0,0,0,1,1,0,0,1
8Z8XQA9TQ_497-1746-1009-2258,0,0,0,0,1,1,0,0,0
8Z8XQA9TQ_509-1447-1021-1959,0,0,0,0,1,1,0,0,0
8Z8XQA9TQ_508-2953-1020-3465,0,0,0,0,1,0,0,0,1
8Z8XQA9TQ_529-839-1041-1351,0,0,0,0,1,1,0,0,0
8Z8XQA9TQ_524-1141-1036-1653,0,0,0,0,1,1,0,0,0
8Z8XQA9TQ_524-2051-1036-2563,0,0,0,0,1,1,0,0,0
8Z8XQA9TQ_716-1900-1228-2412,0,0,0,0,1,1,0,0,0
8Z8XQA9TQ_792-477-1304-989,0,0,0,0,1,1,0,0,1
8Z8XQA9TQ_727-2733-1239-3245,0,0,0,0,1,1,0,0,1
91MB8NI61_1462-1879-1974-2391,0,0,1,0,0,0,0,0,0
91MB8NI61_1317-1570-1829-2082,0,0,1,0,0,0,0,0,0
91MB8NI61_1081-2274-1593-2786,0,0,1,0,0,0,0,0,0
91MB8NI61_1534-2653-2046-3165,0,0,1,0,0,0,0,0,0
91MB8NI61_1022-2653-1534-3165,0,0,1,0,0,0,0,0,0
91MB8NI61_1317-2082-1829-2594,0,0,1,0,0,0,0,0,0
91MB8NI61_1538-3232-2050-3744,0,0,1,0,0,0,0,0,0
91MB8NI61_1616-1045-2128-1557,0,0,1,0,0,0,0,0,0
91MB8NI61_1669-509-2181-1021,0,0,1,0,0,0,0,0,0
91MB8NI61_2198-2334-2710-2846,0,0,1,0,0,0,0,0,0
91MB8NI61_1732-762-2244-1274,0,0,1,0,0,0,0,0,0
91MB8NI61_1921-620-2433-1132,0,0,1,0,0,0,0,0,0
91MB8NI61_1976-3157-2488-3669,0,0,1,0,0,0,0,0,0
91MB8NI61_1951-1123-2463-1635,0,0,1,0,0,0,0,0,0
91MB8NI61_1976-2645-2488-3157,0,0,1,0,0,0,0,0,0
91MB8NI61_2276-514-2788-1026,0,0,1,0,0,0,0,0,0
91MB8NI61_2415-2207-2927-2719,0,0,1,0,0,0,0,0,0
91MB8NI61_2353-2733-2865-3245,0,0,1,0,0,0,0,0,0
91MB8NI61_749-1285-1261-1797,0,0,1,0,0,0,0,0,0
926LRI9BU_10076-1891-10588-2403,0,1,0,0,0,0,0,0,0
91MB8NI61_749-1797-1261-2309,0,0,1,0,0,0,0,0,0
926LRI9BU_10097-3549-10609-4061,0,1,0,0,0,0,0,0,0
926LRI9BU_1044-2900-1556-3412,0,1,0,0,0,0,0,0,0
91MB8NI61_766-2410-1278-2922,0,0,1,0,0,0,0,0,0
926LRI9BU_1044-3412-1556-3924,0,1,0,0,0,0,0,0,0
926LRI9BU_1556-3412-2068-3924,0,1,0,0,0,0,0,0,0
926LRI9BU_2068-3412-2580-3924,0,1,0,0,0,0,0,0,0
926LRI9BU_1556-2900-2068-3412,0,1,0,0,0,0,0,0,0
926LRI9BU_2747-3771-3259-4283,0,1,0,0,0,0,1,0,0
926LRI9BU_2068-2900-2580-3412,0,1,0,0,0,0,0,0,0
926LRI9BU_2580-2900-3092-3412,0,1,0,0,0,0,0,0,0
926LRI9BU_2580-3412-3092-3924,0,1,0,0,0,0,0,0,0
926LRI9BU_3518-4225-4030-4737,0,1,0,0,0,0,0,0,0
926LRI9BU_4088-3176-4600-3688,0,0,0,0,0,0,1,0,0
926LRI9BU_3576-3176-4088-3688,0,0,0,0,0,0,1,0,0
926LRI9BU_4824-5476-5336-5988,0,1,0,0,0,0,0,0,0
926LRI9BU_4312-4964-4824-5476,0,1,0,0,0,0,0,0,0
926LRI9BU_4842-1939-5354-2451,0,1,0,0,0,0,0,0,0
926LRI9BU_5426-2506-5938-3018,0,1,0,0,0,0,1,0,0
926LRI9BU_4914-5066-5426-5578,0,1,0,0,0,0,0,0,0
926LRI9BU_5426-1994-5938-2506,0,1,0,0,0,0,1,0,0
926LRI9BU_4914-970-5426-1482,0,0,0,0,0,0,1,0,0
926LRI9BU_5426-3018-5938-3530,0,0,0,0,0,0,1,0,0
926LRI9BU_5426-3530-5938-4042,0,0,0,0,0,0,1,0,0
926LRI9BU_5615-1367-6127-1879,0,0,0,0,0,0,1,0,0
926LRI9BU_5426-970-5938-1482,0,0,0,0,0,0,1,0,0
926LRI9BU_5716-2275-6228-2787,0,1,0,0,0,0,0,0,0
926LRI9BU_5426-4554-5938-5066,0,0,0,0,0,0,1,0,0
926LRI9BU_5426-4042-5938-4554,0,0,0,0,0,0,1,0,0
926LRI9BU_5938-1994-6450-2506,0,1,0,0,0,0,0,0,0
926LRI9BU_5938-4554-6450-5066,0,0,0,0,0,0,1,0,0
926LRI9BU_5938-1482-6450-1994,0,0,0,0,0,0,1,0,0
926LRI9BU_5938-2506-6450-3018,0,1,0,0,0,0,0,0,0
926LRI9BU_6591-1982-7103-2494,0,1,0,0,0,0,0,0,0
926LRI9BU_6639-1367-7151-1879,0,0,0,0,0,0,1,0,0
926LRI9BU_5938-5066-6450-5578,0,0,0,0,0,0,1,0,0
926LRI9BU_7151-1367-7663-1879,0,0,0,0,0,0,1,0,0
926LRI9BU_6859-5634-7371-6146,0,0,0,0,0,0,1,0,0
926LRI9BU_7103-1982-7615-2494,0,1,0,0,0,0,0,0,0
926LRI9BU_7615-1982-8127-2494,0,1,0,0,0,0,0,0,0
926LRI9BU_8561-3549-9073-4061,0,1,0,0,0,0,0,0,0
926LRI9BU_7908-4613-8420-5125,0,1,0,0,0,0,0,0,0
926LRI9BU_7663-1367-8175-1879,0,0,0,0,0,0,1,0,0
926LRI9BU_8687-1367-9199-1879,0,0,0,0,0,0,1,0,0
926LRI9BU_9073-3549-9585-4061,0,1,0,0,0,0,0,0,0
926LRI9BU_8420-4613-8932-5125,0,1,0,0,0,0,0,0,0
926LRI9BU_9199-1367-9711-1879,0,0,0,0,0,0,1,0,0
926LRI9BU_9711-1367-10223-1879,0,0,0,0,0,0,1,0,0
926LRI9BU_8175-1367-8687-1879,0,0,0,0,0,0,1,0,0
926LRI9BU_9585-3549-10097-4061,0,1,0,0,0,0,0,0,0
92BCUR94Q_276-963-788-1475,0,0,0,0,0,1,0,0,0
92BCUR94Q_1174-4226-1686-4738,0,0,0,0,0,1,0,0,0
92BCUR94Q_284-539-796-1051,0,0,0,0,0,1,0,0,0
92BCUR94Q_1899-732-2411-1244,0,0,0,0,0,1,0,0,0
92BCUR94Q_304-2832-816-3344,0,0,0,0,0,1,0,0,0
92BCUR94Q_295-1594-807-2106,0,0,0,0,0,1,0,0,0
92BCUR94Q_293-1253-805-1765,0,0,0,0,0,1,0,0,0
92BKDFI7I_1413-550-1925-1062,0,0,1,0,0,0,0,0,0
92BKDFI7I_2159-4669-2671-5181,0,0,1,0,0,0,0,0,0
92BKDFI7I_2437-550-2949-1062,0,0,1,0,0,0,0,0,0
92BKDFI7I_2886-585-3398-1097,0,0,1,0,0,0,0,0,0
92BKDFI7I_1925-550-2437-1062,0,0,1,0,0,0,0,0,0
92BKDFI7I_3364-661-3876-1173,0,0,1,0,0,0,0,0,0
92BKDFI7I_1710-4515-2222-5027,0,0,1,0,0,0,0,0,0
92BKDFI7I_3467-3080-3979-3592,0,0,1,0,0,0,0,0,0
92BKDFI7I_2493-4605-3005-5117,0,0,1,0,0,0,0,0,0
92BKDFI7I_3467-2568-3979-3080,0,0,1,0,0,0,0,0,0
92BKDFI7I_3467-3592-3979-4104,0,0,1,0,0,0,0,0,0
92BKDFI7I_3535-1402-4047-1914,0,0,1,0,0,0,0,0,0
92BKDFI7I_3535-1914-4047-2426,0,0,1,0,0,0,0,0,0
92BKDFI7I_3747-3784-4259-4296,0,0,1,0,0,0,0,0,0
92BKDFI7I_3560-4271-4072-4783,0,0,1,0,0,0,0,0,0
92BKDFI7I_3598-979-4110-1491,0,0,1,0,0,0,0,0,0
92BKDFI7I_3747-3272-4259-3784,0,0,1,0,0,0,0,0,0
92BKDFI7I_4165-1156-4677-1668,0,0,1,0,0,0,0,0,0
92BKDFI7I_3829-831-4341-1343,0,0,1,0,0,0,0,0,0
92RYD9C1Q_1737-2492-2249-3004,0,0,1,0,0,0,0,0,0
92BKDFI7I_4287-924-4799-1436,0,0,1,0,0,0,0,0,0
92RYD9C1Q_1346-1880-1858-2392,0,0,1,0,0,0,0,0,0
92BKDFI7I_4165-644-4677-1156,0,0,1,0,0,0,0,0,0
92RYD9C1Q_1406-2762-1918-3274,0,0,1,0,0,0,0,0,0
92RYD9C1Q_1550-1642-2062-2154,0,0,1,0,0,0,0,0,0
92BKDFI7I_4457-3854-4969-4366,0,0,1,0,0,0,0,0,0
92RYD9C1Q_1346-1407-1858-1919,0,0,1,0,0,0,0,0,0
92BKDFI7I_4462-1770-4974-2282,0,0,1,0,0,0,0,0,0
92RYD9C1Q_1889-1326-2401-1838,0,0,1,0,0,0,0,0,0
92RYD9C1Q_1961-2254-2473-2766,0,0,1,0,0,0,0,0,0
92RYD9C1Q_1762-925-2274-1437,0,0,1,0,0,0,0,0,0
92RYD9C1Q_2073-2472-2585-2984,0,0,1,0,0,0,0,0,0
92RYD9C1Q_2206-1356-2718-1868,0,0,1,0,0,0,0,0,0
92RYD9C1Q_1918-2762-2430-3274,0,0,1,0,0,0,0,0,0
92RYD9C1Q_2034-1559-2546-2071,0,0,1,0,0,0,0,0,0
92RYD9C1Q_2362-661-2874-1173,0,0,1,0,0,0,0,0,0
92RYD9C1Q_2255-1033-2767-1545,0,0,1,0,0,0,0,0,0
94UU93MCR_3465-6051-3977-6563,0,0,0,0,0,0,0,0,1
94UU93MCR_2279-6018-2791-6530,0,0,0,0,0,0,0,0,1
94UU93MCR_4048-7164-4560-7676,0,0,0,0,0,0,0,0,1
92RYD9C1Q_2614-778-3126-1290,0,0,1,0,0,0,0,0,0
94UU93MCR_3146-5714-3658-6226,0,0,0,0,0,0,0,0,1
94UU93MCR_4443-1764-4955-2276,0,0,0,0,0,0,0,0,1
92RYD9C1Q_2870-716-3382-1228,0,0,1,0,0,0,0,0,0
92RYD9C1Q_5310-722-5822-1234,0,0,1,0,0,0,0,0,0
94UU93MCR_4714-6637-5226-7149,0,0,0,0,0,0,0,0,1
96YKIG2K8_2490-2363-3002-2875,0,0,0,1,0,0,0,0,0
96YKIG2K8_1107-6044-1619-6556,0,0,0,1,0,0,0,0,0
96YKIG2K8_1503-2241-2015-2753,0,0,0,1,0,0,0,0,0
94UU93MCR_5107-7259-5619-7771,0,0,0,0,0,0,0,0,1
96M2WYPRD_2221-102-2733-614,0,0,0,0,1,0,0,0,0
96M2WYPRD_1787-3526-2299-4038,0,0,0,0,1,0,0,0,0
96M2WYPRD_817-85-1329-597,0,0,0,0,1,0,0,0,0
96YKIG2K8_2651-2563-3163-3075,0,0,0,1,0,0,0,0,0
96YKIG2K8_2651-2051-3163-2563,0,0,0,1,0,0,0,0,0
98BMWB9B8_10734-12507-11246-13019,0,1,0,0,0,0,0,0,0
98BMWB9B8_10506-12387-11018-12899,0,1,0,0,0,0,0,0,0
98BMWB9B8_10575-8361-11087-8873,0,1,0,0,0,0,0,0,0
98BMWB9B8_10161-7863-10673-8375,0,1,0,0,0,0,0,0,0
98BMWB9B8_10673-7863-11185-8375,0,1,0,0,0,0,0,0,0
98BMWB9B8_11007-1062-11519-1574,0,1,0,0,0,0,0,0,0
98BMWB9B8_10575-8873-11087-9385,0,1,0,0,0,0,0,0,0
98BMWB9B8_10734-13019-11246-13531,0,1,0,0,0,0,0,0,0
98BMWB9B8_11007-1574-11519-2086,0,1,0,0,0,0,0,0,0
98BMWB9B8_11365-11777-11877-12289,0,1,0,0,0,0,0,0,0
98BMWB9B8_3955-4043-4467-4555,0,1,0,0,0,0,0,0,0
98BMWB9B8_11365-12289-11877-12801,0,1,0,0,0,0,0,0,0
98BMWB9B8_11032-10682-11544-11194,0,1,0,0,0,0,0,0,0
98BMWB9B8_4077-1535-4589-2047,0,1,0,0,0,0,0,0,0
98BMWB9B8_3970-5260-4482-5772,0,1,0,0,0,0,0,0,0
98BMWB9B8_3955-4555-4467-5067,0,1,0,0,0,0,0,0,0
98BMWB9B8_4077-2047-4589-2559,0,1,0,0,0,0,0,0,0
98BMWB9B8_4077-2559-4589-3071,0,1,0,0,0,0,0,0,0
98BMWB9B8_5230-1774-5742-2286,0,1,0,0,0,0,0,0,0
98BMWB9B8_5608-2388-6120-2900,0,1,0,0,0,0,0,0,0
98BMWB9B8_5608-1876-6120-2388,0,1,0,0,0,0,0,0,0
98BMWB9B8_5134-3803-5646-4315,0,1,0,0,0,0,0,0,0
98BMWB9B8_4505-4378-5017-4890,0,1,0,0,0,0,0,0,0
98BMWB9B8_4664-3908-5176-4420,0,1,0,0,0,0,0,0,0
98BMWB9B8_4536-1695-5048-2207,0,1,0,0,0,0,0,0,0
98BMWB9B8_5822-3878-6334-4390,0,1,0,0,0,0,0,0,0
98BMWB9B8_5963-16333-6475-16845,0,1,0,0,0,0,0,0,0
98BMWB9B8_6188-12790-6700-13302,0,1,0,0,0,0,0,0,0
98BMWB9B8_6188-13302-6700-13814,0,1,0,0,0,0,0,0,0
98BMWB9B8_6041-1890-6553-2402,0,1,0,0,0,0,0,0,0
98BMWB9B8_6155-1558-6667-2070,0,1,0,0,0,0,0,0,0
98BMWB9B8_6475-15821-6987-16333,0,1,0,0,0,0,0,0,0
98BMWB9B8_5978-4948-6490-5460,0,1,0,0,0,0,0,0,0
98BMWB9B8_6475-16333-6987-16845,0,1,0,0,0,0,0,0,0
98BMWB9B8_6987-16333-7499-16845,0,1,0,0,0,0,0,0,0
98BMWB9B8_6700-13302-7212-13814,0,1,0,0,0,0,0,0,0
98BMWB9B8_6700-12790-7212-13302,0,1,0,0,0,0,0,0,0
98BMWB9B8_7081-1236-7593-1748,0,1,0,0,0,0,0,0,0
98BMWB9B8_6863-11617-7375-12129,0,1,0,0,0,0,0,0,0
98BMWB9B8_7375-11617-7887-12129,0,1,0,0,0,0,0,0,0
98BMWB9B8_6987-15821-7499-16333,0,1,0,0,0,0,0,0,0
98BMWB9B8_7499-15821-8011-16333,0,1,0,0,0,0,0,0,0
98BMWB9B8_7499-16333-8011-16845,0,1,0,0,0,0,0,0,0
98BMWB9B8_7628-6961-8140-7473,0,1,0,0,0,0,0,0,0
98BMWB9B8_7877-1045-8389-1557,0,1,0,0,0,0,0,0,0
98BMWB9B8_7944-2464-8456-2976,0,1,0,0,0,0,0,0,0
98BMWB9B8_7905-1958-8417-2470,0,1,0,0,0,0,0,0,0
98BMWB9B8_7969-6928-8481-7440,0,1,0,0,0,0,0,0,0
98BMWB9B8_7944-2976-8456-3488,0,1,0,0,0,0,0,0,0
98BMWB9B8_8027-7308-8539-7820,0,1,0,0,0,0,0,0,0
98BMWB9B8_8269-11672-8781-12184,0,1,0,0,0,0,0,0,0
98BMWB9B8_8269-12184-8781-12696,0,1,0,0,0,0,0,0,0
98BMWB9B8_8269-12696-8781-13208,0,1,0,0,0,0,0,0,0
98BMWB9B8_8455-992-8967-1504,0,1,0,0,0,0,0,0,0
98BMWB9B8_8513-7999-9025-8511,0,1,0,0,0,0,0,0,0
98BMWB9B8_8481-6928-8993-7440,0,1,0,0,0,0,0,0,0
98BMWB9B8_8494-7664-9006-8176,0,1,0,0,0,0,0,0,0
98BMWB9B8_8781-11672-9293-12184,0,1,0,0,0,0,0,0,0
98BMWB9B8_8781-12184-9293-12696,0,1,0,0,0,0,0,0,0
98BMWB9B8_8781-12696-9293-13208,0,1,0,0,0,0,0,0,0
98BMWB9B8_9335-10748-9847-11260,0,1,0,0,0,0,0,0,0
98BMWB9B8_9293-11672-9805-12184,0,1,0,0,0,0,0,0,0
98BMWB9B8_9293-12184-9805-12696,0,1,0,0,0,0,0,0,0
98BMWB9B8_9691-9034-10203-9546,0,1,0,0,0,0,0,0,0
98BMWB9B8_9652-10074-10164-10586,0,1,0,0,0,0,0,0,0
98BMWB9B8_9474-3422-9986-3934,0,1,0,0,0,0,0,0,0
98BMWB9B8_9474-3934-9986-4446,0,1,0,0,0,0,0,0,0
98BMWB9B8_9691-8522-10203-9034,0,1,0,0,0,0,0,0,0
98BMWB9B8_9516-11418-10028-11930,0,1,0,0,0,0,0,0,0
98BMWB9B8_9691-9546-10203-10058,0,1,0,0,0,0,0,0,0
9942UTF26_10217-699-10729-1211,0,0,0,0,1,0,0,0,0
98BMWB9B8_9847-10748-10359-11260,0,1,0,0,0,0,0,0,0
9942UTF26_1128-5038-1640-5550,0,0,0,0,1,0,0,0,0
9942UTF26_2196-5066-2708-5578,0,0,0,0,1,0,0,0,0
9942UTF26_1203-8101-1715-8613,0,0,0,0,1,0,0,0,0
9942UTF26_1475-9026-1987-9538,0,0,0,0,1,0,0,0,0
9942UTF26_2067-8919-2579-9431,0,0,0,0,1,0,0,0,0
9942UTF26_1640-5038-2152-5550,0,0,0,0,1,0,0,0,0
9942UTF26_2633-5035-3145-5547,0,0,0,0,1,0,0,0,0
9942UTF26_2689-9042-3201-9554,0,0,0,0,1,0,0,0,0
9942UTF26_4150-9042-4662-9554,0,0,0,0,1,0,0,0,0
9942UTF26_3041-8918-3553-9430,0,0,0,0,1,0,0,0,0
9942UTF26_4442-5079-4954-5591,0,0,0,0,1,0,0,0,0
9942UTF26_3638-9042-4150-9554,0,0,0,0,1,0,0,0,0
9942UTF26_3930-5079-4442-5591,0,0,0,0,1,0,0,0,0
9942UTF26_4733-9072-5245-9584,0,0,0,0,1,0,0,0,0
9942UTF26_4961-8896-5473-9408,0,0,0,0,1,0,0,0,0
9942UTF26_4978-5108-5490-5620,0,0,0,0,1,0,0,0,0
9942UTF26_6078-4178-6590-4690,0,0,0,0,1,0,0,0,0
9942UTF26_5490-5108-6002-5620,0,0,0,0,1,0,0,0,0
9942UTF26_6476-783-6988-1295,0,0,0,0,1,0,0,0,0
9942UTF26_6403-2628-6915-3140,0,0,1,0,1,0,0,0,0
9942UTF26_5580-9044-6092-9556,0,0,0,0,1,0,0,0,0
9942UTF26_6368-2104-6880-2616,0,0,0,0,1,0,0,0,0
9942UTF26_6639-1750-7151-2262,0,0,0,0,1,0,0,0,0
9942UTF26_6604-13073-7116-13585,0,0,0,0,1,0,0,0,0
9942UTF26_6639-2262-7151-2774,0,0,1,0,1,0,0,0,0
9942UTF26_7151-1750-7663-2262,0,0,1,0,1,0,0,0,0
9942UTF26_7176-12886-7688-13398,0,0,0,0,1,0,0,0,0
9942UTF26_6877-2447-7389-2959,0,0,1,0,1,0,0,0,0
9942UTF26_7151-2262-7663-2774,0,0,1,0,1,0,0,0,0
9942UTF26_6831-1893-7343-2405,0,0,1,0,1,0,0,0,0
9942UTF26_7359-2116-7871-2628,0,0,1,0,1,0,0,0,0
9942UTF26_7663-1238-8175-1750,0,0,1,0,0,0,0,0,0
9942UTF26_7593-13070-8105-13582,0,0,0,0,1,0,0,0,0
9942UTF26_8175-726-8687-1238,0,0,1,0,0,0,0,0,0
9942UTF26_7663-1750-8175-2262,0,0,1,0,1,0,0,0,0
9942UTF26_8192-12893-8704-13405,0,0,0,0,1,0,0,0,0
9942UTF26_7663-2262-8175-2774,0,0,0,0,1,0,0,0,0
9942UTF26_8621-13081-9133-13593,0,0,0,0,1,0,0,0,0
9942UTF26_7663-726-8175-1238,0,0,1,0,0,0,0,0,0
9942UTF26_8721-731-9233-1243,0,0,0,0,1,0,0,0,0
9942UTF26_9238-716-9750-1228,0,0,0,0,1,0,0,0,0
9942UTF26_9096-13141-9608-13653,0,0,0,0,1,0,0,0,0
9942UTF26_9724-712-10236-1224,0,0,0,0,1,0,0,0,0
9942UTF26_9624-13179-10136-13691,0,0,0,0,1,0,0,0,0
9A49DT322_1063-3284-1575-3796,0,1,0,0,0,0,0,0,0
9942UTF26_9916-11256-10428-11768,0,0,0,0,1,0,0,0,0
9A49DT322_1451-2879-1963-3391,0,1,0,0,0,0,0,0,0
9A49DT322_1063-2772-1575-3284,0,1,0,0,0,0,0,0,0
9A49DT322_2076-1083-2588-1595,0,1,0,0,0,0,0,0,0
9A49DT322_1451-3391-1963-3903,0,1,0,0,0,0,0,0,0
9A49DT322_1587-1534-2099-2046,0,1,0,0,0,0,0,0,0
9A49DT322_2129-2705-2641-3217,0,1,0,0,0,0,0,0,0
9A49DT322_2129-3217-2641-3729,0,1,0,0,0,0,0,0,0
9A49DT322_2316-1718-2828-2230,0,1,0,0,0,0,0,0,0
9A49DT322_2129-3729-2641-4241,0,1,0,0,0,0,0,0,0
9A49DT322_2316-2230-2828-2742,0,1,0,0,0,0,0,0,0
9A49DT322_2316-1206-2828-1718,0,1,0,0,0,0,0,0,0
9A49DT322_2407-3399-2919-3911,0,1,0,0,0,0,0,0,0
9A49DT322_2407-4423-2919-4935,0,1,0,0,0,0,0,0,0
9A49DT322_2407-3911-2919-4423,0,1,0,0,0,0,0,0,0
9A49DT322_2641-3217-3153-3729,0,1,0,0,0,0,0,0,0
9A49DT322_2641-3729-3153-4241,0,1,0,0,0,0,0,0,0
9A49DT322_2641-2705-3153-3217,0,1,0,0,0,0,0,0,0
9A49DT322_2826-3390-3338-3902,0,1,0,0,0,0,0,0,0
9A49DT322_2826-3902-3338-4414,0,1,0,0,0,0,0,0,0
9A49DT322_2826-4414-3338-4926,0,1,0,0,0,0,0,0,0
9A49DT322_2828-1206-3340-1718,0,1,0,0,0,0,0,0,0
9A49DT322_2828-1718-3340-2230,0,1,0,0,0,0,0,0,0
9A49DT322_2828-694-3340-1206,0,1,0,0,0,0,0,0,0
9A49DT322_3338-3902-3850-4414,0,1,0,0,0,0,0,0,0
9A49DT322_3340-2230-3852-2742,0,1,0,0,0,0,0,0,0
9A49DT322_3338-3390-3850-3902,0,1,0,0,0,0,0,0,0
9A49DT322_3407-2670-3919-3182,0,1,0,0,0,0,0,0,0
9A49DT322_3340-694-3852-1206,0,1,0,0,0,0,0,0,0
9A49DT322_3338-4414-3850-4926,0,1,0,0,0,0,0,0,0
9A49DT322_551-3284-1063-3796,0,1,0,0,0,0,0,0,0
9A49DT322_551-2772-1063-3284,0,1,0,0,0,0,0,0,0
9A49DT322_608-4017-1120-4529,0,1,0,0,0,0,0,0,0
9DXULBV37_1357-2439-1869-2951,1,0,0,0,0,0,0,0,0
9DXULBV37_1357-1415-1869-1927,1,0,0,0,0,0,0,0,0
9A49DT322_638-2042-1150-2554,0,1,0,0,0,0,0,0,0
9DXULBV37_1357-391-1869-903,1,0,0,0,0,0,0,0,0
9DXULBV37_1357-1927-1869-2439,1,0,0,0,0,0,0,0,0
9DXULBV37_1357-903-1869-1415,1,0,0,0,0,0,0,0,0
9DXULBV37_1869-903-2381-1415,1,0,0,0,0,0,0,0,0
9DXULBV37_1869-2439-2381-2951,1,0,0,0,0,0,0,0,0
9DXULBV37_3237-1192-3749-1704,1,0,0,0,0,0,0,0,0
9DXULBV37_333-2439-845-2951,1,0,0,0,0,0,0,0,0
9DXULBV37_3237-1704-3749-2216,1,0,0,0,0,0,0,0,0
9DXULBV37_3237-680-3749-1192,1,0,0,0,0,0,0,0,0
9DXULBV37_3237-2216-3749-2728,1,0,0,0,0,0,0,0,0
9DXULBV37_333-1927-845-2439,1,0,0,0,0,0,0,0,0
9DXULBV37_333-391-845-903,1,0,0,0,0,0,0,0,0
9DXULBV37_3749-1192-4261-1704,1,0,0,0,0,0,0,0,0
9DXULBV37_4672-731-5184-1243,1,0,0,0,0,0,0,0,0
9DXULBV37_3750-499-4262-1011,1,0,0,0,0,0,0,0,0
9DXULBV37_4262-499-4774-1011,1,0,0,0,0,0,0,0,0
9DXULBV37_4774-499-5286-1011,1,0,0,0,0,0,0,0,0
9DXULBV37_845-1927-1357-2439,1,0,0,0,0,0,0,0,0
9DXULBV37_4672-1243-5184-1755,1,0,0,0,0,0,0,0,0
9DXULBV37_4672-1755-5184-2267,1,0,0,0,0,0,0,0,0
9DXULBV37_845-2439-1357-2951,1,0,0,0,0,0,0,0,0
9EG28WW3R_1169-1296-1681-1808,0,0,1,0,0,0,0,0,0
9DXULBV37_845-391-1357-903,1,0,0,0,0,0,0,0,0
9EG28WW3R_1169-784-1681-1296,0,0,1,0,0,0,0,0,0
9EG28WW3R_657-1296-1169-1808,0,0,1,0,0,0,0,0,0
9EG28WW3R_3822-5115-4334-5627,0,0,1,0,0,0,0,0,0
9EG28WW3R_1728-4142-2240-4654,0,0,1,0,0,0,0,0,0
9EG28WW3R_3310-5115-3822-5627,0,0,1,0,0,0,0,0,0
9EG28WW3R_4334-5115-4846-5627,0,0,1,0,0,0,0,0,0
9EG28WW3R_657-784-1169-1296,0,0,1,0,0,0,0,0,0
9F2DUEAI8_2355-1516-2867-2028,0,0,0,1,0,0,0,0,0
9F2ZXUBB2_3577-2696-4089-3208,0,0,0,1,0,0,0,0,0
9F2ZXUBB2_2624-2513-3136-3025,0,0,0,1,0,0,0,0,0
9F2ZXUBB2_3381-3538-3893-4050,0,0,0,1,0,0,0,0,0
9F2ZXUBB2_2931-2912-3443-3424,0,0,0,1,0,0,0,0,0
9F2ZXUBB2_3370-2827-3882-3339,0,0,0,1,0,0,0,0,0
9FFTWHVF7_1359-3558-1871-4070,0,0,0,0,0,1,0,0,0
9FFTWHVF7_1871-3558-2383-4070,0,0,0,0,0,1,0,0,0
9FFTWHVF7_2217-3526-2729-4038,0,0,0,0,0,1,0,0,0
9FFTWHVF7_2729-3526-3241-4038,0,0,0,0,0,1,0,0,0
9FFTWHVF7_3116-3439-3628-3951,0,0,0,0,0,1,0,0,0
9FFTWHVF7_596-1179-1108-1691,0,0,0,0,0,1,0,0,0
9FFTWHVF7_596-667-1108-1179,0,0,0,0,0,1,0,0,0
9FFTWHVF7_3628-3439-4140-3951,0,0,0,0,0,1,0,0,0
9FFTWHVF7_615-3413-1127-3925,0,0,0,0,0,1,0,0,0
9FFTWHVF7_624-2495-1136-3007,0,0,0,0,0,1,0,0,0
9FFTWHVF7_580-3684-1092-4196,0,0,0,0,0,1,0,0,0
9FFTWHVF7_624-3007-1136-3519,0,0,0,0,0,1,0,0,0
9FFTWHVF7_627-1707-1139-2219,0,0,0,0,0,1,0,0,0
9FFTWHVF7_8068-3417-8580-3929,0,0,0,0,0,1,0,0,0
9FFTWHVF7_8390-3195-8902-3707,0,0,0,0,0,1,0,0,0
9FFTWHVF7_627-2219-1139-2731,0,0,0,0,0,1,0,0,0
9FFTWHVF7_7556-3417-8068-3929,0,0,0,0,0,1,0,0,0
9FFTWHVF7_847-3558-1359-4070,0,0,0,0,0,1,0,0,0
9HGXV3NJW_4732-3829-5244-4341,0,1,0,0,0,0,0,0,0
9GR7VUAPU_4330-1647-4842-2159,0,0,0,0,0,0,0,0,1
9HGXV3NJW_4732-3317-5244-3829,0,1,0,0,0,0,0,0,0
9HGXV3NJW_4909-1370-5421-1882,0,1,0,0,0,0,0,0,0
9HGXV3NJW_4732-4341-5244-4853,0,1,0,0,0,0,0,0,0
9HGXV3NJW_5258-2753-5770-3265,0,1,0,0,0,0,0,0,0
9HGXV3NJW_4909-858-5421-1370,0,1,0,0,0,0,0,0,0
9HGXV3NJW_5258-3265-5770-3777,0,1,0,0,0,0,0,0,0
9HGXV3NJW_5258-2241-5770-2753,0,1,0,0,0,0,0,0,0
9HGXV3NJW_4909-1882-5421-2394,0,1,0,0,0,0,0,0,0
9HGXV3NJW_5258-3777-5770-4289,0,1,0,0,0,0,0,0,0
9HGXV3NJW_5258-4289-5770-4801,0,1,0,0,0,0,0,0,0
9HGXV3NJW_5555-4411-6067-4923,0,1,0,0,0,0,0,0,0
9HGXV3NJW_5827-3271-6339-3783,0,1,0,0,0,0,0,0,0
9HGXV3NJW_5555-3899-6067-4411,0,1,0,0,0,0,0,0,0
9HGXV3NJW_5827-3783-6339-4295,0,1,0,0,0,0,0,0,0
9HGXV3NJW_5827-4295-6339-4807,0,1,0,0,0,0,0,0,0
9HGXV3NJW_6068-2213-6580-2725,0,1,0,0,0,0,0,0,0
9HHU4ZWXH_4116-6648-4628-7160,0,0,0,0,0,0,0,0,1
9HHU4ZWXH_4124-6286-4636-6798,0,0,0,0,0,0,0,0,1
9HGXV3NJW_6068-2725-6580-3237,0,1,0,0,0,0,0,0,0
9HHU4ZWXH_905-1799-1417-2311,0,0,0,0,0,0,0,0,1
9HHU4ZWXH_905-2311-1417-2823,0,0,0,0,0,0,0,0,1
9I3N1TCC4_1842-2160-2354-2672,0,0,1,0,0,0,0,0,0
9I1JHKFT3_4328-8416-4840-8928,0,0,0,0,0,0,0,0,1
9I3N1TCC4_2354-2160-2866-2672,0,0,1,0,0,0,0,0,0
9I3N1TCC4_3778-2297-4290-2809,0,0,1,0,0,0,1,0,0
9I3N1TCC4_3266-2297-3778-2809,0,0,1,0,0,0,1,0,0
9IG1LNIY1_3115-1878-3627-2390,1,0,0,0,0,0,0,0,0
9JVPXRA9N_10199-1250-10711-1762,1,0,0,0,0,0,0,0,0
9IG1LNIY1_3781-651-4293-1163,1,0,0,0,0,0,0,0,0
9IG1LNIY1_3315-1598-3827-2110,1,0,0,0,0,0,0,0,0
9IG1LNIY1_3508-1252-4020-1764,1,0,0,0,0,0,0,0,0
9IG1LNIY1_4125-426-4637-938,1,0,0,0,0,0,0,0,0
9IG1LNIY1_3664-907-4176-1419,1,0,0,0,0,0,0,0,0
9JVPXRA9N_10199-1762-10711-2274,1,0,0,0,0,0,0,0,0
9JVPXRA9N_10199-2274-10711-2786,1,0,0,0,0,0,0,0,0
9JVPXRA9N_10199-3298-10711-3810,1,0,0,0,0,0,0,0,0
9JVPXRA9N_10199-2786-10711-3298,1,0,0,0,0,0,0,0,0
9JVPXRA9N_10199-3810-10711-4322,1,0,0,0,0,0,0,0,0
9JVPXRA9N_10199-4322-10711-4834,1,0,0,0,0,0,0,0,0
9JVPXRA9N_10711-3298-11223-3810,1,0,0,0,0,0,0,0,0
9JVPXRA9N_10711-4322-11223-4834,1,0,0,0,0,0,0,0,0
9JVPXRA9N_10711-2274-11223-2786,1,0,0,0,0,0,0,0,0
9JVPXRA9N_10199-738-10711-1250,1,0,0,0,0,0,0,0,0
9JVPXRA9N_10711-1250-11223-1762,1,0,0,0,0,0,0,0,0
9JVPXRA9N_10711-3810-11223-4322,1,0,0,0,0,0,0,0,0
9JVPXRA9N_11223-1762-11735-2274,1,0,0,0,0,0,0,0,0
9JVPXRA9N_11223-1250-11735-1762,1,0,0,0,0,0,0,0,0
9JVPXRA9N_10711-738-11223-1250,1,0,0,0,0,0,0,0,0
9JVPXRA9N_11223-2274-11735-2786,1,0,0,0,0,0,0,0,0
9JVPXRA9N_11223-3298-11735-3810,1,0,0,0,0,0,0,0,0
9JVPXRA9N_11223-3810-11735-4322,1,0,0,0,0,0,0,0,0
9JVPXRA9N_11223-4322-11735-4834,1,0,0,0,0,0,0,0,0
9JVPXRA9N_11223-738-11735-1250,1,0,0,0,0,0,0,0,0
9JVPXRA9N_11735-1762-12247-2274,1,0,0,0,0,0,0,0,0
9JVPXRA9N_11735-2274-12247-2786,1,0,0,0,0,0,0,0,0
9JVPXRA9N_11735-3298-12247-3810,1,0,0,0,0,0,0,0,0
9JVPXRA9N_11735-738-12247-1250,1,0,0,0,0,0,0,0,0
9JVPXRA9N_11735-3810-12247-4322,1,0,0,0,0,0,0,0,0
9JVPXRA9N_11735-4322-12247-4834,1,0,0,0,0,0,0,0,0
9JVPXRA9N_12247-1250-12759-1762,1,0,0,0,0,0,0,0,0
9JVPXRA9N_12247-2274-12759-2786,1,0,0,0,0,0,0,0,0
9JVPXRA9N_12247-1762-12759-2274,1,0,0,0,0,0,0,0,0
9JVPXRA9N_12247-2786-12759-3298,1,0,0,0,0,0,0,0,0
9JVPXRA9N_1977-4884-2489-5396,1,0,0,0,0,0,0,0,0
9JVPXRA9N_12247-3298-12759-3810,1,0,0,0,0,0,0,0,0
9JVPXRA9N_12247-3810-12759-4322,1,0,0,0,0,0,0,0,0
9JVPXRA9N_12247-738-12759-1250,1,0,0,0,0,0,0,0,0
9JVPXRA9N_1977-5396-2489-5908,1,0,0,0,0,0,0,0,0
9JVPXRA9N_12247-4322-12759-4834,1,0,0,0,0,0,0,0,0
9JVPXRA9N_2489-4884-3001-5396,1,0,0,0,0,0,0,0,0
9JVPXRA9N_3001-4884-3513-5396,1,0,0,0,0,0,0,0,0
9JVPXRA9N_2489-5396-3001-5908,1,0,0,0,0,0,0,0,0
9JVPXRA9N_3001-5396-3513-5908,1,0,0,0,0,0,0,0,0
9JVPXRA9N_3760-7240-4272-7752,1,0,0,0,0,0,0,0,0
9JVPXRA9N_3513-5396-4025-5908,1,0,0,0,0,0,0,0,0
9JVPXRA9N_4025-5396-4537-5908,1,0,0,0,0,0,0,0,0
9JVPXRA9N_4025-4884-4537-5396,1,0,0,0,0,0,0,0,0
9JVPXRA9N_3513-4884-4025-5396,1,0,0,0,0,0,0,0,0
9JVPXRA9N_4272-7240-4784-7752,1,0,0,0,0,0,0,0,0
9JVPXRA9N_4537-5396-5049-5908,1,0,0,0,0,0,0,0,0
9JVPXRA9N_4537-4884-5049-5396,1,0,0,0,0,0,0,0,0
9JVPXRA9N_5049-4884-5561-5396,1,0,0,0,0,0,0,0,0
9JVPXRA9N_5296-7240-5808-7752,1,0,0,0,0,0,0,0,0
9JVPXRA9N_4784-7240-5296-7752,1,0,0,0,0,0,0,0,0
9JVPXRA9N_5049-5396-5561-5908,1,0,0,0,0,0,0,0,0
9JVPXRA9N_7639-2274-8151-2786,1,0,0,0,0,0,0,0,0
9JVPXRA9N_7639-1762-8151-2274,1,0,0,0,0,0,0,0,0
9JVPXRA9N_7639-3810-8151-4322,1,0,0,0,0,0,0,0,0
9JVPXRA9N_7639-2786-8151-3298,1,0,0,0,0,0,0,0,0
9JVPXRA9N_7639-3298-8151-3810,1,0,0,0,0,0,0,0,0
9JVPXRA9N_7639-4322-8151-4834,1,0,0,0,0,0,0,0,0
9JVPXRA9N_7771-4038-8283-4550,1,0,0,0,0,0,0,0,0
9JVPXRA9N_7771-3526-8283-4038,1,0,0,0,0,0,0,0,0
9JVPXRA9N_8151-1250-8663-1762,1,0,0,0,0,0,0,0,0
9JVPXRA9N_8151-2786-8663-3298,1,0,0,0,0,0,0,0,0
9JVPXRA9N_8151-1762-8663-2274,1,0,0,0,0,0,0,0,0
9JVPXRA9N_8151-3810-8663-4322,1,0,0,0,0,0,0,0,0
9JVPXRA9N_8151-4322-8663-4834,1,0,0,0,0,0,0,0,0
9JVPXRA9N_8151-3298-8663-3810,1,0,0,0,0,0,0,0,0
9JVPXRA9N_8151-738-8663-1250,1,0,0,0,0,0,0,0,0
9JVPXRA9N_8283-4038-8795-4550,1,0,0,0,0,0,0,0,0
9JVPXRA9N_8283-3526-8795-4038,1,0,0,0,0,0,0,0,0
9JVPXRA9N_8663-2274-9175-2786,1,0,0,0,0,0,0,0,0
9JVPXRA9N_8663-3810-9175-4322,1,0,0,0,0,0,0,0,0
9JVPXRA9N_8663-1250-9175-1762,1,0,0,0,0,0,0,0,0
9JVPXRA9N_9175-1250-9687-1762,1,0,0,0,0,0,0,0,0
9JVPXRA9N_9175-1762-9687-2274,1,0,0,0,0,0,0,0,0
9JVPXRA9N_9175-2274-9687-2786,1,0,0,0,0,0,0,0,0
9JVPXRA9N_9175-738-9687-1250,1,0,0,0,0,0,0,0,0
9JVPXRA9N_9175-3298-9687-3810,1,0,0,0,0,0,0,0,0
9JVPXRA9N_9687-2274-10199-2786,1,0,0,0,0,0,0,0,0
9JVPXRA9N_9175-2786-9687-3298,1,0,0,0,0,0,0,0,0
9JVPXRA9N_9687-1762-10199-2274,1,0,0,0,0,0,0,0,0
9JVPXRA9N_9687-3298-10199-3810,1,0,0,0,0,0,0,0,0
9JVPXRA9N_9687-3810-10199-4322,1,0,0,0,0,0,0,0,0
9JVPXRA9N_9687-4322-10199-4834,1,0,0,0,0,0,0,0,0
9JVPXRA9N_9687-738-10199-1250,1,0,0,0,0,0,0,0,0
9KDD1K3EK_2640-786-3152-1298,1,0,0,0,0,0,0,0,0
9KDD1K3EK_2128-786-2640-1298,1,0,0,0,0,0,0,0,0
9KDD1K3EK_1297-775-1809-1287,1,0,0,0,0,0,0,0,0
9KDD1K3EK_3152-786-3664-1298,1,0,0,0,0,0,0,0,0
9KDD1K3EK_453-948-965-1460,1,0,0,0,0,0,0,0,0
9KDD1K3EK_650-1464-1162-1976,1,0,0,0,0,0,0,0,0
9L3XXU6IM_10348-498-10860-1010,1,0,0,0,0,0,0,0,0
9L3XXU6IM_10348-1010-10860-1522,1,0,0,0,0,0,0,0,0
9KDD1K3EK_989-1116-1501-1628,1,0,0,0,0,0,0,0,0
9L3XXU6IM_1303-3504-1815-4016,1,0,0,0,0,0,0,0,0
9L3XXU6IM_1303-2992-1815-3504,1,0,0,0,0,0,0,0,0
9L3XXU6IM_1303-1456-1815-1968,1,0,0,0,0,0,0,0,0
9L3XXU6IM_1303-2480-1815-2992,1,0,0,0,0,0,0,0,0
9L3XXU6IM_1303-1968-1815-2480,1,0,0,0,0,0,0,0,0
9L3XXU6IM_1303-944-1815-1456,1,0,0,0,0,0,0,0,0
9L3XXU6IM_1407-4119-1919-4631,1,0,0,0,0,0,0,0,0
9L3XXU6IM_1672-2687-2184-3199,1,0,0,0,0,0,0,0,0
9L3XXU6IM_1815-1456-2327-1968,1,0,0,0,0,0,0,0,0
9L3XXU6IM_1815-1968-2327-2480,1,0,0,0,0,0,0,0,0
9L3XXU6IM_1672-3711-2184-4223,1,0,0,0,0,0,0,0,0
9L3XXU6IM_1815-2480-2327-2992,1,0,0,0,0,0,0,0,0
9L3XXU6IM_1815-2992-2327-3504,1,0,0,0,0,0,0,0,0
9L3XXU6IM_1815-944-2327-1456,1,0,0,0,0,0,0,0,0
9L3XXU6IM_1815-3504-2327-4016,1,0,0,0,0,0,0,0,0
9L3XXU6IM_1919-4119-2431-4631,1,0,0,0,0,0,0,0,0
9L3XXU6IM_2184-2687-2696-3199,1,0,0,0,0,0,0,0,0
9L3XXU6IM_2184-3199-2696-3711,1,0,0,0,0,0,0,0,0
9L3XXU6IM_2327-2992-2839-3504,1,0,0,0,0,0,0,0,0
9L3XXU6IM_2184-3711-2696-4223,1,0,0,0,0,0,0,0,0
9L3XXU6IM_2327-1968-2839-2480,1,0,0,0,0,0,0,0,0
9L3XXU6IM_2327-1456-2839-1968,1,0,0,0,0,0,0,0,0
9L3XXU6IM_2327-2480-2839-2992,1,0,0,0,0,0,0,0,0
9L3XXU6IM_2327-3504-2839-4016,1,0,0,0,0,0,0,0,0
9L3XXU6IM_2431-4119-2943-4631,1,0,0,0,0,0,0,0,0
9L3XXU6IM_2327-944-2839-1456,1,0,0,0,0,0,0,0,0
9L3XXU6IM_2696-2687-3208-3199,1,0,0,0,0,0,0,0,0
9L3XXU6IM_2790-3003-3302-3515,1,0,0,0,0,0,0,0,0
9L3XXU6IM_2839-1456-3351-1968,1,0,0,0,0,0,0,0,0
9L3XXU6IM_2839-3504-3351-4016,1,0,0,0,0,0,0,0,0
9L3XXU6IM_2839-1968-3351-2480,1,0,0,0,0,0,0,0,0
9L3XXU6IM_2839-2480-3351-2992,1,0,0,0,0,0,0,0,0
9L3XXU6IM_3000-446-3512-958,1,0,0,0,0,0,0,0,0
9L3XXU6IM_3000-958-3512-1470,1,0,0,0,0,0,0,0,0
9L3XXU6IM_3208-2687-3720-3199,1,0,0,0,0,0,0,0,0
9L3XXU6IM_3208-3199-3720-3711,1,0,0,0,0,0,0,0,0
9L3XXU6IM_3351-1456-3863-1968,1,0,0,0,0,0,0,0,0
9L3XXU6IM_3302-4027-3814-4539,1,0,0,0,0,0,0,0,0
9L3XXU6IM_3302-3515-3814-4027,1,0,0,0,0,0,0,0,0
9L3XXU6IM_3351-1968-3863-2480,1,0,0,0,0,0,0,0,0
9L3XXU6IM_3351-2480-3863-2992,1,0,0,0,0,0,0,0,0
9L3XXU6IM_3351-2992-3863-3504,1,0,0,0,0,0,0,0,0
9L3XXU6IM_3351-944-3863-1456,1,0,0,0,0,0,0,0,0
9L3XXU6IM_3512-446-4024-958,1,0,0,0,0,0,0,0,0
9L3XXU6IM_3720-3199-4232-3711,1,0,0,0,0,0,0,0,0
9L3XXU6IM_3720-2687-4232-3199,1,0,0,0,0,0,0,0,0
9L3XXU6IM_3814-4027-4326-4539,1,0,0,0,0,0,0,0,0
9L3XXU6IM_3863-2992-4375-3504,1,0,0,0,0,0,0,0,0
9L3XXU6IM_3863-1968-4375-2480,1,0,0,0,0,0,0,0,0
9L3XXU6IM_3863-2480-4375-2992,1,0,0,0,0,0,0,0,0
9L3XXU6IM_3863-1456-4375-1968,1,0,0,0,0,0,0,0,0
9L3XXU6IM_3863-944-4375-1456,1,0,0,0,0,0,0,0,0
9L3XXU6IM_4041-1289-4553-1801,1,0,0,0,0,0,0,0,0
9L3XXU6IM_4041-777-4553-1289,1,0,0,0,0,0,0,0,0
9L3XXU6IM_4375-1968-4887-2480,1,0,0,0,0,0,0,0,0
9L3XXU6IM_4326-3515-4838-4027,1,0,0,0,0,0,0,0,0
9L3XXU6IM_4375-2992-4887-3504,1,0,0,0,0,0,0,0,0
9L3XXU6IM_4375-1456-4887-1968,1,0,0,0,0,0,0,0,0
9L3XXU6IM_4375-944-4887-1456,1,0,0,0,0,0,0,0,0
9L3XXU6IM_4846-2515-5358-3027,1,0,0,0,0,0,0,0,0
9L3XXU6IM_4553-777-5065-1289,1,0,0,0,0,0,0,0,0
9L3XXU6IM_4553-1289-5065-1801,1,0,0,0,0,0,0,0,0
9L3XXU6IM_4887-1968-5399-2480,1,0,0,0,0,0,0,0,0
9L3XXU6IM_4846-3027-5358-3539,1,0,0,0,0,0,0,0,0
9L3XXU6IM_4887-3504-5399-4016,1,0,0,0,0,0,0,0,0
9L3XXU6IM_5065-1289-5577-1801,1,0,0,0,0,0,0,0,0
9L3XXU6IM_4933-1500-5445-2012,1,0,0,0,0,0,0,0,0
9L3XXU6IM_5065-777-5577-1289,1,0,0,0,0,0,0,0,0
9L3XXU6IM_4933-988-5445-1500,1,0,0,0,0,0,0,0,0
9L3XXU6IM_5350-4027-5862-4539,1,0,0,0,0,0,0,0,0
9L3XXU6IM_5350-3515-5862-4027,1,0,0,0,0,0,0,0,0
9L3XXU6IM_5358-2003-5870-2515,1,0,0,0,0,0,0,0,0
9L3XXU6IM_5358-2515-5870-3027,1,0,0,0,0,0,0,0,0
9L3XXU6IM_5445-1500-5957-2012,1,0,0,0,0,0,0,0,0
9L3XXU6IM_5358-3027-5870-3539,1,0,0,0,0,0,0,0,0
9L3XXU6IM_5445-988-5957-1500,1,0,0,0,0,0,0,0,0
9L3XXU6IM_5577-1289-6089-1801,1,0,0,0,0,0,0,0,0
9L3XXU6IM_5577-777-6089-1289,1,0,0,0,0,0,0,0,0
9L3XXU6IM_5710-498-6222-1010,1,0,0,0,0,0,0,0,0
9L3XXU6IM_5870-2003-6382-2515,1,0,0,0,0,0,0,0,0
9L3XXU6IM_5870-3027-6382-3539,1,0,0,0,0,0,0,0,0
9L3XXU6IM_5957-988-6469-1500,1,0,0,0,0,0,0,0,0
9L3XXU6IM_6382-3027-6894-3539,1,0,0,0,0,0,0,0,0
9L3XXU6IM_6482-1287-6994-1799,1,0,0,0,0,0,0,0,0
9L3XXU6IM_6382-2515-6894-3027,1,0,0,0,0,0,0,0,0
9L3XXU6IM_6222-498-6734-1010,1,0,0,0,0,0,0,0,0
9L3XXU6IM_6382-3539-6894-4051,1,0,0,0,0,0,0,0,0
9L3XXU6IM_6894-3027-7406-3539,1,0,0,0,0,0,0,0,0
9L3XXU6IM_6482-775-6994-1287,1,0,0,0,0,0,0,0,0
9L3XXU6IM_6734-498-7246-1010,1,0,0,0,0,0,0,0,0
9L3XXU6IM_6994-1287-7506-1799,1,0,0,0,0,0,0,0,0
9L3XXU6IM_6994-775-7506-1287,1,0,0,0,0,0,0,0,0
9L3XXU6IM_6894-3539-7406-4051,1,0,0,0,0,0,0,0,0
9L3XXU6IM_7406-3027-7918-3539,1,0,0,0,0,0,0,0,0
9L3XXU6IM_7406-2515-7918-3027,1,0,0,0,0,0,0,0,0
9L3XXU6IM_7625-1386-8137-1898,1,0,0,0,0,0,0,0,0
9L3XXU6IM_7625-874-8137-1386,1,0,0,0,0,0,0,0,0
9L3XXU6IM_7637-2053-8149-2565,1,0,0,0,0,0,0,0,0
9L3XXU6IM_791-1968-1303-2480,1,0,0,0,0,0,0,0,0
9L3XXU6IM_791-1456-1303-1968,1,0,0,0,0,0,0,0,0
9L3XXU6IM_791-2480-1303-2992,1,0,0,0,0,0,0,0,0
9L3XXU6IM_7918-2003-8430-2515,1,0,0,0,0,0,0,0,0
9L3XXU6IM_791-3504-1303-4016,1,0,0,0,0,0,0,0,0
9L3XXU6IM_791-944-1303-1456,1,0,0,0,0,0,0,0,0
9L3XXU6IM_791-2992-1303-3504,1,0,0,0,0,0,0,0,0
9L3XXU6IM_7918-3539-8430-4051,1,0,0,0,0,0,0,0,0
9L3XXU6IM_7918-3027-8430-3539,1,0,0,0,0,0,0,0,0
9L3XXU6IM_7918-2515-8430-3027,1,0,0,0,0,0,0,0,0
9L3XXU6IM_8024-489-8536-1001,1,0,0,0,0,0,0,0,0
9L3XXU6IM_8649-1386-9161-1898,1,0,0,0,0,0,0,0,0
9L3XXU6IM_8417-3139-8929-3651,1,0,0,0,0,0,0,0,0
9L3XXU6IM_8137-874-8649-1386,1,0,0,0,0,0,0,0,0
9L3XXU6IM_8137-1386-8649-1898,1,0,0,0,0,0,0,0,0
9L3XXU6IM_8649-1898-9161-2410,1,0,0,0,0,0,0,0,0
9L3XXU6IM_8649-874-9161-1386,1,0,0,0,0,0,0,0,0
9L3XXU6IM_8929-3139-9441-3651,1,0,0,0,0,0,0,0,0
9L3XXU6IM_9112-2542-9624-3054,1,0,0,0,0,0,0,0,0
9L3XXU6IM_895-4119-1407-4631,1,0,0,0,0,0,0,0,0
9L3XXU6IM_9836-498-10348-1010,1,0,0,0,0,0,0,0,0
9L3XXU6IM_9324-1010-9836-1522,1,0,0,0,0,0,0,0,0
9L3XXU6IM_9161-1898-9673-2410,1,0,0,0,0,0,0,0,0
9L3XXU6IM_9324-1522-9836-2034,1,0,0,0,0,0,0,0,0
9L3XXU6IM_9836-1010-10348-1522,1,0,0,0,0,0,0,0,0
9LN9BLPPP_1005-7958-1517-8470,0,0,0,0,0,1,0,0,0
9LN9BLPPP_1194-4629-1706-5141,0,0,0,0,0,1,0,0,0
9LN9BLPPP_10163-8276-10675-8788,0,0,0,0,0,0,0,0,1
9LN9BLPPP_1194-5653-1706-6165,0,0,0,0,0,1,0,0,0
9LN9BLPPP_1194-5141-1706-5653,0,0,0,0,0,1,0,0,0
9LN9BLPPP_15079-7326-15591-7838,0,0,0,0,0,1,0,0,0
9LN9BLPPP_1194-6165-1706-6677,0,0,0,0,0,1,0,0,0
9LN9BLPPP_1236-6657-1748-7169,0,0,0,0,0,1,0,0,0
9LN9BLPPP_15086-7669-15598-8181,0,0,0,0,0,1,0,0,0
9LN9BLPPP_15099-8022-15611-8534,0,0,0,0,0,1,0,0,0
9LN9BLPPP_15348-8807-15860-9319,0,0,0,0,0,1,0,0,0
9LN9BLPPP_1706-4629-2218-5141,0,0,0,0,0,1,0,0,0
9LN9BLPPP_1706-5141-2218-5653,0,0,0,0,0,1,0,0,0
9LN9BLPPP_1748-5633-2260-6145,0,0,0,0,0,1,0,0,0
9LN9BLPPP_2260-5633-2772-6145,0,0,0,0,0,1,0,0,0
9LN9BLPPP_1748-6145-2260-6657,0,0,0,0,0,1,0,0,0
9LN9BLPPP_2260-4609-2772-5121,0,0,0,0,0,1,0,0,0
9LN9BLPPP_2260-5121-2772-5633,0,0,0,0,0,1,0,0,0
9LN9BLPPP_962-4526-1474-5038,0,0,0,0,0,1,0,0,0
9LN9BLPPP_962-6041-1474-6553,0,0,0,0,0,1,0,0,0
9LN9BLPPP_704-3292-1216-3804,0,0,0,0,0,1,0,0,0
9MC9GTL14_10060-9957-10572-10469,0,1,0,0,0,0,0,0,0
9LN9BLPPP_977-4943-1489-5455,0,0,0,0,0,1,0,0,0
9LN9BLPPP_980-5300-1492-5812,0,0,0,0,0,1,0,0,0
9MC9GTL14_10572-9957-11084-10469,0,1,0,0,0,0,0,0,0
9LN9BLPPP_997-7604-1509-8116,0,0,0,0,0,1,0,0,0
9MC9GTL14_11715-8100-12227-8612,0,1,0,0,0,0,0,0,0
9MC9GTL14_12227-8100-12739-8612,0,1,0,0,0,0,0,0,0
9MC9GTL14_1290-5049-1802-5561,0,1,0,0,0,0,0,0,0
9MC9GTL14_1290-3513-1802-4025,0,1,0,0,0,0,0,0,0
9MC9GTL14_1391-2085-1903-2597,0,1,0,0,0,0,0,0,0
9MC9GTL14_1391-1573-1903-2085,0,1,0,0,0,0,0,0,0
9MC9GTL14_17104-14285-17616-14797,0,1,0,0,0,0,0,0,0
9MC9GTL14_14947-12851-15459-13363,0,1,0,0,0,0,0,0,0
9MC9GTL14_1433-2785-1945-3297,0,1,0,0,0,0,0,0,0
9MC9GTL14_16592-14285-17104-14797,0,1,0,0,0,0,0,0,0
9MC9GTL14_1802-3513-2314-4025,0,1,0,0,0,0,0,0,0
9MC9GTL14_1903-1061-2415-1573,0,1,0,0,0,0,0,0,0
9MC9GTL14_1802-5049-2314-5561,0,1,0,0,0,0,0,0,0
9MC9GTL14_2175-3555-2687-4067,0,1,0,0,0,0,0,0,0
9MC9GTL14_2314-4025-2826-4537,0,1,0,0,0,0,0,0,0
9MC9GTL14_1903-1573-2415-2085,0,1,0,0,0,0,0,0,0
9MC9GTL14_2314-4537-2826-5049,0,1,0,0,0,0,0,0,0
9MC9GTL14_2314-5049-2826-5561,0,1,0,0,0,0,0,0,0
9MC9GTL14_2481-4374-2993-4886,0,1,0,0,0,0,0,0,0
9MC9GTL14_2481-4886-2993-5398,0,1,0,0,0,0,0,0,0
9MC9GTL14_6826-4434-7338-4946,0,1,0,0,0,0,0,0,0
9MC9GTL14_6826-3922-7338-4434,0,1,0,0,0,0,0,0,0
9MC9GTL14_6314-3922-6826-4434,0,1,0,0,0,0,0,0,0
9MC9GTL14_778-3513-1290-4025,0,1,0,0,0,0,0,0,0
9MC9GTL14_7171-5378-7683-5890,0,1,0,0,0,0,0,0,0
9MC9GTL14_7171-5890-7683-6402,0,1,0,0,0,0,0,0,0
9MC9GTL14_7683-5890-8195-6402,0,1,0,0,0,0,0,0,0
9MC9GTL14_7683-5378-8195-5890,0,1,0,0,0,0,0,0,0
9MC9GTL14_778-4025-1290-4537,0,1,0,0,0,0,0,0,0
9MC9GTL14_778-4537-1290-5049,0,1,0,0,0,0,0,0,0
9MC9GTL14_8100-5826-8612-6338,0,1,0,0,0,0,0,0,0
9MC9GTL14_9036-9445-9548-9957,0,1,0,0,0,0,0,0,0
9MC9GTL14_9036-9957-9548-10469,0,1,0,0,0,0,0,0,0
9MC9GTL14_9138-7442-9650-7954,0,1,0,0,0,0,0,0,0
9MC9GTL14_9548-9445-10060-9957,0,1,0,0,0,0,0,0,0
9MC9GTL14_9138-7954-9650-8466,0,1,0,0,0,0,0,0,0
9MC9GTL14_9548-9957-10060-10469,0,1,0,0,0,0,0,0,0
9N7V81MFF_1257-8002-1769-8514,0,0,0,0,0,1,0,0,0
9N7V81MFF_1334-912-1846-1424,0,0,0,0,0,1,0,0,0
9N7V81MFF_1434-13382-1946-13894,0,0,0,0,1,1,0,0,0
9N7V81MFF_1313-8842-1825-9354,0,0,0,0,0,1,0,0,0
9N7V81MFF_1632-13103-2144-13615,0,0,0,0,1,1,0,0,0
9N7V81MFF_1691-1031-2203-1543,0,0,0,0,1,1,0,0,0
9N7V81MFF_1691-1543-2203-2055,0,0,0,0,0,1,0,0,0
9N7V81MFF_1846-1336-2358-1848,0,0,0,0,1,1,0,0,0
9N7V81MFF_2203-1031-2715-1543,0,0,0,0,1,0,0,0,0
9N7V81MFF_2315-12669-2827-13181,0,0,0,0,1,1,0,0,0
9N7V81MFF_2203-1543-2715-2055,0,0,0,0,1,1,0,0,0
9N7V81MFF_2358-1336-2870-1848,0,0,0,0,1,1,0,0,0
9N7V81MFF_2725-1108-3237-1620,0,0,0,0,1,1,0,0,0
9N7V81MFF_2827-12669-3339-13181,0,0,0,0,1,1,0,0,0
9N7V81MFF_2618-12981-3130-13493,0,0,0,0,1,1,0,0,0
9N7V81MFF_2464-11824-2976-12336,0,0,0,0,1,0,0,0,0
9N7V81MFF_2870-1336-3382-1848,0,0,0,0,1,1,0,0,0
9N7V81MFF_2897-11483-3409-11995,0,0,0,0,0,1,0,0,0
9N7V81MFF_2897-11995-3409-12507,0,0,0,0,1,1,0,0,0
9N7V81MFF_3188-12703-3700-13215,0,0,0,0,0,1,0,0,0
9N7V81MFF_3558-11674-4070-12186,0,0,0,0,1,1,0,0,0
9N7V81MFF_3331-1087-3843-1599,0,0,0,0,1,1,0,0,0
9N7V81MFF_3700-12703-4212-13215,0,0,0,0,0,1,0,0,0
9N7V81MFF_3153-11583-3665-12095,0,0,0,0,1,1,0,0,0
9N7V81MFF_4219-12841-4731-13353,0,0,0,0,0,1,0,0,0
9N7V81MFF_3843-1087-4355-1599,0,0,0,0,1,1,0,0,0
9N7V81MFF_4689-11583-5201-12095,0,0,0,0,1,1,0,0,0
9N7V81MFF_4731-12841-5243-13353,0,0,0,0,0,1,0,0,0
9N7V81MFF_4298-11693-4810-12205,0,0,0,0,1,1,0,0,0
9N7V81MFF_4355-1087-4867-1599,0,0,0,0,1,1,0,0,0
9N7V81MFF_5358-12612-5870-13124,0,0,0,0,0,1,0,0,0
9N7V81MFF_5045-11752-5557-12264,0,0,0,0,1,1,0,0,0
9N7V81MFF_4914-1095-5426-1607,0,0,0,0,1,1,0,0,0
9N7V81MFF_5243-12841-5755-13353,0,0,0,0,0,1,0,0,0
9N7V81MFF_5426-1095-5938-1607,0,0,0,0,1,1,0,0,0
9N7V81MFF_5713-11583-6225-12095,0,0,0,0,0,1,0,0,0
9N7V81MFF_5743-12575-6255-13087,0,0,0,0,1,1,0,0,0
9N7V81MFF_6056-11808-6568-12320,0,0,0,0,0,1,0,0,0
9N7V81MFF_6255-12575-6767-13087,0,0,0,0,1,1,0,0,0
9N7V81MFF_5938-1095-6450-1607,0,0,0,0,1,0,0,0,0
9N7V81MFF_6056-12320-6568-12832,0,0,0,0,1,1,0,0,0
9N7V81MFF_6962-1095-7474-1607,0,0,0,0,1,0,0,0,0
9N7V81MFF_6450-1095-6962-1607,0,0,0,0,1,0,0,0,0
9N7V81MFF_6508-12527-7020-13039,0,0,0,0,1,1,0,0,0
9N7V81MFF_7020-12527-7532-13039,0,0,0,0,1,1,0,0,0
9N7V81MFF_8021-9613-8533-10125,0,0,0,0,0,1,0,0,0
9N7V81MFF_7141-1966-7653-2478,0,0,1,0,0,0,0,0,1
9N7V81MFF_7359-12421-7871-12933,0,0,0,0,0,1,0,0,0
9N7V81MFF_7887-8775-8399-9287,0,0,0,0,0,1,0,0,0
9N7V81MFF_7871-12421-8383-12933,0,0,0,0,0,1,0,0,0
9N7V81MFF_7878-5449-8390-5961,0,0,0,0,0,1,0,0,0
9N7V81MFF_7986-1095-8498-1607,0,0,0,0,1,1,0,0,0
9N7V81MFF_7474-1095-7986-1607,0,0,0,0,1,1,0,0,0
9N7V81MFF_8138-6671-8650-7183,0,0,0,0,0,1,0,0,0
9NIYDPIUI_3538-739-4050-1251,0,1,0,0,0,0,0,0,0
9NIYDPIUI_3026-739-3538-1251,0,1,0,0,0,0,0,0,0
9N7V81MFF_8138-7183-8650-7695,0,0,0,0,0,1,0,0,0
9NIYDPIUI_4002-4486-4514-4998,0,1,0,0,0,0,0,0,0
9NIYDPIUI_7255-849-7767-1361,0,1,0,0,0,0,0,0,0
9NIYDPIUI_4064-852-4576-1364,0,1,0,0,0,0,0,0,0
9NIYDPIUI_4387-1092-4899-1604,0,1,0,0,0,0,0,0,0
9NIYDPIUI_8349-3075-8861-3587,0,1,0,0,0,0,0,0,0
9NQDYZ4HA_176-3942-688-4454,0,0,0,0,0,1,0,0,0
9NQDYZ4HA_351-1178-863-1690,0,0,0,0,0,1,0,0,0
9NQDYZ4HA_1087-312-1599-824,0,0,0,0,0,1,0,0,0
9NYPKJF7X_1056-520-1568-1032,1,0,0,0,0,0,0,0,0
9NQDYZ4HA_4749-3050-5261-3562,0,0,0,0,0,1,0,0,0
9Q4D1CYPF_1138-7787-1650-8299,1,0,0,0,0,0,0,0,0
9Q4D1CYPF_11017-1654-11529-2166,1,0,0,0,0,0,0,0,0
9Q4D1CYPF_10505-1654-11017-2166,1,0,0,0,0,0,0,0,0
9NYPKJF7X_779-1072-1291-1584,1,0,0,0,0,0,0,0,0
9Q4D1CYPF_12743-1086-13255-1598,1,0,0,0,0,0,0,0,0
9Q4D1CYPF_12041-1142-12553-1654,1,0,0,0,0,0,0,0,0
9Q4D1CYPF_11529-1654-12041-2166,1,0,0,0,0,0,0,0,0
9Q4D1CYPF_12041-1654-12553-2166,1,0,0,0,0,0,0,0,0
9Q4D1CYPF_12743-1598-13255-2110,1,0,0,0,0,0,0,0,0
9Q4D1CYPF_13255-1598-13767-2110,1,0,0,0,0,0,0,0,0
9Q4D1CYPF_13767-1598-14279-2110,1,0,0,0,0,0,0,0,0
9Q4D1CYPF_13255-1086-13767-1598,1,0,0,0,0,0,0,0,0
9Q4D1CYPF_13767-1086-14279-1598,1,0,0,0,0,0,0,0,0
9Q4D1CYPF_14213-5098-14725-5610,1,0,0,0,0,0,0,0,0
9Q4D1CYPF_14279-1086-14791-1598,1,0,0,0,0,0,0,0,0
9Q4D1CYPF_1433-1624-1945-2136,1,0,0,0,0,0,0,0,0
9Q4D1CYPF_14725-5098-15237-5610,1,0,0,0,0,0,0,0,0
9Q4D1CYPF_14213-5610-14725-6122,1,0,0,0,0,0,0,0,0
9Q4D1CYPF_14279-1598-14791-2110,1,0,0,0,0,0,0,0,0
9Q4D1CYPF_14791-1086-15303-1598,1,0,0,0,0,0,0,0,0
9Q4D1CYPF_14791-1598-15303-2110,1,0,0,0,0,0,0,0,0
9Q4D1CYPF_14725-5610-15237-6122,1,0,0,0,0,0,0,0,0
9Q4D1CYPF_15217-1406-15729-1918,1,0,0,0,0,0,0,0,0
9Q4D1CYPF_15729-1406-16241-1918,1,0,0,0,0,0,0,0,0
9Q4D1CYPF_1650-7787-2162-8299,1,0,0,0,0,0,0,0,0
9Q4D1CYPF_1650-6763-2162-7275,1,0,0,0,0,0,0,0,0
9Q4D1CYPF_15303-1086-15815-1598,1,0,0,0,0,0,0,0,0
9Q4D1CYPF_1945-1624-2457-2136,1,0,0,0,0,0,0,0,0
9Q4D1CYPF_2162-6763-2674-7275,1,0,0,0,0,0,0,0,0
9Q4D1CYPF_2457-1112-2969-1624,1,0,0,0,0,0,0,0,0
9Q4D1CYPF_2162-7787-2674-8299,1,0,0,0,0,0,0,0,0
9Q4D1CYPF_2969-1112-3481-1624,1,0,0,0,0,0,0,0,0
9Q4D1CYPF_2674-7787-3186-8299,1,0,0,0,0,0,0,0,0
9Q4D1CYPF_2457-1624-2969-2136,1,0,0,0,0,0,0,0,0
9Q4D1CYPF_2969-1624-3481-2136,1,0,0,0,0,0,0,0,0
9Q4D1CYPF_2674-6763-3186-7275,1,0,0,0,0,0,0,0,0
9Q4D1CYPF_3186-7275-3698-7787,1,0,0,0,0,0,0,0,0
9Q4D1CYPF_3186-6763-3698-7275,1,0,0,0,0,0,0,0,0
9Q4D1CYPF_3481-1624-3993-2136,1,0,0,0,0,0,0,0,0
9Q4D1CYPF_3481-1112-3993-1624,1,0,0,0,0,0,0,0,0
9Q4D1CYPF_3698-7275-4210-7787,1,0,0,0,0,0,0,0,0
9Q4D1CYPF_3993-1112-4505-1624,1,0,0,0,0,0,0,0,0
9Q4D1CYPF_3698-6763-4210-7275,1,0,0,0,0,0,0,0,0
9Q4D1CYPF_3993-1624-4505-2136,1,0,0,0,0,0,0,0,0
9Q4D1CYPF_4210-6763-4722-7275,1,0,0,0,0,0,0,0,0
9Q4D1CYPF_4505-1112-5017-1624,1,0,0,0,0,0,0,0,0
9Q4D1CYPF_4505-1624-5017-2136,1,0,0,0,0,0,0,0,0
9Q4D1CYPF_5017-1112-5529-1624,1,0,0,0,0,0,0,0,0
9Q4D1CYPF_4722-6763-5234-7275,1,0,0,0,0,0,0,0,0
9Q4D1CYPF_5234-7787-5746-8299,1,0,0,0,0,0,0,0,0
9Q4D1CYPF_5017-1624-5529-2136,1,0,0,0,0,0,0,0,0
9Q4D1CYPF_5234-6763-5746-7275,1,0,0,0,0,0,0,0,0
9Q4D1CYPF_5529-1624-6041-2136,1,0,0,0,0,0,0,0,0
9Q4D1CYPF_5529-1112-6041-1624,1,0,0,0,0,0,0,0,0
9Q4D1CYPF_5746-7275-6258-7787,1,0,0,0,0,0,0,0,0
9Q4D1CYPF_5821-6751-6333-7263,1,0,0,0,0,0,0,0,0
9Q4D1CYPF_5821-7775-6333-8287,1,0,0,0,0,0,0,0,0
9Q4D1CYPF_6041-1112-6553-1624,1,0,0,0,0,0,0,0,0
9Q4D1CYPF_6258-6763-6770-7275,1,0,0,0,0,0,0,0,0
9Q4D1CYPF_626-6763-1138-7275,1,0,0,0,0,0,0,0,0
9Q4D1CYPF_6258-7787-6770-8299,1,0,0,0,0,0,0,0,0
9Q4D1CYPF_6041-1624-6553-2136,1,0,0,0,0,0,0,0,0
9Q4D1CYPF_626-7275-1138-7787,1,0,0,0,0,0,0,0,0
9Q4D1CYPF_6333-7263-6845-7775,1,0,0,0,0,0,0,0,0
9Q4D1CYPF_6553-1112-7065-1624,1,0,0,0,0,0,0,0,0
9Q4D1CYPF_626-7787-1138-8299,1,0,0,0,0,0,0,0,0
9Q4D1CYPF_6553-1624-7065-2136,1,0,0,0,0,0,0,0,0
9Q4D1CYPF_7065-1112-7577-1624,1,0,0,0,0,0,0,0,0
9Q4D1CYPF_6845-7775-7357-8287,1,0,0,0,0,0,0,0,0
9Q4D1CYPF_6845-6751-7357-7263,1,0,0,0,0,0,0,0,0
9Q4D1CYPF_7065-1624-7577-2136,1,0,0,0,0,0,0,0,0
9Q4D1CYPF_7357-6751-7869-7263,1,0,0,0,0,0,0,0,0
9Q4D1CYPF_7577-1112-8089-1624,1,0,0,0,0,0,0,0,0
9Q4D1CYPF_7357-7775-7869-8287,1,0,0,0,0,0,0,0,0
9Q4D1CYPF_7357-7263-7869-7775,1,0,0,0,0,0,0,0,0
9Q4D1CYPF_7577-1624-8089-2136,1,0,0,0,0,0,0,0,0
9Q4D1CYPF_7945-1654-8457-2166,1,0,0,0,0,0,0,0,0
9Q4D1CYPF_8457-1654-8969-2166,1,0,0,0,0,0,0,0,0
9Q4D1CYPF_8969-1654-9481-2166,1,0,0,0,0,0,0,0,0
9Q4D1CYPF_7945-1142-8457-1654,1,0,0,0,0,0,0,0,0
9Q4D1CYPF_921-1624-1433-2136,1,0,0,0,0,0,0,0,0
9Q4D1CYPF_9481-1654-9993-2166,1,0,0,0,0,0,0,0,0
9QK2QM1P3_1556-1714-2068-2226,1,0,0,0,0,0,0,0,0
9Q4D1CYPF_9993-1654-10505-2166,1,0,0,0,0,0,0,0,0
9QK2QM1P3_2188-1019-2700-1531,1,0,0,0,0,0,0,0,0
9QK2QM1P3_2822-2646-3334-3158,1,0,0,0,0,0,0,0,0
9QK2QM1P3_2310-2646-2822-3158,1,0,0,0,0,0,0,0,0
9QK2QM1P3_2377-1425-2889-1937,1,0,0,0,0,0,0,0,0
9QK2QM1P3_2793-1419-3305-1931,1,0,0,0,0,0,0,0,0
9QK2QM1P3_3004-1112-3516-1624,1,0,0,0,0,0,0,0,0
9QK2QM1P3_2864-406-3376-918,1,0,0,0,0,0,0,0,0
9QK2QM1P3_2703-1805-3215-2317,1,0,0,0,0,0,0,0,0
9QK2QM1P3_3128-1332-3640-1844,1,0,0,0,0,0,0,0,0
9QK2QM1P3_3495-1326-4007-1838,1,0,0,0,0,0,0,0,0
9QK2QM1P3_4007-1838-4519-2350,1,0,0,0,0,0,0,0,0
9QK2QM1P3_3495-1838-4007-2350,1,0,0,0,0,0,0,0,0
9QK2QM1P3_4007-1326-4519-1838,1,0,0,0,0,0,0,0,0
9QK2QM1P3_4519-1326-5031-1838,1,0,0,0,0,0,0,0,0
9QK2QM1P3_6494-2064-7006-2576,1,0,0,0,0,0,0,0,0
9QK2QM1P3_5982-2576-6494-3088,1,0,0,0,0,0,0,0,0
9QK2QM1P3_5422-619-5934-1131,1,0,0,0,0,0,0,0,0
9QK2QM1P3_6128-1737-6640-2249,1,0,0,0,0,0,0,0,0
9QK2QM1P3_4519-814-5031-1326,1,0,0,0,0,0,0,0,0
9QK2QM1P3_6548-1656-7060-2168,1,0,0,0,0,0,0,0,0
9QK2QM1P3_6494-2576-7006-3088,1,0,0,0,0,0,0,0,0
9QWNK444D_10079-1268-10591-1780,1,0,0,0,0,0,0,0,0
9QK2QM1P3_959-2308-1471-2820,1,0,0,0,0,0,0,0,0
9QWNK444D_10079-1780-10591-2292,1,0,0,0,0,0,0,0,0
9QWNK444D_10079-2292-10591-2804,1,0,0,0,0,0,0,0,0
9QK2QM1P3_8450-787-8962-1299,1,0,0,0,0,0,0,0,0
9QWNK444D_10079-2804-10591-3316,1,0,0,0,0,0,0,0,0
9QWNK444D_10079-3316-10591-3828,1,0,0,0,0,0,0,0,0
9QWNK444D_10079-4340-10591-4852,1,0,0,0,0,0,0,0,0
9QWNK444D_10079-5364-10591-5876,1,0,0,0,0,0,0,0,0
9QWNK444D_10079-4852-10591-5364,1,0,0,0,0,0,0,0,0
9QWNK444D_10079-3828-10591-4340,1,0,0,0,0,0,0,0,0
9QWNK444D_10079-5876-10591-6388,1,0,0,0,0,0,0,0,0
9QWNK444D_10079-6388-10591-6900,1,0,0,0,0,0,0,0,0
9QWNK444D_10079-7412-10591-7924,1,0,0,0,0,0,0,0,0
9QWNK444D_10079-6900-10591-7412,1,0,0,0,0,0,0,0,0
9QWNK444D_10591-1268-11103-1780,1,0,0,0,0,0,0,0,0
9QWNK444D_10591-3316-11103-3828,1,0,0,0,0,0,0,0,0
9QWNK444D_10591-1780-11103-2292,1,0,0,0,0,0,0,0,0
9QWNK444D_10591-5364-11103-5876,1,0,0,0,0,0,0,0,0
9QWNK444D_10591-3828-11103-4340,1,0,0,0,0,0,0,0,0
9QWNK444D_10591-2804-11103-3316,1,0,0,0,0,0,0,0,0
9QWNK444D_10591-2292-11103-2804,1,0,0,0,0,0,0,0,0
9QWNK444D_10591-4340-11103-4852,1,0,0,0,0,0,0,0,0
9QWNK444D_10591-7412-11103-7924,1,0,0,0,0,0,0,0,0
9QWNK444D_10591-5876-11103-6388,1,0,0,0,0,0,0,0,0
9QWNK444D_10591-6900-11103-7412,1,0,0,0,0,0,0,0,0
9QWNK444D_10591-6388-11103-6900,1,0,0,0,0,0,0,0,0
9RBL8UIMA_11201-13234-11713-13746,0,0,0,0,1,0,0,0,0
9RBL8UIMA_11277-551-11789-1063,0,0,1,0,0,0,0,0,0
9RBL8UIMA_11498-953-12010-1465,0,0,1,0,0,0,0,0,0
9RBL8UIMA_11496-12934-12008-13446,0,0,1,0,1,0,0,0,0
9RBL8UIMA_11340-1128-11852-1640,0,0,1,0,0,0,0,0,0
9RBL8UIMA_11789-551-12301-1063,0,0,1,0,1,0,0,0,0
9RBL8UIMA_12452-727-12964-1239,0,0,0,0,1,0,0,0,0
9RBL8UIMA_12905-13184-13417-13696,0,0,0,0,1,0,0,0,0
9RBL8UIMA_12780-11064-13292-11576,0,0,0,0,1,0,0,0,0
9RBL8UIMA_12105-1346-12617-1858,0,0,0,0,0,1,0,0,0
9RBL8UIMA_12404-13129-12916-13641,0,0,0,0,1,0,0,0,0
9RBL8UIMA_11993-814-12505-1326,0,0,0,0,1,0,0,0,0
9RBL8UIMA_12268-11064-12780-11576,0,0,0,0,1,0,0,0,0
9RBL8UIMA_12964-727-13476-1239,0,0,0,0,1,0,0,0,0
9RBL8UIMA_13526-13176-14038-13688,0,0,0,0,1,0,0,0,0
9RBL8UIMA_13067-1355-13579-1867,0,0,0,0,0,1,0,0,0
9RBL8UIMA_13519-765-14031-1277,0,0,0,0,1,0,0,0,0
9RBL8UIMA_14031-765-14543-1277,0,0,0,0,1,0,0,0,0
9RBL8UIMA_14836-16689-15348-17201,0,0,1,0,0,0,0,0,0
9RBL8UIMA_14324-16689-14836-17201,0,0,1,0,0,0,0,0,0
9RBL8UIMA_15867-1121-16379-1633,0,0,1,0,0,0,0,0,0
9RBL8UIMA_15108-16709-15620-17221,0,0,1,0,0,0,0,0,0
9RBL8UIMA_14988-1311-15500-1823,0,0,0,0,0,1,0,0,0
9RBL8UIMA_14876-776-15388-1288,0,0,0,0,1,0,0,0,0
9RBL8UIMA_16243-16643-16755-17155,0,0,1,0,0,0,0,0,0
9RBL8UIMA_16583-16708-17095-17220,0,0,1,0,0,0,0,0,0
9RBL8UIMA_15867-609-16379-1121,0,0,1,0,0,0,0,0,0
9RBL8UIMA_15884-16619-16396-17131,0,0,1,0,0,0,0,0,0
9RBL8UIMA_16379-609-16891-1121,0,0,1,0,0,0,0,0,0
9RBL8UIMA_16336-1730-16848-2242,0,0,1,0,0,0,0,0,0
9RBL8UIMA_16379-1121-16891-1633,0,0,1,0,0,0,0,0,0
9RBL8UIMA_3593-16670-4105-17182,0,0,0,0,1,0,0,0,0
9RBL8UIMA_4759-12958-5271-13470,0,0,1,0,0,0,0,0,0
9RBL8UIMA_7992-13415-8504-13927,0,0,0,0,1,0,0,0,0
9RBL8UIMA_796-14247-1308-14759,0,0,0,0,1,0,0,0,0
9RBL8UIMA_7548-13663-8060-14175,0,0,0,0,1,0,0,0,0
9RBL8UIMA_865-16343-1377-16855,0,0,0,0,1,0,0,0,0
9RBL8UIMA_842-15972-1354-16484,0,0,0,0,1,0,0,0,0
9RBL8UIMA_885-15540-1397-16052,0,0,0,0,1,0,0,0,0
9RBL8UIMA_8882-13346-9394-13858,0,0,0,0,1,0,0,0,0
9RBL8UIMA_8881-16469-9393-16981,0,0,0,0,1,0,0,0,0
9RBL8UIMA_964-16906-1476-17418,0,0,0,0,1,0,0,0,0
9RNK91YWZ_1978-4972-2490-5484,0,0,0,0,0,0,1,0,0
9RNK91YWZ_1780-5281-2292-5793,0,0,0,0,0,0,1,0,0
9RNK91YWZ_2490-4460-3002-4972,0,0,0,0,0,0,1,0,0
9RNK91YWZ_2490-3948-3002-4460,0,0,0,0,0,0,1,0,0
9RNK91YWZ_1268-5793-1780-6305,0,0,0,0,0,0,1,0,0
9RNK91YWZ_1978-4460-2490-4972,0,0,0,0,0,0,1,0,0
9RNK91YWZ_1268-5281-1780-5793,0,0,0,0,0,0,1,0,0
9UH84W49V_10079-12948-10591-13460,0,1,0,0,0,0,0,0,0
9UH84W49V_10079-13972-10591-14484,0,1,0,0,0,0,0,0,0
9UH84W49V_10079-8852-10591-9364,0,1,0,0,0,0,0,0,0
9UH84W49V_10125-18921-10637-19433,0,1,0,0,0,0,0,0,0
9UH84W49V_10079-11924-10591-12436,0,1,0,0,0,0,0,0,0
9UH84W49V_10125-19945-10637-20457,0,1,0,0,0,0,0,0,0
9UH84W49V_10125-19433-10637-19945,0,1,0,0,0,0,0,0,0
9UH84W49V_10243-5290-10755-5802,0,1,0,0,0,0,0,0,0
9UH84W49V_10235-12282-10747-12794,0,1,0,0,0,0,0,0,0
9UH84W49V_10243-5802-10755-6314,0,1,0,0,0,0,0,0,0
9UH84W49V_10262-14870-10774-15382,0,1,0,0,0,0,0,0,0
9UH84W49V_10476-12190-10988-12702,0,1,0,0,0,0,0,0,0
9UH84W49V_10262-15894-10774-16406,0,1,0,0,0,0,0,0,0
9UH84W49V_10591-11924-11103-12436,0,1,0,0,0,0,0,0,0
9UH84W49V_10262-15382-10774-15894,0,1,0,0,0,0,0,0,0
9UH84W49V_10324-13339-10836-13851,0,1,0,0,0,0,0,0,0
9UH84W49V_10591-12948-11103-13460,0,1,0,0,0,0,0,0,0
9UH84W49V_10324-12827-10836-13339,0,1,0,0,0,0,0,0,0
9UH84W49V_10591-14996-11103-15508,0,1,0,0,0,0,0,0,0
9UH84W49V_10591-13972-11103-14484,0,1,0,0,0,0,0,0,0
9UH84W49V_10591-13460-11103-13972,0,1,0,0,0,0,0,0,0
9UH84W49V_10591-14484-11103-14996,0,1,0,0,0,0,0,0,0
9UH84W49V_10637-18921-11149-19433,0,1,0,0,0,0,0,0,0
9UH84W49V_10637-18409-11149-18921,0,1,0,0,0,0,0,0,0
9UH84W49V_10591-15508-11103-16020,0,1,0,0,0,0,0,0,0
9UH84W49V_10747-12282-11259-12794,0,1,0,0,0,0,0,0,0
9UH84W49V_10637-19433-11149-19945,0,1,0,0,0,0,0,0,0
9UH84W49V_10755-5290-11267-5802,0,1,0,0,0,0,0,0,0
9UH84W49V_10774-15894-11286-16406,0,1,0,0,0,0,0,0,0
9UH84W49V_10836-13339-11348-13851,0,1,0,0,0,0,0,0,0
9UH84W49V_1111-10926-1623-11438,0,1,0,0,0,0,0,0,0
9UH84W49V_1111-10414-1623-10926,0,1,0,0,0,0,0,0,0
9UH84W49V_1111-11438-1623-11950,0,1,0,0,0,0,0,0,0
9UH84W49V_10836-12827-11348-13339,0,1,0,0,0,0,0,0,0
9UH84W49V_10988-12190-11500-12702,0,1,0,0,0,0,0,0,0
9UH84W49V_10988-11678-11500-12190,0,1,0,0,0,0,0,0,0
9UH84W49V_1111-8366-1623-8878,0,1,0,0,0,0,0,0,0
9UH84W49V_1111-9390-1623-9902,0,1,0,0,0,0,0,0,0
9UH84W49V_1111-8878-1623-9390,0,1,0,0,0,0,0,0,0
9UH84W49V_11177-19416-11689-19928,0,1,0,0,0,0,0,0,0
9UH84W49V_11149-18921-11661-19433,0,1,0,0,0,0,0,0,0
9UH84W49V_1111-9902-1623-10414,0,1,0,0,0,0,0,0,0
9UH84W49V_11161-614-11673-1126,0,1,0,0,0,0,0,0,0
9UH84W49V_11270-9620-11782-10132,0,1,0,0,0,0,0,0,0
9UH84W49V_11292-10683-11804-11195,0,1,0,0,0,0,0,0,0
9UH84W49V_11177-19928-11689-20440,0,1,0,0,0,0,0,0,0
9UH84W49V_11177-20440-11689-20952,0,1,0,0,0,0,0,0,0
9UH84W49V_1140-1909-1652-2421,0,1,0,0,0,0,0,0,0
9UH84W49V_1140-2421-1652-2933,0,1,0,0,0,0,0,0,0
9UH84W49V_1140-373-1652-885,0,1,0,0,0,0,0,0,0
9UH84W49V_1140-885-1652-1397,0,1,0,0,0,0,0,0,0
9UH84W49V_1140-1397-1652-1909,0,1,0,0,0,0,0,0,0
9UH84W49V_11500-12190-12012-12702,0,1,0,0,0,0,0,0,0
9UH84W49V_11570-12820-12082-13332,0,1,0,0,0,0,0,0,0
9UH84W49V_11570-13332-12082-13844,0,1,0,0,0,0,0,0,0
9UH84W49V_1158-12351-1670-12863,0,1,0,0,0,0,0,0,0
9UH84W49V_11577-16544-12089-17056,0,1,0,0,0,0,0,0,0
9UH84W49V_1158-12863-1670-13375,0,1,0,0,0,0,0,0,0
9UH84W49V_1158-13375-1670-13887,0,1,0,0,0,0,0,0,0
9UH84W49V_11673-614-12185-1126,0,1,0,0,0,0,0,0,0
9UH84W49V_11689-17880-12201-18392,0,1,0,0,0,0,0,0,0
9UH84W49V_11689-18392-12201-18904,0,1,0,0,0,0,0,0,0
9UH84W49V_11689-19416-12201-19928,0,1,0,0,0,0,0,0,0
9UH84W49V_11782-9620-12294-10132,0,1,0,0,0,0,0,0,0
9UH84W49V_11689-18904-12201-19416,0,1,0,0,0,0,0,0,0
9UH84W49V_11862-11553-12374-12065,0,1,0,0,0,0,0,0,0
9UH84W49V_12089-16544-12601-17056,0,1,0,0,0,0,0,0,0
9UH84W49V_11804-10683-12316-11195,0,1,0,0,0,0,0,0,0
9UH84W49V_12039-9165-12551-9677,0,1,0,0,0,0,0,0,0
9UH84W49V_12062-8163-12574-8675,0,1,0,0,0,0,0,0,0
9UH84W49V_12113-5710-12625-6222,0,1,0,0,0,0,0,0,0
9UH84W49V_12113-6222-12625-6734,0,1,0,0,0,0,0,0,0
9UH84W49V_12185-614-12697-1126,0,1,0,0,0,0,0,0,0
9UH84W49V_12113-6734-12625-7246,0,1,0,0,0,0,0,0,0
9UH84W49V_12201-17880-12713-18392,0,1,0,0,0,0,0,0,0
9UH84W49V_12206-1665-12718-2177,0,1,0,0,0,0,0,0,0
9UH84W49V_12201-18392-12713-18904,0,1,0,0,0,0,0,0,0
9UH84W49V_12371-10589-12883-11101,0,1,0,0,0,0,0,0,0
9UH84W49V_12294-9620-12806-10132,0,1,0,0,0,0,0,0,0
9UH84W49V_12201-20440-12713-20952,0,1,0,0,0,0,0,0,0
9UH84W49V_12371-10077-12883-10589,0,1,0,0,0,0,0,0,0
9UH84W49V_12211-3671-12723-4183,0,1,0,0,0,0,0,0,0
9UH84W49V_12259-1195-12771-1707,0,1,0,0,0,0,0,0,0
9UH84W49V_12419-9260-12931-9772,0,1,0,0,0,0,0,0,0
9UH84W49V_12419-8748-12931-9260,0,1,0,0,0,0,0,0,0
9UH84W49V_12536-2420-13048-2932,0,1,0,0,0,0,0,0,0
9UH84W49V_12574-7651-13086-8163,0,1,0,0,0,0,0,0,0
9UH84W49V_12574-7139-13086-7651,0,1,0,0,0,0,0,0,0
9UH84W49V_12574-8163-13086-8675,0,1,0,0,0,0,0,0,0
9UH84W49V_12601-15520-13113-16032,0,1,0,0,0,0,0,0,0
9UH84W49V_12601-15008-13113-15520,0,1,0,0,0,0,0,0,0
9UH84W49V_12601-16032-13113-16544,0,1,0,0,0,0,0,0,0
9UH84W49V_12612-19730-13124-20242,0,1,0,0,0,0,0,0,0
9UH84W49V_12625-12339-13137-12851,0,1,0,0,0,0,0,0,0
9UH84W49V_12615-20226-13127-20738,0,1,0,0,0,0,0,0,0
9UH84W49V_12625-5198-13137-5710,0,1,0,0,0,0,0,0,0
9UH84W49V_12625-5710-13137-6222,0,1,0,0,0,0,0,0,0
9UH84W49V_12637-4481-13149-4993,0,1,0,0,0,0,0,0,0
9UH84W49V_12625-6734-13137-7246,0,1,0,0,0,0,0,0,0
9UH84W49V_12657-4170-13169-4682,0,1,0,0,0,0,0,0,0
9UH84W49V_12625-6222-13137-6734,0,1,0,0,0,0,0,0,0
9UH84W49V_12877-3120-13389-3632,0,1,0,0,0,0,0,0,0
9UH84W49V_12857-2172-13369-2684,0,1,0,0,0,0,0,0,0
9UH84W49V_12673-1295-13185-1807,0,1,0,0,0,0,0,0,0
9UH84W49V_12723-3671-13235-4183,0,1,0,0,0,0,0,0,0
9UH84W49V_12892-4529-13404-5041,0,1,0,0,0,0,0,0,0
9UH84W49V_12926-750-13438-1262,0,1,0,0,0,0,0,0,0
9UH84W49V_1451-13496-1963-14008,0,1,0,0,0,0,0,0,0
9UH84W49V_1451-15544-1963-16056,0,1,0,0,0,0,0,0,0
9UH84W49V_1451-15032-1963-15544,0,1,0,0,0,0,0,0,0
9UH84W49V_1451-14008-1963-14520,0,1,0,0,0,0,0,0,0
9UH84W49V_1451-14520-1963-15032,0,1,0,0,0,0,0,0,0
9UH84W49V_1451-18616-1963-19128,0,1,0,0,0,0,0,0,0
9UH84W49V_1623-10414-2135-10926,0,1,0,0,0,0,0,0,0
9UH84W49V_1623-11438-2135-11950,0,1,0,0,0,0,0,0,0
9UH84W49V_1623-10926-2135-11438,0,1,0,0,0,0,0,0,0
9UH84W49V_1623-8366-2135-8878,0,1,0,0,0,0,0,0,0
9UH84W49V_1451-19128-1963-19640,0,1,0,0,0,0,0,0,0
9UH84W49V_1623-8878-2135-9390,0,1,0,0,0,0,0,0,0
9UH84W49V_1623-9390-2135-9902,0,1,0,0,0,0,0,0,0
9UH84W49V_1623-9902-2135-10414,0,1,0,0,0,0,0,0,0
9UH84W49V_1683-12200-2195-12712,0,1,0,0,0,0,0,0,0
9UH84W49V_1963-16568-2475-17080,0,1,0,0,0,0,0,0,0
9UH84W49V_1963-15544-2475-16056,0,1,0,0,0,0,0,0,0
9UH84W49V_1963-17080-2475-17592,0,1,0,0,0,0,0,0,0
9UH84W49V_1963-18104-2475-18616,0,1,0,0,0,0,0,0,0
9UH84W49V_1966-12296-2478-12808,0,1,0,0,0,0,0,0,0
9UH84W49V_1963-18616-2475-19128,0,1,0,0,0,0,0,0,0
9UH84W49V_1963-19128-2475-19640,0,1,0,0,0,0,0,0,0
9UH84W49V_1963-17592-2475-18104,0,1,0,0,0,0,0,0,0
9UH84W49V_2475-16056-2987-16568,0,1,0,0,0,0,0,0,0
9UH84W49V_2840-339-3352-851,0,1,0,0,0,0,0,0,0
9UH84W49V_2475-15544-2987-16056,0,1,0,0,0,0,0,0,0
9UH84W49V_3812-2036-4324-2548,0,1,0,0,0,0,0,0,0
9UH84W49V_3352-339-3864-851,0,1,0,0,0,0,0,0,0
9UH84W49V_2093-269-2605-781,0,1,0,0,0,0,0,0,0
9UH84W49V_3864-339-4376-851,0,1,0,0,0,0,0,0,0
9UH84W49V_4376-339-4888-851,0,1,0,0,0,0,0,0,0
9UH84W49V_4324-2036-4836-2548,0,1,0,0,0,0,0,0,0
9UH84W49V_4447-10900-4959-11412,0,1,0,0,0,0,0,0,0
9UH84W49V_4447-10388-4959-10900,0,1,0,0,0,0,0,0,0
9UH84W49V_4447-12436-4959-12948,0,1,0,0,0,0,0,0,0
9UH84W49V_4447-12948-4959-13460,0,1,0,0,0,0,0,0,0
9UH84W49V_4447-9876-4959-10388,0,1,0,0,0,0,0,0,0
9UH84W49V_4467-16339-4979-16851,0,1,0,0,0,0,0,0,0
9UH84W49V_4467-16851-4979-17363,0,1,0,0,0,0,0,0,0
9UH84W49V_4467-17363-4979-17875,0,1,0,0,0,0,0,0,0
9UH84W49V_4467-17875-4979-18387,0,1,0,0,0,0,0,0,0
9UH84W49V_4959-12436-5471-12948,0,1,0,0,0,0,0,0,0
9UH84W49V_4959-11924-5471-12436,0,1,0,0,0,0,0,0,0
9UH84W49V_4797-8341-5309-8853,0,1,0,0,0,0,0,0,0
9UH84W49V_4959-10388-5471-10900,0,1,0,0,0,0,0,0,0
9UH84W49V_4959-11412-5471-11924,0,1,0,0,0,0,0,0,0
9UH84W49V_4888-339-5400-851,0,1,0,0,0,0,0,0,0
9UH84W49V_4959-12948-5471-13460,0,1,0,0,0,0,0,0,0
9UH84W49V_4959-8852-5471-9364,0,1,0,0,0,0,0,0,0
9UH84W49V_4979-17363-5491-17875,0,1,0,0,0,0,0,0,0
9UH84W49V_4979-16339-5491-16851,0,1,0,0,0,0,0,0,0
9UH84W49V_4979-16851-5491-17363,0,1,0,0,0,0,0,0,0
9UH84W49V_4979-17875-5491-18387,0,1,0,0,0,0,0,0,0
9UH84W49V_4979-19411-5491-19923,0,1,0,0,0,0,0,0,0
9UH84W49V_4979-18899-5491-19411,0,1,0,0,0,0,0,0,0
9UH84W49V_4979-19923-5491-20435,0,1,0,0,0,0,0,0,0
9UH84W49V_4979-18387-5491-18899,0,1,0,0,0,0,0,0,0
9UH84W49V_4996-7565-5508-8077,0,1,0,0,0,0,0,0,0
9UH84W49V_4996-8077-5508-8589,0,1,0,0,0,0,0,0,0
9UH84W49V_5095-8497-5607-9009,0,1,0,0,0,0,0,0,0
9UH84W49V_5286-17427-5798-17939,0,1,0,0,0,0,0,0,0
9UH84W49V_5286-16915-5798-17427,0,1,0,0,0,0,0,0,0
9UH84W49V_5286-17939-5798-18451,0,1,0,0,0,0,0,0,0
9UH84W49V_5286-16403-5798-16915,0,1,0,0,0,0,0,0,0
9UH84W49V_5286-18451-5798-18963,0,1,0,0,0,0,0,0,0
9UH84W49V_5286-18963-5798-19475,0,1,0,0,0,0,0,0,0
9UH84W49V_5471-12436-5983-12948,0,1,0,0,0,0,0,0,0
9UH84W49V_5298-387-5810-899,0,1,0,0,0,0,0,0,0
9UH84W49V_5471-12948-5983-13460,0,1,0,0,0,0,0,0,0
9UH84W49V_5471-10388-5983-10900,0,1,0,0,0,0,0,0,0
9UH84W49V_5471-14996-5983-15508,0,1,0,0,0,0,0,0,0
9UH84W49V_5471-8852-5983-9364,0,1,0,0,0,0,0,0,0
9UH84W49V_5471-9876-5983-10388,0,1,0,0,0,0,0,0,0
9UH84W49V_5471-16020-5983-16532,0,1,0,0,0,0,0,0,0
9UH84W49V_5471-15508-5983-16020,0,1,0,0,0,0,0,0,0
9UH84W49V_5508-7565-6020-8077,0,1,0,0,0,0,0,0,0
9UH84W49V_5508-7053-6020-7565,0,1,0,0,0,0,0,0,0
9UH84W49V_5508-8077-6020-8589,0,1,0,0,0,0,0,0,0
9UH84W49V_5798-15891-6310-16403,0,1,0,0,0,0,0,0,0
9UH84W49V_5798-15379-6310-15891,0,1,0,0,0,0,0,0,0
9UH84W49V_5717-1446-6229-1958,0,1,0,0,0,0,0,0,0
9UH84W49V_5607-8497-6119-9009,0,1,0,0,0,0,0,0,0
9UH84W49V_5798-16403-6310-16915,0,1,0,0,0,0,0,0,0
9UH84W49V_5798-18451-6310-18963,0,1,0,0,0,0,0,0,0
9UH84W49V_5798-16915-6310-17427,0,1,0,0,0,0,0,0,0
9UH84W49V_5798-17939-6310-18451,0,1,0,0,0,0,0,0,0
9UH84W49V_5810-387-6322-899,0,1,0,0,0,0,0,0,0
9UH84W49V_5798-17427-6310-17939,0,1,0,0,0,0,0,0,0
9UH84W49V_5983-11924-6495-12436,0,1,0,0,0,0,0,0,0
9UH84W49V_5983-11412-6495-11924,0,1,0,0,0,0,0,0,0
9UH84W49V_5934-2915-6446-3427,0,1,0,0,0,0,0,0,0
9UH84W49V_5983-10388-6495-10900,0,1,0,0,0,0,0,0,0
9UH84W49V_5983-10900-6495-11412,0,1,0,0,0,0,0,0,0
9UH84W49V_5983-12436-6495-12948,0,1,0,0,0,0,0,0,0
9UH84W49V_5983-12948-6495-13460,0,1,0,0,0,0,0,0,0
9UH84W49V_5983-9876-6495-10388,0,1,0,0,0,0,0,0,0
9UH84W49V_5983-13460-6495-13972,0,1,0,0,0,0,0,0,0
9UH84W49V_5983-8852-6495-9364,0,1,0,0,0,0,0,0,0
9UH84W49V_5983-13972-6495-14484,0,1,0,0,0,0,0,0,0
9UH84W49V_6020-5517-6532-6029,0,1,0,0,0,0,0,0,0
9UH84W49V_6020-8077-6532-8589,0,1,0,0,0,0,0,0,0
9UH84W49V_6020-6541-6532-7053,0,1,0,0,0,0,0,0,0
9UH84W49V_6020-6029-6532-6541,0,1,0,0,0,0,0,0,0
9UH84W49V_6111-5266-6623-5778,0,1,0,0,0,0,0,0,0
9UH84W49V_6020-7053-6532-7565,0,1,0,0,0,0,0,0,0
9UH84W49V_6119-8497-6631-9009,0,1,0,0,0,0,0,0,0
9UH84W49V_6213-18849-6725-19361,0,1,0,0,0,0,0,0,0
9UH84W49V_6119-9521-6631-10033,0,1,0,0,0,0,0,0,0
9UH84W49V_6213-19361-6725-19873,0,1,0,0,0,0,0,0,0
9UH84W49V_6191-2781-6703-3293,0,1,0,0,0,0,0,0,0
9UH84W49V_6213-19873-6725-20385,0,1,0,0,0,0,0,0,0
9UH84W49V_6253-11230-6765-11742,0,1,0,0,0,0,0,0,0
9UH84W49V_6229-1446-6741-1958,0,1,0,0,0,0,0,0,0
9UH84W49V_6253-11742-6765-12254,0,1,0,0,0,0,0,0,0
9UH84W49V_6277-16774-6789-17286,0,1,0,0,0,0,0,0,0
9UH84W49V_6277-16262-6789-16774,0,1,0,0,0,0,0,0,0
9UH84W49V_6253-12254-6765-12766,0,1,0,0,0,0,0,0,0
9UH84W49V_6341-10102-6853-10614,0,1,0,0,0,0,0,0,0
9UH84W49V_6495-11412-7007-11924,0,1,0,0,0,0,0,0,0
9UH84W49V_6495-11924-7007-12436,0,1,0,0,0,0,0,0,0
9UH84W49V_6341-10614-6853-11126,0,1,0,0,0,0,0,0,0
9UH84W49V_6495-10388-7007-10900,0,1,0,0,0,0,0,0,0
9UH84W49V_6495-12436-7007-12948,0,1,0,0,0,0,0,0,0
9UH84W49V_6532-5517-7044-6029,0,1,0,0,0,0,0,0,0
9UH84W49V_6495-13972-7007-14484,0,1,0,0,0,0,0,0,0
9UH84W49V_6495-8852-7007-9364,0,1,0,0,0,0,0,0,0
9UH84W49V_6532-8077-7044-8589,0,1,0,0,0,0,0,0,0
9UH84W49V_6541-16873-7053-17385,0,1,0,0,0,0,0,0,0
9UH84W49V_6541-17385-7053-17897,0,1,0,0,0,0,0,0,0
9UH84W49V_6541-17897-7053-18409,0,1,0,0,0,0,0,0,0
9UH84W49V_6541-18921-7053-19433,0,1,0,0,0,0,0,0,0
9UH84W49V_6541-19433-7053-19945,0,1,0,0,0,0,0,0,0
9UH84W49V_6570-4656-7082-5168,0,1,0,0,0,0,0,0,0
9UH84W49V_6725-18337-7237-18849,0,1,0,0,0,0,0,0,0
9UH84W49V_6631-8497-7143-9009,0,1,0,0,0,0,0,0,0
9UH84W49V_6741-1446-7253-1958,0,1,0,0,0,0,0,0,0
9UH84W49V_6765-11742-7277-12254,0,1,0,0,0,0,0,0,0
9UH84W49V_6725-19873-7237-20385,0,1,0,0,0,0,0,0,0
9UH84W49V_6765-12254-7277-12766,0,1,0,0,0,0,0,0,0
9UH84W49V_6765-11230-7277-11742,0,1,0,0,0,0,0,0,0
9UH84W49V_6789-16262-7301-16774,0,1,0,0,0,0,0,0,0
9UH84W49V_6789-16774-7301-17286,0,1,0,0,0,0,0,0,0
9UH84W49V_6853-10102-7365-10614,0,1,0,0,0,0,0,0,0
9UH84W49V_6853-10614-7365-11126,0,1,0,0,0,0,0,0,0
9UH84W49V_6853-9590-7365-10102,0,1,0,0,0,0,0,0,0
9UH84W49V_6879-4354-7391-4866,0,1,0,0,0,0,0,0,0
9UH84W49V_6901-3643-7413-4155,0,1,0,0,0,0,0,0,0
9UH84W49V_7007-14484-7519-14996,0,1,0,0,0,0,0,0,0
9UH84W49V_7007-11924-7519-12436,0,1,0,0,0,0,0,0,0
9UH84W49V_7007-10388-7519-10900,0,1,0,0,0,0,0,0,0
9UH84W49V_7007-13972-7519-14484,0,1,0,0,0,0,0,0,0
9UH84W49V_7007-12948-7519-13460,0,1,0,0,0,0,0,0,0
9UH84W49V_7007-14996-7519-15508,0,1,0,0,0,0,0,0,0
9UH84W49V_7007-9364-7519-9876,0,1,0,0,0,0,0,0,0
9UH84W49V_7007-16020-7519-16532,0,1,0,0,0,0,0,0,0
9UH84W49V_7044-5517-7556-6029,0,1,0,0,0,0,0,0,0
9UH84W49V_7007-9876-7519-10388,0,1,0,0,0,0,0,0,0
9UH84W49V_7007-8852-7519-9364,0,1,0,0,0,0,0,0,0
9UH84W49V_7044-6029-7556-6541,0,1,0,0,0,0,0,0,0
9UH84W49V_7044-8077-7556-8589,0,1,0,0,0,0,0,0,0
9UH84W49V_7053-16873-7565-17385,0,1,0,0,0,0,0,0,0
9UH84W49V_7053-17385-7565-17897,0,1,0,0,0,0,0,0,0
9UH84W49V_7044-6541-7556-7053,0,1,0,0,0,0,0,0,0
9UH84W49V_7053-17897-7565-18409,0,1,0,0,0,0,0,0,0
9UH84W49V_7053-18409-7565-18921,0,1,0,0,0,0,0,0,0
9UH84W49V_7053-19433-7565-19945,0,1,0,0,0,0,0,0,0
9UH84W49V_7053-18921-7565-19433,0,1,0,0,0,0,0,0,0
9UH84W49V_7168-1505-7680-2017,0,1,0,0,0,0,0,0,0
9UH84W49V_7053-19945-7565-20457,0,1,0,0,0,0,0,0,0
9UH84W49V_7139-2979-7651-3491,0,1,0,0,0,0,0,0,0
9UH84W49V_7143-8497-7655-9009,0,1,0,0,0,0,0,0,0
9UH84W49V_7286-2170-7798-2682,0,1,0,0,0,0,0,0,0
9UH84W49V_7301-16262-7813-16774,0,1,0,0,0,0,0,0,0
9UH84W49V_7301-16774-7813-17286,0,1,0,0,0,0,0,0,0
9UH84W49V_7286-2682-7798-3194,0,1,0,0,0,0,0,0,0
9UH84W49V_7365-10102-7877-10614,0,1,0,0,0,0,0,0,0
9UH84W49V_7519-10388-8031-10900,0,1,0,0,0,0,0,0,0
9UH84W49V_7413-3643-7925-4155,0,1,0,0,0,0,0,0,0
9UH84W49V_7391-4354-7903-4866,0,1,0,0,0,0,0,0,0
9UH84W49V_7504-11317-8016-11829,0,1,0,0,0,0,0,0,0
9UH84W49V_7365-9590-7877-10102,0,1,0,0,0,0,0,0,0
9UH84W49V_7519-13460-8031-13972,0,1,0,0,0,0,0,0,0
9UH84W49V_7519-13972-8031-14484,0,1,0,0,0,0,0,0,0
9UH84W49V_7519-9876-8031-10388,0,1,0,0,0,0,0,0,0
9UH84W49V_7556-6029-8068-6541,0,1,0,0,0,0,0,0,0
9UH84W49V_7519-15508-8031-16020,0,1,0,0,0,0,0,0,0
9UH84W49V_7519-16020-8031-16532,0,1,0,0,0,0,0,0,0
9UH84W49V_7519-9364-8031-9876,0,1,0,0,0,0,0,0,0
9UH84W49V_7556-6541-8068-7053,0,1,0,0,0,0,0,0,0
9UH84W49V_7556-7053-8068-7565,0,1,0,0,0,0,0,0,0
9UH84W49V_7556-8077-8068-8589,0,1,0,0,0,0,0,0,0
9UH84W49V_7565-17385-8077-17897,0,1,0,0,0,0,0,0,0
9UH84W49V_7565-17897-8077-18409,0,1,0,0,0,0,0,0,0
9UH84W49V_7565-16873-8077-17385,0,1,0,0,0,0,0,0,0
9UH84W49V_7630-2463-8142-2975,0,1,0,0,0,0,0,0,0
9UH84W49V_7617-1909-8129-2421,0,1,0,0,0,0,0,0,0
9UH84W49V_7655-9009-8167-9521,0,1,0,0,0,0,0,0,0
9UH84W49V_7877-10102-8389-10614,0,1,0,0,0,0,0,0,0
9UH84W49V_7651-2979-8163-3491,0,1,0,0,0,0,0,0,0
9UH84W49V_7655-8497-8167-9009,0,1,0,0,0,0,0,0,0
9UH84W49V_7680-1505-8192-2017,0,1,0,0,0,0,0,0,0
9UH84W49V_7903-4354-8415-4866,0,1,0,0,0,0,0,0,0
9UH84W49V_8013-2860-8525-3372,0,1,0,0,0,0,0,0,0
9UH84W49V_8031-10388-8543-10900,0,1,0,0,0,0,0,0,0
9UH84W49V_7970-2354-8482-2866,0,1,0,0,0,0,0,0,0
9UH84W49V_7925-3643-8437-4155,0,1,0,0,0,0,0,0,0
9UH84W49V_8031-16020-8543-16532,0,1,0,0,0,0,0,0,0
9UH84W49V_8031-13972-8543-14484,0,1,0,0,0,0,0,0,0
9UH84W49V_8031-9876-8543-10388,0,1,0,0,0,0,0,0,0
9UH84W49V_8068-7053-8580-7565,0,1,0,0,0,0,0,0,0
9UH84W49V_8031-15508-8543-16020,0,1,0,0,0,0,0,0,0
9UH84W49V_8068-6541-8580-7053,0,1,0,0,0,0,0,0,0
9UH84W49V_8077-16873-8589-17385,0,1,0,0,0,0,0,0,0
9UH84W49V_8077-18409-8589-18921,0,1,0,0,0,0,0,0,0
9UH84W49V_8077-17897-8589-18409,0,1,0,0,0,0,0,0,0
9UH84W49V_8068-8077-8580-8589,0,1,0,0,0,0,0,0,0
9UH84W49V_8167-9521-8679-10033,0,1,0,0,0,0,0,0,0
9UH84W49V_8167-8497-8679-9009,0,1,0,0,0,0,0,0,0
9UH84W49V_8222-2613-8734-3125,0,1,0,0,0,0,0,0,0
9UH84W49V_8415-4354-8927-4866,0,1,0,0,0,0,0,0,0
9UH84W49V_8525-2860-9037-3372,0,1,0,0,0,0,0,0,0
9UH84W49V_8543-12948-9055-13460,0,1,0,0,0,0,0,0,0
9UH84W49V_8543-13460-9055-13972,0,1,0,0,0,0,0,0,0
9UH84W49V_8543-14484-9055-14996,0,1,0,0,0,0,0,0,0
9UH84W49V_8543-15508-9055-16020,0,1,0,0,0,0,0,0,0
9UH84W49V_8543-14996-9055-15508,0,1,0,0,0,0,0,0,0
9UH84W49V_8568-2464-9080-2976,0,1,0,0,0,0,0,0,0
9UH84W49V_8567-4103-9079-4615,0,1,0,0,0,0,0,0,0
9UH84W49V_8567-3591-9079-4103,0,1,0,0,0,0,0,0,0
9UH84W49V_8580-7053-9092-7565,0,1,0,0,0,0,0,0,0
9UH84W49V_8589-17385-9101-17897,0,1,0,0,0,0,0,0,0
9UH84W49V_8589-16873-9101-17385,0,1,0,0,0,0,0,0,0
9UH84W49V_8580-7565-9092-8077,0,1,0,0,0,0,0,0,0
9UH84W49V_8589-18921-9101-19433,0,1,0,0,0,0,0,0,0
9UH84W49V_8589-18409-9101-18921,0,1,0,0,0,0,0,0,0
9UH84W49V_8580-8077-9092-8589,0,1,0,0,0,0,0,0,0
9UH84W49V_8679-8497-9191-9009,0,1,0,0,0,0,0,0,0
9UH84W49V_8788-13339-9300-13851,0,1,0,0,0,0,0,0,0
9UH84W49V_8679-9521-9191-10033,0,1,0,0,0,0,0,0,0
9UH84W49V_9055-12948-9567-13460,0,1,0,0,0,0,0,0,0
9UH84W49V_8788-12827-9300-13339,0,1,0,0,0,0,0,0,0
9UH84W49V_8927-4354-9439-4866,0,1,0,0,0,0,0,0,0
9UH84W49V_9055-9364-9567-9876,0,1,0,0,0,0,0,0,0
9UH84W49V_9055-13460-9567-13972,0,1,0,0,0,0,0,0,0
9UH84W49V_9079-3591-9591-4103,0,1,0,0,0,0,0,0,0
9UH84W49V_9055-14484-9567-14996,0,1,0,0,0,0,0,0,0
9UH84W49V_9079-4103-9591-4615,0,1,0,0,0,0,0,0,0
9UH84W49V_9101-18409-9613-18921,0,1,0,0,0,0,0,0,0
9UH84W49V_9101-18921-9613-19433,0,1,0,0,0,0,0,0,0
9UH84W49V_9191-8497-9703-9009,0,1,0,0,0,0,0,0,0
9UH84W49V_9101-19433-9613-19945,0,1,0,0,0,0,0,0,0
9UH84W49V_9101-19945-9613-20457,0,1,0,0,0,0,0,0,0
9UH84W49V_9238-14870-9750-15382,0,1,0,0,0,0,0,0,0
9UH84W49V_9227-2662-9739-3174,0,1,0,0,0,0,0,0,0
9UH84W49V_9191-9009-9703-9521,0,1,0,0,0,0,0,0,0
9UH84W49V_9238-15382-9750-15894,0,1,0,0,0,0,0,0,0
9UH84W49V_9238-15894-9750-16406,0,1,0,0,0,0,0,0,0
9UH84W49V_9300-13339-9812-13851,0,1,0,0,0,0,0,0,0
9UH84W49V_9300-12827-9812-13339,0,1,0,0,0,0,0,0,0
9UH84W49V_939-13496-1451-14008,0,1,0,0,0,0,0,0,0
9UH84W49V_939-15032-1451-15544,0,1,0,0,0,0,0,0,0
9UH84W49V_939-16056-1451-16568,0,1,0,0,0,0,0,0,0
9UH84W49V_939-18104-1451-18616,0,1,0,0,0,0,0,0,0
9UH84W49V_939-15544-1451-16056,0,1,0,0,0,0,0,0,0
9UH84W49V_939-18616-1451-19128,0,1,0,0,0,0,0,0,0
9UH84W49V_9512-12241-10024-12753,0,1,0,0,0,0,0,0,0
9UH84W49V_9567-12948-10079-13460,0,1,0,0,0,0,0,0,0
9UH84W49V_9420-2416-9932-2928,0,1,0,0,0,0,0,0,0
9UH84W49V_9567-13460-10079-13972,0,1,0,0,0,0,0,0,0
9UH84W49V_9567-11924-10079-12436,0,1,0,0,0,0,0,0,0
9UH84W49V_9567-13972-10079-14484,0,1,0,0,0,0,0,0,0
9UH84W49V_9567-14484-10079-14996,0,1,0,0,0,0,0,0,0
9UH84W49V_9567-15508-10079-16020,0,1,0,0,0,0,0,0,0
9UH84W49V_9591-3591-10103-4103,0,1,0,0,0,0,0,0,0
9UH84W49V_9567-8852-10079-9364,0,1,0,0,0,0,0,0,0
9UH84W49V_9595-2576-10107-3088,0,1,0,0,0,0,0,0,0
9UH84W49V_9591-4103-10103-4615,0,1,0,0,0,0,0,0,0
9UH84W49V_9613-19945-10125-20457,0,1,0,0,0,0,0,0,0
9UH84W49V_9731-5802-10243-6314,0,1,0,0,0,0,0,0,0
9UH84W49V_9613-18921-10125-19433,0,1,0,0,0,0,0,0,0
9UH84W49V_9703-8497-10215-9009,0,1,0,0,0,0,0,0,0
9UH84W49V_9750-15894-10262-16406,0,1,0,0,0,0,0,0,0
9UH84W49V_9731-6314-10243-6826,0,1,0,0,0,0,0,0,0
9UH84W49V_9964-12190-10476-12702,0,1,0,0,0,0,0,0,0
9UH84W49V_9812-12827-10324-13339,0,1,0,0,0,0,0,0,0
9V36J9XFN_10357-7333-10869-7845,1,0,0,0,0,0,0,0,0
9UH84W49V_9812-13339-10324-13851,0,1,0,0,0,0,0,0,0
9V36J9XFN_10172-984-10684-1496,1,0,0,0,0,0,0,0,0
9V36J9XFN_1558-3764-2070-4276,1,0,0,0,0,0,0,0,0
9V36J9XFN_1558-3252-2070-3764,1,0,0,0,0,0,0,0,0
9V36J9XFN_10647-1210-11159-1722,1,0,0,0,0,0,0,0,0
9V36J9XFN_1558-5300-2070-5812,1,0,0,0,0,0,0,0,0
9V36J9XFN_1558-4276-2070-4788,1,0,0,0,0,0,0,0,0
9V36J9XFN_1558-4788-2070-5300,1,0,0,0,0,0,0,0,0
9V36J9XFN_1558-5812-2070-6324,1,0,0,0,0,0,0,0,0
9V36J9XFN_1558-6836-2070-7348,1,0,0,0,0,0,0,0,0
9V36J9XFN_1558-7348-2070-7860,1,0,0,0,0,0,0,0,0
9V36J9XFN_1558-6324-2070-6836,1,0,0,0,0,0,0,0,0
9V36J9XFN_2070-3764-2582-4276,1,0,0,0,0,0,0,0,0
9V36J9XFN_2070-3252-2582-3764,1,0,0,0,0,0,0,0,0
9V36J9XFN_2070-4276-2582-4788,1,0,0,0,0,0,0,0,0
9V36J9XFN_2070-6324-2582-6836,1,0,0,0,0,0,0,0,0
9V36J9XFN_2070-7348-2582-7860,1,0,0,0,0,0,0,0,0
9V36J9XFN_2070-4788-2582-5300,1,0,0,0,0,0,0,0,0
9V36J9XFN_2070-5812-2582-6324,1,0,0,0,0,0,0,0,0
9V36J9XFN_2070-5300-2582-5812,1,0,0,0,0,0,0,0,0
9V36J9XFN_2216-6579-2728-7091,1,0,0,0,0,0,0,0,0
9V36J9XFN_2216-7603-2728-8115,1,0,0,0,0,0,0,0,0
9V36J9XFN_2216-7091-2728-7603,1,0,0,0,0,0,0,0,0
9V36J9XFN_2398-5273-2910-5785,1,0,0,0,0,0,0,0,0
9V36J9XFN_2602-1200-3114-1712,1,0,0,0,0,0,0,0,0
9V36J9XFN_2398-5785-2910-6297,1,0,0,0,0,0,0,0,0
9V36J9XFN_2602-688-3114-1200,1,0,0,0,0,0,0,0,0
9V36J9XFN_2728-7603-3240-8115,1,0,0,0,0,0,0,0,0
9V36J9XFN_2728-6579-3240-7091,1,0,0,0,0,0,0,0,0
9V36J9XFN_2728-7091-3240-7603,1,0,0,0,0,0,0,0,0
9V36J9XFN_2910-5785-3422-6297,1,0,0,0,0,0,0,0,0
9V36J9XFN_2910-5273-3422-5785,1,0,0,0,0,0,0,0,0
9V36J9XFN_3114-1200-3626-1712,1,0,0,0,0,0,0,0,0
9V36J9XFN_3114-688-3626-1200,1,0,0,0,0,0,0,0,0
9V36J9XFN_3240-7603-3752-8115,1,0,0,0,0,0,0,0,0
9V36J9XFN_3240-7091-3752-7603,1,0,0,0,0,0,0,0,0
9V36J9XFN_3114-1712-3626-2224,1,0,0,0,0,0,0,0,0
9V36J9XFN_3422-5273-3934-5785,1,0,0,0,0,0,0,0,0
9V36J9XFN_3626-1712-4138-2224,1,0,0,0,0,0,0,0,0
9V36J9XFN_3422-5785-3934-6297,1,0,0,0,0,0,0,0,0
9V36J9XFN_3626-1200-4138-1712,1,0,0,0,0,0,0,0,0
9V36J9XFN_3934-5273-4446-5785,1,0,0,0,0,0,0,0,0
9V36J9XFN_3934-5785-4446-6297,1,0,0,0,0,0,0,0,0
9V36J9XFN_3626-688-4138-1200,1,0,0,0,0,0,0,0,0
9V36J9XFN_4138-1200-4650-1712,1,0,0,0,0,0,0,0,0
9V36J9XFN_4446-5785-4958-6297,1,0,0,0,0,0,0,0,0
9V36J9XFN_4446-5273-4958-5785,1,0,0,0,0,0,0,0,0
9V36J9XFN_4138-688-4650-1200,1,0,0,0,0,0,0,0,0
9V36J9XFN_4650-1200-5162-1712,1,0,0,0,0,0,0,0,0
9V36J9XFN_4958-5273-5470-5785,1,0,0,0,0,0,0,0,0
9V36J9XFN_4958-5785-5470-6297,1,0,0,0,0,0,0,0,0
9V36J9XFN_5470-5273-5982-5785,1,0,0,0,0,0,0,0,0
9V36J9XFN_5470-5785-5982-6297,1,0,0,0,0,0,0,0,0
9V36J9XFN_5982-5273-6494-5785,1,0,0,0,0,0,0,0,0
9V36J9XFN_5982-5785-6494-6297,1,0,0,0,0,0,0,0,0
9V36J9XFN_6494-5273-7006-5785,1,0,0,0,0,0,0,0,0
9V36J9XFN_7006-5273-7518-5785,1,0,0,0,0,0,0,0,0
9V36J9XFN_6494-5785-7006-6297,1,0,0,0,0,0,0,0,0
9V36J9XFN_7006-5785-7518-6297,1,0,0,0,0,0,0,0,0
9V36J9XFN_7859-4392-8371-4904,1,0,0,0,0,0,0,0,0
9V36J9XFN_7924-1593-8436-2105,1,0,0,0,0,0,0,0,0
9V36J9XFN_7711-1076-8223-1588,1,0,0,0,0,0,0,0,0
9V36J9XFN_7412-1593-7924-2105,1,0,0,0,0,0,0,0,0
9V36J9XFN_8835-1933-9347-2445,1,0,0,0,0,0,0,0,0
9V36J9XFN_8592-3191-9104-3703,1,0,0,0,0,0,0,0,0
9V36J9XFN_8223-1076-8735-1588,1,0,0,0,0,0,0,0,0
9V36J9XFN_9347-1933-9859-2445,1,0,0,0,0,0,0,0,0
9V36J9XFN_9535-5265-10047-5777,1,0,0,0,0,0,0,0,0
9V36J9XFN_9535-5777-10047-6289,1,0,0,0,0,0,0,0,0
9WYQZGJZA_1130-2574-1642-3086,1,0,0,0,0,0,0,0,0
9WYQZGJZA_1130-3086-1642-3598,1,0,0,0,0,0,0,0,0
9V36J9XFN_9845-7333-10357-7845,1,0,0,0,0,0,0,0,0
9WYQZGJZA_1130-4622-1642-5134,1,0,0,0,0,0,0,0,0
9WYQZGJZA_1130-4110-1642-4622,1,0,0,0,0,0,0,0,0
9WYQZGJZA_1137-1125-1649-1637,1,0,0,0,0,0,0,0,0
9WYQZGJZA_1137-1637-1649-2149,1,0,0,0,0,0,0,0,0
9WYQZGJZA_1137-613-1649-1125,1,0,0,0,0,0,0,0,0
9WYQZGJZA_1241-8901-1753-9413,1,0,0,0,0,0,0,0,0
9WYQZGJZA_1649-1637-2161-2149,1,0,0,0,0,0,0,0,0
9WYQZGJZA_1182-4964-1694-5476,1,0,0,0,0,0,0,0,0
9WYQZGJZA_1203-6205-1715-6717,1,0,0,0,0,0,0,0,0
9WYQZGJZA_1715-6205-2227-6717,1,0,0,0,0,0,0,0,0
9WYQZGJZA_1694-4964-2206-5476,1,0,0,0,0,0,0,0,0
9WYQZGJZA_1753-8901-2265-9413,1,0,0,0,0,0,0,0,0
9WYQZGJZA_2206-4964-2718-5476,1,0,0,0,0,0,0,0,0
9WYQZGJZA_2161-1637-2673-2149,1,0,0,0,0,0,0,0,0
9WYQZGJZA_2673-1125-3185-1637,1,0,0,0,0,0,0,0,0
9WYQZGJZA_2265-8901-2777-9413,1,0,0,0,0,0,0,0,0
9WYQZGJZA_2227-6717-2739-7229,1,0,0,0,0,0,0,0,0
9WYQZGJZA_2227-6205-2739-6717,1,0,0,0,0,0,0,0,0
9WYQZGJZA_2673-613-3185-1125,1,0,0,0,0,0,0,0,0
9WYQZGJZA_2673-1637-3185-2149,1,0,0,0,0,0,0,0,0
9WYQZGJZA_2718-4964-3230-5476,1,0,0,0,0,0,0,0,0
9WYQZGJZA_2739-6717-3251-7229,1,0,0,0,0,0,0,0,0
9WYQZGJZA_2777-8901-3289-9413,1,0,0,0,0,0,0,0,0
9WYQZGJZA_3251-6717-3763-7229,1,0,0,0,0,0,0,0,0
9WYQZGJZA_3289-8901-3801-9413,1,0,0,0,0,0,0,0,0
9WYQZGJZA_3230-4964-3742-5476,1,0,0,0,0,0,0,0,0
9WYQZGJZA_3742-4964-4254-5476,1,0,0,0,0,0,0,0,0
9WYQZGJZA_3763-6717-4275-7229,1,0,0,0,0,0,0,0,0
9WYQZGJZA_4188-1051-4700-1563,1,0,0,0,0,0,0,0,0
9WYQZGJZA_3801-8901-4313-9413,1,0,0,0,0,0,0,0,0
9WYQZGJZA_4188-1563-4700-2075,1,0,0,0,0,0,0,0,0
9WYQZGJZA_4254-4964-4766-5476,1,0,0,0,0,0,0,0,0
9WYQZGJZA_4313-8901-4825-9413,1,0,0,0,0,0,0,0,0
9WYQZGJZA_4700-1051-5212-1563,1,0,0,0,0,0,0,0,0
9WYQZGJZA_4700-1563-5212-2075,1,0,0,0,0,0,0,0,0
9WYQZGJZA_4275-6717-4787-7229,1,0,0,0,0,0,0,0,0
9WYQZGJZA_4766-5476-5278-5988,1,0,0,0,0,0,0,0,0
9WYQZGJZA_4766-4964-5278-5476,1,0,0,0,0,0,0,0,0
9WYQZGJZA_4787-6717-5299-7229,1,0,0,0,0,0,0,0,0
9WYQZGJZA_4825-8901-5337-9413,1,0,0,0,0,0,0,0,0
9WYQZGJZA_5278-4964-5790-5476,1,0,0,0,0,0,0,0,0
9WYQZGJZA_5299-6717-5811-7229,1,0,0,0,0,0,0,0,0
9WYQZGJZA_5278-5988-5790-6500,1,0,0,0,0,0,0,0,0
9WYQZGJZA_5278-5476-5790-5988,1,0,0,0,0,0,0,0,0
9WYQZGJZA_5790-5476-6302-5988,1,0,0,0,0,0,0,0,0
9WYQZGJZA_618-2574-1130-3086,1,0,0,0,0,0,0,0,0
9WYQZGJZA_5337-8901-5849-9413,1,0,0,0,0,0,0,0,0
9WYQZGJZA_5790-4964-6302-5476,1,0,0,0,0,0,0,0,0
9WYQZGJZA_618-3598-1130-4110,1,0,0,0,0,0,0,0,0
9WYQZGJZA_618-3086-1130-3598,1,0,0,0,0,0,0,0,0
9WYQZGJZA_618-4110-1130-4622,1,0,0,0,0,0,0,0,0
9WYQZGJZA_618-5646-1130-6158,1,0,0,0,0,0,0,0,0
9WYQZGJZA_618-4622-1130-5134,1,0,0,0,0,0,0,0,0
9WYQZGJZA_618-5134-1130-5646,1,0,0,0,0,0,0,0,0
9WYQZGJZA_618-6158-1130-6670,1,0,0,0,0,0,0,0,0
9Y9638QKG_10466-1355-10978-1867,1,0,0,0,0,0,0,0,0
9Y9638QKG_10466-843-10978-1355,1,0,0,0,0,0,0,0,0
9Y9638QKG_10520-2248-11032-2760,1,0,0,0,0,0,0,0,0
9Y9638QKG_10850-2507-11362-3019,1,0,0,0,0,0,0,0,0
9Y9638QKG_10978-843-11490-1355,1,0,0,0,0,0,0,0,0
9Y9638QKG_10978-1355-11490-1867,1,0,0,0,0,0,0,0,0
9Y9638QKG_10686-2010-11198-2522,1,0,0,0,0,0,0,0,0
9Y9638QKG_11033-2296-11545-2808,1,0,0,0,0,0,0,0,0
9Y9638QKG_11385-1610-11897-2122,1,0,0,0,0,0,0,0,0
9Y9638QKG_11960-1105-12472-1617,1,0,0,0,0,0,0,0,0
9Y9638QKG_11960-593-12472-1105,1,0,0,0,0,0,0,0,0
9Y9638QKG_12456-1630-12968-2142,1,0,0,0,0,0,0,0,0
9Y9638QKG_1387-4987-1899-5499,1,0,0,0,0,0,0,0,0
9Y9638QKG_1899-4987-2411-5499,1,0,0,0,0,0,0,0,0
9Y9638QKG_2141-4154-2653-4666,1,0,0,0,0,0,0,0,0
9Y9638QKG_2376-6088-2888-6600,1,0,0,0,0,0,0,0,0
9Y9638QKG_2653-4154-3165-4666,1,0,0,0,0,0,0,0,0
9Y9638QKG_3198-5553-3710-6065,1,0,0,0,0,0,0,0,0
9Y9638QKG_3165-4154-3677-4666,1,0,0,0,0,0,0,0,0
9Y9638QKG_3198-4529-3710-5041,1,0,0,0,0,0,0,0,0
9Y9638QKG_3198-6065-3710-6577,1,0,0,0,0,0,0,0,0
9Y9638QKG_3710-4529-4222-5041,1,0,0,0,0,0,0,0,0
9Y9638QKG_3710-5041-4222-5553,1,0,0,0,0,0,0,0,0
9Y9638QKG_3493-4302-4005-4814,1,0,0,0,0,0,0,0,0
9Y9638QKG_3710-5553-4222-6065,1,0,0,0,0,0,0,0,0
9Y9638QKG_3710-6065-4222-6577,1,0,0,0,0,0,0,0,0
9Y9638QKG_4222-5553-4734-6065,1,0,0,0,0,0,0,0,0
9Y9638QKG_4734-5553-5246-6065,1,0,0,0,0,0,0,0,0
9Y9638QKG_5753-6293-6265-6805,1,0,0,0,0,0,0,0,0
9Y9638QKG_5414-4133-5926-4645,1,0,0,0,0,0,0,0,0
9Y9638QKG_618-5582-1130-6094,1,0,0,0,0,0,0,0,0
9Y9638QKG_618-5070-1130-5582,1,0,0,0,0,0,0,0,0
9Y9638QKG_618-4558-1130-5070,1,0,0,0,0,0,0,0,0
9Y9638QKG_6849-4140-7361-4652,1,0,0,0,0,0,0,0,0
9Y9638QKG_8597-2769-9109-3281,1,0,0,0,0,0,0,0,0
9Y9638QKG_8323-2934-8835-3446,1,0,0,0,0,0,0,0,0
9Y9638QKG_7368-4123-7880-4635,1,0,0,0,0,0,0,0,0
9Y9638QKG_8323-3446-8835-3958,1,0,0,0,0,0,0,0,0
9Y9638QKG_8597-3281-9109-3793,1,0,0,0,0,0,0,0,0
9Y9638QKG_9660-1962-10172-2474,1,0,0,0,0,0,0,0,0
9YBY9GT9X_1253-3180-1765-3692,1,0,0,0,0,0,0,0,0
9YBY9GT9X_1253-1644-1765-2156,1,0,0,0,0,0,0,0,0
9YBY9GT9X_1253-2156-1765-2668,1,0,0,0,0,0,0,0,0
9YBY9GT9X_1253-2668-1765-3180,1,0,0,0,0,0,0,0,0
9Y9638QKG_9954-1355-10466-1867,1,0,0,0,0,0,0,0,0
9YBY9GT9X_1253-3692-1765-4204,1,0,0,0,0,0,0,0,0
9YBY9GT9X_1253-4204-1765-4716,1,0,0,0,0,0,0,0,0
9YBY9GT9X_1260-5331-1772-5843,1,0,0,0,0,0,0,0,0
9YBY9GT9X_1531-1675-2043-2187,1,0,0,0,0,0,0,0,0
9YBY9GT9X_1260-5843-1772-6355,1,0,0,0,0,0,0,0,0
9YBY9GT9X_1417-1007-1929-1519,1,0,0,0,0,0,0,0,0
9YBY9GT9X_1437-4597-1949-5109,1,0,0,0,0,0,0,0,0
9YBY9GT9X_1765-1132-2277-1644,1,0,0,0,0,0,0,0,0
9YBY9GT9X_1765-2668-2277-3180,1,0,0,0,0,0,0,0,0
9YBY9GT9X_1765-2156-2277-2668,1,0,0,0,0,0,0,0,0
9YBY9GT9X_1765-3180-2277-3692,1,0,0,0,0,0,0,0,0
9YBY9GT9X_1765-4204-2277-4716,1,0,0,0,0,0,0,0,0
9YBY9GT9X_1765-3692-2277-4204,1,0,0,0,0,0,0,0,0
9YBY9GT9X_1765-4716-2277-5228,1,0,0,0,0,0,0,0,0
9YBY9GT9X_1772-5331-2284-5843,1,0,0,0,0,0,0,0,0
9YBY9GT9X_1772-5843-2284-6355,1,0,0,0,0,0,0,0,0
9YBY9GT9X_2277-1644-2789-2156,1,0,0,0,0,0,0,0,0
9YBY9GT9X_2277-1132-2789-1644,1,0,0,0,0,0,0,0,0
9YBY9GT9X_2277-2668-2789-3180,1,0,0,0,0,0,0,0,0
9YBY9GT9X_2277-4716-2789-5228,1,0,0,0,0,0,0,0,0
9YBY9GT9X_2277-4204-2789-4716,1,0,0,0,0,0,0,0,0
9YBY9GT9X_2400-5114-2912-5626,1,0,0,0,0,0,0,0,0
9YBY9GT9X_2277-3692-2789-4204,1,0,0,0,0,0,0,0,0
9YBY9GT9X_2277-3180-2789-3692,1,0,0,0,0,0,0,0,0
9YBY9GT9X_2438-5892-2950-6404,1,0,0,0,0,0,0,0,0
9YBY9GT9X_2789-1644-3301-2156,1,0,0,0,0,0,0,0,0
9YBY9GT9X_2789-2668-3301-3180,1,0,0,0,0,0,0,0,0
9YBY9GT9X_2789-2156-3301-2668,1,0,0,0,0,0,0,0,0
9YBY9GT9X_2789-3180-3301-3692,1,0,0,0,0,0,0,0,0
9YBY9GT9X_2789-4204-3301-4716,1,0,0,0,0,0,0,0,0
9YBY9GT9X_2789-3692-3301-4204,1,0,0,0,0,0,0,0,0
9YBY9GT9X_2950-5380-3462-5892,1,0,0,0,0,0,0,0,0
9YBY9GT9X_3301-2156-3813-2668,1,0,0,0,0,0,0,0,0
9YBY9GT9X_3301-3180-3813-3692,1,0,0,0,0,0,0,0,0
9YBY9GT9X_3301-2668-3813-3180,1,0,0,0,0,0,0,0,0
9YBY9GT9X_2950-5892-3462-6404,1,0,0,0,0,0,0,0,0
9YBY9GT9X_3301-3692-3813-4204,1,0,0,0,0,0,0,0,0
9YBY9GT9X_3301-4204-3813-4716,1,0,0,0,0,0,0,0,0
9YBY9GT9X_3462-5892-3974-6404,1,0,0,0,0,0,0,0,0
9YBY9GT9X_3301-4716-3813-5228,1,0,0,0,0,0,0,0,0
9YBY9GT9X_3813-3692-4325-4204,1,0,0,0,0,0,0,0,0
9YBY9GT9X_3462-5380-3974-5892,1,0,0,0,0,0,0,0,0
9YBY9GT9X_3813-4716-4325-5228,1,0,0,0,0,0,0,0,0
9YBY9GT9X_3974-5892-4486-6404,1,0,0,0,0,0,0,0,0
9YBY9GT9X_3813-5228-4325-5740,1,0,0,0,0,0,0,0,0
9YBY9GT9X_4409-6049-4921-6561,1,0,0,0,0,0,0,0,0
9YBY9GT9X_4921-6049-5433-6561,1,0,0,0,0,0,0,0,0
9YBY9GT9X_5433-6049-5945-6561,1,0,0,0,0,0,0,0,0
9YBY9GT9X_695-1867-1207-2379,1,0,0,0,0,0,0,0,0
9YBY9GT9X_741-2156-1253-2668,1,0,0,0,0,0,0,0,0
9YBY9GT9X_741-3180-1253-3692,1,0,0,0,0,0,0,0,0
9YBY9GT9X_741-2668-1253-3180,1,0,0,0,0,0,0,0,0
9YBY9GT9X_741-4204-1253-4716,1,0,0,0,0,0,0,0,0
9YBY9GT9X_741-3692-1253-4204,1,0,0,0,0,0,0,0,0
9YBY9GT9X_911-812-1423-1324,1,0,0,0,0,0,0,0,0
9YC9EYV8A_4339-1590-4851-2102,0,0,0,0,0,0,1,0,0
9YBY9GT9X_741-5228-1253-5740,1,0,0,0,0,0,0,0,0
9YBY9GT9X_741-4716-1253-5228,1,0,0,0,0,0,0,0,0
9YBY9GT9X_748-5843-1260-6355,1,0,0,0,0,0,0,0,0
9YC9EYV8A_4339-1078-4851-1590,0,0,0,0,0,0,1,0,0
9YC9EYV8A_4339-566-4851-1078,0,0,0,0,0,0,1,0,0
9YC9EYV8A_5365-5741-5877-6253,0,0,0,0,0,0,1,0,0
9YC9EYV8A_5018-5630-5530-6142,0,0,0,0,0,0,1,0,0
9YC9EYV8A_5530-6142-6042-6654,0,0,0,0,0,0,1,0,0
9YC9EYV8A_6022-4651-6534-5163,0,0,0,0,0,0,1,0,0
9YC9EYV8A_6022-4139-6534-4651,0,0,0,0,0,0,1,0,0
9YC9EYV8A_6022-5163-6534-5675,0,0,0,0,0,0,1,0,0
9YC9EYV8A_6042-6654-6554-7166,0,0,0,0,0,0,1,0,0
9YC9EYV8A_5877-5741-6389-6253,0,0,0,0,0,0,1,0,0
9YC9EYV8A_6022-3627-6534-4139,0,0,0,0,0,0,1,0,0
9YC9EYV8A_6042-6142-6554-6654,0,0,0,0,0,0,1,0,0
9YC9EYV8A_6042-7166-6554-7678,0,0,0,0,0,0,1,0,0
9Z4GVHQJR_10462-7497-10974-8009,0,0,1,0,1,0,0,0,0
9YC9EYV8A_6554-7166-7066-7678,0,0,0,0,0,0,1,0,0
9YC9EYV8A_6554-8190-7066-8702,0,0,0,0,0,0,1,0,0
9YC9EYV8A_6554-7678-7066-8190,0,0,0,0,0,0,1,0,0
9Z4GVHQJR_10482-1141-10994-1653,0,0,1,0,0,0,0,0,1
9Z4GVHQJR_10482-2677-10994-3189,0,0,0,0,1,0,0,0,1
9Z4GVHQJR_10482-5237-10994-5749,0,0,1,0,1,0,0,0,0
9Z4GVHQJR_10482-4725-10994-5237,0,0,1,0,0,0,0,0,1
9Z4GVHQJR_10482-2165-10994-2677,0,0,1,0,1,0,0,0,1
9Z4GVHQJR_10482-1653-10994-2165,0,0,1,0,1,0,0,0,1
9Z4GVHQJR_10994-6773-11506-7285,0,0,1,0,1,0,0,0,0
9Z4GVHQJR_11496-3570-12008-4082,0,0,1,0,0,0,0,0,0
9Z4GVHQJR_11506-1390-12018-1902,0,0,1,0,0,0,0,0,0
9Z4GVHQJR_11496-4082-12008-4594,0,0,1,0,0,0,0,0,0
9Z4GVHQJR_11496-3058-12008-3570,0,0,1,0,0,0,0,0,0
9Z4GVHQJR_10482-6773-10994-7285,0,0,1,0,1,0,0,0,0
9Z4GVHQJR_10482-7797-10994-8309,0,0,1,0,1,0,0,0,0
9Z4GVHQJR_11496-4594-12008-5106,0,0,1,0,0,0,0,0,0
9Z4GVHQJR_11506-2677-12018-3189,0,0,1,0,0,0,0,0,0
9Z4GVHQJR_11506-5749-12018-6261,0,0,1,0,0,0,0,0,0
9Z4GVHQJR_11506-1902-12018-2414,0,0,1,0,0,0,0,0,0
9Z4GVHQJR_11506-5237-12018-5749,0,0,1,0,0,0,0,0,0
9Z4GVHQJR_11506-6261-12018-6773,0,0,1,0,0,0,0,0,0
9Z4GVHQJR_1266-1141-1778-1653,0,0,1,0,0,1,0,0,0
9Z4GVHQJR_1252-8755-1764-9267,0,0,1,0,1,0,0,0,0
9Z4GVHQJR_1169-9550-1681-10062,0,0,0,0,0,1,0,0,0
9Z4GVHQJR_1252-8243-1764-8755,0,0,1,0,1,1,0,0,0
9Z4GVHQJR_1266-6773-1778-7285,0,0,1,0,0,0,0,0,0
9Z4GVHQJR_1681-9550-2193-10062,0,0,0,0,0,1,0,0,0
9Z4GVHQJR_1975-7175-2487-7687,0,0,0,0,1,0,0,0,0
9Z4GVHQJR_1764-8755-2276-9267,0,0,1,0,1,0,0,0,0
9Z4GVHQJR_1449-7165-1961-7677,0,0,1,0,0,0,0,0,0
9Z4GVHQJR_1778-6773-2290-7285,0,0,1,0,1,0,0,0,0
9Z4GVHQJR_1778-1141-2290-1653,0,0,1,0,0,0,0,0,0
9Z4GVHQJR_1764-8243-2276-8755,0,0,1,0,1,0,0,0,0
9Z4GVHQJR_2069-8061-2581-8573,0,0,1,0,0,1,0,0,0
9Z4GVHQJR_2276-8755-2788-9267,0,0,1,0,0,0,0,0,0
9Z4GVHQJR_2290-1141-2802-1653,0,0,1,0,0,0,0,0,0
9Z4GVHQJR_2276-8243-2788-8755,0,0,1,0,0,1,0,0,0
9Z4GVHQJR_2259-7641-2771-8153,0,0,1,0,1,0,0,0,0
9Z4GVHQJR_2290-6773-2802-7285,0,0,1,0,1,0,0,0,0
9Z4GVHQJR_2633-8011-3145-8523,0,0,1,0,0,0,0,0,0
9Z4GVHQJR_2290-7285-2802-7797,0,0,1,0,1,0,0,0,0
9Z4GVHQJR_2763-9423-3275-9935,0,0,0,0,1,1,0,0,0
9Z4GVHQJR_2788-8755-3300-9267,0,0,1,0,0,1,0,0,0
9Z4GVHQJR_2788-8243-3300-8755,0,0,1,0,0,1,0,0,0
9Z4GVHQJR_3314-7797-3826-8309,0,0,1,0,0,0,0,0,0
9Z4GVHQJR_2802-7797-3314-8309,0,0,1,0,0,0,0,0,0
9Z4GVHQJR_2802-1141-3314-1653,0,0,1,0,0,0,0,0,0
9Z4GVHQJR_3300-8243-3812-8755,0,0,1,0,0,1,0,0,0
9Z4GVHQJR_3314-1141-3826-1653,0,0,1,0,0,0,0,0,0
9Z4GVHQJR_3275-9423-3787-9935,0,0,0,0,1,1,0,0,0
9Z4GVHQJR_3650-8063-4162-8575,0,0,1,0,0,0,0,0,0
9Z4GVHQJR_3812-8243-4324-8755,0,0,1,0,0,1,0,0,0
9Z4GVHQJR_3826-4725-4338-5237,0,0,1,0,0,0,0,0,0
9Z4GVHQJR_3826-7797-4338-8309,0,0,1,0,0,0,0,0,0
9Z4GVHQJR_3992-9820-4504-10332,0,0,0,0,0,1,0,0,0
9Z4GVHQJR_3826-1141-4338-1653,0,0,1,0,0,0,0,0,0
9Z4GVHQJR_4324-8243-4836-8755,0,0,1,0,0,0,0,0,0
9Z4GVHQJR_4338-7797-4850-8309,0,0,1,0,0,0,0,0,0
9Z4GVHQJR_4338-4725-4850-5237,0,0,1,0,0,0,0,0,0
9Z4GVHQJR_4338-1141-4850-1653,0,0,1,0,0,0,0,0,0
9Z4GVHQJR_4336-10515-4848-11027,0,0,0,0,0,1,0,0,0
9Z4GVHQJR_4504-9820-5016-10332,0,0,0,0,0,1,0,0,0
9Z4GVHQJR_4836-8243-5348-8755,0,0,1,0,0,0,0,0,0
9Z4GVHQJR_4850-7797-5362-8309,0,0,1,0,0,0,0,0,0
9Z4GVHQJR_5362-1141-5874-1653,0,0,1,0,0,0,0,0,0
9Z4GVHQJR_4850-1141-5362-1653,0,0,1,0,0,0,0,0,0
9Z4GVHQJR_5348-8243-5860-8755,0,0,1,0,0,0,0,0,0
9Z4GVHQJR_5362-7797-5874-8309,0,0,1,0,0,0,0,0,0
9Z4GVHQJR_5362-4725-5874-5237,0,0,1,0,0,0,0,0,0
9Z4GVHQJR_4850-4725-5362-5237,0,0,1,0,0,0,0,0,0
9Z4GVHQJR_5718-9763-6230-10275,0,0,0,0,1,1,0,0,0
9Z4GVHQJR_5874-1141-6386-1653,0,0,1,0,0,0,0,0,0
9Z4GVHQJR_5367-10839-5879-11351,0,0,0,0,0,1,0,0,0
9Z4GVHQJR_5629-10183-6141-10695,0,0,0,0,1,0,0,0,0
9Z4GVHQJR_5874-4725-6386-5237,0,0,1,0,0,0,0,0,0
9Z4GVHQJR_6386-1141-6898-1653,0,0,1,0,0,0,0,0,0
9Z4GVHQJR_6386-4725-6898-5237,0,0,1,0,0,0,0,0,0
9Z4GVHQJR_5874-7797-6386-8309,0,0,1,0,0,0,0,0,0
9Z4GVHQJR_6358-8088-6870-8600,0,0,1,0,0,0,0,0,0
9Z4GVHQJR_6386-6773-6898-7285,0,0,1,0,0,0,0,0,0
9Z4GVHQJR_6662-6934-7174-7446,0,0,1,0,0,0,0,0,0
9Z4GVHQJR_6870-8088-7382-8600,0,0,1,0,0,0,0,0,0
9Z4GVHQJR_6386-7797-6898-8309,0,0,1,0,0,0,0,0,0
9Z4GVHQJR_6898-1141-7410-1653,0,0,1,0,0,0,0,0,0
9Z4GVHQJR_6386-7285-6898-7797,0,0,1,0,0,0,0,0,0
9Z4GVHQJR_6898-6773-7410-7285,0,0,1,0,0,0,0,0,0
9Z4GVHQJR_6898-7285-7410-7797,0,0,1,0,0,0,0,0,0
9Z4GVHQJR_6898-7797-7410-8309,0,0,1,0,0,0,0,0,0
9Z4GVHQJR_7382-8088-7894-8600,0,0,1,0,0,0,0,0,0
9Z4GVHQJR_7032-7084-7544-7596,0,0,1,0,0,0,0,0,0
9Z4GVHQJR_740-8243-1252-8755,0,0,1,0,0,1,0,0,0
9Z4GVHQJR_740-8755-1252-9267,0,0,1,0,0,1,0,0,0
9Z4GVHQJR_7410-1141-7922-1653,0,0,1,0,0,0,0,0,0
9Z4GVHQJR_7410-6261-7922-6773,0,0,1,0,0,0,0,0,0
9Z4GVHQJR_7410-7285-7922-7797,0,0,1,0,0,0,0,0,0
9Z4GVHQJR_7410-6773-7922-7285,0,0,1,0,0,0,0,0,0
9Z4GVHQJR_7410-7797-7922-8309,0,0,1,0,0,0,0,0,0
9Z4GVHQJR_754-6773-1266-7285,0,0,1,0,1,0,0,0,0
9Z4GVHQJR_7922-5749-8434-6261,0,0,1,0,0,0,0,0,0
9Z4GVHQJR_7922-7797-8434-8309,0,0,1,0,0,0,0,0,0
9Z4GVHQJR_7922-7285-8434-7797,0,0,1,0,0,0,0,0,0
9Z4GVHQJR_7894-8088-8406-8600,0,0,1,0,0,0,0,0,0
9Z4GVHQJR_8385-6197-8897-6709,0,0,1,0,0,0,0,0,0
9Z4GVHQJR_8025-6724-8537-7236,0,0,1,0,0,0,0,0,0
9Z4GVHQJR_8406-8600-8918-9112,0,0,1,0,0,0,0,0,0
9Z4GVHQJR_8434-5749-8946-6261,0,0,1,0,0,0,0,0,0
9Z4GVHQJR_8434-7797-8946-8309,0,0,1,0,0,0,0,0,0
9Z4GVHQJR_8434-7285-8946-7797,0,0,1,0,0,0,0,0,0
9Z4GVHQJR_8594-8099-9106-8611,0,0,1,0,0,0,0,0,0
9Z4GVHQJR_8918-8088-9430-8600,0,0,1,0,0,0,0,0,0
9Z4GVHQJR_8946-6261-9458-6773,0,0,1,0,0,0,0,0,0
9Z4GVHQJR_8946-6773-9458-7285,0,0,1,0,0,0,0,0,0
9Z4GVHQJR_8946-5749-9458-6261,0,0,1,0,0,0,0,0,0
9Z4GVHQJR_8946-7285-9458-7797,0,0,1,0,0,0,0,0,0
9Z4GVHQJR_8946-7797-9458-8309,0,0,1,0,0,0,0,0,0
9Z4GVHQJR_9246-6735-9758-7247,0,0,1,0,0,0,0,0,0
9Z4GVHQJR_9430-8088-9942-8600,0,0,1,0,0,0,0,0,0
9Z4GVHQJR_9458-5237-9970-5749,0,0,1,0,0,0,0,0,0
9Z4GVHQJR_9458-4725-9970-5237,0,0,1,0,0,0,0,0,0
9Z4GVHQJR_9942-8088-10454-8600,0,0,1,0,0,0,0,0,0
9Z4GVHQJR_9458-7285-9970-7797,0,0,1,0,0,0,0,0,0
9Z4GVHQJR_9458-7797-9970-8309,0,0,1,0,0,0,0,0,0
9Z4GVHQJR_9942-8600-10454-9112,0,0,1,0,0,0,0,0,0
9Z4GVHQJR_9970-1141-10482-1653,0,0,1,0,0,0,0,0,0
9Z4GVHQJR_9970-1653-10482-2165,0,0,1,0,0,0,0,0,0
9Z4GVHQJR_9970-2165-10482-2677,0,0,1,0,0,0,0,0,0
9Z4GVHQJR_9970-2677-10482-3189,0,0,1,0,0,0,0,0,0
9Z4GVHQJR_9970-6773-10482-7285,0,0,1,0,0,0,0,0,0
9Z4GVHQJR_9970-5237-10482-5749,0,0,1,0,0,0,0,0,0
9Z4GVHQJR_9970-7797-10482-8309,0,0,1,0,0,0,0,0,0
9Z4GVHQJR_9970-4725-10482-5237,0,0,1,0,0,0,0,0,0
9Z4GVHQJR_9970-7285-10482-7797,0,0,1,0,0,0,0,0,0
9Z9GP8D4A_1075-6229-1587-6741,0,0,1,0,0,0,0,0,0
9Z9GP8D4A_1587-6229-2099-6741,0,0,1,0,0,0,0,0,0
9Z9GP8D4A_1075-6741-1587-7253,0,0,1,0,0,0,0,0,0
9Z9GP8D4A_1587-6741-2099-7253,0,0,1,0,0,0,0,0,0
9Z9GP8D4A_1867-6383-2379-6895,0,0,1,0,0,0,0,0,0
9Z9GP8D4A_2153-6012-2665-6524,0,0,1,0,0,0,0,0,0
9Z9GP8D4A_2153-6524-2665-7036,0,0,1,0,0,0,0,0,0
9Z9GP8D4A_2153-7036-2665-7548,0,0,1,0,0,0,0,0,0
9Z9GP8D4A_2340-1183-2852-1695,0,0,1,0,0,0,0,0,0
9Z9GP8D4A_2340-671-2852-1183,0,0,1,0,0,0,0,0,0
9Z9GP8D4A_2665-6524-3177-7036,0,0,1,0,0,0,0,0,0
9Z9GP8D4A_2703-8105-3215-8617,0,0,1,0,0,0,0,0,0
9Z9GP8D4A_2976-6085-3488-6597,0,0,1,0,0,0,0,0,0
9Z9GP8D4A_3107-6516-3619-7028,0,0,1,0,0,0,0,0,0
9Z9GP8D4A_2665-7036-3177-7548,0,0,1,0,0,0,0,0,0
9Z9GP8D4A_2737-6173-3249-6685,0,0,1,0,0,0,0,0,0
9Z9GP8D4A_2556-537-3068-1049,0,0,1,0,0,0,0,0,0
9Z9GP8D4A_3132-8177-3644-8689,0,0,1,0,0,0,0,0,0
9Z9GP8D4A_3177-7036-3689-7548,0,0,1,0,0,0,0,0,0
9Z9GP8D4A_3249-6173-3761-6685,0,0,1,0,0,0,0,0,0
9Z9GP8D4A_3454-8156-3966-8668,0,0,1,0,0,0,0,0,0
9Z9GP8D4A_4130-8198-4642-8710,0,0,1,0,0,0,0,0,0
9Z9GP8D4A_3462-6515-3974-7027,0,0,1,0,0,0,0,0,0
9Z9GP8D4A_563-6229-1075-6741,0,0,1,0,0,0,0,0,0
9Z9GP8D4A_563-6741-1075-7253,0,0,1,0,0,0,0,0,0
9Z9GP8D4A_707-5522-1219-6034,0,0,1,0,0,0,0,0,0
9Z9GP8D4A_819-3430-1331-3942,0,0,1,0,0,0,0,0,0
9ZCCNN36T_361-5149-873-5661,0,0,0,0,1,0,0,0,0
9Z9GP8D4A_994-3080-1506-3592,0,0,1,0,0,0,0,0,0
9ZCCNN36T_1332-6146-1844-6658,0,0,0,0,1,0,0,0,0
9ZCCNN36T_382-5880-894-6392,0,0,0,0,1,0,0,0,0
9ZCCNN36T_1282-3022-1794-3534,0,0,0,0,1,0,0,0,0
9ZCCNN36T_391-3027-903-3539,0,0,0,0,1,0,0,0,0
9ZCCNN36T_376-4602-888-5114,0,0,0,0,1,0,0,0,0
9ZCCNN36T_435-7593-947-8105,0,0,0,0,1,0,0,0,0
9ZCCNN36T_4523-7285-5035-7797,0,0,0,0,1,0,0,0,0
9ZCCNN36T_378-8160-890-8672,0,0,0,0,1,0,0,0,0
9ZCCNN36T_365-5504-877-6016,0,0,0,0,1,0,0,0,0
9ZCCNN36T_5353-7184-5865-7696,0,0,0,0,1,0,0,0,0
9ZCCNN36T_5906-7217-6418-7729,0,0,0,0,1,0,0,0,0
9ZCCNN36T_5873-7805-6385-8317,0,0,0,0,1,0,0,0,0
9ZCCNN36T_5920-7551-6432-8063,0,0,0,0,1,0,0,0,0
9ZCCNN36T_5908-8068-6420-8580,0,0,0,0,1,0,0,0,0
9ZCCNN36T_6064-522-6576-1034,0,0,0,0,1,0,0,0,0
9ZCCNN36T_6149-872-6661-1384,0,0,0,0,1,0,0,0,0
9ZCCNN36T_7461-2004-7973-2516,0,0,0,0,1,0,0,0,0
9ZCCNN36T_6235-7525-6747-8037,0,0,0,0,1,0,0,0,0
9ZCCNN36T_6311-1180-6823-1692,0,0,0,0,1,0,0,0,0
9ZCCNN36T_7403-1269-7915-1781,0,0,0,0,1,0,0,0,0
9ZCCNN36T_6642-7505-7154-8017,0,0,0,0,1,0,0,0,0
9ZCCNN36T_7436-1651-7948-2163,0,0,0,0,1,0,0,0,0
9ZCCNN36T_6899-7548-7411-8060,0,0,0,0,1,0,0,0,0
9ZCCNN36T_7536-7302-8048-7814,0,0,0,0,1,0,0,0,0
9ZCCNN36T_7081-2058-7593-2570,0,0,0,0,1,0,0,0,0
9ZCCNN36T_6701-7799-7213-8311,0,0,0,0,1,0,0,0,0
9ZCCNN36T_7767-7432-8279-7944,0,0,0,0,1,0,0,0,0
9ZCCNN36T_9501-2794-10013-3306,0,0,0,0,1,0,0,0,0
9ZCCNN36T_818-3006-1330-3518,0,0,0,0,1,0,0,0,0
9ZCCNN36T_9926-6006-10438-6518,0,0,0,0,1,0,0,0,0
9ZCCNN36T_9875-7881-10387-8393,0,0,0,0,1,0,0,0,0
9ZCCNN36T_8282-7390-8794-7902,0,0,0,0,1,0,0,0,0
9ZCCNN36T_9959-6735-10471-7247,0,0,0,0,1,0,0,0,0
9ZCCNN36T_9937-5656-10449-6168,0,0,0,0,1,0,0,0,0
9ZCCNN36T_9986-3738-10498-4250,0,0,0,0,1,0,0,0,0
9ZCCNN36T_9964-4610-10476-5122,0,0,0,0,1,0,0,0,0
9ZCCNN36T_9983-3391-10495-3903,0,0,0,0,1,0,0,0,0
9ZE4GL9MI_10266-12703-10778-13215,0,0,0,0,0,0,1,0,0
9ZE4GL9MI_10778-13215-11290-13727,0,0,0,0,0,0,1,0,0
9ZE4GL9MI_11290-12703-11802-13215,0,0,0,0,0,0,1,0,0
9ZE4GL9MI_11802-13215-12314-13727,0,0,0,0,0,0,1,0,0
9ZE4GL9MI_11290-13215-11802-13727,0,0,0,0,0,0,1,0,0
9ZE4GL9MI_10778-12703-11290-13215,0,0,0,0,0,0,1,0,0
9ZE4GL9MI_7064-10510-7576-11022,0,0,0,0,0,0,1,0,0
9ZCCNN36T_9975-4085-10487-4597,0,0,0,0,1,0,0,0,0
9ZE4GL9MI_7064-8462-7576-8974,0,0,0,0,0,0,1,0,0
9ZE4GL9MI_7064-9486-7576-9998,0,0,0,0,0,0,1,0,0
9ZE4GL9MI_7064-8974-7576-9486,0,0,0,0,0,0,1,0,0
9ZE4GL9MI_7527-10712-8039-11224,0,0,0,0,0,0,1,0,0
9ZE4GL9MI_7064-9998-7576-10510,0,0,0,0,0,0,1,0,0
9ZE4GL9MI_7576-9998-8088-10510,0,0,0,0,0,0,1,0,0
9ZE4GL9MI_7576-11022-8088-11534,0,0,0,0,0,0,1,0,0
9ZE4GL9MI_8730-12191-9242-12703,0,0,0,0,0,0,1,0,0
9ZE4GL9MI_8088-11022-8600-11534,0,0,0,0,0,0,1,0,0
9ZE4GL9MI_8730-11679-9242-12191,0,0,0,0,0,0,1,0,0
9ZE4GL9MI_9754-12703-10266-13215,0,0,0,0,0,0,1,0,0
9ZE4GL9MI_8039-10712-8551-11224,0,0,0,0,0,0,1,0,0
A1HBPTUWD_10341-1521-10853-2033,1,0,0,0,0,0,0,0,0
9ZE4GL9MI_8218-11679-8730-12191,0,0,0,0,0,0,1,0,0
9ZE4GL9MI_9754-12191-10266-12703,0,0,0,0,0,0,1,0,0
A1HBPTUWD_10706-1214-11218-1726,1,0,0,0,0,0,0,0,0
A1HBPTUWD_10706-702-11218-1214,1,0,0,0,0,0,0,0,0
A1HBPTUWD_10294-3738-10806-4250,1,0,0,0,0,0,0,0,0
9ZE4GL9MI_9242-12191-9754-12703,0,0,0,0,0,0,1,0,0
A1HBPTUWD_10806-3738-11318-4250,1,0,0,0,0,0,0,0,0
A1HBPTUWD_1081-2598-1593-3110,1,0,0,0,0,0,0,0,0
A1HBPTUWD_1081-1062-1593-1574,1,0,0,0,0,0,0,0,0
A1HBPTUWD_1081-2086-1593-2598,1,0,0,0,0,0,0,0,0
A1HBPTUWD_11374-1070-11886-1582,1,0,0,0,0,0,0,0,0
A1HBPTUWD_11318-3738-11830-4250,1,0,0,0,0,0,0,0,0
A1HBPTUWD_11886-1582-12398-2094,1,0,0,0,0,0,0,0,0
A1HBPTUWD_12398-2606-12910-3118,1,0,0,0,0,0,0,0,0
A1HBPTUWD_11374-558-11886-1070,1,0,0,0,0,0,0,0,0
A1HBPTUWD_11886-558-12398-1070,1,0,0,0,0,0,0,0,0
A1HBPTUWD_11374-1582-11886-2094,1,0,0,0,0,0,0,0,0
A1HBPTUWD_12342-3738-12854-4250,1,0,0,0,0,0,0,0,0
A1HBPTUWD_12398-1582-12910-2094,1,0,0,0,0,0,0,0,0
A1HBPTUWD_12141-2894-12653-3406,1,0,0,0,0,0,0,0,0
A1HBPTUWD_12398-2094-12910-2606,1,0,0,0,0,0,0,0,0
A1HBPTUWD_11830-3738-12342-4250,1,0,0,0,0,0,0,0,0
A1HBPTUWD_12141-3406-12653-3918,1,0,0,0,0,0,0,0,0
A1HBPTUWD_12141-2382-12653-2894,1,0,0,0,0,0,0,0,0
A1HBPTUWD_12653-2894-13165-3406,1,0,0,0,0,0,0,0,0
A1HBPTUWD_12653-3406-13165-3918,1,0,0,0,0,0,0,0,0
A1HBPTUWD_12398-558-12910-1070,1,0,0,0,0,0,0,0,0
A1HBPTUWD_12653-2382-13165-2894,1,0,0,0,0,0,0,0,0
A1HBPTUWD_12854-3738-13366-4250,1,0,0,0,0,0,0,0,0
A1HBPTUWD_12784-588-13296-1100,1,0,0,0,0,0,0,0,0
A1HBPTUWD_12910-2094-13422-2606,1,0,0,0,0,0,0,0,0
A1HBPTUWD_12910-1070-13422-1582,1,0,0,0,0,0,0,0,0
A1HBPTUWD_12910-2606-13422-3118,1,0,0,0,0,0,0,0,0
A1HBPTUWD_12910-1582-13422-2094,1,0,0,0,0,0,0,0,0
A1HBPTUWD_13878-3738-14390-4250,1,0,0,0,0,0,0,0,0
A1HBPTUWD_13422-2094-13934-2606,1,0,0,0,0,0,0,0,0
A1HBPTUWD_13422-2606-13934-3118,1,0,0,0,0,0,0,0,0
A1HBPTUWD_13208-2401-13720-2913,1,0,0,0,0,0,0,0,0
A1HBPTUWD_13407-3442-13919-3954,1,0,0,0,0,0,0,0,0
A1HBPTUWD_13208-2913-13720-3425,1,0,0,0,0,0,0,0,0
A1HBPTUWD_13422-1582-13934-2094,1,0,0,0,0,0,0,0,0
A1HBPTUWD_13366-3738-13878-4250,1,0,0,0,0,0,0,0,0
A1HBPTUWD_13934-1582-14446-2094,1,0,0,0,0,0,0,0,0
A1HBPTUWD_13919-3442-14431-3954,1,0,0,0,0,0,0,0,0
A1HBPTUWD_13934-2094-14446-2606,1,0,0,0,0,0,0,0,0
A1HBPTUWD_13934-1070-14446-1582,1,0,0,0,0,0,0,0,0
A1HBPTUWD_14390-3738-14902-4250,1,0,0,0,0,0,0,0,0
A1HBPTUWD_13934-2606-14446-3118,1,0,0,0,0,0,0,0,0
A1HBPTUWD_14446-1582-14958-2094,1,0,0,0,0,0,0,0,0
A1HBPTUWD_2060-663-2572-1175,1,0,0,0,0,0,0,0,0
A1HBPTUWD_1593-2086-2105-2598,1,0,0,0,0,0,0,0,0
A1HBPTUWD_14446-2606-14958-3118,1,0,0,0,0,0,0,0,0
A1HBPTUWD_14446-1070-14958-1582,1,0,0,0,0,0,0,0,0
A1HBPTUWD_2617-2086-3129-2598,1,0,0,0,0,0,0,0,0
A1HBPTUWD_14446-2094-14958-2606,1,0,0,0,0,0,0,0,0
A1HBPTUWD_1593-2598-2105-3110,1,0,0,0,0,0,0,0,0
A1HBPTUWD_2617-3110-3129-3622,1,0,0,0,0,0,0,0,0
A1HBPTUWD_2105-2086-2617-2598,1,0,0,0,0,0,0,0,0
A1HBPTUWD_2105-2598-2617-3110,1,0,0,0,0,0,0,0,0
A1HBPTUWD_2617-2598-3129-3110,1,0,0,0,0,0,0,0,0
A1HBPTUWD_3129-2086-3641-2598,1,0,0,0,0,0,0,0,0
A1HBPTUWD_2617-3622-3129-4134,1,0,0,0,0,0,0,0,0
A1HBPTUWD_3129-3110-3641-3622,1,0,0,0,0,0,0,0,0
A1HBPTUWD_3129-3622-3641-4134,1,0,0,0,0,0,0,0,0
A1HBPTUWD_3641-2598-4153-3110,1,0,0,0,0,0,0,0,0
A1HBPTUWD_3641-3110-4153-3622,1,0,0,0,0,0,0,0,0
A1HBPTUWD_4190-436-4702-948,1,0,0,0,0,0,0,0,0
A1HBPTUWD_5681-595-6193-1107,1,0,0,0,0,0,0,0,0
A1HBPTUWD_4763-1936-5275-2448,1,0,0,0,0,0,0,0,0
A1HBPTUWD_5275-1424-5787-1936,1,0,0,0,0,0,0,0,0
A1HBPTUWD_3641-3622-4153-4134,1,0,0,0,0,0,0,0,0
A1HBPTUWD_4657-595-5169-1107,1,0,0,0,0,0,0,0,0
A1HBPTUWD_4763-1424-5275-1936,1,0,0,0,0,0,0,0,0
A1HBPTUWD_4251-912-4763-1424,1,0,0,0,0,0,0,0,0
A1HBPTUWD_4763-912-5275-1424,1,0,0,0,0,0,0,0,0
A1HBPTUWD_5275-2448-5787-2960,1,0,0,0,0,0,0,0,0
A1HBPTUWD_5169-595-5681-1107,1,0,0,0,0,0,0,0,0
A1HBPTUWD_5573-3815-6085-4327,1,0,0,0,0,0,0,0,0
A1HBPTUWD_569-1062-1081-1574,1,0,0,0,0,0,0,0,0
A1HBPTUWD_569-2086-1081-2598,1,0,0,0,0,0,0,0,0
A1HBPTUWD_569-1574-1081-2086,1,0,0,0,0,0,0,0,0
A1HBPTUWD_569-2598-1081-3110,1,0,0,0,0,0,0,0,0
A1HBPTUWD_5787-1424-6299-1936,1,0,0,0,0,0,0,0,0
A1HBPTUWD_5787-1936-6299-2448,1,0,0,0,0,0,0,0,0
A1HBPTUWD_5787-2448-6299-2960,1,0,0,0,0,0,0,0,0
A1HBPTUWD_5947-2925-6459-3437,1,0,0,0,0,0,0,0,0
A1HBPTUWD_5947-3437-6459-3949,1,0,0,0,0,0,0,0,0
A1HBPTUWD_6299-2448-6811-2960,1,0,0,0,0,0,0,0,0
A1HBPTUWD_6299-1424-6811-1936,1,0,0,0,0,0,0,0,0
A1HBPTUWD_6085-3815-6597-4327,1,0,0,0,0,0,0,0,0
A1HBPTUWD_6299-912-6811-1424,1,0,0,0,0,0,0,0,0
A1HBPTUWD_6193-595-6705-1107,1,0,0,0,0,0,0,0,0
A1HBPTUWD_6299-2960-6811-3472,1,0,0,0,0,0,0,0,0
A1HBPTUWD_6299-1936-6811-2448,1,0,0,0,0,0,0,0,0
A1HBPTUWD_6459-3437-6971-3949,1,0,0,0,0,0,0,0,0
A1HBPTUWD_6597-3815-7109-4327,1,0,0,0,0,0,0,0,0
A1HBPTUWD_6811-1936-7323-2448,1,0,0,0,0,0,0,0,0
A1HBPTUWD_6705-595-7217-1107,1,0,0,0,0,0,0,0,0
A1HBPTUWD_6811-912-7323-1424,1,0,0,0,0,0,0,0,0
A1HBPTUWD_6971-2413-7483-2925,1,0,0,0,0,0,0,0,0
A1HBPTUWD_6971-2925-7483-3437,1,0,0,0,0,0,0,0,0
A1HBPTUWD_7109-3815-7621-4327,1,0,0,0,0,0,0,0,0
A1HBPTUWD_7483-3437-7995-3949,1,0,0,0,0,0,0,0,0
A1HBPTUWD_6971-3437-7483-3949,1,0,0,0,0,0,0,0,0
A1HBPTUWD_7323-1424-7835-1936,1,0,0,0,0,0,0,0,0
A1HBPTUWD_7217-595-7729-1107,1,0,0,0,0,0,0,0,0
A1HBPTUWD_7621-3815-8133-4327,1,0,0,0,0,0,0,0,0
A1HBPTUWD_7729-595-8241-1107,1,0,0,0,0,0,0,0,0
A1HBPTUWD_7323-912-7835-1424,1,0,0,0,0,0,0,0,0
A1HBPTUWD_7483-2925-7995-3437,1,0,0,0,0,0,0,0,0
A1HBPTUWD_7323-1936-7835-2448,1,0,0,0,0,0,0,0,0
A1HBPTUWD_7483-2413-7995-2925,1,0,0,0,0,0,0,0,0
A1HBPTUWD_7835-1424-8347-1936,1,0,0,0,0,0,0,0,0
A1HBPTUWD_7835-1936-8347-2448,1,0,0,0,0,0,0,0,0
A1HBPTUWD_7995-3437-8507-3949,1,0,0,0,0,0,0,0,0
A1HBPTUWD_7835-2960-8347-3472,1,0,0,0,0,0,0,0,0
A1HBPTUWD_7835-2448-8347-2960,1,0,0,0,0,0,0,0,0
A1HBPTUWD_8112-2137-8624-2649,1,0,0,0,0,0,0,0,0
A1HBPTUWD_9090-3327-9602-3839,1,0,0,0,0,0,0,0,0
A1HBPTUWD_8645-3815-9157-4327,1,0,0,0,0,0,0,0,0
A1HBPTUWD_8241-595-8753-1107,1,0,0,0,0,0,0,0,0
A1HBPTUWD_8133-3815-8645-4327,1,0,0,0,0,0,0,0,0
A1HBPTUWD_9602-3839-10114-4351,1,0,0,0,0,0,0,0,0
A1HBPTUWD_9090-3839-9602-4351,1,0,0,0,0,0,0,0,0
A1HBPTUWD_9337-2345-9849-2857,1,0,0,0,0,0,0,0,0
A1HBPTUWD_9433-1105-9945-1617,1,0,0,0,0,0,0,0,0
A1HBPTUWD_9433-1617-9945-2129,1,0,0,0,0,0,0,0,0
A1HBPTUWD_8624-2137-9136-2649,1,0,0,0,0,0,0,0,0
A1HBPTUWD_9945-1617-10457-2129,1,0,0,0,0,0,0,0,0
A1HBPTUWD_9602-3327-10114-3839,1,0,0,0,0,0,0,0,0
A1XLWTQKC_7276-1760-7788-2272,1,0,0,0,0,0,0,0,0
A1HBPTUWD_9945-2129-10457-2641,1,0,0,0,0,0,0,0,0
A1XLWTQKC_7352-4216-7864-4728,1,0,0,0,0,0,0,0,0
A1XLWTQKC_7788-1760-8300-2272,1,0,0,0,0,0,0,0,0
A1XLWTQKC_7276-2272-7788-2784,1,0,0,0,0,0,0,0,0
A1XLWTQKC_7788-2272-8300-2784,1,0,0,0,0,0,0,0,0
A1XLWTQKC_7864-4216-8376-4728,1,0,0,0,0,0,0,0,0
A1XLWTQKC_8433-5765-8945-6277,1,0,0,0,0,0,0,0,0
A1XLWTQKC_9884-4628-10396-5140,1,0,0,0,0,0,0,0,0
A1XLWTQKC_8300-1760-8812-2272,1,0,0,0,0,0,0,0,0
A1XLWTQKC_8300-2272-8812-2784,1,0,0,0,0,0,0,0,0
A1XLWTQKC_9150-2087-9662-2599,1,0,0,0,0,0,0,0,0
A1XLWTQKC_9662-2087-10174-2599,1,0,0,0,0,0,0,0,0
A1XLWTQKC_9318-6345-9830-6857,1,0,0,0,0,0,0,0,0
A1XLWTQKC_9757-1350-10269-1862,1,0,0,0,0,0,0,0,0
A2DTZ3YRE_1292-414-1804-926,0,0,0,0,0,1,0,0,0
A2DTZ3YRE_1804-414-2316-926,0,0,0,0,0,1,0,0,0
A2DTZ3YRE_1455-4325-1967-4837,0,0,0,0,0,1,0,0,0
A2DTZ3YRE_1967-4325-2479-4837,0,0,0,0,0,1,0,0,0
A2DTZ3YRE_2216-332-2728-844,0,0,0,0,0,1,0,0,0
A2DTZ3YRE_2351-4285-2863-4797,0,0,0,0,0,1,0,0,0
A2DTZ3YRE_268-414-780-926,0,0,0,0,0,1,0,0,0
A2DTZ3YRE_2678-4267-3190-4779,0,0,0,0,0,1,0,0,0
A2DTZ3YRE_4979-4227-5491-4739,0,0,0,0,0,1,0,0,0
A2DTZ3YRE_3702-4267-4214-4779,0,0,0,0,0,1,0,0,0
A2DTZ3YRE_431-4325-943-4837,0,0,0,0,0,1,0,0,0
A2DTZ3YRE_3190-4267-3702-4779,0,0,0,0,0,1,0,0,0
A2DTZ3YRE_4919-2057-5431-2569,0,0,0,0,0,1,0,0,0
A2DTZ3YRE_4467-4227-4979-4739,0,0,0,0,0,1,0,0,0
A2DTZ3YRE_5431-2057-5943-2569,0,0,0,0,0,1,0,0,0
A2DTZ3YRE_2828-414-3340-926,0,0,0,0,0,1,0,0,0
A2DTZ3YRE_4407-2057-4919-2569,0,0,0,0,0,1,0,0,0
A2DTZ3YRE_5491-4227-6003-4739,0,0,0,0,0,1,0,0,0
A2DTZ3YRE_780-414-1292-926,0,0,0,0,0,1,0,0,0
A2GW8JMYA_1040-13294-1552-13806,0,0,1,0,0,0,0,0,0
A2DTZ3YRE_943-4325-1455-4837,0,0,0,0,0,1,0,0,0
A2GW8JMYA_1045-8191-1557-8703,0,0,1,0,0,0,0,0,0
A2GW8JMYA_1183-7153-1695-7665,0,0,1,0,0,0,0,0,0
A2GW8JMYA_1045-8703-1557-9215,0,0,1,0,0,0,0,0,0
A2GW8JMYA_1153-3336-1665-3848,0,0,1,0,0,0,0,0,0
A2GW8JMYA_1153-2824-1665-3336,0,0,1,0,0,0,0,0,0
A2GW8JMYA_1356-11605-1868-12117,0,0,1,0,0,0,0,0,0
A2GW8JMYA_1436-5648-1948-6160,0,0,1,0,0,0,0,0,0
A2GW8JMYA_1436-4624-1948-5136,0,0,1,0,0,0,0,0,0
A2GW8JMYA_12788-12449-13300-12961,0,0,1,0,0,0,0,0,0
A2GW8JMYA_1436-3600-1948-4112,0,0,1,0,0,0,0,0,0
A2GW8JMYA_1436-5136-1948-5648,0,0,1,0,0,0,0,0,0
A2GW8JMYA_1411-15361-1923-15873,0,0,1,0,0,0,0,0,0
A2GW8JMYA_1356-12117-1868-12629,0,0,1,0,0,0,0,0,0
A2GW8JMYA_1436-4112-1948-4624,0,0,1,0,0,0,0,0,0
A2GW8JMYA_1436-6160-1948-6672,0,0,1,0,0,0,0,0,0
A2GW8JMYA_1436-6672-1948-7184,0,0,1,0,0,0,0,0,0
A2GW8JMYA_1436-7696-1948-8208,0,0,1,0,0,0,0,0,0
A2GW8JMYA_1552-13294-2064-13806,0,0,1,0,0,0,0,0,0
A2GW8JMYA_1630-15032-2142-15544,0,0,1,0,0,0,0,0,0
A2GW8JMYA_1665-2312-2177-2824,0,0,1,0,0,0,0,0,0
A2GW8JMYA_1552-13806-2064-14318,0,0,1,0,0,0,0,0,0
A2GW8JMYA_1656-14540-2168-15052,0,0,1,0,0,0,0,0,0
A2GW8JMYA_1557-8191-2069-8703,0,0,1,0,0,0,0,0,0
A2GW8JMYA_1730-5089-2242-5601,0,0,1,0,0,0,0,0,0
A2GW8JMYA_1665-2824-2177-3336,0,0,1,0,0,0,0,0,0
A2GW8JMYA_1818-6697-2330-7209,0,0,1,0,0,0,0,0,0
A2GW8JMYA_1818-5673-2330-6185,0,0,1,0,0,0,0,0,0
A2GW8JMYA_1665-3336-2177-3848,0,0,1,0,0,0,0,0,0
A2GW8JMYA_1798-3857-2310-4369,0,0,1,0,0,0,0,0,0
A2GW8JMYA_1818-6185-2330-6697,0,0,1,0,0,0,0,0,0
A2GW8JMYA_1868-11605-2380-12117,0,0,1,0,0,0,0,0,0
A2GW8JMYA_1847-7392-2359-7904,0,0,1,0,0,0,0,0,0
A2GW8JMYA_1868-12117-2380-12629,0,0,1,0,0,0,0,0,0
A2GW8JMYA_1923-15361-2435-15873,0,0,1,0,0,0,0,0,0
A2GW8JMYA_1948-4112-2460-4624,0,0,1,0,0,0,0,0,0
A2GW8JMYA_1948-3600-2460-4112,0,0,1,0,0,0,0,0,0
A2GW8JMYA_1981-14509-2493-15021,0,0,1,0,0,0,0,0,0
A2GW8JMYA_1948-7696-2460-8208,0,0,1,0,0,0,0,0,0
A2GW8JMYA_1981-13997-2493-14509,0,0,1,0,0,0,0,0,0
A2GW8JMYA_1948-4624-2460-5136,0,0,1,0,0,0,0,0,0
A2GW8JMYA_1960-4919-2472-5431,0,0,1,0,0,0,0,0,0
A2GW8JMYA_2177-2312-2689-2824,0,0,1,0,0,0,0,0,0
A2GW8JMYA_2177-1800-2689-2312,0,0,1,0,0,0,0,0,0
A2GW8JMYA_2177-1288-2689-1800,0,0,1,0,0,0,0,0,0
A2GW8JMYA_2096-14862-2608-15374,0,0,1,0,0,0,0,0,0
A2GW8JMYA_2064-13294-2576-13806,0,0,1,0,0,0,0,0,0
A2GW8JMYA_2066-15126-2578-15638,0,0,1,0,0,0,0,0,0
A2GW8JMYA_2177-2824-2689-3336,0,0,1,0,0,0,0,0,0
A2GW8JMYA_2203-3140-2715-3652,0,0,1,0,0,0,0,0,0
A2GW8JMYA_2212-5363-2724-5875,0,0,1,0,0,0,0,0,0
A2GW8JMYA_2212-5875-2724-6387,0,0,1,0,0,0,0,0,0
A2GW8JMYA_2212-6387-2724-6899,0,0,1,0,0,0,0,0,0
A2GW8JMYA_2306-13702-2818-14214,0,0,1,0,0,0,0,0,0
A2GW8JMYA_2219-7856-2731-8368,0,0,1,0,0,0,0,0,0
A2GW8JMYA_2327-15717-2839-16229,0,0,1,0,0,0,0,0,0
A2GW8JMYA_2327-15205-2839-15717,0,0,1,0,0,0,0,0,0
A2GW8JMYA_2380-11605-2892-12117,0,0,1,0,0,0,0,0,0
A2GW8JMYA_2380-12629-2892-13141,0,0,1,0,0,0,0,0,0
A2GW8JMYA_2380-12117-2892-12629,0,0,1,0,0,0,0,0,0
A2GW8JMYA_2576-13294-3088-13806,0,0,1,0,0,0,0,0,0
A2GW8JMYA_2660-7387-3172-7899,0,0,1,0,0,0,0,0,0
A2GW8JMYA_2539-5502-3051-6014,0,0,1,0,0,0,0,0,0
A2GW8JMYA_2493-14509-3005-15021,0,0,1,0,0,0,0,0,0
A2GW8JMYA_2493-13997-3005-14509,0,0,1,0,0,0,0,0,0
A2GW8JMYA_2417-1472-2929-1984,0,0,1,0,0,0,0,0,0
A2GW8JMYA_2534-12896-3046-13408,0,0,1,0,0,0,0,0,0
A2GW8JMYA_2675-6617-3187-7129,0,0,1,0,0,0,0,0,0
A2GW8JMYA_2660-7899-3172-8411,0,0,1,0,0,0,0,0,0
A2GW8JMYA_2421-5998-2933-6510,0,0,1,0,0,0,0,0,0
A2GW8JMYA_2689-2312-3201-2824,0,0,1,0,0,0,0,0,0
A2GW8JMYA_2689-1288-3201-1800,0,0,1,0,0,0,0,0,0
A2GW8JMYA_2689-2824-3201-3336,0,0,1,0,0,0,0,0,0
A2GW8JMYA_2818-13702-3330-14214,0,0,1,0,0,0,0,0,0
A2GW8JMYA_2694-6901-3206-7413,0,0,1,0,0,0,0,0,0
A2GW8JMYA_2839-15205-3351-15717,0,0,1,0,0,0,0,0,0
A2GW8JMYA_2839-15717-3351-16229,0,0,1,0,0,0,0,0,0
A2GW8JMYA_2892-12117-3404-12629,0,0,1,0,0,0,0,0,0
A2GW8JMYA_2892-12629-3404-13141,0,0,1,0,0,0,0,0,0
A2GW8JMYA_3088-13806-3600-14318,0,0,1,0,0,0,0,0,0
A2GW8JMYA_3099-4381-3611-4893,0,0,1,0,0,0,0,0,0
A2GW8JMYA_3005-14509-3517-15021,0,0,1,0,0,0,0,0,0
A2GW8JMYA_3022-7521-3534-8033,0,0,1,0,0,0,0,0,0
A2GW8JMYA_3068-13399-3580-13911,0,0,1,0,0,0,0,0,0
A2GW8JMYA_3201-1288-3713-1800,0,0,1,0,0,0,0,0,0
A2GW8JMYA_3330-13702-3842-14214,0,0,1,0,0,0,0,0,0
A2GW8JMYA_3005-11617-3517-12129,0,0,1,0,0,0,0,0,0
A2GW8JMYA_3247-12987-3759-13499,0,0,1,0,0,0,0,0,0
A2GW8JMYA_3351-15717-3863-16229,0,0,1,0,0,0,0,0,0
A2GW8JMYA_3351-15205-3863-15717,0,0,1,0,0,0,0,0,0
A2GW8JMYA_3365-5217-3877-5729,0,0,1,0,0,0,0,0,0
A2GW8JMYA_3365-4705-3877-5217,0,0,1,0,0,0,0,0,0
A2GW8JMYA_3403-10892-3915-11404,0,0,1,0,0,0,0,0,0
A2GW8JMYA_3357-1571-3869-2083,0,0,1,0,0,0,0,0,0
A2GW8JMYA_3404-12117-3916-12629,0,0,1,0,0,0,0,0,0
A2GW8JMYA_3412-12809-3924-13321,0,0,1,0,0,0,0,0,0
A2GW8JMYA_3441-5619-3953-6131,0,0,1,0,0,0,0,0,0
A2GW8JMYA_3713-2824-4225-3336,0,0,1,0,0,0,0,0,0
A2GW8JMYA_3476-10470-3988-10982,0,0,1,0,0,0,0,0,0
A2GW8JMYA_3525-14029-4037-14541,0,0,1,0,0,0,0,0,0
A2GW8JMYA_3580-13399-4092-13911,0,0,1,0,0,0,0,0,0
A2GW8JMYA_3517-11617-4029-12129,0,0,1,0,0,0,0,0,0
A2GW8JMYA_3713-1800-4225-2312,0,0,1,0,0,0,0,0,0
A2GW8JMYA_3713-264-4225-776,0,0,1,0,0,0,0,0,0
A2GW8JMYA_3713-2312-4225-2824,0,0,1,0,0,0,0,0,0
A2GW8JMYA_3713-1288-4225-1800,0,0,1,0,0,0,0,0,0
A2GW8JMYA_3713-3336-4225-3848,0,0,1,0,0,0,0,0,0
A2GW8JMYA_3836-10485-4348-10997,0,0,1,0,0,0,0,0,0
A2GW8JMYA_3842-13702-4354-14214,0,0,1,0,0,0,0,0,0
A2GW8JMYA_3863-15205-4375-15717,0,0,1,0,0,0,0,0,0
A2GW8JMYA_3863-15717-4375-16229,0,0,1,0,0,0,0,0,0
A2GW8JMYA_3936-5568-4448-6080,0,0,1,0,0,0,0,0,0
A2GW8JMYA_3905-7562-4417-8074,0,0,1,0,0,0,0,0,0
A2GW8JMYA_3958-1905-4470-2417,0,0,1,0,0,0,0,0,0
A2GW8JMYA_4029-11617-4541-12129,0,0,1,0,0,0,0,0,0
A2GW8JMYA_4037-14029-4549-14541,0,0,1,0,0,0,0,0,0
A2GW8JMYA_4140-4838-4652-5350,0,0,1,0,0,0,0,0,0
A2GW8JMYA_4121-10411-4633-10923,0,0,1,0,0,0,0,0,0
A2GW8JMYA_4058-8266-4570-8778,0,0,1,0,0,0,0,0,0
A2GW8JMYA_4140-4326-4652-4838,0,0,1,0,0,0,0,0,0
A2GW8JMYA_4167-1581-4679-2093,0,0,1,0,0,0,0,0,0
A2GW8JMYA_4140-5350-4652-5862,0,0,1,0,0,0,0,0,0
A2GW8JMYA_4140-5862-4652-6374,0,0,1,0,0,0,0,0,0
A2GW8JMYA_4140-3814-4652-4326,0,0,1,0,0,0,0,0,0
A2GW8JMYA_4225-2824-4737-3336,0,0,1,0,0,0,0,0,0
A2GW8JMYA_4225-776-4737-1288,0,0,1,0,0,0,0,0,0
A2GW8JMYA_4225-3336-4737-3848,0,0,1,0,0,0,0,0,0
A2GW8JMYA_4225-264-4737-776,0,0,1,0,0,0,0,0,0
A2GW8JMYA_4225-1288-4737-1800,0,0,1,0,0,0,0,0,0
A2GW8JMYA_4236-2460-4748-2972,0,0,1,0,0,0,0,0,0
A2GW8JMYA_4266-11512-4778-12024,0,0,1,0,0,0,0,0,0
A2GW8JMYA_4307-7632-4819-8144,0,0,1,0,0,0,0,0,0
A2GW8JMYA_4541-13905-5053-14417,0,0,1,0,0,0,0,0,0
A2GW8JMYA_4375-15205-4887-15717,0,0,1,0,0,0,0,0,0
A2GW8JMYA_4355-6077-4867-6589,0,0,1,0,0,0,0,0,0
A2GW8JMYA_4375-15717-4887-16229,0,0,1,0,0,0,0,0,0
A2GW8JMYA_4355-5565-4867-6077,0,0,1,0,0,0,0,0,0
A2GW8JMYA_4354-13702-4866-14214,0,0,1,0,0,0,0,0,0
A2GW8JMYA_4400-14106-4912-14618,0,0,1,0,0,0,0,0,0
A2GW8JMYA_4570-8266-5082-8778,0,0,1,0,0,0,0,0,0
A2GW8JMYA_4570-11338-5082-11850,0,0,1,0,0,0,0,0,0
A2GW8JMYA_4598-7349-5110-7861,0,0,1,0,0,0,0,0,0
A2GW8JMYA_4633-10411-5145-10923,0,0,1,0,0,0,0,0,0
A2GW8JMYA_4652-3814-5164-4326,0,0,1,0,0,0,0,0,0
A2GW8JMYA_4652-3302-5164-3814,0,0,1,0,0,0,0,0,0
A2GW8JMYA_4652-4326-5164-4838,0,0,1,0,0,0,0,0,0
A2GW8JMYA_4598-7861-5110-8373,0,0,1,0,0,0,0,0,0
A2GW8JMYA_4625-5338-5137-5850,0,0,1,0,0,0,0,0,0
A2GW8JMYA_4737-1800-5249-2312,0,0,1,0,0,0,0,0,0
A2GW8JMYA_4737-2824-5249-3336,0,0,1,0,0,0,0,0,0
A2GW8JMYA_4653-5661-5165-6173,0,0,1,0,0,0,0,0,0
A2GW8JMYA_4737-776-5249-1288,0,0,1,0,0,0,0,0,0
A2GW8JMYA_924-3600-1436-4112,0,0,1,0,0,0,0,0,0
A2GW8JMYA_924-4624-1436-5136,0,0,1,0,0,0,0,0,0
A2GW8JMYA_4737-1288-5249-1800,0,0,1,0,0,0,0,0,0
A2GW8JMYA_4711-2202-5223-2714,0,0,1,0,0,0,0,0,0
A2GW8JMYA_4652-4838-5164-5350,0,0,1,0,0,0,0,0,0
A2GW8JMYA_4737-264-5249-776,0,0,1,0,0,0,0,0,0
A2GW8JMYA_924-4112-1436-4624,0,0,1,0,0,0,0,0,0
A2GW8JMYA_924-5136-1436-5648,0,0,1,0,0,0,0,0,0
A36VDNUBI_10826-2763-11338-3275,1,0,0,0,0,0,0,0,0
A36VDNUBI_1293-1356-1805-1868,1,0,0,0,0,0,0,0,0
A36VDNUBI_1293-2380-1805-2892,1,0,0,0,0,0,0,0,0
A2GW8JMYA_924-7696-1436-8208,0,0,1,0,0,0,0,0,0
A36VDNUBI_1293-1868-1805-2380,1,0,0,0,0,0,0,0,0
A36VDNUBI_10314-2763-10826-3275,1,0,0,0,0,0,0,0,0
A36VDNUBI_1293-2892-1805-3404,1,0,0,0,0,0,0,0,0
A36VDNUBI_14388-14606-14900-15118,1,0,0,0,0,0,0,0,0
A36VDNUBI_14820-15200-15332-15712,1,0,0,0,0,0,0,0,0
A36VDNUBI_14820-15712-15332-16224,1,0,0,0,0,0,0,0,0
A36VDNUBI_14820-16224-15332-16736,1,0,0,0,0,0,0,0,0
A36VDNUBI_14388-14094-14900-14606,1,0,0,0,0,0,0,0,0
A36VDNUBI_14388-15630-14900-16142,1,0,0,0,0,0,0,0,0
A36VDNUBI_14388-16142-14900-16654,1,0,0,0,0,0,0,0,0
A36VDNUBI_14388-15118-14900-15630,1,0,0,0,0,0,0,0,0
A36VDNUBI_14820-16736-15332-17248,1,0,0,0,0,0,0,0,0
A36VDNUBI_15332-14176-15844-14688,1,0,0,0,0,0,0,0,0
A36VDNUBI_15332-14688-15844-15200,1,0,0,0,0,0,0,0,0
A36VDNUBI_15332-15712-15844-16224,1,0,0,0,0,0,0,0,0
A36VDNUBI_15844-14688-16356-15200,1,0,0,0,0,0,0,0,0
A36VDNUBI_15844-16736-16356-17248,1,0,0,0,0,0,0,0,0
A36VDNUBI_15332-16224-15844-16736,1,0,0,0,0,0,0,0,0
A36VDNUBI_15332-16736-15844-17248,1,0,0,0,0,0,0,0,0
A36VDNUBI_16356-14688-16868-15200,1,0,0,0,0,0,0,0,0
A36VDNUBI_16356-15200-16868-15712,1,0,0,0,0,0,0,0,0
A36VDNUBI_16978-13796-17490-14308,1,0,0,0,0,0,0,0,0
A36VDNUBI_16356-16736-16868-17248,1,0,0,0,0,0,0,0,0
A36VDNUBI_16978-14308-17490-14820,1,0,0,0,0,0,0,0,0
A36VDNUBI_16356-15712-16868-16224,1,0,0,0,0,0,0,0,0
A36VDNUBI_16978-14820-17490-15332,1,0,0,0,0,0,0,0,0
A36VDNUBI_16356-16224-16868-16736,1,0,0,0,0,0,0,0,0
A36VDNUBI_17490-13796-18002-14308,1,0,0,0,0,0,0,0,0
A36VDNUBI_16978-15332-17490-15844,1,0,0,0,0,0,0,0,0
A36VDNUBI_17490-14308-18002-14820,1,0,0,0,0,0,0,0,0
A36VDNUBI_17490-14820-18002-15332,1,0,0,0,0,0,0,0,0
A36VDNUBI_17490-15332-18002-15844,1,0,0,0,0,0,0,0,0
A36VDNUBI_19815-1440-20327-1952,1,0,0,0,0,0,0,0,0
A36VDNUBI_1805-1356-2317-1868,1,0,0,0,0,0,0,0,0
A36VDNUBI_1805-1868-2317-2380,1,0,0,0,0,0,0,0,0
A36VDNUBI_19815-1952-20327-2464,1,0,0,0,0,0,0,0,0
A36VDNUBI_1805-2892-2317-3404,1,0,0,0,0,0,0,0,0
A36VDNUBI_1805-2380-2317-2892,1,0,0,0,0,0,0,0,0
A36VDNUBI_20735-1504-21247-2016,1,0,0,0,0,0,0,0,0
A36VDNUBI_20735-3552-21247-4064,1,0,0,0,0,0,0,0,0
A36VDNUBI_20735-2016-21247-2528,1,0,0,0,0,0,0,0,0
A36VDNUBI_20735-2528-21247-3040,1,0,0,0,0,0,0,0,0
A36VDNUBI_21247-2016-21759-2528,1,0,0,0,0,0,0,0,0
A36VDNUBI_20735-3040-21247-3552,1,0,0,0,0,0,0,0,0
A36VDNUBI_21247-1504-21759-2016,1,0,0,0,0,0,0,0,0
A36VDNUBI_20735-992-21247-1504,1,0,0,0,0,0,0,0,0
A36VDNUBI_21247-992-21759-1504,1,0,0,0,0,0,0,0,0
A36VDNUBI_21759-1504-22271-2016,1,0,0,0,0,0,0,0,0
A36VDNUBI_21759-2016-22271-2528,1,0,0,0,0,0,0,0,0
A36VDNUBI_3051-1725-3563-2237,1,0,0,0,0,0,0,0,0
A36VDNUBI_2539-2237-3051-2749,1,0,0,0,0,0,0,0,0
A36VDNUBI_2539-1725-3051-2237,1,0,0,0,0,0,0,0,0
A36VDNUBI_2539-2749-3051-3261,1,0,0,0,0,0,0,0,0
A36VDNUBI_3051-2237-3563-2749,1,0,0,0,0,0,0,0,0
A36VDNUBI_2539-1213-3051-1725,1,0,0,0,0,0,0,0,0
A36VDNUBI_21759-992-22271-1504,1,0,0,0,0,0,0,0,0
A3GYRQ7GQ_1409-3763-1921-4275,0,1,0,0,0,0,0,0,0
A36VDNUBI_3051-3261-3563-3773,1,0,0,0,0,0,0,0,0
A36VDNUBI_3051-2749-3563-3261,1,0,0,0,0,0,0,0,0
A3GYRQ7GQ_1921-3763-2433-4275,0,1,0,0,0,0,0,0,0
A3GYRQ7GQ_2861-2684-3373-3196,0,1,0,0,0,0,0,0,0
A3GYRQ7GQ_3373-2684-3885-3196,0,1,0,0,0,0,0,0,0
A3GYRQ7GQ_2861-3196-3373-3708,0,1,0,0,0,0,0,0,0
A3GYRQ7GQ_2433-3763-2945-4275,0,1,0,0,0,0,0,0,0
A3GYRQ7GQ_3373-3196-3885-3708,0,1,0,0,0,0,0,0,0
A3GYRQ7GQ_3373-3708-3885-4220,0,1,0,0,0,0,0,0,0
A3GYRQ7GQ_3885-2684-4397-3196,0,1,0,0,0,0,0,0,0
A3GYRQ7GQ_4397-3708-4909-4220,0,1,0,0,0,0,0,0,0
A3GYRQ7GQ_4397-3196-4909-3708,0,1,0,0,0,0,0,0,0
A3GYRQ7GQ_3885-3708-4397-4220,0,1,0,0,0,0,0,0,0
A3GYRQ7GQ_4909-3196-5421-3708,0,1,0,0,0,0,0,0,0
A3GYRQ7GQ_4909-3708-5421-4220,0,1,0,0,0,0,0,0,0
A3GYRQ7GQ_4909-2684-5421-3196,0,1,0,0,0,0,0,0,0
A3GYRQ7GQ_4909-2172-5421-2684,0,1,0,0,0,0,0,0,0
A3GYRQ7GQ_6957-3708-7469-4220,0,1,0,0,0,0,0,0,0
A3GYRQ7GQ_5421-3708-5933-4220,0,1,0,0,0,0,0,0,0
A3GYRQ7GQ_5933-2172-6445-2684,0,1,0,0,0,0,0,0,0
A3GYRQ7GQ_6445-2172-6957-2684,0,1,0,0,0,0,0,0,0
A3GYRQ7GQ_5421-2172-5933-2684,0,1,0,0,0,0,0,0,0
A3GYRQ7GQ_5933-3708-6445-4220,0,1,0,0,0,0,0,0,0
A3GYRQ7GQ_6445-3708-6957-4220,0,1,0,0,0,0,0,0,0
A3GYRQ7GQ_6957-2684-7469-3196,0,1,0,0,0,0,0,0,0
A3GYRQ7GQ_7469-2684-7981-3196,0,1,0,0,0,0,0,0,0
A3GYRQ7GQ_7469-3708-7981-4220,0,1,0,0,0,0,0,0,0
A3GYRQ7GQ_8493-3196-9005-3708,0,1,0,0,0,0,0,0,0
A4PCE44EN_1601-3870-2113-4382,0,0,0,0,0,1,0,0,0
A3GYRQ7GQ_7981-2684-8493-3196,0,1,0,0,0,0,0,0,0
A3GYRQ7GQ_7981-3708-8493-4220,0,1,0,0,0,0,0,0,0
A4PCE44EN_1380-4921-1892-5433,0,0,0,0,0,1,0,0,0
A3GYRQ7GQ_8493-3708-9005-4220,0,1,0,0,0,0,0,0,0
A4PCE44EN_1681-5579-2193-6091,0,0,0,0,0,1,0,0,0
A4PCE44EN_1745-4086-2257-4598,0,0,0,0,0,1,0,0,0
A4PCE44EN_3548-332-4060-844,0,0,0,0,0,1,0,0,0
A4PCE44EN_2446-2163-2958-2675,0,0,0,0,0,1,0,0,0
A4PCE44EN_2929-1966-3441-2478,0,0,0,0,0,1,0,0,0
A4PCE44EN_2102-3786-2614-4298,0,0,0,0,0,1,0,0,0
A4PCE44EN_3699-3074-4211-3586,0,0,0,0,0,1,0,0,0
A4PCE44EN_3518-1144-4030-1656,0,0,0,0,0,1,0,0,0
A4PCE44EN_3699-2562-4211-3074,0,0,0,0,0,1,0,0,0
A4PCE44EN_3699-3586-4211-4098,0,0,0,0,0,1,0,0,1
A4PCE44EN_3802-576-4314-1088,0,0,0,0,0,1,0,0,0
A7IWBN3EC_10211-3429-10723-3941,1,0,0,0,0,0,0,0,0
A7GVCWWLG_14584-2059-15096-2571,0,0,0,0,0,0,1,0,0
A7GVCWWLG_14072-2059-14584-2571,0,0,0,0,0,0,1,0,0
A7GVCWWLG_15233-1397-15745-1909,0,0,0,0,0,0,1,0,0
A7GVCWWLG_14721-1397-15233-1909,0,0,0,0,0,0,1,0,0
A7IWBN3EC_10211-3941-10723-4453,1,0,0,0,0,0,0,0,0
A7IWBN3EC_10211-4453-10723-4965,1,0,0,0,0,0,0,0,0
A4PCE44EN_5664-4227-6176-4739,0,0,0,0,0,1,0,0,1
A7IWBN3EC_10723-3429-11235-3941,1,0,0,0,0,0,0,0,0
A7IWBN3EC_10723-4453-11235-4965,1,0,0,0,0,0,0,0,0
A7IWBN3EC_10723-3941-11235-4453,1,0,0,0,0,0,0,0,0
A7IWBN3EC_11336-3060-11848-3572,1,0,0,0,0,0,0,0,0
A7IWBN3EC_11235-3941-11747-4453,1,0,0,0,0,0,0,0,0
A7IWBN3EC_11336-3572-11848-4084,1,0,0,0,0,0,0,0,0
A7IWBN3EC_11848-3060-12360-3572,1,0,0,0,0,0,0,0,0
A7IWBN3EC_11235-4453-11747-4965,1,0,0,0,0,0,0,0,0
A7IWBN3EC_11848-3572-12360-4084,1,0,0,0,0,0,0,0,0
A7IWBN3EC_12240-3226-12752-3738,1,0,0,0,0,0,0,0,0
A7IWBN3EC_13643-3707-14155-4219,1,0,0,0,0,0,0,0,0
A7IWBN3EC_12833-811-13345-1323,1,0,0,0,0,0,0,0,0
A7IWBN3EC_13345-811-13857-1323,1,0,0,0,0,0,0,0,0
A7IWBN3EC_12321-811-12833-1323,1,0,0,0,0,0,0,0,0
A7IWBN3EC_9699-4453-10211-4965,1,0,0,0,0,0,0,0,0
A7IWBN3EC_9932-1965-10444-2477,1,0,0,0,0,0,0,0,0
A7IWBN3EC_9699-3941-10211-4453,1,0,0,0,0,0,0,0,0
A7IWBN3EC_7802-1103-8314-1615,1,0,0,0,0,0,0,0,0
A7LW2MTC4_10925-6068-11437-6580,0,0,1,0,0,0,0,0,0
A7LW2MTC4_10853-2081-11365-2593,0,0,0,0,1,0,0,0,0
A7LW2MTC4_10107-8370-10619-8882,0,0,0,0,1,0,0,0,0
A7LW2MTC4_10817-9094-11329-9606,0,0,1,0,0,0,0,0,0
A7LW2MTC4_10619-8370-11131-8882,0,0,0,0,1,0,0,0,0
A7LW2MTC4_10925-6580-11437-7092,0,0,1,0,0,0,0,0,0
A7LW2MTC4_10720-13023-11232-13535,0,0,0,0,0,0,0,0,1
A7LW2MTC4_11377-12204-11889-12716,0,0,0,0,0,0,0,0,1
A7LW2MTC4_11375-12625-11887-13137,0,0,0,0,0,0,0,0,1
A7LW2MTC4_11392-8873-11904-9385,0,0,0,0,0,0,0,0,1
A7LW2MTC4_1186-6719-1698-7231,0,0,1,0,0,0,0,0,0
A7LW2MTC4_11702-11417-12214-11929,0,0,0,0,0,0,0,0,1
A7LW2MTC4_11877-7313-12389-7825,0,0,1,0,0,0,0,0,0
A7LW2MTC4_11877-7825-12389-8337,0,0,1,0,0,0,0,0,0
A7LW2MTC4_12022-11203-12534-11715,0,0,0,0,0,0,0,0,1
A7LW2MTC4_1186-8255-1698-8767,0,0,1,0,0,0,0,0,0
A7LW2MTC4_1186-7743-1698-8255,0,0,1,0,0,0,0,0,0
A7LW2MTC4_11883-5120-12395-5632,0,0,1,0,0,0,0,0,0
A7LW2MTC4_12359-11767-12871-12279,0,0,0,0,0,0,0,0,1
A7LW2MTC4_12073-2328-12585-2840,0,0,1,0,0,0,0,0,0
A7LW2MTC4_12359-11219-12871-11731,0,0,0,0,0,0,0,0,1
A7LW2MTC4_12377-9782-12889-10294,0,0,0,0,0,0,0,0,1
A7LW2MTC4_12580-7800-13092-8312,0,0,0,0,1,0,0,0,0
A7LW2MTC4_12585-2328-13097-2840,0,0,1,0,0,0,0,0,0
A7LW2MTC4_12676-12730-13188-13242,0,0,0,0,0,0,0,0,1
A7LW2MTC4_12659-8521-13171-9033,0,0,0,0,0,0,0,0,1
A7LW2MTC4_13124-9504-13636-10016,0,0,1,0,0,0,0,0,0
A7LW2MTC4_13313-10874-13825-11386,0,0,1,0,0,0,0,0,0
A7LW2MTC4_13313-10362-13825-10874,0,0,1,0,0,0,0,0,0
A7LW2MTC4_13269-13210-13781-13722,0,0,0,0,0,1,0,0,0
A7LW2MTC4_13313-9850-13825-10362,0,0,1,0,0,0,0,0,0
A7LW2MTC4_13825-10362-14337-10874,0,0,1,0,0,0,0,0,0
A7LW2MTC4_13825-10874-14337-11386,0,0,1,0,0,1,0,0,0
A7LW2MTC4_13642-1800-14154-2312,0,0,1,0,0,0,0,0,0
A7LW2MTC4_13635-11216-14147-11728,0,0,0,0,1,1,0,0,0
A7LW2MTC4_13868-13324-14380-13836,0,0,0,0,0,1,0,0,0
A7LW2MTC4_14205-10806-14717-11318,0,0,1,0,0,0,0,0,0
A7LW2MTC4_13916-12149-14428-12661,0,0,0,0,0,1,0,0,0
A7LW2MTC4_13916-11637-14428-12149,0,0,0,0,0,1,0,0,0
A7LW2MTC4_14147-11216-14659-11728,0,0,0,0,1,1,0,0,0
A7LW2MTC4_15070-11262-15582-11774,0,0,0,0,0,1,0,0,0
A7LW2MTC4_14934-14530-15446-15042,0,0,0,0,0,1,0,0,0
A7LW2MTC4_14717-10806-15229-11318,0,0,1,0,0,0,0,0,0
A7LW2MTC4_15229-10806-15741-11318,0,0,1,0,0,0,0,0,0
A7LW2MTC4_15720-11269-16232-11781,0,0,0,0,0,1,0,0,0
A7LW2MTC4_15741-10806-16253-11318,0,0,1,0,0,0,0,0,0
A7LW2MTC4_16401-11272-16913-11784,0,0,0,0,0,1,0,0,0
A7LW2MTC4_15898-14482-16410-14994,0,0,0,0,1,1,0,0,0
A7LW2MTC4_16253-10806-16765-11318,0,0,1,0,0,0,0,0,0
A7LW2MTC4_16765-10806-17277-11318,0,0,1,0,0,0,0,0,0
A7LW2MTC4_16410-14482-16922-14994,0,0,0,0,1,1,0,0,0
A7LW2MTC4_1698-6719-2210-7231,0,0,1,0,0,0,0,0,0
A7LW2MTC4_1698-8255-2210-8767,0,0,1,0,0,0,0,0,0
A7LW2MTC4_16727-11282-17239-11794,0,0,0,0,0,1,0,0,0
A7LW2MTC4_17058-11288-17570-11800,0,0,0,0,0,1,0,0,0
A7LW2MTC4_17279-14533-17791-15045,0,0,0,0,0,1,0,0,0
A7LW2MTC4_17277-10806-17789-11318,0,0,1,0,0,0,0,0,0
A7LW2MTC4_17700-10767-18212-11279,0,0,1,0,0,0,0,0,0
A7LW2MTC4_1698-8767-2210-9279,0,0,1,0,0,0,0,0,0
A7LW2MTC4_17388-11301-17900-11813,0,0,0,0,0,1,0,0,0
A7LW2MTC4_17700-10255-18212-10767,0,0,1,0,0,0,0,0,0
A7LW2MTC4_17723-11299-18235-11811,0,0,0,0,0,1,0,0,0
A7LW2MTC4_17743-12314-18255-12826,0,0,0,0,0,1,0,0,0
A7LW2MTC4_18050-11303-18562-11815,0,0,0,0,0,1,0,0,0
A7LW2MTC4_2210-6719-2722-7231,0,0,1,0,0,0,0,0,0
A7LW2MTC4_2210-9791-2722-10303,0,0,1,0,0,0,0,0,0
A7LW2MTC4_18212-10767-18724-11279,0,0,1,0,0,0,0,0,0
A7LW2MTC4_18212-10255-18724-10767,0,0,1,0,0,0,0,0,0
A7LW2MTC4_2210-9279-2722-9791,0,0,1,0,0,0,0,0,0
A7LW2MTC4_3234-6719-3746-7231,0,0,1,0,0,0,0,0,0
A7LW2MTC4_2722-9791-3234-10303,0,0,1,0,0,0,0,0,0
A7LW2MTC4_2722-6719-3234-7231,0,0,1,0,0,0,0,0,0
A7LW2MTC4_3234-9791-3746-10303,0,0,1,0,0,0,0,0,0
A7LW2MTC4_4258-8767-4770-9279,0,0,1,0,0,0,0,0,0
A7LW2MTC4_3746-6719-4258-7231,0,0,1,0,0,0,0,0,0
A7LW2MTC4_3746-9279-4258-9791,0,0,1,0,0,0,0,0,0
A7LW2MTC4_4770-6719-5282-7231,0,0,1,0,0,0,0,0,0
A7LW2MTC4_3234-9279-3746-9791,0,0,1,0,0,0,0,0,0
A7LW2MTC4_4258-6719-4770-7231,0,0,1,0,0,0,0,0,0
A7LW2MTC4_4770-7231-5282-7743,0,0,1,0,0,0,0,0,0
A7LW2MTC4_4770-8255-5282-8767,0,0,1,0,0,0,0,0,0
A7LW2MTC4_674-6719-1186-7231,0,0,1,0,0,0,0,0,0
A7LW2MTC4_5291-6933-5803-7445,0,0,0,0,0,1,0,0,0
A7LW2MTC4_5585-6929-6097-7441,0,0,0,0,0,1,0,0,0
A7LW2MTC4_4770-7743-5282-8255,0,0,1,0,0,0,0,0,0
A7LW2MTC4_674-7231-1186-7743,0,0,1,0,0,0,0,0,0
A7LW2MTC4_7218-14452-7730-14964,0,0,0,0,0,1,0,0,0
A7LW2MTC4_6020-14466-6532-14978,0,0,0,0,0,1,0,0,0
A7LW2MTC4_7657-5249-8169-5761,0,0,1,0,1,0,0,0,0
A7LW2MTC4_7657-5761-8169-6273,0,0,1,0,0,0,0,0,0
A7LW2MTC4_8169-6273-8681-6785,0,0,1,0,0,0,0,0,0
A7LW2MTC4_7657-6273-8169-6785,0,0,1,0,0,0,0,0,0
A7LW2MTC4_7711-14079-8223-14591,0,0,0,0,0,1,0,0,0
A7LW2MTC4_7657-6785-8169-7297,0,0,1,0,0,0,0,0,0
A7LW2MTC4_8169-5761-8681-6273,0,0,1,0,0,0,0,0,0
A7LW2MTC4_7755-4541-8267-5053,0,0,1,0,0,0,0,0,0
A7LW2MTC4_8169-6785-8681-7297,0,0,1,0,0,0,0,0,0
A7LW2MTC4_8208-5503-8720-6015,0,0,1,0,1,0,0,0,0
A7LW2MTC4_8371-11212-8883-11724,0,0,0,0,0,0,0,0,1
A7LW2MTC4_8548-5945-9060-6457,0,0,1,0,0,0,0,0,0
A7LW2MTC4_8756-6302-9268-6814,0,0,1,0,0,0,0,0,0
A7LW2MTC4_8434-10901-8946-11413,0,0,0,0,0,0,0,0,1
A7LW2MTC4_9208-5063-9720-5575,0,0,1,0,0,0,0,0,0
A7LW2MTC4_9208-4551-9720-5063,0,0,1,0,0,0,0,0,0
A7LW2MTC4_9208-5575-9720-6087,0,0,1,0,0,0,0,0,0
A7LW2MTC4_9208-6087-9720-6599,0,0,1,0,0,0,0,0,0
A7LW2MTC4_9729-11690-10241-12202,0,0,0,0,0,0,0,0,1
A7LW2MTC4_9208-6599-9720-7111,0,0,1,0,0,0,0,0,0
A7LW2MTC4_9902-8213-10414-8725,0,0,0,0,1,0,0,0,0
A8T6D6PWZ_1386-1457-1898-1969,1,0,0,0,0,0,0,0,0
A7LW2MTC4_9738-13242-10250-13754,0,0,0,0,0,0,0,0,1
A8T6D6PWZ_1386-2481-1898-2993,1,0,0,0,0,0,0,0,0
A8T6D6PWZ_1898-1457-2410-1969,1,0,0,0,0,0,0,0,0
A8T6D6PWZ_1386-945-1898-1457,1,0,0,0,0,0,0,0,0
A8T6D6PWZ_1898-2481-2410-2993,1,0,0,0,0,0,0,0,0
A8T6D6PWZ_1898-433-2410-945,1,0,0,0,0,0,0,0,0
A8T6D6PWZ_1898-945-2410-1457,1,0,0,0,0,0,0,0,0
A8T6D6PWZ_2410-433-2922-945,1,0,0,0,0,0,0,0,0
A8T6D6PWZ_2410-1969-2922-2481,1,0,0,0,0,0,0,0,0
A8T6D6PWZ_2410-1457-2922-1969,1,0,0,0,0,0,0,0,0
A8T6D6PWZ_2410-945-2922-1457,1,0,0,0,0,0,0,0,0
A8T6D6PWZ_2410-2481-2922-2993,1,0,0,0,0,0,0,0,0
A8T6D6PWZ_362-2481-874-2993,1,0,0,0,0,0,0,0,0
A8T6D6PWZ_362-1969-874-2481,1,0,0,0,0,0,0,0,0
A8T6D6PWZ_874-1457-1386-1969,1,0,0,0,0,0,0,0,0
A8T6D6PWZ_874-1969-1386-2481,1,0,0,0,0,0,0,0,0
A8T6D6PWZ_874-945-1386-1457,1,0,0,0,0,0,0,0,0
A8T6D6PWZ_874-2481-1386-2993,1,0,0,0,0,0,0,0,0
A9EMIUD9R_1775-1878-2287-2390,0,1,0,0,0,0,0,0,0
A9EMIUD9R_1237-3617-1749-4129,0,1,0,0,0,0,0,0,0
A9EMIUD9R_706-5072-1218-5584,0,1,0,0,0,0,0,0,0
A9EMIUD9R_1678-3804-2190-4316,0,0,0,0,0,0,0,0,1
A9EMIUD9R_1775-1366-2287-1878,0,1,0,0,0,0,0,0,0
A9YB9Y2LA_1036-6174-1548-6686,0,0,1,0,0,0,0,0,0
A9EMIUD9R_941-4123-1453-4635,0,1,0,0,0,0,0,0,0
A9YB9Y2LA_1120-2570-1632-3082,0,0,1,0,0,0,0,0,0
A9YB9Y2LA_1036-6686-1548-7198,0,0,1,0,0,0,0,0,0
A9YB9Y2LA_1120-3082-1632-3594,0,0,1,0,0,0,0,0,0
A9YB9Y2LA_1120-2058-1632-2570,0,0,1,0,0,0,0,0,0
A9YB9Y2LA_1016-5840-1528-6352,0,0,1,0,0,0,0,0,0
A9YB9Y2LA_1180-5642-1692-6154,0,0,1,0,0,0,0,0,0
A9YB9Y2LA_1141-4263-1653-4775,0,0,1,0,0,0,0,0,0
A9YB9Y2LA_1235-7163-1747-7675,0,0,1,0,0,0,0,0,0
A9YB9Y2LA_1405-5764-1917-6276,0,0,1,0,0,0,0,0,0
A9YB9Y2LA_1263-4575-1775-5087,0,0,1,0,0,0,0,0,0
A9YB9Y2LA_1400-4137-1912-4649,0,0,1,0,0,0,0,0,0
A9YB9Y2LA_1516-4693-2028-5205,0,0,1,0,0,0,0,0,0
A9YB9Y2LA_1584-5019-2096-5531,0,0,1,0,0,0,0,0,0
A9YB9Y2LA_1605-3141-2117-3653,0,0,1,0,0,0,0,0,0
A9YB9Y2LA_1528-6864-2040-7376,0,0,1,0,0,0,0,0,0
A9YB9Y2LA_1369-6381-1881-6893,0,0,1,0,0,0,0,0,0
A9YB9Y2LA_1605-3653-2117-4165,0,0,1,0,0,0,0,0,0
A9YB9Y2LA_1632-2058-2144-2570,0,0,1,0,0,0,0,0,0
A9YB9Y2LA_2164-3115-2676-3627,0,0,1,0,0,0,0,0,0
A9YB9Y2LA_1607-4422-2119-4934,0,0,1,0,0,0,0,0,0
A9YB9Y2LA_1632-2570-2144-3082,0,0,1,0,0,0,0,0,0
A9YB9Y2LA_2258-4157-2770-4669,0,0,1,0,0,0,0,0,0
A9YB9Y2LA_2067-5564-2579-6076,0,0,1,0,0,0,0,0,0
A9YB9Y2LA_2126-3837-2638-4349,0,0,1,0,0,0,0,0,0
A9YB9Y2LA_2368-3493-2880-4005,0,0,1,0,0,0,0,0,0
A9YB9Y2LA_632-6155-1144-6667,0,0,1,0,0,0,0,0,0
A9YB9Y2LA_725-6777-1237-7289,0,0,1,0,0,0,0,0,0
A9YB9Y2LA_608-2570-1120-3082,0,0,1,0,0,0,0,0,0
A9YB9Y2LA_723-7163-1235-7675,0,0,1,0,0,0,0,0,0
A9YB9Y2LA_632-5643-1144-6155,0,0,1,0,0,0,0,0,0
A9YB9Y2LA_632-5131-1144-5643,0,0,1,0,0,0,0,0,0
A9YB9Y2LA_629-4263-1141-4775,0,0,1,0,0,0,0,0,0
A9YB9Y2LA_608-3082-1120-3594,0,0,1,0,0,0,0,0,0
A9YB9Y2LA_814-6319-1326-6831,0,0,1,0,0,0,0,0,0
AA326LDM2_2702-3592-3214-4104,0,0,0,0,0,0,1,0,0
AAEVDN6X4_10146-4539-10658-5051,0,0,0,0,0,1,0,0,0
AAEVDN6X4_10345-7934-10857-8446,0,0,0,0,0,1,0,0,0
A9YB9Y2LA_920-5546-1432-6058,0,0,1,0,0,0,0,0,0
AA326LDM2_2734-3992-3246-4504,0,0,0,0,0,0,1,0,0
AAEVDN6X4_10331-15014-10843-15526,0,0,0,0,0,1,0,0,0
AAEVDN6X4_10345-8446-10857-8958,0,0,0,0,0,1,0,0,0
AAEVDN6X4_10670-8366-11182-8878,0,0,0,0,0,1,0,0,0
AAEVDN6X4_10843-15014-11355-15526,0,0,0,0,0,1,0,0,0
AAEVDN6X4_12140-15178-12652-15690,0,0,0,0,0,1,0,0,0
AAEVDN6X4_11182-8366-11694-8878,0,0,0,0,0,1,0,0,0
AAEVDN6X4_10871-13837-11383-14349,0,0,0,0,0,1,0,0,0
AAEVDN6X4_11355-15014-11867-15526,0,0,0,0,0,1,0,0,0
AAEVDN6X4_12206-8366-12718-8878,0,0,0,0,0,1,0,0,0
AAEVDN6X4_11694-8366-12206-8878,0,0,0,0,0,1,0,0,0
AAEVDN6X4_12223-14011-12735-14523,0,0,0,0,0,1,0,0,0
AAEVDN6X4_11696-14968-12208-15480,0,0,0,0,0,1,0,0,0
AAEVDN6X4_12718-8366-13230-8878,0,0,0,0,0,1,0,0,0
AAEVDN6X4_13235-14140-13747-14652,0,0,0,0,0,1,0,0,0
AAEVDN6X4_12723-14140-13235-14652,0,0,0,0,0,1,0,0,0
AAEVDN6X4_12884-11833-13396-12345,0,0,0,0,0,1,0,0,0
AAEVDN6X4_1277-737-1789-1249,0,0,0,0,0,1,0,0,0
AAEVDN6X4_13230-8366-13742-8878,0,0,0,0,0,1,0,0,0
AAEVDN6X4_1374-4535-1886-5047,0,0,0,0,0,0,0,0,1
AAEVDN6X4_13742-8366-14254-8878,0,0,0,0,0,1,0,0,0
AAEVDN6X4_13783-14099-14295-14611,0,0,0,0,0,1,0,0,0
AAEVDN6X4_17247-15163-17759-15675,0,0,0,0,0,1,0,0,0
AAEVDN6X4_16056-15178-16568-15690,0,0,0,0,0,1,0,0,0
AAEVDN6X4_1713-8274-2225-8786,0,0,0,0,0,1,0,0,0
AAEVDN6X4_14295-14099-14807-14611,0,0,0,0,0,1,0,0,0
AAEVDN6X4_16568-15178-17080-15690,0,0,0,0,0,1,0,0,0
AAEVDN6X4_1731-8588-2243-9100,0,0,0,0,0,0,0,0,1
AAEVDN6X4_17381-14419-17893-14931,0,0,0,0,0,1,0,0,0
AAEVDN6X4_17258-14666-17770-15178,0,0,0,0,0,1,0,0,0
AAEVDN6X4_15874-10017-16386-10529,0,0,0,0,0,1,0,0,0
AAEVDN6X4_1789-737-2301-1249,0,0,0,0,0,1,0,0,0
AAEVDN6X4_17518-13815-18030-14327,0,0,0,0,0,1,0,0,0
AAEVDN6X4_17822-11451-18334-11963,0,0,0,0,0,1,0,0,0
AAEVDN6X4_1740-15250-2252-15762,0,0,0,0,0,1,0,0,0
AAEVDN6X4_17645-13500-18157-14012,0,0,0,0,0,1,0,0,0
AAEVDN6X4_17605-8127-18117-8639,0,0,0,0,0,1,0,0,0
AAEVDN6X4_18085-13663-18597-14175,0,0,0,0,0,1,0,0,0
AAEVDN6X4_18117-8127-18629-8639,0,0,0,0,0,1,0,0,0
AAEVDN6X4_18629-8127-19141-8639,0,0,0,0,0,1,0,0,0
AAEVDN6X4_3276-15250-3788-15762,0,0,0,0,0,1,0,0,0
AAEVDN6X4_2764-15250-3276-15762,0,0,0,0,0,1,0,0,0
AAEVDN6X4_2813-737-3325-1249,0,0,0,0,0,1,0,0,0
AAEVDN6X4_2522-11243-3034-11755,0,0,0,0,0,1,0,0,0
AAEVDN6X4_2301-737-2813-1249,0,0,0,0,0,1,0,0,0
AAEVDN6X4_2019-7061-2531-7573,0,0,0,0,0,1,0,0,0
AAEVDN6X4_2252-15250-2764-15762,0,0,0,0,0,1,0,0,0
AAEVDN6X4_2132-11922-2644-12434,0,0,0,0,0,1,0,0,0
AAEVDN6X4_3325-737-3837-1249,0,0,0,0,0,1,0,0,0
AAEVDN6X4_3788-15250-4300-15762,0,0,0,0,0,1,0,0,0
AAEVDN6X4_3855-7171-4367-7683,0,0,0,0,0,1,0,0,0
AAEVDN6X4_4300-15250-4812-15762,0,0,0,0,0,1,0,0,0
AAEVDN6X4_4487-885-4999-1397,0,0,0,0,0,1,0,0,0
AAEVDN6X4_3975-885-4487-1397,0,0,0,0,0,1,0,0,0
AAEVDN6X4_4999-885-5511-1397,0,0,0,0,0,1,0,0,0
AAEVDN6X4_4549-15135-5061-15647,0,0,0,0,0,1,0,0,0
AAEVDN6X4_5007-5052-5519-5564,0,0,0,0,0,1,0,0,0
AAEVDN6X4_5511-885-6023-1397,0,0,0,0,0,1,0,0,0
AAEVDN6X4_5483-9882-5995-10394,0,0,0,0,0,1,0,0,0
AAEVDN6X4_5061-15135-5573-15647,0,0,0,0,0,1,0,0,0
AAEVDN6X4_5381-12654-5893-13166,0,0,0,0,0,1,0,0,0
AAEVDN6X4_6078-857-6590-1369,0,0,0,0,0,1,0,0,0
AAEVDN6X4_5935-9811-6447-10323,0,0,0,0,0,1,0,0,0
AAEVDN6X4_5311-3689-5823-4201,0,0,0,0,0,1,0,0,0
AAEVDN6X4_5637-15112-6149-15624,0,0,0,0,0,1,0,0,0
AAEVDN6X4_5901-9544-6413-10056,0,0,0,0,0,1,0,0,0
AAEVDN6X4_6250-4153-6762-4665,0,0,0,0,0,0,0,0,1
AAEVDN6X4_6792-15042-7304-15554,0,0,0,0,0,1,0,0,0
AAEVDN6X4_6590-857-7102-1369,0,0,0,0,0,1,0,0,0
AAEVDN6X4_7509-625-8021-1137,0,0,0,0,0,1,0,0,0
AAEVDN6X4_6280-15042-6792-15554,0,0,0,0,0,1,0,0,0
AAEVDN6X4_7304-15042-7816-15554,0,0,0,0,0,1,0,0,0
AAEVDN6X4_6997-625-7509-1137,0,0,0,0,0,1,0,0,0
AAEVDN6X4_7731-744-8243-1256,0,0,0,0,0,1,0,0,0
AAEVDN6X4_804-687-1316-1199,0,0,0,0,0,1,0,0,0
AAEVDN6X4_8735-2345-9247-2857,0,0,0,0,0,1,0,0,0
AAEVDN6X4_8107-811-8619-1323,0,0,0,0,0,1,0,0,0
AAEVDN6X4_7816-15042-8328-15554,0,0,0,0,0,1,0,0,0
AAEVDN6X4_9626-15061-10138-15573,0,0,0,0,0,1,0,0,0
AAEVDN6X4_8358-7665-8870-8177,0,0,0,0,0,1,0,0,0
AAEVDN6X4_8328-15042-8840-15554,0,0,0,0,0,1,0,0,0
AAEVDN6X4_9131-811-9643-1323,0,0,0,0,0,1,0,0,0
AAEVDN6X4_9114-15061-9626-15573,0,0,0,0,0,1,0,0,0
AAEVDN6X4_8619-811-9131-1323,0,0,0,0,0,1,0,0,0
AAEVDN6X4_964-15298-1476-15810,0,0,0,0,0,1,0,0,0
AAEVDN6X4_9917-406-10429-918,0,0,0,0,0,1,0,0,0
ABITM49PQ_1073-1910-1585-2422,0,0,0,1,0,0,0,0,0
AAEVDN6X4_9833-7934-10345-8446,0,0,0,0,0,1,0,0,0
AAEVDN6X4_9833-8446-10345-8958,0,0,0,0,0,1,0,0,0
AAEVDN6X4_9979-664-10491-1176,0,0,0,0,0,1,0,0,0
ABITM49PQ_2481-1483-2993-1995,0,0,0,1,0,0,0,0,0
ABITM49PQ_2993-971-3505-1483,0,0,0,1,0,0,0,0,0
ABITM49PQ_2481-971-2993-1483,0,0,0,1,0,0,0,0,0
ABITM49PQ_2905-1838-3417-2350,0,0,0,1,0,0,0,0,0
ABITM49PQ_3505-1483-4017-1995,0,0,0,1,0,0,0,0,0
ABITM49PQ_3679-1318-4191-1830,0,0,0,1,0,0,0,0,0
ABITM49PQ_3505-971-4017-1483,0,0,0,1,0,0,0,0,0
ABITM49PQ_2993-1483-3505-1995,0,0,0,1,0,0,0,0,0
ABITM49PQ_850-2027-1362-2539,0,0,0,1,0,0,0,0,0
ABITM49PQ_4293-4936-4805-5448,0,0,0,1,0,0,0,0,0
ABITM49PQ_872-2361-1384-2873,0,0,0,1,0,0,0,0,0
ABYWTM7QU_1784-503-2296-1015,0,0,0,0,0,0,0,0,1
ABYWTM7QU_4213-2845-4725-3357,0,0,0,0,0,0,0,0,1
ABYWTM7QU_2629-907-3141-1419,0,0,0,0,0,0,0,0,1
ABYWTM7QU_3273-762-3785-1274,0,0,0,0,0,0,0,0,1
ABYWTM7QU_4847-2310-5359-2822,0,0,0,0,0,0,0,0,1
ABYWTM7QU_599-2779-1111-3291,0,0,0,0,0,0,0,0,1
ABYWTM7QU_6665-881-7177-1393,0,0,0,0,0,0,0,0,1
ABYWTM7QU_2117-907-2629-1419,0,0,0,0,0,0,0,0,1
ABYWTM7QU_6745-1134-7257-1646,0,0,0,0,0,0,0,0,1
AC8HND3VK_1164-720-1676-1232,0,1,0,0,0,0,0,0,0
ABYWTM7QU_8677-4543-9189-5055,0,0,0,0,0,0,0,0,1
AC8HND3VK_1676-720-2188-1232,0,1,0,0,0,0,0,0,0
AC8HND3VK_1600-1068-2112-1580,0,1,0,0,0,0,0,0,1
ABYWTM7QU_7200-3041-7712-3553,0,0,0,0,0,0,0,0,1
AC8HND3VK_2188-720-2700-1232,0,1,0,0,0,0,0,0,0
AC8HND3VK_2269-3165-2781-3677,0,1,0,0,0,0,0,0,0
ABYWTM7QU_7490-2940-8002-3452,0,0,0,0,0,0,0,0,1
AC8HND3VK_1111-1068-1623-1580,0,1,0,0,0,0,0,0,1
ABYWTM7QU_8587-7950-9099-8462,0,0,0,0,0,0,0,0,1
AC8HND3VK_2658-3563-3170-4075,0,1,0,0,0,0,0,0,0
AC8HND3VK_2700-720-3212-1232,0,1,0,0,0,0,0,0,0
AC8HND3VK_2700-1232-3212-1744,0,1,0,0,0,0,0,0,1
AC8HND3VK_2898-3216-3410-3728,0,1,0,0,0,0,0,0,0
AC8HND3VK_3212-1744-3724-2256,0,1,0,0,0,0,0,0,0
AC8HND3VK_3170-3563-3682-4075,0,1,0,0,0,0,0,0,0
AC8HND3VK_3212-1232-3724-1744,0,1,0,0,0,0,0,0,1
AC8HND3VK_3724-720-4236-1232,0,1,0,0,0,0,0,0,0
AC8HND3VK_3364-2250-3876-2762,0,1,0,0,0,0,0,0,0
AC8HND3VK_3212-720-3724-1232,0,1,0,0,0,0,0,0,0
AC8HND3VK_3470-3275-3982-3787,0,1,0,0,0,0,0,0,0
AC8HND3VK_3364-2762-3876-3274,0,1,0,0,0,0,0,0,0
AC8HND3VK_3724-1744-4236-2256,0,1,0,0,0,0,0,0,0
AC8HND3VK_3724-2256-4236-2768,0,1,0,0,0,0,0,0,0
AC8HND3VK_3876-2762-4388-3274,0,1,0,0,0,0,0,0,0
AC8HND3VK_4388-2762-4900-3274,0,1,0,0,0,0,0,0,0
AC8HND3VK_3724-1232-4236-1744,0,1,0,0,0,0,0,0,0
AC8HND3VK_4218-878-4730-1390,0,0,0,0,0,0,0,0,1
ACEN3PB9M_1185-5781-1697-6293,1,0,0,0,0,0,0,0,0
AC8HND3VK_674-688-1186-1200,0,1,0,0,0,0,0,0,0
AC8HND3VK_4450-3743-4962-4255,0,1,0,0,0,0,0,0,0
ACEN3PB9M_1185-6805-1697-7317,1,0,0,0,0,0,0,0,0
ACEN3PB9M_1185-6293-1697-6805,1,0,0,0,0,0,0,0,0
ACEN3PB9M_1185-5269-1697-5781,1,0,0,0,0,0,0,0,0
ACEN3PB9M_474-308-986-820,1,0,0,0,0,0,0,0,0
ACEN3PB9M_638-4137-1150-4649,1,0,0,0,0,0,0,0,0
ACEN3PB9M_673-5269-1185-5781,1,0,0,0,0,0,0,0,0
ACEN3PB9M_673-5781-1185-6293,1,0,0,0,0,0,0,0,0
ACEN3PB9M_673-6805-1185-7317,1,0,0,0,0,0,0,0,0
ACEN3PB9M_474-820-986-1332,1,0,0,0,0,0,0,0,0
ACEN3PB9M_673-6293-1185-6805,1,0,0,0,0,0,0,0,0
ACEN3PB9M_638-4649-1150-5161,1,0,0,0,0,0,0,0,0
AD3XUE92P_2534-14088-3046-14600,0,0,0,1,0,0,0,0,0
AD3XUE92P_4246-14079-4758-14591,0,0,0,1,0,0,0,0,0
AD3XUE92P_3046-14088-3558-14600,0,0,0,1,0,0,0,0,0
ADEYD373T_9582-2884-10094-3396,0,0,0,0,0,1,0,0,0
ADEYD373T_9788-2580-10300-3092,0,0,0,0,0,1,0,0,0
ADHEGFT1W_1215-2124-1727-2636,0,1,0,0,0,0,0,0,0
ADHEGFT1W_1500-2552-2012-3064,0,1,0,0,0,0,0,0,0
ADHEGFT1W_1665-3374-2177-3886,0,1,0,0,0,0,0,0,0
ADEYD373T_9851-362-10363-874,0,0,0,0,0,1,0,0,0
ADHEGFT1W_1500-3064-2012-3576,0,1,0,0,0,0,0,0,0
ADHEGFT1W_1813-6540-2325-7052,0,1,0,0,0,0,0,0,0
ADHEGFT1W_1813-6028-2325-6540,0,1,0,0,0,0,0,0,0
ADHEGFT1W_1732-7617-2244-8129,0,1,0,0,0,0,0,0,0
ADHEGFT1W_1732-8129-2244-8641,0,1,0,0,0,0,0,0,0
ADHEGFT1W_1665-3886-2177-4398,0,1,0,0,0,0,0,0,0
ADHEGFT1W_2242-1353-2754-1865,0,1,0,0,0,0,0,0,0
ADHEGFT1W_1935-2138-2447-2650,0,1,0,0,0,0,0,0,0
ADHEGFT1W_2241-5754-2753-6266,0,1,0,0,0,0,0,0,0
ADHEGFT1W_2241-5242-2753-5754,0,1,0,0,0,0,0,0,0
ADHEGFT1W_2213-2047-2725-2559,0,1,0,0,0,0,0,0,0
ADHEGFT1W_2327-3074-2839-3586,0,1,0,0,0,0,0,0,0
ADHEGFT1W_2418-6035-2930-6547,0,1,0,0,0,0,0,0,0
ADHEGFT1W_2564-8111-3076-8623,0,1,0,0,0,0,0,0,0
ADHEGFT1W_2484-1000-2996-1512,0,1,0,0,0,0,0,0,0
ADHEGFT1W_2633-2311-3145-2823,0,1,0,0,0,0,0,0,0
ADHEGFT1W_2484-1512-2996-2024,0,1,0,0,0,0,0,0,0
ADHEGFT1W_2418-6547-2930-7059,0,1,0,0,0,0,0,0,0
ADHEGFT1W_2633-2823-3145-3335,0,1,0,0,0,0,0,0,0
ADHEGFT1W_2853-944-3365-1456,0,1,0,0,0,0,0,0,0
ADHEGFT1W_2853-1456-3365-1968,0,1,0,0,0,0,0,0,0
ADHEGFT1W_2812-7757-3324-8269,0,1,0,0,0,0,0,0,0
ADHEGFT1W_2930-6547-3442-7059,0,1,0,0,0,0,0,0,0
ADHEGFT1W_2930-6035-3442-6547,0,1,0,0,0,0,0,0,0
ADHEGFT1W_2753-5754-3265-6266,0,1,0,0,0,0,0,0,0
ADHEGFT1W_2753-5242-3265-5754,0,1,0,0,0,0,0,0,0
ADHEGFT1W_2812-8269-3324-8781,0,1,0,0,0,0,0,0,0
ADHEGFT1W_3024-5139-3536-5651,0,1,0,0,0,0,0,0,0
ADHEGFT1W_3069-4657-3581-5169,0,1,0,0,0,0,0,0,0
ADHEGFT1W_3150-1294-3662-1806,0,1,0,0,0,0,0,0,0
ADHEGFT1W_3268-3281-3780-3793,0,1,0,0,0,0,0,0,0
ADHEGFT1W_3511-1478-4023-1990,0,1,0,0,0,0,0,0,0
ADHEGFT1W_3318-1794-3830-2306,0,1,0,0,0,0,0,0,0
ADHEGFT1W_3503-8282-4015-8794,0,1,0,0,0,0,0,0,0
ADHEGFT1W_3665-1858-4177-2370,0,1,0,0,0,0,0,0,0
ADHEGFT1W_3324-7757-3836-8269,0,1,0,0,0,0,0,0,0
ADHEGFT1W_3533-6700-4045-7212,0,1,0,0,0,0,0,0,0
ADHEGFT1W_3787-7990-4299-8502,0,1,0,0,0,0,0,0,0
ADHEGFT1W_3665-2882-4177-3394,0,1,0,0,0,0,0,0,0
ADHEGFT1W_3665-2370-4177-2882,0,1,0,0,0,0,0,0,0
ADHEGFT1W_3787-7478-4299-7990,0,1,0,0,0,0,0,0,0
ADHEGFT1W_4015-8282-4527-8794,0,1,0,0,0,0,0,0,0
ADHEGFT1W_3720-6050-4232-6562,0,1,0,0,0,0,0,0,0
ADHEGFT1W_4045-6700-4557-7212,0,1,0,0,0,0,0,0,0
ADHEGFT1W_4083-779-4595-1291,0,1,0,0,0,0,0,0,0
ADHEGFT1W_4083-1291-4595-1803,0,1,0,0,0,0,0,0,0
ADHEGFT1W_4118-3761-4630-4273,0,1,0,0,0,0,0,0,0
ADHEGFT1W_4232-5538-4744-6050,0,1,0,0,0,0,0,0,0
ADHEGFT1W_4232-6050-4744-6562,0,1,0,0,0,0,0,0,0
ADHEGFT1W_4422-1328-4934-1840,0,1,0,0,0,0,0,0,0
ADHEGFT1W_4240-1566-4752-2078,0,1,0,0,0,0,0,0,0
ADHEGFT1W_4399-4679-4911-5191,0,1,0,0,0,0,0,0,0
ADHEGFT1W_4422-816-4934-1328,0,1,0,0,0,0,0,0,0
ADHEGFT1W_4240-2078-4752-2590,0,1,0,0,0,0,0,0,0
ADHEGFT1W_4493-4232-5005-4744,0,1,0,0,0,0,0,0,0
ADQVN4PLQ_2327-2144-2839-2656,0,0,0,0,1,0,0,0,0
ADHEGFT1W_701-2657-1213-3169,0,1,0,0,0,0,0,0,0
ADHEGFT1W_944-2278-1456-2790,0,1,0,0,0,0,0,0,0
ADQVN4PLQ_2334-1824-2846-2336,0,0,0,0,1,0,0,0,0
ADHEGFT1W_673-4627-1185-5139,0,1,0,0,0,0,0,0,0
ADHEGFT1W_673-5139-1185-5651,0,1,0,0,0,0,0,0,0
ADHEGFT1W_690-2182-1202-2694,0,1,0,0,0,0,0,0,0
ADV67RYRA_10044-7798-10556-8310,0,0,0,0,0,1,0,0,0
ADV67RYRA_10900-7764-11412-8276,0,0,0,0,0,1,0,0,0
ADV67RYRA_11924-7764-12436-8276,0,0,0,0,0,1,0,0,0
ADV67RYRA_11412-7764-11924-8276,0,0,0,0,0,1,0,0,0
ADV67RYRA_11952-1009-12464-1521,0,0,0,0,0,1,0,0,0
ADV67RYRA_12552-1006-13064-1518,0,0,0,0,0,1,0,0,0
ADV67RYRA_12948-7764-13460-8276,0,0,0,0,0,1,0,0,0
ADV67RYRA_12436-7764-12948-8276,0,0,0,0,0,1,0,0,0
ADV67RYRA_13024-1000-13536-1512,0,0,0,0,0,1,0,0,0
ADV67RYRA_13334-2558-13846-3070,0,0,0,0,0,1,0,0,0
ADV67RYRA_13460-7764-13972-8276,0,0,0,0,0,1,0,0,0
ADV67RYRA_13334-3070-13846-3582,0,0,0,0,0,1,0,0,0
ADV67RYRA_13853-2813-14365-3325,0,0,0,0,0,1,0,0,0
ADV67RYRA_13647-2616-14159-3128,0,0,0,0,0,1,0,0,0
ADV67RYRA_14494-7551-15006-8063,0,0,0,0,0,1,0,0,0
ADV67RYRA_15006-5503-15518-6015,0,0,0,0,1,1,0,0,0
ADV67RYRA_13982-7551-14494-8063,0,0,0,0,0,1,0,0,0
ADV67RYRA_15006-6015-15518-6527,0,0,0,0,1,1,0,0,0
ADV67RYRA_15006-6527-15518-7039,0,0,0,0,1,1,0,0,0
ADV67RYRA_15006-7039-15518-7551,0,0,0,0,1,1,0,0,0
ADV67RYRA_15006-7551-15518-8063,0,0,0,0,0,1,0,0,0
ADV67RYRA_15152-4980-15664-5492,0,0,0,0,1,1,0,0,0
ADV67RYRA_15164-2342-15676-2854,0,0,0,0,0,1,0,0,0
ADV67RYRA_15165-4325-15677-4837,0,0,0,0,1,1,0,0,0
ADV67RYRA_15170-1725-15682-2237,0,0,0,0,0,1,0,0,0
ADV67RYRA_15179-1368-15691-1880,0,0,0,0,1,1,0,0,0
ADV67RYRA_15450-4794-15962-5306,0,0,0,0,1,0,0,0,0
ADV67RYRA_15179-856-15691-1368,0,0,0,0,1,1,0,0,0
ADV67RYRA_15518-5503-16030-6015,0,0,0,0,1,0,0,0,0
ADV67RYRA_15518-6015-16030-6527,0,0,0,0,1,0,0,0,0
ADV67RYRA_15518-6527-16030-7039,0,0,0,0,1,0,0,0,0
ADV67RYRA_15518-7039-16030-7551,0,0,0,0,1,0,0,0,0
ADV67RYRA_15691-1368-16203-1880,0,0,0,0,1,0,0,0,0
ADV67RYRA_15691-856-16203-1368,0,0,0,0,1,1,0,0,0
ADV67RYRA_2545-7858-3057-8370,0,0,0,0,0,1,0,0,0
ADV67RYRA_3057-7858-3569-8370,0,0,0,0,0,1,0,0,0
ADV67RYRA_4170-7828-4682-8340,0,0,0,0,0,1,0,0,0
ADV67RYRA_3658-7828-4170-8340,0,0,0,0,0,1,0,0,0
ADV67RYRA_4830-4576-5342-5088,0,0,0,0,0,1,0,0,0
ADV67RYRA_4810-1392-5322-1904,0,0,0,0,0,1,0,0,0
ADV67RYRA_5750-1581-6262-2093,0,0,0,0,0,1,0,0,0
ADV67RYRA_5503-1137-6015-1649,0,0,0,0,0,1,0,0,0
ADV67RYRA_5712-4112-6224-4624,0,0,0,0,0,1,0,0,0
ADV67RYRA_5414-1590-5926-2102,0,0,0,0,0,1,0,0,0
ADV67RYRA_6972-7798-7484-8310,0,0,0,0,0,1,0,0,0
ADV67RYRA_6746-4443-7258-4955,0,0,0,0,0,1,0,0,0
ADV67RYRA_7484-7798-7996-8310,0,0,0,0,0,1,0,0,0
ADV67RYRA_8408-1803-8920-2315,0,0,0,0,0,1,0,0,0
ADV67RYRA_8079-1360-8591-1872,0,0,0,0,0,0,0,0,1
ADV67RYRA_7996-7798-8508-8310,0,0,0,0,0,1,0,0,0
ADV67RYRA_9268-3177-9780-3689,0,0,0,0,0,1,0,0,0
ADV67RYRA_8508-7798-9020-8310,0,0,0,0,0,1,0,0,0
ADV67RYRA_9020-7798-9532-8310,0,0,0,0,0,1,0,0,0
ADV67RYRA_9532-7798-10044-8310,0,0,0,0,0,1,0,0,0
AE6P74XLF_1914-5178-2426-5690,0,1,0,0,0,0,0,0,0
AE6P74XLF_1376-5374-1888-5886,0,0,0,0,0,0,0,0,1
AE6P74XLF_2068-3240-2580-3752,0,0,0,0,0,0,0,0,1
AE6P74XLF_2122-2217-2634-2729,0,0,0,0,0,0,0,0,1
AE6P74XLF_2260-3100-2772-3612,0,0,0,0,0,0,0,0,1
AE6P74XLF_2269-2400-2781-2912,0,0,0,0,0,0,0,0,1
AE6P74XLF_2214-3680-2726-4192,0,0,0,0,0,0,0,0,1
AE6P74XLF_2268-2767-2780-3279,0,0,0,0,0,0,0,0,1
AE6P74XLF_3063-3371-3575-3883,0,1,0,0,0,0,0,0,0
AE6P74XLF_3554-686-4066-1198,0,0,0,0,0,0,0,0,1
AE6P74XLF_3063-3883-3575-4395,0,1,0,0,0,0,0,0,0
AE6P74XLF_4056-2961-4568-3473,0,1,0,0,0,0,0,0,0
AE6P74XLF_3963-1354-4475-1866,0,1,0,0,0,0,0,0,0
AE6P74XLF_3676-1334-4188-1846,0,1,0,0,0,0,0,0,0
AE6P74XLF_3880-569-4392-1081,0,0,0,0,0,0,0,0,1
AE6P74XLF_4578-686-5090-1198,0,0,0,0,0,0,0,0,1
AE6P74XLF_3907-5404-4419-5916,0,1,0,0,0,0,0,0,0
AE6P74XLF_4882-7155-5394-7667,0,1,0,0,0,0,0,0,0
AE6P74XLF_4896-1175-5408-1687,0,1,0,0,0,0,0,0,0
AE6P74XLF_4882-7667-5394-8179,0,1,0,0,0,0,0,0,0
AE6P74XLF_5746-3126-6258-3638,0,1,0,0,0,0,0,0,1
AE6P74XLF_6782-6457-7294-6969,0,1,0,0,0,0,0,0,0
AE6P74XLF_7294-6457-7806-6969,0,1,0,0,0,0,0,0,0
AE6P74XLF_7294-5945-7806-6457,0,1,0,0,0,0,0,0,0
AE6P74XLF_5507-3050-6019-3562,0,1,0,0,0,0,0,0,1
AE6P74XLF_7316-696-7828-1208,0,0,0,0,0,0,0,0,1
AE6P74XLF_7974-5968-8486-6480,0,1,0,0,0,0,0,0,0
AE6P74XLF_7673-2916-8185-3428,0,1,0,0,0,0,0,0,0
AE6P74XLF_7975-6320-8487-6832,0,1,0,0,0,0,0,0,0
AFUHNMZTA_1721-2889-2233-3401,0,0,0,0,0,1,0,0,0
AEB2CLU9G_4454-1658-4966-2170,0,0,0,0,0,0,0,0,1
AE6P74XLF_8060-1206-8572-1718,0,1,0,0,0,0,0,0,0
AE6P74XLF_823-411-1335-923,0,0,0,0,0,0,0,0,1
AFUHNMZTA_1387-3327-1899-3839,0,0,0,0,0,1,0,0,0
AFUHNMZTA_1387-2815-1899-3327,0,0,0,0,0,1,0,0,0
AFUHNMZTA_247-2809-759-3321,0,0,0,0,0,1,0,0,0
AFUHNMZTA_1721-3401-2233-3913,0,0,0,0,0,1,0,0,0
AFUHNMZTA_247-3321-759-3833,0,0,0,0,0,1,0,0,0
AFUHNMZTA_4749-540-5261-1052,0,0,0,0,0,1,0,0,0
AFUHNMZTA_3725-540-4237-1052,0,0,0,0,0,1,0,0,0
AFUHNMZTA_2701-540-3213-1052,0,0,0,0,0,1,0,0,0
AFUHNMZTA_3213-540-3725-1052,0,0,0,0,0,1,0,0,0
AFUHNMZTA_4784-4800-5296-5312,0,0,0,0,0,1,0,0,0
AFUHNMZTA_4237-540-4749-1052,0,0,0,0,0,1,0,0,0
AFUHNMZTA_5261-540-5773-1052,0,0,0,0,0,1,0,0,0
AFUHNMZTA_5808-4288-6320-4800,0,0,0,0,0,1,0,0,0
AFUHNMZTA_5296-4800-5808-5312,0,0,0,0,0,1,0,0,0
AFUHNMZTA_6285-1052-6797-1564,0,0,0,0,0,1,0,0,0
AG1HM1EKE_1199-1498-1711-2010,0,0,1,0,0,0,0,0,0
AFUHNMZTA_5773-540-6285-1052,0,0,0,0,0,1,0,0,0
AFUHNMZTA_6320-4288-6832-4800,0,0,0,0,0,1,0,0,0
AG1HM1EKE_1196-1808-1708-2320,0,0,1,0,0,0,0,0,0
AFUHNMZTA_6285-540-6797-1052,0,0,0,0,0,1,0,0,0
AG1HM1EKE_1711-1498-2223-2010,0,0,1,0,0,0,0,0,0
AG1HM1EKE_1213-771-1725-1283,0,0,1,0,0,0,0,0,0
AG1HM1EKE_1708-1808-2220-2320,0,0,1,0,0,0,0,0,0
AH47QBVAH_1094-1001-1606-1513,1,0,0,0,0,0,0,0,0
AH47QBVAH_1094-489-1606-1001,1,0,0,0,0,0,0,0,0
AG7B8ZWZA_1379-1951-1891-2463,0,0,0,0,0,1,0,0,0
AG7B8ZWZA_3091-3912-3603-4424,0,0,0,0,0,1,0,0,0
AG1HM1EKE_1725-771-2237-1283,0,0,1,0,0,0,0,0,0
AG7B8ZWZA_3322-3754-3834-4266,0,0,0,0,0,1,0,0,0
AH47QBVAH_4917-1088-5429-1600,1,0,0,0,0,0,0,0,0
AH47QBVAH_374-1104-886-1616,1,0,0,0,0,0,0,0,0
AH47QBVAH_4405-1088-4917-1600,1,0,0,0,0,0,0,0,0
AH47QBVAH_2860-991-3372-1503,1,0,0,0,0,0,0,0,0
AH47QBVAH_582-489-1094-1001,1,0,0,0,0,0,0,0,0
AH47QBVAH_2860-479-3372-991,1,0,0,0,0,0,0,0,0
AH47QBVAH_4405-1600-4917-2112,1,0,0,0,0,0,0,0,0
AH47QBVAH_4917-1600-5429-2112,1,0,0,0,0,0,0,0,0
AHGL9AMML_1346-2625-1858-3137,0,0,0,0,0,0,1,0,0
AHGL9AMML_1858-3137-2370-3649,0,0,0,0,0,0,1,0,0
AHGL9AMML_2370-3137-2882-3649,0,0,0,0,0,0,1,0,0
AHGL9AMML_1346-3137-1858-3649,0,0,0,0,0,0,1,0,0
AHGL9AMML_3394-2625-3906-3137,0,0,0,0,0,0,1,0,0
AHGL9AMML_2882-3137-3394-3649,0,0,0,0,0,0,1,0,0
AHGL9AMML_3906-2113-4418-2625,0,0,0,0,0,0,1,0,0
AHGL9AMML_3394-3137-3906-3649,0,0,0,0,0,0,1,0,0
AHGL9AMML_4418-2113-4930-2625,0,0,0,0,0,0,1,0,0
AHGL9AMML_3906-2625-4418-3137,0,0,0,0,0,0,1,0,0
AHGL9AMML_5954-2625-6466-3137,0,0,0,0,0,0,1,0,0
AHGL9AMML_5954-2113-6466-2625,0,0,0,0,0,0,1,0,0
AHGL9AMML_4930-2113-5442-2625,0,0,0,0,0,0,1,0,0
AHGL9AMML_5442-1601-5954-2113,0,0,0,0,0,0,1,0,0
AHGL9AMML_5442-2113-5954-2625,0,0,0,0,0,0,1,0,0
AHGL9AMML_6978-1601-7490-2113,0,0,0,0,0,0,1,0,0
AHGL9AMML_4930-1601-5442-2113,0,0,0,0,0,0,1,0,0
AHGL9AMML_6466-2113-6978-2625,0,0,0,0,0,0,1,0,0
AHGL9AMML_6978-2113-7490-2625,0,0,0,0,0,0,1,0,0
AHGL9AMML_8002-1089-8514-1601,0,0,0,0,0,0,1,0,0
AHGL9AMML_8002-1601-8514-2113,0,0,0,0,0,0,1,0,0
AHGL9AMML_7490-1601-8002-2113,0,0,0,0,0,0,1,0,0
AJTXA3U41_1648-4639-2160-5151,0,0,0,0,1,0,0,0,0
AHGL9AMML_8514-1089-9026-1601,0,0,0,0,0,0,1,0,0
AJTXA3U41_1888-730-2400-1242,0,0,0,0,1,0,0,0,0
AJTXA3U41_1217-720-1729-1232,0,0,0,0,1,0,0,0,0
AJTXA3U41_2961-4654-3473-5166,0,0,0,0,1,0,0,0,0
AJTXA3U41_3916-751-4428-1263,0,0,0,0,1,0,0,0,0
AJTXA3U41_4280-4681-4792-5193,0,0,0,0,1,0,0,0,0
AJTXA3U41_3614-4677-4126-5189,0,0,0,0,1,0,0,0,0
AJTXA3U41_3236-753-3748-1265,0,0,0,0,1,0,0,0,0
AJTXA3U41_5282-754-5794-1266,0,0,0,0,1,0,0,0,0
AJTXA3U41_4944-4676-5456-5188,0,0,0,0,1,0,0,0,0
AJTXA3U41_2295-4644-2807-5156,0,0,0,0,1,0,0,0,0
AJTXA3U41_2555-741-3067-1253,0,0,0,0,1,0,0,0,0
AJTXA3U41_5895-765-6407-1277,0,0,0,0,1,0,0,0,0
AJTXA3U41_4596-752-5108-1264,0,0,0,0,1,0,0,0,0
AKEDWDAA4_2010-16750-2522-17262,1,0,0,0,0,0,0,0,0
AJTXA3U41_5929-4594-6441-5106,0,0,0,0,1,0,0,0,0
AJWMWZTME_1091-2657-1603-3169,0,0,0,0,0,0,1,0,0
AKEDWDAA4_2586-17084-3098-17596,1,0,0,0,0,0,0,0,0
AKEDWDAA4_2074-17084-2586-17596,1,0,0,0,0,0,0,0,0
AKEDWDAA4_2522-16750-3034-17262,1,0,0,0,0,0,0,0,0
AKEDWDAA4_3683-17644-4195-18156,1,0,0,0,0,0,0,0,0
AKEDWDAA4_990-17436-1502-17948,1,0,0,0,0,0,0,0,0
AKEDWDAA4_990-16924-1502-17436,1,0,0,0,0,0,0,0,0
AKV6YKFKI_1116-1886-1628-2398,0,0,1,0,0,0,0,0,0
AKEDWDAA4_4195-18156-4707-18668,1,0,0,0,0,0,0,0,0
AKEDWDAA4_4195-17644-4707-18156,1,0,0,0,0,0,0,0,0
AKEDWDAA4_3683-18156-4195-18668,1,0,0,0,0,0,0,0,0
AKEDWDAA4_4197-18891-4709-19403,1,0,0,0,0,0,0,0,0
AKV6YKFKI_1116-862-1628-1374,0,0,1,0,0,0,0,0,0
AKV6YKFKI_1116-1374-1628-1886,0,0,1,0,0,0,0,0,0
AKV6YKFKI_1140-4957-1652-5469,0,0,1,0,0,0,0,0,0
AKV6YKFKI_1140-2909-1652-3421,0,0,1,0,0,0,0,0,0
AKV6YKFKI_1366-2046-1878-2558,0,0,1,0,0,0,0,0,0
AKV6YKFKI_1366-5118-1878-5630,0,0,1,0,0,0,0,0,0
AKV6YKFKI_1366-1022-1878-1534,0,0,1,0,0,0,0,0,0
AKV6YKFKI_1366-510-1878-1022,0,0,1,0,0,0,0,0,0
AKV6YKFKI_1652-2909-2164-3421,0,0,1,0,0,0,0,0,0
AKV6YKFKI_1366-2558-1878-3070,0,0,1,0,0,0,0,0,0
AKV6YKFKI_2164-4957-2676-5469,0,0,1,0,0,0,0,0,0
AKV6YKFKI_1878-4606-2390-5118,0,0,1,0,0,0,0,0,0
AKV6YKFKI_2164-3933-2676-4445,0,0,1,0,0,0,0,0,0
AKV6YKFKI_1878-2558-2390-3070,0,0,1,0,0,0,0,0,0
AKV6YKFKI_1878-3070-2390-3582,0,0,1,0,0,0,0,0,0
AKV6YKFKI_2164-4445-2676-4957,0,0,1,0,0,0,0,0,0
AKV6YKFKI_1878-5118-2390-5630,0,0,1,0,0,0,0,0,0
AKV6YKFKI_2353-404-2865-916,0,0,1,1,0,0,0,0,0
AKV6YKFKI_2164-2909-2676-3421,0,0,1,0,0,0,0,0,0
AKV6YKFKI_1878-510-2390-1022,0,0,1,0,0,0,0,0,0
AKV6YKFKI_1878-4094-2390-4606,0,0,1,0,0,0,0,0,0
AKV6YKFKI_2390-2558-2902-3070,0,0,1,0,0,0,0,0,0
AKV6YKFKI_2390-3582-2902-4094,0,0,1,0,0,0,0,0,0
AKV6YKFKI_2390-3070-2902-3582,0,0,1,0,0,0,0,0,0
AKV6YKFKI_2390-4094-2902-4606,0,0,1,0,0,0,0,0,0
AKV6YKFKI_2390-4606-2902-5118,0,0,1,0,0,0,0,0,0
AKV6YKFKI_2390-5118-2902-5630,0,0,1,0,0,0,0,0,0
AKV6YKFKI_2578-509-3090-1021,0,0,1,1,0,0,0,0,0
AKV6YKFKI_2676-3421-3188-3933,0,0,1,0,0,0,0,0,0
AKV6YKFKI_2902-3582-3414-4094,0,0,1,0,0,0,0,0,0
AKV6YKFKI_2676-3933-3188-4445,0,0,1,0,0,0,0,0,0
AKV6YKFKI_2902-3070-3414-3582,0,0,1,0,0,0,0,0,0
AKV6YKFKI_2902-2558-3414-3070,0,0,1,0,0,0,0,0,0
AKV6YKFKI_2676-4445-3188-4957,0,0,1,0,0,0,0,0,0
AKV6YKFKI_2902-4094-3414-4606,0,0,1,0,0,0,0,0,0
AKV6YKFKI_2676-2909-3188-3421,0,0,1,0,0,0,0,0,0
AKV6YKFKI_2902-510-3414-1022,0,0,1,1,0,0,0,0,0
AKV6YKFKI_2902-4606-3414-5118,0,0,1,0,0,0,0,0,0
AKV6YKFKI_2902-5118-3414-5630,0,0,1,0,0,0,0,0,0
AKV6YKFKI_3414-2558-3926-3070,0,0,1,0,0,0,0,0,0
AKV6YKFKI_3414-3070-3926-3582,0,0,1,0,0,0,0,0,0
AKV6YKFKI_3414-3582-3926-4094,0,0,1,0,0,0,0,0,0
AKV6YKFKI_3414-510-3926-1022,0,0,1,0,0,0,0,0,0
AKV6YKFKI_3414-4606-3926-5118,0,0,1,0,0,0,0,0,0
AKV6YKFKI_3926-1534-4438-2046,0,0,1,0,0,0,0,0,0
AKV6YKFKI_3414-5118-3926-5630,0,0,1,0,0,0,0,0,0
AKV6YKFKI_3926-510-4438-1022,0,0,1,0,0,0,0,0,0
AKV6YKFKI_4438-2046-4950-2558,0,0,1,0,0,0,0,0,0
AKV6YKFKI_4438-5118-4950-5630,0,0,1,0,0,0,0,0,0
AKV6YKFKI_3926-2558-4438-3070,0,0,1,0,0,0,0,0,0
AKV6YKFKI_3926-5118-4438-5630,0,0,1,0,0,0,0,0,0
AKV6YKFKI_3926-4094-4438-4606,0,0,1,0,0,0,0,0,0
AKV6YKFKI_3926-2046-4438-2558,0,0,1,0,0,0,0,0,0
AKV6YKFKI_4438-510-4950-1022,0,0,1,0,0,0,0,0,0
AKV6YKFKI_4438-1534-4950-2046,0,0,1,0,0,0,0,0,0
AKV6YKFKI_4438-4606-4950-5118,0,0,1,0,0,0,0,0,0
AKV6YKFKI_4950-4606-5462-5118,0,0,1,0,0,0,0,0,0
AKV6YKFKI_4950-510-5462-1022,0,0,1,0,0,0,0,0,0
AKV6YKFKI_4950-5118-5462-5630,0,0,1,0,0,0,0,0,0
AKV6YKFKI_5462-4606-5974-5118,0,0,1,0,0,0,0,0,0
AKV6YKFKI_5462-5118-5974-5630,0,0,1,0,0,0,0,0,0
AKV6YKFKI_5974-510-6486-1022,0,0,1,0,0,0,0,0,0
AKV6YKFKI_5974-4606-6486-5118,0,0,1,0,0,0,0,0,0
AKV6YKFKI_5462-510-5974-1022,0,0,1,0,0,0,0,0,0
AKV6YKFKI_5974-5118-6486-5630,0,0,1,0,0,0,0,0,0
AKV6YKFKI_628-3421-1140-3933,0,0,1,0,0,0,0,0,0
AKV6YKFKI_604-862-1116-1374,0,0,1,0,0,0,0,0,0
AKV6YKFKI_6486-510-6998-1022,0,0,1,0,0,0,0,0,0
AKV6YKFKI_604-1374-1116-1886,0,0,1,0,0,0,0,0,0
AKV6YKFKI_628-4957-1140-5469,0,0,1,0,0,0,0,0,0
AKV6YKFKI_628-2909-1140-3421,0,0,1,0,0,0,0,0,0
AKV6YKFKI_604-1886-1116-2398,0,0,1,0,0,0,0,0,0
AKV6YKFKI_6998-1022-7510-1534,0,0,1,0,0,0,0,0,0
AKV6YKFKI_6486-5118-6998-5630,0,0,1,0,0,0,0,0,0
AKV6YKFKI_6998-1534-7510-2046,0,0,1,0,0,0,0,0,0
AKV6YKFKI_6998-5118-7510-5630,0,0,1,0,0,0,0,0,0
AKV6YKFKI_7510-1534-8022-2046,0,0,1,0,0,0,0,0,0
AKV6YKFKI_7510-510-8022-1022,0,0,1,0,0,0,0,0,0
AKV6YKFKI_7515-884-8027-1396,0,0,1,0,0,0,0,0,0
AKV6YKFKI_8022-2046-8534-2558,0,0,1,0,0,0,0,0,0
AKV6YKFKI_7510-2046-8022-2558,0,0,1,0,0,0,0,0,0
AKV6YKFKI_7510-5118-8022-5630,0,0,1,0,0,0,0,0,0
AKV6YKFKI_8022-2558-8534-3070,0,0,1,0,0,0,0,0,0
AKV6YKFKI_8027-1396-8539-1908,0,0,1,0,0,0,0,0,0
AKV6YKFKI_8022-510-8534-1022,0,0,1,0,0,0,0,0,0
AKV6YKFKI_8534-3582-9046-4094,0,0,1,0,0,0,0,0,0
AKV6YKFKI_8022-5118-8534-5630,0,0,1,0,0,0,0,0,0
AKV6YKFKI_8534-3070-9046-3582,0,0,1,0,0,0,0,0,0
AKV6YKFKI_8534-1022-9046-1534,0,0,1,0,0,0,0,0,0
AKV6YKFKI_8534-2558-9046-3070,0,0,1,0,0,0,0,0,0
AKV6YKFKI_8534-2046-9046-2558,0,0,1,0,0,0,0,0,0
AKV6YKFKI_8027-884-8539-1396,0,0,1,0,0,0,0,0,0
AKV6YKFKI_8534-4094-9046-4606,0,0,1,0,0,0,0,0,0
AKV6YKFKI_8534-4606-9046-5118,0,0,1,0,0,0,0,0,0
AKV6YKFKI_8534-510-9046-1022,0,0,1,0,0,0,0,0,0
AKV6YKFKI_8539-1396-9051-1908,0,0,1,0,0,0,0,0,0
AKV6YKFKI_8534-5118-9046-5630,0,0,1,0,0,0,0,0,0
AKV6YKFKI_854-1534-1366-2046,0,0,1,0,0,0,0,0,0
AKV6YKFKI_854-1022-1366-1534,0,0,1,0,0,0,0,0,0
AKV6YKFKI_854-2046-1366-2558,0,0,1,0,0,0,0,0,0
AKV6YKFKI_854-5118-1366-5630,0,0,1,0,0,0,0,0,0
AKV6YKFKI_854-510-1366-1022,0,0,1,0,0,0,0,0,0
AKV6YKFKI_854-3070-1366-3582,0,0,1,0,0,0,0,0,0
AL19NWKKB_1617-984-2129-1496,0,0,0,0,0,1,0,0,0
AKV6YKFKI_854-2558-1366-3070,0,0,1,0,0,0,0,0,0
ALKH4MQ63_2000-2503-2512-3015,0,0,1,0,0,0,0,0,0
AL19NWKKB_2229-821-2741-1333,0,0,0,0,0,1,0,0,0
AL19NWKKB_1713-1209-2225-1721,0,0,0,0,0,1,0,0,0
ALKH4MQ63_1047-1676-1559-2188,0,0,1,0,0,0,0,0,0
AL19NWKKB_167-291-679-803,0,0,0,0,0,1,0,0,0
ALKH4MQ63_2015-1860-2527-2372,0,0,1,0,0,0,0,0,0
ALKH4MQ63_2213-2683-2725-3195,0,0,1,0,0,0,0,0,0
ALKH4MQ63_2559-3392-3071-3904,0,0,1,0,0,0,0,0,0
ALKH4MQ63_853-1316-1365-1828,0,0,1,0,0,0,0,0,0
ALKH4MQ63_2511-3767-3023-4279,0,0,1,0,0,0,0,0,0
ALKH4MQ63_2299-2947-2811-3459,0,0,1,0,0,0,0,0,0
ALKH4MQ63_2281-2378-2793-2890,0,0,1,0,0,0,0,0,0
ALVEHYIQA_3020-877-3532-1389,0,0,1,0,0,0,0,0,0
ALVEHYIQA_3020-1389-3532-1901,0,0,1,0,0,0,0,0,0
ALVEHYIQA_3532-1389-4044-1901,0,0,1,0,0,0,0,0,0
ALVEHYIQA_3532-1901-4044-2413,0,0,1,0,0,0,0,0,0
ALVEHYIQA_3020-2413-3532-2925,0,0,1,0,0,0,0,0,0
ALVEHYIQA_3020-1901-3532-2413,0,0,1,0,0,0,0,0,0
ALVEHYIQA_4184-1309-4696-1821,0,0,1,0,0,0,0,0,0
ALVEHYIQA_3532-877-4044-1389,0,0,1,0,0,0,0,0,0
ALVEHYIQA_3532-2413-4044-2925,0,0,1,0,0,0,0,0,0
ALVEHYIQA_4748-1429-5260-1941,0,0,1,0,0,0,0,0,0
ALVEHYIQA_4184-1821-4696-2333,0,0,1,0,0,0,0,0,0
ALVEHYIQA_4748-1941-5260-2453,0,0,1,0,0,0,0,0,0
ALVEHYIQA_7046-1418-7558-1930,0,0,1,0,0,0,0,0,0
ALVEHYIQA_7046-394-7558-906,0,0,1,0,0,0,0,0,0
ALVEHYIQA_4748-917-5260-1429,0,0,1,0,0,0,0,0,0
ALVEHYIQA_6079-1888-6591-2400,0,0,1,0,0,0,0,0,0
ALVEHYIQA_7558-1418-8070-1930,0,0,1,0,0,0,0,0,0
ALVEHYIQA_7558-394-8070-906,0,0,1,0,0,0,0,0,0
ALX39CCJY_1002-440-1514-952,1,0,0,0,0,0,0,0,0
ALX39CCJY_1001-1246-1513-1758,1,0,0,0,0,0,0,0,0
ALX39CCJY_1513-1246-2025-1758,1,0,0,0,0,0,0,0,0
ALX39CCJY_1513-1758-2025-2270,1,0,0,0,0,0,0,0,0
ALX39CCJY_1001-734-1513-1246,1,0,0,0,0,0,0,0,0
ALVEHYIQA_7558-906-8070-1418,0,0,1,0,0,0,0,0,0
ALX39CCJY_1513-2270-2025-2782,1,0,0,0,0,0,0,0,0
ALX39CCJY_1513-2782-2025-3294,1,0,0,0,0,0,0,0,0
ALX39CCJY_1513-734-2025-1246,1,0,0,0,0,0,0,0,0
ALX39CCJY_3387-426-3899-938,1,0,0,0,0,0,0,0,0
ALX39CCJY_1514-440-2026-952,1,0,0,0,0,0,0,0,0
ALX39CCJY_3899-426-4411-938,1,0,0,0,0,0,0,0,0
ALX39CCJY_3387-938-3899-1450,1,0,0,0,0,0,0,0,0
ALX39CCJY_4923-1962-5435-2474,1,0,0,0,0,0,0,0,0
ALX39CCJY_4411-1450-4923-1962,1,0,0,0,0,0,0,0,0
ALX39CCJY_4411-938-4923-1450,1,0,0,0,0,0,0,0,0
ALX39CCJY_3899-938-4411-1450,1,0,0,0,0,0,0,0,0
ALX39CCJY_4923-1450-5435-1962,1,0,0,0,0,0,0,0,0
ALX39CCJY_5947-2474-6459-2986,1,0,0,0,0,0,0,0,0
ALX39CCJY_571-1524-1083-2036,1,0,0,0,0,0,0,0,0
ALX39CCJY_571-1012-1083-1524,1,0,0,0,0,0,0,0,0
ALX39CCJY_5435-2474-5947-2986,1,0,0,0,0,0,0,0,0
ALX39CCJY_5947-1962-6459-2474,1,0,0,0,0,0,0,0,0
ALX39CCJY_5435-1962-5947-2474,1,0,0,0,0,0,0,0,0
ALX39CCJY_6971-2986-7483-3498,1,0,0,0,0,0,0,0,0
ALX39CCJY_6459-2474-6971-2986,1,0,0,0,0,0,0,0,0
ALX39CCJY_6920-614-7432-1126,1,0,0,0,0,0,0,0,0
ALX39CCJY_6971-1450-7483-1962,1,0,0,0,0,0,0,0,0
ALX39CCJY_6459-2986-6971-3498,1,0,0,0,0,0,0,0,0
ALX39CCJY_7483-1450-7995-1962,1,0,0,0,0,0,0,0,0
ALX39CCJY_7483-3498-7995-4010,1,0,0,0,0,0,0,0,0
ALX39CCJY_7432-1126-7944-1638,1,0,0,0,0,0,0,0,0
ALX39CCJY_7483-1962-7995-2474,1,0,0,0,0,0,0,0,0
ALX39CCJY_6971-3498-7483-4010,1,0,0,0,0,0,0,0,0
ALX39CCJY_6971-938-7483-1450,1,0,0,0,0,0,0,0,0
ALX39CCJY_7483-4010-7995-4522,1,0,0,0,0,0,0,0,0
ALX39CCJY_8507-2474-9019-2986,1,0,0,0,0,0,0,0,0
ALX39CCJY_7995-2474-8507-2986,1,0,0,0,0,0,0,0,0
ALX39CCJY_7995-3498-8507-4010,1,0,0,0,0,0,0,0,0
ALX39CCJY_7995-1450-8507-1962,1,0,0,0,0,0,0,0,0
ALX39CCJY_7995-4010-8507-4522,1,0,0,0,0,0,0,0,0
ALX39CCJY_8299-4014-8811-4526,1,0,0,0,0,0,0,0,0
ALX39CCJY_7944-1126-8456-1638,1,0,0,0,0,0,0,0,0
ALX39CCJY_8811-4014-9323-4526,1,0,0,0,0,0,0,0,0
ALX39CCJY_8986-2311-9498-2823,1,0,0,0,0,0,0,0,0
ALX39CCJY_9323-4014-9835-4526,1,0,0,0,0,0,0,0,0
ALX39CCJY_9800-1016-10312-1528,1,0,0,0,0,0,0,0,0
ALX39CCJY_9800-2552-10312-3064,1,0,0,0,0,0,0,0,0
ALX39CCJY_9800-1528-10312-2040,1,0,0,0,0,0,0,0,0
ALX39CCJY_9800-2040-10312-2552,1,0,0,0,0,0,0,0,0
ALX39CCJY_9835-4014-10347-4526,1,0,0,0,0,0,0,0,0
AM638RULH_10206-5915-10718-6427,1,0,0,0,0,0,0,0,0
AM638RULH_10206-6427-10718-6939,1,0,0,0,0,0,0,0,0
AM638RULH_10718-6939-11230-7451,1,0,0,0,0,0,0,0,0
AM638RULH_10718-5915-11230-6427,1,0,0,0,0,0,0,0,0
AM638RULH_11230-6939-11742-7451,1,0,0,0,0,0,0,0,0
AM638RULH_11230-6427-11742-6939,1,0,0,0,0,0,0,0,0
AM638RULH_1124-2807-1636-3319,1,0,0,0,0,0,0,0,0
AM638RULH_11230-7451-11742-7963,1,0,0,0,0,0,0,0,0
AM638RULH_11230-7963-11742-8475,1,0,0,0,0,0,0,0,0
AM638RULH_10718-7451-11230-7963,1,0,0,0,0,0,0,0,0
AM638RULH_1124-3319-1636-3831,1,0,0,0,0,0,0,0,0
AM638RULH_1198-3613-1710-4125,1,0,0,0,0,0,0,0,0
AM638RULH_11742-7963-12254-8475,1,0,0,0,0,0,0,0,0
AM638RULH_11742-7451-12254-7963,1,0,0,0,0,0,0,0,0
AM638RULH_1710-4637-2222-5149,1,0,0,0,0,0,0,0,0
AM638RULH_1636-3319-2148-3831,1,0,0,0,0,0,0,0,0
AM638RULH_1198-5661-1710-6173,1,0,0,0,0,0,0,0,0
AM638RULH_1636-2807-2148-3319,1,0,0,0,0,0,0,0,0
AM638RULH_2231-3207-2743-3719,1,0,0,0,0,0,0,0,0
AM638RULH_1710-5661-2222-6173,1,0,0,0,0,0,0,0,0
AM638RULH_1710-5149-2222-5661,1,0,0,0,0,0,0,0,0
AM638RULH_1710-4125-2222-4637,1,0,0,0,0,0,0,0,0
AM638RULH_4111-1030-4623-1542,1,0,0,0,0,0,0,0,0
AM638RULH_4050-5692-4562-6204,1,0,0,0,0,0,0,0,0
AM638RULH_2472-4666-2984-5178,1,0,0,0,0,0,0,0,0
AM638RULH_1719-3719-2231-4231,1,0,0,0,0,0,0,0,0
AM638RULH_2231-3719-2743-4231,1,0,0,0,0,0,0,0,0
AM638RULH_3599-1030-4111-1542,1,0,0,0,0,0,0,0,0
AM638RULH_3599-1542-4111-2054,1,0,0,0,0,0,0,0,0
AM638RULH_4623-1542-5135-2054,1,0,0,0,0,0,0,0,0
AM638RULH_5135-1542-5647-2054,1,0,0,0,0,0,0,0,0
AM638RULH_4436-933-4948-1445,1,0,0,0,0,0,0,0,0
AM638RULH_6550-3793-7062-4305,1,0,0,0,0,0,0,0,0
AM638RULH_6201-5601-6713-6113,1,0,0,0,0,0,0,0,0
AM638RULH_5689-5601-6201-6113,1,0,0,0,0,0,0,0,0
AM638RULH_5177-5601-5689-6113,1,0,0,0,0,0,0,0,0
AM638RULH_6359-3537-6871-4049,1,0,0,0,0,0,0,0,0
AM638RULH_5773-1816-6285-2328,1,0,0,0,0,0,0,0,0
AM638RULH_686-3613-1198-4125,1,0,0,0,0,0,0,0,0
AM638RULH_6201-5089-6713-5601,1,0,0,0,0,0,0,0,0
AM638RULH_6713-5601-7225-6113,1,0,0,0,0,0,0,0,0
AM638RULH_6713-5089-7225-5601,1,0,0,0,0,0,0,0,0
AM638RULH_686-3101-1198-3613,1,0,0,0,0,0,0,0,0
AM638RULH_7737-5089-8249-5601,1,0,0,0,0,0,0,0,0
AM638RULH_7225-5089-7737-5601,1,0,0,0,0,0,0,0,0
AM638RULH_686-5661-1198-6173,1,0,0,0,0,0,0,0,0
AM638RULH_686-5149-1198-5661,1,0,0,0,0,0,0,0,0
AM638RULH_8670-5915-9182-6427,1,0,0,0,0,0,0,0,0
AM638RULH_8670-6427-9182-6939,1,0,0,0,0,0,0,0,0
AM638RULH_8670-6939-9182-7451,1,0,0,0,0,0,0,0,0
AM638RULH_8670-9499-9182-10011,1,0,0,0,0,0,0,0,0
AM638RULH_8670-7963-9182-8475,1,0,0,0,0,0,0,0,0
AM638RULH_9182-5915-9694-6427,1,0,0,0,0,0,0,0,0
AM638RULH_8670-8987-9182-9499,1,0,0,0,0,0,0,0,0
AM638RULH_8670-8475-9182-8987,1,0,0,0,0,0,0,0,0
AM638RULH_8670-7451-9182-7963,1,0,0,0,0,0,0,0,0
AM638RULH_9694-5915-10206-6427,1,0,0,0,0,0,0,0,0
AM638RULH_9182-8987-9694-9499,1,0,0,0,0,0,0,0,0
AM638RULH_9182-9499-9694-10011,1,0,0,0,0,0,0,0,0
AM638RULH_9182-6427-9694-6939,1,0,0,0,0,0,0,0,0
AM638RULH_9694-6427-10206-6939,1,0,0,0,0,0,0,0,0
AM638RULH_9694-9499-10206-10011,1,0,0,0,0,0,0,0,0
AMBEDAYEG_1275-1082-1787-1594,0,1,0,0,0,0,0,0,0
AMBEDAYEG_1787-1082-2299-1594,0,1,0,0,0,0,0,0,0
AM638RULH_9694-8987-10206-9499,1,0,0,0,0,0,0,0,0
AMBEDAYEG_2752-1222-3264-1734,0,1,0,0,0,0,0,0,0
AMBEDAYEG_2415-3549-2927-4061,0,1,0,0,0,0,0,0,0
AMBEDAYEG_2799-4109-3311-4621,0,1,0,0,0,0,0,0,0
AMBEDAYEG_3244-2910-3756-3422,0,1,0,0,0,0,0,0,0
AMBEDAYEG_3813-4141-4325-4653,0,1,0,0,0,0,0,0,0
AMBEDAYEG_3756-2910-4268-3422,0,1,0,0,0,0,0,0,0
AMBEDAYEG_5155-3472-5667-3984,0,1,0,0,0,0,0,0,0
AMBEDAYEG_3311-4109-3823-4621,0,1,0,0,0,0,0,0,0
AMBEDAYEG_4221-1452-4733-1964,0,1,0,0,0,0,0,0,0
AMBEDAYEG_4325-4141-4837-4653,0,1,0,0,0,0,0,0,0
AMBEDAYEG_4643-3984-5155-4496,0,1,0,0,0,0,0,0,0
AMBEDAYEG_4643-3472-5155-3984,0,1,0,0,0,0,0,0,0
AMBEDAYEG_5155-3984-5667-4496,0,1,0,0,0,0,0,0,0
AMBEDAYEG_5678-2174-6190-2686,0,1,0,0,0,0,0,0,0
AMBEDAYEG_5678-2686-6190-3198,0,1,0,0,0,0,0,0,0
AMBEDAYEG_5998-3892-6510-4404,0,1,0,0,0,0,0,0,0
AMBEDAYEG_6154-1739-6666-2251,0,1,0,0,0,0,0,0,0
AMBEDAYEG_6190-2174-6702-2686,0,1,0,0,0,0,0,0,0
AMBEDAYEG_6702-2174-7214-2686,0,1,0,0,0,0,0,0,0
AMBEDAYEG_6190-2686-6702-3198,0,1,0,0,0,0,0,0,0
AMBEDAYEG_6702-2686-7214-3198,0,1,0,0,0,0,0,0,0
AMHWXGPTC_1614-4763-2126-5275,0,0,1,0,0,0,0,0,0
AMHWXGPTC_1321-791-1833-1303,0,0,1,0,0,0,0,0,0
AMHWXGPTC_1858-2942-2370-3454,0,0,1,0,0,0,0,0,0
AMHWXGPTC_1321-1303-1833-1815,0,0,1,0,0,0,0,0,0
AMHWXGPTC_1788-5034-2300-5546,0,0,1,0,0,0,0,0,0
AMHWXGPTC_809-1303-1321-1815,0,0,1,0,0,0,0,0,0
AMHWXGPTC_1145-2525-1657-3037,0,0,1,0,0,0,0,0,0
AMHWXGPTC_913-2613-1425-3125,0,0,1,0,0,0,0,0,0
AMHWXGPTC_2051-2781-2563-3293,0,0,1,0,0,0,0,0,0
AMHWXGPTC_3141-2117-3653-2629,0,0,1,0,0,0,0,0,0
AMHWXGPTC_739-3202-1251-3714,0,0,1,0,0,0,0,0,0
AMHWXGPTC_3371-1956-3883-2468,0,0,1,0,0,0,0,0,0
AMHWXGPTC_809-791-1321-1303,0,0,1,0,0,0,0,0,0
ANAFBVCAE_10262-520-10774-1032,0,1,0,0,0,0,0,0,0
ANAFBVCAE_10103-3986-10615-4498,0,1,0,0,0,0,0,0,0
ANAFBVCAE_10342-5200-10854-5712,0,1,0,0,0,0,0,0,0
ANAFBVCAE_10774-520-11286-1032,0,1,0,0,0,0,0,0,0
ANAFBVCAE_10823-5175-11335-5687,0,1,0,0,0,0,0,0,0
ANAFBVCAE_2362-7777-2874-8289,0,1,0,0,0,0,0,0,0
ANAFBVCAE_2139-8536-2651-9048,0,1,0,0,0,0,0,0,0
ANAFBVCAE_1850-7777-2362-8289,0,1,0,0,0,0,0,0,0
ANAFBVCAE_1850-7265-2362-7777,0,1,0,0,0,0,0,0,0
ANAFBVCAE_2874-8289-3386-8801,0,1,0,0,0,0,0,0,0
ANAFBVCAE_3823-6934-4335-7446,0,1,0,0,0,0,0,0,0
ANAFBVCAE_3311-7446-3823-7958,0,1,0,0,0,0,0,0,0
ANAFBVCAE_2362-8289-2874-8801,0,1,0,0,0,0,0,0,0
ANAFBVCAE_2362-7265-2874-7777,0,1,0,0,0,0,0,0,0
ANAFBVCAE_3823-7446-4335-7958,0,1,0,0,0,0,0,0,0
ANAFBVCAE_4028-6729-4540-7241,0,1,0,0,0,0,0,0,0
ANAFBVCAE_2874-7777-3386-8289,0,1,0,0,0,0,0,0,0
ANAFBVCAE_2651-8536-3163-9048,0,1,0,0,0,0,0,0,0
ANAFBVCAE_4335-6934-4847-7446,0,1,0,0,0,0,0,0,0
ANAFBVCAE_4335-7446-4847-7958,0,1,0,0,0,0,0,0,0
ANAFBVCAE_4847-6934-5359-7446,0,1,0,0,0,0,0,0,0
ANAFBVCAE_4479-8690-4991-9202,0,1,0,0,0,0,0,0,0
ANAFBVCAE_6223-1995-6735-2507,0,1,0,0,0,0,0,0,0
ANAFBVCAE_6601-10549-7113-11061,0,1,0,0,0,0,0,0,0
ANAFBVCAE_5359-6934-5871-7446,0,1,0,0,0,0,0,0,0
ANAFBVCAE_5992-8840-6504-9352,0,1,0,0,0,0,0,0,0
ANAFBVCAE_6172-3231-6684-3743,0,1,0,0,0,0,0,0,0
ANAFBVCAE_5871-6934-6383-7446,0,1,0,0,0,0,0,0,0
ANAFBVCAE_5563-8253-6075-8765,0,1,0,0,0,0,0,0,0
ANAFBVCAE_6075-8253-6587-8765,0,1,0,0,0,0,0,0,0
ANAFBVCAE_6927-2999-7439-3511,0,1,0,0,0,0,0,0,0
ANAFBVCAE_5051-8253-5563-8765,0,1,0,0,0,0,0,0,0
ANAFBVCAE_6735-1995-7247-2507,0,1,0,0,0,0,0,0,0
ANAFBVCAE_6041-10999-6553-11511,0,1,0,0,0,0,0,0,0
ANAFBVCAE_7113-10549-7625-11061,0,1,0,0,0,0,0,0,0
ANAFBVCAE_7247-1483-7759-1995,0,1,0,0,0,0,0,0,0
ANAFBVCAE_7247-1995-7759-2507,0,1,0,0,0,0,0,0,0
ANAFBVCAE_7285-3436-7797-3948,0,1,0,0,0,0,0,0,0
ANAFBVCAE_7451-10058-7963-10570,0,1,0,0,0,0,0,0,0
ANAFBVCAE_7439-2999-7951-3511,0,1,0,0,0,0,0,0,0
ANAFBVCAE_7451-9546-7963-10058,0,1,0,0,0,0,0,0,0
ANAFBVCAE_7759-1995-8271-2507,0,1,0,0,0,0,0,0,0
ANAFBVCAE_7951-2999-8463-3511,0,1,0,0,0,0,0,0,0
ANAFBVCAE_7951-2487-8463-2999,0,1,0,0,0,0,0,0,0
ANAFBVCAE_7759-1483-8271-1995,0,1,0,0,0,0,0,0,0
ANAFBVCAE_7950-5056-8462-5568,0,1,0,0,0,0,0,0,0
ANAFBVCAE_7797-3436-8309-3948,0,1,0,0,0,0,0,0,0
ANAFBVCAE_7963-10058-8475-10570,0,1,0,0,0,0,0,0,0
ANAFBVCAE_7963-9546-8475-10058,0,1,0,0,0,0,0,0,0
ANAFBVCAE_8271-1995-8783-2507,0,1,0,0,0,0,0,0,0
ANAFBVCAE_8271-1483-8783-1995,0,1,0,0,0,0,0,0,0
ANAFBVCAE_8228-5335-8740-5847,0,1,0,0,0,0,0,0,0
ANAFBVCAE_8463-2487-8975-2999,0,1,0,0,0,0,0,0,0
ANAFBVCAE_8309-3436-8821-3948,0,1,0,0,0,0,0,0,0
ANAFBVCAE_8475-10058-8987-10570,0,1,0,0,0,0,0,0,0
ANAFBVCAE_8463-2999-8975-3511,0,1,0,0,0,0,0,0,0
ANAFBVCAE_8499-4047-9011-4559,0,1,0,0,0,0,0,0,0
ANAFBVCAE_8475-9546-8987-10058,0,1,0,0,0,0,0,0,0
ANAFBVCAE_8821-3436-9333-3948,0,1,0,0,0,0,0,0,0
ANAFBVCAE_8975-2487-9487-2999,0,1,0,0,0,0,0,0,0
ANAFBVCAE_8837-7963-9349-8475,0,1,0,0,0,0,0,0,0
ANAFBVCAE_9487-2487-9999-2999,0,1,0,0,0,0,0,0,0
ANAFBVCAE_8755-5850-9267-6362,0,1,0,0,0,0,0,0,0
ANAFBVCAE_8987-10058-9499-10570,0,1,0,0,0,0,0,0,0
ANAFBVCAE_9267-6362-9779-6874,0,1,0,0,0,0,0,0,0
ANAFBVCAE_8975-2999-9487-3511,0,1,0,0,0,0,0,0,0
ANAFBVCAE_9267-5850-9779-6362,0,1,0,0,0,0,0,0,0
ANAFBVCAE_9333-3436-9845-3948,0,1,0,0,0,0,0,0,0
ANAFBVCAE_9487-2999-9999-3511,0,1,0,0,0,0,0,0,0
ANAFBVCAE_9349-7963-9861-8475,0,1,0,0,0,0,0,0,0
ANAFBVCAE_9544-10383-10056-10895,0,1,0,0,0,0,0,0,0
ANAFBVCAE_9750-520-10262-1032,0,1,0,0,0,0,0,0,0
ANAFBVCAE_9830-5200-10342-5712,0,1,0,0,0,0,0,0,0
ANAFBVCAE_9779-6362-10291-6874,0,1,0,0,0,0,0,0,0
ANFE6XNAZ_1280-3516-1792-4028,0,0,0,0,0,1,0,0,0
ANFE6XNAZ_1017-465-1529-977,0,0,0,0,0,1,0,0,0
ANFE6XNAZ_3375-4159-3887-4671,0,0,0,0,0,1,0,0,0
ANFE6XNAZ_1636-4133-2148-4645,0,0,0,0,0,1,0,0,0
ANFE6XNAZ_1989-4164-2501-4676,0,0,1,0,0,1,0,0,0
ANFE6XNAZ_3650-863-4162-1375,0,0,0,0,0,1,0,0,0
ANFE6XNAZ_959-3502-1471-4014,0,0,0,0,0,1,0,0,0
ANFE6XNAZ_643-404-1155-916,0,0,0,0,0,1,0,0,1
ANFE6XNAZ_405-3802-917-4314,0,0,0,0,0,1,0,0,1
ANFE6XNAZ_681-3979-1193-4491,0,0,0,0,0,1,0,0,1
ANJPTWH8W_10518-5465-11030-5977,0,0,0,0,0,1,0,0,0
ANFE6XNAZ_3606-4247-4118-4759,0,0,0,0,0,1,0,0,0
ANFE6XNAZ_2234-3344-2746-3856,0,0,1,0,0,0,0,0,0
ANJPTWH8W_10810-2852-11322-3364,0,0,1,0,0,0,0,0,0
ANJPTWH8W_11322-2852-11834-3364,0,0,1,0,0,0,0,0,0
ANJPTWH8W_11350-2493-11862-3005,0,0,1,0,0,0,0,0,0
ANJPTWH8W_11625-2550-12137-3062,0,0,1,0,0,0,0,0,0
ANJPTWH8W_11607-3007-12119-3519,0,0,1,0,0,0,0,0,0
ANJPTWH8W_15661-7235-16173-7747,0,0,0,0,0,1,0,0,0
ANJPTWH8W_15661-6723-16173-7235,0,0,0,0,0,1,0,0,0
ANJPTWH8W_5610-2420-6122-2932,0,0,0,0,0,0,0,0,1
AP2J7X66V_2163-5599-2675-6111,1,0,0,0,0,0,0,0,0
AP2J7X66V_2640-3090-3152-3602,1,0,0,0,0,0,0,0,0
AP2J7X66V_3152-3090-3664-3602,1,0,0,0,0,0,0,0,0
ANJPTWH8W_5038-3047-5550-3559,0,0,0,0,0,0,0,0,1
ANMPAUNZ2_6277-3936-6789-4448,0,0,0,0,0,0,1,0,0
AP2J7X66V_3956-3715-4468-4227,1,0,0,0,0,0,0,0,0
AP2J7X66V_3444-3715-3956-4227,1,0,0,0,0,0,0,0,0
ANMPAUNZ2_6789-3936-7301-4448,0,0,0,0,0,0,1,0,0
ANJPTWH8W_6475-1911-6987-2423,0,0,0,0,0,0,0,0,1
AP2J7X66V_5222-3378-5734-3890,1,0,0,0,0,0,0,0,0
AP2J7X66V_5734-3378-6246-3890,1,0,0,0,0,0,0,0,0
AP2J7X66V_5747-1736-6259-2248,1,0,0,0,0,0,0,0,0
AP2J7X66V_5747-1224-6259-1736,1,0,0,0,0,0,0,0,0
AP2J7X66V_6246-3378-6758-3890,1,0,0,0,0,0,0,0,0
AP2J7X66V_6259-1736-6771-2248,1,0,0,0,0,0,0,0,0
AP2J7X66V_6259-1224-6771-1736,1,0,0,0,0,0,0,0,0
AP2J7X66V_6758-3378-7270-3890,1,0,0,0,0,0,0,0,0
APLGBHQDU_1292-7904-1804-8416,0,0,0,1,0,0,0,0,0
AP2J7X66V_6771-1736-7283-2248,1,0,0,0,0,0,0,0,0
APLGBHQDU_1804-2784-2316-3296,0,0,0,1,0,0,0,0,0
APLGBHQDU_1292-6368-1804-6880,0,0,0,1,0,0,0,0,0
APLGBHQDU_1292-5344-1804-5856,0,0,0,1,0,0,0,0,0
APLGBHQDU_1292-6880-1804-7392,0,0,0,1,0,0,0,0,0
APLGBHQDU_1292-4832-1804-5344,0,0,0,1,0,0,0,0,0
APLGBHQDU_1804-3296-2316-3808,0,0,0,1,0,0,0,0,0
APLGBHQDU_1292-5856-1804-6368,0,0,0,1,0,0,0,0,0
AP2J7X66V_6771-2248-7283-2760,1,0,0,0,0,0,0,0,0
APLGBHQDU_1804-3808-2316-4320,0,0,0,1,0,0,0,0,0
APLGBHQDU_1804-5344-2316-5856,0,0,0,1,0,0,0,0,0
APLGBHQDU_1804-4320-2316-4832,0,0,0,1,0,0,0,0,0
APLGBHQDU_1804-8416-2316-8928,0,0,0,1,0,0,0,0,0
APLGBHQDU_2316-2784-2828-3296,0,0,0,1,0,0,0,0,0
APLGBHQDU_2316-3808-2828-4320,0,0,0,1,0,0,0,0,0
APLGBHQDU_2316-3296-2828-3808,0,0,0,1,0,0,0,0,0
APLGBHQDU_2316-4320-2828-4832,0,0,0,1,0,0,0,0,0
APLGBHQDU_2316-4832-2828-5344,0,0,0,1,0,0,0,0,0
APLGBHQDU_2828-4832-3340-5344,0,0,0,1,0,0,0,0,0
APLGBHQDU_2828-8928-3340-9440,0,0,0,1,0,0,0,0,0
APLGBHQDU_2828-4320-3340-4832,0,0,0,1,0,0,0,0,0
APLGBHQDU_2316-8416-2828-8928,0,0,0,1,0,0,0,0,0
APLGBHQDU_3340-5344-3852-5856,0,0,0,1,0,0,0,0,0
APLGBHQDU_2828-5344-3340-5856,0,0,0,1,0,0,0,0,0
APLGBHQDU_2316-5344-2828-5856,0,0,0,1,0,0,0,0,0
APLGBHQDU_3340-5856-3852-6368,0,0,0,1,0,0,0,0,0
APLGBHQDU_3340-8928-3852-9440,0,0,0,1,0,0,0,0,0
APLGBHQDU_3852-5856-4364-6368,0,0,0,1,0,0,0,0,0
APLGBHQDU_3852-5344-4364-5856,0,0,0,1,0,0,0,0,0
APLGBHQDU_3852-6368-4364-6880,0,0,0,1,0,0,0,0,0
APLGBHQDU_3852-8928-4364-9440,0,0,0,1,0,0,0,0,0
APLGBHQDU_4364-6880-4876-7392,0,0,0,1,0,0,0,0,0
APLGBHQDU_4364-6368-4876-6880,0,0,0,1,0,0,0,0,0
APLGBHQDU_4364-8928-4876-9440,0,0,0,1,0,0,0,0,0
APLGBHQDU_4876-6880-5388-7392,0,0,0,1,0,0,0,0,0
APLGBHQDU_5388-7392-5900-7904,0,0,0,1,0,0,0,0,0
APLGBHQDU_4876-9440-5388-9952,0,0,0,1,0,0,0,0,0
APLGBHQDU_7436-7904-7948-8416,0,0,0,1,0,0,0,0,0
APLGBHQDU_5388-9440-5900-9952,0,0,0,1,0,0,0,0,0
APLGBHQDU_6924-8928-7436-9440,0,0,0,1,0,0,0,0,0
APLGBHQDU_7436-8416-7948-8928,0,0,0,1,0,0,0,0,0
APLGBHQDU_5900-7392-6412-7904,0,0,0,1,0,0,0,0,0
APLGBHQDU_6412-7392-6924-7904,0,0,0,1,0,0,0,0,0
APLGBHQDU_7436-7392-7948-7904,0,0,0,1,0,0,0,0,0
APLGBHQDU_780-5856-1292-6368,0,0,0,1,0,0,0,0,0
APLGBHQDU_780-7392-1292-7904,0,0,0,1,0,0,0,0,0
APLGBHQDU_780-6880-1292-7392,0,0,0,1,0,0,0,0,0
APLGBHQDU_780-7904-1292-8416,0,0,0,1,0,0,0,0,0
APLGBHQDU_7948-7392-8460-7904,0,0,0,1,0,0,0,0,0
APLGBHQDU_7948-7904-8460-8416,0,0,0,1,0,0,0,0,0
APLTVCJF8_13201-3900-13713-4412,1,0,0,0,0,0,0,0,0
APLTVCJF8_11524-9500-12036-10012,1,0,0,0,0,0,0,0,0
APLTVCJF8_1342-17534-1854-18046,1,0,0,0,0,0,0,0,0
APLTVCJF8_13201-4924-13713-5436,1,0,0,0,0,0,0,0,0
APLTVCJF8_14737-3388-15249-3900,1,0,0,0,0,0,0,0,0
APLTVCJF8_14225-4412-14737-4924,1,0,0,0,0,0,0,0,0
APLTVCJF8_14225-3388-14737-3900,1,0,0,0,0,0,0,0,0
APLTVCJF8_13713-4412-14225-4924,1,0,0,0,0,0,0,0,0
APLTVCJF8_13201-4412-13713-4924,1,0,0,0,0,0,0,0,0
APLTVCJF8_1342-17022-1854-17534,1,0,0,0,0,0,0,0,0
APLTVCJF8_14737-4412-15249-4924,1,0,0,0,0,0,0,0,0
APLTVCJF8_13713-3900-14225-4412,1,0,0,0,0,0,0,0,0
APLTVCJF8_15249-3388-15761-3900,1,0,0,0,0,0,0,0,0
APLTVCJF8_15249-3900-15761-4412,1,0,0,0,0,0,0,0,0
APLTVCJF8_15249-4412-15761-4924,1,0,0,0,0,0,0,0,0
APLTVCJF8_15761-2876-16273-3388,1,0,0,0,0,0,0,0,0
APLTVCJF8_16273-3900-16785-4412,1,0,0,0,0,0,0,0,0
APLTVCJF8_16273-3388-16785-3900,1,0,0,0,0,0,0,0,0
APLTVCJF8_16273-2876-16785-3388,1,0,0,0,0,0,0,0,0
APLTVCJF8_15761-3900-16273-4412,1,0,0,0,0,0,0,0,0
AQ3UEW8ZW_2335-924-2847-1436,0,1,0,0,0,0,0,0,0
AQ3UEW8ZW_1120-577-1632-1089,0,1,0,0,0,0,0,0,0
APLTVCJF8_1854-17022-2366-17534,1,0,0,0,0,0,0,0,0
APLTVCJF8_5051-11523-5563-12035,1,0,0,0,0,0,0,0,0
AQ3UEW8ZW_1449-648-1961-1160,0,1,0,0,0,0,0,0,0
APLTVCJF8_1854-17534-2366-18046,1,0,0,0,0,0,0,0,0
AQ3UEW8ZW_1059-4454-1571-4966,0,1,0,0,0,0,0,0,0
AQ3UEW8ZW_2398-4356-2910-4868,0,1,0,0,0,0,0,0,0
AQ3UEW8ZW_2718-1048-3230-1560,0,1,0,0,0,0,0,0,0
APLTVCJF8_2366-17022-2878-17534,1,0,0,0,0,0,0,0,0
AQ3UEW8ZW_3174-1034-3686-1546,0,1,0,0,0,0,0,0,0
AQ3UEW8ZW_3609-4826-4121-5338,0,1,0,0,0,0,0,0,0
AQ3UEW8ZW_3977-1171-4489-1683,0,1,0,0,0,0,0,0,0
AQ3UEW8ZW_6586-1678-7098-2190,0,1,0,0,0,0,0,0,0
AQ3UEW8ZW_6318-1532-6830-2044,0,1,0,0,0,0,0,0,0
AQ3UEW8ZW_6127-4811-6639-5323,0,1,0,0,0,0,0,0,0
AQ3UEW8ZW_6708-2116-7220-2628,0,1,0,0,0,0,0,0,0
AQ3UEW8ZW_5529-1413-6041-1925,0,1,0,0,0,0,0,0,0
AQ3UEW8ZW_681-1609-1193-2121,0,1,0,0,0,0,0,0,0
AQ3UEW8ZW_681-585-1193-1097,0,1,0,0,0,0,0,0,0
AQ3UEW8ZW_7491-4257-8003-4769,0,1,0,0,0,0,0,0,0
AQ3UEW8ZW_681-1097-1193-1609,0,1,0,0,0,0,0,0,0
AQ3UEW8ZW_6781-1529-7293-2041,0,1,0,0,0,0,0,0,0
AQ3UEW8ZW_6971-2535-7483-3047,0,1,0,0,0,0,0,0,0
AQ3UEW8ZW_7293-3978-7805-4490,0,1,0,0,0,0,0,0,0
AQ3UEW8ZW_6967-3005-7479-3517,0,1,0,0,0,0,0,0,0
AQ3UEW8ZW_7741-4526-8253-5038,0,1,0,0,0,0,0,0,0
AQ3UEW8ZW_7213-3558-7725-4070,0,1,0,0,0,0,0,0,0
AQ3UEW8ZW_8419-4767-8931-5279,0,1,0,0,0,0,0,0,0
AQ3UEW8ZW_876-4155-1388-4667,0,1,0,0,0,0,0,0,0
AQ3UEW8ZW_886-2515-1398-3027,0,1,0,0,0,0,0,0,0
AQ3UEW8ZW_898-3068-1410-3580,0,1,0,0,0,0,0,0,0
AQ3UEW8ZW_887-3876-1399-4388,0,1,0,0,0,0,0,0,0
AQ3UEW8ZW_898-3580-1410-4092,0,1,0,0,0,0,0,0,0
AQ3UEW8ZW_954-2767-1466-3279,0,1,0,0,0,0,0,0,0
AQ3UEW8ZW_939-4665-1451-5177,0,1,0,0,0,0,0,0,0
AQHPDNMK7_2093-847-2605-1359,0,0,0,0,0,0,1,0,0
AQ3UEW8ZW_993-1396-1505-1908,0,1,0,0,0,0,0,0,0
AR31DBXFW_11950-4727-12462-5239,0,0,0,1,0,0,0,0,0
AQ3UEW8ZW_993-1908-1505-2420,0,1,0,0,0,0,0,0,0
AQHPDNMK7_4865-6970-5377-7482,0,0,0,0,0,0,1,0,0
AQ3UEW8ZW_993-884-1505-1396,0,1,0,0,0,0,0,0,0
AQHPDNMK7_4865-6458-5377-6970,0,0,0,0,0,0,1,0,0
AQHPDNMK7_2093-1359-2605-1871,0,0,0,0,0,0,1,0,0
AR31DBXFW_12368-8810-12880-9322,0,0,0,1,0,0,0,0,0
AR31DBXFW_12779-9195-13291-9707,0,0,0,1,0,0,0,0,0
AR31DBXFW_12779-9707-13291-10219,0,0,0,1,0,0,0,0,0
AR31DBXFW_12797-10769-13309-11281,0,0,0,1,0,0,0,0,0
AR31DBXFW_13109-10550-13621-11062,0,0,0,1,0,0,0,0,0
AR31DBXFW_12797-11281-13309-11793,0,0,0,1,0,0,0,0,0
AR31DBXFW_12797-11793-13309-12305,0,0,0,1,0,0,0,0,0
AR31DBXFW_1321-10372-1833-10884,0,0,0,1,0,0,0,0,0
AR31DBXFW_13309-11281-13821-11793,0,0,0,1,0,0,0,0,0
AR31DBXFW_13309-10769-13821-11281,0,0,0,1,0,0,0,0,0
AR31DBXFW_13309-12305-13821-12817,0,0,0,1,0,0,0,0,0
AR31DBXFW_13621-11062-14133-11574,0,0,0,1,0,0,0,0,0
ARCLVLFTT_1193-952-1705-1464,1,0,0,0,0,0,0,0,0
AR31DBXFW_13309-11793-13821-12305,0,0,0,1,0,0,0,0,0
ARCLVLFTT_1193-440-1705-952,1,0,0,0,0,0,0,0,0
AR31DBXFW_1833-10372-2345-10884,0,0,0,1,0,0,0,0,0
AR31DBXFW_9192-7267-9704-7779,0,0,0,1,0,0,0,0,0
AR31DBXFW_9869-6894-10381-7406,0,0,0,1,0,0,0,0,0
ARCLVLFTT_1193-5048-1705-5560,1,0,0,0,0,0,0,0,0
ARCLVLFTT_169-440-681-952,1,0,0,0,0,0,0,0,0
ARCLVLFTT_1705-440-2217-952,1,0,0,0,0,0,0,0,0
ARCLVLFTT_169-4536-681-5048,1,0,0,0,0,0,0,0,0
ARCLVLFTT_2217-5048-2729-5560,1,0,0,0,0,0,0,0,0
ARCLVLFTT_2217-440-2729-952,1,0,0,0,0,0,0,0,0
ARCLVLFTT_1705-5048-2217-5560,1,0,0,0,0,0,0,0,0
ARCLVLFTT_1705-952-2217-1464,1,0,0,0,0,0,0,0,0
ARCLVLFTT_2217-952-2729-1464,1,0,0,0,0,0,0,0,0
ARCLVLFTT_2729-952-3241-1464,1,0,0,0,0,0,0,0,0
ARCLVLFTT_3241-1976-3753-2488,1,0,0,0,0,0,0,0,0
ARCLVLFTT_3241-1464-3753-1976,1,0,0,0,0,0,0,0,0
ARCLVLFTT_2729-5048-3241-5560,1,0,0,0,0,0,0,0,0
ARCLVLFTT_3241-4024-3753-4536,1,0,0,0,0,0,0,0,0
ARCLVLFTT_3241-3000-3753-3512,1,0,0,0,0,0,0,0,0
ARCLVLFTT_2729-440-3241-952,1,0,0,0,0,0,0,0,0
ARCLVLFTT_3241-2488-3753-3000,1,0,0,0,0,0,0,0,0
ARCLVLFTT_3241-3512-3753-4024,1,0,0,0,0,0,0,0,0
ARCLVLFTT_3241-440-3753-952,1,0,0,0,0,0,0,0,0
ARCLVLFTT_3241-4536-3753-5048,1,0,0,0,0,0,0,0,0
ARCLVLFTT_3241-5048-3753-5560,1,0,0,0,0,0,0,0,0
ARCLVLFTT_3241-952-3753-1464,1,0,0,0,0,0,0,0,0
ARCLVLFTT_681-952-1193-1464,1,0,0,0,0,0,0,0,0
ARCLVLFTT_681-440-1193-952,1,0,0,0,0,0,0,0,0
ARCLVLFTT_681-5048-1193-5560,1,0,0,0,0,0,0,0,0
ARCLVLFTT_681-4536-1193-5048,1,0,0,0,0,0,0,0,0
AV3UJCQFG_1772-3417-2284-3929,0,1,0,0,0,0,0,0,0
AV3UJCQFG_2796-3417-3308-3929,0,1,0,0,0,0,0,0,0
AV3UJCQFG_2432-3947-2944-4459,0,1,0,0,0,0,0,0,0
AV3UJCQFG_3103-3849-3615-4361,0,1,0,0,0,0,0,0,0
AV3UJCQFG_2284-3417-2796-3929,0,1,0,0,0,0,0,0,0
AV3UJCQFG_1880-7440-2392-7952,0,1,0,0,0,0,0,0,0
AV3UJCQFG_3308-3417-3820-3929,0,1,0,0,0,0,0,0,0
AV3UJCQFG_3615-3849-4127-4361,0,1,0,0,0,0,0,0,0
AV3UJCQFG_4744-1479-5256-1991,0,1,0,0,0,0,0,0,0
AV3UJCQFG_4744-2503-5256-3015,0,1,0,0,0,0,0,0,0
AV3UJCQFG_4744-1991-5256-2503,0,1,0,0,0,0,0,0,0
AV3UJCQFG_4744-3015-5256-3527,0,1,0,0,0,0,0,0,0
AV3UJCQFG_4744-967-5256-1479,0,1,0,0,0,0,0,0,0
AV3UJCQFG_5174-3050-5686-3562,0,1,0,0,0,0,0,0,0
AV3UJCQFG_5339-2442-5851-2954,0,1,0,0,0,0,0,0,0
AV3UJCQFG_5851-2442-6363-2954,0,1,0,0,0,0,0,0,0
AV3UJCQFG_5686-3050-6198-3562,0,1,0,0,0,0,0,0,0
AV3UJCQFG_5460-3733-5972-4245,0,1,0,0,0,0,0,0,0
AV3UJCQFG_6198-3050-6710-3562,0,1,0,0,0,0,0,0,0
AV3UJCQFG_612-7729-1124-8241,0,1,0,0,0,0,0,0,0
AV3UJCQFG_612-7217-1124-7729,0,1,0,0,0,0,0,0,0
AV3UJCQFG_636-2636-1148-3148,0,1,0,0,0,0,0,0,0
AV3UJCQFG_636-3660-1148-4172,0,1,0,0,0,0,0,0,0
AV3UJCQFG_636-4684-1148-5196,0,1,0,0,0,0,0,0,0
AV3UJCQFG_636-5196-1148-5708,0,1,0,0,0,0,0,0,0
AV3UJCQFG_636-4172-1148-4684,0,1,0,0,0,0,0,0,0
AV3UJCQFG_636-3148-1148-3660,0,1,0,0,0,0,0,0,0
AV3UJCQFG_6363-2442-6875-2954,0,1,0,0,0,0,0,0,0
AV3UJCQFG_6411-3367-6923-3879,0,1,0,0,0,0,0,0,0
AV3UJCQFG_6710-3050-7222-3562,0,1,0,0,0,0,0,0,0
AV3UJCQFG_6875-2442-7387-2954,0,1,0,0,0,0,0,0,0
AV3UJCQFG_7222-3050-7734-3562,0,1,0,0,0,0,0,0,0
AV3UJCQFG_7387-2442-7899-2954,0,1,0,0,0,0,0,0,0
AV3UJCQFG_7734-3050-8246-3562,0,1,0,0,0,0,0,0,0
AV3UJCQFG_8071-1156-8583-1668,0,1,0,0,0,0,0,0,0
AV3UJCQFG_7899-2442-8411-2954,0,1,0,0,0,0,0,0,0
AV3UJCQFG_9095-1156-9607-1668,0,1,0,0,0,0,0,0,0
AWDMHCQVX_1177-4849-1689-5361,1,0,0,0,0,0,0,0,0
AV3UJCQFG_8583-1156-9095-1668,0,1,0,0,0,0,0,0,0
AWDMHCQVX_1417-4127-1929-4639,1,0,0,0,0,0,0,0,0
AV3UJCQFG_8246-3050-8758-3562,0,1,0,0,0,0,0,0,0
AV3UJCQFG_8411-2442-8923-2954,0,1,0,0,0,0,0,0,0
AWDMHCQVX_1341-1403-1853-1915,1,0,0,0,0,0,0,0,0
AWDMHCQVX_1177-8433-1689-8945,1,0,0,0,0,0,0,0,0
AWDMHCQVX_1341-1915-1853-2427,1,0,0,0,0,0,0,0,0
AWDMHCQVX_1417-4639-1929-5151,1,0,0,0,0,0,0,0,0
AWDMHCQVX_1468-447-1980-959,1,0,0,0,0,0,0,0,0
AWDMHCQVX_1468-959-1980-1471,1,0,0,0,0,0,0,0,0
AWDMHCQVX_1689-4849-2201-5361,1,0,0,0,0,0,0,0,0
AWDMHCQVX_1689-7409-2201-7921,1,0,0,0,0,0,0,0,0
AWDMHCQVX_1689-7921-2201-8433,1,0,0,0,0,0,0,0,0
AWDMHCQVX_1689-5873-2201-6385,1,0,0,0,0,0,0,0,0
AWDMHCQVX_1689-6385-2201-6897,1,0,0,0,0,0,0,0,0
AWDMHCQVX_1689-8433-2201-8945,1,0,0,0,0,0,0,0,0
AWDMHCQVX_1980-447-2492-959,1,0,0,0,0,0,0,0,0
AWDMHCQVX_1853-1403-2365-1915,1,0,0,0,0,0,0,0,0
AWDMHCQVX_2201-4849-2713-5361,1,0,0,0,0,0,0,0,0
AWDMHCQVX_2201-6897-2713-7409,1,0,0,0,0,0,0,0,0
AWDMHCQVX_1980-959-2492-1471,1,0,0,0,0,0,0,0,0
AWDMHCQVX_1929-4127-2441-4639,1,0,0,0,0,0,0,0,0
AWDMHCQVX_1929-4639-2441-5151,1,0,0,0,0,0,0,0,0
AWDMHCQVX_1853-1915-2365-2427,1,0,0,0,0,0,0,0,0
AWDMHCQVX_2201-6385-2713-6897,1,0,0,0,0,0,0,0,0
AWDMHCQVX_2201-7921-2713-8433,1,0,0,0,0,0,0,0,0
AWDMHCQVX_2201-7409-2713-7921,1,0,0,0,0,0,0,0,0
AWDMHCQVX_2365-1915-2877-2427,1,0,0,0,0,0,0,0,0
AWDMHCQVX_2365-1403-2877-1915,1,0,0,0,0,0,0,0,0
AWDMHCQVX_2713-4849-3225-5361,1,0,0,0,0,0,0,0,0
AWDMHCQVX_2492-959-3004-1471,1,0,0,0,0,0,0,0,0
AWDMHCQVX_2539-2990-3051-3502,1,0,0,0,0,0,0,0,0
AWDMHCQVX_2539-3502-3051-4014,1,0,0,0,0,0,0,0,0
AWDMHCQVX_2492-447-3004-959,1,0,0,0,0,0,0,0,0
AWDMHCQVX_2539-4526-3051-5038,1,0,0,0,0,0,0,0,0
AWDMHCQVX_2539-5038-3051-5550,1,0,0,0,0,0,0,0,0
AWDMHCQVX_2713-7921-3225-8433,1,0,0,0,0,0,0,0,0
AWDMHCQVX_2539-4014-3051-4526,1,0,0,0,0,0,0,0,0
AWDMHCQVX_2713-5361-3225-5873,1,0,0,0,0,0,0,0,0
AWDMHCQVX_2713-6897-3225-7409,1,0,0,0,0,0,0,0,0
AWDMHCQVX_2877-1403-3389-1915,1,0,0,0,0,0,0,0,0
AWDMHCQVX_2747-7455-3259-7967,1,0,0,0,0,0,0,0,0
AWDMHCQVX_2877-1915-3389-2427,1,0,0,0,0,0,0,0,0
AWDMHCQVX_3051-5038-3563-5550,1,0,0,0,0,0,0,0,0
AWDMHCQVX_3051-2990-3563-3502,1,0,0,0,0,0,0,0,0
AWDMHCQVX_3225-6385-3737-6897,1,0,0,0,0,0,0,0,0
AWDMHCQVX_3225-5361-3737-5873,1,0,0,0,0,0,0,0,0
AWDMHCQVX_3259-7967-3771-8479,1,0,0,0,0,0,0,0,0
AWDMHCQVX_3563-3502-4075-4014,1,0,0,0,0,0,0,0,0
AWDMHCQVX_3563-4014-4075-4526,1,0,0,0,0,0,0,0,0
AWDMHCQVX_3225-6897-3737-7409,1,0,0,0,0,0,0,0,0
AWDMHCQVX_3389-2939-3901-3451,1,0,0,0,0,0,0,0,0
AWDMHCQVX_3563-5038-4075-5550,1,0,0,0,0,0,0,0,0
AWDMHCQVX_3389-1915-3901-2427,1,0,0,0,0,0,0,0,0
AWDMHCQVX_3522-6999-4034-7511,1,0,0,0,0,0,0,0,0
AWDMHCQVX_3563-4526-4075-5038,1,0,0,0,0,0,0,0,0
AWDMHCQVX_3259-7455-3771-7967,1,0,0,0,0,0,0,0,0
AWDMHCQVX_3737-4849-4249-5361,1,0,0,0,0,0,0,0,0
AWDMHCQVX_3737-5361-4249-5873,1,0,0,0,0,0,0,0,0
AWDMHCQVX_3737-5873-4249-6385,1,0,0,0,0,0,0,0,0
AWDMHCQVX_3737-8433-4249-8945,1,0,0,0,0,0,0,0,0
AWDMHCQVX_3771-6943-4283-7455,1,0,0,0,0,0,0,0,0
AWDMHCQVX_3771-7455-4283-7967,1,0,0,0,0,0,0,0,0
AWDMHCQVX_3901-2427-4413-2939,1,0,0,0,0,0,0,0,0
AWDMHCQVX_3901-1915-4413-2427,1,0,0,0,0,0,0,0,0
AWDMHCQVX_4190-4114-4702-4626,1,0,0,0,0,0,0,0,0
AWDMHCQVX_4190-6674-4702-7186,1,0,0,0,0,0,0,0,0
AWDMHCQVX_4190-5138-4702-5650,1,0,0,0,0,0,0,0,0
AWDMHCQVX_4190-3090-4702-3602,1,0,0,0,0,0,0,0,0
AWDMHCQVX_4190-4626-4702-5138,1,0,0,0,0,0,0,0,0
AWDMHCQVX_3901-2939-4413-3451,1,0,0,0,0,0,0,0,0
AWDMHCQVX_4034-6999-4546-7511,1,0,0,0,0,0,0,0,0
AWDMHCQVX_4190-6162-4702-6674,1,0,0,0,0,0,0,0,0
AWDMHCQVX_4283-6943-4795-7455,1,0,0,0,0,0,0,0,0
AWDMHCQVX_4190-3602-4702-4114,1,0,0,0,0,0,0,0,0
AWDMHCQVX_4190-5650-4702-6162,1,0,0,0,0,0,0,0,0
AWDMHCQVX_4283-8479-4795-8991,1,0,0,0,0,0,0,0,0
AWDMHCQVX_4283-7455-4795-7967,1,0,0,0,0,0,0,0,0
AWDMHCQVX_4413-1403-4925-1915,1,0,0,0,0,0,0,0,0
AWDMHCQVX_4413-2427-4925-2939,1,0,0,0,0,0,0,0,0
AWDMHCQVX_4413-1915-4925-2427,1,0,0,0,0,0,0,0,0
AWDMHCQVX_4413-2939-4925-3451,1,0,0,0,0,0,0,0,0
AWDMHCQVX_4702-6674-5214-7186,1,0,0,0,0,0,0,0,0
AWDMHCQVX_4795-6943-5307-7455,1,0,0,0,0,0,0,0,0
AWDMHCQVX_4702-3090-5214-3602,1,0,0,0,0,0,0,0,0
AWDMHCQVX_4754-1162-5266-1674,1,0,0,0,0,0,0,0,0
AWDMHCQVX_4546-6999-5058-7511,1,0,0,0,0,0,0,0,0
AWDMHCQVX_4795-7455-5307-7967,1,0,0,0,0,0,0,0,0
AWDMHCQVX_4754-1674-5266-2186,1,0,0,0,0,0,0,0,0
AWDMHCQVX_4925-1403-5437-1915,1,0,0,0,0,0,0,0,0
AWDMHCQVX_4925-1915-5437-2427,1,0,0,0,0,0,0,0,0
AWDMHCQVX_4925-2427-5437-2939,1,0,0,0,0,0,0,0,0
AWDMHCQVX_4754-650-5266-1162,1,0,0,0,0,0,0,0,0
AWDMHCQVX_4795-8479-5307-8991,1,0,0,0,0,0,0,0,0
AWDMHCQVX_4925-2939-5437-3451,1,0,0,0,0,0,0,0,0
AWDMHCQVX_5214-3090-5726-3602,1,0,0,0,0,0,0,0,0
AWDMHCQVX_5214-6674-5726-7186,1,0,0,0,0,0,0,0,0
AWDMHCQVX_5214-4114-5726-4626,1,0,0,0,0,0,0,0,0
AWDMHCQVX_5214-3602-5726-4114,1,0,0,0,0,0,0,0,0
AWDMHCQVX_5307-6943-5819-7455,1,0,0,0,0,0,0,0,0
AWDMHCQVX_5437-2427-5949-2939,1,0,0,0,0,0,0,0,0
AWDMHCQVX_5307-7455-5819-7967,1,0,0,0,0,0,0,0,0
AWDMHCQVX_5266-1674-5778-2186,1,0,0,0,0,0,0,0,0
AWDMHCQVX_5307-8479-5819-8991,1,0,0,0,0,0,0,0,0
AWDMHCQVX_5437-2939-5949-3451,1,0,0,0,0,0,0,0,0
AWDMHCQVX_5437-1915-5949-2427,1,0,0,0,0,0,0,0,0
AWDMHCQVX_5726-4626-6238-5138,1,0,0,0,0,0,0,0,0
AWDMHCQVX_5726-5138-6238-5650,1,0,0,0,0,0,0,0,0
AWDMHCQVX_5726-4114-6238-4626,1,0,0,0,0,0,0,0,0
AWDMHCQVX_5726-6162-6238-6674,1,0,0,0,0,0,0,0,0
AWDMHCQVX_5726-6674-6238-7186,1,0,0,0,0,0,0,0,0
AWDMHCQVX_5726-3090-6238-3602,1,0,0,0,0,0,0,0,0
AWDMHCQVX_5726-3602-6238-4114,1,0,0,0,0,0,0,0,0
AWDMHCQVX_5726-5650-6238-6162,1,0,0,0,0,0,0,0,0
AWDMHCQVX_5778-1674-6290-2186,1,0,0,0,0,0,0,0,0
AWDMHCQVX_5778-1162-6290-1674,1,0,0,0,0,0,0,0,0
AWDMHCQVX_5778-650-6290-1162,1,0,0,0,0,0,0,0,0
AWDMHCQVX_5819-7967-6331-8479,1,0,0,0,0,0,0,0,0
AWDMHCQVX_5819-6943-6331-7455,1,0,0,0,0,0,0,0,0
AWDMHCQVX_5819-7455-6331-7967,1,0,0,0,0,0,0,0,0
AWDMHCQVX_5949-2427-6461-2939,1,0,0,0,0,0,0,0,0
AWDMHCQVX_5819-8479-6331-8991,1,0,0,0,0,0,0,0,0
AWDMHCQVX_5949-1915-6461-2427,1,0,0,0,0,0,0,0,0
AWDMHCQVX_5949-2939-6461-3451,1,0,0,0,0,0,0,0,0
AWDMHCQVX_665-4849-1177-5361,1,0,0,0,0,0,0,0,0
AWDMHCQVX_5949-1403-6461-1915,1,0,0,0,0,0,0,0,0
AWDMHCQVX_665-6385-1177-6897,1,0,0,0,0,0,0,0,0
AWDMHCQVX_665-5873-1177-6385,1,0,0,0,0,0,0,0,0
AWDMHCQVX_665-6897-1177-7409,1,0,0,0,0,0,0,0,0
AWDMHCQVX_665-7409-1177-7921,1,0,0,0,0,0,0,0,0
AWDMHCQVX_665-7921-1177-8433,1,0,0,0,0,0,0,0,0
AWDMHCQVX_665-5361-1177-5873,1,0,0,0,0,0,0,0,0
AWDMHCQVX_829-1403-1341-1915,1,0,0,0,0,0,0,0,0
AWDMHCQVX_665-8433-1177-8945,1,0,0,0,0,0,0,0,0
AWDMHCQVX_829-1915-1341-2427,1,0,0,0,0,0,0,0,0
AWDMHCQVX_956-447-1468-959,1,0,0,0,0,0,0,0,0
AWDMHCQVX_956-959-1468-1471,1,0,0,0,0,0,0,0,0
AWGFP4UHW_10697-10356-11209-10868,0,0,0,0,1,0,0,0,0
AWGFP4UHW_10245-10262-10757-10774,0,0,0,0,1,0,0,0,0
AWGFP4UHW_10812-5784-11324-6296,0,0,0,0,1,0,0,0,0
AWGFP4UHW_11659-5893-12171-6405,0,0,0,0,1,0,0,0,0
AWGFP4UHW_11752-6625-12264-7137,0,0,0,0,1,0,0,0,0
AWGFP4UHW_11607-10545-12119-11057,0,0,0,0,1,0,0,0,0
AWGFP4UHW_1160-652-1672-1164,0,0,0,0,1,0,0,0,0
AWGFP4UHW_11160-10395-11672-10907,0,0,0,0,1,0,0,0,0
AWGFP4UHW_11789-7306-12301-7818,0,0,0,0,1,0,0,0,0
AWGFP4UHW_11253-5769-11765-6281,0,0,0,0,1,0,0,0,0
AWGFP4UHW_10117-5799-10629-6311,0,0,0,0,1,0,0,0,0
AWGFP4UHW_11790-7988-12302-8500,0,0,0,0,1,0,0,0,0
AWGFP4UHW_11814-8666-12326-9178,0,0,0,0,1,0,0,0,0
AWGFP4UHW_11855-9321-12367-9833,0,0,0,0,1,0,0,0,0
AWGFP4UHW_11877-9988-12389-10500,0,0,0,0,1,0,0,0,0
AWGFP4UHW_16371-5438-16883-5950,0,0,0,0,1,0,0,0,0
AWGFP4UHW_16387-6093-16899-6605,0,0,0,0,1,0,0,0,0
AWGFP4UHW_12934-7410-13446-7922,0,0,0,0,0,0,0,0,1
AWGFP4UHW_1262-1363-1774-1875,0,0,0,0,1,0,0,0,0
AWGFP4UHW_15621-9455-16133-9967,0,0,0,0,0,0,0,0,1
AWGFP4UHW_16438-8843-16950-9355,0,0,0,0,1,0,0,0,0
AWGFP4UHW_16401-7470-16913-7982,0,0,0,0,1,0,0,0,0
AWGFP4UHW_16397-6782-16909-7294,0,0,0,0,1,0,0,0,0
AWGFP4UHW_1672-652-2184-1164,0,0,0,0,1,0,0,0,0
AWGFP4UHW_16441-9538-16953-10050,0,0,0,0,1,0,0,0,0
AWGFP4UHW_16414-8166-16926-8678,0,0,0,0,1,0,0,0,0
AWGFP4UHW_16481-11168-16993-11680,0,0,0,0,1,0,0,0,0
AWGFP4UHW_16445-10136-16957-10648,0,0,0,0,1,0,0,0,0
AWGFP4UHW_16445-10648-16957-11160,0,0,0,0,1,0,0,0,0
AWGFP4UHW_17957-11361-18469-11873,0,0,0,0,1,0,0,0,0
AWGFP4UHW_17147-11215-17659-11727,0,0,0,0,1,0,0,0,0
AWGFP4UHW_2049-3176-2561-3688,0,0,0,0,1,0,0,0,0
AWGFP4UHW_1824-2850-2336-3362,0,0,0,0,1,0,0,0,0
AWGFP4UHW_2489-3460-3001-3972,0,0,0,0,1,0,0,0,0
AWGFP4UHW_2066-635-2578-1147,0,0,0,0,1,0,0,0,0
AWGFP4UHW_3384-3766-3896-4278,0,0,0,0,1,0,0,0,0
AWGFP4UHW_3487-1253-3999-1765,0,0,0,0,1,0,0,0,1
AWGFP4UHW_2930-3695-3442-4207,0,0,0,0,1,0,0,0,0
AWGFP4UHW_2492-640-3004-1152,0,0,0,0,1,0,0,0,0
AWGFP4UHW_3487-741-3999-1253,0,0,0,0,1,0,0,0,1
AWGFP4UHW_3597-9162-4109-9674,0,0,0,0,1,0,0,0,0
AWGFP4UHW_3998-9265-4510-9777,0,0,0,0,1,0,0,0,0
AWGFP4UHW_4307-1364-4819-1876,0,0,0,0,1,0,0,0,0
AWGFP4UHW_2975-741-3487-1253,0,0,0,0,1,0,0,0,1
AWGFP4UHW_3999-1253-4511-1765,0,0,0,0,1,0,0,0,1
AWGFP4UHW_4772-1606-5284-2118,0,0,0,0,1,0,0,0,0
AWGFP4UHW_4529-9377-5041-9889,0,0,0,0,1,0,0,0,0
AWGFP4UHW_5212-1791-5724-2303,0,0,0,0,1,0,0,0,0
AWGFP4UHW_4864-9380-5376-9892,0,0,0,0,1,0,0,0,0
AWGFP4UHW_5682-2050-6194-2562,0,0,0,0,1,0,0,0,0
AWGFP4UHW_5302-9453-5814-9965,0,0,0,0,1,0,0,0,0
AWGFP4UHW_8450-9978-8962-10490,0,0,0,0,1,0,0,0,0
AWGFP4UHW_7037-2819-7549-3331,0,0,0,0,1,0,0,0,0
AWGFP4UHW_6595-2442-7107-2954,0,0,0,0,1,0,0,0,0
AWGFP4UHW_7549-2819-8061-3331,0,0,0,0,1,0,0,0,0
AWGFP4UHW_5757-9540-6269-10052,0,0,0,0,1,0,0,0,0
AWGFP4UHW_6647-9675-7159-10187,0,0,0,0,1,0,0,0,0
AWGFP4UHW_7083-9754-7595-10266,0,0,0,0,1,0,0,0,0
AWGFP4UHW_6199-9591-6711-10103,0,0,0,0,1,0,0,0,0
AWGFP4UHW_8471-4059-8983-4571,0,0,0,0,1,0,0,0,0
AWGFP4UHW_7999-9900-8511-10412,0,0,0,0,1,0,0,0,0
AWGFP4UHW_6140-2341-6652-2853,0,0,0,0,1,0,0,0,0
AWGFP4UHW_7544-9814-8056-10326,0,0,0,0,1,0,0,0,0
AWGFP4UHW_7993-3458-8505-3970,0,0,0,0,1,0,0,0,0
AWGFP4UHW_8887-10076-9399-10588,0,0,0,0,1,0,0,0,0
AWGFP4UHW_9342-10146-9854-10658,0,0,0,0,1,0,0,0,0
AWGFP4UHW_9165-5038-9677-5550,0,0,0,0,1,0,0,0,0
AWGFP4UHW_9427-5285-9939-5797,0,0,0,0,1,0,0,0,0
AWGFP4UHW_9788-10218-10300-10730,0,0,0,0,1,0,0,0,0
AWP1EFDT3_2548-3202-3060-3714,0,1,0,0,0,0,0,0,0
AWP1EFDT3_1463-1258-1975-1770,0,1,0,0,0,0,0,0,0
AWP1EFDT3_10421-1953-10933-2465,0,1,0,0,0,0,0,0,0
AWP1EFDT3_1975-1258-2487-1770,0,1,0,0,0,0,0,0,0
AWP1EFDT3_2220-711-2732-1223,0,1,0,0,0,0,0,0,0
AWP1EFDT3_2182-1072-2694-1584,0,1,0,0,0,0,0,0,0
AWP1EFDT3_10039-1676-10551-2188,0,1,0,0,0,0,0,0,0
AWP1EFDT3_4990-750-5502-1262,0,1,0,0,0,0,0,0,0
AWP1EFDT3_2036-3202-2548-3714,0,1,0,0,0,0,0,0,0
AWP1EFDT3_2036-2690-2548-3202,0,1,0,0,0,0,0,0,0
AWP1EFDT3_5157-1331-5669-1843,0,1,0,0,0,0,0,0,0
AWP1EFDT3_5945-1747-6457-2259,0,1,0,0,0,0,0,0,0
AWP1EFDT3_2548-2690-3060-3202,0,1,0,0,0,0,0,0,0
AWP1EFDT3_6014-1038-6526-1550,0,1,0,0,0,0,0,0,0
AWP1EFDT3_6014-2251-6526-2763,0,1,0,0,0,0,0,0,0
AWP1EFDT3_6014-2763-6526-3275,0,1,0,0,0,0,0,0,0
AWP1EFDT3_6294-6547-6806-7059,0,1,0,0,0,0,0,0,0
AWP1EFDT3_6526-1038-7038-1550,0,1,0,0,0,0,0,0,0
AWP1EFDT3_7285-1624-7797-2136,0,1,0,0,0,0,0,0,0
AWP1EFDT3_6857-832-7369-1344,0,1,0,0,0,0,0,0,0
AWP1EFDT3_6526-2251-7038-2763,0,1,0,0,0,0,0,0,0
AWP1EFDT3_6765-2594-7277-3106,0,1,0,0,0,0,0,0,0
AWP1EFDT3_6526-2763-7038-3275,0,1,0,0,0,0,0,0,0
AWP1EFDT3_6922-2028-7434-2540,0,1,0,0,0,0,0,0,0
AWP1EFDT3_7478-1159-7990-1671,0,1,0,0,0,0,0,0,0
AWP1EFDT3_6773-1624-7285-2136,0,1,0,0,0,0,0,0,0
AWP1EFDT3_7990-1159-8502-1671,0,1,0,0,0,0,0,0,0
AWP1EFDT3_7781-875-8293-1387,0,1,0,0,0,0,0,0,0
AWP1EFDT3_7032-2907-7544-3419,0,1,0,0,0,0,0,0,0
AWP1EFDT3_7990-1671-8502-2183,0,1,0,0,0,0,0,0,0
AXNCNNT9Q_1820-3430-2332-3942,0,0,0,0,0,0,0,0,1
AWP1EFDT3_9817-1249-10329-1761,0,1,0,0,0,0,0,0,0
AYDHFR223_1127-1145-1639-1657,1,0,0,0,0,0,0,0,0
AYDHFR223_1127-1657-1639-2169,1,0,0,0,0,0,0,0,0
AYDHFR223_1918-2082-2430-2594,1,0,0,0,0,0,0,0,0
AYDHFR223_5095-4428-5607-4940,1,0,0,0,0,0,0,0,0
AYDHFR223_1127-2169-1639-2681,1,0,0,0,0,0,0,0,0
AZAKI2EJM_2016-5251-2528-5763,0,0,0,0,0,0,1,0,0
AZAKI2EJM_1784-4606-2296-5118,0,0,0,0,0,0,1,0,0
AYDHFR223_510-959-1022-1471,1,0,0,0,0,0,0,0,0
AYDHFR223_5780-4495-6292-5007,1,0,0,0,0,0,0,0,0
AYDHFR223_4583-4428-5095-4940,1,0,0,0,0,0,0,0,0
AZAKI2EJM_1841-5792-2353-6304,0,0,0,0,0,0,1,0,0
AZAKI2EJM_2353-5792-2865-6304,0,0,0,0,0,0,1,0,0
AYDHFR223_740-3747-1252-4259,1,0,0,0,0,0,0,0,0
AZAKI2EJM_1504-5251-2016-5763,0,0,0,0,0,0,1,0,0
AZAKI2EJM_5081-3428-5593-3940,0,0,0,0,0,0,1,0,0
AZAKI2EJM_5081-3940-5593-4452,0,0,0,0,0,0,1,0,0
AZAKI2EJM_5184-4469-5696-4981,0,0,0,0,0,0,1,0,0
AZAKI2EJM_5184-4981-5696-5493,0,0,0,0,0,0,1,0,0
AZNEF9RLA_1691-4490-2203-5002,0,0,1,0,0,0,0,0,0
AZNEF9RLA_1986-4466-2498-4978,0,0,1,0,0,0,0,0,0
AZNEF9RLA_2258-4397-2770-4909,0,0,1,0,0,0,0,0,0
AZNEF9RLA_3739-4490-4251-5002,0,0,1,0,0,0,0,0,0
AZNEF9RLA_3227-4490-3739-5002,0,0,1,0,0,0,0,0,0
AZNEF9RLA_2715-4490-3227-5002,0,0,1,0,0,0,0,0,0
AZNEF9RLA_4251-4490-4763-5002,0,0,1,0,0,0,0,0,0
AZNEF9RLA_4449-3244-4961-3756,0,0,1,0,0,0,0,0,0
AZNEF9RLA_4353-1478-4865-1990,0,0,1,0,0,0,0,0,0
AZNEF9RLA_4446-2220-4958-2732,0,0,1,0,0,0,0,0,0
AZNEF9RLA_4435-3516-4947-4028,0,0,1,0,0,0,0,0,0
AZNEF9RLA_5054-548-5566-1060,0,0,1,0,0,0,0,0,0
AZNEF9RLA_4459-1705-4971-2217,0,0,1,0,0,0,0,0,0
AZNEF9RLA_4766-555-5278-1067,0,0,1,0,0,0,0,0,0
AZNEF9RLA_4526-686-5038-1198,0,0,1,0,0,0,0,0,0
AZNEF9RLA_565-4356-1077-4868,0,0,1,0,0,0,0,0,0
AZNEF9RLA_5383-612-5895-1124,0,0,1,0,0,0,0,0,0
AZNEF9RLA_6101-542-6613-1054,0,0,1,0,0,0,0,0,0
AZNEF9RLA_6697-541-7209-1053,0,0,1,0,0,0,0,0,0
AZNEF9RLA_7721-541-8233-1053,0,0,1,0,0,0,0,0,0
B2CJRAE4Y_1546-2255-2058-2767,0,0,0,0,0,0,1,0,0
AZNEF9RLA_7209-541-7721-1053,0,0,1,0,0,0,0,0,0
B2CJRAE4Y_2570-1743-3082-2255,0,0,0,0,0,0,1,0,0
B2CJRAE4Y_2058-2255-2570-2767,0,0,0,0,0,0,1,0,0
B2CJRAE4Y_1034-2255-1546-2767,0,0,0,0,0,0,1,0,0
B2CJRAE4Y_4618-1231-5130-1743,0,0,0,0,0,0,1,0,0
B2CJRAE4Y_2570-2255-3082-2767,0,0,0,0,0,0,1,0,0
AZP9I8BJU_746-489-1258-1001,0,0,0,0,0,0,0,0,1
B2CJRAE4Y_4618-1743-5130-2255,0,0,0,0,0,0,1,0,0
B2CJRAE4Y_3082-1743-3594-2255,0,0,0,0,0,0,1,0,0
B2CJRAE4Y_3082-2255-3594-2767,0,0,0,0,0,0,1,0,0
B2CJRAE4Y_3594-1743-4106-2255,0,0,0,0,0,0,1,0,0
B2CJRAE4Y_4106-1743-4618-2255,0,0,0,0,0,0,1,0,0
B2CJRAE4Y_522-1743-1034-2255,0,0,0,0,0,0,1,0,0
B2CJRAE4Y_522-2255-1034-2767,0,0,0,0,0,0,1,0,0
B4LCFV8TT_1043-1859-1555-2371,0,0,0,1,0,0,0,0,0
B4LCFV8TT_3516-5567-4028-6079,0,0,1,0,0,0,0,0,0
B4PG2RK2H_3863-1151-4375-1663,0,0,0,0,0,0,1,0,0
B4LCFV8TT_3822-5483-4334-5995,0,0,1,0,0,0,0,0,0
B4PG2RK2H_3351-639-3863-1151,0,0,0,0,0,0,1,0,0
B4LCFV8TT_3528-6070-4040-6582,0,0,1,0,0,0,0,0,0
B4LCFV8TT_3584-5809-4096-6321,0,0,1,0,0,0,0,0,0
B4PG2RK2H_3863-3711-4375-4223,0,0,0,0,0,0,1,0,0
B4PG2RK2H_3863-639-4375-1151,0,0,0,0,0,0,1,0,0
B4PG2RK2H_3863-2175-4375-2687,0,0,0,0,0,0,1,0,0
B4PG2RK2H_3351-1151-3863-1663,0,0,0,0,0,0,1,0,0
B4ZZN9AAF_562-2767-1074-3279,0,0,0,0,0,0,0,0,1
B4PG2RK2H_3863-1663-4375-2175,0,0,0,0,0,0,1,0,0
B4ZZN9AAF_881-3530-1393-4042,0,0,0,0,0,0,0,0,1
B4PG2RK2H_3863-2687-4375-3199,0,0,0,0,0,0,1,0,0
B4PG2RK2H_3863-3199-4375-3711,0,0,0,0,0,0,1,0,0
B6ALDBGLM_3482-4600-3994-5112,0,0,0,0,0,0,0,0,1
B4ZZN9AAF_951-1851-1463-2363,0,0,0,0,0,0,0,0,1
B6ALDBGLM_4790-4661-5302-5173,0,0,0,0,0,0,0,0,1
B6ALDBGLM_7629-4375-8141-4887,0,0,0,0,0,0,0,0,1
B6ALDBGLM_7795-3631-8307-4143,0,0,0,0,0,0,0,0,1
B6HTKJXHY_3493-1173-4005-1685,0,0,0,1,0,0,0,0,0
B6ALDBGLM_7865-4504-8377-5016,0,0,0,0,0,0,0,0,1
B6ALDBGLM_7828-4149-8340-4661,0,0,0,0,0,0,0,0,1
B6ALDBGLM_6510-7147-7022-7659,0,0,0,0,0,0,0,0,1
B6HTKJXHY_3493-661-4005-1173,0,0,0,1,0,0,0,0,0
B6HTKJXHY_3493-1685-4005-2197,0,0,0,1,0,0,0,0,0
B6ALDBGLM_7767-3899-8279-4411,0,0,0,0,0,0,0,0,1
B6ALDBGLM_7100-7880-7612-8392,0,0,0,0,0,0,0,0,1
B6HTKJXHY_3537-3854-4049-4366,0,0,1,0,0,0,0,0,0
B6ALDBGLM_6748-7407-7260-7919,0,0,0,0,0,0,0,0,1
B6ALDBGLM_6684-5645-7196-6157,0,0,0,0,0,0,0,0,1
B6ALDBGLM_7696-5362-8208-5874,0,0,0,0,0,0,0,0,1
B6HTKJXHY_4005-1173-4517-1685,0,0,0,1,0,0,0,0,0
B6HTKJXHY_4005-2197-4517-2709,0,0,0,1,0,0,0,0,0
B6HTKJXHY_4005-1685-4517-2197,0,0,0,1,0,0,0,0,0
B6HTKJXHY_4517-1173-5029-1685,0,0,0,1,0,0,0,0,0
B71Q3PCP2_1196-1774-1708-2286,0,0,0,1,0,0,0,0,0
B71Q3PCP2_6015-2324-6527-2836,0,0,0,1,0,0,0,0,0
B7CI7KVWM_10316-6315-10828-6827,0,1,0,0,0,0,0,0,0
B6HTKJXHY_4308-3758-4820-4270,0,0,0,1,0,0,0,0,0
B71Q3PCP2_7514-979-8026-1491,0,0,0,1,0,0,0,0,0
B6HTKJXHY_4517-661-5029-1173,0,0,0,1,0,0,0,0,0
B71Q3PCP2_800-4071-1312-4583,0,0,0,1,0,0,0,0,0
B7CI7KVWM_1266-5853-1778-6365,0,1,0,0,0,0,0,0,0
B71Q3PCP2_1312-4071-1824-4583,0,0,0,1,0,0,0,0,0
B7CI7KVWM_10316-6827-10828-7339,0,1,0,0,0,0,0,0,0
B7CI7KVWM_1266-6365-1778-6877,0,1,0,0,0,0,0,0,0
B7CI7KVWM_10316-7851-10828-8363,0,1,0,0,0,0,0,0,0
B7CI7KVWM_1168-864-1680-1376,0,1,0,0,0,0,0,0,0
B7CI7KVWM_10316-7339-10828-7851,0,1,0,0,0,0,0,0,0
B7CI7KVWM_1525-4808-2037-5320,0,1,0,0,0,0,0,0,0
B7CI7KVWM_1525-5320-2037-5832,0,1,0,0,0,0,0,0,0
B7CI7KVWM_1680-1376-2192-1888,0,1,0,0,0,0,0,0,0
B7CI7KVWM_1680-1888-2192-2400,0,1,0,0,0,0,0,0,0
B7CI7KVWM_1680-864-2192-1376,0,1,0,0,0,0,0,0,0
B7CI7KVWM_1790-3890-2302-4402,0,1,0,0,0,0,0,0,0
B7CI7KVWM_1778-6365-2290-6877,0,1,0,0,0,0,0,0,0
B7CI7KVWM_2037-5832-2549-6344,0,1,0,0,0,0,0,0,0
B7CI7KVWM_1743-2172-2255-2684,0,1,0,0,0,0,0,0,0
B7CI7KVWM_1790-4402-2302-4914,0,1,0,0,0,0,0,0,0
B7CI7KVWM_2037-4808-2549-5320,0,1,0,0,0,0,0,0,0
B7CI7KVWM_2192-1888-2704-2400,0,1,0,0,0,0,0,0,0
B7CI7KVWM_2302-3890-2814-4402,0,1,0,0,0,0,0,0,0
B7CI7KVWM_2192-864-2704-1376,0,1,0,0,0,0,0,0,0
B7CI7KVWM_2084-7617-2596-8129,0,1,0,0,0,0,0,0,0
B7CI7KVWM_2192-1376-2704-1888,0,1,0,0,0,0,0,0,0
B7CI7KVWM_2302-4402-2814-4914,0,1,0,0,0,0,0,0,0
B7CI7KVWM_2549-4808-3061-5320,0,1,0,0,0,0,0,0,0
B7CI7KVWM_2549-5320-3061-5832,0,1,0,0,0,0,0,0,0
B7CI7KVWM_2596-7617-3108-8129,0,1,0,0,0,0,0,0,0
B7CI7KVWM_2549-5832-3061-6344,0,1,0,0,0,0,0,0,0
B7CI7KVWM_3728-2400-4240-2912,0,1,0,0,0,0,0,0,0
B7CI7KVWM_2704-1376-3216-1888,0,1,0,0,0,0,0,0,0
B7CI7KVWM_2704-864-3216-1376,0,1,0,0,0,0,0,0,0
B7CI7KVWM_3108-7617-3620-8129,0,1,0,0,0,0,0,0,0
B7CI7KVWM_3061-5320-3573-5832,0,1,0,0,0,0,0,0,0
B7CI7KVWM_3728-1376-4240-1888,0,1,0,0,0,0,0,0,0
B7CI7KVWM_3846-744-4358-1256,0,1,0,0,0,0,0,0,0
B7CI7KVWM_3728-1888-4240-2400,0,1,0,0,0,0,0,0,0
B7CI7KVWM_3061-5832-3573-6344,0,1,0,0,0,0,0,0,0
B7CI7KVWM_3216-1376-3728-1888,0,1,0,0,0,0,0,0,0
B7CI7KVWM_4046-3249-4558-3761,0,1,0,0,0,0,0,0,0
B7CI7KVWM_3728-3424-4240-3936,0,1,0,0,0,0,0,0,0
B7CI7KVWM_4046-4273-4558-4785,0,1,0,0,0,0,0,0,0
B7CI7KVWM_4046-3761-4558-4273,0,1,0,0,0,0,0,0,0
B7CI7KVWM_4046-4785-4558-5297,0,1,0,0,0,0,0,0,0
B7CI7KVWM_4155-6695-4667-7207,0,1,0,0,0,0,0,0,0
B7CI7KVWM_4155-7207-4667-7719,0,1,0,0,0,0,0,0,0
B7CI7KVWM_4240-1376-4752-1888,0,1,0,0,0,0,0,0,0
B7CI7KVWM_4240-1888-4752-2400,0,1,0,0,0,0,0,0,0
B7CI7KVWM_4240-2912-4752-3424,0,1,0,0,0,0,0,0,0
B7CI7KVWM_4746-4701-5258-5213,0,1,0,0,0,0,0,0,0
B7CI7KVWM_4358-744-4870-1256,0,1,0,0,0,0,0,0,0
B7CI7KVWM_4240-2400-4752-2912,0,1,0,0,0,0,0,0,0
B7CI7KVWM_4558-4273-5070-4785,0,1,0,0,0,0,0,0,0
B7CI7KVWM_4558-3249-5070-3761,0,1,0,0,0,0,0,0,0
B7CI7KVWM_4746-5725-5258-6237,0,1,0,0,0,0,0,0,0
B7CI7KVWM_4752-1888-5264-2400,0,1,0,0,0,0,0,0,0
B7CI7KVWM_4240-3424-4752-3936,0,1,0,0,0,0,0,0,0
B7CI7KVWM_4558-3761-5070-4273,0,1,0,0,0,0,0,0,0
B7CI7KVWM_4746-5213-5258-5725,0,1,0,0,0,0,0,0,0
B7CI7KVWM_4746-6237-5258-6749,0,1,0,0,0,0,0,0,0
B7CI7KVWM_4752-2912-5264-3424,0,1,0,0,0,0,0,0,0
B7CI7KVWM_4752-864-5264-1376,0,1,0,0,0,0,0,0,0
B7CI7KVWM_4752-3424-5264-3936,0,1,0,0,0,0,0,0,0
B7CI7KVWM_4870-1256-5382-1768,0,1,0,0,0,0,0,0,0
B7CI7KVWM_5258-4701-5770-5213,0,1,0,0,0,0,0,0,0
B7CI7KVWM_5258-6237-5770-6749,0,1,0,0,0,0,0,0,0
B7CI7KVWM_5264-1888-5776-2400,0,1,0,0,0,0,0,0,0
B7CI7KVWM_5264-3424-5776-3936,0,1,0,0,0,0,0,0,0
B7CI7KVWM_5264-2912-5776-3424,0,1,0,0,0,0,0,0,0
B7CI7KVWM_5264-1376-5776-1888,0,1,0,0,0,0,0,0,0
B7CI7KVWM_5264-2400-5776-2912,0,1,0,0,0,0,0,0,0
B7CI7KVWM_6108-4062-6620-4574,0,1,0,0,0,0,0,0,0
B7CI7KVWM_5258-5725-5770-6237,0,1,0,0,0,0,0,0,0
B7CI7KVWM_6131-456-6643-968,0,1,0,0,0,0,0,0,0
B7CI7KVWM_5264-864-5776-1376,0,1,0,0,0,0,0,0,0
B7CI7KVWM_5258-5213-5770-5725,0,1,0,0,0,0,0,0,0
B7CI7KVWM_6131-1480-6643-1992,0,1,0,0,0,0,0,0,0
B7CI7KVWM_6131-968-6643-1480,0,1,0,0,0,0,0,0,0
B7CI7KVWM_6643-1480-7155-1992,0,1,0,0,0,0,0,0,0
B7CI7KVWM_6643-456-7155-968,0,1,0,0,0,0,0,0,0
B7CI7KVWM_6643-968-7155-1480,0,1,0,0,0,0,0,0,0
B7CI7KVWM_6643-1992-7155-2504,0,1,0,0,0,0,0,0,0
B7CI7KVWM_7155-456-7667-968,0,1,0,0,0,0,0,0,0
B7CI7KVWM_7155-968-7667-1480,0,1,0,0,0,0,0,0,0
B7CI7KVWM_8177-1950-8689-2462,0,1,0,0,0,0,0,0,0
B7CI7KVWM_8177-2974-8689-3486,0,1,0,0,0,0,0,0,0
B7CI7KVWM_754-5853-1266-6365,0,1,0,0,0,0,0,0,0
B7CI7KVWM_8177-926-8689-1438,0,1,0,0,0,0,0,0,0
B7CI7KVWM_8177-1438-8689-1950,0,1,0,0,0,0,0,0,0
B7CI7KVWM_8177-2462-8689-2974,0,1,0,0,0,0,0,0,0
B7CI7KVWM_8177-3486-8689-3998,0,1,0,0,0,0,0,0,0
B7CI7KVWM_8689-2974-9201-3486,0,1,0,0,0,0,0,0,0
B7CI7KVWM_8689-3486-9201-3998,0,1,0,0,0,0,0,0,0
B7CI7KVWM_8689-926-9201-1438,0,1,0,0,0,0,0,0,0
B7CI7KVWM_9201-2462-9713-2974,0,1,0,0,0,0,0,0,0
B7CI7KVWM_9201-2974-9713-3486,0,1,0,0,0,0,0,0,0
B7CI7KVWM_9201-926-9713-1438,0,1,0,0,0,0,0,0,0
B7CI7KVWM_9713-1438-10225-1950,0,1,0,0,0,0,0,0,0
B7CI7KVWM_9292-7339-9804-7851,0,1,0,0,0,0,0,0,0
B7CI7KVWM_9713-1950-10225-2462,0,1,0,0,0,0,0,0,0
B7CI7KVWM_9292-7851-9804-8363,0,1,0,0,0,0,0,0,0
B7CI7KVWM_9804-6827-10316-7339,0,1,0,0,0,0,0,0,0
B7RBZTAXL_1039-3025-1551-3537,0,0,0,0,0,1,0,0,0
B7CI7KVWM_9804-7339-10316-7851,0,1,0,0,0,0,0,0,0
B7RBZTAXL_1039-2001-1551-2513,0,0,0,0,0,1,0,0,0
B7CI7KVWM_9713-926-10225-1438,0,1,0,0,0,0,0,0,0
B7RBZTAXL_1133-867-1645-1379,0,0,0,0,1,1,0,0,0
B7RBZTAXL_1240-2751-1752-3263,0,0,0,0,0,1,0,0,0
B7RBZTAXL_1039-2513-1551-3025,0,0,0,0,0,1,0,0,0
B7RBZTAXL_1039-4049-1551-4561,0,0,0,0,0,1,0,0,0
B7RBZTAXL_1039-3537-1551-4049,0,0,0,0,0,1,0,0,0
B7RBZTAXL_1360-5095-1872-5607,0,0,0,0,1,0,0,0,0
B7RBZTAXL_1381-651-1893-1163,0,0,0,0,1,1,0,0,0
B7RBZTAXL_1893-651-2405-1163,0,0,0,0,1,0,0,0,0
B7RBZTAXL_3029-780-3541-1292,0,0,0,0,1,1,0,0,0
B7RBZTAXL_2162-5107-2674-5619,0,0,0,0,1,1,0,0,0
B7RBZTAXL_2606-771-3118-1283,0,0,0,0,1,1,0,0,0
B7RBZTAXL_2674-5107-3186-5619,0,0,0,0,1,1,0,0,0
B7RBZTAXL_2948-5134-3460-5646,0,0,0,0,1,1,0,0,0
B7RBZTAXL_4172-5156-4684-5668,0,0,0,0,1,1,0,0,0
B7RBZTAXL_5126-5078-5638-5590,0,0,0,0,1,1,0,0,0
B7RBZTAXL_4957-792-5469-1304,0,0,0,0,1,1,0,0,0
B7RBZTAXL_3460-5134-3972-5646,0,0,0,0,1,1,0,0,0
B7RBZTAXL_4445-792-4957-1304,0,0,0,0,1,1,0,0,0
B7RBZTAXL_4836-5183-5348-5695,0,0,0,0,1,1,0,0,0
B7RBZTAXL_4705-686-5217-1198,0,0,0,0,1,1,0,0,0
B7RBZTAXL_3515-690-4027-1202,0,0,0,0,1,1,0,0,0
B7RBZTAXL_3933-792-4445-1304,0,0,0,0,1,1,0,0,0
B7RBZTAXL_5217-686-5729-1198,0,0,0,0,1,1,0,0,0
B7RBZTAXL_5348-5183-5860-5695,0,0,0,0,1,1,0,0,0
B7RBZTAXL_5469-792-5981-1304,0,0,0,0,1,1,0,0,0
B7RBZTAXL_908-4830-1420-5342,0,0,0,0,0,1,0,0,0
B81LKF99F_1402-1686-1914-2198,1,0,0,0,0,0,0,0,0
B81LKF99F_1276-5365-1788-5877,1,0,0,0,0,0,0,0,0
B81LKF99F_1567-5431-2079-5943,1,0,0,0,0,0,0,0,0
B81LKF99F_1402-1174-1914-1686,1,0,0,0,0,0,0,0,0
B81LKF99F_1312-2950-1824-3462,1,0,0,0,0,0,0,0,0
B81LKF99F_1810-2056-2322-2568,1,0,0,0,0,0,0,0,0
B81LKF99F_2914-5412-3426-5924,1,0,0,0,0,0,0,0,0
B81LKF99F_221-4975-733-5487,1,0,0,0,0,0,0,0,0
B81LKF99F_2372-1783-2884-2295,1,0,0,0,0,0,0,0,0
B81LKF99F_2402-5412-2914-5924,1,0,0,0,0,0,0,0,0
B81LKF99F_221-5487-733-5999,1,0,0,0,0,0,0,0,0
B81LKF99F_1661-3960-2173-4472,1,0,0,0,0,0,0,0,0
B81LKF99F_2394-998-2906-1510,1,0,0,0,0,0,0,0,0
B81LKF99F_2079-5431-2591-5943,1,0,0,0,0,0,0,0,0
B81LKF99F_1810-1544-2322-2056,1,0,0,0,0,0,0,0,0
B81LKF99F_3297-3180-3809-3692,1,0,0,0,0,0,0,0,0
B81LKF99F_349-1236-861-1748,1,0,0,0,0,0,0,0,0
B81LKF99F_349-1748-861-2260,1,0,0,0,0,0,0,0,0
B81LKF99F_349-2260-861-2772,1,0,0,0,0,0,0,0,0
B81LKF99F_4585-798-5097-1310,1,0,0,0,0,0,0,0,0
B81LKF99F_4167-4716-4679-5228,1,0,0,0,0,0,0,0,0
B81LKF99F_349-724-861-1236,1,0,0,0,0,0,0,0,0
B81LKF99F_3581-5037-4093-5549,1,0,0,0,0,0,0,0,0
B81LKF99F_4797-517-5309-1029,1,0,0,0,0,0,0,0,0
B8QNAIBQJ_1078-3002-1590-3514,0,0,0,1,0,0,0,0,0
B81LKF99F_909-1252-1421-1764,1,0,0,0,0,0,0,0,0
B81LKF99F_909-740-1421-1252,1,0,0,0,0,0,0,0,0
B81LKF99F_764-5365-1276-5877,1,0,0,0,0,0,0,0,0
B81LKF99F_932-1926-1444-2438,1,0,0,0,0,0,0,0,0
B8QNAIBQJ_1078-3514-1590-4026,0,0,0,1,0,0,0,0,0
B81LKF99F_511-5029-1023-5541,1,0,0,0,0,0,0,0,0
B8QNAIBQJ_1590-3002-2102-3514,0,0,0,1,0,0,0,0,0
B8QNAIBQJ_2102-2490-2614-3002,0,0,0,1,0,0,0,0,0
B8QNAIBQJ_2102-3002-2614-3514,0,0,0,1,0,0,0,0,0
B8QNAIBQJ_2614-2490-3126-3002,0,0,0,1,0,0,0,0,0
B8QNAIBQJ_4150-1978-4662-2490,0,0,0,1,0,0,0,0,0
B8QNAIBQJ_3126-1978-3638-2490,0,0,0,1,0,0,0,0,0
B8QNAIBQJ_4662-1466-5174-1978,0,0,0,1,0,0,0,0,0
B8QNAIBQJ_3126-2490-3638-3002,0,0,0,1,0,0,0,0,0
B8QNAIBQJ_4150-1466-4662-1978,0,0,0,1,0,0,0,0,0
B8QNAIBQJ_3638-1978-4150-2490,0,0,0,1,0,0,0,0,0
B8QNAIBQJ_5174-442-5686-954,0,0,0,1,0,0,0,0,0
B9FHVVRA1_1336-1066-1848-1578,0,0,1,0,0,0,0,0,0
B9FHVVRA1_10368-6928-10880-7440,0,0,1,0,0,0,0,0,0
B9FHVVRA1_2360-1066-2872-1578,0,0,1,0,0,0,0,0,0
B9FHVVRA1_2872-1066-3384-1578,0,0,1,0,0,0,0,0,0
B8QNAIBQJ_566-3514-1078-4026,0,0,0,1,0,0,0,0,0
B8QNAIBQJ_5174-954-5686-1466,0,0,0,1,0,0,0,0,0
B8QNAIBQJ_4662-954-5174-1466,0,0,0,1,0,0,0,0,0
B9FHVVRA1_1848-1066-2360-1578,0,0,1,0,0,0,0,0,0
B9FHVVRA1_10880-6928-11392-7440,0,0,1,0,0,0,0,0,0
B9FHVVRA1_3470-1081-3982-1593,0,0,1,0,0,0,0,0,0
B9FHVVRA1_4043-7008-4555-7520,0,0,1,0,0,0,0,0,0
B9FHVVRA1_3531-7008-4043-7520,0,0,1,0,0,0,0,0,0
B9FHVVRA1_4555-7008-5067-7520,0,0,1,0,0,0,0,0,0
B9FHVVRA1_3982-1081-4494-1593,0,0,1,0,0,0,0,0,0
B9FHVVRA1_4472-6651-4984-7163,0,0,1,0,0,0,0,0,0
B9FHVVRA1_5067-7008-5579-7520,0,0,1,0,0,0,0,0,0
B9FHVVRA1_5239-6609-5751-7121,0,0,1,0,0,0,0,0,0
B9FHVVRA1_6024-6423-6536-6935,0,0,1,0,0,0,0,0,0
B9FHVVRA1_5579-7008-6091-7520,0,0,1,0,0,0,0,0,0
B9FHVVRA1_6832-6979-7344-7491,0,0,1,0,0,0,0,0,0
B9FHVVRA1_6107-5958-6619-6470,0,0,1,0,0,0,0,0,0
B9FHVVRA1_778-4931-1290-5443,0,0,1,0,0,0,0,0,0
B9FHVVRA1_6320-6979-6832-7491,0,0,1,0,0,0,0,0,0
B9FHVVRA1_778-4419-1290-4931,0,0,1,0,0,0,0,0,0
B9FHVVRA1_778-5443-1290-5955,0,0,1,0,0,0,0,0,0
B9FHVVRA1_778-5955-1290-6467,0,0,1,0,0,0,0,0,0
B9FHVVRA1_778-6467-1290-6979,0,0,1,0,0,0,0,0,0
B9FHVVRA1_778-6979-1290-7491,0,0,1,0,0,0,0,0,0
B9FHVVRA1_824-2090-1336-2602,0,0,1,0,0,0,0,0,0
B9FHVVRA1_809-3972-1321-4484,0,0,1,0,0,0,0,0,0
B9FHVVRA1_824-1066-1336-1578,0,0,1,0,0,0,0,0,0
B9FHVVRA1_824-1578-1336-2090,0,0,1,0,0,0,0,0,0
B9FHVVRA1_7808-6928-8320-7440,0,0,1,0,0,0,0,0,0
B9FHVVRA1_809-3460-1321-3972,0,0,1,0,0,0,0,0,0
B9FHVVRA1_8320-6928-8832-7440,0,0,1,0,0,0,0,0,0
BAJWUHQV9_1236-9272-1748-9784,0,0,1,0,0,0,0,0,0
B9FHVVRA1_9344-6928-9856-7440,0,0,1,0,0,0,0,0,0
BAJWUHQV9_1420-9111-1932-9623,0,0,1,0,0,0,0,0,0
B9FHVVRA1_9856-6928-10368-7440,0,0,1,0,0,0,0,0,0
BAJWUHQV9_1062-7878-1574-8390,0,0,1,0,0,0,0,0,0
B9FHVVRA1_838-2495-1350-3007,0,0,1,0,0,0,0,0,0
B9FHVVRA1_8832-6928-9344-7440,0,0,1,0,0,0,0,0,0
BAJWUHQV9_1433-13749-1945-14261,0,0,0,0,0,1,0,0,0
B9FHVVRA1_838-3007-1350-3519,0,0,1,0,0,0,0,0,0
BAJWUHQV9_1433-14261-1945-14773,0,0,0,0,0,1,0,0,0
BAJWUHQV9_1503-9422-2015-9934,0,0,1,0,0,0,0,0,0
BAJWUHQV9_1734-3436-2246-3948,0,0,1,0,0,0,0,0,0
BAJWUHQV9_1858-4660-2370-5172,0,0,1,0,0,0,0,0,0
BAJWUHQV9_1667-7702-2179-8214,0,0,1,0,0,0,0,0,0
BAJWUHQV9_1754-8906-2266-9418,0,0,1,0,0,0,0,0,0
BAJWUHQV9_1895-4989-2407-5501,0,0,1,0,0,0,0,0,0
BAJWUHQV9_1895-5501-2407-6013,0,0,1,0,0,0,0,0,0
BAJWUHQV9_2285-7602-2797-8114,0,0,1,0,0,0,0,0,0
BAJWUHQV9_2675-4157-3187-4669,0,0,1,0,0,0,0,0,0
BAJWUHQV9_2311-9928-2823-10440,0,0,1,0,0,0,0,0,0
BAJWUHQV9_2064-7734-2576-8246,0,0,1,0,0,0,0,0,0
BAJWUHQV9_2741-12054-3253-12566,0,0,1,0,0,0,0,0,0
BAJWUHQV9_2741-11542-3253-12054,0,0,1,0,0,0,0,0,0
BAJWUHQV9_2741-11030-3253-11542,0,0,1,0,0,0,0,0,0
BAJWUHQV9_2741-12566-3253-13078,0,0,1,0,0,0,0,0,0
BAJWUHQV9_2741-13078-3253-13590,0,0,1,0,0,0,0,0,0
BAJWUHQV9_2532-2218-3044-2730,0,0,1,0,0,0,0,0,0
BAJWUHQV9_2741-13590-3253-14102,0,0,1,0,0,0,0,0,0
BAJWUHQV9_2741-14614-3253-15126,0,0,1,0,0,0,0,0,0
BAJWUHQV9_2741-15126-3253-15638,0,0,1,0,0,0,0,0,0
BAJWUHQV9_2785-3391-3297-3903,0,0,1,0,0,0,0,0,0
BAJWUHQV9_2741-14102-3253-14614,0,0,1,0,0,0,0,0,0
BAJWUHQV9_2962-5901-3474-6413,0,0,1,0,0,0,0,0,0
BAJWUHQV9_2785-3903-3297-4415,0,0,1,0,0,0,0,0,0
BAJWUHQV9_2851-2301-3363-2813,0,0,1,0,0,0,0,0,0
BAJWUHQV9_3070-8481-3582-8993,0,0,1,0,0,0,0,0,0
BAJWUHQV9_3187-4157-3699-4669,0,0,1,0,0,0,0,0,0
BAJWUHQV9_3233-5808-3745-6320,0,0,1,0,0,0,0,0,0
BAJWUHQV9_3163-5390-3675-5902,0,0,1,0,0,0,0,0,0
BAJWUHQV9_3180-5036-3692-5548,0,0,1,0,0,0,0,0,0
BAJWUHQV9_3205-2833-3717-3345,0,0,1,0,0,0,0,0,0
BAJWUHQV9_3253-11030-3765-11542,0,0,1,0,0,0,0,0,0
BAJWUHQV9_3297-3391-3809-3903,0,0,1,0,0,0,0,0,0
BAJWUHQV9_3253-15126-3765-15638,0,0,1,0,0,0,0,0,0
BAJWUHQV9_3012-6613-3524-7125,0,0,1,0,0,0,0,0,0
BAJWUHQV9_3297-3903-3809-4415,0,0,1,0,0,0,0,0,0
BAJWUHQV9_3689-4318-4201-4830,0,0,1,0,0,0,0,0,0
BAJWUHQV9_3417-8428-3929-8940,0,0,1,0,0,0,0,0,0
BAJWUHQV9_3494-5346-4006-5858,0,0,1,0,0,0,0,0,0
BAJWUHQV9_3591-4063-4103-4575,0,0,1,0,0,0,0,0,0
BAJWUHQV9_3494-5858-4006-6370,0,0,1,0,0,0,0,0,0
BAJWUHQV9_3524-6613-4036-7125,0,0,1,0,0,0,0,0,0
BAJWUHQV9_3765-11542-4277-12054,0,0,1,0,0,0,0,0,0
BAJWUHQV9_3765-15126-4277-15638,0,0,1,0,0,0,0,0,0
BAJWUHQV9_3841-5517-4353-6029,0,0,1,0,0,0,0,0,0
BAJWUHQV9_3981-4427-4493-4939,0,0,1,0,0,0,0,0,0
BAJWUHQV9_4103-4063-4615-4575,0,0,1,0,0,0,0,0,0
BAJWUHQV9_4007-5727-4519-6239,0,0,1,0,0,0,0,0,0
BAJWUHQV9_4004-4810-4516-5322,0,0,1,0,0,0,0,0,0
BAJWUHQV9_3929-8428-4441-8940,0,0,1,0,0,0,0,0,0
BAJWUHQV9_4274-5928-4786-6440,0,0,1,0,0,0,0,0,0
BAJWUHQV9_4007-5215-4519-5727,0,0,1,0,0,0,0,0,0
BAJWUHQV9_4252-5102-4764-5614,0,0,1,0,0,0,0,0,0
BAJWUHQV9_4277-12054-4789-12566,0,0,1,0,0,0,0,0,0
BAJWUHQV9_4277-15126-4789-15638,0,0,1,0,0,0,0,0,0
BAJWUHQV9_4437-5384-4949-5896,0,0,1,0,0,0,0,0,0
BAJWUHQV9_4418-4606-4930-5118,0,0,1,0,0,0,0,0,0
BAJWUHQV9_4488-5656-5000-6168,0,0,1,0,0,0,0,0,0
BAJWUHQV9_4441-8428-4953-8940,0,0,1,0,0,0,0,0,0
BAJWUHQV9_4556-4395-5068-4907,0,0,1,0,0,0,0,0,0
BAJWUHQV9_4513-4127-5025-4639,0,0,1,0,0,0,0,0,0
BAJWUHQV9_4693-6545-5205-7057,0,0,1,0,0,0,0,0,0
BAJWUHQV9_4789-15126-5301-15638,0,0,1,0,0,0,0,0,0
BAJWUHQV9_4646-5193-5158-5705,0,0,1,0,0,0,0,0,0
BAJWUHQV9_4789-12054-5301-12566,0,0,1,0,0,0,0,0,0
BAJWUHQV9_4750-9270-5262-9782,0,0,1,0,0,0,0,0,0
BAJWUHQV9_4692-5481-5204-5993,0,0,1,0,0,0,0,0,0
BAJWUHQV9_4851-5850-5363-6362,0,0,1,0,0,0,0,0,0
BAJWUHQV9_5063-5461-5575-5973,0,0,1,0,0,0,0,0,0
BAJWUHQV9_4860-4367-5372-4879,0,0,1,0,0,0,0,0,0
BAJWUHQV9_4953-8428-5465-8940,0,0,1,0,0,0,0,0,0
BAJWUHQV9_5076-6616-5588-7128,0,0,1,0,0,0,0,0,0
BAJWUHQV9_5301-12054-5813-12566,0,0,1,0,0,0,0,0,0
BAJWUHQV9_5358-5299-5870-5811,0,0,1,0,0,0,0,0,0
BAJWUHQV9_5150-5019-5662-5531,0,0,1,0,0,0,0,0,0
BAJWUHQV9_5465-8428-5977-8940,0,0,1,0,0,0,0,0,0
BAJWUHQV9_5588-6616-6100-7128,0,0,1,0,0,0,0,0,0
BAJWUHQV9_5301-15126-5813-15638,0,0,1,0,0,0,0,0,0
BAJWUHQV9_5358-4760-5870-5272,0,0,1,0,0,0,0,0,0
BAJWUHQV9_5813-15126-6325-15638,0,0,1,0,0,0,0,0,0
BAJWUHQV9_5813-12054-6325-12566,0,0,1,0,0,0,0,0,0
BAJWUHQV9_5599-5722-6111-6234,0,0,1,0,0,0,0,0,0
BAJWUHQV9_5599-5210-6111-5722,0,0,1,0,0,0,0,0,0
BAJWUHQV9_5734-5409-6246-5921,0,0,1,0,0,0,0,0,0
BAJWUHQV9_5813-12566-6325-13078,0,0,1,0,0,0,0,0,0
BAJWUHQV9_5977-8428-6489-8940,0,0,1,0,0,0,0,0,0
BAJWUHQV9_6100-6616-6612-7128,0,0,1,0,0,0,0,0,0
BAJWUHQV9_6119-7133-6631-7645,0,0,1,0,0,0,0,0,0
BAJWUHQV9_6325-13078-6837-13590,0,0,1,0,0,0,0,0,0
BAJWUHQV9_6325-15126-6837-15638,0,0,1,0,0,0,0,0,0
BAJWUHQV9_6712-8363-7224-8875,0,0,1,0,0,0,0,0,0
BAJWUHQV9_6837-14614-7349-15126,0,0,1,0,0,0,0,0,0
BAJWUHQV9_6837-13590-7349-14102,0,0,1,0,0,0,0,0,0
BAJWUHQV9_6837-13078-7349-13590,0,0,1,0,0,0,0,0,0
BAJWUHQV9_6760-4818-7272-5330,0,0,1,0,0,0,0,0,0
BAJWUHQV9_6837-14102-7349-14614,0,0,1,0,0,0,0,0,0
BAJWUHQV9_6837-15126-7349-15638,0,0,1,0,0,0,0,0,0
BBB1JA9ZR_1047-2663-1559-3175,1,0,0,0,0,0,0,0,0
BAJWUHQV9_921-14261-1433-14773,0,0,0,0,0,1,0,0,0
BBB1JA9ZR_1109-1774-1621-2286,1,0,0,0,0,0,0,0,0
BAJWUHQV9_921-13749-1433-14261,0,0,0,0,0,1,0,0,0
BBB1JA9ZR_1002-4948-1514-5460,1,0,0,0,0,0,0,0,0
BBB1JA9ZR_1339-326-1851-838,1,0,0,0,0,0,0,0,0
BBB1JA9ZR_1274-4243-1786-4755,1,0,0,0,0,0,0,0,0
BBB1JA9ZR_1298-2169-1810-2681,1,0,0,0,0,0,0,0,0
BBB1JA9ZR_1339-838-1851-1350,1,0,0,0,0,0,0,0,0
BBB1JA9ZR_1559-2663-2071-3175,1,0,0,0,0,0,0,0,0
BBB1JA9ZR_1893-2710-2405-3222,1,0,0,0,0,0,0,0,0
BBB1JA9ZR_1810-2169-2322-2681,1,0,0,0,0,0,0,0,0
BBB1JA9ZR_1664-1771-2176-2283,1,0,0,0,0,0,0,0,0
BBB1JA9ZR_177-1005-689-1517,1,0,0,0,0,0,0,0,0
BBB1JA9ZR_1641-1034-2153-1546,1,0,0,0,0,0,0,0,0
BBB1JA9ZR_1851-326-2363-838,1,0,0,0,0,0,0,0,0
BBB1JA9ZR_2086-2279-2598-2791,1,0,0,0,0,0,0,0,0
BBB1JA9ZR_2015-984-2527-1496,1,0,0,0,0,0,0,0,0
BBB1JA9ZR_2160-1190-2672-1702,1,0,0,0,0,0,0,0,0
BBB1JA9ZR_2176-1771-2688-2283,1,0,0,0,0,0,0,0,0
BBB1JA9ZR_2398-5321-2910-5833,1,0,0,0,0,0,0,0,0
BBB1JA9ZR_243-1444-755-1956,1,0,0,0,0,0,0,0,0
BBB1JA9ZR_2265-497-2777-1009,1,0,0,0,0,0,0,0,0
BBB1JA9ZR_2183-5018-2695-5530,1,0,0,0,0,0,0,0,0
BBB1JA9ZR_2391-4460-2903-4972,1,0,0,0,0,0,0,0,0
BBB1JA9ZR_2688-1771-3200-2283,1,0,0,0,0,0,0,0,0
BBB1JA9ZR_2777-1009-3289-1521,1,0,0,0,0,0,0,0,0
BBB1JA9ZR_2777-497-3289-1009,1,0,0,0,0,0,0,0,0
BBB1JA9ZR_3200-1771-3712-2283,1,0,0,0,0,0,0,0,0
BBB1JA9ZR_354-3176-866-3688,1,0,0,0,0,0,0,0,0
BBB1JA9ZR_531-1316-1043-1828,1,0,0,0,0,0,0,0,0
BBB1JA9ZR_3261-5069-3773-5581,1,0,0,0,0,0,0,0,0
BBB1JA9ZR_480-2078-992-2590,1,0,0,0,0,0,0,0,0
BBB1JA9ZR_827-326-1339-838,1,0,0,0,0,0,0,0,0
BBB1JA9ZR_535-2663-1047-3175,1,0,0,0,0,0,0,0,0
BBB1JA9ZR_812-1658-1324-2170,1,0,0,0,0,0,0,0,0
BBB1JA9ZR_838-1943-1350-2455,1,0,0,0,0,0,0,0,0
BBHT1Q3DM_7940-3977-8452-4489,0,0,1,0,0,0,0,0,0
BBHT1Q3DM_6754-4233-7266-4745,0,0,1,0,0,0,0,0,0
BBHT1Q3DM_8342-3650-8854-4162,0,0,1,0,0,0,0,0,0
BBHT1Q3DM_1803-4052-2315-4564,0,0,1,0,0,0,0,0,0
BBHT1Q3DM_8314-4136-8826-4648,0,0,1,0,0,0,0,0,0
BBHT1Q3DM_7563-4327-8075-4839,0,0,1,0,0,0,0,0,0
BBB1JA9ZR_827-838-1339-1350,1,0,0,0,0,0,0,0,0
BBHT1Q3DM_8075-4327-8587-4839,0,0,1,0,0,0,0,0,0
BBLN3987Z_1065-7957-1577-8469,0,0,0,0,0,0,0,0,1
BBLN3987Z_1152-8206-1664-8718,0,0,0,0,0,0,0,0,1
BBLN3987Z_1241-5636-1753-6148,0,0,0,0,0,0,0,0,1
BBLN3987Z_1256-6773-1768-7285,0,0,0,0,0,0,0,0,1
BBLN3987Z_1256-6261-1768-6773,0,0,0,0,0,0,0,0,1
BBLN3987Z_1256-7285-1768-7797,0,0,0,0,0,0,0,0,1
BBLN3987Z_632-5436-1144-5948,0,0,0,0,0,0,0,0,1
BBLN3987Z_625-8307-1137-8819,0,0,0,0,0,0,0,0,1
BBLN3987Z_1256-7797-1768-8309,0,0,0,0,0,0,0,0,1
BF3J4I6TR_2416-370-2928-882,1,0,0,0,0,0,0,0,0
BF3J4I6TR_2449-1664-2961-2176,1,0,0,0,0,0,0,0,0
BF3J4I6TR_2484-3772-2996-4284,1,0,0,0,0,0,0,0,0
BF3J4I6TR_2416-882-2928-1394,1,0,0,0,0,0,0,0,0
BF3J4I6TR_2449-1152-2961-1664,1,0,0,0,0,0,0,0,0
BF3J4I6TR_2484-4796-2996-5308,1,0,0,0,0,0,0,0,0
BF3J4I6TR_2484-4284-2996-4796,1,0,0,0,0,0,0,0,0
BF3J4I6TR_2449-2176-2961-2688,1,0,0,0,0,0,0,0,0
BFLBNW4AZ_1132-992-1644-1504,0,0,1,0,0,0,0,0,0
BFLBNW4AZ_1141-1476-1653-1988,0,0,1,0,0,0,0,0,0
BFLBNW4AZ_1141-1988-1653-2500,0,0,1,0,0,0,0,0,0
BFLBNW4AZ_1141-2500-1653-3012,0,0,1,0,0,0,0,0,0
BFLBNW4AZ_1352-3704-1864-4216,0,0,1,0,0,0,0,0,0
BFLBNW4AZ_1420-1932-1932-2444,0,0,1,0,0,0,0,0,0
BFLBNW4AZ_1433-2765-1945-3277,0,0,1,0,0,0,0,0,0
BFLBNW4AZ_1523-1129-2035-1641,0,0,1,0,0,0,0,0,0
BFLBNW4AZ_1777-3383-2289-3895,0,0,1,0,0,0,0,0,0
BFLBNW4AZ_1458-3407-1970-3919,0,0,1,0,0,0,0,0,0
BFLBNW4AZ_1693-2332-2205-2844,0,0,1,0,0,0,0,0,0
BFLBNW4AZ_1523-1641-2035-2153,0,0,1,0,0,0,0,0,0
BFLBNW4AZ_1644-480-2156-992,0,0,1,0,0,0,0,0,0
BFLBNW4AZ_1960-1750-2472-2262,0,0,1,0,0,0,0,0,0
BFLBNW4AZ_1864-3704-2376-4216,0,0,1,0,0,0,0,0,0
BFLBNW4AZ_2049-2093-2561-2605,0,0,1,0,0,0,0,0,0
BFLBNW4AZ_1960-1238-2472-1750,0,0,1,0,0,0,0,0,0
BFLBNW4AZ_1639-2628-2151-3140,0,0,1,0,0,0,0,0,0
BFLBNW4AZ_2094-3915-2606-4427,0,0,1,0,0,0,0,0,0
BFLBNW4AZ_2205-2332-2717-2844,0,0,1,0,0,0,0,0,0
BFLBNW4AZ_2151-2628-2663-3140,0,0,1,0,0,0,0,0,0
BFLBNW4AZ_2145-890-2657-1402,0,0,1,0,0,0,0,0,0
BFLBNW4AZ_2335-3035-2847-3547,0,0,1,0,0,0,0,0,0
BFLBNW4AZ_2161-3538-2673-4050,0,0,1,0,0,0,0,0,0
BFLBNW4AZ_2346-633-2858-1145,0,0,1,0,0,0,0,0,0
BFLBNW4AZ_2472-1238-2984-1750,0,0,1,0,0,0,0,0,0
BFLBNW4AZ_2673-3538-3185-4050,0,0,1,0,0,0,0,0,0
BFLBNW4AZ_2588-4254-3100-4766,0,0,1,0,0,0,0,0,0
BFLBNW4AZ_2472-1750-2984-2262,0,0,1,0,0,0,0,0,0
BFLBNW4AZ_2561-2093-3073-2605,0,0,1,0,0,0,0,0,0
BFLBNW4AZ_2509-810-3021-1322,0,0,1,0,0,0,0,0,0
BFLBNW4AZ_2757-2601-3269-3113,0,0,1,0,0,0,0,0,0
BFLBNW4AZ_2717-2332-3229-2844,0,0,1,0,0,0,0,0,0
BFLBNW4AZ_2858-1145-3370-1657,0,0,1,0,0,0,0,0,0
BFLBNW4AZ_2816-2865-3328-3377,0,0,1,0,0,0,0,0,0
BFLBNW4AZ_2858-633-3370-1145,0,0,1,0,0,0,0,0,0
BFLBNW4AZ_2936-3915-3448-4427,0,0,1,0,0,0,0,0,0
BFLBNW4AZ_3021-810-3533-1322,0,0,1,0,0,0,0,0,0
BFLBNW4AZ_2984-1750-3496-2262,0,0,1,0,0,0,0,0,0
BFLBNW4AZ_3031-3474-3543-3986,0,0,1,0,0,0,0,0,0
BFLBNW4AZ_3370-633-3882-1145,0,0,1,0,0,0,0,0,0
BFLBNW4AZ_3074-1983-3586-2495,0,0,1,0,0,0,0,0,0
BFLBNW4AZ_3100-4254-3612-4766,0,0,1,0,0,0,0,0,0
BFLBNW4AZ_3429-3238-3941-3750,0,0,1,0,0,0,0,0,0
BFLBNW4AZ_3370-1145-3882-1657,0,0,1,0,0,0,0,0,0
BFLBNW4AZ_3675-3826-4187-4338,0,0,1,0,0,0,0,0,0
BFLBNW4AZ_3328-2865-3840-3377,0,0,1,0,0,0,0,0,0
BFLBNW4AZ_3533-810-4045-1322,0,0,1,0,0,0,0,0,0
BFLBNW4AZ_3682-2982-4194-3494,0,0,1,0,0,0,0,0,0
BFLBNW4AZ_3653-2320-4165-2832,0,0,1,0,0,0,0,0,0
BFLBNW4AZ_3586-1983-4098-2495,0,0,1,0,0,0,0,0,0
BFLBNW4AZ_3399-1797-3911-2309,0,0,1,0,0,0,0,0,0
BFLBNW4AZ_3941-3238-4453-3750,0,0,1,0,0,0,0,0,0
BFLBNW4AZ_3825-2576-4337-3088,0,0,1,0,0,0,0,0,0
BFLBNW4AZ_3958-2810-4470-3322,0,0,1,0,0,0,0,0,0
BFLBNW4AZ_4037-493-4549-1005,0,0,1,0,0,0,0,0,0
BFLBNW4AZ_4008-1238-4520-1750,0,0,1,0,0,0,0,0,0
BFLBNW4AZ_4045-810-4557-1322,0,0,1,0,0,0,0,0,0
BFLBNW4AZ_417-756-929-1268,0,0,1,0,0,0,0,0,0
BFLBNW4AZ_4187-3826-4699-4338,0,0,1,0,0,0,0,0,0
BFLBNW4AZ_4194-2982-4706-3494,0,0,1,0,0,0,0,0,0
BFLBNW4AZ_629-2500-1141-3012,0,0,1,0,0,0,0,0,0
BFLBNW4AZ_629-1476-1141-1988,0,0,1,0,0,0,0,0,0
BFLBNW4AZ_620-480-1132-992,0,0,1,0,0,0,0,0,0
BFLBNW4AZ_921-2765-1433-3277,0,0,1,0,0,0,0,0,0
BFLBNW4AZ_462-4295-974-4807,0,0,1,0,0,0,0,0,0
BFLBNW4AZ_974-4295-1486-4807,0,0,1,0,0,0,0,0,0
BFLBNW4AZ_620-992-1132-1504,0,0,1,0,0,0,0,0,0
BFLBNW4AZ_629-1988-1141-2500,0,0,1,0,0,0,0,0,0
BFMF2ECEM_1181-762-1693-1274,0,1,0,0,0,0,0,0,0
BFMF2ECEM_11885-6595-12397-7107,0,1,0,0,0,0,0,0,0
BFMF2ECEM_11885-6083-12397-6595,0,1,0,0,0,0,0,0,0
BFMF2ECEM_12397-6083-12909-6595,0,1,0,0,0,0,0,0,0
BGBUYJNI9_1095-168-1607-680,0,0,0,0,0,0,1,0,0
BFMF2ECEM_12909-6083-13421-6595,0,1,0,0,0,0,0,0,0
BGBUYJNI9_1546-749-2058-1261,1,0,0,0,0,0,0,0,0
BGBUYJNI9_1226-2072-1738-2584,1,0,0,0,0,0,0,0,0
BGBUYJNI9_1546-237-2058-749,1,0,0,0,0,0,0,0,0
BFMF2ECEM_669-762-1181-1274,0,1,0,0,0,0,0,0,0
BGBUYJNI9_1695-2113-2207-2625,1,0,0,0,0,0,0,0,0
BFMF2ECEM_12397-6595-12909-7107,0,1,0,0,0,0,0,0,0
BGBUYJNI9_1226-1560-1738-2072,1,0,0,0,0,0,0,0,0
BGBUYJNI9_1987-434-2499-946,1,0,0,0,0,0,0,0,0
BGBUYJNI9_1637-1063-2149-1575,1,0,0,0,0,0,0,0,0
BGBUYJNI9_187-935-699-1447,1,0,0,0,0,0,0,0,0
BGBUYJNI9_187-423-699-935,1,0,0,0,0,0,0,1,0
BGBUYJNI9_1987-946-2499-1458,1,0,0,0,0,0,0,0,0
BGBUYJNI9_2121-1258-2633-1770,1,0,0,0,0,0,0,0,0
BGBUYJNI9_202-1560-714-2072,1,0,0,0,0,0,0,0,0
BGBUYJNI9_202-2072-714-2584,1,0,0,0,0,0,0,0,0
BGBUYJNI9_2289-1805-2801-2317,1,0,0,0,0,0,0,0,0
BGBUYJNI9_2824-2325-3336-2837,1,0,0,0,0,0,0,0,0
BGBUYJNI9_3011-434-3523-946,1,0,0,0,0,0,0,0,0
BGBUYJNI9_2499-946-3011-1458,1,0,0,0,0,0,0,0,0
BGBUYJNI9_3346-186-3858-698,1,0,0,0,0,0,0,0,0
BGBUYJNI9_2499-434-3011-946,1,0,0,0,0,0,0,0,0
BGBUYJNI9_3523-946-4035-1458,1,0,0,0,0,0,0,0,0
BGBUYJNI9_3011-946-3523-1458,1,0,0,0,0,0,0,0,0
BGBUYJNI9_2312-2325-2824-2837,1,0,0,0,0,0,0,0,0
BGBUYJNI9_3523-434-4035-946,1,0,0,0,0,0,0,0,0
BGBUYJNI9_3617-2029-4129-2541,1,0,0,0,0,0,0,0,0
BGBUYJNI9_4213-1966-4725-2478,1,0,0,0,0,0,0,0,0
BGBUYJNI9_3105-2029-3617-2541,1,0,0,0,0,0,0,0,0
BGBUYJNI9_2532-1938-3044-2450,1,0,0,0,0,0,0,0,0
BGBUYJNI9_699-423-1211-935,1,0,0,0,0,0,0,0,0
BGBUYJNI9_714-1560-1226-2072,1,0,0,0,0,0,0,0,0
BGBUYJNI9_714-2072-1226-2584,1,0,0,0,0,0,0,0,0
BGBUYJNI9_699-935-1211-1447,1,0,0,0,0,0,0,0,0
BGCALF39A_10350-2113-10862-2625,0,0,0,0,0,1,0,0,0
BGCALF39A_11110-2197-11622-2709,0,0,0,0,0,1,0,0,0
BGCALF39A_14904-1135-15416-1647,0,0,0,0,0,0,0,0,1
BGCALF39A_1106-3621-1618-4133,0,0,1,0,1,0,0,0,0
BGCALF39A_3507-2916-4019-3428,0,0,0,0,0,0,0,0,1
BGCALF39A_11837-670-12349-1182,0,0,0,0,1,0,0,0,0
BGCALF39A_13426-2294-13938-2806,0,0,0,0,0,0,0,0,1
BGCALF39A_11622-2197-12134-2709,0,0,0,0,0,1,0,0,0
BGCALF39A_12465-682-12977-1194,0,0,0,0,1,0,0,0,1
BGCALF39A_14093-1298-14605-1810,0,0,0,0,1,1,0,0,0
BGCALF39A_14112-1714-14624-2226,0,0,0,0,1,1,0,0,1
BGCALF39A_13965-1973-14477-2485,0,0,0,0,1,1,0,0,1
BGCALF39A_3886-2913-4398-3425,0,0,0,0,0,0,0,0,1
BGCALF39A_14943-695-15455-1207,0,0,0,0,1,1,0,0,1
BGCALF39A_5845-1204-6357-1716,0,0,0,0,1,1,0,0,0
BGCALF39A_4974-3526-5486-4038,0,0,0,0,1,1,0,0,0
BGCALF39A_5845-1716-6357-2228,0,0,0,0,1,1,0,0,0
BGCALF39A_5926-820-6438-1332,0,0,0,0,1,1,0,0,0
BGCALF39A_9034-2037-9546-2549,0,0,0,0,0,1,0,0,0
BHPM7BCFL_2517-889-3029-1401,0,0,0,0,0,1,0,0,0
BHPM7BCFL_2505-347-3017-859,0,0,0,0,0,0,0,0,1
BGCALF39A_9838-2113-10350-2625,0,0,0,0,0,1,0,0,0
BHPM7BCFL_3478-4250-3990-4762,0,0,0,0,0,1,0,0,0
BHPM7BCFL_3071-1657-3583-2169,0,0,0,0,0,1,0,0,0
BHPM7BCFL_2942-353-3454-865,0,0,0,0,0,1,0,0,1
BHPM7BCFL_2504-1878-3016-2390,0,0,0,0,0,1,0,0,0
BHPM7BCFL_1214-2126-1726-2638,0,0,0,0,0,1,0,0,0
BHPM7BCFL_1125-2715-1637-3227,0,0,0,0,0,1,0,0,0
BHPM7BCFL_3914-345-4426-857,0,0,0,0,0,0,0,0,1
BHPM7BCFL_2504-1366-3016-1878,0,0,0,0,0,1,0,0,0
BHPM7BCFL_4738-343-5250-855,0,0,0,0,0,0,0,0,1
BHPM7BCFL_4426-345-4938-857,0,0,0,0,0,0,0,0,1
BHPM7BCFL_929-2956-1441-3468,0,0,0,0,0,1,0,0,0
BIW3EYZYD_1385-5080-1897-5592,0,0,0,0,0,1,0,0,0
BIW3EYZYD_1312-4647-1824-5159,0,0,0,0,0,1,0,0,0
BIW3EYZYD_1482-3476-1994-3988,0,0,0,0,0,1,0,0,0
BIW3EYZYD_2932-4511-3444-5023,0,0,0,0,0,1,0,0,0
BIW3EYZYD_2080-4501-2592-5013,0,0,0,0,0,1,0,0,0
BIW3EYZYD_1482-3988-1994-4500,0,0,0,0,0,1,0,0,0
BIW3EYZYD_358-2598-870-3110,0,0,0,0,0,1,0,0,0
BIW3EYZYD_351-4027-863-4539,0,0,0,0,0,1,0,0,0
BIW3EYZYD_174-5147-686-5659,0,0,0,0,0,1,0,0,0
BIW3EYZYD_343-4712-855-5224,0,0,0,0,0,1,0,0,0
BIW3EYZYD_2706-4658-3218-5170,0,0,0,0,0,1,0,0,0
BIW3EYZYD_4740-5038-5252-5550,0,0,0,0,0,1,0,0,0
BIW3EYZYD_5502-4033-6014-4545,0,0,0,0,0,1,0,0,0
BIW3EYZYD_5225-4091-5737-4603,0,0,0,0,0,1,0,0,0
BIW3EYZYD_4228-5038-4740-5550,0,0,0,0,0,1,0,0,0
BIW3EYZYD_5923-4861-6435-5373,0,0,0,0,0,1,0,0,0
BIW3EYZYD_5588-4677-6100-5189,0,0,0,0,0,1,0,0,0
BIW3EYZYD_6100-4677-6612-5189,0,0,0,0,0,1,0,0,0
BIW3EYZYD_6365-5032-6877-5544,0,0,0,0,0,1,0,0,0
BIW3EYZYD_6877-5032-7389-5544,0,0,0,0,0,1,0,0,0
BIW3EYZYD_7389-5032-7901-5544,0,0,0,0,0,1,0,0,0
BJ1XKEANY_10322-2522-10834-3034,0,1,0,0,0,0,0,0,0
BJ1XKEANY_10266-7956-10778-8468,0,1,0,0,0,0,0,0,0
BJ1XKEANY_10778-7444-11290-7956,0,1,0,0,0,0,0,0,0
BJ1XKEANY_10266-8980-10778-9492,0,1,0,0,0,0,0,0,0
BJ1XKEANY_10360-3571-10872-4083,0,1,0,0,0,0,0,0,0
BJ1XKEANY_10778-7956-11290-8468,0,1,0,0,0,0,0,0,0
BJ1XKEANY_10360-4083-10872-4595,0,1,0,0,0,0,0,0,0
BJ1XKEANY_10266-8468-10778-8980,0,1,0,0,0,0,0,0,0
BJ1XKEANY_10322-3034-10834-3546,0,1,0,0,0,0,0,0,0
BJ1XKEANY_10834-2522-11346-3034,0,1,0,0,0,0,0,0,0
BJ1XKEANY_10872-3571-11384-4083,0,1,0,0,0,0,0,0,0
BJ1XKEANY_10778-8468-11290-8980,0,1,0,0,0,0,0,0,0
BJ1XKEANY_10903-8891-11415-9403,0,1,0,0,0,0,0,0,0
BJ1XKEANY_10872-4083-11384-4595,0,1,0,0,0,0,0,0,0
BJ1XKEANY_11290-7444-11802-7956,0,1,0,0,0,0,0,0,0
BJ1XKEANY_11290-6932-11802-7444,0,1,0,0,0,0,0,0,0
BJ1XKEANY_11290-7956-11802-8468,0,1,0,0,0,0,0,0,0
BJ1XKEANY_11290-8468-11802-8980,0,1,0,0,0,0,0,0,0
BJ1XKEANY_11384-4083-11896-4595,0,1,0,0,0,0,0,0,0
BJ1XKEANY_11802-7444-12314-7956,0,1,0,0,0,0,0,0,0
BJ1XKEANY_11346-2522-11858-3034,0,1,0,0,0,0,0,0,0
BJ1XKEANY_11290-8980-11802-9492,0,1,0,0,0,0,0,0,0
BJ1XKEANY_11802-6932-12314-7444,0,1,0,0,0,0,0,0,0
BJ1XKEANY_11346-3546-11858-4058,0,1,0,0,0,0,0,0,0
BJ1XKEANY_1339-11962-1851-12474,0,1,0,0,0,0,0,0,0
BJ1XKEANY_1427-7994-1939-8506,0,1,0,0,0,0,0,0,0
BJ1XKEANY_11858-3034-12370-3546,0,1,0,0,0,0,0,0,0
BJ1XKEANY_11858-3546-12370-4058,0,1,0,0,0,0,0,0,0
BJ1XKEANY_1339-11450-1851-11962,0,1,0,0,0,0,0,0,0
BJ1XKEANY_1444-8669-1956-9181,0,1,0,0,0,0,0,0,0
BJ1XKEANY_1851-11450-2363-11962,0,1,0,0,0,0,0,0,0
BJ1XKEANY_1939-7994-2451-8506,0,1,0,0,0,0,0,0,0
BJ1XKEANY_1956-9181-2468-9693,0,1,0,0,0,0,0,0,0
BJ1XKEANY_1956-8669-2468-9181,0,1,0,0,0,0,0,0,0
BJ1XKEANY_1956-9693-2468-10205,0,1,0,0,0,0,0,0,0
BJ1XKEANY_4184-7061-4696-7573,0,1,0,0,0,0,0,0,0
BJ1XKEANY_4696-7573-5208-8085,0,1,0,0,0,0,0,0,0
BJ1XKEANY_4184-7573-4696-8085,0,1,0,0,0,0,0,0,0
BJ1XKEANY_4696-7061-5208-7573,0,1,0,0,0,0,0,0,0
BJ1XKEANY_5208-7061-5720-7573,0,1,0,0,0,0,0,0,0
BJ1XKEANY_9022-8264-9534-8776,0,1,0,0,0,0,0,0,0
BJ1XKEANY_8510-8776-9022-9288,0,1,0,0,0,0,0,0,0
BJ1XKEANY_8510-7752-9022-8264,0,1,0,0,0,0,0,0,0
BJ1XKEANY_9022-7752-9534-8264,0,1,0,0,0,0,0,0,0
BJ1XKEANY_5208-7573-5720-8085,0,1,0,0,0,0,0,0,0
BJ1XKEANY_8510-8264-9022-8776,0,1,0,0,0,0,0,0,0
BJ1XKEANY_827-11962-1339-12474,0,1,0,0,0,0,0,0,0
BJ1XKEANY_9022-8776-9534-9288,0,1,0,0,0,0,0,0,0
BJ1XKEANY_915-7994-1427-8506,0,1,0,0,0,0,0,0,0
BJ1XKEANY_9177-4076-9689-4588,0,1,0,0,0,0,0,0,0
BJ1XKEANY_9298-3546-9810-4058,0,1,0,0,0,0,0,0,0
BJ1XKEANY_932-8669-1444-9181,0,1,0,0,0,0,0,0,0
BJ1XKEANY_9352-8529-9864-9041,0,1,0,0,0,0,0,0,0
BJ1XKEANY_9352-9041-9864-9553,0,1,0,0,0,0,0,0,0
BJ1XKEANY_9810-3546-10322-4058,0,1,0,0,0,0,0,0,0
BJ1XKEANY_9810-3034-10322-3546,0,1,0,0,0,0,0,0,0
BJ1XKEANY_9864-8529-10376-9041,0,1,0,0,0,0,0,0,0
BJ4WKAT7J_5401-5800-5913-6312,0,0,0,0,0,0,1,0,0
BJ4WKAT7J_4304-1613-4816-2125,0,0,0,0,0,0,1,0,0
BJ4WKAT7J_4038-447-4550-959,0,0,0,0,0,0,1,0,0
BJ4WKAT7J_4038-959-4550-1471,0,0,0,0,0,0,1,0,0
BJ1XKEANY_9848-4083-10360-4595,0,1,0,0,0,0,0,0,0
BJ1XKEANY_9864-9041-10376-9553,0,1,0,0,0,0,0,0,0
BJ1XKEANY_9810-2522-10322-3034,0,1,0,0,0,0,0,0,0
BJ4WKAT7J_5913-5800-6425-6312,0,0,0,0,0,0,1,0,0
BJ4WKAT7J_6035-3732-6547-4244,0,0,0,0,0,0,1,0,0
BJ4WKAT7J_5913-6312-6425-6824,0,0,0,0,0,0,1,0,0
BJBU3KDQH_10046-7776-10558-8288,0,0,0,0,1,0,0,0,0
BJBU3KDQH_10184-4522-10696-5034,0,0,1,0,0,0,0,0,0
BJBU3KDQH_10388-2485-10900-2997,0,0,1,0,0,1,0,0,0
BJBU3KDQH_1100-4769-1612-5281,0,0,1,0,0,0,0,0,0
BJBU3KDQH_10900-1973-11412-2485,0,0,1,0,1,1,0,0,0
BJBU3KDQH_11412-4533-11924-5045,0,0,1,0,0,0,0,0,0
BJBU3KDQH_10900-2485-11412-2997,0,0,1,0,0,1,0,0,0
BJBU3KDQH_1100-5299-1612-5811,0,0,1,0,1,0,0,0,0
BJBU3KDQH_1100-3745-1612-4257,0,0,1,0,1,0,0,0,0
BJBU3KDQH_11412-1973-11924-2485,0,0,1,0,0,0,0,0,0
BJBU3KDQH_11924-2997-12436-3509,0,0,0,0,0,1,0,0,0
BJBU3KDQH_11924-1973-12436-2485,0,0,1,0,0,0,0,0,0
BJBU3KDQH_11924-2485-12436-2997,0,0,1,0,0,1,0,0,0
BJBU3KDQH_11063-7254-11575-7766,0,0,0,0,1,0,0,0,0
BJBU3KDQH_11804-3834-12316-4346,0,0,1,0,0,0,0,0,0
BJBU3KDQH_11412-2485-11924-2997,0,0,1,0,0,1,0,0,0
BJBU3KDQH_11924-4533-12436-5045,0,0,1,0,0,0,0,0,0
BJBU3KDQH_12212-6720-12724-7232,0,0,0,0,1,0,0,0,0
BJBU3KDQH_11924-3509-12436-4021,0,0,1,0,0,0,0,0,0
BJBU3KDQH_12436-2485-12948-2997,0,0,1,0,0,1,0,0,0
BJBU3KDQH_12436-1973-12948-2485,0,0,1,0,0,1,0,0,0
BJBU3KDQH_12882-5157-13394-5669,0,0,0,0,1,0,0,0,0
BJBU3KDQH_12436-2997-12948-3509,0,0,0,0,1,1,0,0,0
BJBU3KDQH_12436-4533-12948-5045,0,0,1,0,1,1,0,0,0
BJBU3KDQH_13073-5688-13585-6200,0,0,0,0,1,0,0,0,0
BJBU3KDQH_12436-4021-12948-4533,0,0,1,0,1,1,0,0,0
BJBU3KDQH_12948-4533-13460-5045,0,0,1,0,1,0,0,0,0
BJBU3KDQH_12948-3509-13460-4021,0,0,0,0,1,0,0,0,0
BJBU3KDQH_12948-4021-13460-4533,0,0,0,0,1,0,0,0,0
BJBU3KDQH_1612-4769-2124-5281,0,0,1,0,0,0,0,0,0
BJBU3KDQH_13619-6083-14131-6595,0,0,0,0,1,1,0,0,0
BJBU3KDQH_13585-5688-14097-6200,0,0,0,0,1,0,0,0,0
BJBU3KDQH_12436-3509-12948-4021,0,0,1,0,1,1,0,0,0
BJBU3KDQH_13394-5157-13906-5669,0,0,0,0,1,0,0,0,0
BJBU3KDQH_1612-6835-2124-7347,0,0,1,0,1,0,0,0,0
BJBU3KDQH_1612-5299-2124-5811,0,0,1,0,1,0,0,0,0
BJBU3KDQH_1612-7347-2124-7859,0,0,1,0,1,0,0,0,0
BJBU3KDQH_1612-7859-2124-8371,0,0,1,0,1,0,0,0,0
BJBU3KDQH_1612-8371-2124-8883,0,0,1,0,1,0,0,0,0
BJBU3KDQH_1612-8883-2124-9395,0,0,1,0,1,0,0,0,0
BJBU3KDQH_2124-4769-2636-5281,0,0,1,0,0,0,0,0,0
BJBU3KDQH_2383-4836-2895-5348,0,0,1,0,0,0,0,0,0
BJBU3KDQH_2124-8371-2636-8883,0,0,1,0,1,0,0,0,0
BJBU3KDQH_2124-7859-2636-8371,0,0,1,0,1,0,0,0,0
BJBU3KDQH_2636-9395-3148-9907,0,0,0,0,1,0,0,0,0
BJBU3KDQH_2124-8883-2636-9395,0,0,1,0,1,0,0,0,0
BJBU3KDQH_2124-9395-2636-9907,0,0,1,0,1,0,0,0,0
BJBU3KDQH_2323-9721-2835-10233,0,0,1,0,1,0,0,0,0
BJBU3KDQH_2636-7859-3148-8371,0,0,1,0,0,0,0,0,0
BJBU3KDQH_2636-9907-3148-10419,0,0,0,0,1,0,0,0,0
BJBU3KDQH_2124-9907-2636-10419,0,0,1,0,1,0,0,0,0
BJBU3KDQH_2636-4769-3148-5281,0,0,1,0,0,0,0,0,0
BJBU3KDQH_3148-4769-3660-5281,0,0,1,0,0,0,0,0,0
BJBU3KDQH_3148-4257-3660-4769,0,0,1,0,0,0,0,0,0
BJBU3KDQH_3148-7859-3660-8371,0,0,1,0,0,0,0,0,0
BJBU3KDQH_3660-4257-4172-4769,0,0,1,0,0,0,0,0,0
BJBU3KDQH_3544-7329-4056-7841,0,0,1,0,0,0,0,0,0
BJBU3KDQH_4172-1185-4684-1697,0,0,1,0,0,0,0,0,0
BJBU3KDQH_3674-8744-4186-9256,0,0,1,0,0,0,0,0,0
BJBU3KDQH_4172-1697-4684-2209,0,0,1,0,0,0,0,0,0
BJBU3KDQH_4172-3745-4684-4257,0,0,1,0,0,0,0,0,0
BJBU3KDQH_4520-2115-5032-2627,0,0,1,0,0,0,0,0,0
BJBU3KDQH_4172-4257-4684-4769,0,0,1,0,0,0,0,0,0
BJBU3KDQH_3674-9256-4186-9768,0,0,1,0,0,0,0,0,0
BJBU3KDQH_4586-6637-5098-7149,0,0,1,0,0,0,0,0,0
BJBU3KDQH_4172-2209-4684-2721,0,0,1,0,0,0,0,0,0
BJBU3KDQH_4186-8744-4698-9256,0,0,1,0,0,0,0,0,0
BJBU3KDQH_4605-5131-5117-5643,0,0,0,0,1,0,0,0,0
BJBU3KDQH_4608-4064-5120-4576,0,0,1,0,0,0,0,0,0
BJBU3KDQH_4186-9256-4698-9768,0,0,1,0,0,0,0,0,0
BJBU3KDQH_4684-1185-5196-1697,0,0,1,0,0,0,0,0,0
BJBU3KDQH_4633-1521-5145-2033,0,0,1,0,0,0,0,0,0
BJBU3KDQH_4608-4576-5120-5088,0,0,1,0,0,0,0,0,0
BJBU3KDQH_4684-3233-5196-3745,0,0,1,0,0,0,0,0,0
BJBU3KDQH_4684-2721-5196-3233,0,0,1,0,0,0,0,0,0
BJBU3KDQH_4854-1750-5366-2262,0,0,1,0,0,0,0,0,0
BJBU3KDQH_4684-3745-5196-4257,0,0,1,0,0,0,0,0,0
BJBU3KDQH_5366-2262-5878-2774,0,0,1,0,0,0,0,0,0
BJBU3KDQH_5576-8367-6088-8879,0,0,1,0,0,0,0,0,0
BJBU3KDQH_4848-9248-5360-9760,0,0,0,0,1,0,0,0,0
BJBU3KDQH_5101-3109-5613-3621,0,0,1,0,0,0,0,0,0
BJBU3KDQH_5655-1483-6167-1995,0,0,1,0,0,0,0,0,0
BJBU3KDQH_5823-3492-6335-4004,0,0,1,0,0,0,0,0,0
BJBU3KDQH_5366-1750-5878-2262,0,0,1,0,0,0,0,0,0
BJBU3KDQH_5032-2115-5544-2627,0,0,1,0,0,0,0,0,0
BJBU3KDQH_5143-1483-5655-1995,0,0,1,0,0,0,0,0,0
BJBU3KDQH_5878-2262-6390-2774,0,0,1,0,0,0,0,0,0
BJBU3KDQH_588-2209-1100-2721,0,0,1,0,1,0,0,0,0
BJBU3KDQH_5940-1961-6452-2473,0,0,1,0,0,0,0,0,0
BJBU3KDQH_5940-1449-6452-1961,0,0,1,0,0,0,0,0,0
BJBU3KDQH_6088-8367-6600-8879,0,0,1,0,0,0,0,0,0
BJBU3KDQH_6111-3637-6623-4149,0,0,1,0,0,0,0,0,0
BJBU3KDQH_6111-3125-6623-3637,0,0,1,0,0,0,0,0,0
BJBU3KDQH_6452-1449-6964-1961,0,0,1,0,0,0,0,0,0
BJBU3KDQH_6452-1961-6964-2473,0,0,1,0,0,0,0,0,0
BJBU3KDQH_6605-1644-7117-2156,0,0,1,0,0,0,0,0,0
BJBU3KDQH_6623-3637-7135-4149,0,0,1,0,0,0,0,0,0
BJBU3KDQH_6601-2885-7113-3397,0,0,1,0,0,0,0,0,0
BJBU3KDQH_7057-1920-7569-2432,0,0,1,0,0,0,0,0,0
BJBU3KDQH_7135-3125-7647-3637,0,0,1,0,0,0,0,0,0
BJBU3KDQH_6896-8782-7408-9294,0,0,1,0,1,0,0,0,0
BJBU3KDQH_7135-3637-7647-4149,0,0,1,0,0,0,0,0,0
BJBU3KDQH_7408-8782-7920-9294,0,0,0,0,1,0,0,0,0
BJBU3KDQH_6638-3193-7150-3705,0,0,1,0,0,0,0,0,0
BJBU3KDQH_7142-1658-7654-2170,0,0,1,0,0,0,0,0,0
BJBU3KDQH_7456-2361-7968-2873,0,0,1,0,0,0,0,0,0
BJBU3KDQH_7456-2873-7968-3385,0,0,1,0,0,0,0,0,0
BJBU3KDQH_7629-1644-8141-2156,0,0,1,0,0,0,0,0,0
BJBU3KDQH_7642-2114-8154-2626,0,0,1,0,0,0,0,0,0
BJBU3KDQH_7968-2873-8480-3385,0,0,1,0,0,0,0,0,0
BJBU3KDQH_7968-2361-8480-2873,0,0,1,0,0,0,0,0,0
BJBU3KDQH_8340-2485-8852-2997,0,0,1,0,0,0,0,0,0
BJBU3KDQH_7798-1843-8310-2355,0,0,1,0,0,0,0,0,0
BJBU3KDQH_8247-8270-8759-8782,0,0,0,0,1,0,0,0,0
BJBU3KDQH_8367-3180-8879-3692,0,0,1,0,0,0,0,0,0
BJBU3KDQH_8302-3676-8814-4188,0,0,1,0,0,0,0,0,0
BJBU3KDQH_8349-1727-8861-2239,0,0,1,0,0,1,0,0,0
BJBU3KDQH_8759-8270-9271-8782,0,0,0,0,1,0,0,0,0
BJBU3KDQH_8480-2873-8992-3385,0,0,1,0,0,0,0,0,0
BJBU3KDQH_8852-2997-9364-3509,0,0,1,0,0,0,0,0,0
BJBU3KDQH_8852-1973-9364-2485,0,0,1,0,0,1,0,0,0
BJBU3KDQH_8806-3320-9318-3832,0,0,1,0,0,0,0,0,0
BJBU3KDQH_8852-2485-9364-2997,0,0,1,0,0,0,0,0,0
BJBU3KDQH_8971-7409-9483-7921,0,0,1,0,0,0,0,0,0
BJBU3KDQH_9364-4533-9876-5045,0,0,1,0,0,0,0,0,0
BJBU3KDQH_9483-7409-9995-7921,0,0,1,0,1,0,0,0,0
BJBU3KDQH_9534-7776-10046-8288,0,0,1,0,1,0,0,0,0
BJBU3KDQH_9876-4533-10388-5045,0,0,1,0,0,0,0,0,0
BJTKZYXF3_1025-2389-1537-2901,0,0,0,0,0,0,1,0,0
BJBU3KDQH_9876-2485-10388-2997,0,0,1,0,0,0,0,0,0
BJTKZYXF3_1537-2389-2049-2901,0,0,0,0,0,0,1,0,0
BJTKZYXF3_1537-1877-2049-2389,0,0,0,0,0,0,1,0,0
BJTKZYXF3_1555-7153-2067-7665,0,1,0,0,0,0,0,0,0
BJTKZYXF3_2049-1877-2561-2389,0,0,0,0,0,0,1,0,0
BJTKZYXF3_2049-1365-2561-1877,0,0,0,0,0,0,1,0,0
BJTKZYXF3_2067-7153-2579-7665,0,1,0,0,0,0,0,0,0
BJTKZYXF3_2703-6911-3215-7423,0,1,0,0,0,0,0,0,0
BJTKZYXF3_2703-6399-3215-6911,0,1,0,0,0,0,0,0,0
BJTKZYXF3_2191-6911-2703-7423,0,1,0,0,0,0,0,0,0
BJTKZYXF3_3967-6374-4479-6886,0,1,0,0,0,0,0,0,0
BJTKZYXF3_3215-6399-3727-6911,0,1,0,0,0,0,0,0,0
BJTKZYXF3_4479-5862-4991-6374,0,1,0,0,0,0,0,0,0
BJTKZYXF3_4991-5862-5503-6374,0,1,0,0,0,0,0,0,0
BJTKZYXF3_4479-6374-4991-6886,0,1,0,0,0,0,0,0,0
BKQAFUQIU_10009-5899-10521-6411,0,0,1,0,0,0,0,0,0
BKQAFUQIU_10009-4363-10521-4875,0,0,1,0,0,0,0,0,0
BJTKZYXF3_4991-6374-5503-6886,0,1,0,0,0,0,0,0,0
BJTKZYXF3_5365-5740-5877-6252,0,1,0,0,0,0,0,0,0
BJTKZYXF3_5877-5740-6389-6252,0,1,0,0,0,0,0,0,0
BJTKZYXF3_7499-5313-8011-5825,0,1,0,0,0,0,0,0,0
BKQAFUQIU_10279-6083-10791-6595,0,0,1,0,0,0,0,0,0
BKQAFUQIU_10009-4875-10521-5387,0,0,1,0,0,0,0,0,0
BKQAFUQIU_10279-4547-10791-5059,0,0,1,0,0,0,0,0,0
BKQAFUQIU_10521-2827-11033-3339,0,0,1,0,0,0,0,0,0
BKQAFUQIU_10521-3851-11033-4363,0,0,1,0,0,0,0,0,0
BKQAFUQIU_10521-4363-11033-4875,0,0,1,0,0,0,0,0,0
BKQAFUQIU_10521-3339-11033-3851,0,0,1,0,0,0,0,0,0
BKQAFUQIU_10521-4875-11033-5387,0,0,1,0,0,0,0,0,0
BKQAFUQIU_10521-5387-11033-5899,0,0,1,0,0,0,0,0,0
BKQAFUQIU_10521-5899-11033-6411,0,0,1,0,0,0,0,0,0
BKQAFUQIU_10791-4547-11303-5059,0,0,1,0,0,0,0,0,0
BKQAFUQIU_10791-6083-11303-6595,0,0,1,0,0,0,0,0,0
BKQAFUQIU_11506-3972-12018-4484,0,0,1,0,0,0,0,0,0
BKQAFUQIU_10994-3972-11506-4484,0,0,1,0,0,0,0,0,0
BKQAFUQIU_11303-6083-11815-6595,0,0,1,0,0,0,0,0,0
BKQAFUQIU_2329-779-2841-1291,0,0,1,0,0,0,0,0,0
BKQAFUQIU_1305-10507-1817-11019,0,0,1,0,0,0,0,0,0
BKQAFUQIU_1817-10507-2329-11019,0,0,1,0,0,0,0,0,0
BKQAFUQIU_1817-779-2329-1291,0,0,1,0,1,0,0,0,0
BKQAFUQIU_11303-5059-11815-5571,0,0,1,0,0,0,0,0,0
BKQAFUQIU_11303-5571-11815-6083,0,0,1,0,0,0,0,0,0
BKQAFUQIU_2841-779-3353-1291,0,0,1,0,0,0,0,0,0
BKQAFUQIU_3353-779-3865-1291,0,0,1,0,0,0,0,0,0
BKQAFUQIU_4889-779-5401-1291,0,0,1,0,1,0,0,0,0
BKQAFUQIU_4377-779-4889-1291,0,0,1,0,1,0,0,0,0
BKQAFUQIU_3865-779-4377-1291,0,0,1,0,1,0,0,0,0
BKQAFUQIU_5401-779-5913-1291,0,0,1,0,0,0,0,0,0
BKQAFUQIU_5913-779-6425-1291,0,0,1,0,1,0,0,0,0
BKQAFUQIU_5913-8971-6425-9483,0,0,1,0,0,0,0,0,0
BKQAFUQIU_8473-4875-8985-5387,0,0,1,0,0,0,0,0,0
BKQAFUQIU_8473-4363-8985-4875,0,0,1,0,0,0,0,0,0
BKQAFUQIU_793-10507-1305-11019,0,0,1,0,0,0,0,0,0
BKQAFUQIU_8473-5387-8985-5899,0,0,1,0,0,0,0,0,0
BKQAFUQIU_8473-5899-8985-6411,0,0,1,0,0,0,0,0,0
BKQAFUQIU_8743-6083-9255-6595,0,0,1,0,0,0,0,0,0
BKQAFUQIU_8473-7435-8985-7947,0,0,1,0,0,0,0,0,0
BKQAFUQIU_8743-4547-9255-5059,0,0,1,0,0,0,0,0,0
BKQAFUQIU_8743-5059-9255-5571,0,0,1,0,0,0,0,0,0
BKQAFUQIU_8985-4363-9497-4875,0,0,1,0,0,0,0,0,0
BKQAFUQIU_8743-5571-9255-6083,0,0,1,0,0,0,0,0,0
BKQAFUQIU_8985-5387-9497-5899,0,0,1,0,0,0,0,0,0
BKQAFUQIU_8985-5899-9497-6411,0,0,1,0,0,0,0,0,0
BKQAFUQIU_8985-4875-9497-5387,0,0,1,0,0,0,0,0,0
BKQAFUQIU_8985-7435-9497-7947,0,0,1,0,0,0,0,0,0
BKQAFUQIU_9255-4547-9767-5059,0,0,1,0,0,0,0,0,0
BKQAFUQIU_944-10987-1456-11499,0,0,1,0,0,0,0,0,0
BKQAFUQIU_9255-5059-9767-5571,0,0,1,0,0,0,0,0,0
BKQAFUQIU_9255-6083-9767-6595,0,0,1,0,0,0,0,0,0
BKQAFUQIU_9497-4363-10009-4875,0,0,1,0,0,0,0,0,0
BKQAFUQIU_9497-5899-10009-6411,0,0,1,0,0,0,0,0,0
BKQAFUQIU_9255-5571-9767-6083,0,0,1,0,0,0,0,0,0
BKQAFUQIU_9767-5059-10279-5571,0,0,1,0,0,0,0,0,0
BKQAFUQIU_9497-4875-10009-5387,0,0,1,0,0,0,0,0,0
BKQAFUQIU_9497-6923-10009-7435,0,0,1,0,0,0,0,0,0
BKQAFUQIU_9497-6411-10009-6923,0,0,1,0,0,0,0,0,0
BKQAFUQIU_9767-4547-10279-5059,0,0,1,0,0,0,0,0,0
BKQAFUQIU_9767-6083-10279-6595,0,0,1,0,0,0,0,0,0
BKQAFUQIU_9767-5571-10279-6083,0,0,1,0,0,0,0,0,0
BL82HKNC4_1044-2451-1556-2963,0,1,0,0,0,0,0,0,0
BL82HKNC4_1044-1427-1556-1939,0,1,0,0,0,0,0,0,0
BL7LEZNZ8_1617-1578-2129-2090,0,0,0,0,0,0,0,0,1
BL82HKNC4_1044-1939-1556-2451,0,1,0,0,0,0,0,0,0
BL82HKNC4_1044-3475-1556-3987,0,1,0,0,0,0,0,0,0
BL82HKNC4_1190-3903-1702-4415,0,1,0,0,0,0,0,0,0
BL82HKNC4_1386-5602-1898-6114,0,1,0,0,0,0,0,0,0
BL82HKNC4_1044-915-1556-1427,0,1,0,0,0,0,0,0,0
BL82HKNC4_1386-5090-1898-5602,0,1,0,0,0,0,0,0,0
BL82HKNC4_1190-2879-1702-3391,0,1,0,0,0,0,0,0,0
BL82HKNC4_1044-403-1556-915,0,1,0,0,0,0,0,0,0
BL82HKNC4_1386-6626-1898-7138,0,1,0,0,0,0,0,0,0
BL82HKNC4_1421-8635-1933-9147,0,1,0,0,0,0,0,0,0
BL82HKNC4_1386-7138-1898-7650,0,1,0,0,0,0,0,0,0
BL82HKNC4_1386-7650-1898-8162,0,1,0,0,0,0,0,0,0
BL82HKNC4_1386-6114-1898-6626,0,1,0,0,0,0,0,0,0
BL82HKNC4_1421-9147-1933-9659,0,1,0,0,0,0,0,0,0
BL82HKNC4_1387-7950-1899-8462,0,1,0,0,0,0,0,0,0
BL82HKNC4_1466-4354-1978-4866,0,1,0,0,0,0,0,0,0
BL82HKNC4_1556-2451-2068-2963,0,1,0,0,0,0,0,0,0
BL82HKNC4_1527-1424-2039-1936,0,1,0,0,0,0,0,0,0
BL82HKNC4_1556-2963-2068-3475,0,1,0,0,0,0,0,0,0
BL82HKNC4_1556-3475-2068-3987,0,1,0,0,0,0,0,0,0
BL82HKNC4_1556-915-2068-1427,0,1,0,0,0,0,0,0,0
BL82HKNC4_1556-3987-2068-4499,0,1,0,0,0,0,0,0,0
BL82HKNC4_1852-1997-2364-2509,0,1,0,0,0,0,0,0,0
BL82HKNC4_1852-3533-2364-4045,0,1,0,0,0,0,0,0,0
BL82HKNC4_1556-403-2068-915,0,1,0,0,0,0,0,0,0
BL82HKNC4_1852-4557-2364-5069,0,1,0,0,0,0,0,0,0
BL82HKNC4_1852-4045-2364-4557,0,1,0,0,0,0,0,0,0
BL82HKNC4_1898-5090-2410-5602,0,1,0,0,0,0,0,0,0
BL82HKNC4_1898-6626-2410-7138,0,1,0,0,0,0,0,0,0
BL82HKNC4_1978-3842-2490-4354,0,1,0,0,0,0,0,0,0
BL82HKNC4_1898-7650-2410-8162,0,1,0,0,0,0,0,0,0
BL82HKNC4_1899-7950-2411-8462,0,1,0,0,0,0,0,0,0
BL82HKNC4_2163-8400-2675-8912,0,1,0,0,0,0,0,0,0
BL82HKNC4_2188-1369-2700-1881,0,1,0,0,0,0,0,0,0
BL82HKNC4_2163-8912-2675-9424,0,1,0,0,0,0,0,0,0
BL82HKNC4_2357-1015-2869-1527,0,1,0,0,0,0,0,0,0
BL82HKNC4_2364-3533-2876-4045,0,1,0,0,0,0,0,0,0
BL82HKNC4_2364-4045-2876-4557,0,1,0,0,0,0,0,0,0
BL82HKNC4_2394-7573-2906-8085,0,1,0,0,0,0,0,0,0
BL82HKNC4_2643-735-3155-1247,0,1,0,0,0,0,0,0,0
BL82HKNC4_2599-14289-3111-14801,0,1,0,0,0,0,0,0,0
BL82HKNC4_2397-15401-2909-15913,0,1,0,0,0,0,0,0,0
BL82HKNC4_2599-14801-3111-15313,0,1,0,0,0,0,0,0,0
BL82HKNC4_2364-4557-2876-5069,0,1,0,0,0,0,0,0,0
BL82HKNC4_2793-5428-3305-5940,0,1,0,0,0,0,0,0,0
BL82HKNC4_2411-7950-2923-8462,0,1,0,0,0,0,0,0,0
BL82HKNC4_2876-4045-3388-4557,0,1,0,0,0,0,0,0,0
BL82HKNC4_2830-7562-3342-8074,0,1,0,0,0,0,0,0,0
BL82HKNC4_2397-15913-2909-16425,0,1,0,0,0,0,0,0,0
BL82HKNC4_2876-3533-3388-4045,0,1,0,0,0,0,0,0,0
BL82HKNC4_2876-4557-3388-5069,0,1,0,0,0,0,0,0,0
BL82HKNC4_2941-10322-3453-10834,0,1,0,0,0,0,0,0,0
BL82HKNC4_3099-6806-3611-7318,0,1,0,0,0,0,0,0,0
BL82HKNC4_3105-16140-3617-16652,0,1,0,0,0,0,0,0,0
BL82HKNC4_3212-13536-3724-14048,0,1,0,0,0,0,0,0,0
BL82HKNC4_3305-5940-3817-6452,0,1,0,0,0,0,0,0,0
BL82HKNC4_3387-13337-3899-13849,0,1,0,0,0,0,0,0,0
BL82HKNC4_3212-14048-3724-14560,0,1,0,0,0,0,0,0,0
BL82HKNC4_3305-5428-3817-5940,0,1,0,0,0,0,0,0,0
BL82HKNC4_3387-13849-3899-14361,0,1,0,0,0,0,0,0,0
BL82HKNC4_3387-12825-3899-13337,0,1,0,0,0,0,0,0,0
BL82HKNC4_3305-6452-3817-6964,0,1,0,0,0,0,0,0,0
BL82HKNC4_3325-7110-3837-7622,0,1,0,0,0,0,0,0,0
BL82HKNC4_3305-4916-3817-5428,0,1,0,0,0,0,0,0,0
BL82HKNC4_3271-8754-3783-9266,0,1,0,0,0,0,0,0,0
BL82HKNC4_3305-4404-3817-4916,0,1,0,0,0,0,0,0,0
BL82HKNC4_3388-1997-3900-2509,0,1,0,0,0,0,0,0,0
BL82HKNC4_3388-2509-3900-3021,0,1,0,0,0,0,0,0,0
BL82HKNC4_3388-4045-3900-4557,0,1,0,0,0,0,0,0,0
BL82HKNC4_3388-3021-3900-3533,0,1,0,0,0,0,0,0,0
BL82HKNC4_3388-3533-3900-4045,0,1,0,0,0,0,0,0,0
BL82HKNC4_3501-14869-4013-15381,0,1,0,0,0,0,0,0,0
BL82HKNC4_3501-15381-4013-15893,0,1,0,0,0,0,0,0,0
BL82HKNC4_3501-15893-4013-16405,0,1,0,0,0,0,0,0,0
BL82HKNC4_3697-1979-4209-2491,0,1,0,0,0,0,0,0,0
BL82HKNC4_3617-16140-4129-16652,0,1,0,0,0,0,0,0,0
BL82HKNC4_3900-2509-4412-3021,0,1,0,0,0,0,0,0,0
BL82HKNC4_3817-6452-4329-6964,0,1,0,0,0,0,0,0,0
BL82HKNC4_3899-13337-4411-13849,0,1,0,0,0,0,0,0,0
BL82HKNC4_3899-13849-4411-14361,0,1,0,0,0,0,0,0,0
BL82HKNC4_3817-5940-4329-6452,0,1,0,0,0,0,0,0,0
BL82HKNC4_3899-14361-4411-14873,0,1,0,0,0,0,0,0,0
BL82HKNC4_3899-12825-4411-13337,0,1,0,0,0,0,0,0,0
BL82HKNC4_3900-3533-4412-4045,0,1,0,0,0,0,0,0,0
BL82HKNC4_3899-14873-4411-15385,0,1,0,0,0,0,0,0,0
BL82HKNC4_3900-4045-4412-4557,0,1,0,0,0,0,0,0,0
BL82HKNC4_3900-4557-4412-5069,0,1,0,0,0,0,0,0,0
BL82HKNC4_4013-15893-4525-16405,0,1,0,0,0,0,0,0,0
BL82HKNC4_4013-15381-4525-15893,0,1,0,0,0,0,0,0,0
BL82HKNC4_4083-11517-4595-12029,0,1,0,0,0,0,0,0,0
BL82HKNC4_4083-12029-4595-12541,0,1,0,0,0,0,0,0,0
BL82HKNC4_4329-5428-4841-5940,0,1,0,0,0,0,0,0,0
BL82HKNC4_4195-6444-4707-6956,0,1,0,0,0,0,0,0,0
BL82HKNC4_4195-5932-4707-6444,0,1,0,0,0,0,0,0,0
BL82HKNC4_4411-13337-4923-13849,0,1,0,0,0,0,0,0,0
BL82HKNC4_4412-1997-4924-2509,0,1,0,0,0,0,0,0,0
BL82HKNC4_4129-16140-4641-16652,0,1,0,0,0,0,0,0,0
BL82HKNC4_4399-9836-4911-10348,0,1,0,0,0,0,0,0,0
BL82HKNC4_4412-3533-4924-4045,0,1,0,0,0,0,0,0,0
BL82HKNC4_4411-13849-4923-14361,0,1,0,0,0,0,0,0,0
BL82HKNC4_4412-3021-4924-3533,0,1,0,0,0,0,0,0,0
BL82HKNC4_4399-10348-4911-10860,0,1,0,0,0,0,0,0,0
BL82HKNC4_4412-2509-4924-3021,0,1,0,0,0,0,0,0,0
BL82HKNC4_4525-15381-5037-15893,0,1,0,0,0,0,0,0,0
BL82HKNC4_4412-4557-4924-5069,0,1,0,0,0,0,0,0,0
BL82HKNC4_4525-14869-5037-15381,0,1,0,0,0,0,0,0,0
BL82HKNC4_4525-15893-5037-16405,0,1,0,0,0,0,0,0,0
BL82HKNC4_4580-14362-5092-14874,0,1,0,0,0,0,0,0,0
BL82HKNC4_4841-4916-5353-5428,0,1,0,0,0,0,0,0,0
BL82HKNC4_4924-3021-5436-3533,0,1,0,0,0,0,0,0,0
BL82HKNC4_4923-13337-5435-13849,0,1,0,0,0,0,0,0,0
BL82HKNC4_4712-10387-5224-10899,0,1,0,0,0,0,0,0,0
BL82HKNC4_4841-5428-5353-5940,0,1,0,0,0,0,0,0,0
BL82HKNC4_4924-4557-5436-5069,0,1,0,0,0,0,0,0,0
BL82HKNC4_4707-5932-5219-6444,0,1,0,0,0,0,0,0,0
BL82HKNC4_4923-14873-5435-15385,0,1,0,0,0,0,0,0,0
BL82HKNC4_4924-2509-5436-3021,0,1,0,0,0,0,0,0,0
BL82HKNC4_4933-6514-5445-7026,0,1,0,0,0,0,0,0,0
BL82HKNC4_4933-10098-5445-10610,0,1,0,0,0,0,0,0,0
BL82HKNC4_4923-13849-5435-14361,0,1,0,0,0,0,0,0,0
BL82HKNC4_4923-14361-5435-14873,0,1,0,0,0,0,0,0,0
BL82HKNC4_4933-8050-5445-8562,0,1,0,0,0,0,0,0,0
BL82HKNC4_4933-7538-5445-8050,0,1,0,0,0,0,0,0,0
BL82HKNC4_4933-7026-5445-7538,0,1,0,0,0,0,0,0,0
BL82HKNC4_4933-8562-5445-9074,0,1,0,0,0,0,0,0,0
BL82HKNC4_4982-11867-5494-12379,0,1,0,0,0,0,0,0,0
BL82HKNC4_4982-12379-5494-12891,0,1,0,0,0,0,0,0,0
BL82HKNC4_5445-9074-5957-9586,0,1,0,0,0,0,0,0,0
BL82HKNC4_5445-9586-5957-10098,0,1,0,0,0,0,0,0,0
BL82HKNC4_5445-8562-5957-9074,0,1,0,0,0,0,0,0,0
BL82HKNC4_4933-9074-5445-9586,0,1,0,0,0,0,0,0,0
BL82HKNC4_5445-6514-5957-7026,0,1,0,0,0,0,0,0,0
BL82HKNC4_5494-11867-6006-12379,0,1,0,0,0,0,0,0,0
BL82HKNC4_5445-10098-5957-10610,0,1,0,0,0,0,0,0,0
BL82HKNC4_4933-9586-5445-10098,0,1,0,0,0,0,0,0,0
BL82HKNC4_5445-6002-5957-6514,0,1,0,0,0,0,0,0,0
BL82HKNC4_5494-12379-6006-12891,0,1,0,0,0,0,0,0,0
BL82HKNC4_5758-5071-6270-5583,0,1,0,0,0,0,0,0,0
BL82HKNC4_5445-7026-5957-7538,0,1,0,0,0,0,0,0,0
BL82HKNC4_5934-11940-6446-12452,0,1,0,0,0,0,0,0,0
BL82HKNC4_5934-11428-6446-11940,0,1,0,0,0,0,0,0,0
BL82HKNC4_5758-5583-6270-6095,0,1,0,0,0,0,0,0,0
BL82HKNC4_6182-11646-6694-12158,0,1,0,0,0,0,0,0,0
BL82HKNC4_6818-10455-7330-10967,0,1,0,0,0,0,0,0,0
BL82HKNC4_6270-5583-6782-6095,0,1,0,0,0,0,0,0,0
BL82HKNC4_6270-5071-6782-5583,0,1,0,0,0,0,0,0,0
BL82HKNC4_6818-10967-7330-11479,0,1,0,0,0,0,0,0,0
BL82HKNC4_7058-5609-7570-6121,0,1,0,0,0,0,0,0,0
BL82HKNC4_7058-5097-7570-5609,0,1,0,0,0,0,0,0,0
BL82HKNC4_6694-11646-7206-12158,0,1,0,0,0,0,0,0,0
BL82HKNC4_6546-6121-7058-6633,0,1,0,0,0,0,0,0,0
BL82HKNC4_6546-5609-7058-6121,0,1,0,0,0,0,0,0,0
BL82HKNC4_6546-5097-7058-5609,0,1,0,0,0,0,0,0,0
BL82HKNC4_6818-9943-7330-10455,0,1,0,0,0,0,0,0,0
BL82HKNC4_7330-10455-7842-10967,0,1,0,0,0,0,0,0,0
BL82HKNC4_7271-8920-7783-9432,0,1,0,0,0,0,0,0,0
BL82HKNC4_7058-6121-7570-6633,0,1,0,0,0,0,0,0,0
BL82HKNC4_7330-10967-7842-11479,0,1,0,0,0,0,0,0,0
BL82HKNC4_7528-8599-8040-9111,0,1,0,0,0,0,0,0,0
BL82HKNC4_7570-5609-8082-6121,0,1,0,0,0,0,0,0,0
BL82HKNC4_7330-9943-7842-10455,0,1,0,0,0,0,0,0,0
BL82HKNC4_8007-9716-8519-10228,0,1,0,0,0,0,0,0,0
BL82HKNC4_7570-6760-8082-7272,0,1,0,0,0,0,0,0,0
BL82HKNC4_7783-8920-8295-9432,0,1,0,0,0,0,0,0,0
BL82HKNC4_8082-6760-8594-7272,0,1,0,0,0,0,0,0,0
BL82HKNC4_7793-6207-8305-6719,0,1,0,0,0,0,0,0,0
BL82HKNC4_7842-9943-8354-10455,0,1,0,0,0,0,0,0,0
BL82HKNC4_8040-8599-8552-9111,0,1,0,0,0,0,0,0,0
BL82HKNC4_7570-7272-8082-7784,0,1,0,0,0,0,0,0,0
BL82HKNC4_7861-10274-8373-10786,0,1,0,0,0,0,0,0,0
BL82HKNC4_8082-7272-8594-7784,0,1,0,0,0,0,0,0,0
BL82HKNC4_8295-8920-8807-9432,0,1,0,0,0,0,0,0,0
BL82HKNC4_8354-8079-8866-8591,0,1,0,0,0,0,0,0,0
BL82HKNC4_874-4578-1386-5090,0,1,0,0,0,0,0,0,0
BL82HKNC4_8354-8591-8866-9103,0,1,0,0,0,0,0,0,0
BL82HKNC4_874-6114-1386-6626,0,1,0,0,0,0,0,0,0
BL82HKNC4_874-5090-1386-5602,0,1,0,0,0,0,0,0,0
BL82HKNC4_874-7138-1386-7650,0,1,0,0,0,0,0,0,0
BL82HKNC4_874-5602-1386-6114,0,1,0,0,0,0,0,0,0
BL82HKNC4_906-9362-1418-9874,0,1,0,0,0,0,0,0,0
BLJ7WL94I_1299-1855-1811-2367,1,0,0,0,0,0,0,0,0
BL82HKNC4_906-8338-1418-8850,0,1,0,0,0,0,0,0,0
BL82HKNC4_906-9874-1418-10386,0,1,0,0,0,0,0,0,0
BL82HKNC4_906-10386-1418-10898,0,1,0,0,0,0,0,0,0
BLJ7WL94I_2483-657-2995-1169,1,0,0,0,0,0,0,0,0
BLJ7WL94I_1479-463-1991-975,1,0,0,0,0,0,0,0,0
BL82HKNC4_874-7650-1386-8162,0,1,0,0,0,0,0,0,0
BL82HKNC4_906-8850-1418-9362,0,1,0,0,0,0,0,0,0
BLJ7WL94I_311-1102-823-1614,1,0,0,0,0,0,0,0,0
BLJ7WL94I_341-1963-853-2475,1,0,0,0,0,0,0,0,0
BLJ7WL94I_444-1398-956-1910,1,0,0,0,0,0,0,0,0
BLJ7WL94I_341-2475-853-2987,1,0,0,0,0,0,0,0,0
BLJ7WL94I_569-656-1081-1168,1,0,0,0,0,0,0,0,0
BLJ7WL94I_853-1963-1365-2475,1,0,0,0,0,0,0,0,0
BLJ7WL94I_801-2973-1313-3485,1,0,0,0,0,0,0,0,0
BLJ7WL94I_823-1102-1335-1614,1,0,0,0,0,0,0,0,0
BLJ7WL94I_853-2475-1365-2987,1,0,0,0,0,0,0,0,0
BLZ4ACITD_2905-1762-3417-2274,1,0,0,0,0,0,0,0,0
BLJ7WL94I_967-463-1479-975,1,0,0,0,0,0,0,0,0
BLZ4ACITD_2393-738-2905-1250,1,0,0,0,0,0,0,0,0
BLZ4ACITD_2905-1250-3417-1762,1,0,0,0,0,0,0,0,0
BLZ4ACITD_1881-738-2393-1250,1,0,0,0,0,0,0,0,0
BLZ4ACITD_2905-3810-3417-4322,1,0,0,0,0,0,0,0,0
BLZ4ACITD_2905-2786-3417-3298,1,0,0,0,0,0,0,0,0
BLZ4ACITD_1369-738-1881-1250,1,0,0,0,0,0,0,0,0
BLZ4ACITD_2905-3298-3417-3810,1,0,0,0,0,0,0,0,0
BLZ4ACITD_2905-4322-3417-4834,1,0,0,0,0,0,0,0,0
BLZ4ACITD_2905-5346-3417-5858,1,0,0,0,0,0,0,0,0
BLZ4ACITD_2905-2274-3417-2786,1,0,0,0,0,0,0,0,0
BLZ4ACITD_2905-4834-3417-5346,1,0,0,0,0,0,0,0,0
BLZ4ACITD_2905-5858-3417-6370,1,0,0,0,0,0,0,0,0
BLZ4ACITD_2905-6370-3417-6882,1,0,0,0,0,0,0,0,0
BLZ4ACITD_2905-6882-3417-7394,1,0,0,0,0,0,0,0,0
BLZ4ACITD_2905-738-3417-1250,1,0,0,0,0,0,0,0,0
BLZ4ACITD_2905-7394-3417-7906,1,0,0,0,0,0,0,0,0
BLZ4ACITD_857-738-1369-1250,1,0,0,0,0,0,0,0,0
BLZ4ACITD_2905-9442-3417-9954,1,0,0,0,0,0,0,0,0
BLZ4ACITD_2905-8930-3417-9442,1,0,0,0,0,0,0,0,0
BLZ4ACITD_857-9954-1369-10466,1,0,0,0,0,0,0,0,0
BLZ4ACITD_2905-8418-3417-8930,1,0,0,0,0,0,0,0,0
BLZ4ACITD_2905-7906-3417-8418,1,0,0,0,0,0,0,0,0
BM9HNYE3M_948-4929-1460-5441,0,0,0,0,0,1,0,0,1
BM9HNYE3M_1298-747-1810-1259,0,0,0,0,0,1,0,0,1
BLZ4ACITD_2905-9954-3417-10466,1,0,0,0,0,0,0,0,0
BM9HNYE3M_486-5007-998-5519,0,0,0,0,0,1,0,0,1
BN8DFVXBI_1318-4421-1830-4933,0,0,0,0,0,0,1,0,0
BMWJWT2PC_3032-900-3544-1412,1,0,0,0,0,0,0,0,0
BN8DFVXBI_1830-4421-2342-4933,0,0,0,0,0,0,1,0,0
BN8DFVXBI_2342-4421-2854-4933,0,0,0,0,0,0,1,0,0
BN8DFVXBI_806-4421-1318-4933,0,0,0,0,0,0,1,0,0
BN8DFVXBI_2854-4421-3366-4933,0,0,0,0,0,0,1,0,0
BNPBMK6FN_2002-3086-2514-3598,0,0,0,1,0,0,0,0,0
BNYIHN496_1527-1371-2039-1883,0,1,0,0,0,0,0,0,0
BNPBMK6FN_2514-3086-3026-3598,0,0,0,1,0,0,0,0,0
BNYIHN496_1015-1883-1527-2395,0,1,0,0,0,0,0,0,0
BNYIHN496_1015-1371-1527-1883,0,1,0,0,0,0,0,0,0
BNWCAFW3N_246-213-758-725,0,0,1,0,0,0,0,0,0
BNWCAFW3N_570-305-1082-817,0,0,1,0,0,0,0,0,0
BNYIHN496_3420-1826-3932-2338,0,1,0,0,0,0,0,0,0
BNYIHN496_2039-1883-2551-2395,0,1,0,0,0,0,0,0,0
BNYIHN496_2908-1826-3420-2338,0,1,0,0,0,0,0,0,0
BNYIHN496_2039-1371-2551-1883,0,1,0,0,0,0,0,0,0
BNYIHN496_1527-1883-2039-2395,0,1,0,0,0,0,0,0,0
BNYIHN496_3691-671-4203-1183,0,1,0,0,0,0,0,0,0
BNYIHN496_4165-1841-4677-2353,0,1,0,0,0,0,0,0,0
BNYIHN496_4677-1329-5189-1841,0,1,0,0,0,0,0,0,0
BNYIHN496_4165-817-4677-1329,0,1,0,0,0,0,0,0,0
BNYIHN496_4677-817-5189-1329,0,1,0,0,0,0,0,0,0
BNYIHN496_4677-1841-5189-2353,0,1,0,0,0,0,0,0,0
BNYIHN496_5189-1329-5701-1841,0,1,0,0,0,0,0,0,0
BNYIHN496_9028-2451-9540-2963,0,1,0,0,0,0,0,0,0
BNYIHN496_5701-2353-6213-2865,0,1,0,0,0,0,0,0,0
BNYIHN496_5701-1841-6213-2353,0,1,0,0,0,0,0,0,0
BNYIHN496_5189-2353-5701-2865,0,1,0,0,0,0,0,0,0
BNYIHN496_5189-1841-5701-2353,0,1,0,0,0,0,0,0,0
BNYIHN496_6026-2628-6538-3140,0,1,0,0,0,0,0,0,0
BP1ZHWMXK_4756-4694-5268-5206,0,0,0,0,0,0,0,0,1
BP1ZHWMXK_5000-4943-5512-5455,0,0,0,0,0,0,0,0,1
BNYIHN496_5189-817-5701-1329,0,1,0,0,0,0,0,0,0
BP1ZHWMXK_4756-6230-5268-6742,0,0,0,0,0,0,0,0,1
BP1ZHWMXK_4756-5206-5268-5718,0,0,0,0,0,0,0,0,1
BP1ZHWMXK_4756-5718-5268-6230,0,0,0,0,0,0,0,0,1
BP1ZHWMXK_5000-5280-5512-5792,0,0,0,0,0,0,0,0,1
BP1ZHWMXK_5186-6975-5698-7487,0,0,0,0,0,0,0,0,1
BP1ZHWMXK_5167-6507-5679-7019,0,0,0,0,0,0,0,0,1
BP1ZHWMXK_5286-6273-5798-6785,0,0,0,0,0,0,0,0,1
BP1ZHWMXK_5261-5341-5773-5853,0,0,0,0,0,0,0,0,1
BP1ZHWMXK_5306-6741-5818-7253,0,0,0,0,0,0,0,0,1
BP1ZHWMXK_6199-5094-6711-5606,0,0,0,0,0,0,0,0,1
BP1ZHWMXK_5679-6507-6191-7019,0,0,0,0,0,0,0,0,1
BP1ZHWMXK_6285-5341-6797-5853,0,0,0,0,0,0,0,0,1
BP1ZHWMXK_5773-5341-6285-5853,0,0,0,0,0,0,0,0,1
BP1ZHWMXK_5687-5094-6199-5606,0,0,0,0,0,0,0,0,1
BP1ZHWMXK_6474-5123-6986-5635,0,0,0,0,0,0,0,0,1
BP1ZHWMXK_6787-4756-7299-5268,0,0,0,0,0,0,0,0,1
BP1ZHWMXK_7252-5229-7764-5741,0,0,0,0,0,0,0,0,1
BP1ZHWMXK_6986-5123-7498-5635,0,0,0,0,0,0,0,0,1
BP1ZHWMXK_5798-6273-6310-6785,0,0,0,0,0,0,0,0,1
BP1ZHWMXK_6797-5341-7309-5853,0,0,0,0,0,0,0,0,1
BPDX1UC63_1298-8767-1810-9279,0,0,0,0,1,0,0,0,0
BPDX1UC63_1493-705-2005-1217,0,0,0,0,1,0,0,0,0
BPDX1UC63_2028-8715-2540-9227,0,0,0,0,1,0,0,0,0
BPDX1UC63_1997-700-2509-1212,0,0,0,0,1,0,0,0,0
BPDX1UC63_2323-8708-2835-9220,0,0,0,0,1,0,0,0,0
BPDX1UC63_2833-8732-3345-9244,0,0,0,0,1,0,0,0,0
BPDX1UC63_3547-751-4059-1263,0,0,0,0,1,0,0,0,0
BPDX1UC63_3040-715-3552-1227,0,0,0,0,1,0,0,0,0
BPDX1UC63_4074-712-4586-1224,0,0,0,0,1,0,0,0,0
BPDX1UC63_980-718-1492-1230,0,0,0,0,1,0,0,0,0
BPDX1UC63_4402-8715-4914-9227,0,0,0,0,1,0,0,0,0
BPDX1UC63_5667-710-6179-1222,0,0,0,0,1,0,0,0,0
BPDX1UC63_989-8733-1501-9245,0,0,0,0,1,0,0,0,0
BPDX1UC63_5117-717-5629-1229,0,0,0,0,1,0,0,0,0
BPDX1UC63_4611-733-5123-1245,0,0,0,0,1,0,0,0,0
BPDX1UC63_5158-8665-5670-9177,0,0,0,0,1,0,0,0,0
BQ4E27IBI_2738-8314-3250-8826,0,1,0,0,0,0,0,0,0
BQC9ZPF43_4292-2026-4804-2538,0,0,0,0,0,0,1,0,0
BQC9ZPF43_4292-2538-4804-3050,0,0,0,0,0,0,1,0,0
BQC9ZPF43_4572-7954-5084-8466,0,0,0,0,0,0,1,0,0
BQC9ZPF43_5249-7982-5761-8494,0,0,0,0,0,0,1,0,0
BQC9ZPF43_4804-2538-5316-3050,0,0,0,0,0,0,1,0,0
BQC9ZPF43_5297-7285-5809-7797,0,0,0,0,0,0,1,0,0
BQC9ZPF43_5614-7441-6126-7953,0,0,0,0,0,0,1,0,0
BR67ZFYYT_10004-10314-10516-10826,1,0,0,0,0,0,0,0,0
BR67ZFYYT_10004-14410-10516-14922,1,0,0,0,0,0,0,0,0
BR67ZFYYT_10516-10826-11028-11338,1,0,0,0,0,0,0,0,0
BQC9ZPF43_6126-7441-6638-7953,0,0,0,0,0,0,1,0,0
BR67ZFYYT_10516-11850-11028-12362,1,0,0,0,0,0,0,0,0
BR67ZFYYT_10516-12362-11028-12874,1,0,0,0,0,0,0,0,0
BR67ZFYYT_10443-9415-10955-9927,1,0,0,0,0,0,0,0,0
BR67ZFYYT_10516-10314-11028-10826,1,0,0,0,0,0,0,0,0
BR67ZFYYT_10516-12874-11028-13386,1,0,0,0,0,0,0,0,0
BR67ZFYYT_10516-11338-11028-11850,1,0,0,0,0,0,0,0,0
BR67ZFYYT_10443-711-10955-1223,1,0,0,0,0,0,0,0,0
BR67ZFYYT_10516-13898-11028-14410,1,0,0,0,0,0,0,0,0
BR67ZFYYT_10516-13386-11028-13898,1,0,0,0,0,0,0,0,0
BR67ZFYYT_10516-14410-11028-14922,1,0,0,0,0,0,0,0,0
BR67ZFYYT_10955-9415-11467-9927,1,0,0,0,0,0,0,0,0
BR67ZFYYT_10955-711-11467-1223,1,0,0,0,0,0,0,0,0
BR67ZFYYT_1128-1008-1640-1520,1,0,0,0,0,0,0,0,0
BR67ZFYYT_1128-2544-1640-3056,1,0,0,0,0,0,0,0,0
BR67ZFYYT_1128-1520-1640-2032,1,0,0,0,0,0,0,0,0
BR67ZFYYT_1128-3056-1640-3568,1,0,0,0,0,0,0,0,0
BR67ZFYYT_1128-6128-1640-6640,1,0,0,0,0,0,0,0,0
BR67ZFYYT_1128-8176-1640-8688,1,0,0,0,0,0,0,0,0
BR67ZFYYT_1128-496-1640-1008,1,0,0,0,0,0,0,0,0
BR67ZFYYT_1128-2032-1640-2544,1,0,0,0,0,0,0,0,0
BR67ZFYYT_1128-9200-1640-9712,1,0,0,0,0,0,0,0,0
BR67ZFYYT_1128-6640-1640-7152,1,0,0,0,0,0,0,0,0
BR67ZFYYT_1128-7152-1640-7664,1,0,0,0,0,0,0,0,0
BR67ZFYYT_1128-8688-1640-9200,1,0,0,0,0,0,0,0,0
BR67ZFYYT_1128-7664-1640-8176,1,0,0,0,0,0,0,0,0
BR67ZFYYT_11979-711-12491-1223,1,0,0,0,0,0,0,0,0
BR67ZFYYT_11467-711-11979-1223,1,0,0,0,0,0,0,0,0
BR67ZFYYT_1128-9712-1640-10224,1,0,0,0,0,0,0,0,0
BR67ZFYYT_11467-9415-11979-9927,1,0,0,0,0,0,0,0,0
BR67ZFYYT_11979-9415-12491-9927,1,0,0,0,0,0,0,0,0
BR67ZFYYT_12491-2247-13003-2759,1,0,0,0,0,0,0,0,0
BR67ZFYYT_12491-4295-13003-4807,1,0,0,0,0,0,0,0,0
BR67ZFYYT_12491-1223-13003-1735,1,0,0,0,0,0,0,0,0
BR67ZFYYT_12491-1735-13003-2247,1,0,0,0,0,0,0,0,0
BR67ZFYYT_12491-2759-13003-3271,1,0,0,0,0,0,0,0,0
BR67ZFYYT_12491-3783-13003-4295,1,0,0,0,0,0,0,0,0
BR67ZFYYT_12491-4807-13003-5319,1,0,0,0,0,0,0,0,0
BR67ZFYYT_12491-3271-13003-3783,1,0,0,0,0,0,0,0,0
BR67ZFYYT_12491-5319-13003-5831,1,0,0,0,0,0,0,0,0
BR67ZFYYT_12491-5831-13003-6343,1,0,0,0,0,0,0,0,0
BR67ZFYYT_12491-6343-13003-6855,1,0,0,0,0,0,0,0,0
BR67ZFYYT_12491-711-13003-1223,1,0,0,0,0,0,0,0,0
BR67ZFYYT_12491-6855-13003-7367,1,0,0,0,0,0,0,0,0
BR67ZFYYT_12491-7367-13003-7879,1,0,0,0,0,0,0,0,0
BR67ZFYYT_1513-14912-2025-15424,1,0,0,0,0,0,0,0,0
BR67ZFYYT_12491-7879-13003-8391,1,0,0,0,0,0,0,0,0
BR67ZFYYT_12491-9415-13003-9927,1,0,0,0,0,0,0,0,0
BR67ZFYYT_1513-15424-2025-15936,1,0,0,0,0,0,0,0,0
BR67ZFYYT_1513-16448-2025-16960,1,0,0,0,0,0,0,0,0
BR67ZFYYT_1640-3056-2152-3568,1,0,0,0,0,0,0,0,0
BR67ZFYYT_1513-17984-2025-18496,1,0,0,0,0,0,0,0,0
BR67ZFYYT_1513-17472-2025-17984,1,0,0,0,0,0,0,0,0
BR67ZFYYT_1513-16960-2025-17472,1,0,0,0,0,0,0,0,0
BR67ZFYYT_1513-18496-2025-19008,1,0,0,0,0,0,0,0,0
BR67ZFYYT_1513-15936-2025-16448,1,0,0,0,0,0,0,0,0
BR67ZFYYT_1640-4080-2152-4592,1,0,0,0,0,0,0,0,0
BR67ZFYYT_1640-3568-2152-4080,1,0,0,0,0,0,0,0,0
BR67ZFYYT_1640-496-2152-1008,1,0,0,0,0,0,0,0,0
BR67ZFYYT_1640-5616-2152-6128,1,0,0,0,0,0,0,0,0
BR67ZFYYT_1640-9712-2152-10224,1,0,0,0,0,0,0,0,0
BR67ZFYYT_2025-14400-2537-14912,1,0,0,0,0,0,0,0,0
BR67ZFYYT_2025-12352-2537-12864,1,0,0,0,0,0,0,0,0
BR67ZFYYT_2025-12864-2537-13376,1,0,0,0,0,0,0,0,0
BR67ZFYYT_2025-13376-2537-13888,1,0,0,0,0,0,0,0,0
BR67ZFYYT_2025-18496-2537-19008,1,0,0,0,0,0,0,0,0
BR67ZFYYT_2025-13888-2537-14400,1,0,0,0,0,0,0,0,0
BR67ZFYYT_2152-4592-2664-5104,1,0,0,0,0,0,0,0,0
BR67ZFYYT_2664-496-3176-1008,1,0,0,0,0,0,0,0,0
BR67ZFYYT_2152-9712-2664-10224,1,0,0,0,0,0,0,0,0
BR67ZFYYT_2537-18496-3049-19008,1,0,0,0,0,0,0,0,0
BR67ZFYYT_2152-5104-2664-5616,1,0,0,0,0,0,0,0,0
BR67ZFYYT_2537-12352-3049-12864,1,0,0,0,0,0,0,0,0
BR67ZFYYT_2152-496-2664-1008,1,0,0,0,0,0,0,0,0
BR67ZFYYT_2664-9712-3176-10224,1,0,0,0,0,0,0,0,0
BR67ZFYYT_3049-18496-3561-19008,1,0,0,0,0,0,0,0,0
BR67ZFYYT_3049-12352-3561-12864,1,0,0,0,0,0,0,0,0
BR67ZFYYT_3176-496-3688-1008,1,0,0,0,0,0,0,0,0
BR67ZFYYT_3561-12352-4073-12864,1,0,0,0,0,0,0,0,0
BR67ZFYYT_3176-9712-3688-10224,1,0,0,0,0,0,0,0,0
BR67ZFYYT_3561-18496-4073-19008,1,0,0,0,0,0,0,0,0
BR67ZFYYT_3688-496-4200-1008,1,0,0,0,0,0,0,0,0
BR67ZFYYT_3688-9712-4200-10224,1,0,0,0,0,0,0,0,0
BR67ZFYYT_4073-12352-4585-12864,1,0,0,0,0,0,0,0,0
BR67ZFYYT_4073-18496-4585-19008,1,0,0,0,0,0,0,0,0
BR67ZFYYT_4200-496-4712-1008,1,0,0,0,0,0,0,0,0
BR67ZFYYT_4585-12352-5097-12864,1,0,0,0,0,0,0,0,0
BR67ZFYYT_4200-9712-4712-10224,1,0,0,0,0,0,0,0,0
BR67ZFYYT_4712-496-5224-1008,1,0,0,0,0,0,0,0,0
BR67ZFYYT_5097-18496-5609-19008,1,0,0,0,0,0,0,0,0
BR67ZFYYT_5224-9712-5736-10224,1,0,0,0,0,0,0,0,0
BR67ZFYYT_4585-18496-5097-19008,1,0,0,0,0,0,0,0,0
BR67ZFYYT_5097-12352-5609-12864,1,0,0,0,0,0,0,0,0
BR67ZFYYT_5224-496-5736-1008,1,0,0,0,0,0,0,0,0
BR67ZFYYT_4712-9712-5224-10224,1,0,0,0,0,0,0,0,0
BR67ZFYYT_5609-12352-6121-12864,1,0,0,0,0,0,0,0,0
BR67ZFYYT_5609-18496-6121-19008,1,0,0,0,0,0,0,0,0
BR67ZFYYT_5736-9712-6248-10224,1,0,0,0,0,0,0,0,0
BR67ZFYYT_5736-496-6248-1008,1,0,0,0,0,0,0,0,0
BR67ZFYYT_6121-18496-6633-19008,1,0,0,0,0,0,0,0,0
BR67ZFYYT_6121-12352-6633-12864,1,0,0,0,0,0,0,0,0
BR67ZFYYT_6248-496-6760-1008,1,0,0,0,0,0,0,0,0
BR67ZFYYT_6248-9712-6760-10224,1,0,0,0,0,0,0,0,0
BR67ZFYYT_6859-711-7371-1223,1,0,0,0,0,0,0,0,0
BR67ZFYYT_7145-18496-7657-19008,1,0,0,0,0,0,0,0,0
BR67ZFYYT_6760-9712-7272-10224,1,0,0,0,0,0,0,0,0
BR67ZFYYT_6633-12352-7145-12864,1,0,0,0,0,0,0,0,0
BR67ZFYYT_7272-9712-7784-10224,1,0,0,0,0,0,0,0,0
BR67ZFYYT_6633-18496-7145-19008,1,0,0,0,0,0,0,0,0
BR67ZFYYT_7371-711-7883-1223,1,0,0,0,0,0,0,0,0
BR67ZFYYT_6859-9415-7371-9927,1,0,0,0,0,0,0,0,0
BR67ZFYYT_7371-9415-7883-9927,1,0,0,0,0,0,0,0,0
BR67ZFYYT_7657-12352-8169-12864,1,0,0,0,0,0,0,0,0
BR67ZFYYT_7145-12352-7657-12864,1,0,0,0,0,0,0,0,0
BR67ZFYYT_7657-13376-8169-13888,1,0,0,0,0,0,0,0,0
BR67ZFYYT_7657-14912-8169-15424,1,0,0,0,0,0,0,0,0
BR67ZFYYT_7657-12864-8169-13376,1,0,0,0,0,0,0,0,0
BR67ZFYYT_7657-13888-8169-14400,1,0,0,0,0,0,0,0,0
BR67ZFYYT_7657-14400-8169-14912,1,0,0,0,0,0,0,0,0
BR67ZFYYT_7657-15936-8169-16448,1,0,0,0,0,0,0,0,0
BR67ZFYYT_7657-15424-8169-15936,1,0,0,0,0,0,0,0,0
BR67ZFYYT_7657-16960-8169-17472,1,0,0,0,0,0,0,0,0
BR67ZFYYT_8907-711-9419-1223,1,0,0,0,0,0,0,0,0
BR67ZFYYT_7657-18496-8169-19008,1,0,0,0,0,0,0,0,0
BR67ZFYYT_8395-9415-8907-9927,1,0,0,0,0,0,0,0,0
BR67ZFYYT_7883-711-8395-1223,1,0,0,0,0,0,0,0,0
BR67ZFYYT_8395-711-8907-1223,1,0,0,0,0,0,0,0,0
BR67ZFYYT_8907-9415-9419-9927,1,0,0,0,0,0,0,0,0
BR67ZFYYT_7883-9415-8395-9927,1,0,0,0,0,0,0,0,0
BR67ZFYYT_7657-16448-8169-16960,1,0,0,0,0,0,0,0,0
BR67ZFYYT_7657-17984-8169-18496,1,0,0,0,0,0,0,0,0
BR67ZFYYT_7657-17472-8169-17984,1,0,0,0,0,0,0,0,0
BR67ZFYYT_8980-10314-9492-10826,1,0,0,0,0,0,0,0,0
BR67ZFYYT_8980-11338-9492-11850,1,0,0,0,0,0,0,0,0
BR67ZFYYT_8980-11850-9492-12362,1,0,0,0,0,0,0,0,0
BR67ZFYYT_8980-10826-9492-11338,1,0,0,0,0,0,0,0,0
BR67ZFYYT_8980-13386-9492-13898,1,0,0,0,0,0,0,0,0
BR67ZFYYT_8980-12874-9492-13386,1,0,0,0,0,0,0,0,0
BR67ZFYYT_8980-12362-9492-12874,1,0,0,0,0,0,0,0,0
BR67ZFYYT_8980-13898-9492-14410,1,0,0,0,0,0,0,0,0
BR67ZFYYT_9419-9415-9931-9927,1,0,0,0,0,0,0,0,0
BR67ZFYYT_9931-711-10443-1223,1,0,0,0,0,0,0,0,0
BR67ZFYYT_8980-14410-9492-14922,1,0,0,0,0,0,0,0,0
BR67ZFYYT_9492-14410-10004-14922,1,0,0,0,0,0,0,0,0
BR67ZFYYT_9492-10314-10004-10826,1,0,0,0,0,0,0,0,0
BR67ZFYYT_9931-9415-10443-9927,1,0,0,0,0,0,0,0,0
BR67ZFYYT_9419-711-9931-1223,1,0,0,0,0,0,0,0,0
BRB8B988G_1449-9351-1961-9863,0,0,0,0,0,0,0,0,1
BREKE1HXW_2273-3852-2785-4364,0,0,1,0,0,0,0,0,0
BREKE1HXW_2273-4364-2785-4876,0,0,1,0,0,0,0,0,0
BREKE1HXW_2317-3117-2829-3629,0,0,1,0,0,0,0,0,0
BREKE1HXW_2291-3514-2803-4026,0,0,1,0,0,0,0,0,0
BREKE1HXW_2352-1730-2864-2242,0,0,1,0,0,0,0,0,0
BREKE1HXW_2352-2242-2864-2754,0,0,1,0,0,0,0,0,0
BREKE1HXW_2428-693-2940-1205,0,0,1,0,0,0,0,0,0
BREKE1HXW_2352-2754-2864-3266,0,0,1,0,0,0,0,0,0
BRIG2NFKN_1110-7637-1622-8149,0,0,0,1,0,0,0,0,0
BRLDNDD6X_10343-2488-10855-3000,1,0,0,0,0,0,0,0,0
BRLDNDD6X_10233-6066-10745-6578,1,0,0,0,0,0,0,0,0
BRIG2NFKN_1622-7637-2134-8149,0,0,0,1,0,0,0,0,0
BRIG2NFKN_1110-8149-1622-8661,0,0,0,1,0,0,0,0,0
BRLDNDD6X_10233-7602-10745-8114,1,0,0,0,0,0,0,0,0
BRLDNDD6X_10343-440-10855-952,1,0,0,0,0,0,0,0,0
BRIG2NFKN_1622-8149-2134-8661,0,0,0,1,0,0,0,0,0
BRLDNDD6X_10356-8153-10868-8665,1,0,0,0,0,0,0,0,0
BRLDNDD6X_10233-2994-10745-3506,1,0,0,0,0,0,0,0,0
BRLDNDD6X_10343-1976-10855-2488,1,0,0,0,0,0,0,0,0
BRLDNDD6X_10745-3506-11257-4018,1,0,0,0,0,0,0,0,0
BRLDNDD6X_10745-4018-11257-4530,1,0,0,0,0,0,0,0,0
BRLDNDD6X_10745-4530-11257-5042,1,0,0,0,0,0,0,0,0
BRLDNDD6X_10745-5042-11257-5554,1,0,0,0,0,0,0,0,0
BRLDNDD6X_10745-5554-11257-6066,1,0,0,0,0,0,0,0,0
BRLDNDD6X_10745-6578-11257-7090,1,0,0,0,0,0,0,0,0
BRLDNDD6X_10745-6066-11257-6578,1,0,0,0,0,0,0,0,0
BRLDNDD6X_10745-7090-11257-7602,1,0,0,0,0,0,0,0,0
BRLDNDD6X_10855-1976-11367-2488,1,0,0,0,0,0,0,0,0
BRLDNDD6X_10745-7602-11257-8114,1,0,0,0,0,0,0,0,0
BRLDNDD6X_1189-4474-1701-4986,1,0,0,0,0,0,0,0,0
BRLDNDD6X_1189-5498-1701-6010,1,0,0,0,0,0,0,0,0
BRLDNDD6X_10868-8153-11380-8665,1,0,0,0,0,0,0,0,0
BRLDNDD6X_1189-6010-1701-6522,1,0,0,0,0,0,0,0,0
BRLDNDD6X_10855-440-11367-952,1,0,0,0,0,0,0,0,0
BRLDNDD6X_10855-1464-11367-1976,1,0,0,0,0,0,0,0,0
BRLDNDD6X_10855-952-11367-1464,1,0,0,0,0,0,0,0,0
BRLDNDD6X_1189-6522-1701-7034,1,0,0,0,0,0,0,0,0
BRLDNDD6X_1189-7546-1701-8058,1,0,0,0,0,0,0,0,0
BRLDNDD6X_1701-5498-2213-6010,1,0,0,0,0,0,0,0,0
BRLDNDD6X_1189-8058-1701-8570,1,0,0,0,0,0,0,0,0
BRLDNDD6X_1701-4474-2213-4986,1,0,0,0,0,0,0,0,0
BRLDNDD6X_1701-6010-2213-6522,1,0,0,0,0,0,0,0,0
BRLDNDD6X_1701-7546-2213-8058,1,0,0,0,0,0,0,0,0
BRLDNDD6X_2213-4474-2725-4986,1,0,0,0,0,0,0,0,0
BRLDNDD6X_2213-6522-2725-7034,1,0,0,0,0,0,0,0,0
BRLDNDD6X_2725-4474-3237-4986,1,0,0,0,0,0,0,0,0
BRLDNDD6X_2213-5498-2725-6010,1,0,0,0,0,0,0,0,0
BRLDNDD6X_3237-4474-3749-4986,1,0,0,0,0,0,0,0,0
BRLDNDD6X_2725-5498-3237-6010,1,0,0,0,0,0,0,0,0
BRLDNDD6X_2725-6522-3237-7034,1,0,0,0,0,0,0,0,0
BRLDNDD6X_2725-7034-3237-7546,1,0,0,0,0,0,0,0,0
BRLDNDD6X_2213-7546-2725-8058,1,0,0,0,0,0,0,0,0
BRLDNDD6X_3188-6617-3700-7129,1,0,0,0,0,0,0,0,0
BRLDNDD6X_2725-7546-3237-8058,1,0,0,0,0,0,0,0,0
BRLDNDD6X_3237-4986-3749-5498,1,0,0,0,0,0,0,0,0
BRLDNDD6X_3237-5498-3749-6010,1,0,0,0,0,0,0,0,0
BRLDNDD6X_3237-7546-3749-8058,1,0,0,0,0,0,0,0,0
BRLDNDD6X_3237-7034-3749-7546,1,0,0,0,0,0,0,0,0
BRLDNDD6X_3237-6010-3749-6522,1,0,0,0,0,0,0,0,0
BRLDNDD6X_3237-8058-3749-8570,1,0,0,0,0,0,0,0,0
BRLDNDD6X_3700-7129-4212-7641,1,0,0,0,0,0,0,0,0
BRLDNDD6X_3749-4474-4261-4986,1,0,0,0,0,0,0,0,0
BRLDNDD6X_3700-7641-4212-8153,1,0,0,0,0,0,0,0,0
BRLDNDD6X_4114-5044-4626-5556,1,0,0,0,0,0,0,0,0
BRLDNDD6X_3749-4986-4261-5498,1,0,0,0,0,0,0,0,0
BRLDNDD6X_3996-7571-4508-8083,1,0,0,0,0,0,0,0,0
BRLDNDD6X_4114-5556-4626-6068,1,0,0,0,0,0,0,0,0
BRLDNDD6X_4212-8153-4724-8665,1,0,0,0,0,0,0,0,0
BRLDNDD6X_3749-8058-4261-8570,1,0,0,0,0,0,0,0,0
BRLDNDD6X_4212-7129-4724-7641,1,0,0,0,0,0,0,0,0
BRLDNDD6X_4508-7571-5020-8083,1,0,0,0,0,0,0,0,0
BRLDNDD6X_4114-4532-4626-5044,1,0,0,0,0,0,0,0,0
BRLDNDD6X_4626-5556-5138-6068,1,0,0,0,0,0,0,0,0
BRLDNDD6X_4724-7129-5236-7641,1,0,0,0,0,0,0,0,0
BRLDNDD6X_4724-8153-5236-8665,1,0,0,0,0,0,0,0,0
BRLDNDD6X_5020-7059-5532-7571,1,0,0,0,0,0,0,0,0
BRLDNDD6X_5138-4532-5650-5044,1,0,0,0,0,0,0,0,0
BRLDNDD6X_5138-5044-5650-5556,1,0,0,0,0,0,0,0,0
BRLDNDD6X_5138-5556-5650-6068,1,0,0,0,0,0,0,0,0
BRLDNDD6X_5735-952-6247-1464,1,0,0,0,0,0,0,0,0
BRLDNDD6X_5236-8153-5748-8665,1,0,0,0,0,0,0,0,0
BRLDNDD6X_5735-440-6247-952,1,0,0,0,0,0,0,0,0
BRLDNDD6X_5650-5044-6162-5556,1,0,0,0,0,0,0,0,0
BRLDNDD6X_5236-7641-5748-8153,1,0,0,0,0,0,0,0,0
BRLDNDD6X_5748-7129-6260-7641,1,0,0,0,0,0,0,0,0
BRLDNDD6X_6137-2994-6649-3506,1,0,0,0,0,0,0,0,0
BRLDNDD6X_5735-1464-6247-1976,1,0,0,0,0,0,0,0,0
BRLDNDD6X_5650-4532-6162-5044,1,0,0,0,0,0,0,0,0
BRLDNDD6X_6137-3506-6649-4018,1,0,0,0,0,0,0,0,0
BRLDNDD6X_5748-8153-6260-8665,1,0,0,0,0,0,0,0,0
BRLDNDD6X_6137-5554-6649-6066,1,0,0,0,0,0,0,0,0
BRLDNDD6X_6137-4530-6649-5042,1,0,0,0,0,0,0,0,0
BRLDNDD6X_6137-6066-6649-6578,1,0,0,0,0,0,0,0,0
BRLDNDD6X_6247-440-6759-952,1,0,0,0,0,0,0,0,0
BRLDNDD6X_6247-1464-6759-1976,1,0,0,0,0,0,0,0,0
BRLDNDD6X_6260-7129-6772-7641,1,0,0,0,0,0,0,0,0
BRLDNDD6X_6260-8153-6772-8665,1,0,0,0,0,0,0,0,0
BRLDNDD6X_6649-3506-7161-4018,1,0,0,0,0,0,0,0,0
BRLDNDD6X_6759-1464-7271-1976,1,0,0,0,0,0,0,0,0
BRLDNDD6X_6649-4530-7161-5042,1,0,0,0,0,0,0,0,0
BRLDNDD6X_6649-5554-7161-6066,1,0,0,0,0,0,0,0,0
BRLDNDD6X_6649-2994-7161-3506,1,0,0,0,0,0,0,0,0
BRLDNDD6X_6759-952-7271-1464,1,0,0,0,0,0,0,0,0
BRLDNDD6X_6649-6066-7161-6578,1,0,0,0,0,0,0,0,0
BRLDNDD6X_6759-440-7271-952,1,0,0,0,0,0,0,0,0
BRLDNDD6X_6649-7602-7161-8114,1,0,0,0,0,0,0,0,0
BRLDNDD6X_677-4986-1189-5498,1,0,0,0,0,0,0,0,0
BRLDNDD6X_677-4474-1189-4986,1,0,0,0,0,0,0,0,0
BRLDNDD6X_677-6010-1189-6522,1,0,0,0,0,0,0,0,0
BRLDNDD6X_677-5498-1189-6010,1,0,0,0,0,0,0,0,0
BRLDNDD6X_677-7546-1189-8058,1,0,0,0,0,0,0,0,0
BRLDNDD6X_677-6522-1189-7034,1,0,0,0,0,0,0,0,0
BRLDNDD6X_677-7034-1189-7546,1,0,0,0,0,0,0,0,0
BRLDNDD6X_677-8058-1189-8570,1,0,0,0,0,0,0,0,0
BRLDNDD6X_6772-6617-7284-7129,1,0,0,0,0,0,0,0,0
BRLDNDD6X_7161-5042-7673-5554,1,0,0,0,0,0,0,0,0
BRLDNDD6X_6772-7129-7284-7641,1,0,0,0,0,0,0,0,0
BRLDNDD6X_7161-5554-7673-6066,1,0,0,0,0,0,0,0,0
BRLDNDD6X_6772-8153-7284-8665,1,0,0,0,0,0,0,0,0
BRLDNDD6X_7161-2994-7673-3506,1,0,0,0,0,0,0,0,0
BRLDNDD6X_7271-1464-7783-1976,1,0,0,0,0,0,0,0,0
BRLDNDD6X_7161-7090-7673-7602,1,0,0,0,0,0,0,0,0
BRLDNDD6X_7161-6066-7673-6578,1,0,0,0,0,0,0,0,0
BRLDNDD6X_7161-4530-7673-5042,1,0,0,0,0,0,0,0,0
BRLDNDD6X_7271-952-7783-1464,1,0,0,0,0,0,0,0,0
BRLDNDD6X_7271-440-7783-952,1,0,0,0,0,0,0,0,0
BRLDNDD6X_7284-8153-7796-8665,1,0,0,0,0,0,0,0,0
BRLDNDD6X_7673-2994-8185-3506,1,0,0,0,0,0,0,0,0
BRLDNDD6X_7673-5042-8185-5554,1,0,0,0,0,0,0,0,0
BRLDNDD6X_7284-6617-7796-7129,1,0,0,0,0,0,0,0,0
BRLDNDD6X_7673-6066-8185-6578,1,0,0,0,0,0,0,0,0
BRLDNDD6X_7783-1464-8295-1976,1,0,0,0,0,0,0,0,0
BRLDNDD6X_7783-440-8295-952,1,0,0,0,0,0,0,0,0
BRLDNDD6X_7796-6617-8308-7129,1,0,0,0,0,0,0,0,0
BRLDNDD6X_8185-7090-8697-7602,1,0,0,0,0,0,0,0,0
BRLDNDD6X_8185-6578-8697-7090,1,0,0,0,0,0,0,0,0
BRLDNDD6X_8185-4018-8697-4530,1,0,0,0,0,0,0,0,0
BRLDNDD6X_8185-5042-8697-5554,1,0,0,0,0,0,0,0,0
BRLDNDD6X_8185-2994-8697-3506,1,0,0,0,0,0,0,0,0
BRLDNDD6X_7796-8153-8308-8665,1,0,0,0,0,0,0,0,0
BRLDNDD6X_8185-6066-8697-6578,1,0,0,0,0,0,0,0,0
BRLDNDD6X_8185-7602-8697-8114,1,0,0,0,0,0,0,0,0
BRLDNDD6X_8295-440-8807-952,1,0,0,0,0,0,0,0,0
BRLDNDD6X_8295-1464-8807-1976,1,0,0,0,0,0,0,0,0
BRLDNDD6X_8697-4530-9209-5042,1,0,0,0,0,0,0,0,0
BRLDNDD6X_8308-8153-8820-8665,1,0,0,0,0,0,0,0,0
BRLDNDD6X_8697-2994-9209-3506,1,0,0,0,0,0,0,0,0
BRLDNDD6X_8697-4018-9209-4530,1,0,0,0,0,0,0,0,0
BRLDNDD6X_9209-5042-9721-5554,1,0,0,0,0,0,0,0,0
BRLDNDD6X_8820-7641-9332-8153,1,0,0,0,0,0,0,0,0
BRLDNDD6X_8807-952-9319-1464,1,0,0,0,0,0,0,0,0
BRLDNDD6X_9209-4530-9721-5042,1,0,0,0,0,0,0,0,0
BRLDNDD6X_8697-5042-9209-5554,1,0,0,0,0,0,0,0,0
BRLDNDD6X_8697-6578-9209-7090,1,0,0,0,0,0,0,0,0
BRLDNDD6X_8697-7090-9209-7602,1,0,0,0,0,0,0,0,0
BRLDNDD6X_8807-440-9319-952,1,0,0,0,0,0,0,0,0
BRLDNDD6X_9209-2994-9721-3506,1,0,0,0,0,0,0,0,0
BRLDNDD6X_8697-6066-9209-6578,1,0,0,0,0,0,0,0,0
BRLDNDD6X_8820-8153-9332-8665,1,0,0,0,0,0,0,0,0
BRLDNDD6X_9319-1464-9831-1976,1,0,0,0,0,0,0,0,0
BRLDNDD6X_9319-1976-9831-2488,1,0,0,0,0,0,0,0,0
BRLDNDD6X_9319-440-9831-952,1,0,0,0,0,0,0,0,0
BRLDNDD6X_9332-8153-9844-8665,1,0,0,0,0,0,0,0,0
BRLDNDD6X_9332-7641-9844-8153,1,0,0,0,0,0,0,0,0
BRLDNDD6X_9332-7129-9844-7641,1,0,0,0,0,0,0,0,0
BRLDNDD6X_9721-2994-10233-3506,1,0,0,0,0,0,0,0,0
BRLDNDD6X_9831-440-10343-952,1,0,0,0,0,0,0,0,0
BT179YYAD_2582-6121-3094-6633,1,0,0,0,0,0,0,0,0
BT179YYAD_2361-4217-2873-4729,1,0,0,0,0,0,0,0,0
BRLDNDD6X_9831-1976-10343-2488,1,0,0,0,0,0,0,0,0
BT179YYAD_2736-6363-3248-6875,1,0,0,0,0,0,0,0,0
BT179YYAD_2548-4559-3060-5071,1,0,0,0,0,0,0,0,0
BT179YYAD_2992-7109-3504-7621,1,0,0,0,0,0,0,0,0
BT179YYAD_2756-5916-3268-6428,1,0,0,0,0,0,0,0,0
BRLDNDD6X_9721-7602-10233-8114,1,0,0,0,0,0,0,0,0
BT179YYAD_1491-8575-2003-9087,1,0,0,0,0,0,0,0,0
BRLDNDD6X_9831-2488-10343-3000,1,0,0,0,0,0,0,0,0
BRLDNDD6X_9844-8153-10356-8665,1,0,0,0,0,0,0,0,0
BT179YYAD_3184-7891-3696-8403,1,0,0,0,0,0,0,0,0
BT179YYAD_3486-7437-3998-7949,1,0,0,0,0,0,0,0,0
BT179YYAD_4051-7196-4563-7708,1,0,0,0,0,0,0,0,0
BT179YYAD_401-10591-913-11103,1,0,0,0,0,0,0,0,0
BT179YYAD_4233-8006-4745-8518,1,0,0,0,0,0,0,0,0
BT179YYAD_4563-7196-5075-7708,1,0,0,0,0,0,0,0,0
BT179YYAD_5832-6635-6344-7147,1,0,0,0,0,0,0,0,0
BT179YYAD_6683-6430-7195-6942,1,0,0,0,0,0,0,0,0
BT179YYAD_5719-717-6231-1229,1,0,0,0,0,0,0,0,0
BT179YYAD_6195-6234-6707-6746,1,0,0,0,0,0,0,0,0
BT179YYAD_6195-5722-6707-6234,1,0,0,0,0,0,0,0,0
BT179YYAD_6987-6250-7499-6762,1,0,0,0,0,0,0,0,0
BT179YYAD_5719-1229-6231-1741,1,0,0,0,0,0,0,0,0
BT179YYAD_606-9440-1118-9952,1,0,0,0,0,0,0,0,0
BT179YYAD_6707-5722-7219-6234,1,0,0,0,0,0,0,0,0
BT179YYAD_6680-7117-7192-7629,1,0,0,0,0,0,0,0,0
BT179YYAD_6987-5738-7499-6250,1,0,0,0,0,0,0,0,0
BT179YYAD_6402-5478-6914-5990,1,0,0,0,0,0,0,0,0
BT179YYAD_7192-7117-7704-7629,1,0,0,0,0,0,0,0,0
BT179YYAD_7192-6605-7704-7117,1,0,0,0,0,0,0,0,0
BT179YYAD_7830-6760-8342-7272,1,0,0,0,0,0,0,0,0
BT179YYAD_7499-6250-8011-6762,1,0,0,0,0,0,0,0,0
BTXEA3D8P_10094-6001-10606-6513,1,0,0,0,0,0,0,0,0
BT179YYAD_7499-5738-8011-6250,1,0,0,0,0,0,0,0,0
BTXEA3D8P_10311-6344-10823-6856,1,0,0,0,0,0,0,0,0
BTXEA3D8P_10311-5832-10823-6344,1,0,0,0,0,0,0,0,0
BTXEA3D8P_10311-5320-10823-5832,1,0,0,0,0,0,0,0,0
BTXEA3D8P_1058-687-1570-1199,1,0,0,0,0,0,0,0,0
BTXEA3D8P_10561-5598-11073-6110,1,0,0,0,0,0,0,0,0
BTXEA3D8P_10825-6623-11337-7135,1,0,0,0,0,0,0,0,0
BTXEA3D8P_10097-7433-10609-7945,1,0,0,0,0,0,0,0,0
BTXEA3D8P_10311-6856-10823-7368,1,0,0,0,0,0,0,0,0
BTXEA3D8P_10563-6098-11075-6610,1,0,0,0,0,0,0,0,0
BTXEA3D8P_10097-7945-10609-8457,1,0,0,0,0,0,0,0,0
BTXEA3D8P_10448-8256-10960-8768,1,0,0,0,0,0,0,0,0
BTXEA3D8P_10825-5087-11337-5599,1,0,0,0,0,0,0,0,0
BTXEA3D8P_10825-7135-11337-7647,1,0,0,0,0,0,0,0,0
BTXEA3D8P_10825-7647-11337-8159,1,0,0,0,0,0,0,0,0
BTXEA3D8P_11060-7003-11572-7515,1,0,0,0,0,0,0,0,0
BTXEA3D8P_11314-5091-11826-5603,1,0,0,0,0,0,0,0,0
BTXEA3D8P_11060-6491-11572-7003,1,0,0,0,0,0,0,0,0
BTXEA3D8P_10960-8256-11472-8768,1,0,0,0,0,0,0,0,0
BTXEA3D8P_1184-2414-1696-2926,1,0,0,0,0,0,0,0,0
BTXEA3D8P_1184-1902-1696-2414,1,0,0,0,0,0,0,0,0
BTXEA3D8P_1184-3438-1696-3950,1,0,0,0,0,0,0,0,0
BTXEA3D8P_11314-7651-11826-8163,1,0,0,0,0,0,0,0,0
BTXEA3D8P_1184-2926-1696-3438,1,0,0,0,0,0,0,0,0
BTXEA3D8P_11314-5603-11826-6115,1,0,0,0,0,0,0,0,0
BTXEA3D8P_11546-7136-12058-7648,1,0,0,0,0,0,0,0,0
BTXEA3D8P_11314-6115-11826-6627,1,0,0,0,0,0,0,0,0
BTXEA3D8P_1184-1390-1696-1902,1,0,0,0,0,0,0,0,0
BTXEA3D8P_11314-6627-11826-7139,1,0,0,0,0,0,0,0,0
BTXEA3D8P_11472-8256-11984-8768,1,0,0,0,0,0,0,0,0
BTXEA3D8P_1184-4462-1696-4974,1,0,0,0,0,0,0,0,0
BTXEA3D8P_1184-5486-1696-5998,1,0,0,0,0,0,0,0,0
BTXEA3D8P_1184-4974-1696-5486,1,0,0,0,0,0,0,0,0
BTXEA3D8P_1184-6510-1696-7022,1,0,0,0,0,0,0,0,0
BTXEA3D8P_1184-7022-1696-7534,1,0,0,0,0,0,0,0,0
BTXEA3D8P_1184-5998-1696-6510,1,0,0,0,0,0,0,0,0
BTXEA3D8P_1184-7534-1696-8046,1,0,0,0,0,0,0,0,0
BTXEA3D8P_11878-6107-12390-6619,1,0,0,0,0,0,0,0,0
BTXEA3D8P_11878-5595-12390-6107,1,0,0,0,0,0,0,0,0
BTXEA3D8P_11878-5083-12390-5595,1,0,0,0,0,0,0,0,0
BTXEA3D8P_12257-6883-12769-7395,1,0,0,0,0,0,0,0,0
BTXEA3D8P_11878-7643-12390-8155,1,0,0,0,0,0,0,0,0
BTXEA3D8P_12257-5859-12769-6371,1,0,0,0,0,0,0,0,0
BTXEA3D8P_11878-7131-12390-7643,1,0,0,0,0,0,0,0,0
BTXEA3D8P_12257-5347-12769-5859,1,0,0,0,0,0,0,0,0
BTXEA3D8P_12257-6371-12769-6883,1,0,0,0,0,0,0,0,0
BTXEA3D8P_11984-8256-12496-8768,1,0,0,0,0,0,0,0,0
BTXEA3D8P_11878-6619-12390-7131,1,0,0,0,0,0,0,0,0
BTXEA3D8P_12257-7395-12769-7907,1,0,0,0,0,0,0,0,0
BTXEA3D8P_1232-8256-1744-8768,1,0,0,0,0,0,0,0,0
BTXEA3D8P_12257-7907-12769-8419,1,0,0,0,0,0,0,0,0
BTXEA3D8P_12498-7087-13010-7599,1,0,0,0,0,0,0,0,0
BTXEA3D8P_12700-5497-13212-6009,1,0,0,0,0,0,0,0,0
BTXEA3D8P_12496-8256-13008-8768,1,0,0,0,0,0,0,0,0
BTXEA3D8P_12700-6009-13212-6521,1,0,0,0,0,0,0,0,0
BTXEA3D8P_12922-6631-13434-7143,1,0,0,0,0,0,0,0,0
BTXEA3D8P_13169-7022-13681-7534,1,0,0,0,0,0,0,0,0
BTXEA3D8P_12922-7143-13434-7655,1,0,0,0,0,0,0,0,0
BTXEA3D8P_12922-7655-13434-8167,1,0,0,0,0,0,0,0,0
BTXEA3D8P_12700-7545-13212-8057,1,0,0,0,0,0,0,0,0
BTXEA3D8P_13169-5486-13681-5998,1,0,0,0,0,0,0,0,0
BTXEA3D8P_12700-8057-13212-8569,1,0,0,0,0,0,0,0,0
BTXEA3D8P_13008-8256-13520-8768,1,0,0,0,0,0,0,0,0
BTXEA3D8P_12700-6521-13212-7033,1,0,0,0,0,0,0,0,0
BTXEA3D8P_13169-5998-13681-6510,1,0,0,0,0,0,0,0,0
BTXEA3D8P_13169-6510-13681-7022,1,0,0,0,0,0,0,0,0
BTXEA3D8P_13169-7534-13681-8046,1,0,0,0,0,0,0,0,0
BTXEA3D8P_13169-8046-13681-8558,1,0,0,0,0,0,0,0,0
BTXEA3D8P_13424-7390-13936-7902,1,0,0,0,0,0,0,0,0
BTXEA3D8P_13663-5997-14175-6509,1,0,0,0,0,0,0,0,0
BTXEA3D8P_13663-5485-14175-5997,1,0,0,0,0,0,0,0,0
BTXEA3D8P_13520-8256-14032-8768,1,0,0,0,0,0,0,0,0
BTXEA3D8P_1404-3609-1916-4121,1,0,0,0,0,0,0,0,0
BTXEA3D8P_13663-6509-14175-7021,1,0,0,0,0,0,0,0,0
BTXEA3D8P_14032-8256-14544-8768,1,0,0,0,0,0,0,0,0
BTXEA3D8P_14141-1891-14653-2403,1,0,0,0,0,0,0,0,0
BTXEA3D8P_13663-7021-14175-7533,1,0,0,0,0,0,0,0,0
BTXEA3D8P_1404-3097-1916-3609,1,0,0,0,0,0,0,0,0
BTXEA3D8P_14141-1379-14653-1891,1,0,0,0,0,0,0,0,0
BTXEA3D8P_1406-3934-1918-4446,1,0,0,0,0,0,0,0,0
BTXEA3D8P_13663-8045-14175-8557,1,0,0,0,0,0,0,0,0
BTXEA3D8P_14141-2403-14653-2915,1,0,0,0,0,0,0,0,0
BTXEA3D8P_13663-7533-14175-8045,1,0,0,0,0,0,0,0,0
BTXEA3D8P_14141-2915-14653-3427,1,0,0,0,0,0,0,0,0
BTXEA3D8P_14141-3939-14653-4451,1,0,0,0,0,0,0,0,0
BTXEA3D8P_14141-3427-14653-3939,1,0,0,0,0,0,0,0,0
BTXEA3D8P_14141-4963-14653-5475,1,0,0,0,0,0,0,0,0
BTXEA3D8P_14141-5987-14653-6499,1,0,0,0,0,0,0,0,0
BTXEA3D8P_14141-4451-14653-4963,1,0,0,0,0,0,0,0,0
BTXEA3D8P_14141-6499-14653-7011,1,0,0,0,0,0,0,0,0
BTXEA3D8P_14141-7011-14653-7523,1,0,0,0,0,0,0,0,0
BTXEA3D8P_14141-5475-14653-5987,1,0,0,0,0,0,0,0,0
BTXEA3D8P_14141-7523-14653-8035,1,0,0,0,0,0,0,0,0
BTXEA3D8P_14141-867-14653-1379,1,0,0,0,0,0,0,0,0
BTXEA3D8P_14141-8035-14653-8547,1,0,0,0,0,0,0,0,0
BTXEA3D8P_14193-437-14705-949,1,0,0,0,0,0,0,0,0
BTXEA3D8P_14368-7266-14880-7778,1,0,0,0,0,0,0,0,0
BTXEA3D8P_14368-6754-14880-7266,1,0,0,0,0,0,0,0,0
BTXEA3D8P_14368-7778-14880-8290,1,0,0,0,0,0,0,0,0
BTXEA3D8P_14576-1400-15088-1912,1,0,0,0,0,0,0,0,0
BTXEA3D8P_1450-472-1962-984,1,0,0,0,0,0,0,0,0
BTXEA3D8P_14576-1912-15088-2424,1,0,0,0,0,0,0,0,0
BTXEA3D8P_14576-2424-15088-2936,1,0,0,0,0,0,0,0,0
BTXEA3D8P_14576-2936-15088-3448,1,0,0,0,0,0,0,0,0
BTXEA3D8P_14576-4472-15088-4984,1,0,0,0,0,0,0,0,0
BTXEA3D8P_14576-6008-15088-6520,1,0,0,0,0,0,0,0,0
BTXEA3D8P_14576-7544-15088-8056,1,0,0,0,0,0,0,0,0
BTXEA3D8P_14576-3960-15088-4472,1,0,0,0,0,0,0,0,0
BTXEA3D8P_14576-5496-15088-6008,1,0,0,0,0,0,0,0,0
BTXEA3D8P_14576-3448-15088-3960,1,0,0,0,0,0,0,0,0
BTXEA3D8P_14576-7032-15088-7544,1,0,0,0,0,0,0,0,0
BTXEA3D8P_14590-639-15102-1151,1,0,0,0,0,0,0,0,0
BTXEA3D8P_14576-6520-15088-7032,1,0,0,0,0,0,0,0,0
BTXEA3D8P_14576-8056-15088-8568,1,0,0,0,0,0,0,0,0
BTXEA3D8P_14576-4984-15088-5496,1,0,0,0,0,0,0,0,0
BTXEA3D8P_14836-6599-15348-7111,1,0,0,0,0,0,0,0,0
BTXEA3D8P_14836-7623-15348-8135,1,0,0,0,0,0,0,0,0
BTXEA3D8P_14836-8135-15348-8647,1,0,0,0,0,0,0,0,0
BTXEA3D8P_15040-1369-15552-1881,1,0,0,0,0,0,0,0,0
BTXEA3D8P_15040-1881-15552-2393,1,0,0,0,0,0,0,0,0
BTXEA3D8P_15040-2393-15552-2905,1,0,0,0,0,0,0,0,0
BTXEA3D8P_15040-2905-15552-3417,1,0,0,0,0,0,0,0,0
BTXEA3D8P_15040-3929-15552-4441,1,0,0,0,0,0,0,0,0
BTXEA3D8P_15040-5977-15552-6489,1,0,0,0,0,0,0,0,0
BTXEA3D8P_15217-437-15729-949,1,0,0,0,0,0,0,0,0
BTXEA3D8P_15040-4441-15552-4953,1,0,0,0,0,0,0,0,0
BTXEA3D8P_15040-3417-15552-3929,1,0,0,0,0,0,0,0,0
BTXEA3D8P_15308-3593-15820-4105,1,0,0,0,0,0,0,0,0
BTXEA3D8P_15514-1388-16026-1900,1,0,0,0,0,0,0,0,0
BTXEA3D8P_15514-1900-16026-2412,1,0,0,0,0,0,0,0,0
BTXEA3D8P_15040-5465-15552-5977,1,0,0,0,0,0,0,0,0
BTXEA3D8P_15040-4953-15552-5465,1,0,0,0,0,0,0,0,0
BTXEA3D8P_15040-857-15552-1369,1,0,0,0,0,0,0,0,0
BTXEA3D8P_15040-7001-15552-7513,1,0,0,0,0,0,0,0,0
BTXEA3D8P_15514-2412-16026-2924,1,0,0,0,0,0,0,0,0
BTXEA3D8P_15514-2924-16026-3436,1,0,0,0,0,0,0,0,0
BTXEA3D8P_15514-3436-16026-3948,1,0,0,0,0,0,0,0,0
BTXEA3D8P_15514-3948-16026-4460,1,0,0,0,0,0,0,0,0
BTXEA3D8P_15514-4972-16026-5484,1,0,0,0,0,0,0,0,0
BTXEA3D8P_15514-5484-16026-5996,1,0,0,0,0,0,0,0,0
BTXEA3D8P_15514-4460-16026-4972,1,0,0,0,0,0,0,0,0
BTXEA3D8P_15514-7020-16026-7532,1,0,0,0,0,0,0,0,0
BTXEA3D8P_15514-7532-16026-8044,1,0,0,0,0,0,0,0,0
BTXEA3D8P_15514-5996-16026-6508,1,0,0,0,0,0,0,0,0
BTXEA3D8P_15514-6508-16026-7020,1,0,0,0,0,0,0,0,0
BTXEA3D8P_16013-2390-16525-2902,1,0,0,0,0,0,0,0,0
BTXEA3D8P_15514-876-16026-1388,1,0,0,0,0,0,0,0,0
BTXEA3D8P_16013-2902-16525-3414,1,0,0,0,0,0,0,0,0
BTXEA3D8P_16013-1366-16525-1878,1,0,0,0,0,0,0,0,0
BTXEA3D8P_16013-3414-16525-3926,1,0,0,0,0,0,0,0,0
BTXEA3D8P_15614-639-16126-1151,1,0,0,0,0,0,0,0,0
BTXEA3D8P_15568-8256-16080-8768,1,0,0,0,0,0,0,0,0
BTXEA3D8P_16013-1878-16525-2390,1,0,0,0,0,0,0,0,0
BTXEA3D8P_16013-3926-16525-4438,1,0,0,0,0,0,0,0,0
BTXEA3D8P_16013-4438-16525-4950,1,0,0,0,0,0,0,0,0
BTXEA3D8P_16013-7510-16525-8022,1,0,0,0,0,0,0,0,0
BTXEA3D8P_16013-5974-16525-6486,1,0,0,0,0,0,0,0,0
BTXEA3D8P_1642-1928-2154-2440,1,0,0,0,0,0,0,0,0
BTXEA3D8P_16013-4950-16525-5462,1,0,0,0,0,0,0,0,0
BTXEA3D8P_16013-6486-16525-6998,1,0,0,0,0,0,0,0,0
BTXEA3D8P_16013-8022-16525-8534,1,0,0,0,0,0,0,0,0
BTXEA3D8P_16013-6998-16525-7510,1,0,0,0,0,0,0,0,0
BTXEA3D8P_1642-2440-2154-2952,1,0,0,0,0,0,0,0,0
BTXEA3D8P_16013-5462-16525-5974,1,0,0,0,0,0,0,0,0
BTXEA3D8P_1642-1416-2154-1928,1,0,0,0,0,0,0,0,0
BTXEA3D8P_16126-639-16638-1151,1,0,0,0,0,0,0,0,0
BTXEA3D8P_16013-854-16525-1366,1,0,0,0,0,0,0,0,0
BTXEA3D8P_1642-3464-2154-3976,1,0,0,0,0,0,0,0,0
BTXEA3D8P_1642-4488-2154-5000,1,0,0,0,0,0,0,0,0
BTXEA3D8P_1642-2952-2154-3464,1,0,0,0,0,0,0,0,0
BTXEA3D8P_1642-5512-2154-6024,1,0,0,0,0,0,0,0,0
BTXEA3D8P_1642-6024-2154-6536,1,0,0,0,0,0,0,0,0
BTXEA3D8P_1642-5000-2154-5512,1,0,0,0,0,0,0,0,0
BTXEA3D8P_1642-904-2154-1416,1,0,0,0,0,0,0,0,0
BTXEA3D8P_1642-7048-2154-7560,1,0,0,0,0,0,0,0,0
BTXEA3D8P_16448-1366-16960-1878,1,0,0,0,0,0,0,0,0
BTXEA3D8P_16448-1878-16960-2390,1,0,0,0,0,0,0,0,0
BTXEA3D8P_1642-7560-2154-8072,1,0,0,0,0,0,0,0,0
BTXEA3D8P_1642-6536-2154-7048,1,0,0,0,0,0,0,0,0
BTXEA3D8P_16448-2902-16960-3414,1,0,0,0,0,0,0,0,0
BTXEA3D8P_16448-2390-16960-2902,1,0,0,0,0,0,0,0,0
BTXEA3D8P_16448-3926-16960-4438,1,0,0,0,0,0,0,0,0
BTXEA3D8P_16448-4438-16960-4950,1,0,0,0,0,0,0,0,0
BTXEA3D8P_16448-3414-16960-3926,1,0,0,0,0,0,0,0,0
BTXEA3D8P_16448-4950-16960-5462,1,0,0,0,0,0,0,0,0
BTXEA3D8P_16448-5974-16960-6486,1,0,0,0,0,0,0,0,0
BTXEA3D8P_16448-5462-16960-5974,1,0,0,0,0,0,0,0,0
BTXEA3D8P_16448-6486-16960-6998,1,0,0,0,0,0,0,0,0
BTXEA3D8P_16448-7510-16960-8022,1,0,0,0,0,0,0,0,0
BTXEA3D8P_16448-6998-16960-7510,1,0,0,0,0,0,0,0,0
BTXEA3D8P_16448-8022-16960-8534,1,0,0,0,0,0,0,0,0
BTXEA3D8P_16940-1366-17452-1878,1,0,0,0,0,0,0,0,0
BTXEA3D8P_16448-854-16960-1366,1,0,0,0,0,0,0,0,0
BTXEA3D8P_16638-639-17150-1151,1,0,0,0,0,0,0,0,0
BTXEA3D8P_16940-2390-17452-2902,1,0,0,0,0,0,0,0,0
BTXEA3D8P_16940-2902-17452-3414,1,0,0,0,0,0,0,0,0
BTXEA3D8P_16940-1878-17452-2390,1,0,0,0,0,0,0,0,0
BTXEA3D8P_16592-8256-17104-8768,1,0,0,0,0,0,0,0,0
BTXEA3D8P_16940-4438-17452-4950,1,0,0,0,0,0,0,0,0
BTXEA3D8P_16940-4950-17452-5462,1,0,0,0,0,0,0,0,0
BTXEA3D8P_16940-5462-17452-5974,1,0,0,0,0,0,0,0,0
BTXEA3D8P_16940-3926-17452-4438,1,0,0,0,0,0,0,0,0
BTXEA3D8P_16940-3414-17452-3926,1,0,0,0,0,0,0,0,0
BTXEA3D8P_16940-6998-17452-7510,1,0,0,0,0,0,0,0,0
BTXEA3D8P_16940-5974-17452-6486,1,0,0,0,0,0,0,0,0
BTXEA3D8P_16940-6486-17452-6998,1,0,0,0,0,0,0,0,0
BTXEA3D8P_16940-854-17452-1366,1,0,0,0,0,0,0,0,0
BTXEA3D8P_16940-8022-17452-8534,1,0,0,0,0,0,0,0,0
BTXEA3D8P_16940-7510-17452-8022,1,0,0,0,0,0,0,0,0
BTXEA3D8P_17246-1883-17758-2395,1,0,0,0,0,0,0,0,0
BTXEA3D8P_17104-8256-17616-8768,1,0,0,0,0,0,0,0,0
BTXEA3D8P_17246-5467-17758-5979,1,0,0,0,0,0,0,0,0
BTXEA3D8P_17246-1371-17758-1883,1,0,0,0,0,0,0,0,0
BTXEA3D8P_17150-639-17662-1151,1,0,0,0,0,0,0,0,0
BTXEA3D8P_17246-2395-17758-2907,1,0,0,0,0,0,0,0,0
BTXEA3D8P_17246-5979-17758-6491,1,0,0,0,0,0,0,0,0
BTXEA3D8P_17246-2907-17758-3419,1,0,0,0,0,0,0,0,0
BTXEA3D8P_17246-4955-17758-5467,1,0,0,0,0,0,0,0,0
BTXEA3D8P_17246-4443-17758-4955,1,0,0,0,0,0,0,0,0
BTXEA3D8P_17246-3419-17758-3931,1,0,0,0,0,0,0,0,0
BTXEA3D8P_17246-3931-17758-4443,1,0,0,0,0,0,0,0,0
BTXEA3D8P_17246-7003-17758-7515,1,0,0,0,0,0,0,0,0
BTXEA3D8P_17246-7515-17758-8027,1,0,0,0,0,0,0,0,0
BTXEA3D8P_17246-6491-17758-7003,1,0,0,0,0,0,0,0,0
BTXEA3D8P_1744-8256-2256-8768,1,0,0,0,0,0,0,0,0
BTXEA3D8P_17662-639-18174-1151,1,0,0,0,0,0,0,0,0
BTXEA3D8P_17246-8027-17758-8539,1,0,0,0,0,0,0,0,0
BTXEA3D8P_17688-2913-18200-3425,1,0,0,0,0,0,0,0,0
BTXEA3D8P_17688-1889-18200-2401,1,0,0,0,0,0,0,0,0
BTXEA3D8P_17688-4449-18200-4961,1,0,0,0,0,0,0,0,0
BTXEA3D8P_17688-3425-18200-3937,1,0,0,0,0,0,0,0,0
BTXEA3D8P_17688-2401-18200-2913,1,0,0,0,0,0,0,0,0
BTXEA3D8P_17688-3937-18200-4449,1,0,0,0,0,0,0,0,0
BTXEA3D8P_17688-5473-18200-5985,1,0,0,0,0,0,0,0,0
BTXEA3D8P_17688-1377-18200-1889,1,0,0,0,0,0,0,0,0
BTXEA3D8P_17688-4961-18200-5473,1,0,0,0,0,0,0,0,0
BTXEA3D8P_17688-5985-18200-6497,1,0,0,0,0,0,0,0,0
BTXEA3D8P_17688-6497-18200-7009,1,0,0,0,0,0,0,0,0
BTXEA3D8P_17688-8033-18200-8545,1,0,0,0,0,0,0,0,0
BTXEA3D8P_17688-7521-18200-8033,1,0,0,0,0,0,0,0,0
BTXEA3D8P_17904-3242-18416-3754,1,0,0,0,0,0,0,0,0
BTXEA3D8P_17688-7009-18200-7521,1,0,0,0,0,0,0,0,0
BTXEA3D8P_18121-2409-18633-2921,1,0,0,0,0,0,0,0,0
BTXEA3D8P_18121-1897-18633-2409,1,0,0,0,0,0,0,0,0
BTXEA3D8P_18121-1385-18633-1897,1,0,0,0,0,0,0,0,0
BTXEA3D8P_18121-7017-18633-7529,1,0,0,0,0,0,0,0,0
BTXEA3D8P_18121-5481-18633-5993,1,0,0,0,0,0,0,0,0
BTXEA3D8P_18121-5993-18633-6505,1,0,0,0,0,0,0,0,0
BTXEA3D8P_18121-4969-18633-5481,1,0,0,0,0,0,0,0,0
BTXEA3D8P_18121-3945-18633-4457,1,0,0,0,0,0,0,0,0
BTXEA3D8P_18121-4457-18633-4969,1,0,0,0,0,0,0,0,0
BTXEA3D8P_18121-3433-18633-3945,1,0,0,0,0,0,0,0,0
BTXEA3D8P_18121-6505-18633-7017,1,0,0,0,0,0,0,0,0
BTXEA3D8P_18121-2921-18633-3433,1,0,0,0,0,0,0,0,0
BTXEA3D8P_18121-7529-18633-8041,1,0,0,0,0,0,0,0,0
BTXEA3D8P_18429-1382-18941-1894,1,0,0,0,0,0,0,0,0
BTXEA3D8P_18128-8256-18640-8768,1,0,0,0,0,0,0,0,0
BTXEA3D8P_18174-639-18686-1151,1,0,0,0,0,0,0,0,0
BTXEA3D8P_18429-2406-18941-2918,1,0,0,0,0,0,0,0,0
BTXEA3D8P_18429-1894-18941-2406,1,0,0,0,0,0,0,0,0
BTXEA3D8P_18429-2918-18941-3430,1,0,0,0,0,0,0,0,0
BTXEA3D8P_18429-3430-18941-3942,1,0,0,0,0,0,0,0,0
BTXEA3D8P_18429-3942-18941-4454,1,0,0,0,0,0,0,0,0
BTXEA3D8P_18429-5478-18941-5990,1,0,0,0,0,0,0,0,0
BTXEA3D8P_18429-4454-18941-4966,1,0,0,0,0,0,0,0,0
BTXEA3D8P_18429-4966-18941-5478,1,0,0,0,0,0,0,0,0
BTXEA3D8P_18429-5990-18941-6502,1,0,0,0,0,0,0,0,0
BTXEA3D8P_18429-7014-18941-7526,1,0,0,0,0,0,0,0,0
BTXEA3D8P_18429-6502-18941-7014,1,0,0,0,0,0,0,0,0
BTXEA3D8P_18429-7526-18941-8038,1,0,0,0,0,0,0,0,0
BTXEA3D8P_18640-8256-19152-8768,1,0,0,0,0,0,0,0,0
BTXEA3D8P_18429-870-18941-1382,1,0,0,0,0,0,0,0,0
BTXEA3D8P_18429-8038-18941-8550,1,0,0,0,0,0,0,0,0
BTXEA3D8P_18941-1894-19453-2406,1,0,0,0,0,0,0,0,0
BTXEA3D8P_18941-1382-19453-1894,1,0,0,0,0,0,0,0,0
BTXEA3D8P_18941-2406-19453-2918,1,0,0,0,0,0,0,0,0
BTXEA3D8P_18686-639-19198-1151,1,0,0,0,0,0,0,0,0
BTXEA3D8P_18941-2918-19453-3430,1,0,0,0,0,0,0,0,0
BTXEA3D8P_18941-3430-19453-3942,1,0,0,0,0,0,0,0,0
BTXEA3D8P_18941-4454-19453-4966,1,0,0,0,0,0,0,0,0
BTXEA3D8P_18941-3942-19453-4454,1,0,0,0,0,0,0,0,0
BTXEA3D8P_18941-7014-19453-7526,1,0,0,0,0,0,0,0,0
BTXEA3D8P_18941-6502-19453-7014,1,0,0,0,0,0,0,0,0
BTXEA3D8P_19320-3502-19832-4014,1,0,0,0,0,0,0,0,0
BTXEA3D8P_19198-639-19710-1151,1,0,0,0,0,0,0,0,0
BTXEA3D8P_18941-5478-19453-5990,1,0,0,0,0,0,0,0,0
BTXEA3D8P_18941-870-19453-1382,1,0,0,0,0,0,0,0,0
BTXEA3D8P_18941-4966-19453-5478,1,0,0,0,0,0,0,0,0
BTXEA3D8P_18941-8038-19453-8550,1,0,0,0,0,0,0,0,0
BTXEA3D8P_18941-7526-19453-8038,1,0,0,0,0,0,0,0,0
BTXEA3D8P_18941-5990-19453-6502,1,0,0,0,0,0,0,0,0
BTXEA3D8P_19592-1377-20104-1889,1,0,0,0,0,0,0,0,0
BTXEA3D8P_19592-1889-20104-2401,1,0,0,0,0,0,0,0,0
BTXEA3D8P_19592-2401-20104-2913,1,0,0,0,0,0,0,0,0
BTXEA3D8P_19592-2913-20104-3425,1,0,0,0,0,0,0,0,0
BTXEA3D8P_19592-3425-20104-3937,1,0,0,0,0,0,0,0,0
BTXEA3D8P_19592-3937-20104-4449,1,0,0,0,0,0,0,0,0
BTXEA3D8P_19592-4449-20104-4961,1,0,0,0,0,0,0,0,0
BTXEA3D8P_19592-4961-20104-5473,1,0,0,0,0,0,0,0,0
BTXEA3D8P_19592-7009-20104-7521,1,0,0,0,0,0,0,0,0
BTXEA3D8P_19592-5473-20104-5985,1,0,0,0,0,0,0,0,0
BTXEA3D8P_19592-5985-20104-6497,1,0,0,0,0,0,0,0,0
BTXEA3D8P_19592-6497-20104-7009,1,0,0,0,0,0,0,0,0
BTXEA3D8P_19592-8033-20104-8545,1,0,0,0,0,0,0,0,0
BTXEA3D8P_19592-865-20104-1377,1,0,0,0,0,0,0,0,0
BTXEA3D8P_1962-472-2474-984,1,0,0,0,0,0,0,0,0
BTXEA3D8P_19710-639-20222-1151,1,0,0,0,0,0,0,0,0
BTXEA3D8P_19592-7521-20104-8033,1,0,0,0,0,0,0,0,0
BTXEA3D8P_19834-3867-20346-4379,1,0,0,0,0,0,0,0,0
BTXEA3D8P_20076-1366-20588-1878,1,0,0,0,0,0,0,0,0
BTXEA3D8P_20076-1878-20588-2390,1,0,0,0,0,0,0,0,0
BTXEA3D8P_20076-2902-20588-3414,1,0,0,0,0,0,0,0,0
BTXEA3D8P_20076-2390-20588-2902,1,0,0,0,0,0,0,0,0
BTXEA3D8P_20076-3414-20588-3926,1,0,0,0,0,0,0,0,0
BTXEA3D8P_20076-5462-20588-5974,1,0,0,0,0,0,0,0,0
BTXEA3D8P_20076-4438-20588-4950,1,0,0,0,0,0,0,0,0
BTXEA3D8P_20076-4950-20588-5462,1,0,0,0,0,0,0,0,0
BTXEA3D8P_20076-8022-20588-8534,1,0,0,0,0,0,0,0,0
BTXEA3D8P_20076-6998-20588-7510,1,0,0,0,0,0,0,0,0
BTXEA3D8P_20076-6486-20588-6998,1,0,0,0,0,0,0,0,0
BTXEA3D8P_20076-7510-20588-8022,1,0,0,0,0,0,0,0,0
BTXEA3D8P_20076-854-20588-1366,1,0,0,0,0,0,0,0,0
BTXEA3D8P_20222-639-20734-1151,1,0,0,0,0,0,0,0,0
BTXEA3D8P_20176-8256-20688-8768,1,0,0,0,0,0,0,0,0
BTXEA3D8P_20315-4317-20827-4829,1,0,0,0,0,0,0,0,0
BTXEA3D8P_20076-5974-20588-6486,1,0,0,0,0,0,0,0,0
BTXEA3D8P_20547-3425-21059-3937,1,0,0,0,0,0,0,0,0
BTXEA3D8P_20547-1377-21059-1889,1,0,0,0,0,0,0,0,0
BTXEA3D8P_20547-2401-21059-2913,1,0,0,0,0,0,0,0,0
BTXEA3D8P_20547-1889-21059-2401,1,0,0,0,0,0,0,0,0
BTXEA3D8P_20547-2913-21059-3425,1,0,0,0,0,0,0,0,0
BTXEA3D8P_20547-3937-21059-4449,1,0,0,0,0,0,0,0,0
BTXEA3D8P_20547-5473-21059-5985,1,0,0,0,0,0,0,0,0
BTXEA3D8P_20547-4449-21059-4961,1,0,0,0,0,0,0,0,0
BTXEA3D8P_20547-4961-21059-5473,1,0,0,0,0,0,0,0,0
BTXEA3D8P_20547-7521-21059-8033,1,0,0,0,0,0,0,0,0
BTXEA3D8P_20801-4355-21313-4867,1,0,0,0,0,0,0,0,0
BTXEA3D8P_20547-865-21059-1377,1,0,0,0,0,0,0,0,0
BTXEA3D8P_20547-5985-21059-6497,1,0,0,0,0,0,0,0,0
BTXEA3D8P_20547-8033-21059-8545,1,0,0,0,0,0,0,0,0
BTXEA3D8P_20688-8256-21200-8768,1,0,0,0,0,0,0,0,0
BTXEA3D8P_20547-6497-21059-7009,1,0,0,0,0,0,0,0,0
BTXEA3D8P_20734-639-21246-1151,1,0,0,0,0,0,0,0,0
BTXEA3D8P_20547-7009-21059-7521,1,0,0,0,0,0,0,0,0
BTXEA3D8P_2082-687-2594-1199,1,0,0,0,0,0,0,0,0
BTXEA3D8P_21053-1878-21565-2390,1,0,0,0,0,0,0,0,0
BTXEA3D8P_20801-4867-21313-5379,1,0,0,0,0,0,0,0,0
BTXEA3D8P_20801-5379-21313-5891,1,0,0,0,0,0,0,0,0
BTXEA3D8P_21053-1366-21565-1878,1,0,0,0,0,0,0,0,0
BTXEA3D8P_21053-2390-21565-2902,1,0,0,0,0,0,0,0,0
BTXEA3D8P_21053-2902-21565-3414,1,0,0,0,0,0,0,0,0
BTXEA3D8P_21053-3926-21565-4438,1,0,0,0,0,0,0,0,0
BTXEA3D8P_21053-3414-21565-3926,1,0,0,0,0,0,0,0,0
BTXEA3D8P_21053-8022-21565-8534,1,0,0,0,0,0,0,0,0
BTXEA3D8P_21053-4438-21565-4950,1,0,0,0,0,0,0,0,0
BTXEA3D8P_21053-7510-21565-8022,1,0,0,0,0,0,0,0,0
BTXEA3D8P_21053-5462-21565-5974,1,0,0,0,0,0,0,0,0
BTXEA3D8P_21053-6486-21565-6998,1,0,0,0,0,0,0,0,0
BTXEA3D8P_21053-4950-21565-5462,1,0,0,0,0,0,0,0,0
BTXEA3D8P_21053-6998-21565-7510,1,0,0,0,0,0,0,0,0
BTXEA3D8P_21053-854-21565-1366,1,0,0,0,0,0,0,0,0
BTXEA3D8P_21053-5974-21565-6486,1,0,0,0,0,0,0,0,0
BTXEA3D8P_2109-1410-2621-1922,1,0,0,0,0,0,0,0,0
BTXEA3D8P_2109-2434-2621-2946,1,0,0,0,0,0,0,0,0
BTXEA3D8P_2109-1922-2621-2434,1,0,0,0,0,0,0,0,0
BTXEA3D8P_2109-2946-2621-3458,1,0,0,0,0,0,0,0,0
BTXEA3D8P_2109-3458-2621-3970,1,0,0,0,0,0,0,0,0
BTXEA3D8P_2109-4994-2621-5506,1,0,0,0,0,0,0,0,0
BTXEA3D8P_2109-4482-2621-4994,1,0,0,0,0,0,0,0,0
BTXEA3D8P_2109-5506-2621-6018,1,0,0,0,0,0,0,0,0
BTXEA3D8P_2109-3970-2621-4482,1,0,0,0,0,0,0,0,0
BTXEA3D8P_2109-6018-2621-6530,1,0,0,0,0,0,0,0,0
BTXEA3D8P_21246-639-21758-1151,1,0,0,0,0,0,0,0,0
BTXEA3D8P_2109-7042-2621-7554,1,0,0,0,0,0,0,0,0
BTXEA3D8P_2109-6530-2621-7042,1,0,0,0,0,0,0,0,0
BTXEA3D8P_21200-8256-21712-8768,1,0,0,0,0,0,0,0,0
BTXEA3D8P_2109-8066-2621-8578,1,0,0,0,0,0,0,0,0
BTXEA3D8P_21326-1442-21838-1954,1,0,0,0,0,0,0,0,0
BTXEA3D8P_21326-1954-21838-2466,1,0,0,0,0,0,0,0,0
BTXEA3D8P_2109-7554-2621-8066,1,0,0,0,0,0,0,0,0
BTXEA3D8P_21326-3490-21838-4002,1,0,0,0,0,0,0,0,0
BTXEA3D8P_21326-4002-21838-4514,1,0,0,0,0,0,0,0,0
BTXEA3D8P_21326-2978-21838-3490,1,0,0,0,0,0,0,0,0
BTXEA3D8P_21326-2466-21838-2978,1,0,0,0,0,0,0,0,0
BTXEA3D8P_21326-4514-21838-5026,1,0,0,0,0,0,0,0,0
BTXEA3D8P_21326-6562-21838-7074,1,0,0,0,0,0,0,0,0
BTXEA3D8P_21326-6050-21838-6562,1,0,0,0,0,0,0,0,0
BTXEA3D8P_21326-5538-21838-6050,1,0,0,0,0,0,0,0,0
BTXEA3D8P_21326-5026-21838-5538,1,0,0,0,0,0,0,0,0
BTXEA3D8P_21542-1176-22054-1688,1,0,0,0,0,0,0,0,0
BTXEA3D8P_21542-3736-22054-4248,1,0,0,0,0,0,0,0,0
BTXEA3D8P_21542-2712-22054-3224,1,0,0,0,0,0,0,0,0
BTXEA3D8P_21326-7074-21838-7586,1,0,0,0,0,0,0,0,0
BTXEA3D8P_21326-7586-21838-8098,1,0,0,0,0,0,0,0,0
BTXEA3D8P_21542-2200-22054-2712,1,0,0,0,0,0,0,0,0
BTXEA3D8P_21542-1688-22054-2200,1,0,0,0,0,0,0,0,0
BTXEA3D8P_21326-930-21838-1442,1,0,0,0,0,0,0,0,0
BTXEA3D8P_21542-3224-22054-3736,1,0,0,0,0,0,0,0,0
BTXEA3D8P_21542-5272-22054-5784,1,0,0,0,0,0,0,0,0
BTXEA3D8P_21542-4248-22054-4760,1,0,0,0,0,0,0,0,0
BTXEA3D8P_21542-4760-22054-5272,1,0,0,0,0,0,0,0,0
BTXEA3D8P_21542-5784-22054-6296,1,0,0,0,0,0,0,0,0
BTXEA3D8P_21542-6296-22054-6808,1,0,0,0,0,0,0,0,0
BTXEA3D8P_21542-6808-22054-7320,1,0,0,0,0,0,0,0,0
BTXEA3D8P_21542-664-22054-1176,1,0,0,0,0,0,0,0,0
BTXEA3D8P_21542-7832-22054-8344,1,0,0,0,0,0,0,0,0
BTXEA3D8P_21542-7320-22054-7832,1,0,0,0,0,0,0,0,0
BTXEA3D8P_21542-8344-22054-8856,1,0,0,0,0,0,0,0,0
BTXEA3D8P_2256-8256-2768-8768,1,0,0,0,0,0,0,0,0
BTXEA3D8P_2592-2933-3104-3445,1,0,0,0,0,0,0,0,0
BTXEA3D8P_2592-1397-3104-1909,1,0,0,0,0,0,0,0,0
BTXEA3D8P_2592-3445-3104-3957,1,0,0,0,0,0,0,0,0
BTXEA3D8P_2592-2421-3104-2933,1,0,0,0,0,0,0,0,0
BTXEA3D8P_2592-3957-3104-4469,1,0,0,0,0,0,0,0,0
BTXEA3D8P_2592-1909-3104-2421,1,0,0,0,0,0,0,0,0
BTXEA3D8P_2474-472-2986-984,1,0,0,0,0,0,0,0,0
BTXEA3D8P_2592-4469-3104-4981,1,0,0,0,0,0,0,0,0
BTXEA3D8P_2592-4981-3104-5493,1,0,0,0,0,0,0,0,0
BTXEA3D8P_2592-5493-3104-6005,1,0,0,0,0,0,0,0,0
BTXEA3D8P_2592-6005-3104-6517,1,0,0,0,0,0,0,0,0
BTXEA3D8P_2592-7029-3104-7541,1,0,0,0,0,0,0,0,0
BTXEA3D8P_2592-7541-3104-8053,1,0,0,0,0,0,0,0,0
BTXEA3D8P_2592-6517-3104-7029,1,0,0,0,0,0,0,0,0
BTXEA3D8P_2592-8053-3104-8565,1,0,0,0,0,0,0,0,0
BTXEA3D8P_2592-885-3104-1397,1,0,0,0,0,0,0,0,0
BTXEA3D8P_2768-8256-3280-8768,1,0,0,0,0,0,0,0,0
BTXEA3D8P_3031-1393-3543-1905,1,0,0,0,0,0,0,0,0
BTXEA3D8P_2986-472-3498-984,1,0,0,0,0,0,0,0,0
BTXEA3D8P_3031-1905-3543-2417,1,0,0,0,0,0,0,0,0
BTXEA3D8P_3031-3441-3543-3953,1,0,0,0,0,0,0,0,0
BTXEA3D8P_3031-3953-3543-4465,1,0,0,0,0,0,0,0,0
BTXEA3D8P_3031-2417-3543-2929,1,0,0,0,0,0,0,0,0
BTXEA3D8P_3031-4465-3543-4977,1,0,0,0,0,0,0,0,0
BTXEA3D8P_3031-2929-3543-3441,1,0,0,0,0,0,0,0,0
BTXEA3D8P_3031-4977-3543-5489,1,0,0,0,0,0,0,0,0
BTXEA3D8P_3031-6001-3543-6513,1,0,0,0,0,0,0,0,0
BTXEA3D8P_3031-5489-3543-6001,1,0,0,0,0,0,0,0,0
BTXEA3D8P_3031-6513-3543-7025,1,0,0,0,0,0,0,0,0
BTXEA3D8P_3031-7025-3543-7537,1,0,0,0,0,0,0,0,0
BTXEA3D8P_3031-7537-3543-8049,1,0,0,0,0,0,0,0,0
BTXEA3D8P_3031-8049-3543-8561,1,0,0,0,0,0,0,0,0
BTXEA3D8P_3537-1382-4049-1894,1,0,0,0,0,0,0,0,0
BTXEA3D8P_3537-2406-4049-2918,1,0,0,0,0,0,0,0,0
BTXEA3D8P_3537-2918-4049-3430,1,0,0,0,0,0,0,0,0
BTXEA3D8P_3498-472-4010-984,1,0,0,0,0,0,0,0,0
BTXEA3D8P_3031-881-3543-1393,1,0,0,0,0,0,0,0,0
BTXEA3D8P_3537-4966-4049-5478,1,0,0,0,0,0,0,0,0
BTXEA3D8P_3537-3942-4049-4454,1,0,0,0,0,0,0,0,0
BTXEA3D8P_3280-8256-3792-8768,1,0,0,0,0,0,0,0,0
BTXEA3D8P_3537-4454-4049-4966,1,0,0,0,0,0,0,0,0
BTXEA3D8P_3537-1894-4049-2406,1,0,0,0,0,0,0,0,0
BTXEA3D8P_3537-3430-4049-3942,1,0,0,0,0,0,0,0,0
BTXEA3D8P_3537-5478-4049-5990,1,0,0,0,0,0,0,0,0
BTXEA3D8P_3537-6502-4049-7014,1,0,0,0,0,0,0,0,0
BTXEA3D8P_3537-5990-4049-6502,1,0,0,0,0,0,0,0,0
BTXEA3D8P_3537-7526-4049-8038,1,0,0,0,0,0,0,0,0
BTXEA3D8P_3537-7014-4049-7526,1,0,0,0,0,0,0,0,0
BTXEA3D8P_3537-8038-4049-8550,1,0,0,0,0,0,0,0,0
BTXEA3D8P_4015-1927-4527-2439,1,0,0,0,0,0,0,0,0
BTXEA3D8P_4010-472-4522-984,1,0,0,0,0,0,0,0,0
BTXEA3D8P_3537-870-4049-1382,1,0,0,0,0,0,0,0,0
BTXEA3D8P_3792-8256-4304-8768,1,0,0,0,0,0,0,0,0
BTXEA3D8P_4015-2439-4527-2951,1,0,0,0,0,0,0,0,0
BTXEA3D8P_4015-3975-4527-4487,1,0,0,0,0,0,0,0,0
BTXEA3D8P_4015-2951-4527-3463,1,0,0,0,0,0,0,0,0
BTXEA3D8P_4015-4487-4527-4999,1,0,0,0,0,0,0,0,0
BTXEA3D8P_4015-4999-4527-5511,1,0,0,0,0,0,0,0,0
BTXEA3D8P_4015-3463-4527-3975,1,0,0,0,0,0,0,0,0
BTXEA3D8P_4015-1415-4527-1927,1,0,0,0,0,0,0,0,0
BTXEA3D8P_4015-5511-4527-6023,1,0,0,0,0,0,0,0,0
BTXEA3D8P_4015-6023-4527-6535,1,0,0,0,0,0,0,0,0
BTXEA3D8P_4015-6535-4527-7047,1,0,0,0,0,0,0,0,0
BTXEA3D8P_4015-7047-4527-7559,1,0,0,0,0,0,0,0,0
BTXEA3D8P_4015-8071-4527-8583,1,0,0,0,0,0,0,0,0
BTXEA3D8P_4015-903-4527-1415,1,0,0,0,0,0,0,0,0
BTXEA3D8P_4015-7559-4527-8071,1,0,0,0,0,0,0,0,0
BTXEA3D8P_4130-687-4642-1199,1,0,0,0,0,0,0,0,0
BTXEA3D8P_4484-2431-4996-2943,1,0,0,0,0,0,0,0,0
BTXEA3D8P_4484-1407-4996-1919,1,0,0,0,0,0,0,0,0
BTXEA3D8P_4304-8256-4816-8768,1,0,0,0,0,0,0,0,0
BTXEA3D8P_4484-1919-4996-2431,1,0,0,0,0,0,0,0,0
BTXEA3D8P_4484-4991-4996-5503,1,0,0,0,0,0,0,0,0
BTXEA3D8P_4484-3455-4996-3967,1,0,0,0,0,0,0,0,0
BTXEA3D8P_4484-3967-4996-4479,1,0,0,0,0,0,0,0,0
BTXEA3D8P_4484-4479-4996-4991,1,0,0,0,0,0,0,0,0
BTXEA3D8P_4484-2943-4996-3455,1,0,0,0,0,0,0,0,0
BTXEA3D8P_4484-5503-4996-6015,1,0,0,0,0,0,0,0,0
BTXEA3D8P_4484-6015-4996-6527,1,0,0,0,0,0,0,0,0
BTXEA3D8P_4484-6527-4996-7039,1,0,0,0,0,0,0,0,0
BTXEA3D8P_4484-7039-4996-7551,1,0,0,0,0,0,0,0,0
BTXEA3D8P_4484-7551-4996-8063,1,0,0,0,0,0,0,0,0
BTXEA3D8P_4522-472-5034-984,1,0,0,0,0,0,0,0,0
BTXEA3D8P_4484-8063-4996-8575,1,0,0,0,0,0,0,0,0
BTXEA3D8P_4484-895-4996-1407,1,0,0,0,0,0,0,0,0
BTXEA3D8P_4642-687-5154-1199,1,0,0,0,0,0,0,0,0
BTXEA3D8P_4816-8256-5328-8768,1,0,0,0,0,0,0,0,0
BTXEA3D8P_4977-1935-5489-2447,1,0,0,0,0,0,0,0,0
BTXEA3D8P_4977-4495-5489-5007,1,0,0,0,0,0,0,0,0
BTXEA3D8P_4977-1423-5489-1935,1,0,0,0,0,0,0,0,0
BTXEA3D8P_4977-3471-5489-3983,1,0,0,0,0,0,0,0,0
BTXEA3D8P_4977-3983-5489-4495,1,0,0,0,0,0,0,0,0
BTXEA3D8P_4977-2959-5489-3471,1,0,0,0,0,0,0,0,0
BTXEA3D8P_4977-2447-5489-2959,1,0,0,0,0,0,0,0,0
BTXEA3D8P_4977-5007-5489-5519,1,0,0,0,0,0,0,0,0
BTXEA3D8P_4977-5519-5489-6031,1,0,0,0,0,0,0,0,0
BTXEA3D8P_4977-6031-5489-6543,1,0,0,0,0,0,0,0,0
BTXEA3D8P_4977-7055-5489-7567,1,0,0,0,0,0,0,0,0
BTXEA3D8P_4977-6543-5489-7055,1,0,0,0,0,0,0,0,0
BTXEA3D8P_4977-7567-5489-8079,1,0,0,0,0,0,0,0,0
BTXEA3D8P_4977-8079-5489-8591,1,0,0,0,0,0,0,0,0
BTXEA3D8P_5034-472-5546-984,1,0,0,0,0,0,0,0,0
BTXEA3D8P_4977-911-5489-1423,1,0,0,0,0,0,0,0,0
BTXEA3D8P_5449-3431-5961-3943,1,0,0,0,0,0,0,0,0
BTXEA3D8P_5154-687-5666-1199,1,0,0,0,0,0,0,0,0
BTXEA3D8P_5328-8256-5840-8768,1,0,0,0,0,0,0,0,0
BTXEA3D8P_5449-2919-5961-3431,1,0,0,0,0,0,0,0,0
BTXEA3D8P_5449-3943-5961-4455,1,0,0,0,0,0,0,0,0
BTXEA3D8P_5449-1895-5961-2407,1,0,0,0,0,0,0,0,0
BTXEA3D8P_5449-1383-5961-1895,1,0,0,0,0,0,0,0,0
BTXEA3D8P_5449-2407-5961-2919,1,0,0,0,0,0,0,0,0
BTXEA3D8P_5449-4967-5961-5479,1,0,0,0,0,0,0,0,0
BTXEA3D8P_5449-4455-5961-4967,1,0,0,0,0,0,0,0,0
BTXEA3D8P_5449-5479-5961-5991,1,0,0,0,0,0,0,0,0
BTXEA3D8P_5449-6503-5961-7015,1,0,0,0,0,0,0,0,0
BTXEA3D8P_5449-7015-5961-7527,1,0,0,0,0,0,0,0,0
BTXEA3D8P_5449-5991-5961-6503,1,0,0,0,0,0,0,0,0
BTXEA3D8P_5449-7527-5961-8039,1,0,0,0,0,0,0,0,0
BTXEA3D8P_5449-8039-5961-8551,1,0,0,0,0,0,0,0,0
BTXEA3D8P_5449-871-5961-1383,1,0,0,0,0,0,0,0,0
BTXEA3D8P_5546-472-6058-984,1,0,0,0,0,0,0,0,0
BTXEA3D8P_557-1555-1069-2067,1,0,0,0,0,0,0,0,0
BTXEA3D8P_557-2579-1069-3091,1,0,0,0,0,0,0,0,0
BTXEA3D8P_557-1043-1069-1555,1,0,0,0,0,0,0,0,0
BTXEA3D8P_557-3091-1069-3603,1,0,0,0,0,0,0,0,0
BTXEA3D8P_557-2067-1069-2579,1,0,0,0,0,0,0,0,0
BTXEA3D8P_557-4627-1069-5139,1,0,0,0,0,0,0,0,0
BTXEA3D8P_557-5139-1069-5651,1,0,0,0,0,0,0,0,0
BTXEA3D8P_557-4115-1069-4627,1,0,0,0,0,0,0,0,0
BTXEA3D8P_557-531-1069-1043,1,0,0,0,0,0,0,0,0
BTXEA3D8P_557-3603-1069-4115,1,0,0,0,0,0,0,0,0
BTXEA3D8P_557-5651-1069-6163,1,0,0,0,0,0,0,0,0
BTXEA3D8P_557-6163-1069-6675,1,0,0,0,0,0,0,0,0
BTXEA3D8P_557-6675-1069-7187,1,0,0,0,0,0,0,0,0
BTXEA3D8P_557-7699-1069-8211,1,0,0,0,0,0,0,0,0
BTXEA3D8P_557-7187-1069-7699,1,0,0,0,0,0,0,0,0
BTXEA3D8P_5840-8256-6352-8768,1,0,0,0,0,0,0,0,0
BTXEA3D8P_5666-687-6178-1199,1,0,0,0,0,0,0,0,0
BTXEA3D8P_5944-1413-6456-1925,1,0,0,0,0,0,0,0,0
BTXEA3D8P_5944-3973-6456-4485,1,0,0,0,0,0,0,0,0
BTXEA3D8P_5944-4485-6456-4997,1,0,0,0,0,0,0,0,0
BTXEA3D8P_5944-2949-6456-3461,1,0,0,0,0,0,0,0,0
BTXEA3D8P_5944-1925-6456-2437,1,0,0,0,0,0,0,0,0
BTXEA3D8P_5944-2437-6456-2949,1,0,0,0,0,0,0,0,0
BTXEA3D8P_5944-3461-6456-3973,1,0,0,0,0,0,0,0,0
BTXEA3D8P_5944-4997-6456-5509,1,0,0,0,0,0,0,0,0
BTXEA3D8P_5944-6533-6456-7045,1,0,0,0,0,0,0,0,0
BTXEA3D8P_5944-5509-6456-6021,1,0,0,0,0,0,0,0,0
BTXEA3D8P_5944-6021-6456-6533,1,0,0,0,0,0,0,0,0
BTXEA3D8P_5944-7557-6456-8069,1,0,0,0,0,0,0,0,0
BTXEA3D8P_6178-687-6690-1199,1,0,0,0,0,0,0,0,0
BTXEA3D8P_5944-901-6456-1413,1,0,0,0,0,0,0,0,0
BTXEA3D8P_5944-7045-6456-7557,1,0,0,0,0,0,0,0,0
BTXEA3D8P_6058-472-6570-984,1,0,0,0,0,0,0,0,0
BTXEA3D8P_6417-1900-6929-2412,1,0,0,0,0,0,0,0,0
BTXEA3D8P_6417-1388-6929-1900,1,0,0,0,0,0,0,0,0
BTXEA3D8P_6417-4460-6929-4972,1,0,0,0,0,0,0,0,0
BTXEA3D8P_6417-2924-6929-3436,1,0,0,0,0,0,0,0,0
BTXEA3D8P_6417-5996-6929-6508,1,0,0,0,0,0,0,0,0
BTXEA3D8P_6417-2412-6929-2924,1,0,0,0,0,0,0,0,0
BTXEA3D8P_6417-4972-6929-5484,1,0,0,0,0,0,0,0,0
BTXEA3D8P_6417-5484-6929-5996,1,0,0,0,0,0,0,0,0
BTXEA3D8P_6417-7020-6929-7532,1,0,0,0,0,0,0,0,0
BTXEA3D8P_6417-3948-6929-4460,1,0,0,0,0,0,0,0,0
BTXEA3D8P_6417-6508-6929-7020,1,0,0,0,0,0,0,0,0
BTXEA3D8P_6417-3436-6929-3948,1,0,0,0,0,0,0,0,0
BTXEA3D8P_6417-7532-6929-8044,1,0,0,0,0,0,0,0,0
BTXEA3D8P_6417-876-6929-1388,1,0,0,0,0,0,0,0,0
BTXEA3D8P_6417-8044-6929-8556,1,0,0,0,0,0,0,0,0
BTXEA3D8P_6570-472-7082-984,1,0,0,0,0,0,0,0,0
BTXEA3D8P_6916-1399-7428-1911,1,0,0,0,0,0,0,0,0
BTXEA3D8P_6690-687-7202-1199,1,0,0,0,0,0,0,0,0
BTXEA3D8P_6916-1911-7428-2423,1,0,0,0,0,0,0,0,0
BTXEA3D8P_6916-2423-7428-2935,1,0,0,0,0,0,0,0,0
BTXEA3D8P_6916-4983-7428-5495,1,0,0,0,0,0,0,0,0
BTXEA3D8P_6916-7031-7428-7543,1,0,0,0,0,0,0,0,0
BTXEA3D8P_6916-3959-7428-4471,1,0,0,0,0,0,0,0,0
BTXEA3D8P_6916-6007-7428-6519,1,0,0,0,0,0,0,0,0
BTXEA3D8P_6916-3447-7428-3959,1,0,0,0,0,0,0,0,0
BTXEA3D8P_6916-6519-7428-7031,1,0,0,0,0,0,0,0,0
BTXEA3D8P_6916-5495-7428-6007,1,0,0,0,0,0,0,0,0
BTXEA3D8P_6916-4471-7428-4983,1,0,0,0,0,0,0,0,0
BTXEA3D8P_6916-2935-7428-3447,1,0,0,0,0,0,0,0,0
BTXEA3D8P_6916-7543-7428-8055,1,0,0,0,0,0,0,0,0
BTXEA3D8P_6916-8055-7428-8567,1,0,0,0,0,0,0,0,0
BTXEA3D8P_720-8256-1232-8768,1,0,0,0,0,0,0,0,0
BTXEA3D8P_6916-887-7428-1399,1,0,0,0,0,0,0,0,0
BTXEA3D8P_7082-472-7594-984,1,0,0,0,0,0,0,0,0
BTXEA3D8P_7380-1922-7892-2434,1,0,0,0,0,0,0,0,0
BTXEA3D8P_7202-687-7714-1199,1,0,0,0,0,0,0,0,0
BTXEA3D8P_7380-3458-7892-3970,1,0,0,0,0,0,0,0,0
BTXEA3D8P_7380-4482-7892-4994,1,0,0,0,0,0,0,0,0
BTXEA3D8P_7380-4994-7892-5506,1,0,0,0,0,0,0,0,0
BTXEA3D8P_7380-3970-7892-4482,1,0,0,0,0,0,0,0,0
BTXEA3D8P_7380-7042-7892-7554,1,0,0,0,0,0,0,0,0
BTXEA3D8P_7380-6018-7892-6530,1,0,0,0,0,0,0,0,0
BTXEA3D8P_7380-7554-7892-8066,1,0,0,0,0,0,0,0,0
BTXEA3D8P_7380-5506-7892-6018,1,0,0,0,0,0,0,0,0
BTXEA3D8P_7380-6530-7892-7042,1,0,0,0,0,0,0,0,0
BTXEA3D8P_7380-8066-7892-8578,1,0,0,0,0,0,0,0,0
BTXEA3D8P_7591-1369-8103-1881,1,0,0,0,0,0,0,0,0
BTXEA3D8P_7591-857-8103-1369,1,0,0,0,0,0,0,0,0
BTXEA3D8P_7594-472-8106-984,1,0,0,0,0,0,0,0,0
BTXEA3D8P_7611-2394-8123-2906,1,0,0,0,0,0,0,0,0
BTXEA3D8P_779-1304-1291-1816,1,0,0,0,0,0,0,0,0
BTXEA3D8P_7611-2906-8123-3418,1,0,0,0,0,0,0,0,0
BTXEA3D8P_779-1816-1291-2328,1,0,0,0,0,0,0,0,0
BTXEA3D8P_779-2328-1291-2840,1,0,0,0,0,0,0,0,0
BTXEA3D8P_779-3864-1291-4376,1,0,0,0,0,0,0,0,0
BTXEA3D8P_779-3352-1291-3864,1,0,0,0,0,0,0,0,0
BTXEA3D8P_779-2840-1291-3352,1,0,0,0,0,0,0,0,0
BTXEA3D8P_779-4376-1291-4888,1,0,0,0,0,0,0,0,0
BTXEA3D8P_779-4888-1291-5400,1,0,0,0,0,0,0,0,0
BTXEA3D8P_779-5912-1291-6424,1,0,0,0,0,0,0,0,0
BTXEA3D8P_779-5400-1291-5912,1,0,0,0,0,0,0,0,0
BTXEA3D8P_779-6424-1291-6936,1,0,0,0,0,0,0,0,0
BTXEA3D8P_779-6936-1291-7448,1,0,0,0,0,0,0,0,0
BTXEA3D8P_779-7448-1291-7960,1,0,0,0,0,0,0,0,0
BTXEA3D8P_779-792-1291-1304,1,0,0,0,0,0,0,0,0
BTXEA3D8P_779-7960-1291-8472,1,0,0,0,0,0,0,0,0
BTXEA3D8P_7874-2939-8386-3451,1,0,0,0,0,0,0,0,0
BTXEA3D8P_7874-3451-8386-3963,1,0,0,0,0,0,0,0,0
BTXEA3D8P_7874-2427-8386-2939,1,0,0,0,0,0,0,0,0
BTXEA3D8P_7874-3963-8386-4475,1,0,0,0,0,0,0,0,0
BTXEA3D8P_7874-4475-8386-4987,1,0,0,0,0,0,0,0,0
BTXEA3D8P_7874-4987-8386-5499,1,0,0,0,0,0,0,0,0
BTXEA3D8P_8108-1438-8620-1950,1,0,0,0,0,0,0,0,0
BTXEA3D8P_7874-6011-8386-6523,1,0,0,0,0,0,0,0,0
BTXEA3D8P_7874-7035-8386-7547,1,0,0,0,0,0,0,0,0
BTXEA3D8P_7874-8059-8386-8571,1,0,0,0,0,0,0,0,0
BTXEA3D8P_7874-7547-8386-8059,1,0,0,0,0,0,0,0,0
BTXEA3D8P_7874-5499-8386-6011,1,0,0,0,0,0,0,0,0
BTXEA3D8P_8108-1950-8620-2462,1,0,0,0,0,0,0,0,0
BTXEA3D8P_7874-6523-8386-7035,1,0,0,0,0,0,0,0,0
BTXEA3D8P_8106-472-8618-984,1,0,0,0,0,0,0,0,0
BTXEA3D8P_7874-891-8386-1403,1,0,0,0,0,0,0,0,0
BTXEA3D8P_8348-2421-8860-2933,1,0,0,0,0,0,0,0,0
BTXEA3D8P_8143-5408-8655-5920,1,0,0,0,0,0,0,0,0
BTXEA3D8P_8348-2933-8860-3445,1,0,0,0,0,0,0,0,0
BTXEA3D8P_8348-3957-8860-4469,1,0,0,0,0,0,0,0,0
BTXEA3D8P_8348-4469-8860-4981,1,0,0,0,0,0,0,0,0
BTXEA3D8P_8348-4981-8860-5493,1,0,0,0,0,0,0,0,0
BTXEA3D8P_8400-8256-8912-8768,1,0,0,0,0,0,0,0,0
BTXEA3D8P_8348-3445-8860-3957,1,0,0,0,0,0,0,0,0
BTXEA3D8P_8348-6005-8860-6517,1,0,0,0,0,0,0,0,0
BTXEA3D8P_8348-885-8860-1397,1,0,0,0,0,0,0,0,0
BTXEA3D8P_8348-7029-8860-7541,1,0,0,0,0,0,0,0,0
BTXEA3D8P_8618-472-9130-984,1,0,0,0,0,0,0,0,0
BTXEA3D8P_8738-687-9250-1199,1,0,0,0,0,0,0,0,0
BTXEA3D8P_8622-1683-9134-2195,1,0,0,0,0,0,0,0,0
BTXEA3D8P_8348-6517-8860-7029,1,0,0,0,0,0,0,0,0
BTXEA3D8P_8622-1171-9134-1683,1,0,0,0,0,0,0,0,0
BTXEA3D8P_8348-7541-8860-8053,1,0,0,0,0,0,0,0,0
BTXEA3D8P_8577-2066-9089-2578,1,0,0,0,0,0,0,0,0
BTXEA3D8P_8891-1403-9403-1915,1,0,0,0,0,0,0,0,0
BTXEA3D8P_8891-1915-9403-2427,1,0,0,0,0,0,0,0,0
BTXEA3D8P_8891-2427-9403-2939,1,0,0,0,0,0,0,0,0
BTXEA3D8P_8891-2939-9403-3451,1,0,0,0,0,0,0,0,0
BTXEA3D8P_8891-3451-9403-3963,1,0,0,0,0,0,0,0,0
BTXEA3D8P_8891-4987-9403-5499,1,0,0,0,0,0,0,0,0
BTXEA3D8P_8891-3963-9403-4475,1,0,0,0,0,0,0,0,0
BTXEA3D8P_8891-6011-9403-6523,1,0,0,0,0,0,0,0,0
BTXEA3D8P_8891-4475-9403-4987,1,0,0,0,0,0,0,0,0
BTXEA3D8P_8891-7547-9403-8059,1,0,0,0,0,0,0,0,0
BTXEA3D8P_938-472-1450-984,1,0,0,0,0,0,0,0,0
BTXEA3D8P_9383-5064-9895-5576,1,0,0,0,0,0,0,0,0
BTXEA3D8P_8891-8059-9403-8571,1,0,0,0,0,0,0,0,0
BTXEA3D8P_8891-5499-9403-6011,1,0,0,0,0,0,0,0,0
BTXEA3D8P_8891-7035-9403-7547,1,0,0,0,0,0,0,0,0
BTXEA3D8P_8891-6523-9403-7035,1,0,0,0,0,0,0,0,0
BTXEA3D8P_8891-891-9403-1403,1,0,0,0,0,0,0,0,0
BTXEA3D8P_9383-6088-9895-6600,1,0,0,0,0,0,0,0,0
BTXEA3D8P_9383-6600-9895-7112,1,0,0,0,0,0,0,0,0
BTXEA3D8P_9383-5576-9895-6088,1,0,0,0,0,0,0,0,0
BTXEA3D8P_9383-7112-9895-7624,1,0,0,0,0,0,0,0,0
BTXEA3D8P_9383-7624-9895-8136,1,0,0,0,0,0,0,0,0
BTXEA3D8P_9852-5079-10364-5591,1,0,0,0,0,0,0,0,0
BTXEA3D8P_9424-8256-9936-8768,1,0,0,0,0,0,0,0,0
BTYZBHTMD_10929-1316-11441-1828,0,0,0,0,0,0,1,0,0
BTXEA3D8P_9852-8151-10364-8663,1,0,0,0,0,0,0,0,0
BTXEA3D8P_9852-6615-10364-7127,1,0,0,0,0,0,0,0,0
BTXEA3D8P_9590-8052-10102-8564,1,0,0,0,0,0,0,0,0
BTYZBHTMD_11441-2340-11953-2852,0,0,0,0,0,0,1,0,0
BTYZBHTMD_11441-1828-11953-2340,0,0,0,0,0,0,1,0,0
BTXEA3D8P_9852-7639-10364-8151,1,0,0,0,0,0,0,0,0
BTXEA3D8P_9852-7127-10364-7639,1,0,0,0,0,0,0,0,0
BTXEA3D8P_9852-5591-10364-6103,1,0,0,0,0,0,0,0,0
BTYZBHTMD_10929-1828-11441-2340,0,0,0,0,0,0,1,0,0
BTXEA3D8P_9852-6103-10364-6615,1,0,0,0,0,0,0,0,0
BTYZBHTMD_12977-2340-13489-2852,0,0,0,0,0,0,1,0,0
BTYZBHTMD_12465-2340-12977-2852,0,0,0,0,0,0,1,0,0
BTYZBHTMD_11953-2340-12465-2852,0,0,0,0,0,0,1,0,0
BTYZBHTMD_12977-2852-13489-3364,0,0,0,0,0,0,1,0,0
BTYZBHTMD_13489-2852-14001-3364,0,0,0,0,0,0,1,0,0
BTYZBHTMD_14001-2852-14513-3364,0,0,0,0,0,0,1,0,0
BTYZBHTMD_4916-4498-5428-5010,0,0,0,0,0,0,1,0,0
BTYZBHTMD_5940-6034-6452-6546,0,0,0,0,0,0,1,0,0
BTYZBHTMD_5940-5522-6452-6034,0,0,0,0,0,0,1,0,0
BTYZBHTMD_4916-5010-5428-5522,0,0,0,0,0,0,1,0,0
BTYZBHTMD_5428-5010-5940-5522,0,0,0,0,0,0,1,0,0
BTYZBHTMD_5940-6546-6452-7058,0,0,0,0,0,0,1,0,0
BTYZBHTMD_6221-16654-6733-17166,0,0,0,0,0,0,1,0,0
BTYZBHTMD_6452-7058-6964-7570,0,0,0,0,0,0,1,0,0
BTYZBHTMD_6221-16142-6733-16654,0,0,0,0,0,0,1,0,0
BTYZBHTMD_6452-7570-6964-8082,0,0,0,0,0,0,1,0,0
BTYZBHTMD_6964-7570-7476-8082,0,0,0,0,0,0,1,0,0
BTYZBHTMD_5940-7058-6452-7570,0,0,0,0,0,0,1,0,0
BTYZBHTMD_7476-7570-7988-8082,0,0,0,0,0,0,1,0,0
BTYZBHTMD_7476-8082-7988-8594,0,0,0,0,0,0,1,0,0
BTYZBHTMD_7988-8082-8500-8594,0,0,0,0,0,0,1,0,0
BU2M3M8Y6_3167-3528-3679-4040,0,1,0,0,0,0,0,0,0
BU2M3M8Y6_3167-3016-3679-3528,0,1,0,0,0,0,0,0,0
BU2M3M8Y6_4314-2732-4826-3244,0,1,0,0,0,0,0,0,0
BU2M3M8Y6_3679-3528-4191-4040,0,1,0,0,0,0,0,0,0
BU2M3M8Y6_5338-2732-5850-3244,0,1,0,0,0,0,0,0,0
BU2M3M8Y6_6493-2051-7005-2563,0,1,0,0,0,0,0,0,0
BU2M3M8Y6_4826-2732-5338-3244,0,1,0,0,0,0,0,0,0
BU2M3M8Y6_5850-2732-6362-3244,0,1,0,0,0,0,0,0,0
BUQPALW1V_2152-10181-2664-10693,0,0,1,0,0,0,0,0,0
BU2M3M8Y6_7383-1993-7895-2505,0,1,0,0,0,0,0,0,0
BUQPALW1V_1963-10890-2475-11402,0,0,1,0,0,0,0,0,0
BU2M3M8Y6_5981-2051-6493-2563,0,1,0,0,0,0,0,0,0
BUQPALW1V_3048-9223-3560-9735,0,0,1,0,0,0,0,0,0
BUQPALW1V_3465-9130-3977-9642,0,0,1,0,0,0,0,0,0
BUQPALW1V_2012-11211-2524-11723,0,0,1,0,0,0,0,0,0
BVILK1DQJ_1254-1497-1766-2009,1,0,0,0,0,0,0,0,0
BVILK1DQJ_1188-3359-1700-3871,1,0,0,0,0,0,0,0,0
BVILK1DQJ_1188-2847-1700-3359,1,0,0,0,0,0,0,0,0
BVILK1DQJ_1254-2521-1766-3033,1,0,0,0,0,0,0,0,0
BVILK1DQJ_1254-2009-1766-2521,1,0,0,0,0,0,0,0,0
BVILK1DQJ_164-2847-676-3359,1,0,0,0,0,0,0,0,0
BVILK1DQJ_1503-1602-2015-2114,1,0,0,0,0,0,0,0,0
BVILK1DQJ_188-4825-700-5337,1,0,0,0,0,0,0,0,0
BVILK1DQJ_1700-5407-2212-5919,1,0,0,0,0,0,0,0,0
BVILK1DQJ_1766-1497-2278-2009,1,0,0,0,0,0,0,0,0
BVILK1DQJ_164-3871-676-4383,1,0,0,0,0,0,0,0,0
BVILK1DQJ_188-5337-700-5849,1,0,0,0,0,0,0,0,0
BVILK1DQJ_1503-1090-2015-1602,1,0,0,0,0,0,0,0,0
BVILK1DQJ_188-4313-700-4825,1,0,0,0,0,0,0,0,0
BVILK1DQJ_2015-1090-2527-1602,1,0,0,0,0,0,0,0,0
BVILK1DQJ_2015-1602-2527-2114,1,0,0,0,0,0,0,0,0
BVILK1DQJ_1766-985-2278-1497,1,0,0,0,0,0,0,0,0
BVILK1DQJ_1949-531-2461-1043,1,0,0,0,0,0,0,0,0
BVILK1DQJ_230-2521-742-3033,1,0,0,0,0,0,0,0,0
BVILK1DQJ_230-1497-742-2009,1,0,0,0,0,0,0,0,0
BVILK1DQJ_230-2009-742-2521,1,0,0,0,0,0,0,0,0
BVILK1DQJ_230-473-742-985,1,0,0,0,0,0,0,0,0
BVILK1DQJ_5021-1043-5533-1555,1,0,0,0,0,0,0,0,0
BVILK1DQJ_2461-2067-2973-2579,1,0,0,0,0,0,0,0,0
BVILK1DQJ_2461-1555-2973-2067,1,0,0,0,0,0,0,0,0
BVILK1DQJ_2461-531-2973-1043,1,0,0,0,0,0,0,0,0
BVILK1DQJ_230-985-742-1497,1,0,0,0,0,0,0,0,0
BVILK1DQJ_3997-1555-4509-2067,1,0,0,0,0,0,0,0,0
BVILK1DQJ_4509-1555-5021-2067,1,0,0,0,0,0,0,0,0
BVILK1DQJ_5021-1555-5533-2067,1,0,0,0,0,0,0,0,0
BVILK1DQJ_4772-5407-5284-5919,1,0,0,0,0,0,0,0,0
BVILK1DQJ_5021-2067-5533-2579,1,0,0,0,0,0,0,0,0
BVILK1DQJ_5021-2579-5533-3091,1,0,0,0,0,0,0,0,0
BVILK1DQJ_5021-531-5533-1043,1,0,0,0,0,0,0,0,0
BVILK1DQJ_5284-2847-5796-3359,1,0,0,0,0,0,0,0,0
BVILK1DQJ_5284-3871-5796-4383,1,0,0,0,0,0,0,0,0
BVILK1DQJ_676-2847-1188-3359,1,0,0,0,0,0,0,0,0
BVILK1DQJ_676-3359-1188-3871,1,0,0,0,0,0,0,0,0
BVILK1DQJ_5284-5407-5796-5919,1,0,0,0,0,0,0,0,0
BVILK1DQJ_991-2114-1503-2626,1,0,0,0,0,0,0,0,0
BVILK1DQJ_991-3650-1503-4162,1,0,0,0,0,0,0,0,0
BVILK1DQJ_676-3871-1188-4383,1,0,0,0,0,0,0,0,0
BVMZTMH4K_2694-7748-3206-8260,0,0,0,0,0,1,0,0,0
BVILK1DQJ_742-2521-1254-3033,1,0,0,0,0,0,0,0,0
BVILK1DQJ_991-3138-1503-3650,1,0,0,0,0,0,0,0,0
BVILK1DQJ_991-2626-1503-3138,1,0,0,0,0,0,0,0,0
BVILK1DQJ_676-5407-1188-5919,1,0,0,0,0,0,0,0,0
BYCT1XZTY_1085-6102-1597-6614,0,0,0,0,0,1,0,0,0
BXMWYJFAJ_3965-5300-4477-5812,0,0,0,0,0,0,0,0,1
BVMZTMH4K_2791-2958-3303-3470,0,0,0,0,0,1,0,0,0
BXMWYJFAJ_1848-3749-2360-4261,0,0,0,0,0,0,0,0,1
BYCT1XZTY_1085-6614-1597-7126,0,0,0,0,0,1,0,0,0
BXMWYJFAJ_2653-2896-3165-3408,0,0,0,0,0,0,0,0,1
BYCT1XZTY_1493-8831-2005-9343,0,0,0,0,1,1,0,0,0
BYCT1XZTY_2267-5585-2779-6097,0,0,0,0,0,1,0,0,0
BYCT1XZTY_2517-8831-3029-9343,0,0,0,0,1,1,0,0,0
BYCT1XZTY_2005-8831-2517-9343,0,0,0,0,1,1,0,0,0
BYCT1XZTY_4243-683-4755-1195,0,0,0,0,1,1,0,0,0
BYCT1XZTY_4565-8831-5077-9343,0,0,0,0,1,1,0,0,0
BYCT1XZTY_3029-8831-3541-9343,0,0,0,0,1,1,0,0,0
BYCT1XZTY_5077-8831-5589-9343,0,0,0,0,1,1,0,0,0
BYCT1XZTY_5423-832-5935-1344,0,0,0,0,0,1,0,0,0
BYCT1XZTY_4053-8831-4565-9343,0,0,0,0,1,1,0,0,0
BYCT1XZTY_4755-683-5267-1195,0,0,0,0,1,1,0,0,0
BYCT1XZTY_3475-820-3987-1332,0,0,0,0,0,1,0,0,0
BYCT1XZTY_4006-822-4518-1334,0,0,0,0,1,1,0,0,0
BYCT1XZTY_3541-8831-4053-9343,0,0,0,0,1,1,0,0,0
BYCT1XZTY_5001-820-5513-1332,0,0,0,0,1,1,0,0,0
BYCT1XZTY_4554-810-5066-1322,0,0,0,0,1,1,0,0,0
BYCT1XZTY_5584-7681-6096-8193,0,0,0,0,0,1,0,0,0
BYCT1XZTY_5584-8193-6096-8705,0,0,0,0,0,1,0,0,0
BYCT1XZTY_5589-8831-6101-9343,0,0,0,0,1,1,0,0,0
BYCT1XZTY_981-8831-1493-9343,0,0,0,0,1,1,0,0,0
BYD4IPPRQ_6123-1589-6635-2101,0,0,0,0,0,0,0,0,1
BYD4IPPRQ_5762-779-6274-1291,0,0,0,0,0,0,0,0,1
BYD4IPPRQ_6751-2757-7263-3269,0,0,0,0,0,0,0,0,1
BZQ22AFHN_3129-7805-3641-8317,0,1,0,0,0,0,0,0,0
BZPHEL27G_1287-2086-1799-2598,0,0,0,0,0,0,1,0,0
BZPHEL27G_775-2086-1287-2598,0,0,0,0,0,0,1,0,0
BZPHEL27G_1799-2598-2311-3110,0,0,0,0,0,0,1,0,0
BZPHEL27G_1287-2598-1799-3110,0,0,0,0,0,0,1,0,0
BZQ22AFHN_3141-3374-3653-3886,0,1,0,0,0,0,0,0,0
BZQ22AFHN_3129-7293-3641-7805,0,1,0,0,0,0,0,0,0
BZQ22AFHN_2617-7805-3129-8317,0,1,0,0,0,0,0,0,0
BZQ22AFHN_3141-2862-3653-3374,0,1,0,0,0,0,0,0,0
BZQ22AFHN_2617-7293-3129-7805,0,1,0,0,0,0,0,0,0
BZQ22AFHN_734-4903-1246-5415,0,0,0,0,0,0,0,0,1
C1BAVX7UR_1056-2623-1568-3135,0,0,0,0,0,1,0,0,0
C1BAVX7UR_1056-3135-1568-3647,0,0,0,0,0,1,0,0,0
C1BAVX7UR_1056-4159-1568-4671,0,0,0,0,0,1,0,0,0
C1BAVX7UR_1585-2057-2097-2569,0,0,0,0,0,1,0,0,0
C1BAVX7UR_1056-3647-1568-4159,0,0,0,0,0,1,0,0,0
C1BAVX7UR_1974-2316-2486-2828,0,0,0,0,0,1,0,0,0
C1BAVX7UR_684-569-1196-1081,0,0,0,0,0,1,0,0,0
C1BAVX7UR_2362-637-2874-1149,0,0,0,0,0,1,0,0,0
C1T1XGNIC_3549-5795-4061-6307,0,0,0,0,0,0,1,0,0
C1BAVX7UR_2874-637-3386-1149,0,0,0,0,0,1,0,0,0
C1T1XGNIC_3037-5795-3549-6307,0,0,0,0,0,0,1,0,0
C1T1XGNIC_2525-5795-3037-6307,0,0,0,0,0,0,1,0,0
C1BAVX7UR_965-2358-1477-2870,0,0,0,0,0,1,0,0,0
C1T1XGNIC_4871-2209-5383-2721,0,0,0,0,0,0,1,0,0
C1T1XGNIC_5383-2209-5895-2721,0,0,0,0,0,0,1,0,0
C1T1XGNIC_5383-1697-5895-2209,0,0,0,0,0,0,1,0,0
C1T1XGNIC_5895-1697-6407-2209,0,0,0,0,0,0,1,0,0
C1X29833T_1405-3596-1917-4108,0,0,0,0,0,1,0,0,0
C1X29833T_1842-2827-2354-3339,0,0,0,0,0,1,0,0,0
C1X29833T_331-5621-843-6133,0,0,0,0,0,1,0,0,0
C29TX1UG4_10613-3879-11125-4391,0,0,0,0,1,0,0,0,0
C29TX1UG4_10101-3879-10613-4391,0,0,0,0,1,0,0,0,0
C29TX1UG4_10141-566-10653-1078,0,0,0,0,1,0,0,0,0
C29TX1UG4_10653-566-11165-1078,0,0,0,0,1,0,0,0,0
C29TX1UG4_11131-576-11643-1088,0,0,0,0,1,0,0,0,0
C29TX1UG4_11643-576-12155-1088,0,0,0,0,1,0,0,0,0
C29TX1UG4_2730-12204-3242-12716,0,0,0,0,1,0,0,0,0
C29TX1UG4_12242-597-12754-1109,0,0,0,0,1,0,0,0,0
C29TX1UG4_12200-3922-12712-4434,0,0,0,0,1,0,0,0,0
C29TX1UG4_11198-3885-11710-4397,0,0,0,0,1,0,0,0,0
C29TX1UG4_13074-4095-13586-4607,0,0,0,0,1,1,0,0,0
C29TX1UG4_12678-3911-13190-4423,0,0,0,0,1,0,0,0,0
C29TX1UG4_3000-4716-3512-5228,0,0,0,0,0,1,0,0,0
C29TX1UG4_3000-5228-3512-5740,0,0,0,0,0,1,0,0,0
C29TX1UG4_12754-597-13266-1109,0,0,0,0,1,0,0,0,0
C29TX1UG4_3000-5740-3512-6252,0,0,0,0,0,1,0,0,0
C29TX1UG4_3136-6073-3648-6585,0,0,0,0,0,1,0,0,0
C29TX1UG4_3136-6585-3648-7097,0,0,0,0,1,1,0,0,0
C29TX1UG4_3136-7097-3648-7609,0,0,0,0,1,1,0,0,0
C29TX1UG4_3463-6938-3975-7450,0,0,0,0,1,1,0,0,0
C29TX1UG4_3156-12272-3668-12784,0,0,0,0,1,0,0,0,0
C29TX1UG4_3586-10333-4098-10845,0,0,0,0,0,1,0,0,0
C29TX1UG4_3586-10845-4098-11357,0,0,0,0,0,1,0,0,0
C29TX1UG4_3463-8474-3975-8986,0,0,0,0,0,1,0,0,0
C29TX1UG4_3463-7450-3975-7962,0,0,0,0,1,1,0,0,0
C29TX1UG4_3506-4528-4018-5040,0,0,0,0,1,1,0,0,0
C29TX1UG4_3463-7962-3975-8474,0,0,0,0,0,1,0,0,0
C29TX1UG4_3586-8797-4098-9309,0,0,0,0,0,1,0,0,0
C29TX1UG4_3586-9309-4098-9821,0,0,0,0,0,1,0,0,0
C29TX1UG4_3586-11357-4098-11869,0,0,1,0,1,1,0,0,0
C29TX1UG4_3586-9821-4098-10333,0,0,0,0,0,1,0,0,0
C29TX1UG4_3838-11698-4350-12210,0,0,1,0,1,0,0,0,0
C29TX1UG4_3838-12210-4350-12722,0,0,1,0,1,1,0,0,0
C29TX1UG4_4397-12235-4909-12747,0,0,0,0,1,1,0,0,0
C29TX1UG4_4018-4528-4530-5040,0,0,0,0,1,1,0,0,0
C29TX1UG4_4324-4594-4836-5106,0,0,0,0,1,1,0,0,0
C29TX1UG4_4909-12235-5421-12747,0,0,0,0,1,1,0,0,0
C29TX1UG4_4836-4594-5348-5106,0,0,0,0,0,1,0,0,0
C29TX1UG4_5163-4589-5675-5101,0,0,0,0,1,1,0,0,0
C29TX1UG4_7245-4499-7757-5011,0,0,0,0,1,1,0,0,0
C29TX1UG4_5623-12202-6135-12714,0,0,0,0,1,1,0,0,0
C29TX1UG4_5960-4571-6472-5083,0,0,0,0,0,1,0,0,0
C29TX1UG4_6472-4571-6984-5083,0,0,0,0,1,1,0,0,0
C29TX1UG4_6647-12202-7159-12714,0,0,0,0,1,1,0,0,0
C29TX1UG4_6135-12202-6647-12714,0,0,0,0,1,1,0,0,0
C29TX1UG4_7014-12175-7526-12687,0,0,0,0,1,1,0,0,0
C29TX1UG4_6984-4571-7496-5083,0,0,0,0,1,1,0,0,0
C29TX1UG4_7725-4555-8237-5067,0,0,0,0,1,1,0,0,0
C29TX1UG4_7526-12175-8038-12687,0,0,0,0,1,1,0,0,0
C29TX1UG4_8038-12175-8550-12687,0,0,0,0,1,1,0,0,0
C29TX1UG4_8550-12175-9062-12687,0,0,0,0,1,1,0,0,0
C29TX1UG4_8232-4433-8744-4945,0,0,0,0,1,1,0,0,0
C29TX1UG4_8593-4464-9105-4976,0,0,0,0,1,1,0,0,0
C29TX1UG4_9344-418-9856-930,0,0,0,0,1,1,0,0,0
C29TX1UG4_9680-3842-10192-4354,0,0,0,0,0,1,0,0,0
C29TX1UG4_9385-3982-9897-4494,0,0,0,0,0,1,0,0,0
C29TX1UG4_9597-567-10109-1079,0,0,0,0,1,1,0,0,0
C34TGRC7E_11015-4748-11527-5260,1,0,0,0,0,0,0,0,0
C34TGRC7E_10503-4748-11015-5260,1,0,0,0,0,0,0,0,0
C34TGRC7E_10657-6204-11169-6716,1,0,0,0,0,0,0,0,0
C34TGRC7E_10145-6204-10657-6716,1,0,0,0,0,0,0,0,0
C34TGRC7E_10764-8412-11276-8924,1,0,0,0,0,0,0,0,0
C34TGRC7E_11169-6204-11681-6716,1,0,0,0,0,0,0,0,0
C29TX1UG4_9876-2176-10388-2688,0,0,0,0,0,0,0,0,1
C34TGRC7E_11574-7735-12086-8247,1,0,0,0,0,0,0,0,0
C34TGRC7E_11660-4226-12172-4738,1,0,0,0,0,0,0,0,0
C34TGRC7E_11276-8412-11788-8924,1,0,0,0,0,0,0,0,0
C34TGRC7E_11515-6707-12027-7219,1,0,0,0,0,0,0,0,0
C34TGRC7E_11788-8412-12300-8924,1,0,0,0,0,0,0,0,0
C34TGRC7E_12027-6707-12539-7219,1,0,0,0,0,0,0,0,0
C34TGRC7E_11681-6204-12193-6716,1,0,0,0,0,0,0,0,0
C34TGRC7E_12086-7735-12598-8247,1,0,0,0,0,0,0,0,0
C34TGRC7E_12161-5941-12673-6453,1,0,0,0,0,0,0,0,0
C34TGRC7E_12193-6204-12705-6716,1,0,0,0,0,0,0,0,0
C34TGRC7E_12099-7123-12611-7635,1,0,0,0,0,0,0,0,0
C34TGRC7E_12524-6760-13036-7272,1,0,0,0,0,0,0,0,0
C34TGRC7E_12673-5941-13185-6453,1,0,0,0,0,0,0,0,0
C34TGRC7E_12705-6204-13217-6716,1,0,0,0,0,0,0,0,0
C34TGRC7E_13993-4360-14505-4872,1,0,0,0,0,0,0,0,0
C34TGRC7E_13157-6434-13669-6946,1,0,0,0,0,0,0,0,0
C34TGRC7E_13669-6434-14181-6946,1,0,0,0,0,0,0,0,0
C34TGRC7E_14241-6204-14753-6716,1,0,0,0,0,0,0,0,0
C34TGRC7E_14382-7276-14894-7788,1,0,0,0,0,0,0,0,0
C34TGRC7E_14458-4922-14970-5434,1,0,0,0,0,0,0,0,0
C34TGRC7E_14505-4360-15017-4872,1,0,0,0,0,0,0,0,0
C34TGRC7E_14279-4233-14791-4745,1,0,0,0,0,0,0,0,0
C34TGRC7E_1575-7847-2087-8359,1,0,0,0,0,0,0,0,0
C34TGRC7E_14910-4677-15422-5189,1,0,0,0,0,0,0,0,0
C34TGRC7E_14927-5092-15439-5604,1,0,0,0,0,0,0,0,0
C34TGRC7E_1575-8359-2087-8871,1,0,0,0,0,0,0,0,0
C34TGRC7E_6041-12099-6553-12611,1,0,0,0,0,0,0,0,0
C34TGRC7E_5426-8553-5938-9065,1,0,0,0,0,0,0,0,0
C34TGRC7E_5428-6232-5940-6744,1,0,0,0,0,0,0,0,0
C34TGRC7E_5428-6744-5940-7256,1,0,0,0,0,0,0,0,0
C34TGRC7E_3682-9580-4194-10092,1,0,0,0,0,0,0,0,0
C34TGRC7E_6814-4720-7326-5232,1,0,0,0,0,0,0,0,0
C34TGRC7E_5444-4919-5956-5431,1,0,0,0,0,0,0,0,0
C34TGRC7E_6519-12605-7031-13117,1,0,0,0,0,0,0,0,0
C34TGRC7E_6864-5910-7376-6422,1,0,0,0,0,0,0,0,0
C34TGRC7E_6161-986-6673-1498,1,0,0,0,0,0,0,0,0
C34TGRC7E_6927-11200-7439-11712,1,0,0,0,0,0,0,0,0
C34TGRC7E_6927-12224-7439-12736,1,0,0,0,0,0,0,0,0
C34TGRC7E_6864-6422-7376-6934,1,0,0,0,0,0,0,0,0
C34TGRC7E_6927-11712-7439-12224,1,0,0,0,0,0,0,0,0
C34TGRC7E_7326-4720-7838-5232,1,0,0,0,0,0,0,0,0
C34TGRC7E_6927-12736-7439-13248,1,0,0,0,0,0,0,0,0
C34TGRC7E_7335-12105-7847-12617,1,0,0,0,0,0,0,0,0
C34TGRC7E_7376-5910-7888-6422,1,0,0,0,0,0,0,0,0
C34TGRC7E_7838-4720-8350-5232,1,0,0,0,0,0,0,0,0
C34TGRC7E_7335-12617-7847-13129,1,0,0,0,0,0,0,0,0
C34TGRC7E_8618-10344-9130-10856,1,0,0,0,0,0,0,0,0
C34TGRC7E_7376-6422-7888-6934,1,0,0,0,0,0,0,0,0
C34TGRC7E_8618-8808-9130-9320,1,0,0,0,0,0,0,0,0
C34TGRC7E_8350-4720-8862-5232,1,0,0,0,0,0,0,0,0
C34TGRC7E_8618-9320-9130-9832,1,0,0,0,0,0,0,0,0
C34TGRC7E_9130-10344-9642-10856,1,0,0,0,0,0,0,0,0
C34TGRC7E_8618-9832-9130-10344,1,0,0,0,0,0,0,0,0
C34TGRC7E_9642-8808-10154-9320,1,0,0,0,0,0,0,0,0
C34TGRC7E_9130-8808-9642-9320,1,0,0,0,0,0,0,0,0
C34TGRC7E_9130-9832-9642-10344,1,0,0,0,0,0,0,0,0
C34TGRC7E_9642-9320-10154-9832,1,0,0,0,0,0,0,0,0
C34TGRC7E_9642-9832-10154-10344,1,0,0,0,0,0,0,0,0
C3PZYCXUI_12174-559-12686-1071,0,0,0,0,0,0,0,0,1
C3PZYCXUI_11523-5535-12035-6047,0,0,0,0,0,0,0,0,1
C3PZYCXUI_4535-2378-5047-2890,0,0,0,0,0,0,0,0,1
C41P1XNI1_5209-5472-5721-5984,0,0,0,0,0,1,0,0,0
C41P1XNI1_292-5432-804-5944,0,0,0,0,0,1,0,0,0
C41P1XNI1_4064-3820-4576-4332,0,0,0,0,0,1,0,0,0
C41P1XNI1_5247-1743-5759-2255,0,0,0,0,0,1,0,0,0
C3PZYCXUI_9614-5327-10126-5839,0,0,0,0,0,0,0,0,1
C41P1XNI1_5209-4930-5721-5442,0,0,0,0,0,1,0,0,0
C41P1XNI1_365-2075-877-2587,0,0,0,0,0,1,0,0,0
C3PZYCXUI_8044-5920-8556-6432,0,0,0,0,0,0,0,0,1
C41P1XNI1_5209-4418-5721-4930,0,0,0,0,0,1,0,0,0
C3PZYCXUI_8480-5670-8992-6182,0,0,0,0,0,0,0,0,1
C41P1XNI1_5265-842-5777-1354,0,0,0,0,0,1,0,0,0
C41P1XNI1_5393-3713-5905-4225,0,0,0,0,0,1,0,0,0
C41P1XNI1_895-2019-1407-2531,0,0,0,0,0,1,0,0,0
C41P1XNI1_5427-488-5939-1000,0,0,0,0,0,1,0,0,0
C41P1XNI1_953-1581-1465-2093,0,0,0,0,0,1,0,0,0
C48NPKLKD_11456-1288-11968-1800,0,0,1,0,0,0,0,0,0
C48NPKLKD_1131-1627-1643-2139,0,0,1,0,0,0,0,0,0
C48NPKLKD_11456-1800-11968-2312,0,0,1,0,0,0,0,0,0
C48NPKLKD_3441-829-3953-1341,0,0,1,0,0,0,0,0,0
C48NPKLKD_1643-1627-2155-2139,0,0,1,0,0,0,0,0,0
C48NPKLKD_3953-829-4465-1341,0,0,1,0,0,0,0,0,0
C48NPKLKD_2155-1627-2667-2139,0,0,1,0,0,0,0,0,0
C48NPKLKD_4465-829-4977-1341,0,0,1,0,0,0,0,0,0
C48NPKLKD_5489-829-6001-1341,0,0,1,0,0,0,0,0,0
C48NPKLKD_4977-829-5489-1341,0,0,1,0,0,0,0,0,0
C4DNYINDU_1295-2391-1807-2903,0,0,1,0,0,0,0,0,0
C48NPKLKD_619-1627-1131-2139,0,0,1,0,0,0,0,0,0
C48NPKLKD_12480-1800-12992-2312,0,0,1,0,0,0,0,0,0
C4DNYINDU_1310-1367-1822-1879,0,0,1,0,0,0,0,0,0
C4DNYINDU_1807-2391-2319-2903,0,0,1,0,0,0,0,0,0
C4DNYINDU_1310-1879-1822-2391,0,0,1,0,0,0,0,0,0
C4DNYINDU_1451-682-1963-1194,0,0,1,0,0,0,0,0,0
C4DNYINDU_4012-2422-4524-2934,0,0,1,0,0,0,0,0,0
C4DNYINDU_2755-560-3267-1072,0,0,1,0,0,0,0,0,0
C4DNYINDU_4524-2422-5036-2934,0,0,1,0,0,0,0,0,0
C4DNYINDU_728-1788-1240-2300,0,0,1,0,0,0,0,0,0
C6AX1NG9T_10169-10095-10681-10607,0,0,1,0,0,0,0,0,0
C4DNYINDU_798-1367-1310-1879,0,0,1,0,0,0,0,0,0
C4X6EM3CQ_2002-620-2514-1132,0,1,0,0,0,0,0,0,0
C4X6EM3CQ_1342-462-1854-974,0,1,0,0,0,0,0,0,0
C6AX1NG9T_10169-10607-10681-11119,0,0,1,0,0,0,0,0,0
C4DNYINDU_982-2288-1494-2800,0,0,1,0,0,0,0,0,0
C6AX1NG9T_3105-872-3617-1384,0,0,0,0,0,0,0,0,1
C6AX1NG9T_2101-834-2613-1346,0,0,0,0,0,0,0,0,1
C4DNYINDU_733-2218-1245-2730,0,0,1,0,0,0,0,0,0
C6AX1NG9T_2605-840-3117-1352,0,0,0,0,0,0,0,0,1
C6AX1NG9T_5167-3859-5679-4371,0,0,0,0,0,1,0,0,0
C6AX1NG9T_4356-891-4868-1403,0,0,0,0,0,0,0,0,1
C6AX1NG9T_4866-893-5378-1405,0,0,0,0,0,0,0,0,1
C6AX1NG9T_5473-898-5985-1410,0,0,0,0,0,0,0,0,1
C6AX1NG9T_6102-913-6614-1425,0,0,0,0,0,0,0,0,1
C6AX1NG9T_6414-3290-6926-3802,0,0,0,0,0,1,0,0,0
C6AX1NG9T_6417-2968-6929-3480,0,0,0,0,0,0,0,0,1
C6AX1NG9T_6890-901-7402-1413,0,0,0,0,0,0,0,0,1
C6H2DEA8V_1418-558-1930-1070,1,0,0,0,0,0,0,0,0
C6H2DEA8V_366-636-878-1148,1,0,0,0,0,0,0,0,0
C6H2DEA8V_4127-1336-4639-1848,1,0,0,0,0,0,0,0,0
C6H2DEA8V_4197-278-4709-790,1,0,0,0,0,0,0,0,0
C6H2DEA8V_4639-1336-5151-1848,1,0,0,0,0,0,0,0,0
C6AX1NG9T_8424-1567-8936-2079,0,0,0,0,0,0,0,0,1
C6H2DEA8V_4197-790-4709-1302,1,0,0,0,0,0,0,0,0
C6H2DEA8V_4639-824-5151-1336,1,0,0,0,0,0,0,0,0
C6H2DEA8V_768-566-1280-1078,1,0,0,0,0,0,0,0,0
C6H2DEA8V_4435-1725-4947-2237,1,0,0,0,0,0,0,0,0
C6Q8TIXDH_1177-4561-1689-5073,0,0,1,0,0,0,0,0,0
C6Q8TIXDH_2020-4535-2532-5047,0,0,1,0,0,0,0,0,0
C6Q8TIXDH_1690-4553-2202-5065,0,0,1,0,0,0,0,0,0
C6Q8TIXDH_3049-4468-3561-4980,0,0,1,0,0,0,0,0,0
C6Q8TIXDH_2532-4535-3044-5047,0,0,1,0,0,0,0,0,0
C6Q8TIXDH_3355-4491-3867-5003,0,0,1,0,0,0,0,0,0
C6Q8TIXDH_3867-4491-4379-5003,0,0,1,0,0,0,0,0,0
C6Q8TIXDH_600-4027-1112-4539,0,0,1,0,0,0,0,0,0
C6Q8TIXDH_640-1143-1152-1655,0,0,1,0,0,0,0,0,0
C6Q8TIXDH_4625-4466-5137-4978,0,0,1,0,0,0,0,0,0
C6Q8TIXDH_613-3393-1125-3905,0,0,1,0,0,0,0,0,0
C6Q8TIXDH_580-3705-1092-4217,0,0,1,0,0,0,0,0,0
C6Q8TIXDH_646-2366-1158-2878,0,0,1,0,0,0,0,0,0
C6Q8TIXDH_629-1593-1141-2105,0,0,1,0,0,0,0,0,0
C6QLEFEFF_1050-2195-1562-2707,0,1,0,0,0,0,0,0,0
C6Q8TIXDH_646-2802-1158-3314,0,0,1,0,0,0,0,0,0
C6QLEFEFF_1229-2505-1741-3017,0,1,0,0,0,0,0,0,0
C6Q8TIXDH_824-4580-1336-5092,0,0,1,0,0,0,0,0,0
C6QLEFEFF_1433-1647-1945-2159,0,1,0,0,0,0,0,0,0
C6QLEFEFF_1738-1939-2250-2451,0,1,0,0,0,0,0,0,0
C6QLEFEFF_1503-2267-2015-2779,0,1,0,0,0,0,0,0,0
C6QLEFEFF_1998-1512-2510-2024,0,1,0,0,0,0,0,0,0
C6QLEFEFF_3752-7104-4264-7616,0,1,0,0,0,0,0,0,0
C6QLEFEFF_2940-7060-3452-7572,0,1,0,0,0,0,0,0,0
C6QLEFEFF_3755-7959-4267-8471,0,1,0,0,0,0,0,0,0
C6QLEFEFF_4866-9081-5378-9593,0,1,0,0,0,0,0,0,0
C6QLEFEFF_4722-6421-5234-6933,0,1,0,0,0,0,0,0,0
C6QLEFEFF_4506-7675-5018-8187,0,1,0,0,0,0,0,0,0
C6QLEFEFF_4304-8581-4816-9093,0,1,0,0,0,0,0,0,0
C6QLEFEFF_4869-3300-5381-3812,0,1,0,0,0,0,0,0,0
C6QLEFEFF_4570-3567-5082-4079,0,1,0,0,0,0,0,0,0
C6QLEFEFF_4255-3899-4767-4411,0,1,0,0,0,0,0,0,0
C6QLEFEFF_5189-2928-5701-3440,0,1,0,0,0,0,0,0,0
C6QLEFEFF_5228-7201-5740-7713,0,1,0,0,0,0,0,0,0
C6QLEFEFF_5378-9081-5890-9593,0,1,0,0,0,0,0,0,0
C6QLEFEFF_5449-7058-5961-7570,0,1,0,0,0,0,0,0,0
C6QLEFEFF_5759-2813-6271-3325,0,1,0,0,0,0,0,0,0
C6QLEFEFF_6230-8467-6742-8979,0,1,0,0,0,0,0,0,0
C6QLEFEFF_6271-2301-6783-2813,0,1,0,0,0,0,0,0,0
C6QLEFEFF_6373-6247-6885-6759,0,1,0,0,0,0,0,0,0
C6QLEFEFF_6271-2813-6783-3325,0,1,0,0,0,0,0,0,0
C6QLEFEFF_6468-5525-6980-6037,0,1,0,0,0,0,0,0,0
C6QLEFEFF_6494-8067-7006-8579,0,1,0,0,0,0,0,0,0
C6QLEFEFF_704-2874-1216-3386,0,1,0,0,0,0,0,0,0
C6QLEFEFF_706-831-1218-1343,0,1,0,0,0,0,0,0,0
C72W94BUC_10149-12076-10661-12588,1,0,0,0,0,0,0,0,0
C6QLEFEFF_781-1317-1293-1829,0,1,0,0,0,0,0,0,0
C6QLEFEFF_931-2435-1443-2947,0,1,0,0,0,0,0,0,0
C6QLEFEFF_781-1829-1293-2341,0,1,0,0,0,0,0,0,0
C72W94BUC_10149-12588-10661-13100,1,0,0,0,0,0,0,0,0
C72W94BUC_10149-11564-10661-12076,1,0,0,0,0,0,0,0,0
C72W94BUC_10149-11052-10661-11564,1,0,0,0,0,0,0,0,0
C72W94BUC_10149-13100-10661-13612,1,0,0,0,0,0,0,0,0
C72W94BUC_10149-13612-10661-14124,1,0,0,0,0,0,0,0,0
C72W94BUC_10149-14636-10661-15148,1,0,0,0,0,0,0,0,0
C72W94BUC_10149-15148-10661-15660,1,0,0,0,0,0,0,0,0
C72W94BUC_10149-14124-10661-14636,1,0,0,0,0,0,0,0,0
C72W94BUC_10149-15660-10661-16172,1,0,0,0,0,0,0,0,0
C72W94BUC_10305-3000-10817-3512,1,0,0,0,0,0,0,0,0
C72W94BUC_10305-2488-10817-3000,1,0,0,0,0,0,0,0,0
C72W94BUC_10305-5048-10817-5560,1,0,0,0,0,0,0,0,0
C72W94BUC_10305-5560-10817-6072,1,0,0,0,0,0,0,0,0
C72W94BUC_10305-6072-10817-6584,1,0,0,0,0,0,0,0,0
C72W94BUC_10305-6584-10817-7096,1,0,0,0,0,0,0,0,0
C72W94BUC_10305-440-10817-952,1,0,0,0,0,0,0,0,0
C72W94BUC_10305-4536-10817-5048,1,0,0,0,0,0,0,0,0
C72W94BUC_10305-7096-10817-7608,1,0,0,0,0,0,0,0,0
C72W94BUC_10305-7608-10817-8120,1,0,0,0,0,0,0,0,0
C72W94BUC_10305-4024-10817-4536,1,0,0,0,0,0,0,0,0
C72W94BUC_10305-3512-10817-4024,1,0,0,0,0,0,0,0,0
C72W94BUC_10305-8120-10817-8632,1,0,0,0,0,0,0,0,0
C72W94BUC_10305-9144-10817-9656,1,0,0,0,0,0,0,0,0
C72W94BUC_10305-8632-10817-9144,1,0,0,0,0,0,0,0,0
C72W94BUC_10305-9656-10817-10168,1,0,0,0,0,0,0,0,0
C72W94BUC_10313-16667-10825-17179,1,0,0,0,0,0,0,0,0
C72W94BUC_10415-10781-10927-11293,1,0,0,0,0,0,0,0,0
C72W94BUC_10415-11293-10927-11805,1,0,0,0,0,0,0,0,0
C72W94BUC_10415-10269-10927-10781,1,0,0,0,0,0,0,0,0
C72W94BUC_10415-13341-10927-13853,1,0,0,0,0,0,0,0,0
C72W94BUC_10415-12829-10927-13341,1,0,0,0,0,0,0,0,0
C72W94BUC_10471-15700-10983-16212,1,0,0,0,0,0,0,0,0
C72W94BUC_10471-14676-10983-15188,1,0,0,0,0,0,0,0,0
C72W94BUC_10415-14365-10927-14877,1,0,0,0,0,0,0,0,0
C72W94BUC_10415-12317-10927-12829,1,0,0,0,0,0,0,0,0
C72W94BUC_10415-13853-10927-14365,1,0,0,0,0,0,0,0,0
C72W94BUC_10471-15188-10983-15700,1,0,0,0,0,0,0,0,0
C72W94BUC_10471-11604-10983-12116,1,0,0,0,0,0,0,0,0
C72W94BUC_10415-16413-10927-16925,1,0,0,0,0,0,0,0,0
C72W94BUC_10817-440-11329-952,1,0,0,0,0,0,0,0,0
C72W94BUC_10817-952-11329-1464,1,0,0,0,0,0,0,0,0
C72W94BUC_10817-8632-11329-9144,1,0,0,0,0,0,0,0,0
C72W94BUC_10817-9144-11329-9656,1,0,0,0,0,0,0,0,0
C72W94BUC_10817-9656-11329-10168,1,0,0,0,0,0,0,0,0
C72W94BUC_10825-16667-11337-17179,1,0,0,0,0,0,0,0,0
C72W94BUC_10927-11805-11439-12317,1,0,0,0,0,0,0,0,0
C72W94BUC_10927-10781-11439-11293,1,0,0,0,0,0,0,0,0
C72W94BUC_10927-13853-11439-14365,1,0,0,0,0,0,0,0,0
C72W94BUC_10927-12829-11439-13341,1,0,0,0,0,0,0,0,0
C72W94BUC_10927-14877-11439-15389,1,0,0,0,0,0,0,0,0
C72W94BUC_10927-13341-11439-13853,1,0,0,0,0,0,0,0,0
C72W94BUC_10927-15389-11439-15901,1,0,0,0,0,0,0,0,0
C72W94BUC_10927-14365-11439-14877,1,0,0,0,0,0,0,0,0
C72W94BUC_10927-12317-11439-12829,1,0,0,0,0,0,0,0,0
C72W94BUC_10927-16413-11439-16925,1,0,0,0,0,0,0,0,0
C72W94BUC_10927-15901-11439-16413,1,0,0,0,0,0,0,0,0
C72W94BUC_11329-1464-11841-1976,1,0,0,0,0,0,0,0,0
C72W94BUC_11329-2488-11841-3000,1,0,0,0,0,0,0,0,0
C72W94BUC_11329-1976-11841-2488,1,0,0,0,0,0,0,0,0
C72W94BUC_11329-3000-11841-3512,1,0,0,0,0,0,0,0,0
C72W94BUC_11329-3512-11841-4024,1,0,0,0,0,0,0,0,0
C72W94BUC_11329-4024-11841-4536,1,0,0,0,0,0,0,0,0
C72W94BUC_11329-6584-11841-7096,1,0,0,0,0,0,0,0,0
C72W94BUC_11329-4536-11841-5048,1,0,0,0,0,0,0,0,0
C72W94BUC_11329-6072-11841-6584,1,0,0,0,0,0,0,0,0
C72W94BUC_11329-7096-11841-7608,1,0,0,0,0,0,0,0,0
C72W94BUC_11329-7608-11841-8120,1,0,0,0,0,0,0,0,0
C72W94BUC_11329-8120-11841-8632,1,0,0,0,0,0,0,0,0
C72W94BUC_11337-16667-11849-17179,1,0,0,0,0,0,0,0,0
C72W94BUC_11439-11293-11951-11805,1,0,0,0,0,0,0,0,0
C72W94BUC_11329-952-11841-1464,1,0,0,0,0,0,0,0,0
C72W94BUC_11329-8632-11841-9144,1,0,0,0,0,0,0,0,0
C72W94BUC_11439-12829-11951-13341,1,0,0,0,0,0,0,0,0
C72W94BUC_11439-12317-11951-12829,1,0,0,0,0,0,0,0,0
C72W94BUC_11439-11805-11951-12317,1,0,0,0,0,0,0,0,0
C72W94BUC_11439-13853-11951-14365,1,0,0,0,0,0,0,0,0
C72W94BUC_11439-13341-11951-13853,1,0,0,0,0,0,0,0,0
C72W94BUC_11439-14877-11951-15389,1,0,0,0,0,0,0,0,0
C72W94BUC_11439-14365-11951-14877,1,0,0,0,0,0,0,0,0
C72W94BUC_11439-15901-11951-16413,1,0,0,0,0,0,0,0,0
C72W94BUC_11439-15389-11951-15901,1,0,0,0,0,0,0,0,0
C72W94BUC_1306-2961-1818-3473,1,0,0,0,0,0,0,0,0
C72W94BUC_1185-532-1697-1044,1,0,0,0,0,0,0,0,0
C72W94BUC_11439-16413-11951-16925,1,0,0,0,0,0,0,0,0
C72W94BUC_1185-1556-1697-2068,1,0,0,0,0,0,0,0,0
C72W94BUC_1185-1044-1697-1556,1,0,0,0,0,0,0,0,0
C72W94BUC_1306-1937-1818-2449,1,0,0,0,0,0,0,0,0
C72W94BUC_1697-1044-2209-1556,1,0,0,0,0,0,0,0,0
C72W94BUC_1306-2449-1818-2961,1,0,0,0,0,0,0,0,0
C72W94BUC_1306-5009-1818-5521,1,0,0,0,0,0,0,0,0
C72W94BUC_1818-3985-2330-4497,1,0,0,0,0,0,0,0,0
C72W94BUC_1697-532-2209-1044,1,0,0,0,0,0,0,0,0
C72W94BUC_1818-3473-2330-3985,1,0,0,0,0,0,0,0,0
C72W94BUC_1818-4497-2330-5009,1,0,0,0,0,0,0,0,0
C72W94BUC_1818-5521-2330-6033,1,0,0,0,0,0,0,0,0
C72W94BUC_1818-6033-2330-6545,1,0,0,0,0,0,0,0,0
C72W94BUC_1818-6545-2330-7057,1,0,0,0,0,0,0,0,0
C72W94BUC_2070-6094-2582-6606,1,0,0,0,0,0,0,0,0
C72W94BUC_2070-7118-2582-7630,1,0,0,0,0,0,0,0,0
C72W94BUC_2209-532-2721-1044,1,0,0,0,0,0,0,0,0
C72W94BUC_2070-4046-2582-4558,1,0,0,0,0,0,0,0,0
C72W94BUC_2070-6606-2582-7118,1,0,0,0,0,0,0,0,0
C72W94BUC_2070-4558-2582-5070,1,0,0,0,0,0,0,0,0
C72W94BUC_2070-5070-2582-5582,1,0,0,0,0,0,0,0,0
C72W94BUC_2330-4497-2842-5009,1,0,0,0,0,0,0,0,0
C72W94BUC_2070-974-2582-1486,1,0,0,0,0,0,0,0,0
C72W94BUC_2330-3985-2842-4497,1,0,0,0,0,0,0,0,0
C72W94BUC_2330-5009-2842-5521,1,0,0,0,0,0,0,0,0
C72W94BUC_2330-7057-2842-7569,1,0,0,0,0,0,0,0,0
C72W94BUC_2330-5521-2842-6033,1,0,0,0,0,0,0,0,0
C72W94BUC_2330-6033-2842-6545,1,0,0,0,0,0,0,0,0
C72W94BUC_2359-7476-2871-7988,1,0,0,0,0,0,0,0,0
C72W94BUC_2359-7988-2871-8500,1,0,0,0,0,0,0,0,0
C72W94BUC_2582-4046-3094-4558,1,0,0,0,0,0,0,0,0
C72W94BUC_2359-8500-2871-9012,1,0,0,0,0,0,0,0,0
C72W94BUC_2582-6094-3094-6606,1,0,0,0,0,0,0,0,0
C72W94BUC_2582-6606-3094-7118,1,0,0,0,0,0,0,0,0
C72W94BUC_2582-5582-3094-6094,1,0,0,0,0,0,0,0,0
C72W94BUC_2582-7118-3094-7630,1,0,0,0,0,0,0,0,0
C72W94BUC_2842-7057-3354-7569,1,0,0,0,0,0,0,0,0
C72W94BUC_2842-3985-3354-4497,1,0,0,0,0,0,0,0,0
C72W94BUC_2842-6545-3354-7057,1,0,0,0,0,0,0,0,0
C72W94BUC_2842-6033-3354-6545,1,0,0,0,0,0,0,0,0
C72W94BUC_2721-532-3233-1044,1,0,0,0,0,0,0,0,0
C72W94BUC_2842-5521-3354-6033,1,0,0,0,0,0,0,0,0
C72W94BUC_2582-974-3094-1486,1,0,0,0,0,0,0,0,0
C72W94BUC_2871-7476-3383-7988,1,0,0,0,0,0,0,0,0
C72W94BUC_2871-7988-3383-8500,1,0,0,0,0,0,0,0,0
C72W94BUC_2871-8500-3383-9012,1,0,0,0,0,0,0,0,0
C72W94BUC_2871-9012-3383-9524,1,0,0,0,0,0,0,0,0
C72W94BUC_2871-9524-3383-10036,1,0,0,0,0,0,0,0,0
C72W94BUC_3094-4046-3606-4558,1,0,0,0,0,0,0,0,0
C72W94BUC_3094-974-3606-1486,1,0,0,0,0,0,0,0,0
C72W94BUC_3094-5582-3606-6094,1,0,0,0,0,0,0,0,0
C72W94BUC_3094-6606-3606-7118,1,0,0,0,0,0,0,0,0
C72W94BUC_3233-532-3745-1044,1,0,0,0,0,0,0,0,0
C72W94BUC_3383-10036-3895-10548,1,0,0,0,0,0,0,0,0
C72W94BUC_3383-7988-3895-8500,1,0,0,0,0,0,0,0,0
C72W94BUC_3383-10548-3895-11060,1,0,0,0,0,0,0,0,0
C72W94BUC_3094-7118-3606-7630,1,0,0,0,0,0,0,0,0
C72W94BUC_3383-11060-3895-11572,1,0,0,0,0,0,0,0,0
C72W94BUC_3383-9012-3895-9524,1,0,0,0,0,0,0,0,0
C72W94BUC_3383-8500-3895-9012,1,0,0,0,0,0,0,0,0
C72W94BUC_3606-4046-4118-4558,1,0,0,0,0,0,0,0,0
C72W94BUC_3606-5582-4118-6094,1,0,0,0,0,0,0,0,0
C72W94BUC_3606-6606-4118-7118,1,0,0,0,0,0,0,0,0
C72W94BUC_3606-7118-4118-7630,1,0,0,0,0,0,0,0,0
C72W94BUC_3606-974-4118-1486,1,0,0,0,0,0,0,0,0
C72W94BUC_3745-532-4257-1044,1,0,0,0,0,0,0,0,0
C72W94BUC_3895-10036-4407-10548,1,0,0,0,0,0,0,0,0
C72W94BUC_3829-6945-4341-7457,1,0,0,0,0,0,0,0,0
C72W94BUC_3895-9524-4407-10036,1,0,0,0,0,0,0,0,0
C72W94BUC_3895-10548-4407-11060,1,0,0,0,0,0,0,0,0
C72W94BUC_4118-4046-4630-4558,1,0,0,0,0,0,0,0,0
C72W94BUC_3829-6433-4341-6945,1,0,0,0,0,0,0,0,0
C72W94BUC_3895-11572-4407-12084,1,0,0,0,0,0,0,0,0
C72W94BUC_4118-5070-4630-5582,1,0,0,0,0,0,0,0,0
C72W94BUC_3829-7457-4341-7969,1,0,0,0,0,0,0,0,0
C72W94BUC_4118-5582-4630-6094,1,0,0,0,0,0,0,0,0
C72W94BUC_4118-6606-4630-7118,1,0,0,0,0,0,0,0,0
C72W94BUC_4118-7118-4630-7630,1,0,0,0,0,0,0,0,0
C72W94BUC_4118-974-4630-1486,1,0,0,0,0,0,0,0,0
C72W94BUC_4257-532-4769-1044,1,0,0,0,0,0,0,0,0
C72W94BUC_4407-10036-4919-10548,1,0,0,0,0,0,0,0,0
C72W94BUC_4407-13108-4919-13620,1,0,0,0,0,0,0,0,0
C72W94BUC_4407-11060-4919-11572,1,0,0,0,0,0,0,0,0
C72W94BUC_4407-12084-4919-12596,1,0,0,0,0,0,0,0,0
C72W94BUC_4630-4046-5142-4558,1,0,0,0,0,0,0,0,0
C72W94BUC_4407-13620-4919-14132,1,0,0,0,0,0,0,0,0
C72W94BUC_4533-11635-5045-12147,1,0,0,0,0,0,0,0,0
C72W94BUC_4407-9524-4919-10036,1,0,0,0,0,0,0,0,0
C72W94BUC_4407-14132-4919-14644,1,0,0,0,0,0,0,0,0
C72W94BUC_4630-5070-5142-5582,1,0,0,0,0,0,0,0,0
C72W94BUC_4533-12659-5045-13171,1,0,0,0,0,0,0,0,0
C72W94BUC_4769-532-5281-1044,1,0,0,0,0,0,0,0,0
C72W94BUC_4630-4558-5142-5070,1,0,0,0,0,0,0,0,0
C72W94BUC_4630-5582-5142-6094,1,0,0,0,0,0,0,0,0
C72W94BUC_4630-974-5142-1486,1,0,0,0,0,0,0,0,0
C72W94BUC_4919-11572-5431-12084,1,0,0,0,0,0,0,0,0
C72W94BUC_4919-12596-5431-13108,1,0,0,0,0,0,0,0,0
C72W94BUC_4919-13108-5431-13620,1,0,0,0,0,0,0,0,0
C72W94BUC_4919-13620-5431-14132,1,0,0,0,0,0,0,0,0
C72W94BUC_4919-15156-5431-15668,1,0,0,0,0,0,0,0,0
C72W94BUC_4919-15668-5431-16180,1,0,0,0,0,0,0,0,0
C72W94BUC_4919-14644-5431-15156,1,0,0,0,0,0,0,0,0
C72W94BUC_5142-3534-5654-4046,1,0,0,0,0,0,0,0,0
C72W94BUC_5045-10611-5557-11123,1,0,0,0,0,0,0,0,0
C72W94BUC_5045-12147-5557-12659,1,0,0,0,0,0,0,0,0
C72W94BUC_4919-8500-5431-9012,1,0,0,0,0,0,0,0,0
C72W94BUC_5045-11123-5557-11635,1,0,0,0,0,0,0,0,0
C72W94BUC_4919-7988-5431-8500,1,0,0,0,0,0,0,0,0
C72W94BUC_5142-3022-5654-3534,1,0,0,0,0,0,0,0,0
C72W94BUC_5142-4046-5654-4558,1,0,0,0,0,0,0,0,0
C72W94BUC_5142-2510-5654-3022,1,0,0,0,0,0,0,0,0
C72W94BUC_5142-974-5654-1486,1,0,0,0,0,0,0,0,0
C72W94BUC_5142-4558-5654-5070,1,0,0,0,0,0,0,0,0
C72W94BUC_5180-7932-5692-8444,1,0,0,0,0,0,0,0,0
C72W94BUC_5180-8444-5692-8956,1,0,0,0,0,0,0,0,0
C72W94BUC_5281-532-5793-1044,1,0,0,0,0,0,0,0,0
C72W94BUC_5431-12596-5943-13108,1,0,0,0,0,0,0,0,0
C72W94BUC_5388-13916-5900-14428,1,0,0,0,0,0,0,0,0
C72W94BUC_5431-11060-5943-11572,1,0,0,0,0,0,0,0,0
C72W94BUC_5431-12084-5943-12596,1,0,0,0,0,0,0,0,0
C72W94BUC_5654-3022-6166-3534,1,0,0,0,0,0,0,0,0
C72W94BUC_5431-14644-5943-15156,1,0,0,0,0,0,0,0,0
C72W94BUC_5431-15156-5943-15668,1,0,0,0,0,0,0,0,0
C72W94BUC_5431-13620-5943-14132,1,0,0,0,0,0,0,0,0
C72W94BUC_5431-16180-5943-16692,1,0,0,0,0,0,0,0,0
C72W94BUC_5431-8500-5943-9012,1,0,0,0,0,0,0,0,0
C72W94BUC_5431-7988-5943-8500,1,0,0,0,0,0,0,0,0
C72W94BUC_5557-10611-6069-11123,1,0,0,0,0,0,0,0,0
C72W94BUC_5431-15668-5943-16180,1,0,0,0,0,0,0,0,0
C72W94BUC_5654-2510-6166-3022,1,0,0,0,0,0,0,0,0
C72W94BUC_5654-3534-6166-4046,1,0,0,0,0,0,0,0,0
C72W94BUC_5654-4046-6166-4558,1,0,0,0,0,0,0,0,0
C72W94BUC_5654-4558-6166-5070,1,0,0,0,0,0,0,0,0
C72W94BUC_5654-974-6166-1486,1,0,0,0,0,0,0,0,0
C72W94BUC_5705-16667-6217-17179,1,0,0,0,0,0,0,0,0
C72W94BUC_5692-8444-6204-8956,1,0,0,0,0,0,0,0,0
C72W94BUC_5692-7932-6204-8444,1,0,0,0,0,0,0,0,0
C72W94BUC_5793-532-6305-1044,1,0,0,0,0,0,0,0,0
C72W94BUC_5943-10548-6455-11060,1,0,0,0,0,0,0,0,0
C72W94BUC_5943-15668-6455-16180,1,0,0,0,0,0,0,0,0
C72W94BUC_5943-8500-6455-9012,1,0,0,0,0,0,0,0,0
C72W94BUC_6166-4046-6678-4558,1,0,0,0,0,0,0,0,0
C72W94BUC_6069-10099-6581-10611,1,0,0,0,0,0,0,0,0
C72W94BUC_5943-16180-6455-16692,1,0,0,0,0,0,0,0,0
C72W94BUC_6166-4558-6678-5070,1,0,0,0,0,0,0,0,0
C72W94BUC_5943-13620-6455-14132,1,0,0,0,0,0,0,0,0
C72W94BUC_6166-974-6678-1486,1,0,0,0,0,0,0,0,0
C72W94BUC_5943-7988-6455-8500,1,0,0,0,0,0,0,0,0
C72W94BUC_6204-7932-6716-8444,1,0,0,0,0,0,0,0,0
C72W94BUC_6204-8444-6716-8956,1,0,0,0,0,0,0,0,0
C72W94BUC_6217-16667-6729-17179,1,0,0,0,0,0,0,0,0
C72W94BUC_6257-13698-6769-14210,1,0,0,0,0,0,0,0,0
C72W94BUC_6581-10099-7093-10611,1,0,0,0,0,0,0,0,0
C72W94BUC_6257-14210-6769-14722,1,0,0,0,0,0,0,0,0
C72W94BUC_6581-8563-7093-9075,1,0,0,0,0,0,0,0,0
C72W94BUC_6678-4558-7190-5070,1,0,0,0,0,0,0,0,0
C72W94BUC_6305-532-6817-1044,1,0,0,0,0,0,0,0,0
C72W94BUC_6581-10611-7093-11123,1,0,0,0,0,0,0,0,0
C72W94BUC_6729-16667-7241-17179,1,0,0,0,0,0,0,0,0
C72W94BUC_673-1044-1185-1556,1,0,0,0,0,0,0,0,0
C72W94BUC_6678-4046-7190-4558,1,0,0,0,0,0,0,0,0
C72W94BUC_673-532-1185-1044,1,0,0,0,0,0,0,0,0
C72W94BUC_6769-14210-7281-14722,1,0,0,0,0,0,0,0,0
C72W94BUC_6678-974-7190-1486,1,0,0,0,0,0,0,0,0
C72W94BUC_6769-13698-7281-14210,1,0,0,0,0,0,0,0,0
C72W94BUC_673-1556-1185-2068,1,0,0,0,0,0,0,0,0
C72W94BUC_6817-532-7329-1044,1,0,0,0,0,0,0,0,0
C72W94BUC_7093-10611-7605-11123,1,0,0,0,0,0,0,0,0
C72W94BUC_7093-10099-7605-10611,1,0,0,0,0,0,0,0,0
C72W94BUC_7281-13186-7793-13698,1,0,0,0,0,0,0,0,0
C72W94BUC_7281-14210-7793-14722,1,0,0,0,0,0,0,0,0
C72W94BUC_7190-6094-7702-6606,1,0,0,0,0,0,0,0,0
C72W94BUC_7241-16667-7753-17179,1,0,0,0,0,0,0,0,0
C72W94BUC_7190-4046-7702-4558,1,0,0,0,0,0,0,0,0
C72W94BUC_7339-5750-7851-6262,1,0,0,0,0,0,0,0,0
C72W94BUC_7190-974-7702-1486,1,0,0,0,0,0,0,0,0
C72W94BUC_7329-532-7841-1044,1,0,0,0,0,0,0,0,0
C72W94BUC_7582-15612-8094-16124,1,0,0,0,0,0,0,0,0
C72W94BUC_7281-13698-7793-14210,1,0,0,0,0,0,0,0,0
C72W94BUC_7582-16124-8094-16636,1,0,0,0,0,0,0,0,0
C72W94BUC_7605-10099-8117-10611,1,0,0,0,0,0,0,0,0
C72W94BUC_7605-9587-8117-10099,1,0,0,0,0,0,0,0,0
C72W94BUC_7702-4046-8214-4558,1,0,0,0,0,0,0,0,0
C72W94BUC_7702-974-8214-1486,1,0,0,0,0,0,0,0,0
C72W94BUC_7753-16667-8265-17179,1,0,0,0,0,0,0,0,0
C72W94BUC_7793-11138-8305-11650,1,0,0,0,0,0,0,0,0
C72W94BUC_7793-11650-8305-12162,1,0,0,0,0,0,0,0,0
C72W94BUC_7793-14210-8305-14722,1,0,0,0,0,0,0,0,0
C72W94BUC_7851-5750-8363-6262,1,0,0,0,0,0,0,0,0
C72W94BUC_7841-532-8353-1044,1,0,0,0,0,0,0,0,0
C72W94BUC_7905-15876-8417-16388,1,0,0,0,0,0,0,0,0
C72W94BUC_7851-6774-8363-7286,1,0,0,0,0,0,0,0,0
C72W94BUC_7793-14722-8305-15234,1,0,0,0,0,0,0,0,0
C72W94BUC_7793-12674-8305-13186,1,0,0,0,0,0,0,0,0
C72W94BUC_7793-13186-8305-13698,1,0,0,0,0,0,0,0,0
C72W94BUC_7905-16388-8417-16900,1,0,0,0,0,0,0,0,0
C72W94BUC_7851-6262-8363-6774,1,0,0,0,0,0,0,0,0
C72W94BUC_794-1937-1306-2449,1,0,0,0,0,0,0,0,0
C72W94BUC_794-3473-1306-3985,1,0,0,0,0,0,0,0,0
C72W94BUC_794-2961-1306-3473,1,0,0,0,0,0,0,0,0
C72W94BUC_794-2449-1306-2961,1,0,0,0,0,0,0,0,0
C72W94BUC_8094-15612-8606-16124,1,0,0,0,0,0,0,0,0
C72W94BUC_8117-11123-8629-11635,1,0,0,0,0,0,0,0,0
C72W94BUC_8094-16124-8606-16636,1,0,0,0,0,0,0,0,0
C72W94BUC_8117-10099-8629-10611,1,0,0,0,0,0,0,0,0
C72W94BUC_8117-9587-8629-10099,1,0,0,0,0,0,0,0,0
C72W94BUC_8214-4046-8726-4558,1,0,0,0,0,0,0,0,0
C72W94BUC_8214-3022-8726-3534,1,0,0,0,0,0,0,0,0
C72W94BUC_8214-974-8726-1486,1,0,0,0,0,0,0,0,0
C72W94BUC_8214-3534-8726-4046,1,0,0,0,0,0,0,0,0
C72W94BUC_8214-6606-8726-7118,1,0,0,0,0,0,0,0,0
C72W94BUC_8305-11650-8817-12162,1,0,0,0,0,0,0,0,0
C72W94BUC_8265-16667-8777-17179,1,0,0,0,0,0,0,0,0
C72W94BUC_8214-4558-8726-5070,1,0,0,0,0,0,0,0,0
C72W94BUC_8214-6094-8726-6606,1,0,0,0,0,0,0,0,0
C72W94BUC_8305-14210-8817-14722,1,0,0,0,0,0,0,0,0
C72W94BUC_8305-12674-8817-13186,1,0,0,0,0,0,0,0,0
C72W94BUC_8305-12162-8817-12674,1,0,0,0,0,0,0,0,0
C72W94BUC_8305-13698-8817-14210,1,0,0,0,0,0,0,0,0
C72W94BUC_8305-14722-8817-15234,1,0,0,0,0,0,0,0,0
C72W94BUC_8417-15876-8929-16388,1,0,0,0,0,0,0,0,0
C72W94BUC_8629-11123-9141-11635,1,0,0,0,0,0,0,0,0
C72W94BUC_8629-12659-9141-13171,1,0,0,0,0,0,0,0,0
C72W94BUC_8417-16388-8929-16900,1,0,0,0,0,0,0,0,0
C72W94BUC_8353-532-8865-1044,1,0,0,0,0,0,0,0,0
C72W94BUC_8363-5750-8875-6262,1,0,0,0,0,0,0,0,0
C72W94BUC_8606-16124-9118-16636,1,0,0,0,0,0,0,0,0
C72W94BUC_8606-15612-9118-16124,1,0,0,0,0,0,0,0,0
C72W94BUC_8629-10099-9141-10611,1,0,0,0,0,0,0,0,0
C72W94BUC_8629-9075-9141-9587,1,0,0,0,0,0,0,0,0
C72W94BUC_8726-2510-9238-3022,1,0,0,0,0,0,0,0,0
C72W94BUC_8726-1998-9238-2510,1,0,0,0,0,0,0,0,0
C72W94BUC_8629-9587-9141-10099,1,0,0,0,0,0,0,0,0
C72W94BUC_8726-3022-9238-3534,1,0,0,0,0,0,0,0,0
C72W94BUC_8777-16667-9289-17179,1,0,0,0,0,0,0,0,0
C72W94BUC_8726-5070-9238-5582,1,0,0,0,0,0,0,0,0
C72W94BUC_8726-4558-9238-5070,1,0,0,0,0,0,0,0,0
C72W94BUC_8726-974-9238-1486,1,0,0,0,0,0,0,0,0
C72W94BUC_8817-11650-9329-12162,1,0,0,0,0,0,0,0,0
C72W94BUC_8865-1556-9377-2068,1,0,0,0,0,0,0,0,0
C72W94BUC_8817-13186-9329-13698,1,0,0,0,0,0,0,0,0
C72W94BUC_8865-532-9377-1044,1,0,0,0,0,0,0,0,0
C72W94BUC_9122-2106-9634-2618,1,0,0,0,0,0,0,0,0
C72W94BUC_9122-3130-9634-3642,1,0,0,0,0,0,0,0,0
C72W94BUC_8929-16388-9441-16900,1,0,0,0,0,0,0,0,0
C72W94BUC_8817-12162-9329-12674,1,0,0,0,0,0,0,0,0
C72W94BUC_9141-11635-9653-12147,1,0,0,0,0,0,0,0,0
C72W94BUC_9141-12147-9653-12659,1,0,0,0,0,0,0,0,0
C72W94BUC_9141-10099-9653-10611,1,0,0,0,0,0,0,0,0
C72W94BUC_9238-3534-9750-4046,1,0,0,0,0,0,0,0,0
C72W94BUC_9238-4046-9750-4558,1,0,0,0,0,0,0,0,0
C72W94BUC_9238-5582-9750-6094,1,0,0,0,0,0,0,0,0
C72W94BUC_9281-2488-9793-3000,1,0,0,0,0,0,0,0,0
C72W94BUC_9238-5070-9750-5582,1,0,0,0,0,0,0,0,0
C72W94BUC_9281-1464-9793-1976,1,0,0,0,0,0,0,0,0
C72W94BUC_9281-440-9793-952,1,0,0,0,0,0,0,0,0
C72W94BUC_9400-6510-9912-7022,1,0,0,0,0,0,0,0,0
C72W94BUC_9281-8632-9793-9144,1,0,0,0,0,0,0,0,0
C72W94BUC_9400-7534-9912-8046,1,0,0,0,0,0,0,0,0
C72W94BUC_9281-952-9793-1464,1,0,0,0,0,0,0,0,0
C72W94BUC_9400-4462-9912-4974,1,0,0,0,0,0,0,0,0
C72W94BUC_9400-5998-9912-6510,1,0,0,0,0,0,0,0,0
C72W94BUC_9653-11123-10165-11635,1,0,0,0,0,0,0,0,0
C72W94BUC_9400-7022-9912-7534,1,0,0,0,0,0,0,0,0
C72W94BUC_9289-16667-9801-17179,1,0,0,0,0,0,0,0,0
C72W94BUC_9400-8046-9912-8558,1,0,0,0,0,0,0,0,0
C72W94BUC_9653-10099-10165-10611,1,0,0,0,0,0,0,0,0
C72W94BUC_9653-11635-10165-12147,1,0,0,0,0,0,0,0,0
C72W94BUC_9653-12147-10165-12659,1,0,0,0,0,0,0,0,0
C72W94BUC_9793-1464-10305-1976,1,0,0,0,0,0,0,0,0
C72W94BUC_9653-9075-10165-9587,1,0,0,0,0,0,0,0,0
C72W94BUC_9653-9587-10165-10099,1,0,0,0,0,0,0,0,0
C72W94BUC_9653-12659-10165-13171,1,0,0,0,0,0,0,0,0
C72W94BUC_9793-1976-10305-2488,1,0,0,0,0,0,0,0,0
C72W94BUC_9793-952-10305-1464,1,0,0,0,0,0,0,0,0
C72W94BUC_9793-8632-10305-9144,1,0,0,0,0,0,0,0,0
C72W94BUC_9793-2488-10305-3000,1,0,0,0,0,0,0,0,0
C72W94BUC_9801-16667-10313-17179,1,0,0,0,0,0,0,0,0
C72W94BUC_9793-5560-10305-6072,1,0,0,0,0,0,0,0,0
C72W94BUC_9903-11805-10415-12317,1,0,0,0,0,0,0,0,0
C72W94BUC_9793-8120-10305-8632,1,0,0,0,0,0,0,0,0
C72W94BUC_9903-10269-10415-10781,1,0,0,0,0,0,0,0,0
C72W94BUC_9903-11293-10415-11805,1,0,0,0,0,0,0,0,0
C72W94BUC_9888-10673-10400-11185,1,0,0,0,0,0,0,0,0
C72W94BUC_9793-440-10305-952,1,0,0,0,0,0,0,0,0
C72W94BUC_9903-12317-10415-12829,1,0,0,0,0,0,0,0,0
C72W94BUC_9903-12829-10415-13341,1,0,0,0,0,0,0,0,0
C72W94BUC_9903-13853-10415-14365,1,0,0,0,0,0,0,0,0
C72W94BUC_9903-13341-10415-13853,1,0,0,0,0,0,0,0,0
C72W94BUC_9903-14877-10415-15389,1,0,0,0,0,0,0,0,0
C72W94BUC_9903-14365-10415-14877,1,0,0,0,0,0,0,0,0
C72W94BUC_9903-15389-10415-15901,1,0,0,0,0,0,0,0,0
C72W94BUC_9903-15901-10415-16413,1,0,0,0,0,0,0,0,0
C7E97NCQC_1375-4029-1887-4541,0,0,0,1,0,0,0,0,0
C7E97NCQC_2911-3005-3423-3517,0,0,0,1,0,0,0,0,0
C72W94BUC_9903-16413-10415-16925,1,0,0,0,0,0,0,0,0
C7E97NCQC_2911-3517-3423-4029,0,0,0,1,0,0,0,0,0
C7E97NCQC_3184-3352-3696-3864,0,0,0,1,0,0,0,0,0
C7E97NCQC_2399-3005-2911-3517,0,0,0,1,0,0,0,0,0
C7E97NCQC_2911-4029-3423-4541,0,0,0,1,0,0,0,0,0
C7E97NCQC_1887-3517-2399-4029,0,0,0,1,0,0,0,0,0
C7E97NCQC_3144-3619-3656-4131,0,0,0,1,0,0,0,0,0
C7E97NCQC_2399-4029-2911-4541,0,0,0,1,0,0,0,0,0
C7T79GUYC_1305-635-1817-1147,0,1,0,0,0,0,0,0,0
C7T79GUYC_1460-3487-1972-3999,0,1,0,0,0,0,0,0,0
C7T79GUYC_2185-1173-2697-1685,0,1,0,0,0,0,0,0,0
C7T79GUYC_1970-1924-2482-2436,0,1,0,0,0,0,0,0,0
C7T79GUYC_1460-2975-1972-3487,0,1,0,0,0,0,0,0,0
C7T79GUYC_2185-661-2697-1173,0,1,0,0,0,0,0,0,0
C7T79GUYC_2381-2244-2893-2756,0,1,0,0,0,0,0,0,0
C7T79GUYC_2846-3791-3358-4303,0,1,0,0,0,0,0,0,0
C7T79GUYC_2836-1351-3348-1863,0,1,0,0,0,0,0,0,0
C7T79GUYC_2836-1863-3348-2375,0,1,0,0,0,0,0,0,0
C7T79GUYC_2836-2375-3348-2887,0,1,0,0,0,0,0,0,0
C7T79GUYC_948-3487-1460-3999,0,1,0,0,0,0,0,0,0
C7T79GUYC_948-2975-1460-3487,0,1,0,0,0,0,0,0,0
C7T79GUYC_967-1366-1479-1878,0,1,0,0,0,0,0,0,0
C7T79GUYC_2846-4303-3358-4815,0,1,0,0,0,0,0,0,0
C8IW72N96_3309-4600-3821-5112,0,0,0,0,0,0,0,0,1
C8IW72N96_3357-2741-3869-3253,0,0,0,0,0,0,0,0,1
C8IW72N96_3334-3709-3846-4221,0,0,0,0,0,0,0,0,1
C8IW72N96_3703-3456-4215-3968,0,0,0,0,0,0,0,0,1
C8IW72N96_3559-1971-4071-2483,0,0,0,0,0,0,0,0,1
C8IW72N96_3441-6426-3953-6938,0,0,0,0,0,0,0,0,1
C8IW72N96_3959-7724-4471-8236,0,0,0,0,0,0,0,0,1
C8IW72N96_3819-5986-4331-6498,0,0,0,0,0,0,0,0,1
C8IW72N96_3938-1683-4450-2195,0,0,0,0,0,0,0,0,1
C8IW72N96_4025-5340-4537-5852,0,0,0,0,0,0,0,0,1
C8IW72N96_4409-4509-4921-5021,0,0,0,0,0,0,0,0,1
C8IW72N96_4351-6544-4863-7056,0,0,0,0,0,0,0,0,1
C91NWQN41_11007-5342-11519-5854,0,0,0,0,0,0,1,0,0
C91NWQN41_11519-5854-12031-6366,0,0,0,0,0,0,1,0,0
C8IW72N96_4147-781-4659-1293,0,0,0,0,0,0,0,0,1
C91NWQN41_11007-5854-11519-6366,0,0,0,0,0,0,1,0,0
C91NWQN41_3621-4414-4133-4926,1,0,0,0,0,0,0,0,0
C91NWQN41_3250-5543-3762-6055,1,0,0,0,0,0,0,0,0
C91NWQN41_10495-5342-11007-5854,0,0,0,0,0,0,1,0,0
C8IW72N96_4429-3801-4941-4313,0,0,0,0,0,0,0,0,1
C9M1VDPPG_12350-2353-12862-2865,0,1,0,0,0,0,0,0,0
C9M1VDPPG_12862-1329-13374-1841,0,1,0,0,0,0,0,0,0
C9M1VDPPG_12862-1841-13374-2353,0,1,0,0,0,0,0,0,0
C9M1VDPPG_1345-481-1857-993,0,1,0,0,0,0,0,0,0
C9M1VDPPG_12350-2865-12862-3377,0,1,0,0,0,0,0,0,0
C9M1VDPPG_12862-2353-13374-2865,0,1,0,0,0,0,0,0,0
C9M1VDPPG_12862-2865-13374-3377,0,1,0,0,0,0,0,0,0
C9M1VDPPG_1345-993-1857-1505,0,1,0,0,0,0,0,0,0
C9M1VDPPG_14573-2913-15085-3425,0,1,0,0,0,0,0,0,0
C9M1VDPPG_16387-3161-16899-3673,0,1,0,0,0,0,0,0,0
C9M1VDPPG_15875-3673-16387-4185,0,1,0,0,0,0,0,0,0
C9M1VDPPG_14061-2913-14573-3425,0,1,0,0,0,0,0,0,0
C9M1VDPPG_1857-1505-2369-2017,0,1,0,0,0,0,0,0,0
C9M1VDPPG_13549-2913-14061-3425,0,1,0,0,0,0,0,0,0
C9M1VDPPG_17083-3006-17595-3518,0,1,0,0,0,0,0,0,0
C9M1VDPPG_15085-2913-15597-3425,0,1,0,0,0,0,0,0,0
C9M1VDPPG_16387-3673-16899-4185,0,1,0,0,0,0,0,0,0
C9M1VDPPG_1857-993-2369-1505,0,1,0,0,0,0,0,0,0
C9M1VDPPG_16899-3161-17411-3673,0,1,0,0,0,0,0,0,0
C9M1VDPPG_2944-1080-3456-1592,0,1,0,0,0,0,0,0,0
C9M1VDPPG_3872-2075-4384-2587,0,1,0,0,0,0,0,0,0
C9M1VDPPG_3456-1592-3968-2104,0,1,0,0,0,0,0,0,0
C9M1VDPPG_3456-1080-3968-1592,0,1,0,0,0,0,0,0,0
C9M1VDPPG_2369-1505-2881-2017,0,1,0,0,0,0,0,0,0
C9M1VDPPG_3872-2587-4384-3099,0,1,0,0,0,0,0,0,0
C9M1VDPPG_4762-2592-5274-3104,0,1,0,0,0,0,0,0,0
C9M1VDPPG_3968-1592-4480-2104,0,1,0,0,0,0,0,0,0
C9M1VDPPG_4762-3104-5274-3616,0,1,0,0,0,0,0,0,0
C9M1VDPPG_4184-2764-4696-3276,0,1,0,0,0,0,0,0,0
C9M1VDPPG_3968-1080-4480-1592,0,1,0,0,0,0,0,0,0
C9M1VDPPG_4384-2075-4896-2587,0,1,0,0,0,0,0,0,0
C9M1VDPPG_5274-3104-5786-3616,0,1,0,0,0,0,0,0,0
C9M1VDPPG_5830-2213-6342-2725,0,1,0,0,0,0,0,0,0
C9M1VDPPG_4384-2587-4896-3099,0,1,0,0,0,0,0,0,0
C9M1VDPPG_5830-4261-6342-4773,0,1,0,0,0,0,0,0,0
C9M1VDPPG_5274-2592-5786-3104,0,1,0,0,0,0,0,0,0
C9M1VDPPG_6342-2725-6854-3237,0,1,0,0,0,0,0,0,0
C9M1VDPPG_6854-3237-7366-3749,0,1,0,0,0,0,0,0,0
C9M1VDPPG_6342-3749-6854-4261,0,1,0,0,0,0,0,0,0
C9M1VDPPG_6342-4261-6854-4773,0,1,0,0,0,0,0,0,0
C9M1VDPPG_6854-2725-7366-3237,0,1,0,0,0,0,0,0,0
C9M1VDPPG_6854-3749-7366-4261,0,1,0,0,0,0,0,0,0
C9M1VDPPG_6854-4261-7366-4773,0,1,0,0,0,0,0,0,0
C9M1VDPPG_8299-1252-8811-1764,0,1,0,0,0,0,0,0,0
C9M1VDPPG_7366-3237-7878-3749,0,1,0,0,0,0,0,0,0
C9M1VDPPG_7153-2667-7665-3179,0,1,0,0,0,0,0,0,0
C9M1VDPPG_7366-3749-7878-4261,0,1,0,0,0,0,0,0,0
C9M1VDPPG_833-481-1345-993,0,1,0,0,0,0,0,0,0
C9M1VDPPG_7878-2213-8390-2725,0,1,0,0,0,0,0,0,0
C9M1VDPPG_7878-2725-8390-3237,0,1,0,0,0,0,0,0,0
C9M1VDPPG_833-993-1345-1505,0,1,0,0,0,0,0,0,0
C9M1VDPPG_7878-3237-8390-3749,0,1,0,0,0,0,0,0,0
C9M1VDPPG_8299-1764-8811-2276,0,1,0,0,0,0,0,0,0
C9M1VDPPG_8491-2068-9003-2580,0,1,0,0,0,0,0,0,0
CA7HW1G6F_3592-5418-4104-5930,0,0,0,0,0,0,1,0,0
CA7HW1G6F_3592-6442-4104-6954,0,0,0,0,0,0,1,0,0
CA7HW1G6F_4104-5930-4616-6442,0,0,0,0,0,0,1,0,0
CA7HW1G6F_4104-6442-4616-6954,0,0,0,0,0,0,1,0,0
CARG1FVE3_1591-313-2103-825,0,0,0,0,0,1,0,0,0
CA7HW1G6F_3592-5930-4104-6442,0,0,0,0,0,0,1,0,0
CARG1FVE3_236-310-748-822,0,0,0,0,0,1,0,0,0
CB77QWWG8_1354-3211-1866-3723,0,0,0,1,0,0,0,0,0
CARG1FVE3_2730-3265-3242-3777,0,0,1,0,0,1,0,0,0
CB71JT7R7_4709-2641-5221-3153,0,0,0,0,0,0,0,0,1
CARG1FVE3_2719-2820-3231-3332,0,0,0,0,0,1,0,0,0
CARG1FVE3_2821-5328-3333-5840,0,0,0,0,0,1,0,0,0
CARG1FVE3_241-5350-753-5862,0,0,0,0,0,1,0,0,0
CB77QWWG8_1354-4235-1866-4747,0,0,0,1,0,0,0,0,0
CB77QWWG8_1354-4747-1866-5259,0,0,0,1,0,0,0,0,0
CB77QWWG8_1354-5259-1866-5771,0,0,0,1,0,0,0,0,0
CB77QWWG8_1354-3723-1866-4235,0,0,0,1,0,0,0,0,0
CB77QWWG8_1354-5771-1866-6283,0,0,0,1,0,0,0,0,0
CB77QWWG8_1354-6283-1866-6795,0,0,0,1,0,0,0,0,0
CB77QWWG8_1354-6795-1866-7307,0,0,0,1,0,0,0,0,0
CB77QWWG8_1354-7819-1866-8331,0,0,0,1,0,0,0,0,0
CB77QWWG8_1866-3723-2378-4235,0,0,0,1,0,0,0,0,0
CB77QWWG8_1866-3211-2378-3723,0,0,0,1,0,0,0,0,0
CB77QWWG8_1354-7307-1866-7819,0,0,0,1,0,0,0,0,0
CB77QWWG8_1866-5259-2378-5771,0,0,0,1,0,0,0,0,0
CB77QWWG8_2802-3131-3314-3643,0,0,0,1,0,0,0,0,0
CB77QWWG8_2758-5792-3270-6304,0,0,0,1,0,0,0,0,0
CB77QWWG8_3104-7121-3616-7633,0,0,0,1,0,0,0,0,0
CB77QWWG8_1898-4860-2410-5372,0,0,0,1,0,0,0,0,0
CB77QWWG8_2802-2619-3314-3131,0,0,0,1,0,0,0,0,0
CB77QWWG8_2758-5280-3270-5792,0,0,0,1,0,0,0,0,0
CB77QWWG8_3195-1594-3707-2106,0,0,0,1,0,0,0,0,0
CB77QWWG8_3104-7633-3616-8145,0,0,0,1,0,0,0,0,0
CB77QWWG8_2242-2925-2754-3437,0,0,0,1,0,0,0,0,0
CB77QWWG8_3195-2106-3707-2618,0,0,0,1,0,0,0,0,0
CB77QWWG8_330-4747-842-5259,0,0,0,1,0,0,0,0,0
CB77QWWG8_3195-2618-3707-3130,0,0,0,1,0,0,0,0,0
CB77QWWG8_330-5771-842-6283,0,0,0,1,0,0,0,0,0
CB77QWWG8_330-6283-842-6795,0,0,0,1,0,0,0,0,0
CB77QWWG8_330-5259-842-5771,0,0,0,1,0,0,0,0,0
CB77QWWG8_330-6795-842-7307,0,0,0,1,0,0,0,0,0
CB77QWWG8_3707-1594-4219-2106,0,0,0,1,0,0,0,0,0
CB77QWWG8_3707-2106-4219-2618,0,0,0,1,0,0,0,0,0
CB77QWWG8_3818-7193-4330-7705,0,0,0,1,0,0,0,0,0
CB77QWWG8_3818-6169-4330-6681,0,0,0,1,0,0,0,0,0
CB77QWWG8_3818-5657-4330-6169,0,0,0,1,0,0,0,0,0
CB77QWWG8_4203-1053-4715-1565,0,0,0,1,0,0,0,0,0
CB77QWWG8_3818-7705-4330-8217,0,0,0,1,0,0,0,0,0
CB77QWWG8_3818-6681-4330-7193,0,0,0,1,0,0,0,0,0
CB77QWWG8_3707-2618-4219-3130,0,0,0,1,0,0,0,0,0
CB77QWWG8_4203-1565-4715-2077,0,0,0,1,0,0,0,0,0
CB77QWWG8_3707-3130-4219-3642,0,0,0,1,0,0,0,0,0
CB77QWWG8_4203-541-4715-1053,0,0,0,1,0,0,0,0,0
CB77QWWG8_4219-2618-4731-3130,0,0,0,1,0,0,0,0,0
CB77QWWG8_4219-2106-4731-2618,0,0,0,1,0,0,0,0,0
CB77QWWG8_4352-7314-4864-7826,0,0,0,1,0,0,0,0,0
CB77QWWG8_4352-6802-4864-7314,0,0,0,1,0,0,0,0,0
CB77QWWG8_4219-3642-4731-4154,0,0,0,1,0,0,0,0,0
CB77QWWG8_4219-3130-4731-3642,0,0,0,1,0,0,0,0,0
CB77QWWG8_4352-7826-4864-8338,0,0,0,1,0,0,0,0,0
CB77QWWG8_842-4235-1354-4747,0,0,0,1,0,0,0,0,0
CB77QWWG8_4715-1565-5227-2077,0,0,0,1,0,0,0,0,0
CB77QWWG8_4715-541-5227-1053,0,0,0,1,0,0,0,0,0
CB77QWWG8_4576-3734-5088-4246,0,0,0,1,0,0,0,0,0
CB77QWWG8_4576-4246-5088-4758,0,0,0,1,0,0,0,0,0
CB77QWWG8_842-5771-1354-6283,0,0,0,1,0,0,0,0,0
CB77QWWG8_4715-1053-5227-1565,0,0,0,1,0,0,0,0,0
CB77QWWG8_842-3723-1354-4235,0,0,0,1,0,0,0,0,0
CB77QWWG8_4576-4758-5088-5270,0,0,0,1,0,0,0,0,0
CB77QWWG8_842-5259-1354-5771,0,0,0,1,0,0,0,0,0
CB77QWWG8_842-7307-1354-7819,0,0,0,1,0,0,0,0,0
CB77QWWG8_842-6795-1354-7307,0,0,0,1,0,0,0,0,0
CB77QWWG8_842-7819-1354-8331,0,0,0,1,0,0,0,0,0
CBNRRDZ6G_2225-830-2737-1342,0,0,0,0,0,0,0,0,1
CBNRRDZ6G_1576-1145-2088-1657,0,0,0,0,0,0,0,0,1
CBNRRDZ6G_2442-1416-2954-1928,0,0,0,0,0,0,0,0,1
CBNRRDZ6G_2128-1585-2640-2097,0,0,0,0,0,0,0,0,1
CBNRRDZ6G_2915-1141-3427-1653,0,0,0,0,0,0,0,0,1
CBP6VRX4X_4952-2149-5464-2661,0,0,0,0,0,0,0,0,1
CBP6VRX4X_4894-4441-5406-4953,0,0,0,0,0,0,0,0,1
CC3ZL88J3_10162-2101-10674-2613,0,1,0,0,0,0,0,0,0
CBP6VRX4X_5406-4441-5918-4953,0,0,0,0,0,0,0,0,1
CBNRRDZ6G_4047-2895-4559-3407,0,0,0,0,0,0,0,0,1
CC3ZL88J3_10094-3699-10606-4211,0,1,0,0,0,0,0,0,0
CBNRRDZ6G_807-1990-1319-2502,0,0,0,0,0,0,0,0,1
CBP6VRX4X_4000-2165-4512-2677,0,0,0,0,0,0,0,0,1
CC3ZL88J3_10162-1077-10674-1589,0,1,0,0,0,0,0,0,0
CBNRRDZ6G_4047-2383-4559-2895,0,0,0,0,0,0,0,0,1
CC3ZL88J3_10162-3125-10674-3637,0,1,0,0,0,0,0,0,0
CC3ZL88J3_10674-2101-11186-2613,0,1,0,0,0,0,0,0,0
CC3ZL88J3_10162-2613-10674-3125,0,1,0,0,0,0,0,0,0
CC3ZL88J3_10674-1077-11186-1589,0,1,0,0,0,0,0,0,0
CC3ZL88J3_10674-1589-11186-2101,0,1,0,0,0,0,0,0,0
CC3ZL88J3_10674-3125-11186-3637,0,1,0,0,0,0,0,0,0
CC3ZL88J3_10674-2613-11186-3125,0,1,0,0,0,0,0,0,0
CC3ZL88J3_10674-565-11186-1077,0,1,0,0,0,0,0,0,0
CC3ZL88J3_1664-4217-2176-4729,0,1,0,0,0,0,0,0,0
CC3ZL88J3_1191-2155-1703-2667,0,1,0,0,0,0,0,0,0
CC3ZL88J3_1309-4227-1821-4739,0,1,0,0,0,0,0,0,0
CC3ZL88J3_3254-4444-3766-4956,0,1,0,0,0,0,0,0,0
CC3ZL88J3_1205-686-1717-1198,0,1,0,0,0,0,0,0,0
CC3ZL88J3_3582-1055-4094-1567,0,1,0,0,0,0,0,0,0
CC3ZL88J3_1703-2155-2215-2667,0,1,0,0,0,0,0,0,0
CC3ZL88J3_2742-4444-3254-4956,0,1,0,0,0,0,0,0,0
CC3ZL88J3_4094-1055-4606-1567,0,1,0,0,0,0,0,0,0
CC3ZL88J3_3684-2639-4196-3151,0,1,0,0,0,0,0,0,0
CC3ZL88J3_4896-1464-5408-1976,0,1,0,0,0,0,0,0,0
CC3ZL88J3_5463-989-5975-1501,0,1,0,0,0,0,0,0,0
CC3ZL88J3_5463-1501-5975-2013,0,1,0,0,0,0,0,0,0
CC3ZL88J3_4384-1464-4896-1976,0,1,0,0,0,0,0,0,0
CC3ZL88J3_5927-4391-6439-4903,0,1,0,0,0,0,0,0,0
CC3ZL88J3_5975-1501-6487-2013,0,1,0,0,0,0,0,0,0
CC3ZL88J3_5975-989-6487-1501,0,1,0,0,0,0,0,0,0
CC3ZL88J3_7167-1453-7679-1965,0,1,0,0,0,0,0,0,0
CC3ZL88J3_7167-2989-7679-3501,0,1,0,0,0,0,0,0,0
CC3ZL88J3_6169-3155-6681-3667,0,1,0,0,0,0,0,0,0
CC3ZL88J3_7167-2477-7679-2989,0,1,0,0,0,0,0,0,0
CC3ZL88J3_6655-2989-7167-3501,0,1,0,0,0,0,0,0,0
CC3ZL88J3_6655-1965-7167-2477,0,1,0,0,0,0,0,0,0
CC3ZL88J3_6655-2477-7167-2989,0,1,0,0,0,0,0,0,0
CC3ZL88J3_6978-3581-7490-4093,0,1,0,0,0,0,0,0,0
CC3ZL88J3_6655-1453-7167-1965,0,1,0,0,0,0,0,0,0
CC3ZL88J3_7167-1965-7679-2477,0,1,0,0,0,0,0,0,0
CC3ZL88J3_7490-3581-8002-4093,0,1,0,0,0,0,0,0,0
CC3ZL88J3_7673-4479-8185-4991,0,1,0,0,0,0,0,0,0
CC3ZL88J3_7534-2163-8046-2675,0,1,0,0,0,0,0,0,0
CC3ZL88J3_7896-3316-8408-3828,0,1,0,0,0,0,0,0,0
CC3ZL88J3_7534-3187-8046-3699,0,1,0,0,0,0,0,0,0
CC3ZL88J3_8046-2163-8558-2675,0,1,0,0,0,0,0,0,0
CC3ZL88J3_8046-3699-8558-4211,0,1,0,0,0,0,0,0,0
CC3ZL88J3_8185-3455-8697-3967,0,1,0,0,0,0,0,0,0
CC3ZL88J3_8185-3967-8697-4479,0,1,0,0,0,0,0,0,0
CC3ZL88J3_8185-4479-8697-4991,0,1,0,0,0,0,0,0,0
CC3ZL88J3_8558-2163-9070-2675,0,1,0,0,0,0,0,0,0
CC3ZL88J3_8558-2675-9070-3187,0,1,0,0,0,0,0,0,0
CC3ZL88J3_8558-3699-9070-4211,0,1,0,0,0,0,0,0,0
CC3ZL88J3_8534-1348-9046-1860,0,1,0,0,0,0,0,0,0
CC3ZL88J3_8558-3187-9070-3699,0,1,0,0,0,0,0,0,0
CC3ZL88J3_9070-3187-9582-3699,0,1,0,0,0,0,0,0,0
CC3ZL88J3_8697-3455-9209-3967,0,1,0,0,0,0,0,0,0
CC3ZL88J3_9070-3699-9582-4211,0,1,0,0,0,0,0,0,0
CC3ZL88J3_9582-3187-10094-3699,0,1,0,0,0,0,0,0,0
CC3ZL88J3_9582-3699-10094-4211,0,1,0,0,0,0,0,0,0
CCRNATNX4_4279-3691-4791-4203,0,0,0,0,0,0,1,0,0
CCRNATNX4_4279-4203-4791-4715,0,0,0,0,0,0,1,0,0
CCRNATNX4_4791-3691-5303-4203,0,0,0,0,0,0,1,0,0
CCRNATNX4_4948-3250-5460-3762,0,0,0,0,0,0,1,0,0
CCRNATNX4_4791-4203-5303-4715,0,0,0,0,0,0,1,0,0
CCRNATNX4_4791-4715-5303-5227,0,0,0,0,0,0,1,0,0
CCRNATNX4_5221-5235-5733-5747,0,0,0,0,0,0,1,0,0
CCRNATNX4_5954-4956-6466-5468,0,0,0,0,0,0,1,0,0
CCRNATNX4_7619-2826-8131-3338,0,0,0,0,0,0,1,0,0
CCRNATNX4_5954-5468-6466-5980,0,0,0,0,0,0,1,0,0
CCRNATNX4_8065-1965-8577-2477,0,0,0,0,0,0,1,0,0
CCRNATNX4_8065-1453-8577-1965,0,0,0,0,0,0,1,0,0
CCRNATNX4_7663-2542-8175-3054,0,0,0,0,0,0,1,0,0
CDFIHH1UC_1007-15771-1519-16283,0,0,1,0,0,0,0,0,0
CCRNATNX4_5057-4933-5569-5445,0,0,0,0,0,0,1,0,0
CDFIHH1UC_1209-15388-1721-15900,0,0,1,0,0,0,0,0,0
CDFIHH1UC_1244-15684-1756-16196,0,0,1,0,0,0,0,0,0
CDFIHH1UC_1220-13519-1732-14031,0,0,1,0,0,0,0,0,0
CDFIHH1UC_1732-13519-2244-14031,0,0,1,0,0,0,0,0,0
CDFIHH1UC_1815-15747-2327-16259,0,0,1,0,0,0,0,0,0
CDFIHH1UC_1911-14594-2423-15106,0,0,1,0,0,0,0,0,0
CDFIHH1UC_2329-12172-2841-12684,0,0,1,1,0,0,0,0,0
CDFIHH1UC_2261-14888-2773-15400,0,0,1,0,0,0,0,0,0
CDFIHH1UC_2413-11353-2925-11865,0,0,0,1,0,0,0,0,0
CDFIHH1UC_2413-11865-2925-12377,0,0,0,1,0,0,0,0,0
CDFIHH1UC_2925-12377-3437-12889,0,0,0,1,0,0,0,0,0
CDFIHH1UC_2949-16129-3461-16641,0,0,0,1,0,0,0,0,0
CDFIHH1UC_3461-16129-3973-16641,0,0,0,1,0,0,0,0,0
CDFIHH1UC_3120-11034-3632-11546,0,0,1,0,0,0,0,0,0
CDFIHH1UC_297-15880-809-16392,0,0,1,0,0,0,0,0,0
CDFIHH1UC_2925-11865-3437-12377,0,0,0,1,0,0,0,0,0
CDFIHH1UC_3437-11865-3949-12377,0,0,0,1,0,0,0,0,0
CDFIHH1UC_3825-3085-4337-3597,0,0,0,1,0,0,0,0,0
CDFIHH1UC_3825-3597-4337-4109,0,0,0,1,0,0,0,0,0
CDFIHH1UC_3825-4109-4337-4621,0,0,0,1,0,0,0,0,0
CDFIHH1UC_3949-11353-4461-11865,0,0,1,1,0,0,0,0,0
CDFIHH1UC_3949-11865-4461-12377,0,0,0,1,0,0,0,0,0
CDFIHH1UC_4232-11175-4744-11687,0,0,1,1,0,0,0,0,0
CDFIHH1UC_3949-13401-4461-13913,0,0,0,1,0,0,0,0,0
CDFIHH1UC_4337-3597-4849-4109,0,0,0,1,0,0,0,0,0
CDFIHH1UC_4337-4109-4849-4621,0,0,0,1,0,0,0,0,0
CDFIHH1UC_4337-3085-4849-3597,0,0,0,1,0,0,0,0,0
CDFIHH1UC_4461-11353-4973-11865,0,0,1,1,0,0,0,0,0
CDFIHH1UC_4461-12889-4973-13401,0,0,0,1,0,0,0,0,0
CDFIHH1UC_5085-11995-5597-12507,0,0,0,1,0,0,0,0,0
CDFIHH1UC_4849-4109-5361-4621,0,0,0,1,0,0,0,0,0
CDFIHH1UC_4849-3597-5361-4109,0,0,0,1,0,0,0,0,0
CDFIHH1UC_5085-11483-5597-11995,0,0,0,1,0,0,0,0,0
CDFIHH1UC_5085-10971-5597-11483,0,0,0,1,0,0,0,0,0
CDFIHH1UC_4973-12889-5485-13401,0,0,0,1,0,0,0,0,0
CDFIHH1UC_4744-11175-5256-11687,0,0,1,1,0,0,0,0,0
CDFIHH1UC_5597-10971-6109-11483,0,0,0,1,0,0,0,0,0
CDFIHH1UC_5597-11995-6109-12507,0,0,0,1,0,0,0,0,0
CDFIHH1UC_5597-11483-6109-11995,0,0,0,1,0,0,0,0,0
CDFIHH1UC_5866-1524-6378-2036,0,0,0,1,0,0,0,0,0
CDFIHH1UC_6109-11995-6621-12507,0,0,0,1,0,0,0,0,0
CDFIHH1UC_6378-1524-6890-2036,0,0,0,1,0,0,0,0,0
CDFIHH1UC_6378-2036-6890-2548,0,0,0,1,0,0,0,0,0
CDFIHH1UC_6554-9830-7066-10342,0,0,0,1,0,0,0,0,0
CDFIHH1UC_6554-10342-7066-10854,0,0,0,1,0,0,0,0,0
CDFIHH1UC_6890-2036-7402-2548,0,0,0,1,0,0,0,0,0
CDFIHH1UC_7066-10854-7578-11366,0,0,0,1,0,0,0,0,0
CDFIHH1UC_6890-2548-7402-3060,0,0,0,1,0,0,0,0,0
CDFIHH1UC_659-16029-1171-16541,0,0,1,0,0,0,0,0,0
CDFIHH1UC_6890-1524-7402-2036,0,0,0,1,0,0,0,0,0
CDFIHH1UC_7402-1524-7914-2036,0,0,0,1,0,0,0,0,0
CDFIHH1UC_7402-2036-7914-2548,0,0,0,1,0,0,0,0,0
CDFIHH1UC_6621-11995-7133-12507,0,0,0,1,0,0,0,0,0
CDFIHH1UC_7402-2548-7914-3060,0,0,0,1,0,0,0,0,0
CDFIHH1UC_7402-4084-7914-4596,0,0,0,1,0,0,0,0,0
CDFIHH1UC_773-13358-1285-13870,0,0,1,0,0,0,0,0,0
CDFIHH1UC_7402-3572-7914-4084,0,0,0,1,0,0,0,0,0
CDFIHH1UC_7402-3060-7914-3572,0,0,0,1,0,0,0,0,0
CDFIHH1UC_7914-2036-8426-2548,0,0,0,1,0,0,0,0,0
CDFIHH1UC_7914-2548-8426-3060,0,0,0,1,0,0,0,0,0
CDFIHH1UC_7914-3572-8426-4084,0,0,0,1,0,0,0,0,0
CDFIHH1UC_7914-4084-8426-4596,0,0,0,1,0,0,0,0,0
CDFIHH1UC_7949-4586-8461-5098,0,0,0,1,0,0,0,0,0
CDFIHH1UC_8461-4586-8973-5098,0,0,0,1,0,0,0,0,0
CDFIHH1UC_7949-5610-8461-6122,0,0,0,1,0,0,0,0,0
CDFIHH1UC_7949-5098-8461-5610,0,0,0,1,0,0,0,0,0
CDFIHH1UC_8461-5098-8973-5610,0,0,0,1,0,0,0,0,0
CE81GJNI4_1059-2014-1571-2526,0,0,1,0,0,0,0,0,1
CE81GJNI4_1048-3230-1560-3742,0,0,1,0,0,1,0,0,1
CE81GJNI4_1059-1502-1571-2014,0,0,1,0,0,1,0,0,1
CE81GJNI4_1560-2718-2072-3230,0,0,1,0,0,0,0,0,0
CE81GJNI4_1571-2014-2083-2526,0,0,1,0,0,0,0,0,0
CE81GJNI4_1571-1502-2083-2014,0,0,1,0,0,0,0,0,1
CE81GJNI4_2072-1694-2584-2206,0,0,1,0,0,0,0,0,1
CE81GJNI4_1560-3230-2072-3742,0,0,1,0,0,1,0,0,1
CE81GJNI4_2072-3230-2584-3742,0,0,1,0,0,1,0,0,1
CE81GJNI4_2563-1285-3075-1797,0,0,1,0,0,0,0,0,0
CE81GJNI4_2083-2014-2595-2526,0,0,1,0,0,0,0,0,0
CE81GJNI4_3096-1694-3608-2206,0,0,1,0,0,0,0,0,0
CE81GJNI4_2584-3230-3096-3742,0,0,1,0,0,0,0,0,0
CE81GJNI4_547-1502-1059-2014,0,0,1,0,0,0,0,0,0
CEDGLUU4U_1195-6547-1707-7059,0,0,1,0,0,0,0,0,0
CE81GJNI4_3096-3230-3608-3742,0,0,1,0,0,0,0,0,0
CEDGLUU4U_1200-4627-1712-5139,0,0,1,0,0,0,0,0,0
CEDGLUU4U_1361-3723-1873-4235,0,0,1,0,0,0,0,0,0
CE81GJNI4_547-2014-1059-2526,0,0,1,0,0,0,0,0,1
CEDGLUU4U_1005-6183-1517-6695,0,0,1,0,0,0,0,0,0
CEDGLUU4U_1200-5139-1712-5651,0,0,1,0,0,0,0,0,0
CEDGLUU4U_1549-3570-2061-4082,0,0,1,0,0,0,0,0,0
CEDGLUU4U_1749-5579-2261-6091,0,0,1,0,0,0,0,0,0
CEDGLUU4U_1767-4152-2279-4664,0,0,1,0,0,0,0,0,0
CEDGLUU4U_1639-2514-2151-3026,0,0,1,0,0,0,0,0,0
CEDGLUU4U_1593-1041-2105-1553,0,0,1,0,0,0,0,0,0
CEDGLUU4U_1639-3026-2151-3538,0,0,1,0,0,0,0,0,0
CEDGLUU4U_1767-4664-2279-5176,0,0,1,0,0,0,0,0,0
CEDGLUU4U_1768-6004-2280-6516,0,0,1,0,0,0,0,0,0
CEDGLUU4U_1799-2223-2311-2735,0,0,1,0,0,0,0,0,0
CEDGLUU4U_1769-1437-2281-1949,0,0,1,0,0,0,0,0,0
CEDGLUU4U_1799-2735-2311-3247,0,0,1,0,0,0,0,0,0
CEDGLUU4U_2706-5205-3218-5717,0,0,1,0,0,0,0,0,0
CEDGLUU4U_3003-2873-3515-3385,0,0,1,0,0,0,0,0,0
CEDGLUU4U_2706-4693-3218-5205,0,0,1,0,0,0,0,0,0
CEDGLUU4U_1802-3451-2314-3963,0,0,1,0,0,0,0,0,0
CEDGLUU4U_3003-2361-3515-2873,0,0,1,0,0,0,0,0,0
CEDGLUU4U_3062-4736-3574-5248,0,0,1,0,0,0,0,0,0
CEDGLUU4U_3064-3823-3576-4335,0,0,1,0,0,0,0,0,0
CEDGLUU4U_3277-4874-3789-5386,0,0,1,0,0,0,0,0,0
CEDGLUU4U_3515-1849-4027-2361,0,0,1,0,0,0,0,0,0
CEDGLUU4U_3309-4341-3821-4853,0,0,1,0,0,0,0,0,0
CEDGLUU4U_3504-4755-4016-5267,0,0,1,0,0,0,0,0,0
CEDGLUU4U_3515-1337-4027-1849,0,0,1,0,0,0,0,0,0
CEDGLUU4U_3515-2361-4027-2873,0,0,1,0,0,0,0,0,0
CEDGLUU4U_3515-2873-4027-3385,0,0,1,0,0,0,0,0,0
CEDGLUU4U_3758-3253-4270-3765,0,0,1,0,0,0,0,0,0
CEDGLUU4U_3745-1133-4257-1645,0,0,1,0,0,0,0,0,0
CEDGLUU4U_3782-5075-4294-5587,0,0,1,0,0,0,0,0,0
CEDGLUU4U_3938-4807-4450-5319,0,0,1,0,0,0,0,0,0
CEDGLUU4U_3976-4524-4488-5036,0,0,1,0,0,0,0,0,0
CEDGLUU4U_3970-908-4482-1420,0,0,1,0,0,0,0,0,0
CEDGLUU4U_4027-1849-4539-2361,0,0,1,0,0,0,0,0,0
CEDGLUU4U_4027-2361-4539-2873,0,0,1,0,0,0,0,0,0
CEDGLUU4U_4027-2873-4539-3385,0,0,1,0,0,0,0,0,0
CEDGLUU4U_4240-3655-4752-4167,0,0,1,0,0,0,0,0,0
CEDGLUU4U_4369-1628-4881-2140,0,0,1,0,0,0,0,0,0
CEDGLUU4U_4369-2140-4881-2652,0,0,1,0,0,0,0,0,0
CEDGLUU4U_4369-2652-4881-3164,0,0,1,0,0,0,0,0,0
CEDGLUU4U_4340-741-4852-1253,0,0,1,0,0,0,0,0,0
CEDGLUU4U_4349-3048-4861-3560,0,0,1,0,0,0,0,0,0
CEDGLUU4U_4369-1116-4881-1628,0,0,1,0,0,0,0,0,0
CEDGLUU4U_4422-3490-4934-4002,0,0,1,0,0,0,0,0,0
CEDGLUU4U_4422-4514-4934-5026,0,0,1,0,0,0,0,0,0
CEDGLUU4U_4752-3143-5264-3655,0,0,1,0,0,0,0,0,0
CEDGLUU4U_4703-888-5215-1400,0,0,1,0,0,0,0,0,0
CEDGLUU4U_4752-3655-5264-4167,0,0,1,0,0,0,0,0,0
CEDGLUU4U_4610-4047-5122-4559,0,0,1,0,0,0,0,0,0
CEDGLUU4U_5072-2063-5584-2575,0,0,1,0,0,0,0,0,0
CEDGLUU4U_4919-2756-5431-3268,0,0,1,0,0,0,0,0,0
CEDGLUU4U_4881-1116-5393-1628,0,0,1,0,0,0,0,0,0
CEDGLUU4U_4881-1628-5393-2140,0,0,1,0,0,0,0,0,0
CEDGLUU4U_5082-942-5594-1454,0,0,1,0,0,0,0,0,0
CEDGLUU4U_5146-2646-5658-3158,0,0,1,0,0,0,0,0,0
CEDGLUU4U_5164-1334-5676-1846,0,0,1,0,0,0,0,0,0
CEDGLUU4U_5431-2756-5943-3268,0,0,1,0,0,0,0,0,0
CEDGLUU4U_5262-2284-5774-2796,0,0,1,0,0,0,0,0,0
CEDGLUU4U_5377-1947-5889-2459,0,0,1,0,0,0,0,0,0
CEDGLUU4U_5365-1065-5877-1577,0,0,1,0,0,0,0,0,0
CEDGLUU4U_5365-1577-5877-2089,0,0,1,0,0,0,0,0,0
CEDGLUU4U_892-4000-1404-4512,0,0,1,0,0,0,0,0,0
CEIVVFQBP_1482-532-1994-1044,1,0,0,0,0,0,0,0,0
CEDGLUU4U_5431-3268-5943-3780,0,0,1,0,0,0,0,0,0
CEDGLUU4U_811-6416-1323-6928,0,0,1,0,0,0,0,0,0
CEIVVFQBP_1482-1044-1994-1556,1,0,0,0,0,0,0,0,0
CEIVVFQBP_1994-1044-2506-1556,1,0,0,0,0,0,0,0,0
CEIVVFQBP_1994-532-2506-1044,1,0,0,0,0,0,0,0,0
CEIVVFQBP_4893-2296-5405-2808,1,0,0,0,0,0,0,0,0
CEIVVFQBP_4893-2808-5405-3320,1,0,0,0,0,0,0,0,0
CEIVVFQBP_5130-1447-5642-1959,1,0,0,0,0,0,0,0,0
CEIVVFQBP_5233-1189-5745-1701,1,0,0,0,0,0,0,0,0
CEIVVFQBP_5130-1959-5642-2471,1,0,0,0,0,0,0,0,0
CEIVVFQBP_5642-1959-6154-2471,1,0,0,0,0,0,0,0,0
CEIVVFQBP_5233-677-5745-1189,1,0,0,0,0,0,0,0,0
CEIVVFQBP_5405-2808-5917-3320,1,0,0,0,0,0,0,0,0
CEIVVFQBP_5405-2296-5917-2808,1,0,0,0,0,0,0,0,0
CEIVVFQBP_5646-1460-6158-1972,1,0,0,0,0,0,0,0,0
CEIVVFQBP_5646-436-6158-948,1,0,0,0,0,0,0,0,0
CEK6CVXQL_10081-6204-10593-6716,1,0,0,0,0,0,0,0,0
CEIVVFQBP_5646-948-6158-1460,1,0,0,0,0,0,0,0,0
CEIVVFQBP_6158-436-6670-948,1,0,0,0,0,0,0,0,0
CEIVVFQBP_6158-948-6670-1460,1,0,0,0,0,0,0,0,0
CEIVVFQBP_6158-1460-6670-1972,1,0,0,0,0,0,0,0,0
CEK6CVXQL_10495-638-11007-1150,1,0,0,0,0,0,0,0,0
CEK6CVXQL_10495-2686-11007-3198,1,0,0,0,0,0,0,0,0
CEK6CVXQL_10593-6204-11105-6716,1,0,0,0,0,0,0,0,0
CEK6CVXQL_1076-1025-1588-1537,1,0,0,0,0,0,0,0,0
CEK6CVXQL_1076-1537-1588-2049,1,0,0,0,0,0,0,0,0
CEK6CVXQL_1096-5951-1608-6463,1,0,0,0,0,0,0,0,0
CEK6CVXQL_1076-2049-1588-2561,1,0,0,0,0,0,0,0,0
CEK6CVXQL_1076-2561-1588-3073,1,0,0,0,0,0,0,0,0
CEK6CVXQL_1076-513-1588-1025,1,0,0,0,0,0,0,0,0
CEK6CVXQL_1096-6975-1608-7487,1,0,0,0,0,0,0,0,0
CEK6CVXQL_1096-7487-1608-7999,1,0,0,0,0,0,0,0,0
CEK6CVXQL_1096-6463-1608-6975,1,0,0,0,0,0,0,0,0
CEK6CVXQL_11007-2686-11519-3198,1,0,0,0,0,0,0,0,0
CEK6CVXQL_11617-6204-12129-6716,1,0,0,0,0,0,0,0,0
CEK6CVXQL_11105-6204-11617-6716,1,0,0,0,0,0,0,0,0
CEK6CVXQL_11519-638-12031-1150,1,0,0,0,0,0,0,0,0
CEK6CVXQL_11519-2686-12031-3198,1,0,0,0,0,0,0,0,0
CEK6CVXQL_11007-638-11519-1150,1,0,0,0,0,0,0,0,0
CEK6CVXQL_12031-638-12543-1150,1,0,0,0,0,0,0,0,0
CEK6CVXQL_12031-2686-12543-3198,1,0,0,0,0,0,0,0,0
CEK6CVXQL_12129-6204-12641-6716,1,0,0,0,0,0,0,0,0
CEK6CVXQL_12543-2686-13055-3198,1,0,0,0,0,0,0,0,0
CEK6CVXQL_12543-638-13055-1150,1,0,0,0,0,0,0,0,0
CEK6CVXQL_13055-638-13567-1150,1,0,0,0,0,0,0,0,0
CEK6CVXQL_13567-638-14079-1150,1,0,0,0,0,0,0,0,0
CEK6CVXQL_13055-2686-13567-3198,1,0,0,0,0,0,0,0,0
CEK6CVXQL_13080-6356-13592-6868,1,0,0,0,0,0,0,0,0
CEK6CVXQL_12641-6204-13153-6716,1,0,0,0,0,0,0,0,0
CEK6CVXQL_13567-2686-14079-3198,1,0,0,0,0,0,0,0,0
CEK6CVXQL_13665-6204-14177-6716,1,0,0,0,0,0,0,0,0
CEK6CVXQL_14079-638-14591-1150,1,0,0,0,0,0,0,0,0
CEK6CVXQL_14591-1150-15103-1662,1,0,0,0,0,0,0,0,0
CEK6CVXQL_14591-638-15103-1150,1,0,0,0,0,0,0,0,0
CEK6CVXQL_14079-2686-14591-3198,1,0,0,0,0,0,0,0,0
CEK6CVXQL_14591-2686-15103-3198,1,0,0,0,0,0,0,0,0
CEK6CVXQL_15103-1150-15615-1662,1,0,0,0,0,0,0,0,0
CEK6CVXQL_15103-2686-15615-3198,1,0,0,0,0,0,0,0,0
CEK6CVXQL_15103-638-15615-1150,1,0,0,0,0,0,0,0,0
CEK6CVXQL_15103-2174-15615-2686,1,0,0,0,0,0,0,0,0
CEK6CVXQL_15615-1150-16127-1662,1,0,0,0,0,0,0,0,0
CEK6CVXQL_15615-638-16127-1150,1,0,0,0,0,0,0,0,0
CEK6CVXQL_15615-2686-16127-3198,1,0,0,0,0,0,0,0,0
CEK6CVXQL_1608-6975-2120-7487,1,0,0,0,0,0,0,0,0
CEK6CVXQL_1608-6463-2120-6975,1,0,0,0,0,0,0,0,0
CEK6CVXQL_1608-7487-2120-7999,1,0,0,0,0,0,0,0,0
CEK6CVXQL_1608-5951-2120-6463,1,0,0,0,0,0,0,0,0
CEK6CVXQL_1588-2561-2100-3073,1,0,0,0,0,0,0,0,0
CEK6CVXQL_16127-1150-16639-1662,1,0,0,0,0,0,0,0,0
CEK6CVXQL_16127-2174-16639-2686,1,0,0,0,0,0,0,0,0
CEK6CVXQL_16639-1150-17151-1662,1,0,0,0,0,0,0,0,0
CEK6CVXQL_16127-2686-16639-3198,1,0,0,0,0,0,0,0,0
CEK6CVXQL_16639-2174-17151-2686,1,0,0,0,0,0,0,0,0
CEK6CVXQL_16639-2686-17151-3198,1,0,0,0,0,0,0,0,0
CEK6CVXQL_16639-638-17151-1150,1,0,0,0,0,0,0,0,0
CEK6CVXQL_17151-2686-17663-3198,1,0,0,0,0,0,0,0,0
CEK6CVXQL_17151-1150-17663-1662,1,0,0,0,0,0,0,0,0
CEK6CVXQL_17151-638-17663-1150,1,0,0,0,0,0,0,0,0
CEK6CVXQL_17663-1150-18175-1662,1,0,0,0,0,0,0,0,0
CEK6CVXQL_17624-2238-18136-2750,1,0,0,0,0,0,0,0,0
CEK6CVXQL_17569-553-18081-1065,1,0,0,0,0,0,0,0,0
CEK6CVXQL_17663-2686-18175-3198,1,0,0,0,0,0,0,0,0
CEK6CVXQL_18175-1150-18687-1662,1,0,0,0,0,0,0,0,0
CEK6CVXQL_18027-3245-18539-3757,1,0,0,0,0,0,0,0,0
CEK6CVXQL_18027-3757-18539-4269,1,0,0,0,0,0,0,0,0
CEK6CVXQL_18175-2686-18687-3198,1,0,0,0,0,0,0,0,0
CEK6CVXQL_18336-3071-18848-3583,1,0,0,0,0,0,0,0,0
CEK6CVXQL_18687-1150-19199-1662,1,0,0,0,0,0,0,0,0
CEK6CVXQL_18539-3245-19051-3757,1,0,0,0,0,0,0,0,0
CEK6CVXQL_18539-3757-19051-4269,1,0,0,0,0,0,0,0,0
CEK6CVXQL_18648-2238-19160-2750,1,0,0,0,0,0,0,0,0
CEK6CVXQL_18687-2686-19199-3198,1,0,0,0,0,0,0,0,0
CEK6CVXQL_18796-3037-19308-3549,1,0,0,0,0,0,0,0,0
CEK6CVXQL_19199-1150-19711-1662,1,0,0,0,0,0,0,0,0
CEK6CVXQL_18848-2047-19360-2559,1,0,0,0,0,0,0,0,0
CEK6CVXQL_19199-2174-19711-2686,1,0,0,0,0,0,0,0,0
CEK6CVXQL_19360-2559-19872-3071,1,0,0,0,0,0,0,0,0
CEK6CVXQL_19711-1662-20223-2174,1,0,0,0,0,0,0,0,0
CEK6CVXQL_19711-1150-20223-1662,1,0,0,0,0,0,0,0,0
CEK6CVXQL_19711-2686-20223-3198,1,0,0,0,0,0,0,0,0
CEK6CVXQL_19972-1564-20484-2076,1,0,0,0,0,0,0,0,0
CEK6CVXQL_19711-2174-20223-2686,1,0,0,0,0,0,0,0,0
CEK6CVXQL_20223-1150-20735-1662,1,0,0,0,0,0,0,0,0
CEK6CVXQL_19972-2076-20484-2588,1,0,0,0,0,0,0,0,0
CEK6CVXQL_20223-1662-20735-2174,1,0,0,0,0,0,0,0,0
CEK6CVXQL_2100-1025-2612-1537,1,0,0,0,0,0,0,0,0
CEK6CVXQL_20484-2076-20996-2588,1,0,0,0,0,0,0,0,0
CEK6CVXQL_20223-2174-20735-2686,1,0,0,0,0,0,0,0,0
CEK6CVXQL_20484-1564-20996-2076,1,0,0,0,0,0,0,0,0
CEK6CVXQL_2120-6463-2632-6975,1,0,0,0,0,0,0,0,0
CEK6CVXQL_21229-736-21741-1248,1,0,0,0,0,0,0,0,0
CEK6CVXQL_2100-2561-2612-3073,1,0,0,0,0,0,0,0,0
CEK6CVXQL_2120-5951-2632-6463,1,0,0,0,0,0,0,0,0
CEK6CVXQL_2358-4203-2870-4715,1,0,0,0,0,0,0,0,0
CEK6CVXQL_2358-4715-2870-5227,1,0,0,0,0,0,0,0,0
CEK6CVXQL_2358-5227-2870-5739,1,0,0,0,0,0,0,0,0
CEK6CVXQL_2612-1025-3124-1537,1,0,0,0,0,0,0,0,0
CEK6CVXQL_2612-513-3124-1025,1,0,0,0,0,0,0,0,0
CEK6CVXQL_2632-5951-3144-6463,1,0,0,0,0,0,0,0,0
CEK6CVXQL_2632-6463-3144-6975,1,0,0,0,0,0,0,0,0
CEK6CVXQL_2815-1150-3327-1662,1,0,0,0,0,0,0,0,0
CEK6CVXQL_2612-2561-3124-3073,1,0,0,0,0,0,0,0,0
CEK6CVXQL_2815-638-3327-1150,1,0,0,0,0,0,0,0,0
CEK6CVXQL_2815-2686-3327-3198,1,0,0,0,0,0,0,0,0
CEK6CVXQL_2870-4203-3382-4715,1,0,0,0,0,0,0,0,0
CEK6CVXQL_2870-5227-3382-5739,1,0,0,0,0,0,0,0,0
CEK6CVXQL_2815-2174-3327-2686,1,0,0,0,0,0,0,0,0
CEK6CVXQL_2870-5739-3382-6251,1,0,0,0,0,0,0,0,0
CEK6CVXQL_3124-1025-3636-1537,1,0,0,0,0,0,0,0,0
CEK6CVXQL_3124-1537-3636-2049,1,0,0,0,0,0,0,0,0
CEK6CVXQL_3124-2049-3636-2561,1,0,0,0,0,0,0,0,0
CEK6CVXQL_3144-5951-3656-6463,1,0,0,0,0,0,0,0,0
CEK6CVXQL_3124-2561-3636-3073,1,0,0,0,0,0,0,0,0
CEK6CVXQL_3327-1150-3839-1662,1,0,0,0,0,0,0,0,0
CEK6CVXQL_3144-6463-3656-6975,1,0,0,0,0,0,0,0,0
CEK6CVXQL_3327-2174-3839-2686,1,0,0,0,0,0,0,0,0
CEK6CVXQL_3382-4203-3894-4715,1,0,0,0,0,0,0,0,0
CEK6CVXQL_3327-638-3839-1150,1,0,0,0,0,0,0,0,0
CEK6CVXQL_3327-1662-3839-2174,1,0,0,0,0,0,0,0,0
CEK6CVXQL_3327-2686-3839-3198,1,0,0,0,0,0,0,0,0
CEK6CVXQL_3636-2049-4148-2561,1,0,0,0,0,0,0,0,0
CEK6CVXQL_3382-5739-3894-6251,1,0,0,0,0,0,0,0,0
CEK6CVXQL_3636-1025-4148-1537,1,0,0,0,0,0,0,0,0
CEK6CVXQL_3636-2561-4148-3073,1,0,0,0,0,0,0,0,0
CEK6CVXQL_3636-513-4148-1025,1,0,0,0,0,0,0,0,0
CEK6CVXQL_3839-1150-4351-1662,1,0,0,0,0,0,0,0,0
CEK6CVXQL_3656-5951-4168-6463,1,0,0,0,0,0,0,0,0
CEK6CVXQL_3656-6463-4168-6975,1,0,0,0,0,0,0,0,0
CEK6CVXQL_3839-2174-4351-2686,1,0,0,0,0,0,0,0,0
CEK6CVXQL_3839-638-4351-1150,1,0,0,0,0,0,0,0,0
CEK6CVXQL_3894-4203-4406-4715,1,0,0,0,0,0,0,0,0
CEK6CVXQL_3839-2686-4351-3198,1,0,0,0,0,0,0,0,0
CEK6CVXQL_3894-5739-4406-6251,1,0,0,0,0,0,0,0,0
CEK6CVXQL_4148-513-4660-1025,1,0,0,0,0,0,0,0,0
CEK6CVXQL_4148-2561-4660-3073,1,0,0,0,0,0,0,0,0
CEK6CVXQL_4148-1025-4660-1537,1,0,0,0,0,0,0,0,0
CEK6CVXQL_4148-2049-4660-2561,1,0,0,0,0,0,0,0,0
CEK6CVXQL_4168-5951-4680-6463,1,0,0,0,0,0,0,0,0
CEK6CVXQL_4351-2174-4863-2686,1,0,0,0,0,0,0,0,0
CEK6CVXQL_4351-638-4863-1150,1,0,0,0,0,0,0,0,0
CEK6CVXQL_4351-1150-4863-1662,1,0,0,0,0,0,0,0,0
CEK6CVXQL_4168-6463-4680-6975,1,0,0,0,0,0,0,0,0
CEK6CVXQL_4351-2686-4863-3198,1,0,0,0,0,0,0,0,0
CEK6CVXQL_4406-5227-4918-5739,1,0,0,0,0,0,0,0,0
CEK6CVXQL_4406-4715-4918-5227,1,0,0,0,0,0,0,0,0
CEK6CVXQL_4406-5739-4918-6251,1,0,0,0,0,0,0,0,0
CEK6CVXQL_4406-4203-4918-4715,1,0,0,0,0,0,0,0,0
CEK6CVXQL_4660-1025-5172-1537,1,0,0,0,0,0,0,0,0
CEK6CVXQL_4660-513-5172-1025,1,0,0,0,0,0,0,0,0
CEK6CVXQL_4660-2561-5172-3073,1,0,0,0,0,0,0,0,0
CEK6CVXQL_4660-2049-5172-2561,1,0,0,0,0,0,0,0,0
CEK6CVXQL_4680-6463-5192-6975,1,0,0,0,0,0,0,0,0
CEK6CVXQL_4680-5951-5192-6463,1,0,0,0,0,0,0,0,0
CEK6CVXQL_4863-1150-5375-1662,1,0,0,0,0,0,0,0,0
CEK6CVXQL_4863-2174-5375-2686,1,0,0,0,0,0,0,0,0
CEK6CVXQL_4863-638-5375-1150,1,0,0,0,0,0,0,0,0
CEK6CVXQL_4863-2686-5375-3198,1,0,0,0,0,0,0,0,0
CEK6CVXQL_5172-2049-5684-2561,1,0,0,0,0,0,0,0,0
CEK6CVXQL_5172-1025-5684-1537,1,0,0,0,0,0,0,0,0
CEK6CVXQL_4918-4203-5430-4715,1,0,0,0,0,0,0,0,0
CEK6CVXQL_4918-4715-5430-5227,1,0,0,0,0,0,0,0,0
CEK6CVXQL_5172-2561-5684-3073,1,0,0,0,0,0,0,0,0
CEK6CVXQL_5192-5951-5704-6463,1,0,0,0,0,0,0,0,0
CEK6CVXQL_5172-513-5684-1025,1,0,0,0,0,0,0,0,0
CEK6CVXQL_5375-2174-5887-2686,1,0,0,0,0,0,0,0,0
CEK6CVXQL_5375-1150-5887-1662,1,0,0,0,0,0,0,0,0
CEK6CVXQL_5192-6463-5704-6975,1,0,0,0,0,0,0,0,0
CEK6CVXQL_5375-2686-5887-3198,1,0,0,0,0,0,0,0,0
CEK6CVXQL_5375-638-5887-1150,1,0,0,0,0,0,0,0,0
CEK6CVXQL_5430-4203-5942-4715,1,0,0,0,0,0,0,0,0
CEK6CVXQL_5684-1025-6196-1537,1,0,0,0,0,0,0,0,0
CEK6CVXQL_5430-3691-5942-4203,1,0,0,0,0,0,0,0,0
CEK6CVXQL_5684-2049-6196-2561,1,0,0,0,0,0,0,0,0
CEK6CVXQL_5684-513-6196-1025,1,0,0,0,0,0,0,0,0
CEK6CVXQL_5684-2561-6196-3073,1,0,0,0,0,0,0,0,0
CEK6CVXQL_5887-1150-6399-1662,1,0,0,0,0,0,0,0,0
CEK6CVXQL_5704-5951-6216-6463,1,0,0,0,0,0,0,0,0
CEK6CVXQL_5704-6463-6216-6975,1,0,0,0,0,0,0,0,0
CEK6CVXQL_5887-2686-6399-3198,1,0,0,0,0,0,0,0,0
CEK6CVXQL_5887-1662-6399-2174,1,0,0,0,0,0,0,0,0
CEK6CVXQL_5887-2174-6399-2686,1,0,0,0,0,0,0,0,0
CEK6CVXQL_5942-3691-6454-4203,1,0,0,0,0,0,0,0,0
CEK6CVXQL_5942-4203-6454-4715,1,0,0,0,0,0,0,0,0
CEK6CVXQL_5887-638-6399-1150,1,0,0,0,0,0,0,0,0
CEK6CVXQL_6196-1025-6708-1537,1,0,0,0,0,0,0,0,0
CEK6CVXQL_6196-2049-6708-2561,1,0,0,0,0,0,0,0,0
CEK6CVXQL_6196-2561-6708-3073,1,0,0,0,0,0,0,0,0
CEK6CVXQL_6216-6463-6728-6975,1,0,0,0,0,0,0,0,0
CEK6CVXQL_6216-5951-6728-6463,1,0,0,0,0,0,0,0,0
CEK6CVXQL_638-6793-1150-7305,1,0,0,0,0,0,0,0,0
CEK6CVXQL_6196-513-6708-1025,1,0,0,0,0,0,0,0,0
CEK6CVXQL_638-7305-1150-7817,1,0,0,0,0,0,0,0,0
CEK6CVXQL_6399-1150-6911-1662,1,0,0,0,0,0,0,0,0
CEK6CVXQL_6399-638-6911-1150,1,0,0,0,0,0,0,0,0
CEK6CVXQL_6399-1662-6911-2174,1,0,0,0,0,0,0,0,0
CEK6CVXQL_6399-2686-6911-3198,1,0,0,0,0,0,0,0,0
CEK6CVXQL_6399-2174-6911-2686,1,0,0,0,0,0,0,0,0
CEK6CVXQL_659-1424-1171-1936,1,0,0,0,0,0,0,0,0
CEK6CVXQL_659-1936-1171-2448,1,0,0,0,0,0,0,0,0
CEK6CVXQL_659-2448-1171-2960,1,0,0,0,0,0,0,0,0
CEK6CVXQL_659-2960-1171-3472,1,0,0,0,0,0,0,0,0
CEK6CVXQL_659-3984-1171-4496,1,0,0,0,0,0,0,0,0
CEK6CVXQL_659-4496-1171-5008,1,0,0,0,0,0,0,0,0
CEK6CVXQL_659-3472-1171-3984,1,0,0,0,0,0,0,0,0
CEK6CVXQL_659-912-1171-1424,1,0,0,0,0,0,0,0,0
CEK6CVXQL_659-6032-1171-6544,1,0,0,0,0,0,0,0,0
CEK6CVXQL_659-5520-1171-6032,1,0,0,0,0,0,0,0,0
CEK6CVXQL_659-5008-1171-5520,1,0,0,0,0,0,0,0,0
CEK6CVXQL_6708-1025-7220-1537,1,0,0,0,0,0,0,0,0
CEK6CVXQL_6708-2561-7220-3073,1,0,0,0,0,0,0,0,0
CEK6CVXQL_6708-2049-7220-2561,1,0,0,0,0,0,0,0,0
CEK6CVXQL_6911-2174-7423-2686,1,0,0,0,0,0,0,0,0
CEK6CVXQL_6911-1662-7423-2174,1,0,0,0,0,0,0,0,0
CEK6CVXQL_6728-5951-7240-6463,1,0,0,0,0,0,0,0,0
CEK6CVXQL_6728-6463-7240-6975,1,0,0,0,0,0,0,0,0
CEK6CVXQL_6911-1150-7423-1662,1,0,0,0,0,0,0,0,0
CEK6CVXQL_6708-513-7220-1025,1,0,0,0,0,0,0,0,0
CEK6CVXQL_7220-2561-7732-3073,1,0,0,0,0,0,0,0,0
CEK6CVXQL_6911-2686-7423-3198,1,0,0,0,0,0,0,0,0
CEK6CVXQL_6911-638-7423-1150,1,0,0,0,0,0,0,0,0
CEK6CVXQL_7220-2049-7732-2561,1,0,0,0,0,0,0,0,0
CEK6CVXQL_7220-1025-7732-1537,1,0,0,0,0,0,0,0,0
CEK6CVXQL_7220-513-7732-1025,1,0,0,0,0,0,0,0,0
CEK6CVXQL_7423-1150-7935-1662,1,0,0,0,0,0,0,0,0
CEK6CVXQL_7240-5951-7752-6463,1,0,0,0,0,0,0,0,0
CEK6CVXQL_7240-6463-7752-6975,1,0,0,0,0,0,0,0,0
CEK6CVXQL_7423-1662-7935-2174,1,0,0,0,0,0,0,0,0
CEK6CVXQL_7423-2686-7935-3198,1,0,0,0,0,0,0,0,0
CEK6CVXQL_7732-513-8244-1025,1,0,0,0,0,0,0,0,0
CEK6CVXQL_7423-2174-7935-2686,1,0,0,0,0,0,0,0,0
CEK6CVXQL_7423-638-7935-1150,1,0,0,0,0,0,0,0,0
CEK6CVXQL_7935-1150-8447-1662,1,0,0,0,0,0,0,0,0
CEK6CVXQL_7732-1025-8244-1537,1,0,0,0,0,0,0,0,0
CEK6CVXQL_7732-2561-8244-3073,1,0,0,0,0,0,0,0,0
CEK6CVXQL_7752-5951-8264-6463,1,0,0,0,0,0,0,0,0
CEK6CVXQL_8244-1025-8756-1537,1,0,0,0,0,0,0,0,0
CEK6CVXQL_7935-2686-8447-3198,1,0,0,0,0,0,0,0,0
CEK6CVXQL_7935-638-8447-1150,1,0,0,0,0,0,0,0,0
CEK6CVXQL_8244-2561-8756-3073,1,0,0,0,0,0,0,0,0
CEK6CVXQL_8244-513-8756-1025,1,0,0,0,0,0,0,0,0
CEK6CVXQL_8447-638-8959-1150,1,0,0,0,0,0,0,0,0
CEK6CVXQL_8447-2686-8959-3198,1,0,0,0,0,0,0,0,0
CEK6CVXQL_8447-1150-8959-1662,1,0,0,0,0,0,0,0,0
CEK6CVXQL_8545-6204-9057-6716,1,0,0,0,0,0,0,0,0
CEK6CVXQL_8591-896-9103-1408,1,0,0,0,0,0,0,0,0
CEK6CVXQL_8959-638-9471-1150,1,0,0,0,0,0,0,0,0
CEK6CVXQL_9057-6204-9569-6716,1,0,0,0,0,0,0,0,0
CEK6CVXQL_8959-2686-9471-3198,1,0,0,0,0,0,0,0,0
CEK6CVXQL_9983-2686-10495-3198,1,0,0,0,0,0,0,0,0
CEK6CVXQL_8959-1150-9471-1662,1,0,0,0,0,0,0,0,0
CEK6CVXQL_9471-2686-9983-3198,1,0,0,0,0,0,0,0,0
CEK6CVXQL_9471-638-9983-1150,1,0,0,0,0,0,0,0,0
CEK6CVXQL_9569-6204-10081-6716,1,0,0,0,0,0,0,0,0
CEK6CVXQL_9983-638-10495-1150,1,0,0,0,0,0,0,0,0
CENB24UL3_10015-480-10527-992,1,0,0,0,0,0,0,0,0
CENB24UL3_10018-1456-10530-1968,1,0,0,0,0,0,0,0,0
CENB24UL3_10018-2480-10530-2992,1,0,0,0,0,0,0,0,0
CENB24UL3_10018-1968-10530-2480,1,0,0,0,0,0,0,0,0
CENB24UL3_10530-2480-11042-2992,1,0,0,0,0,0,0,0,0
CENB24UL3_10527-1504-11039-2016,1,0,0,0,0,0,0,0,0
CENB24UL3_10527-992-11039-1504,1,0,0,0,0,0,0,0,0
CENB24UL3_11042-1456-11554-1968,1,0,0,0,0,0,0,0,0
CENB24UL3_11042-1968-11554-2480,1,0,0,0,0,0,0,0,0
CF3NMU7HX_2777-4972-3289-5484,0,0,0,1,0,0,0,0,0
CENB24UL3_9503-1504-10015-2016,1,0,0,0,0,0,0,0,0
CENB24UL3_9503-480-10015-992,1,0,0,0,0,0,0,0,0
CENB24UL3_9503-992-10015-1504,1,0,0,0,0,0,0,0,0
CENB24UL3_11042-2480-11554-2992,1,0,0,0,0,0,0,0,0
CF3NMU7HX_1572-4055-2084-4567,0,0,0,1,0,0,0,0,0
CF3NMU7HX_2149-3115-2661-3627,0,0,0,1,0,0,0,0,0
CEPXLKUXI_7766-2701-8278-3213,0,0,0,0,0,0,1,0,0
CF3NMU7HX_2805-3586-3317-4098,0,0,0,1,0,0,0,0,0
CF3NMU7HX_2906-3994-3418-4506,0,0,0,1,0,0,0,0,0
CFQ4BCM41_1179-4383-1691-4895,0,0,0,0,0,0,1,0,0
CF3NMU7HX_2906-4506-3418-5018,0,0,0,1,0,0,0,0,0
CF7W2TK1K_8200-3374-8712-3886,0,0,0,0,0,0,0,0,1
CF7W2TK1K_1368-7494-1880-8006,0,0,0,0,0,0,0,0,1
CF7W2TK1K_4613-3992-5125-4504,0,0,0,0,0,0,0,0,1
CF7W2TK1K_6591-8167-7103-8679,0,0,0,0,0,0,0,0,1
CF7W2TK1K_5455-2539-5967-3051,0,0,0,0,0,0,0,0,1
CFQ4BCM41_1353-3582-1865-4094,0,0,0,0,0,0,1,0,0
CFQ4BCM41_1885-1662-2397-2174,0,0,0,0,0,0,1,0,0
CFQ4BCM41_2092-4523-2604-5035,0,0,0,0,0,0,1,0,0
CFQ4BCM41_2092-3499-2604-4011,0,0,0,0,0,0,1,0,0
CFQ4BCM41_2092-4011-2604-4523,0,0,0,0,0,0,1,0,0
CFQ4BCM41_1373-1662-1885-2174,0,0,0,0,0,0,1,0,0
CG1CLP79M_1039-1882-1551-2394,0,0,0,0,0,0,0,0,1
CG1CLP79M_1039-2394-1551-2906,0,0,0,0,0,0,0,0,1
CFQ4BCM41_841-3582-1353-4094,0,0,0,0,0,0,1,0,0
CG1CLP79M_6980-7556-7492-8068,0,0,0,0,0,0,0,0,1
CG1CLP79M_6648-8556-7160-9068,0,0,0,0,0,0,0,0,1
CG1CLP79M_8221-5211-8733-5723,0,0,0,0,0,0,0,0,1
CGZDXTXTC_389-2952-901-3464,0,0,0,1,0,0,0,0,0
CG1CLP79M_980-4997-1492-5509,0,0,0,0,0,0,0,0,1
CG1CLP79M_8221-4699-8733-5211,0,0,0,0,0,0,0,0,1
CG1CLP79M_806-4558-1318-5070,0,0,0,0,0,0,0,0,1
CICPYZK8H_1155-7303-1667-7815,0,0,0,0,0,1,0,0,0
CICPYZK8H_1155-7815-1667-8327,0,0,0,0,0,1,0,0,0
CICPYZK8H_1449-1927-1961-2439,0,0,1,0,0,0,0,0,0
CICPYZK8H_2292-6205-2804-6717,0,0,0,0,0,1,0,0,0
CICPYZK8H_2208-1543-2720-2055,0,0,1,0,0,0,0,0,0
CICPYZK8H_1324-6702-1836-7214,0,0,1,0,0,0,0,0,0
CICPYZK8H_1449-1415-1961-1927,0,0,1,0,0,0,0,0,0
CICPYZK8H_1961-1415-2473-1927,0,0,1,0,0,0,0,0,0
CICPYZK8H_1961-1927-2473-2439,0,0,1,0,0,0,0,0,0
CICPYZK8H_1971-7848-2483-8360,0,0,1,0,0,0,0,0,0
CICPYZK8H_2220-7944-2732-8456,0,0,1,0,0,0,0,0,0
CICPYZK8H_2469-3742-2981-4254,0,0,1,0,0,1,0,0,0
CICPYZK8H_2591-4016-3103-4528,0,0,1,0,0,1,0,0,0
CICPYZK8H_2657-853-3169-1365,0,0,1,0,0,0,0,0,0
CICPYZK8H_2657-341-3169-853,0,0,1,0,0,0,0,0,0
CICPYZK8H_2980-1012-3492-1524,0,0,1,0,0,0,0,0,0
CICPYZK8H_3040-506-3552-1018,0,0,1,0,0,0,0,0,0
CICPYZK8H_3405-2072-3917-2584,0,0,1,0,0,0,0,0,0
CICPYZK8H_3169-853-3681-1365,0,0,1,0,0,0,0,0,0
CICPYZK8H_345-3865-857-4377,0,0,0,0,0,1,0,0,0
CICPYZK8H_3713-8010-4225-8522,0,0,1,0,0,1,0,0,0
CICPYZK8H_4208-377-4720-889,0,0,1,0,0,0,0,0,0
CICPYZK8H_3492-1012-4004-1524,0,0,1,0,0,0,0,0,0
CICPYZK8H_3929-131-4441-643,0,0,1,0,0,0,0,0,0
CICPYZK8H_3689-7736-4201-8248,0,0,1,0,0,1,0,0,0
CICPYZK8H_3894-5841-4406-6353,0,0,0,0,0,1,0,0,0
CICPYZK8H_3771-900-4283-1412,0,0,1,0,0,0,0,0,0
CICPYZK8H_3552-506-4064-1018,0,0,1,0,0,0,0,0,0
CICPYZK8H_4230-7870-4742-8382,0,0,1,0,0,0,0,0,0
CICPYZK8H_4453-478-4965-990,0,0,1,0,0,0,0,0,0
CICPYZK8H_4236-3658-4748-4170,0,0,0,0,0,1,0,0,0
CICPYZK8H_5075-1753-5587-2265,0,0,1,0,0,0,0,0,0
CICPYZK8H_4899-5217-5411-5729,0,0,0,0,0,1,0,0,0
CICPYZK8H_4899-5729-5411-6241,0,0,0,0,0,1,0,0,0
CICPYZK8H_4766-1027-5278-1539,0,0,1,0,0,0,0,0,0
CICPYZK8H_4820-1671-5332-2183,0,0,1,0,0,0,0,0,0
CICPYZK8H_4613-4642-5125-5154,0,0,0,0,0,1,0,0,0
CICPYZK8H_5411-6241-5923-6753,0,0,0,0,0,1,0,0,0
CICPYZK8H_5637-4642-6149-5154,0,0,0,0,0,1,0,0,0
CICPYZK8H_5278-1027-5790-1539,0,0,1,0,0,0,0,0,0
CICPYZK8H_5411-5729-5923-6241,0,0,0,0,0,1,0,0,0
CICPYZK8H_5125-4642-5637-5154,0,0,0,0,0,1,0,0,0
CICPYZK8H_5929-3638-6441-4150,0,0,0,0,0,1,0,0,0
CICPYZK8H_5397-1284-5909-1796,0,0,1,0,0,0,0,0,0
CICPYZK8H_5787-8762-6299-9274,0,0,0,0,0,1,0,0,0
CICPYZK8H_6301-7182-6813-7694,0,0,1,0,0,0,0,0,0
CICPYZK8H_6355-6508-6867-7020,0,0,0,0,0,1,0,0,0
CICPYZK8H_6738-4438-7250-4950,0,0,0,0,0,1,0,0,0
CICPYZK8H_6887-3835-7399-4347,0,0,0,0,0,1,0,0,0
CIEW9BUBN_4445-7518-4957-8030,0,0,0,0,0,0,0,0,1
CICPYZK8H_759-3738-1271-4250,0,0,0,0,0,1,0,0,0
CICPYZK8H_905-4742-1417-5254,0,0,0,0,0,1,0,0,0
CIEW9BUBN_1266-579-1778-1091,0,0,0,0,0,0,0,0,1
CIEW9BUBN_4271-6797-4783-7309,0,0,0,0,0,0,0,0,1
CICPYZK8H_905-4230-1417-4742,0,0,0,0,0,1,0,0,0
CJBCVURMI_2138-2105-2650-2617,0,0,1,0,0,0,0,0,0
CJBCVURMI_2293-1755-2805-2267,0,0,1,0,0,0,0,0,0
CJBCVURMI_1513-5772-2025-6284,0,0,1,0,0,0,0,0,0
CJBCVURMI_2006-4276-2518-4788,0,0,1,0,0,0,0,0,0
CJBCVURMI_2440-1974-2952-2486,0,0,1,0,0,0,0,0,0
CJBCVURMI_1148-5764-1660-6276,0,0,1,0,0,0,0,0,0
CIEW9BUBN_4481-6539-4993-7051,0,0,0,0,0,0,0,0,1
CJBCVURMI_2409-2611-2921-3123,0,0,1,0,0,0,0,0,0
CJBCVURMI_787-3887-1299-4399,0,0,1,0,0,0,0,0,0
CJPFK6CZJ_1084-779-1596-1291,1,0,0,0,0,0,0,0,0
CJPFK6CZJ_1324-2238-1836-2750,1,0,0,0,0,0,0,0,0
CJPFK6CZJ_1324-1726-1836-2238,1,0,0,0,0,0,0,0,0
CJPFK6CZJ_1596-1291-2108-1803,1,0,0,0,0,0,0,0,0
CJPFK6CZJ_1559-2082-2071-2594,1,0,0,0,0,0,0,0,0
CJPFK6CZJ_1596-779-2108-1291,1,0,0,0,0,0,0,0,0
CJPFK6CZJ_1836-1726-2348-2238,1,0,0,0,0,0,0,0,0
CJPFK6CZJ_1559-2594-2071-3106,1,0,0,0,0,0,0,0,0
CJPFK6CZJ_1559-1570-2071-2082,1,0,0,0,0,0,0,0,0
CJPFK6CZJ_2071-2082-2583-2594,1,0,0,0,0,0,0,0,0
CJPFK6CZJ_2071-1058-2583-1570,1,0,0,0,0,0,0,0,0
CJPFK6CZJ_2071-1570-2583-2082,1,0,0,0,0,0,0,0,0
CJPFK6CZJ_1836-2750-2348-3262,1,0,0,0,0,0,0,0,0
CJPFK6CZJ_1836-2238-2348-2750,1,0,0,0,0,0,0,0,0
CJPFK6CZJ_2348-1726-2860-2238,1,0,0,0,0,0,0,0,0
CJPFK6CZJ_2348-2750-2860-3262,1,0,0,0,0,0,0,0,0
CJPFK6CZJ_2583-1058-3095-1570,1,0,0,0,0,0,0,0,0
CJPFK6CZJ_2583-1570-3095-2082,1,0,0,0,0,0,0,0,0
CJPFK6CZJ_2583-2082-3095-2594,1,0,0,0,0,0,0,0,0
CJPFK6CZJ_2583-546-3095-1058,1,0,0,0,0,0,0,0,0
CJPFK6CZJ_2860-1726-3372-2238,1,0,0,0,0,0,0,0,0
CJPFK6CZJ_2583-2594-3095-3106,1,0,0,0,0,0,0,0,0
CJPFK6CZJ_2860-2750-3372-3262,1,0,0,0,0,0,0,0,0
CJPFK6CZJ_2860-2238-3372-2750,1,0,0,0,0,0,0,0,0
CJPFK6CZJ_3073-893-3585-1405,1,0,0,0,0,0,0,0,0
CJPFK6CZJ_3095-2594-3607-3106,1,0,0,0,0,0,0,0,0
CJPFK6CZJ_3095-2082-3607-2594,1,0,0,0,0,0,0,0,0
CJPFK6CZJ_3585-1405-4097-1917,1,0,0,0,0,0,0,0,0
CJPFK6CZJ_4097-1917-4609-2429,1,0,0,0,0,0,0,0,0
CJPFK6CZJ_3585-893-4097-1405,1,0,0,0,0,0,0,0,0
CJPFK6CZJ_3095-546-3607-1058,1,0,0,0,0,0,0,0,0
CJPFK6CZJ_3607-2594-4119-3106,1,0,0,0,0,0,0,0,0
CJPFK6CZJ_4097-1405-4609-1917,1,0,0,0,0,0,0,0,0
CJPFK6CZJ_3607-546-4119-1058,1,0,0,0,0,0,0,0,0
CJPFK6CZJ_4119-2594-4631-3106,1,0,0,0,0,0,0,0,0
CJPFK6CZJ_4119-546-4631-1058,1,0,0,0,0,0,0,0,0
CJPFK6CZJ_4609-1405-5121-1917,1,0,0,0,0,0,0,0,0
CJPFK6CZJ_424-2735-936-3247,1,0,0,0,0,0,0,0,0
CJPFK6CZJ_4609-893-5121-1405,1,0,0,0,0,0,0,0,0
CJPFK6CZJ_4609-381-5121-893,1,0,0,0,0,0,0,0,0
CJPFK6CZJ_572-1803-1084-2315,1,0,0,0,0,0,0,0,0
CJPFK6CZJ_424-2223-936-2735,1,0,0,0,0,0,0,0,0
CJPFK6CZJ_572-1291-1084-1803,1,0,0,0,0,0,0,0,0
CJPFK6CZJ_572-779-1084-1291,1,0,0,0,0,0,0,0,0
CJPFK6CZJ_936-1711-1448-2223,1,0,0,0,0,0,0,0,0
CJUVANNUD_1829-410-2341-922,0,0,0,0,0,1,0,0,0
CJUVANNUD_2116-404-2628-916,0,0,0,0,0,1,0,0,0
CJUVANNUD_1422-375-1934-887,0,0,0,0,0,1,0,0,0
CJUVANNUD_1395-5223-1907-5735,0,0,0,0,0,1,0,0,0
CJUVANNUD_2059-5177-2571-5689,0,0,0,0,0,1,0,0,0
CJPFK6CZJ_936-2735-1448-3247,1,0,0,0,0,0,0,0,0
CJUVANNUD_2472-5127-2984-5639,0,0,0,0,0,1,0,0,0
CJUVANNUD_3162-350-3674-862,0,0,0,0,0,1,0,0,0
CJUVANNUD_3963-5040-4475-5552,0,0,0,0,0,1,0,0,0
CJUVANNUD_3220-5089-3732-5601,0,0,0,0,0,1,0,0,0
CJUVANNUD_3762-359-4274-871,0,0,0,0,0,1,0,0,0
CJUVANNUD_3518-5070-4030-5582,0,0,0,0,0,1,0,0,0
CJUVANNUD_4267-5018-4779-5530,0,0,0,0,0,1,0,0,0
CJUVANNUD_371-5223-883-5735,0,0,0,0,0,1,0,0,0
CJUVANNUD_373-386-885-898,0,0,0,0,0,1,0,0,0
CJUVANNUD_4554-1225-5066-1737,0,0,0,0,0,1,0,0,0
CJUVANNUD_4146-337-4658-849,0,0,0,0,0,1,0,0,0
CJUVANNUD_4431-337-4943-849,0,0,0,0,0,1,0,0,0
CJUVANNUD_838-2479-1350-2991,0,0,0,0,0,1,0,0,0
CJUVANNUD_4573-4998-5085-5510,0,0,0,0,0,1,0,0,0
CJUVANNUD_883-5223-1395-5735,0,0,0,0,0,1,0,0,0
CJUVANNUD_661-385-1173-897,0,0,0,0,0,1,0,0,0
CJUVANNUD_973-379-1485-891,0,0,0,0,0,1,0,0,0
CKYZLHTG4_1014-3815-1526-4327,1,0,0,0,0,0,0,0,0
CKYZLHTG4_1014-4327-1526-4839,1,0,0,0,0,0,0,0,0
CKYZLHTG4_10724-12367-11236-12879,1,0,0,0,0,0,0,0,0
CKYZLHTG4_10737-7021-11249-7533,1,0,0,0,0,0,0,0,0
CKYZLHTG4_11236-11855-11748-12367,1,0,0,0,0,0,0,0,0
CKYZLHTG4_11046-7591-11558-8103,1,0,0,0,0,0,0,0,0
CKYZLHTG4_10724-11855-11236-12367,1,0,0,0,0,0,0,0,0
CKYZLHTG4_11236-12367-11748-12879,1,0,0,0,0,0,0,0,0
CKYZLHTG4_10492-8963-11004-9475,1,0,0,0,0,0,0,0,0
CKYZLHTG4_11236-11343-11748-11855,1,0,0,0,0,0,0,0,0
CKYZLHTG4_1065-6668-1577-7180,1,0,0,0,0,0,0,0,0
CKYZLHTG4_10724-12879-11236-13391,1,0,0,0,0,0,0,0,0
CKYZLHTG4_10737-6509-11249-7021,1,0,0,0,0,0,0,0,0
CKYZLHTG4_11418-7595-11930-8107,1,0,0,0,0,0,0,0,0
CKYZLHTG4_11418-9643-11930-10155,1,0,0,0,0,0,0,0,0
CKYZLHTG4_11418-9131-11930-9643,1,0,0,0,0,0,0,0,0
CKYZLHTG4_11418-10155-11930-10667,1,0,0,0,0,0,0,0,0
CKYZLHTG4_1169-13061-1681-13573,1,0,0,0,0,0,0,0,0
CKYZLHTG4_11727-5167-12239-5679,1,0,0,0,0,0,0,0,0
CKYZLHTG4_11727-5679-12239-6191,1,0,0,0,0,0,0,0,0
CKYZLHTG4_1184-7881-1696-8393,1,0,0,0,0,0,0,0,0
CKYZLHTG4_11727-6191-12239-6703,1,0,0,0,0,0,0,0,0
CKYZLHTG4_1184-8393-1696-8905,1,0,0,0,0,0,0,0,0
CKYZLHTG4_11930-10155-12442-10667,1,0,0,0,0,0,0,0,0
CKYZLHTG4_11748-11343-12260-11855,1,0,0,0,0,0,0,0,0
CKYZLHTG4_11748-11855-12260-12367,1,0,0,0,0,0,0,0,0
CKYZLHTG4_11748-12367-12260-12879,1,0,0,0,0,0,0,0,0
CKYZLHTG4_11930-7083-12442-7595,1,0,0,0,0,0,0,0,0
CKYZLHTG4_11930-10667-12442-11179,1,0,0,0,0,0,0,0,0
CKYZLHTG4_11766-6625-12278-7137,1,0,0,0,0,0,0,0,0
CKYZLHTG4_11748-12879-12260-13391,1,0,0,0,0,0,0,0,0
CKYZLHTG4_11930-7595-12442-8107,1,0,0,0,0,0,0,0,0
CKYZLHTG4_11930-8619-12442-9131,1,0,0,0,0,0,0,0,0
CKYZLHTG4_11930-8107-12442-8619,1,0,0,0,0,0,0,0,0
CKYZLHTG4_11930-9643-12442-10155,1,0,0,0,0,0,0,0,0
CKYZLHTG4_11930-9131-12442-9643,1,0,0,0,0,0,0,0,0
CKYZLHTG4_1206-11049-1718-11561,1,0,0,0,0,0,0,0,0
CKYZLHTG4_1206-11561-1718-12073,1,0,0,0,0,0,0,0,0
CKYZLHTG4_1577-6156-2089-6668,1,0,0,0,0,0,0,0,0
CKYZLHTG4_1577-6668-2089-7180,1,0,0,0,0,0,0,0,0
CKYZLHTG4_1755-1821-2267-2333,1,0,0,0,0,0,0,0,0
CKYZLHTG4_1243-2333-1755-2845,1,0,0,0,0,0,0,0,0
CKYZLHTG4_1372-3973-1884-4485,1,0,0,0,0,0,0,0,0
CKYZLHTG4_1243-1821-1755-2333,1,0,0,0,0,0,0,0,0
CKYZLHTG4_1681-13061-2193-13573,1,0,0,0,0,0,0,0,0
CKYZLHTG4_1755-2333-2267-2845,1,0,0,0,0,0,0,0,0
CKYZLHTG4_1696-8393-2208-8905,1,0,0,0,0,0,0,0,0
CKYZLHTG4_1696-7881-2208-8393,1,0,0,0,0,0,0,0,0
CKYZLHTG4_1884-3973-2396-4485,1,0,0,0,0,0,0,0,0
CKYZLHTG4_2193-13061-2705-13573,1,0,0,0,0,0,0,0,0
CKYZLHTG4_2267-1821-2779-2333,1,0,0,0,0,0,0,0,0
CKYZLHTG4_2267-2333-2779-2845,1,0,0,0,0,0,0,0,0
CKYZLHTG4_2705-13061-3217-13573,1,0,0,0,0,0,0,0,0
CKYZLHTG4_2749-9807-3261-10319,1,0,0,0,0,0,0,0,0
CKYZLHTG4_2779-1821-3291-2333,1,0,0,0,0,0,0,0,0
CKYZLHTG4_3975-5957-4487-6469,1,0,0,0,0,0,0,0,0
CKYZLHTG4_3274-12150-3786-12662,1,0,0,0,0,0,0,0,0
CKYZLHTG4_4271-7432-4783-7944,1,0,0,0,0,0,0,0,0
CKYZLHTG4_3274-11638-3786-12150,1,0,0,0,0,0,0,0,0
CKYZLHTG4_4413-4820-4925-5332,1,0,0,0,0,0,0,0,0
CKYZLHTG4_4487-5957-4999-6469,1,0,0,0,0,0,0,0,0
CKYZLHTG4_3217-13061-3729-13573,1,0,0,0,0,0,0,0,0
CKYZLHTG4_4241-13061-4753-13573,1,0,0,0,0,0,0,0,0
CKYZLHTG4_3786-11638-4298-12150,1,0,0,0,0,0,0,0,0
CKYZLHTG4_4753-13061-5265-13573,1,0,0,0,0,0,0,0,0
CKYZLHTG4_3729-13061-4241-13573,1,0,0,0,0,0,0,0,0
CKYZLHTG4_3786-12150-4298-12662,1,0,0,0,0,0,0,0,0
CKYZLHTG4_4925-4820-5437-5332,1,0,0,0,0,0,0,0,0
CKYZLHTG4_5265-13061-5777-13573,1,0,0,0,0,0,0,0,0
CKYZLHTG4_5159-8602-5671-9114,1,0,0,0,0,0,0,0,0
CKYZLHTG4_4783-7432-5295-7944,1,0,0,0,0,0,0,0,0
CKYZLHTG4_6167-3700-6679-4212,1,0,0,0,0,0,0,0,0
CKYZLHTG4_5777-13061-6289-13573,1,0,0,0,0,0,0,0,0
CKYZLHTG4_6289-13061-6801-13573,1,0,0,0,0,0,0,0,0
CKYZLHTG4_6502-11196-7014-11708,1,0,0,0,0,0,0,0,0
CKYZLHTG4_7795-10204-8307-10716,1,0,0,0,0,0,0,0,0
CKYZLHTG4_6167-3188-6679-3700,1,0,0,0,0,0,0,0,0
CKYZLHTG4_6147-2582-6659-3094,1,0,0,0,0,0,0,0,0
CKYZLHTG4_7277-10039-7789-10551,1,0,0,0,0,0,0,0,0
CKYZLHTG4_8288-11460-8800-11972,1,0,0,0,0,0,0,0,0
CKYZLHTG4_6765-10039-7277-10551,1,0,0,0,0,0,0,0,0
CKYZLHTG4_7943-8657-8455-9169,1,0,0,0,0,0,0,0,0
CKYZLHTG4_6194-2294-6706-2806,1,0,0,0,0,0,0,0,0
CKYZLHTG4_8240-7186-8752-7698,1,0,0,0,0,0,0,0,0
CKYZLHTG4_6308-9879-6820-10391,1,0,0,0,0,0,0,0,0
CKYZLHTG4_8288-11972-8800-12484,1,0,0,0,0,0,0,0,0
CKYZLHTG4_8423-10552-8935-11064,1,0,0,0,0,0,0,0,0
CKYZLHTG4_8800-11460-9312-11972,1,0,0,0,0,0,0,0,0
CKYZLHTG4_8455-8657-8967-9169,1,0,0,0,0,0,0,0,0
CKYZLHTG4_9447-10552-9959-11064,1,0,0,0,0,0,0,0,0
CKYZLHTG4_9312-11972-9824-12484,1,0,0,0,0,0,0,0,0
CKYZLHTG4_969-3090-1481-3602,1,0,0,0,0,0,0,0,0
CKYZLHTG4_9670-7249-10182-7761,1,0,0,0,0,0,0,0,0
CKYZLHTG4_8800-11972-9312-12484,1,0,0,0,0,0,0,0,0
CKYZLHTG4_9158-7249-9670-7761,1,0,0,0,0,0,0,0,0
CKYZLHTG4_969-2578-1481-3090,1,0,0,0,0,0,0,0,0
CL7T7MNHM_10968-3480-11480-3992,0,0,1,0,0,0,0,0,0
CKYZLHTG4_8935-10552-9447-11064,1,0,0,0,0,0,0,0,0
CKYZLHTG4_969-1554-1481-2066,1,0,0,0,0,0,0,0,0
CL7T7MNHM_1853-6498-2365-7010,0,0,1,0,0,0,0,0,0
CKYZLHTG4_969-2066-1481-2578,1,0,0,0,0,0,0,0,0
CL7T7MNHM_1341-6498-1853-7010,0,0,1,0,0,0,0,0,0
CKYZLHTG4_9980-8963-10492-9475,1,0,0,0,0,0,0,0,0
CL7T7MNHM_3210-5450-3722-5962,0,0,1,0,0,0,0,0,0
CL7T7MNHM_2698-5450-3210-5962,0,0,1,0,0,0,0,0,0
CL7T7MNHM_3210-5962-3722-6474,0,0,1,0,0,0,0,0,0
CL7T7MNHM_3722-5962-4234-6474,0,0,1,0,0,0,0,0,0
CL7T7MNHM_5165-5548-5677-6060,0,0,1,0,0,0,0,0,0
CL7T7MNHM_5165-6060-5677-6572,0,0,1,0,0,0,0,0,0
CL7T7MNHM_5677-5548-6189-6060,0,0,1,0,0,0,0,0,0
CL7T7MNHM_5413-6784-5925-7296,0,0,1,0,0,0,0,0,0
CL7T7MNHM_4901-6784-5413-7296,0,0,1,0,0,0,0,0,0
CL7T7MNHM_5959-1345-6471-1857,0,0,1,0,0,0,0,0,0
CL7T7MNHM_5677-6060-6189-6572,0,0,1,0,0,0,0,0,0
CL7T7MNHM_6165-4049-6677-4561,0,0,1,0,0,0,0,0,0
CL7T7MNHM_6165-1826-6677-2338,0,0,1,0,0,0,0,0,0
CL7T7MNHM_5677-6572-6189-7084,0,0,1,0,0,0,0,0,0
CL7T7MNHM_5165-6572-5677-7084,0,0,1,0,0,0,0,0,0
CL7T7MNHM_6165-3025-6677-3537,0,0,1,0,0,0,0,0,0
CL7T7MNHM_6165-2338-6677-2850,0,0,1,0,0,0,0,0,0
CL7T7MNHM_6165-3537-6677-4049,0,0,1,0,0,0,0,0,0
CL7T7MNHM_6189-5036-6701-5548,0,0,1,0,0,0,0,0,0
CL7T7MNHM_6189-4524-6701-5036,0,0,1,0,0,0,0,0,0
CL7T7MNHM_6189-5548-6701-6060,0,0,1,0,0,0,0,0,0
CL7T7MNHM_6286-2722-6798-3234,0,0,1,0,0,0,0,0,0
CL7T7MNHM_6677-3025-7189-3537,0,0,1,0,0,0,0,0,0
CL7T7MNHM_6471-1857-6983-2369,0,0,1,0,0,0,0,0,0
CL7T7MNHM_7189-3537-7701-4049,0,0,1,0,0,0,0,0,0
CL7T7MNHM_6517-1465-7029-1977,0,0,1,0,0,0,0,0,0
CL7T7MNHM_6677-4049-7189-4561,0,0,1,0,0,0,0,0,0
CL7T7MNHM_6677-2338-7189-2850,0,0,1,0,0,0,0,0,0
CL7T7MNHM_6668-605-7180-1117,0,0,1,0,0,0,0,0,0
CL7T7MNHM_6544-829-7056-1341,0,0,1,0,0,0,0,0,0
CL7T7MNHM_7189-3025-7701-3537,0,0,1,0,0,0,0,0,0
CL7T7MNHM_6768-1286-7280-1798,0,0,1,0,0,0,0,0,0
CL7T7MNHM_7059-526-7571-1038,0,0,1,0,0,0,0,0,0
CL7T7MNHM_7059-1038-7571-1550,0,0,1,0,0,0,0,0,0
CL7T7MNHM_7096-1316-7608-1828,0,0,1,0,0,0,0,0,0
CL7T7MNHM_7560-3382-8072-3894,0,0,1,0,0,0,0,0,0
CL7T7MNHM_7571-1038-8083-1550,0,0,1,0,0,0,0,0,0
CL7T7MNHM_7608-1316-8120-1828,0,0,1,0,0,0,0,0,0
CL7T7MNHM_7782-630-8294-1142,0,0,1,0,0,0,0,0,0
CL7T7MNHM_7893-1772-8405-2284,0,0,1,0,0,0,0,0,0
CL7T7MNHM_8083-1038-8595-1550,0,0,1,0,0,0,0,0,0
CL7T7MNHM_8964-1571-9476-2083,0,0,1,0,0,0,0,0,0
CL7T7MNHM_8405-1772-8917-2284,0,0,1,0,0,0,0,0,0
CL7T7MNHM_8806-1142-9318-1654,0,0,1,0,0,0,0,0,0
CL8UKI2PG_1016-5949-1528-6461,0,0,0,0,0,1,0,0,0
CL7T7MNHM_8083-526-8595-1038,0,0,1,0,0,0,0,0,0
CL7T7MNHM_8055-2460-8567-2972,0,0,1,0,0,0,0,0,0
CL7T7MNHM_8405-1260-8917-1772,0,0,1,0,0,0,0,0,0
CL8UKI2PG_1016-6341-1528-6853,0,0,0,0,0,1,0,0,0
CL8UKI2PG_1021-3642-1533-4154,0,0,0,0,0,1,0,0,0
CL7T7MNHM_8964-2083-9476-2595,0,0,1,0,0,0,0,0,0
CL8UKI2PG_1009-6736-1521-7248,0,0,0,0,0,1,0,0,0
CL8UKI2PG_1028-5396-1540-5908,0,0,0,0,0,1,0,0,0
CL8UKI2PG_1029-4970-1541-5482,0,0,0,0,0,1,0,0,0
CL8UKI2PG_1040-4581-1552-5093,0,0,0,0,0,1,0,0,0
CL8UKI2PG_1032-4201-1544-4713,0,0,0,0,0,1,0,0,0
CL8UKI2PG_1053-2835-1565-3347,0,0,0,0,0,1,0,0,0
CL8UKI2PG_1079-1248-1591-1760,0,0,0,0,0,1,0,0,0
CL8UKI2PG_1086-895-1598-1407,0,0,0,0,0,1,0,0,0
CL8UKI2PG_11021-8284-11533-8796,0,0,0,0,0,1,0,0,0
CL8UKI2PG_11012-7380-11524-7892,0,0,0,0,0,1,0,0,0
CL8UKI2PG_1076-1575-1588-2087,0,0,0,0,0,1,0,0,0
CL8UKI2PG_11028-6617-11540-7129,0,0,0,0,0,1,0,0,0
CL8UKI2PG_1056-2337-1568-2849,0,0,0,0,0,1,0,0,0
CL8UKI2PG_11023-6997-11535-7509,0,0,0,0,0,1,0,0,0
CL8UKI2PG_11045-6233-11557-6745,0,0,0,0,0,1,0,0,0
CL8UKI2PG_11048-5863-11560-6375,0,0,0,0,0,1,0,0,0
CL8UKI2PG_11054-5386-11566-5898,0,0,0,0,0,1,0,0,0
CL8UKI2PG_11001-7757-11513-8269,0,0,0,0,0,1,0,0,0
CL8UKI2PG_11069-4916-11581-5428,0,0,0,0,0,1,0,0,0
CL8UKI2PG_11081-4526-11593-5038,0,0,0,0,0,1,0,0,0
CL8UKI2PG_11090-4148-11602-4660,0,0,0,0,0,1,0,0,0
CL8UKI2PG_11129-8663-11641-9175,0,0,0,0,0,1,0,0,0
CL8UKI2PG_11124-2993-11636-3505,0,0,0,0,0,1,0,0,0
CL8UKI2PG_11100-3763-11612-4275,0,0,0,0,0,1,0,0,0
CL8UKI2PG_11136-2613-11648-3125,0,0,0,0,0,1,0,0,0
CL8UKI2PG_11244-1523-11756-2035,0,0,0,0,0,1,0,0,0
CL8UKI2PG_982-559-1494-1071,0,0,0,0,0,1,0,0,0
CL8UKI2PG_11244-1011-11756-1523,0,0,0,0,0,1,0,0,0
CL8UKI2PG_11530-776-12042-1288,0,0,0,0,0,1,0,0,0
CL8UKI2PG_11166-1837-11678-2349,0,0,0,0,0,1,0,0,0
CL8UKI2PG_634-8352-1146-8864,0,0,0,0,0,1,0,0,0
CLCCEX3MH_10499-632-11011-1144,0,0,0,0,0,1,0,0,0
CLCCEX3MH_5891-632-6403-1144,0,0,0,0,0,1,0,0,0
CLCCEX3MH_6403-632-6915-1144,0,0,0,0,0,1,0,0,0
CL8UKI2PG_11149-2217-11661-2729,0,0,0,0,0,1,0,0,0
CL8UKI2PG_9206-5388-9718-5900,0,0,0,0,0,1,0,0,1
CLCCEX3MH_6915-632-7427-1144,0,0,0,0,0,1,0,0,0
CLCCEX3MH_7427-632-7939-1144,0,0,0,0,0,1,0,0,0
CLCCEX3MH_7939-632-8451-1144,0,0,0,0,0,1,0,0,0
CLCCEX3MH_9475-632-9987-1144,0,0,0,0,0,1,0,0,0
CLCCEX3MH_8451-632-8963-1144,0,0,0,0,0,1,0,0,0
CLCCEX3MH_8963-632-9475-1144,0,0,0,0,0,1,0,0,0
CMBT38XDX_2713-3930-3225-4442,0,0,0,1,0,0,0,0,0
CMBT38XDX_2242-3135-2754-3647,0,0,0,1,0,0,0,0,0
CMFHQWDWN_4179-1172-4691-1684,0,1,0,0,0,0,0,0,0
CMFHQWDWN_4691-1172-5203-1684,0,1,0,0,0,0,0,0,0
CMBT38XDX_1020-737-1532-1249,0,0,0,0,0,0,1,0,0
CLCCEX3MH_9987-632-10499-1144,0,0,0,0,0,1,0,0,0
CMFHQWDWN_4179-660-4691-1172,0,1,0,0,0,0,0,0,0
CMBT38XDX_2782-4993-3294-5505,0,0,0,1,0,0,0,0,0
CMBT38XDX_2906-4368-3418-4880,0,0,0,1,0,0,0,0,0
CMFHQWDWN_5203-1172-5715-1684,0,1,0,0,0,0,0,0,0
CMFHQWDWN_5715-1172-6227-1684,0,1,0,0,0,0,0,0,0
CMFHQWDWN_4691-660-5203-1172,0,1,0,0,0,0,0,0,0
CMFHQWDWN_5715-660-6227-1172,0,1,0,0,0,0,0,0,0
CNAW17IHZ_1593-1199-2105-1711,0,0,1,0,0,0,0,0,0
CNAW17IHZ_1819-1382-2331-1894,0,0,1,0,0,0,0,0,0
CNGC37HJN_1010-4019-1522-4531,0,1,0,0,0,0,0,0,0
CNAW17IHZ_993-1300-1505-1812,0,0,1,0,0,0,0,0,0
CNGC37HJN_1010-4531-1522-5043,0,1,0,0,0,0,0,0,0
CNGC37HJN_1301-6869-1813-7381,0,1,0,0,0,0,0,0,0
CNGC37HJN_1522-4531-2034-5043,0,1,0,0,0,0,0,0,0
CNGC37HJN_1285-3503-1797-4015,0,1,0,0,0,0,0,0,0
CNGC37HJN_1797-1455-2309-1967,0,1,0,0,0,0,0,0,0
CNGC37HJN_1813-5333-2325-5845,0,1,0,0,0,0,0,0,0
CNGC37HJN_1797-3503-2309-4015,0,1,0,0,0,0,0,0,0
CNGC37HJN_1285-1455-1797-1967,0,1,0,0,0,0,0,0,0
CNGC37HJN_1522-4019-2034-4531,0,1,0,0,0,0,0,0,0
CNGC37HJN_1813-7381-2325-7893,0,1,0,0,0,0,0,0,0
CNGC37HJN_1301-7381-1813-7893,0,1,0,0,0,0,0,0,0
CNGC37HJN_1301-5333-1813-5845,0,1,0,0,0,0,0,0,0
CNGC37HJN_2034-4019-2546-4531,0,1,0,0,0,0,0,0,0
CNGC37HJN_2034-4531-2546-5043,0,1,0,0,0,0,0,0,0
CNGC37HJN_2309-1455-2821-1967,0,1,0,0,0,0,0,0,0
CNGC37HJN_2309-3503-2821-4015,0,1,0,0,0,0,0,0,0
CNGC37HJN_2325-5333-2837-5845,0,1,0,0,0,0,0,0,0
CNGC37HJN_2821-1455-3333-1967,0,1,0,0,0,0,0,0,0
CNGC37HJN_2325-7381-2837-7893,0,1,0,0,0,0,0,0,0
CNGC37HJN_2837-5333-3349-5845,0,1,0,0,0,0,0,0,0
CNGC37HJN_2821-943-3333-1455,0,1,0,0,0,0,0,0,0
CNGC37HJN_2821-3503-3333-4015,0,1,0,0,0,0,0,0,0
CNGC37HJN_2821-2991-3333-3503,0,1,0,0,0,0,0,0,0
CNGC37HJN_3349-5333-3861-5845,0,1,0,0,0,0,0,0,0
CNGC37HJN_2974-3909-3486-4421,0,1,0,0,0,0,0,0,0
CNGC37HJN_2837-7381-3349-7893,0,1,0,0,0,0,0,0,0
CNGC37HJN_3333-2991-3845-3503,0,1,0,0,0,0,0,0,0
CNGC37HJN_3333-431-3845-943,0,1,0,0,0,0,0,0,0
CNGC37HJN_2821-431-3333-943,0,1,0,0,0,0,0,0,0
CNGC37HJN_3333-943-3845-1455,0,1,0,0,0,0,0,0,0
CNGC37HJN_2837-5845-3349-6357,0,1,0,0,0,0,0,0,0
CNGC37HJN_3349-5845-3861-6357,0,1,0,0,0,0,0,0,0
CNGC37HJN_3349-6357-3861-6869,0,1,0,0,0,0,0,0,0
CNGC37HJN_3349-7381-3861-7893,0,1,0,0,0,0,0,0,0
CNGC37HJN_3486-3909-3998-4421,0,1,0,0,0,0,0,0,0
CNGC37HJN_3845-943-4357-1455,0,1,0,0,0,0,0,0,0
CNGC37HJN_3845-1455-4357-1967,0,1,0,0,0,0,0,0,0
CNGC37HJN_3845-2991-4357-3503,0,1,0,0,0,0,0,0,0
CNGC37HJN_3845-2479-4357-2991,0,1,0,0,0,0,0,0,0
CNGC37HJN_3861-6357-4373-6869,0,1,0,0,0,0,0,0,0
CNGC37HJN_3861-7381-4373-7893,0,1,0,0,0,0,0,0,0
CNGC37HJN_4357-2479-4869-2991,0,1,0,0,0,0,0,0,0
CNGC37HJN_3845-431-4357-943,0,1,0,0,0,0,0,0,0
CNGC37HJN_4373-6869-4885-7381,0,1,0,0,0,0,0,0,0
CNGC37HJN_4763-1387-5275-1899,0,1,0,0,0,0,0,0,0
CNGC37HJN_4357-1967-4869-2479,0,1,0,0,0,0,0,0,0
CNGC37HJN_4763-1899-5275-2411,0,1,0,0,0,0,0,0,0
CNGC37HJN_3861-5333-4373-5845,0,1,0,0,0,0,0,0,0
CNGC37HJN_4373-7381-4885-7893,0,1,0,0,0,0,0,0,0
CNGC37HJN_4763-2411-5275-2923,0,1,0,0,0,0,0,0,0
CNGC37HJN_5275-1387-5787-1899,0,1,0,0,0,0,0,0,0
CNGC37HJN_5275-2411-5787-2923,0,1,0,0,0,0,0,0,0
CNGC37HJN_5787-1387-6299-1899,0,1,0,0,0,0,0,0,0
CNGC37HJN_5629-4977-6141-5489,0,1,0,0,0,0,0,0,0
CNGC37HJN_5787-2411-6299-2923,0,1,0,0,0,0,0,0,0
CNGC37HJN_6299-2411-6811-2923,0,1,0,0,0,0,0,0,0
CNGC37HJN_6269-3444-6781-3956,0,1,0,0,0,0,0,0,0
CNGC37HJN_6299-1899-6811-2411,0,1,0,0,0,0,0,0,0
CNGC37HJN_6811-2411-7323-2923,0,1,0,0,0,0,0,0,0
CNGC37HJN_6141-4977-6653-5489,0,1,0,0,0,0,0,0,0
CNGC37HJN_6811-1899-7323-2411,0,1,0,0,0,0,0,0,0
CNGC37HJN_6269-3956-6781-4468,0,1,0,0,0,0,0,0,0
CNGC37HJN_6781-3956-7293-4468,0,1,0,0,0,0,0,0,0
CNGC37HJN_6781-3444-7293-3956,0,1,0,0,0,0,0,0,0
CNGC37HJN_7293-3444-7805-3956,0,1,0,0,0,0,0,0,0
CNGC37HJN_7066-767-7578-1279,0,1,0,0,0,0,0,0,0
CNGC37HJN_7293-3956-7805-4468,0,1,0,0,0,0,0,0,0
CNGC37HJN_7323-1899-7835-2411,0,1,0,0,0,0,0,0,0
CNGC37HJN_7323-2411-7835-2923,0,1,0,0,0,0,0,0,0
CNGC37HJN_7814-1281-8326-1793,0,1,0,0,0,0,0,0,0
CNGC37HJN_773-2991-1285-3503,0,1,0,0,0,0,0,0,0
CNGC37HJN_773-1455-1285-1967,0,1,0,0,0,0,0,0,0
CNGC37HJN_773-1967-1285-2479,0,1,0,0,0,0,0,0,0
CNGC37HJN_773-3503-1285-4015,0,1,0,0,0,0,0,0,0
CNGC37HJN_773-2479-1285-2991,0,1,0,0,0,0,0,0,0
CNGC37HJN_7835-2411-8347-2923,0,1,0,0,0,0,0,0,0
CNGC37HJN_789-5333-1301-5845,0,1,0,0,0,0,0,0,0
CNGC37HJN_7805-3444-8317-3956,0,1,0,0,0,0,0,0,0
CNGC37HJN_7814-769-8326-1281,0,1,0,0,0,0,0,0,0
CNGC37HJN_789-5845-1301-6357,0,1,0,0,0,0,0,0,0
CNGC37HJN_7805-2932-8317-3444,0,1,0,0,0,0,0,0,0
CNGC37HJN_789-6357-1301-6869,0,1,0,0,0,0,0,0,0
CNGC37HJN_8317-2932-8829-3444,0,1,0,0,0,0,0,0,0
CNGC37HJN_8317-3444-8829-3956,0,1,0,0,0,0,0,0,0
CNGC37HJN_789-6869-1301-7381,0,1,0,0,0,0,0,0,0
CNGC37HJN_8326-1793-8838-2305,0,1,0,0,0,0,0,0,0
CNGC37HJN_8326-1281-8838-1793,0,1,0,0,0,0,0,0,0
CNGC37HJN_8829-2932-9341-3444,0,1,0,0,0,0,0,0,0
CNGC37HJN_8347-2411-8859-2923,0,1,0,0,0,0,0,0,0
CNGC37HJN_8326-769-8838-1281,0,1,0,0,0,0,0,0,0
CNGC37HJN_9341-3444-9853-3956,0,1,0,0,0,0,0,0,0
CNGC37HJN_9341-2932-9853-3444,0,1,0,0,0,0,0,0,0
CNGC37HJN_8838-769-9350-1281,0,1,0,0,0,0,0,0,0
CNGC37HJN_9862-1793-10374-2305,0,1,0,0,0,0,0,0,0
CNGC37HJN_8838-1793-9350-2305,0,1,0,0,0,0,0,0,0
CNGC37HJN_8829-3444-9341-3956,0,1,0,0,0,0,0,0,0
CNGC37HJN_9350-1793-9862-2305,0,1,0,0,0,0,0,0,0
CNGC37HJN_9862-1281-10374-1793,0,1,0,0,0,0,0,0,0
CNGC37HJN_9853-3444-10365-3956,0,1,0,0,0,0,0,0,0
CPMKPR7AB_1858-575-2370-1087,0,0,0,0,1,1,0,0,0
CPMKPR7AB_1302-573-1814-1085,0,0,0,0,1,1,0,0,0
CNGC37HJN_9862-769-10374-1281,0,1,0,0,0,0,0,0,0
CPMKPR7AB_1485-7138-1997-7650,0,0,0,0,1,0,0,0,0
CPMKPR7AB_2069-7234-2581-7746,0,0,0,0,1,0,0,0,0
CPMKPR7AB_2301-585-2813-1097,0,0,0,0,1,1,0,0,0
CPMKPR7AB_2937-7230-3449-7742,0,0,0,0,1,0,0,0,0
CPMKPR7AB_2801-581-3313-1093,0,0,0,0,1,1,0,0,0
CPMKPR7AB_3320-7217-3832-7729,0,0,0,0,1,0,0,0,0
CPMKPR7AB_3701-597-4213-1109,0,0,0,0,1,1,0,0,0
CPMKPR7AB_3297-597-3809-1109,0,0,0,0,1,1,0,0,0
CPMKPR7AB_4704-7218-5216-7730,0,0,0,0,1,0,0,0,0
CPMKPR7AB_2497-740-3009-1252,0,0,0,0,1,1,0,0,0
CPMKPR7AB_3832-7217-4344-7729,0,0,0,0,1,0,0,0,0
CPMKPR7AB_2458-7175-2970-7687,0,0,0,0,1,0,0,0,0
CPMKPR7AB_4213-597-4725-1109,0,0,0,0,1,1,0,0,0
CPMKPR7AB_3880-760-4392-1272,0,0,0,0,1,1,0,0,0
CPMKPR7AB_4344-7217-4856-7729,0,0,0,0,1,0,0,0,0
CPMKPR7AB_4725-597-5237-1109,0,0,0,0,1,1,0,0,0
CPMKPR7AB_5118-616-5630-1128,0,0,0,0,1,1,0,0,0
CPMKPR7AB_5490-626-6002-1138,0,0,0,0,1,1,0,0,0
CPMKPR7AB_5271-7112-5783-7624,0,0,0,0,1,0,0,0,0
CPMKPR7AB_624-3909-1136-4421,0,0,0,0,0,1,0,0,0
CPMKPR7AB_5757-7200-6269-7712,0,0,0,0,1,0,0,0,0
CPMKPR7AB_6002-626-6514-1138,0,0,0,0,1,1,0,0,0
CPMKPR7AB_596-7161-1108-7673,0,0,0,0,1,1,0,0,0
CPMKPR7AB_6293-7122-6805-7634,0,0,0,0,1,0,0,0,0
CPMKPR7AB_6783-7118-7295-7630,0,0,0,0,1,1,0,0,0
CPMKPR7AB_7637-657-8149-1169,0,0,0,0,1,1,0,0,0
CPMKPR7AB_6322-618-6834-1130,0,0,0,0,1,1,0,0,0
CPMKPR7AB_8271-5352-8783-5864,0,0,0,0,0,1,0,0,0
CPMKPR7AB_6834-618-7346-1130,0,0,0,0,1,1,0,0,0
CPMKPR7AB_7346-618-7858-1130,0,0,0,0,1,1,0,0,0
CPMKPR7AB_7435-7052-7947-7564,0,0,0,0,1,1,0,0,0
CPMKPR7AB_7825-7119-8337-7631,0,0,0,0,1,1,0,0,0
CPMKPR7AB_8149-657-8661-1169,0,0,0,0,1,1,0,0,0
CPMKPR7AB_8273-5768-8785-6280,0,0,0,0,0,1,0,0,0
CPMKPR7AB_8327-7129-8839-7641,0,0,0,0,1,1,0,0,0
CPMKPR7AB_8474-4800-8986-5312,0,0,0,0,0,1,0,0,0
CPMKPR7AB_8465-5984-8977-6496,0,0,0,0,0,1,0,0,0
CPMKPR7AB_9119-6047-9631-6559,0,0,0,0,1,0,0,0,0
CPMKPR7AB_9633-6069-10145-6581,0,0,0,0,1,0,0,0,0
CPMKPR7AB_8947-4662-9459-5174,0,0,0,0,1,0,0,0,0
CPMKPR7AB_867-7149-1379-7661,0,0,0,0,1,1,0,0,0
CPMKPR7AB_9476-7040-9988-7552,0,0,0,0,0,1,0,0,0
CPMKPR7AB_8724-647-9236-1159,0,0,0,0,1,1,0,0,0
CPMKPR7AB_8819-7029-9331-7541,0,0,0,0,1,0,0,0,1
CR7EX17WJ_1210-6336-1722-6848,1,0,0,0,0,0,0,0,0
CPMKPR7AB_9483-4632-9995-5144,0,0,0,0,1,1,0,0,0
CPMKPR7AB_9737-478-10249-990,0,0,0,0,0,1,0,0,0
CPMKPR7AB_9266-669-9778-1181,0,0,0,0,1,1,0,0,0
CQNBRI3KK_1057-902-1569-1414,1,0,0,0,0,0,0,0,0
CQNBRI3KK_1200-1201-1712-1713,1,0,0,0,0,0,0,0,0
CQNBRI3KK_868-367-1380-879,1,0,0,0,0,0,0,0,0
CR7EX17WJ_1210-704-1722-1216,1,0,0,0,0,0,0,0,0
CQNBRI3KK_356-367-868-879,1,0,0,0,0,0,0,0,0
CR7EX17WJ_1722-704-2234-1216,1,0,0,0,0,0,0,0,0
CR7EX17WJ_1722-6336-2234-6848,1,0,0,0,0,0,0,0,0
CR7EX17WJ_3258-7360-3770-7872,1,0,0,0,0,0,0,0,0
CR7EX17WJ_4794-7360-5306-7872,1,0,0,0,0,0,0,0,0
CR7EX17WJ_2234-7360-2746-7872,1,0,0,0,0,0,0,0,0
CR7EX17WJ_2234-704-2746-1216,1,0,0,0,0,0,0,0,0
CR7EX17WJ_5818-1216-6330-1728,1,0,0,0,0,0,0,0,0
CR7EX17WJ_5818-2752-6330-3264,1,0,0,0,0,0,0,0,0
CR7EX17WJ_2746-7360-3258-7872,1,0,0,0,0,0,0,0,0
CR7EX17WJ_5818-2240-6330-2752,1,0,0,0,0,0,0,0,0
CR7EX17WJ_5818-1728-6330-2240,1,0,0,0,0,0,0,0,0
CR7EX17WJ_4282-7360-4794-7872,1,0,0,0,0,0,0,0,0
CR7EX17WJ_3770-7360-4282-7872,1,0,0,0,0,0,0,0,0
CR7EX17WJ_5818-3776-6330-4288,1,0,0,0,0,0,0,0,0
CR7EX17WJ_5306-7360-5818-7872,1,0,0,0,0,0,0,0,0
CR7EX17WJ_5818-4288-6330-4800,1,0,0,0,0,0,0,0,0
CR7EX17WJ_5818-4800-6330-5312,1,0,0,0,0,0,0,0,0
CR7EX17WJ_5818-3264-6330-3776,1,0,0,0,0,0,0,0,0
CR7EX17WJ_5818-5312-6330-5824,1,0,0,0,0,0,0,0,0
CR7EX17WJ_5818-5824-6330-6336,1,0,0,0,0,0,0,0,0
CR7EX17WJ_5818-6848-6330-7360,1,0,0,0,0,0,0,0,0
CR7EX17WJ_5818-704-6330-1216,1,0,0,0,0,0,0,0,0
CR7EX17WJ_698-4800-1210-5312,1,0,0,0,0,0,0,0,0
CR7EX17WJ_698-1216-1210-1728,1,0,0,0,0,0,0,0,0
CR7EX17WJ_5818-7360-6330-7872,1,0,0,0,0,0,0,0,0
CR7EX17WJ_698-2752-1210-3264,1,0,0,0,0,0,0,0,0
CR7EX17WJ_5818-6336-6330-6848,1,0,0,0,0,0,0,0,0
CR7EX17WJ_698-5312-1210-5824,1,0,0,0,0,0,0,0,0
CR7EX17WJ_698-3264-1210-3776,1,0,0,0,0,0,0,0,0
CR7EX17WJ_698-2240-1210-2752,1,0,0,0,0,0,0,0,0
CR7EX17WJ_698-1728-1210-2240,1,0,0,0,0,0,0,0,0
CR7EX17WJ_698-3776-1210-4288,1,0,0,0,0,0,0,0,0
CR7EX17WJ_698-4288-1210-4800,1,0,0,0,0,0,0,0,0
CR7EX17WJ_698-5824-1210-6336,1,0,0,0,0,0,0,0,0
CR7EX17WJ_698-6848-1210-7360,1,0,0,0,0,0,0,0,0
CR7EX17WJ_698-6336-1210-6848,1,0,0,0,0,0,0,0,0
CR7EX17WJ_698-7360-1210-7872,1,0,0,0,0,0,0,0,0
CR7EX17WJ_698-704-1210-1216,1,0,0,0,0,0,0,0,0
CRJ2M6JYP_253-434-765-946,0,0,1,0,0,0,0,0,0
CRIRP3KWL_934-1117-1446-1629,0,0,0,0,0,0,0,0,1
CRJ2M6JYP_1277-434-1789-946,0,0,1,0,0,0,0,0,0
CRJ2M6JYP_2855-1084-3367-1596,0,0,1,0,0,0,0,0,0
CRJ2M6JYP_253-946-765-1458,0,0,1,0,0,0,0,0,0
CRJ2M6JYP_1288-1693-1800-2205,0,0,1,0,0,0,0,0,0
CRJ2M6JYP_2855-1596-3367-2108,0,0,1,0,0,0,0,0,0
CRJ2M6JYP_264-2205-776-2717,0,0,1,0,0,0,0,0,0
CRJ2M6JYP_2855-2108-3367-2620,0,0,1,0,0,0,0,0,0
CRJ2M6JYP_264-2717-776-3229,0,0,1,0,0,0,0,0,0
CRJ2M6JYP_2855-2620-3367-3132,0,0,1,0,0,0,0,0,0
CRJ2M6JYP_2855-3644-3367-4156,0,0,1,0,0,0,0,0,0
CRJ2M6JYP_2855-3132-3367-3644,0,0,1,0,0,0,0,0,0
CRJ2M6JYP_2855-4668-3367-5180,0,0,1,0,0,0,0,0,0
CRJ2M6JYP_2855-4156-3367-4668,0,0,1,0,0,0,0,0,0
CRJ2M6JYP_2855-5180-3367-5692,0,0,1,0,0,0,0,0,0
CRJ2M6JYP_3367-1596-3879-2108,0,0,1,0,0,0,0,0,0
CRJ2M6JYP_3367-1084-3879-1596,0,0,1,0,0,0,0,0,0
CRJ2M6JYP_3367-2620-3879-3132,0,0,1,0,0,0,0,0,0
CRJ2M6JYP_3367-4668-3879-5180,0,0,1,0,0,0,0,0,0
CRJ2M6JYP_3725-1799-4237-2311,0,0,1,0,0,0,0,0,0
CRJ2M6JYP_3367-2108-3879-2620,0,0,1,0,0,0,0,0,0
CRJ2M6JYP_3367-3644-3879-4156,0,0,1,0,0,0,0,0,0
CRJ2M6JYP_3367-4156-3879-4668,0,0,1,0,0,0,0,0,0
CRJ2M6JYP_3725-2823-4237-3335,0,0,1,0,0,0,0,0,0
CRJ2M6JYP_3367-3132-3879-3644,0,0,1,0,0,0,0,0,0
CRJ2M6JYP_3367-5180-3879-5692,0,0,1,0,0,0,0,0,0
CRJ2M6JYP_3725-3335-4237-3847,0,0,1,0,0,0,0,0,0
CRJ2M6JYP_3725-263-4237-775,0,0,1,0,0,0,0,0,0
CRJ2M6JYP_3725-1287-4237-1799,0,0,1,0,0,0,0,0,0
CRJ2M6JYP_3725-2311-4237-2823,0,0,1,0,0,0,0,0,0
CRJ2M6JYP_3725-3847-4237-4359,0,0,1,0,0,0,0,0,0
CRJ2M6JYP_3725-4359-4237-4871,0,0,1,0,0,0,0,0,0
CRJ2M6JYP_3725-4871-4237-5383,0,0,1,0,0,0,0,0,0
CRJ2M6JYP_3725-775-4237-1287,0,0,1,0,0,0,0,0,0
CRJ2M6JYP_3725-5383-4237-5895,0,0,1,0,0,0,0,0,0
CRJ2M6JYP_4237-263-4749-775,0,0,1,0,0,0,0,0,0
CRJ2M6JYP_4237-5383-4749-5895,0,0,1,0,0,0,0,0,0
CRJ2M6JYP_4749-263-5261-775,0,0,1,0,0,0,0,0,0
CRJ2M6JYP_5261-263-5773-775,0,0,1,0,0,0,0,0,0
CRJ2M6JYP_440-1237-952-1749,0,0,1,0,0,0,0,0,0
CRJ2M6JYP_4749-5383-5261-5895,0,0,1,0,0,0,0,0,0
CRJ2M6JYP_5261-3335-5773-3847,0,0,1,0,0,0,0,0,0
CRJ2M6JYP_5261-2823-5773-3335,0,0,1,0,0,0,0,0,0
CRJ2M6JYP_5261-4359-5773-4871,0,0,1,0,0,0,0,0,0
CRJ2M6JYP_440-1749-952-2261,0,0,1,0,0,0,0,0,0
CRJ2M6JYP_5261-1799-5773-2311,0,0,1,0,0,0,0,0,0
CRJ2M6JYP_5261-3847-5773-4359,0,0,1,0,0,0,0,0,0
CRJ2M6JYP_5261-2311-5773-2823,0,0,1,0,0,0,0,0,0
CRJ2M6JYP_5261-4871-5773-5383,0,0,1,0,0,0,0,0,0
CRJ2M6JYP_5261-5383-5773-5895,0,0,1,0,0,0,0,0,0
CRJ2M6JYP_765-434-1277-946,0,0,1,0,0,0,0,0,0
CRJ2M6JYP_765-946-1277-1458,0,0,1,0,0,0,0,0,0
CRJ2M6JYP_776-1693-1288-2205,0,0,1,0,0,0,0,0,0
CRJ2M6JYP_776-2205-1288-2717,0,0,1,0,0,0,0,0,0
CRJ2M6JYP_952-1237-1464-1749,0,0,1,0,0,0,0,0,0
CTJZQG7P2_2968-822-3480-1334,0,0,0,0,1,1,0,0,0
CTJZQG7P2_1721-9294-2233-9806,0,0,0,0,1,1,0,0,0
CTJZQG7P2_1883-816-2395-1328,0,0,0,0,1,1,0,0,0
CTJZQG7P2_1364-815-1876-1327,0,0,0,0,1,1,0,0,0
CTJZQG7P2_1508-9123-2020-9635,0,0,0,0,1,1,0,0,0
CTJZQG7P2_2805-9299-3317-9811,0,0,0,0,1,1,0,0,0
CTJZQG7P2_2437-835-2949-1347,0,0,0,0,1,1,0,0,0
CTJZQG7P2_3301-1006-3813-1518,0,0,0,0,1,1,0,0,0
CTJZQG7P2_2268-9300-2780-9812,0,0,0,0,1,1,0,0,0
CTJZQG7P2_3658-9154-4170-9666,0,0,0,0,1,1,0,0,0
CTJZQG7P2_3480-815-3992-1327,0,0,0,0,1,1,0,0,0
CTJZQG7P2_2831-1029-3343-1541,0,0,0,0,1,1,0,0,0
CTJZQG7P2_3364-9305-3876-9817,0,0,0,0,1,1,0,0,0
CTJZQG7P2_3813-1006-4325-1518,0,0,0,0,1,1,0,0,0
CTJZQG7P2_4005-806-4517-1318,0,0,0,0,1,1,0,0,0
CTJZQG7P2_3889-9298-4401-9810,0,0,0,0,1,1,0,0,0
CTJZQG7P2_4837-1006-5349-1518,0,0,0,0,1,1,0,0,0
CTJZQG7P2_4533-792-5045-1304,0,0,0,0,1,1,0,0,0
CTJZQG7P2_5626-985-6138-1497,0,0,0,0,0,1,0,0,0
CTJZQG7P2_5055-782-5567-1294,0,0,0,0,1,1,0,0,0
CTJZQG7P2_4170-9154-4682-9666,0,0,0,0,1,1,0,0,0
CTJZQG7P2_5194-9154-5706-9666,0,0,0,0,1,1,0,0,0
CTJZQG7P2_4435-9300-4947-9812,0,0,0,0,1,1,0,0,0
CTJZQG7P2_5487-9312-5999-9824,0,0,0,0,1,1,0,0,0
CTJZQG7P2_4325-1006-4837-1518,0,0,0,0,1,1,0,0,0
CVD2H1ZNL_1245-783-1757-1295,0,0,0,0,0,1,0,0,0
CTJZQG7P2_4956-9300-5468-9812,0,0,0,0,1,1,0,0,0
CTJZQG7P2_996-9123-1508-9635,0,0,0,0,0,1,0,0,0
CTJZQG7P2_4682-9154-5194-9666,0,0,0,0,1,1,0,0,0
CTJZQG7P2_5706-9154-6218-9666,0,0,0,0,1,1,0,0,0
CVD2H1ZNL_1030-676-1542-1188,0,0,0,0,0,1,0,0,0
CVD2H1ZNL_1750-889-2262-1401,0,0,0,0,0,1,0,0,0
CVD2H1ZNL_1920-1194-2432-1706,0,0,0,0,0,1,0,0,0
CVD2H1ZNL_1876-493-2388-1005,0,0,0,0,0,1,0,0,0
CVD2H1ZNL_867-458-1379-970,0,0,0,0,0,1,0,0,0
CVWXJ946V_1257-1365-1769-1877,0,0,0,0,0,0,0,0,1
CXFKPFY3X_110-16054-622-16566,0,0,0,0,0,0,0,0,1
CXFKPFY3X_3225-12882-3737-13394,0,0,0,0,0,0,0,0,1
CXFKPFY3X_173-683-685-1195,0,0,0,0,0,0,0,0,1
CZK4NXGUW_10151-8219-10663-8731,0,0,1,0,0,0,0,0,0
CZK4NXGUW_10151-7707-10663-8219,0,0,1,0,0,0,0,0,0
CZK4NXGUW_10377-485-10889-997,0,0,1,0,0,0,0,0,0
CZK4NXGUW_10377-2533-10889-3045,0,0,1,0,0,0,0,0,0
CXFKPFY3X_3482-13552-3994-14064,0,0,0,0,0,0,0,0,1
CZK4NXGUW_10377-4581-10889-5093,0,0,1,0,0,0,0,0,0
CZK4NXGUW_10377-4069-10889-4581,0,0,1,0,0,0,0,0,0
CXFKPFY3X_4473-14036-4985-14548,0,0,0,0,0,0,0,0,1
CVWXJ946V_1243-497-1755-1009,0,0,0,0,0,0,0,0,1
CXFKPFY3X_3309-13330-3821-13842,0,0,0,0,0,0,0,0,1
CZK4NXGUW_10377-5605-10889-6117,0,0,1,0,0,0,0,0,0
CZK4NXGUW_10377-5093-10889-5605,0,0,1,0,0,0,0,0,0
CZK4NXGUW_10377-6117-10889-6629,0,0,1,0,0,0,0,0,0
CZK4NXGUW_1058-3769-1570-4281,0,0,1,0,0,0,0,0,0
CZK4NXGUW_1052-8084-1564-8596,0,0,1,0,0,0,0,0,0
CZK4NXGUW_1058-1209-1570-1721,0,0,1,0,0,0,0,0,0
CZK4NXGUW_1052-7572-1564-8084,0,0,1,0,0,0,0,0,0
CZK4NXGUW_10663-7707-11175-8219,0,0,1,0,0,0,0,0,0
CZK4NXGUW_1058-697-1570-1209,0,0,1,0,0,0,0,0,0
CZK4NXGUW_10377-6629-10889-7141,0,0,1,0,0,0,0,0,0
CZK4NXGUW_10663-6683-11175-7195,0,0,1,0,0,0,0,0,0
CZK4NXGUW_10655-4408-11167-4920,0,0,1,0,0,0,0,0,0
CZK4NXGUW_10792-3963-11304-4475,0,0,1,0,0,0,0,0,0
CZK4NXGUW_10691-5754-11203-6266,0,0,1,0,0,0,0,0,0
CZK4NXGUW_10584-646-11096-1158,0,0,1,0,0,1,0,0,0
CZK4NXGUW_10663-7195-11175-7707,0,0,1,0,0,0,0,0,0
CZK4NXGUW_10655-4920-11167-5432,0,0,1,0,0,0,0,0,0
CZK4NXGUW_10663-8219-11175-8731,0,0,1,0,0,0,0,0,0
CZK4NXGUW_10889-2021-11401-2533,0,0,1,0,0,0,0,0,0
CZK4NXGUW_10889-1509-11401-2021,0,0,1,0,0,0,0,0,0
CZK4NXGUW_10889-2533-11401-3045,0,0,1,0,0,0,0,0,0
CZK4NXGUW_10889-3045-11401-3557,0,0,1,0,0,0,0,0,0
CZK4NXGUW_1280-3985-1792-4497,0,0,1,0,0,0,0,0,0
CZK4NXGUW_10889-5605-11401-6117,0,0,1,0,0,0,0,0,0
CZK4NXGUW_10889-5093-11401-5605,0,0,1,0,0,0,0,0,0
CZK4NXGUW_10889-485-11401-997,0,0,1,0,0,1,0,0,0
CZK4NXGUW_10889-4581-11401-5093,0,0,1,0,0,0,0,0,0
CZK4NXGUW_10889-997-11401-1509,0,0,1,0,0,0,0,0,0
CZK4NXGUW_1160-5739-1672-6251,0,0,1,0,0,0,0,0,0
CZK4NXGUW_1280-5009-1792-5521,0,0,1,0,0,0,0,0,0
CZK4NXGUW_1183-968-1695-1480,0,0,1,0,0,0,0,0,0
CZK4NXGUW_1280-6033-1792-6545,0,0,1,0,0,0,0,0,0
CZK4NXGUW_1280-4497-1792-5009,0,0,1,0,0,0,0,0,0
CZK4NXGUW_1183-456-1695-968,0,0,1,0,0,0,0,0,0
CZK4NXGUW_1458-5392-1970-5904,0,0,1,0,0,0,0,0,0
CZK4NXGUW_1564-6036-2076-6548,0,0,1,0,0,0,0,0,0
CZK4NXGUW_1564-8084-2076-8596,0,0,1,0,0,0,0,0,0
CZK4NXGUW_1570-1209-2082-1721,0,0,1,0,0,0,0,0,0
CZK4NXGUW_1570-3257-2082-3769,0,0,1,0,0,0,0,0,0
CZK4NXGUW_1792-5009-2304-5521,0,0,1,0,0,0,0,0,0
CZK4NXGUW_1570-3769-2082-4281,0,0,1,0,0,0,0,0,0
CZK4NXGUW_1570-697-2082-1209,0,0,1,0,0,0,0,0,0
CZK4NXGUW_2076-8084-2588-8596,0,0,1,0,0,0,0,0,0
CZK4NXGUW_1695-968-2207-1480,0,0,1,0,0,0,0,0,0
CZK4NXGUW_1845-507-2357-1019,0,0,1,0,0,0,0,0,0
CZK4NXGUW_2082-697-2594-1209,0,0,1,0,0,0,0,0,0
CZK4NXGUW_2082-3257-2594-3769,0,0,1,0,0,0,0,0,0
CZK4NXGUW_1792-4497-2304-5009,0,0,1,0,0,0,0,0,0
CZK4NXGUW_1970-5392-2482-5904,0,0,1,0,0,0,0,0,0
CZK4NXGUW_2076-6036-2588-6548,0,0,1,0,0,0,0,0,0
CZK4NXGUW_2304-4497-2816-5009,0,0,1,0,0,0,0,0,0
CZK4NXGUW_2357-507-2869-1019,0,0,1,0,0,0,0,0,0
CZK4NXGUW_2378-7892-2890-8404,0,0,1,0,0,0,0,0,0
CZK4NXGUW_2304-5521-2816-6033,0,0,1,0,0,0,0,0,0
CZK4NXGUW_2495-5283-3007-5795,0,0,1,0,0,0,0,0,0
CZK4NXGUW_2495-4771-3007-5283,0,0,1,0,0,0,0,0,0
CZK4NXGUW_2594-697-3106-1209,0,0,1,0,0,0,0,0,0
CZK4NXGUW_2697-5093-3209-5605,0,0,1,0,0,0,0,0,0
CZK4NXGUW_2697-4581-3209-5093,0,0,1,0,0,0,0,0,0
CZK4NXGUW_2697-5605-3209-6117,0,0,1,0,0,0,0,0,0
CZK4NXGUW_2697-6117-3209-6629,0,0,1,0,0,0,0,0,0
CZK4NXGUW_2495-5795-3007-6307,0,0,1,0,0,0,0,0,0
CZK4NXGUW_2588-8084-3100-8596,0,0,1,0,0,0,0,0,0
CZK4NXGUW_2697-3045-3209-3557,0,0,1,0,0,0,0,0,0
CZK4NXGUW_3007-5283-3519-5795,0,0,1,0,0,0,0,0,0
CZK4NXGUW_3007-4771-3519-5283,0,0,1,0,0,0,0,0,0
CZK4NXGUW_2697-997-3209-1509,0,0,1,0,0,0,0,0,0
CZK4NXGUW_2719-456-3231-968,0,0,1,0,0,0,0,0,0
CZK4NXGUW_3007-5795-3519-6307,0,0,1,0,0,0,0,0,0
CZK4NXGUW_3106-1209-3618-1721,0,0,1,0,0,0,0,0,0
CZK4NXGUW_3100-6036-3612-6548,0,0,1,0,0,0,0,0,0
CZK4NXGUW_3106-697-3618-1209,0,0,1,0,0,0,0,0,0
CZK4NXGUW_3209-3045-3721-3557,0,0,1,0,0,0,0,0,0
CZK4NXGUW_3209-2533-3721-3045,0,0,1,0,0,0,0,0,0
CZK4NXGUW_3209-4581-3721-5093,0,0,1,0,0,0,0,0,0
CZK4NXGUW_3209-5093-3721-5605,0,0,1,0,0,0,0,0,0
CZK4NXGUW_3209-6629-3721-7141,0,0,1,0,0,0,0,0,0
CZK4NXGUW_3590-5537-4102-6049,0,0,1,0,0,0,0,0,0
CZK4NXGUW_3231-968-3743-1480,0,0,1,0,0,0,0,0,0
CZK4NXGUW_3721-1509-4233-2021,0,0,1,0,0,0,0,0,0
CZK4NXGUW_3519-5283-4031-5795,0,0,1,0,0,0,0,0,0
CZK4NXGUW_3519-5795-4031-6307,0,0,1,0,0,0,0,0,0
CZK4NXGUW_3721-2021-4233-2533,0,0,1,0,0,0,0,0,0
CZK4NXGUW_3612-6036-4124-6548,0,0,1,0,0,0,0,0,0
CZK4NXGUW_3209-5605-3721-6117,0,0,1,0,0,0,0,0,0
CZK4NXGUW_3590-6561-4102-7073,0,0,1,0,0,0,0,0,0
CZK4NXGUW_3721-2533-4233-3045,0,0,1,0,0,0,0,0,0
CZK4NXGUW_3721-4069-4233-4581,0,0,1,0,0,0,0,0,0
CZK4NXGUW_3743-968-4255-1480,0,0,1,0,0,0,0,0,0
CZK4NXGUW_3721-5093-4233-5605,0,0,1,0,0,0,0,0,0
CZK4NXGUW_3924-5372-4436-5884,0,0,1,0,0,0,0,0,0
CZK4NXGUW_3979-7921-4491-8433,0,0,1,0,0,0,0,0,0
CZK4NXGUW_4124-7060-4636-7572,0,0,1,0,0,0,0,0,0
CZK4NXGUW_4255-1480-4767-1992,0,0,1,0,0,0,0,0,0
CZK4NXGUW_4124-6548-4636-7060,0,0,1,0,0,0,0,0,0
CZK4NXGUW_4233-485-4745-997,0,0,1,0,0,0,0,0,0
CZK4NXGUW_4124-7572-4636-8084,0,0,1,0,0,0,0,0,0
CZK4NXGUW_4130-1209-4642-1721,0,0,1,0,0,0,0,0,0
CZK4NXGUW_4233-4069-4745-4581,0,0,1,0,0,0,0,0,0
CZK4NXGUW_4233-5093-4745-5605,0,0,1,0,0,0,0,0,0
CZK4NXGUW_4436-5372-4948-5884,0,0,1,0,0,0,0,0,0
CZK4NXGUW_4191-5711-4703-6223,0,0,1,0,0,0,0,0,0
CZK4NXGUW_4519-1409-5031-1921,0,0,1,0,0,0,0,0,0
CZK4NXGUW_4614-6049-5126-6561,0,0,1,0,0,0,0,0,0
CZK4NXGUW_4636-7572-5148-8084,0,0,1,0,0,0,0,0,0
CZK4NXGUW_4745-485-5257-997,0,0,1,0,0,0,0,0,0
CZK4NXGUW_4745-4069-5257-4581,0,0,1,0,0,0,0,0,0
CZK4NXGUW_4636-7060-5148-7572,0,0,1,0,0,0,0,0,0
CZK4NXGUW_4745-5605-5257-6117,0,0,1,0,0,0,0,0,0
CZK4NXGUW_4948-5372-5460-5884,0,0,1,0,0,0,0,0,0
CZK4NXGUW_5148-8084-5660-8596,0,0,1,0,0,0,0,0,0
CZK4NXGUW_4745-5093-5257-5605,0,0,1,0,0,0,0,0,0
CZK4NXGUW_4767-1480-5279-1992,0,0,1,0,0,0,0,0,0
CZK4NXGUW_4745-6629-5257-7141,0,0,1,0,0,0,0,0,0
CZK4NXGUW_5257-5093-5769-5605,0,0,1,0,0,0,0,0,0
CZK4NXGUW_5257-485-5769-997,0,0,1,0,0,0,0,0,0
CZK4NXGUW_5257-3557-5769-4069,0,0,1,0,0,0,0,0,0
CZK4NXGUW_5257-5605-5769-6117,0,0,1,0,0,0,0,0,0
CZK4NXGUW_5257-6117-5769-6629,0,0,1,0,0,0,0,0,0
CZK4NXGUW_5257-6629-5769-7141,0,0,1,0,0,0,0,0,0
CZK4NXGUW_540-7060-1052-7572,0,0,1,0,0,0,0,0,0
CZK4NXGUW_5279-1480-5791-1992,0,0,1,0,0,0,0,0,0
CZK4NXGUW_540-7572-1052-8084,0,0,1,0,0,0,0,0,0
CZK4NXGUW_540-8084-1052-8596,0,0,1,0,0,0,0,0,0
CZK4NXGUW_546-1209-1058-1721,0,0,1,0,0,0,0,0,0
CZK4NXGUW_546-1721-1058-2233,0,0,1,0,0,0,0,0,0
CZK4NXGUW_546-3769-1058-4281,0,0,1,0,0,0,0,0,0
CZK4NXGUW_5569-6567-6081-7079,0,0,1,0,0,0,0,0,0
CZK4NXGUW_5769-3557-6281-4069,0,0,1,0,0,0,0,0,0
CZK4NXGUW_546-2745-1058-3257,0,0,1,0,0,0,0,0,0
CZK4NXGUW_5769-485-6281-997,0,0,1,0,0,0,0,0,0
CZK4NXGUW_5791-1480-6303-1992,0,0,1,0,0,0,0,0,0
CZK4NXGUW_5769-5605-6281-6117,0,0,1,0,0,0,0,0,0
CZK4NXGUW_546-697-1058-1209,0,0,1,0,0,1,0,0,0
CZK4NXGUW_5769-5093-6281-5605,0,0,1,0,0,0,0,0,0
CZK4NXGUW_5569-6055-6081-6567,0,0,1,0,0,0,0,0,0
CZK4NXGUW_5791-1992-6303-2504,0,0,1,0,0,0,0,0,0
CZK4NXGUW_6081-5543-6593-6055,0,0,1,0,0,0,0,0,0
CZK4NXGUW_6281-1509-6793-2021,0,0,1,0,0,0,0,0,0
CZK4NXGUW_6081-6055-6593-6567,0,0,1,0,0,0,0,0,0
CZK4NXGUW_6281-3045-6793-3557,0,0,1,0,0,0,0,0,0
CZK4NXGUW_6281-3557-6793-4069,0,0,1,0,0,0,0,0,0
CZK4NXGUW_6281-5093-6793-5605,0,0,1,0,0,0,0,0,0
CZK4NXGUW_6281-485-6793-997,0,0,1,0,0,0,0,0,0
CZK4NXGUW_671-1480-1183-1992,0,0,1,0,0,0,0,0,0
CZK4NXGUW_671-1992-1183-2504,0,0,1,0,0,0,0,0,0
CZK4NXGUW_6671-553-7183-1065,0,0,1,0,0,0,0,0,0
CZK4NXGUW_6571-5301-7083-5813,0,0,1,0,0,0,0,0,0
CZK4NXGUW_6303-1992-6815-2504,0,0,1,0,0,0,0,0,0
CZK4NXGUW_6711-7806-7223-8318,0,0,1,0,0,0,0,0,0
CZK4NXGUW_648-6251-1160-6763,0,0,1,0,0,0,0,0,0
CZK4NXGUW_671-968-1183-1480,0,0,1,0,0,0,0,0,0
CZK4NXGUW_648-5739-1160-6251,0,0,1,0,0,0,0,0,0
CZK4NXGUW_671-456-1183-968,0,0,1,0,0,1,0,0,0
CZK4NXGUW_6793-3045-7305-3557,0,0,1,0,0,0,0,0,0
CZK4NXGUW_6793-5093-7305-5605,0,0,1,0,0,0,0,0,0
CZK4NXGUW_6793-6117-7305-6629,0,0,1,0,0,0,0,0,0
CZK4NXGUW_6793-5605-7305-6117,0,0,1,0,0,0,0,0,0
CZK4NXGUW_6815-1480-7327-1992,0,0,1,0,0,0,0,0,0
CZK4NXGUW_6815-968-7327-1480,0,0,1,0,0,0,0,0,0
CZK4NXGUW_6815-1992-7327-2504,0,0,1,0,0,0,0,0,0
CZK4NXGUW_7125-8269-7637-8781,0,0,1,0,0,0,0,0,0
CZK4NXGUW_7591-8219-8103-8731,0,0,1,0,0,0,0,0,0
CZK4NXGUW_7305-6629-7817-7141,0,0,1,0,0,0,0,0,0
CZK4NXGUW_7305-3045-7817-3557,0,0,1,0,0,0,0,0,0
CZK4NXGUW_7305-5605-7817-6117,0,0,1,0,0,0,0,0,0
CZK4NXGUW_7223-7294-7735-7806,0,0,1,0,0,0,0,0,0
CZK4NXGUW_7327-1480-7839-1992,0,0,1,0,0,0,0,0,0
CZK4NXGUW_7327-1992-7839-2504,0,0,1,0,0,0,0,0,0
CZK4NXGUW_7328-6150-7840-6662,0,0,1,0,0,0,0,0,0
CZK4NXGUW_7170-7779-7682-8291,0,0,1,0,0,0,0,0,0
CZK4NXGUW_768-3985-1280-4497,0,0,1,0,0,0,0,0,0
CZK4NXGUW_768-5009-1280-5521,0,0,1,0,0,0,0,0,0
CZK4NXGUW_768-6033-1280-6545,0,0,1,0,0,0,0,0,0
CZK4NXGUW_768-4497-1280-5009,0,0,1,0,0,0,0,0,0
CZK4NXGUW_768-5521-1280-6033,0,0,1,0,0,0,0,0,0
CZK4NXGUW_7817-1509-8329-2021,0,0,1,0,0,0,0,0,0
CZK4NXGUW_7735-7294-8247-7806,0,0,1,0,0,0,0,0,0
CZK4NXGUW_7817-3045-8329-3557,0,0,1,0,0,0,0,0,0
CZK4NXGUW_7735-7806-8247-8318,0,0,1,0,0,0,0,0,0
CZK4NXGUW_8103-7195-8615-7707,0,0,1,0,0,0,0,0,0
CZK4NXGUW_7817-6629-8329-7141,0,0,1,0,0,1,0,0,0
CZK4NXGUW_8103-8219-8615-8731,0,0,1,0,0,0,0,0,0
CZK4NXGUW_8103-6683-8615-7195,0,0,1,0,0,1,0,0,0
CZK4NXGUW_8329-2021-8841-2533,0,0,1,0,0,0,0,0,0
CZK4NXGUW_8329-3045-8841-3557,0,0,1,0,0,0,0,0,0
CZK4NXGUW_8103-7707-8615-8219,0,0,1,0,0,0,0,0,0
CZK4NXGUW_7817-6117-8329-6629,0,0,1,0,0,1,0,0,0
CZK4NXGUW_8329-6117-8841-6629,0,0,1,0,0,0,0,0,0
CZK4NXGUW_8615-6683-9127-7195,0,0,1,0,0,0,0,0,0
CZK4NXGUW_8841-2533-9353-3045,0,0,1,0,0,0,0,0,0
CZK4NXGUW_8615-8219-9127-8731,0,0,1,0,0,0,0,0,0
CZK4NXGUW_8841-2021-9353-2533,0,0,1,0,0,0,0,0,0
CZK4NXGUW_8841-5093-9353-5605,0,0,1,0,0,0,0,0,0
CZK4NXGUW_8841-4581-9353-5093,0,0,1,0,0,0,0,0,0
CZK4NXGUW_8841-6117-9353-6629,0,0,1,0,0,0,0,0,0
CZK4NXGUW_9104-6261-9616-6773,0,0,1,0,0,0,0,0,0
CZK4NXGUW_9127-6683-9639-7195,0,0,1,0,0,0,0,0,0
CZK4NXGUW_9639-6683-10151-7195,0,0,1,0,0,0,0,0,0
CZK4NXGUW_9127-8219-9639-8731,0,0,1,0,0,0,0,0,0
CZK4NXGUW_9353-2021-9865-2533,0,0,1,0,0,0,0,0,0
CZK4NXGUW_9353-2533-9865-3045,0,0,1,0,0,0,0,0,0
CZK4NXGUW_9127-7195-9639-7707,0,0,1,0,0,0,0,0,0
CZK4NXGUW_9353-6117-9865-6629,0,0,1,0,0,0,0,0,0
CZK4NXGUW_9865-2021-10377-2533,0,0,1,0,0,0,0,0,0
CZK4NXGUW_9639-7195-10151-7707,0,0,1,0,0,0,0,0,0
CZK4NXGUW_9639-8219-10151-8731,0,0,1,0,0,0,0,0,0
CZK4NXGUW_9865-2533-10377-3045,0,0,1,0,0,0,0,0,0
CZK4NXGUW_9865-6117-10377-6629,0,0,1,0,0,0,0,0,0
D3KUPVKRK_2029-4343-2541-4855,0,0,0,0,0,0,0,0,1
D3KUPVKRK_1501-4341-2013-4853,0,0,0,0,0,0,0,0,1
D3KUPVKRK_4693-480-5205-992,0,0,0,0,0,0,0,0,1
D3KUPVKRK_4441-1633-4953-2145,0,0,0,0,0,0,0,0,1
D3KUPVKRK_6217-535-6729-1047,0,0,0,0,0,0,0,0,1
D3KUPVKRK_3598-4459-4110-4971,0,0,0,0,0,0,0,0,1
D3KUPVKRK_6729-535-7241-1047,0,0,0,0,0,0,0,0,1
D3KUPVKRK_8137-2710-8649-3222,0,0,0,0,0,0,0,0,1
D3KUPVKRK_8447-3878-8959-4390,0,0,0,0,0,0,0,0,1
D3XYLCKUL_1505-2952-2017-3464,0,0,0,0,0,0,1,0,0
D3XYLCKUL_2396-2937-2908-3449,0,0,0,0,0,0,1,0,0
D3KUPVKRK_738-3482-1250-3994,0,0,0,0,0,0,0,0,1
D3XYLCKUL_2396-2425-2908-2937,0,0,0,0,0,0,1,0,0
D3XYLCKUL_1505-2440-2017-2952,0,0,0,0,0,0,1,0,0
D3XYLCKUL_3284-1751-3796-2263,0,0,0,0,0,0,1,0,0
D3XYLCKUL_3284-2263-3796-2775,0,0,0,0,0,0,1,0,0
D3XYLCKUL_2942-842-3454-1354,0,0,0,0,0,0,1,0,0
D3XYLCKUL_3740-3032-4252-3544,0,0,0,0,0,0,1,0,0
D3XYLCKUL_3740-3544-4252-4056,0,0,0,0,0,0,1,0,0
D3XYLCKUL_3284-2775-3796-3287,0,0,0,0,0,0,1,0,0
D3XYLCKUL_6694-1079-7206-1591,0,0,0,0,0,0,1,0,0
D3XYLCKUL_4137-1721-4649-2233,0,0,0,0,0,0,1,0,0
D3XYLCKUL_4137-2233-4649-2745,0,0,0,0,0,0,1,0,0
D3XYLCKUL_4151-3523-4663-4035,0,0,0,0,0,0,1,0,0
D3XYLCKUL_6694-567-7206-1079,0,0,0,0,0,0,1,0,0
D3XYLCKUL_7718-1591-8230-2103,0,0,0,0,0,0,1,0,0
D3XYLCKUL_7206-1079-7718-1591,0,0,0,0,0,0,1,0,0
D3XYLCKUL_8230-1591-8742-2103,0,0,0,0,0,0,1,0,0
D3XYLCKUL_8230-2103-8742-2615,0,0,0,0,0,0,1,0,0
D6DRCDTHB_10104-1067-10616-1579,0,0,0,0,0,0,0,0,1
D6DRCDTHB_10286-11915-10798-12427,0,0,0,0,0,0,0,0,1
D6DRCDTHB_10691-3052-11203-3564,0,0,0,0,0,0,0,0,1
D6DRCDTHB_10286-11403-10798-11915,0,0,0,0,0,0,0,0,1
D6DRCDTHB_11795-2788-12307-3300,0,0,0,0,0,0,0,0,1
D6DRCDTHB_10965-6642-11477-7154,0,0,0,0,0,0,0,0,1
D6DRCDTHB_12246-6462-12758-6974,0,0,0,0,0,0,0,0,1
D6DRCDTHB_12057-6885-12569-7397,0,0,0,0,0,0,0,0,1
D6DRCDTHB_12213-7977-12725-8489,0,0,0,0,0,0,0,0,1
D6DRCDTHB_12662-4694-13174-5206,0,0,0,0,0,0,0,0,1
D6DRCDTHB_12766-14360-13278-14872,0,0,0,0,0,0,0,0,1
D6DRCDTHB_12766-13848-13278-14360,0,0,0,0,0,0,0,0,1
D6DRCDTHB_12339-10228-12851-10740,0,0,0,0,0,0,0,0,1
D6DRCDTHB_12898-6380-13410-6892,0,0,0,0,0,0,0,0,1
D6DRCDTHB_13180-5787-13692-6299,0,0,0,0,0,0,0,0,1
D6DRCDTHB_13002-6143-13514-6655,0,0,0,0,0,0,0,0,1
D6DRCDTHB_12898-6892-13410-7404,0,0,0,0,0,0,0,0,1
D6DRCDTHB_13002-5631-13514-6143,0,0,0,0,0,0,0,0,1
D6DRCDTHB_4454-4310-4966-4822,0,0,0,0,0,0,0,0,1
D6DRCDTHB_12950-12583-13462-13095,0,0,0,0,0,0,0,0,1
D6DRCDTHB_4612-4134-5124-4646,0,0,0,0,0,0,0,0,1
D6DRCDTHB_3915-4384-4427-4896,0,0,0,0,0,0,0,0,1
D6DRCDTHB_4788-4320-5300-4832,0,0,0,0,0,0,0,0,1
D6DRCDTHB_5089-4369-5601-4881,0,0,0,0,0,0,0,0,1
D6DRCDTHB_6453-4267-6965-4779,0,0,0,0,0,0,0,0,1
D6DRCDTHB_8429-5235-8941-5747,0,0,0,0,0,0,0,0,1
D6DRCDTHB_5884-4435-6396-4947,0,0,0,0,0,0,0,0,1
D6DRCDTHB_5601-4369-6113-4881,0,0,0,0,0,0,0,0,1
D6DRCDTHB_6818-4192-7330-4704,0,0,0,0,0,0,0,0,1
D6DRCDTHB_8071-5511-8583-6023,0,0,0,0,0,0,0,0,1
D6DRCDTHB_6077-4265-6589-4777,0,0,0,0,0,0,0,0,1
D6DRCDTHB_8429-5747-8941-6259,0,0,0,0,0,0,0,0,1
D6DRCDTHB_8842-10888-9354-11400,0,0,0,0,0,0,0,0,1
D6DRCDTHB_8769-4986-9281-5498,0,0,0,0,0,0,0,0,1
D6DRCDTHB_9353-12582-9865-13094,0,0,0,0,0,0,0,0,1
D6DRCDTHB_9336-13381-9848-13893,0,0,0,0,0,0,0,0,1
D6DRCDTHB_9664-7169-10176-7681,0,0,0,0,0,0,0,0,1
D6DRCDTHB_8429-6259-8941-6771,0,0,0,0,0,0,0,0,1
D6DRCDTHB_9364-5022-9876-5534,0,0,0,0,0,0,0,0,1
D6DRCDTHB_9664-7681-10176-8193,0,0,0,0,0,0,0,0,1
D6MJE288I_4659-1442-5171-1954,0,0,0,0,0,0,0,0,1
D6MJE288I_1894-4162-2406-4674,0,0,0,0,0,0,0,0,1
D6MJE288I_5524-5179-6036-5691,0,0,0,0,0,0,0,0,1
D6MJE288I_8223-8110-8735-8622,0,0,0,0,0,0,0,0,1
D6MJE288I_8223-8622-8735-9134,0,0,0,0,0,0,0,0,1
D6MJE288I_8223-7598-8735-8110,0,0,0,0,0,0,0,0,1
D6MJE288I_8259-5875-8771-6387,0,0,0,0,0,0,0,0,1
D6MJE288I_8412-825-8924-1337,0,0,0,0,0,0,0,0,1
D6MJE288I_8259-6387-8771-6899,0,0,0,0,0,0,0,0,1
D83BCIF7K_1847-426-2359-938,1,0,0,0,0,0,0,0,0
D83BCIF7K_1328-649-1840-1161,1,0,0,0,0,0,0,0,0
D74GYWJR3_367-3999-879-4511,0,0,0,0,0,1,0,0,0
D83BCIF7K_4451-1241-4963-1753,1,0,0,0,0,0,0,0,0
D83BCIF7K_4450-232-4962-744,1,0,0,0,0,0,0,0,0
D83BCIF7K_4951-2195-5463-2707,1,0,0,0,0,0,0,0,0
D83BCIF7K_4962-744-5474-1256,1,0,0,0,0,0,0,0,0
D83BCIF7K_4962-232-5474-744,1,0,0,0,0,0,0,0,0
D83BCIF7K_5014-1327-5526-1839,1,0,0,0,0,0,0,0,0
D83BCIF7K_5474-744-5986-1256,1,0,0,0,0,0,0,0,0
D83BCIF7K_5477-2050-5989-2562,1,0,0,0,0,0,0,0,0
D83BCIF7K_5778-2049-6290-2561,1,0,0,0,0,0,0,0,0
D83BCIF7K_5778-1537-6290-2049,1,0,0,0,0,0,0,0,0
D83BCIF7K_5526-1327-6038-1839,1,0,0,0,0,0,0,0,0
D83BCIF7K_5611-359-6123-871,1,0,0,0,0,0,0,0,0
D83BCIF7K_6290-2049-6802-2561,1,0,0,0,0,0,0,0,0
D83BCIF7K_6290-1537-6802-2049,1,0,0,0,0,0,0,0,0
D83BCIF7K_5991-1387-6503-1899,1,0,0,0,0,0,0,0,0
D83BCIF7K_7731-3715-8243-4227,1,0,0,0,0,0,0,0,0
D83BCIF7K_7294-2662-7806-3174,1,0,0,0,0,0,0,0,0
D83BCIF7K_7294-2150-7806-2662,1,0,0,0,0,0,0,0,0
D83BCIF7K_6782-2150-7294-2662,1,0,0,0,0,0,0,0,0
D83BCIF7K_6802-1537-7314-2049,1,0,0,0,0,0,0,0,0
D83BCIF7K_7211-1723-7723-2235,1,0,0,0,0,0,0,0,0
D83BCIF7K_7726-5457-8238-5969,1,0,0,0,0,0,0,0,0
D83BCIF7K_7731-4227-8243-4739,1,0,0,0,0,0,0,0,0
D83BCIF7K_7927-4545-8439-5057,1,0,0,0,0,0,0,0,0
D83BCIF7K_8207-2938-8719-3450,1,0,0,0,0,0,0,0,0
D83BCIF7K_7806-2662-8318-3174,1,0,0,0,0,0,0,0,0
D83BCIF7K_8207-3450-8719-3962,1,0,0,0,0,0,0,0,0
D83BCIF7K_8238-5969-8750-6481,1,0,0,0,0,0,0,0,0
D83BCIF7K_8238-5457-8750-5969,1,0,0,0,0,0,0,0,0
D83BCIF7K_8243-4227-8755-4739,1,0,0,0,0,0,0,0,0
D83BCIF7K_8281-2306-8793-2818,1,0,0,0,0,0,0,0,0
D83BCIF7K_8243-3715-8755-4227,1,0,0,0,0,0,0,0,0
D83BCIF7K_8281-1794-8793-2306,1,0,0,0,0,0,0,0,0
D83BCIF7K_8755-3715-9267-4227,1,0,0,0,0,0,0,0,0
D83BCIF7K_8439-4545-8951-5057,1,0,0,0,0,0,0,0,0
D83BCIF7K_8719-2938-9231-3450,1,0,0,0,0,0,0,0,0
D83BCIF7K_8520-2720-9032-3232,1,0,0,0,0,0,0,0,0
D83BCIF7K_8750-5457-9262-5969,1,0,0,0,0,0,0,0,0
D83BCIF7K_8719-3450-9231-3962,1,0,0,0,0,0,0,0,0
D83BCIF7K_8750-5969-9262-6481,1,0,0,0,0,0,0,0,0
D83BCIF7K_8793-2306-9305-2818,1,0,0,0,0,0,0,0,0
D83BCIF7K_8793-1794-9305-2306,1,0,0,0,0,0,0,0,0
D83BCIF7K_8951-4545-9463-5057,1,0,0,0,0,0,0,0,0
D83BCIF7K_8755-4227-9267-4739,1,0,0,0,0,0,0,0,0
D83BCIF7K_9040-3416-9552-3928,1,0,0,0,0,0,0,0,0
D83BCIF7K_9463-5057-9975-5569,1,0,0,0,0,0,0,0,0
D83BCIF7K_9424-5865-9936-6377,1,0,0,0,0,0,0,0,0
D83BCIF7K_9305-2306-9817-2818,1,0,0,0,0,0,0,0,0
D83BCIF7K_9463-4545-9975-5057,1,0,0,0,0,0,0,0,0
D83BCIF7K_9040-2392-9552-2904,1,0,0,0,0,0,0,0,0
D83BCIF7K_9040-2904-9552-3416,1,0,0,0,0,0,0,0,0
D83BCIF7K_9936-5865-10448-6377,1,0,0,0,0,0,0,0,0
D83BCIF7K_9552-2392-10064-2904,1,0,0,0,0,0,0,0,0
D83BCIF7K_9552-2904-10064-3416,1,0,0,0,0,0,0,0,0
D83BCIF7K_9905-3629-10417-4141,1,0,0,0,0,0,0,0,0
D83BCIF7K_9975-5057-10487-5569,1,0,0,0,0,0,0,0,0
D83BCIF7K_9552-3416-10064-3928,1,0,0,0,0,0,0,0,0
D83BCIF7K_9888-4642-10400-5154,1,0,0,0,0,0,0,0,0
D84Q4VRIJ_3973-7233-4485-7745,0,0,0,0,0,0,1,0,0
D84Q4VRIJ_4485-7233-4997-7745,0,0,0,0,0,0,1,0,0
D84Q4VRIJ_2833-7192-3345-7704,0,0,0,0,0,0,1,0,0
D84Q4VRIJ_2321-7192-2833-7704,0,0,0,0,0,0,1,0,0
DABJVL92Q_11769-793-12281-1305,0,1,0,0,0,0,0,0,0
DABJVL92Q_11257-1305-11769-1817,0,1,0,0,0,0,0,0,0
DABJVL92Q_12281-1305-12793-1817,0,1,0,0,0,0,0,0,0
DABJVL92Q_11257-793-11769-1305,0,1,0,0,0,0,0,0,0
DABJVL92Q_11769-1305-12281-1817,0,1,0,0,0,0,0,0,0
DABJVL92Q_10397-1517-10909-2029,0,1,0,0,0,0,0,0,0
D84Q4VRIJ_4770-10644-5282-11156,0,0,0,0,0,0,1,0,0
DABJVL92Q_12793-1305-13305-1817,0,1,0,0,0,0,0,0,0
DABJVL92Q_12281-793-12793-1305,0,1,0,0,0,0,0,0,0
DABJVL92Q_13194-2999-13706-3511,0,1,0,0,0,0,0,0,0
DABJVL92Q_13305-1305-13817-1817,0,1,0,0,0,0,0,0,0
DABJVL92Q_12793-793-13305-1305,0,1,0,0,0,0,0,0,0
DABJVL92Q_13659-2508-14171-3020,0,1,0,0,0,0,0,0,0
DABJVL92Q_13591-1402-14103-1914,0,1,0,0,0,0,0,0,0
DABJVL92Q_13906-3087-14418-3599,0,1,0,0,0,0,0,0,0
DABJVL92Q_13905-1283-14417-1795,0,1,0,0,0,0,0,0,0
DABJVL92Q_13659-3020-14171-3532,0,1,0,0,0,0,0,0,0
DABJVL92Q_13906-3599-14418-4111,0,1,0,0,0,0,0,0,0
DABJVL92Q_8413-1685-8925-2197,0,1,0,0,0,0,0,0,0
DABJVL92Q_8925-1685-9437-2197,0,1,0,0,0,0,0,0,0
DABJVL92Q_9069-1154-9581-1666,0,1,0,0,0,0,0,0,0
DABJVL92Q_8557-642-9069-1154,0,1,0,0,0,0,0,0,0
DABJVL92Q_9069-642-9581-1154,0,1,0,0,0,0,0,0,0
DABJVL92Q_8557-1154-9069-1666,0,1,0,0,0,0,0,0,0
DABJVL92Q_9437-1685-9949-2197,0,1,0,0,0,0,0,0,0
DAHLJKA2W_1145-6379-1657-6891,0,0,1,0,0,0,0,0,0
DABJVL92Q_9581-642-10093-1154,0,1,0,0,0,0,0,0,0
DAHLJKA2W_1438-6828-1950-7340,0,0,1,0,0,0,0,0,0
DABJVL92Q_9885-1517-10397-2029,0,1,0,0,0,0,0,0,0
DAHLJKA2W_1145-7915-1657-8427,0,0,1,0,0,0,0,0,0
DAHLJKA2W_1145-7403-1657-7915,0,0,1,0,0,0,0,0,0
DAHLJKA2W_1145-6891-1657-7403,0,0,1,0,0,0,0,0,0
DAHLJKA2W_2230-7515-2742-8027,0,0,1,0,0,0,0,0,0
DAHLJKA2W_2166-8388-2678-8900,0,0,1,0,0,0,0,0,0
DAHLJKA2W_1791-8362-2303-8874,0,0,1,0,0,0,0,0,0
DAHLJKA2W_2317-7746-2829-8258,0,0,1,0,0,0,0,0,0
DAHLJKA2W_2794-7602-3306-8114,0,0,1,0,0,0,0,0,0
DAHLJKA2W_2450-6285-2962-6797,0,0,1,0,0,0,0,0,0
DAHLJKA2W_2568-4828-3080-5340,0,0,1,0,0,0,0,0,0
DAHLJKA2W_2335-7042-2847-7554,0,0,1,0,0,0,0,0,0
DAHLJKA2W_2622-8404-3134-8916,0,0,1,0,0,0,0,0,0
DAHLJKA2W_2469-7299-2981-7811,0,0,1,0,0,0,0,0,0
DAHLJKA2W_2794-7090-3306-7602,0,0,1,0,0,0,0,0,0
DAHLJKA2W_3593-4569-4105-5081,0,0,1,0,0,0,0,0,0
DAHLJKA2W_3268-6300-3780-6812,0,0,1,0,0,0,0,0,0
DAHLJKA2W_3479-5887-3991-6399,0,0,1,0,0,0,0,0,0
DAHLJKA2W_2899-8380-3411-8892,0,0,1,0,0,0,0,0,0
DAHLJKA2W_3638-7086-4150-7598,0,0,1,0,0,0,0,0,0
DAHLJKA2W_3638-6574-4150-7086,0,0,1,0,0,0,0,0,0
DAHLJKA2W_3695-5202-4207-5714,0,0,1,0,0,0,0,0,0
DAHLJKA2W_3882-4490-4394-5002,0,0,1,0,0,0,0,0,0
DAHLJKA2W_3783-4757-4295-5269,0,0,1,0,0,0,0,0,0
DAHLJKA2W_3882-3978-4394-4490,0,0,1,0,0,0,0,0,0
DAHLJKA2W_3882-5514-4394-6026,0,0,1,0,0,0,0,0,0
DAHLJKA2W_3882-8433-4394-8945,0,0,1,0,0,0,0,0,0
DAHLJKA2W_4083-5305-4595-5817,0,0,1,0,0,0,0,0,0
DAHLJKA2W_3882-5002-4394-5514,0,0,1,0,0,0,0,0,0
DAHLJKA2W_4125-7026-4637-7538,0,0,1,0,0,0,0,0,0
DAHLJKA2W_3924-2709-4436-3221,0,0,1,0,0,0,0,0,0
DAHLJKA2W_4083-4793-4595-5305,0,0,1,0,0,0,0,0,0
DAHLJKA2W_4125-7538-4637-8050,0,0,1,0,0,0,0,0,0
DAHLJKA2W_4144-8331-4656-8843,0,0,1,0,0,0,0,0,0
DAHLJKA2W_4350-6225-4862-6737,0,0,1,0,0,0,0,0,0
DAHLJKA2W_4221-2372-4733-2884,0,0,1,0,0,0,0,0,0
DAHLJKA2W_4144-7819-4656-8331,0,0,1,0,0,0,0,0,0
DAHLJKA2W_4221-2884-4733-3396,0,0,1,0,0,0,0,0,0
DAHLJKA2W_4384-6927-4896-7439,0,0,1,0,0,0,0,0,0
DAHLJKA2W_4350-7249-4862-7761,0,0,1,0,0,0,0,0,0
DAHLJKA2W_4394-3466-4906-3978,0,0,1,0,0,0,0,0,0
DAHLJKA2W_4394-3978-4906-4490,0,0,1,0,0,0,0,0,0
DAHLJKA2W_4394-4490-4906-5002,0,0,1,0,0,0,0,0,0
DAHLJKA2W_633-6379-1145-6891,0,0,1,0,0,0,0,0,0
DAHLJKA2W_696-6830-1208-7342,0,0,1,0,0,0,0,0,0
DAHLJKA2W_4394-5514-4906-6026,0,0,1,0,0,0,0,0,0
DAHLJKA2W_696-7854-1208-8366,0,0,1,0,0,0,0,0,0
DAHLJKA2W_822-8221-1334-8733,0,0,1,0,0,0,0,0,0
DAHLJKA2W_696-7342-1208-7854,0,0,1,0,0,0,0,0,0
DAN3EFHAG_5186-5481-5698-5993,0,0,0,1,0,0,0,0,0
DAHLJKA2W_4394-5002-4906-5514,0,0,1,0,0,0,0,0,0
DB1MKZK3T_4677-8394-5189-8906,1,0,0,0,0,0,0,0,0
DB1MKZK3T_6335-7967-6847-8479,1,0,0,0,0,0,0,0,0
DAN3EFHAG_5186-5993-5698-6505,0,0,0,1,0,0,0,0,0
DAN3EFHAG_6273-8673-6785-9185,0,0,0,1,0,0,0,0,0
DAN3EFHAG_6273-8161-6785-8673,0,0,0,1,0,0,0,0,0
DB1MKZK3T_6667-8170-7179-8682,1,0,0,0,0,0,0,0,0
DB1MKZK3T_4165-8394-4677-8906,1,0,0,0,0,0,0,0,0
DB1MKZK3T_671-5731-1183-6243,1,0,0,0,0,0,0,0,0
DB1MKZK3T_671-6243-1183-6755,1,0,0,0,0,0,0,0,0
DB1MKZK3T_6847-7455-7359-7967,1,0,0,0,0,0,0,0,0
DB1MKZK3T_671-6755-1183-7267,1,0,0,0,0,0,0,0,0
DB1MKZK3T_7179-8170-7691-8682,1,0,0,0,0,0,0,0,0
DB1MKZK3T_6847-7967-7359-8479,1,0,0,0,0,0,0,0,0
DB1MKZK3T_7871-7455-8383-7967,1,0,0,0,0,0,0,0,0
DB1MKZK3T_7691-8170-8203-8682,1,0,0,0,0,0,0,0,0
DB1MKZK3T_7359-7455-7871-7967,1,0,0,0,0,0,0,0,0
DB1MKZK3T_7359-7967-7871-8479,1,0,0,0,0,0,0,0,0
DB1MKZK3T_7871-7967-8383-8479,1,0,0,0,0,0,0,0,0
DB1MKZK3T_7921-7094-8433-7606,1,0,0,0,0,0,0,0,0
DB3EDPXLW_3389-5206-3901-5718,0,1,0,0,0,0,0,0,0
DB3EDPXLW_4125-3523-4637-4035,0,1,0,0,0,0,0,0,0
DB3EDPXLW_2943-2619-3455-3131,0,1,0,0,0,0,0,0,0
DB3EDPXLW_1315-2214-1827-2726,0,1,0,0,0,0,0,0,0
DB3EDPXLW_1630-628-2142-1140,0,1,0,0,0,0,0,0,0
DB3EDPXLW_1833-899-2345-1411,0,1,0,0,0,0,0,0,0
DB3EDPXLW_4449-859-4961-1371,0,1,0,0,0,0,0,0,0
DB3EDPXLW_4544-3489-5056-4001,0,1,0,0,0,0,0,0,0
DB8MBX4ND_1033-3672-1545-4184,0,0,0,0,0,0,0,0,1
DB3EDPXLW_6537-4095-7049-4607,0,1,0,0,0,0,0,0,0
DB3EDPXLW_616-5079-1128-5591,0,1,0,0,0,0,0,0,0
DB8MBX4ND_1771-3475-2283-3987,0,0,0,0,0,0,0,0,1
DB8MBX4ND_2566-1494-3078-2006,0,0,0,0,0,0,0,0,1
DB8MBX4ND_1812-4131-2324-4643,0,0,0,0,0,0,0,0,1
DB8MBX4ND_1917-3224-2429-3736,0,0,0,0,0,0,0,0,1
DB8MBX4ND_2259-3029-2771-3541,0,0,0,0,0,0,0,0,1
DB8MBX4ND_938-4379-1450-4891,0,0,0,0,0,0,0,0,1
DCM63W1ZI_1005-4716-1517-5228,1,0,0,0,0,0,0,0,0
DB8MBX4ND_2753-1652-3265-2164,0,0,0,0,0,0,0,0,1
DB8MBX4ND_3122-1980-3634-2492,0,0,0,0,0,0,0,0,1
DB8MBX4ND_3323-2137-3835-2649,0,0,0,0,0,0,0,0,1
DB8MBX4ND_2939-1815-3451-2327,0,0,0,0,0,0,0,0,1
DCM63W1ZI_1005-6764-1517-7276,1,0,0,0,0,0,0,0,0
DCM63W1ZI_1005-6252-1517-6764,1,0,0,0,0,0,0,0,0
DCM63W1ZI_1486-1526-1998-2038,1,0,0,0,0,0,0,0,0
DCM63W1ZI_1005-7276-1517-7788,1,0,0,0,0,0,0,0,0
DCM63W1ZI_1517-4716-2029-5228,1,0,0,0,0,0,0,0,0
DCM63W1ZI_1517-4204-2029-4716,1,0,0,0,0,0,0,0,0
DCM63W1ZI_1486-2550-1998-3062,1,0,0,0,0,0,0,0,0
DCM63W1ZI_1486-3062-1998-3574,1,0,0,0,0,0,0,0,0
DCM63W1ZI_1517-7276-2029-7788,1,0,0,0,0,0,0,0,0
DCM63W1ZI_1998-1526-2510-2038,1,0,0,0,0,0,0,0,0
DCM63W1ZI_1486-2038-1998-2550,1,0,0,0,0,0,0,0,0
DCM63W1ZI_1998-2038-2510-2550,1,0,0,0,0,0,0,0,0
DCM63W1ZI_2029-4204-2541-4716,1,0,0,0,0,0,0,0,0
DCM63W1ZI_2541-4716-3053-5228,1,0,0,0,0,0,0,0,0
DCM63W1ZI_1998-2550-2510-3062,1,0,0,0,0,0,0,0,0
DCM63W1ZI_1998-3574-2510-4086,1,0,0,0,0,0,0,0,0
DCM63W1ZI_1998-3062-2510-3574,1,0,0,0,0,0,0,0,0
DCM63W1ZI_2029-7276-2541-7788,1,0,0,0,0,0,0,0,0
DCM63W1ZI_2541-4204-3053-4716,1,0,0,0,0,0,0,0,0
DCM63W1ZI_2541-5228-3053-5740,1,0,0,0,0,0,0,0,0
DCM63W1ZI_2541-6252-3053-6764,1,0,0,0,0,0,0,0,0
DCM63W1ZI_2541-5740-3053-6252,1,0,0,0,0,0,0,0,0
DCM63W1ZI_2541-6764-3053-7276,1,0,0,0,0,0,0,0,0
DCM63W1ZI_2541-7276-3053-7788,1,0,0,0,0,0,0,0,0
DCM63W1ZI_462-2550-974-3062,1,0,0,0,0,0,0,0,0
DCM63W1ZI_462-3062-974-3574,1,0,0,0,0,0,0,0,0
DCM63W1ZI_462-4598-974-5110,1,0,0,0,0,0,0,0,0
DCM63W1ZI_462-3574-974-4086,1,0,0,0,0,0,0,0,0
DCM63W1ZI_462-4086-974-4598,1,0,0,0,0,0,0,0,0
DCM63W1ZI_493-5228-1005-5740,1,0,0,0,0,0,0,0,0
DCM63W1ZI_493-6764-1005-7276,1,0,0,0,0,0,0,0,0
DCM63W1ZI_974-3574-1486-4086,1,0,0,0,0,0,0,0,0
DCM63W1ZI_493-5740-1005-6252,1,0,0,0,0,0,0,0,0
DCM63W1ZI_974-4086-1486-4598,1,0,0,0,0,0,0,0,0
DCM63W1ZI_493-6252-1005-6764,1,0,0,0,0,0,0,0,0
DCM63W1ZI_974-2550-1486-3062,1,0,0,0,0,0,0,0,0
DCM63W1ZI_974-2038-1486-2550,1,0,0,0,0,0,0,0,0
DD2T7AMT2_4295-6194-4807-6706,0,0,0,0,0,0,1,0,0
DD2T7AMT2_4295-6706-4807-7218,0,0,0,0,0,0,1,0,0
DD2T7AMT2_4807-6706-5319-7218,0,0,0,0,0,0,1,0,0
DDFW2GF94_11026-2961-11538-3473,0,0,1,0,0,0,0,0,0
DDFW2GF94_12331-3869-12843-4381,0,0,0,0,1,0,0,0,0
DDFW2GF94_11206-2765-11718-3277,0,0,1,0,0,0,0,0,0
DDFW2GF94_12397-3440-12909-3952,0,0,0,0,1,0,0,0,0
DD2T7AMT2_4807-7218-5319-7730,0,0,0,0,0,0,1,0,0
DD2T7AMT2_5319-7218-5831-7730,0,0,0,0,0,0,1,0,0
DDFW2GF94_12331-4381-12843-4893,0,0,0,0,1,0,0,0,0
DDFW2GF94_12473-3069-12985-3581,0,0,0,0,1,0,0,0,0
DDFW2GF94_12473-2557-12985-3069,0,0,0,0,1,0,0,0,0
DDFW2GF94_3198-978-3710-1490,0,0,0,0,1,0,0,0,0
DDFW2GF94_2002-1386-2514-1898,0,0,0,0,1,0,0,0,0
DDFW2GF94_12537-2195-13049-2707,0,0,0,0,1,0,0,0,0
DDFW2GF94_12551-1656-13063-2168,0,0,0,0,1,0,0,0,0
DDFW2GF94_12590-1320-13102-1832,0,0,0,0,1,0,0,0,0
DDFW2GF94_3971-862-4483-1374,0,0,0,0,1,0,0,0,0
DDFW2GF94_540-2613-1052-3125,0,0,0,0,1,0,0,0,0
DDFW2GF94_553-1933-1065-2445,0,0,0,0,1,0,0,0,0
DDFW2GF94_549-2242-1061-2754,0,0,0,0,1,0,0,0,0
DDFW2GF94_9042-863-9554-1375,0,0,0,0,1,0,0,0,0
DDFW2GF94_630-3517-1142-4029,0,0,0,0,1,0,0,0,0
DDFW2GF94_7652-547-8164-1059,0,0,0,0,1,0,0,0,0
DDFW2GF94_693-3220-1205-3732,0,0,0,0,1,0,0,0,0
DDG8M8QJM_1442-646-1954-1158,0,1,0,0,0,0,0,0,0
DDFW2GF94_736-1513-1248-2025,0,0,0,0,1,0,0,0,0
DDG8M8QJM_1561-6192-2073-6704,0,0,0,0,0,0,1,0,0
DDG8M8QJM_2073-6192-2585-6704,0,0,0,0,0,0,1,0,0
DDG8M8QJM_2466-646-2978-1158,0,1,0,0,0,0,0,0,0
DDG8M8QJM_1954-646-2466-1158,0,1,0,0,0,0,0,0,0
DDG8M8QJM_2078-4875-2590-5387,0,0,0,0,0,0,1,0,0
DDG8M8QJM_2590-3851-3102-4363,0,0,0,0,0,0,1,0,0
DDG8M8QJM_2590-4363-3102-4875,0,0,0,0,0,0,1,0,0
DDG8M8QJM_2434-6344-2946-6856,0,0,0,0,0,0,1,0,0
DDG8M8QJM_2590-4875-3102-5387,0,0,0,0,0,0,1,0,0
DDG8M8QJM_2816-6507-3328-7019,0,0,0,0,0,0,1,0,0
DDG8M8QJM_2816-7531-3328-8043,0,0,0,0,0,0,1,0,0
DDG8M8QJM_2816-7019-3328-7531,0,0,0,0,0,0,1,0,0
DDG8M8QJM_3493-6163-4005-6675,0,0,0,0,0,0,1,0,0
DDG8M8QJM_3973-3296-4485-3808,0,0,0,0,0,0,1,0,0
DDG8M8QJM_3490-646-4002-1158,0,1,0,0,0,0,0,0,0
DDG8M8QJM_2978-646-3490-1158,0,1,0,0,0,0,0,0,0
DDG8M8QJM_2981-6163-3493-6675,0,0,0,0,0,0,1,0,0
DDG8M8QJM_4002-646-4514-1158,0,1,0,0,0,0,0,0,0
DDG8M8QJM_4485-3296-4997-3808,0,0,0,0,0,0,1,0,0
DDG8M8QJM_4514-646-5026-1158,0,1,0,0,0,0,0,0,0
DDG8M8QJM_5538-646-6050-1158,0,1,0,0,0,0,0,0,0
DDG8M8QJM_5026-646-5538-1158,0,1,0,0,0,0,0,0,0
DDG8M8QJM_4967-5492-5479-6004,0,0,0,0,0,0,1,0,0
DDG8M8QJM_5693-1979-6205-2491,0,1,0,0,0,0,0,0,0
DDG8M8QJM_6205-1979-6717-2491,0,1,0,0,0,0,0,0,0
DDG8M8QJM_6717-1979-7229-2491,0,1,0,0,0,0,0,0,0
DDG8M8QJM_930-646-1442-1158,0,1,0,0,0,0,0,0,0
DEAYNVTUK_2268-650-2780-1162,0,0,1,0,0,0,0,0,0
DEAYNVTUK_2344-979-2856-1491,0,0,1,0,0,0,0,0,0
DEHW8FUIB_1098-3826-1610-4338,0,0,1,0,0,0,0,0,0
DEAYNVTUK_1992-756-2504-1268,0,0,1,0,0,0,0,0,0
DEHW8FUIB_1055-2107-1567-2619,0,0,1,0,0,0,0,0,0
DEHW8FUIB_1033-2822-1545-3334,0,0,1,0,0,0,0,0,0
DEHW8FUIB_1057-409-1569-921,0,0,1,0,0,0,0,0,0
DEHW8FUIB_1126-900-1638-1412,0,0,1,0,0,0,0,0,0
DEHW8FUIB_1100-1637-1612-2149,0,0,1,0,0,0,0,0,0
DEHW8FUIB_1138-4120-1650-4632,0,0,1,0,0,0,0,0,0
DEHW8FUIB_1296-2288-1808-2800,0,0,1,0,0,0,0,0,0
DEHW8FUIB_1211-2566-1723-3078,0,0,1,0,0,0,0,0,0
DEHW8FUIB_1357-1595-1869-2107,0,0,1,0,0,0,0,0,0
DEHW8FUIB_1302-1851-1814-2363,0,0,1,0,0,0,0,0,0
DEHW8FUIB_1396-4254-1908-4766,0,0,1,0,0,0,0,0,0
DEHW8FUIB_1367-1040-1879-1552,0,0,1,0,0,0,0,0,0
DEHW8FUIB_1388-1317-1900-1829,0,0,1,0,0,0,0,0,0
DEHW8FUIB_1530-3168-2042-3680,0,0,1,0,0,0,0,0,0
DEHW8FUIB_1569-409-2081-921,0,0,1,0,0,0,0,0,0
DEHW8FUIB_1602-2376-2114-2888,0,0,1,0,0,0,0,0,0
DEHW8FUIB_1602-2888-2114-3400,0,0,1,0,0,0,0,0,0
DEHW8FUIB_1560-3519-2072-4031,0,0,1,0,0,0,0,0,0
DEHW8FUIB_1567-2107-2079-2619,0,0,1,0,0,0,0,0,0
DEHW8FUIB_1610-3826-2122-4338,0,0,1,0,0,0,0,0,0
DEHW8FUIB_1653-1640-2165-2152,0,0,1,0,0,0,0,0,0
DEHW8FUIB_1837-3544-2349-4056,0,0,1,0,0,0,0,0,0
DEHW8FUIB_1815-866-2327-1378,0,0,1,0,0,0,0,0,0
DEHW8FUIB_2010-2422-2522-2934,0,0,1,0,0,0,0,0,0
DEHW8FUIB_2113-3657-2625-4169,0,0,1,0,0,0,0,0,0
DEHW8FUIB_1908-4254-2420-4766,0,0,1,0,0,0,0,0,0
DEHW8FUIB_1867-480-2379-992,0,0,1,0,0,0,0,0,0
DEHW8FUIB_2114-2888-2626-3400,0,0,1,0,0,0,0,0,0
DEHW8FUIB_2286-858-2798-1370,0,0,1,0,0,0,0,0,0
DEHW8FUIB_2244-4014-2756-4526,0,0,1,0,0,0,0,0,0
DEHW8FUIB_2141-1104-2653-1616,0,0,1,0,0,0,0,0,0
DEHW8FUIB_2865-3491-3377-4003,0,0,1,0,0,0,0,0,0
DEHW8FUIB_2738-3966-3250-4478,0,0,1,0,0,0,0,0,0
DEHW8FUIB_2626-2888-3138-3400,0,0,1,0,0,0,0,0,0
DEHW8FUIB_2626-2376-3138-2888,0,0,1,0,0,0,0,0,0
DEHW8FUIB_2541-1214-3053-1726,0,0,1,0,0,0,0,0,0
DEHW8FUIB_2943-2112-3455-2624,0,0,1,0,0,0,0,0,0
DEHW8FUIB_2379-480-2891-992,0,0,1,0,0,0,0,0,0
DEHW8FUIB_2893-2995-3405-3507,0,0,1,0,0,0,0,0,0
DEHW8FUIB_3138-2376-3650-2888,0,0,1,0,0,0,0,0,0
DEHW8FUIB_3070-416-3582-928,0,0,1,0,0,0,0,0,0
DEHW8FUIB_3172-3780-3684-4292,0,0,1,0,0,0,0,0,0
DEHW8FUIB_3417-2101-3929-2613,0,0,1,0,0,0,0,0,0
DEHW8FUIB_3138-2888-3650-3400,0,0,1,0,0,0,0,0,0
DEHW8FUIB_3213-3271-3725-3783,0,0,1,0,0,0,0,0,0
DEHW8FUIB_3394-3907-3906-4419,0,0,1,0,0,0,0,0,0
DEHW8FUIB_3525-3133-4037-3645,0,0,1,0,0,0,0,0,0
DEHW8FUIB_3471-566-3983-1078,0,0,1,0,0,0,0,0,0
DEHW8FUIB_3572-814-4084-1326,0,0,1,0,0,0,0,0,0
DEHW8FUIB_3932-1567-4444-2079,0,0,1,0,0,0,0,0,0
DEHW8FUIB_3596-3516-4108-4028,0,0,1,0,0,0,0,0,0
DEHW8FUIB_3988-562-4500-1074,0,0,1,0,0,0,0,0,0
DEHW8FUIB_4057-1970-4569-2482,0,0,1,0,0,0,0,0,0
DEHW8FUIB_4005-1317-4517-1829,0,0,1,0,0,0,0,0,0
DEHW8FUIB_3798-3305-4310-3817,0,0,1,0,0,0,0,0,0
DEHW8FUIB_3684-3780-4196-4292,0,0,1,0,0,0,0,0,0
DEHW8FUIB_3884-2577-4396-3089,0,0,1,0,0,0,0,0,0
DEHW8FUIB_4088-3759-4600-4271,0,0,1,0,0,0,0,0,0
DEHW8FUIB_4303-3981-4815-4493,0,0,1,0,0,0,0,0,0
DEHW8FUIB_436-4018-948-4530,0,0,1,0,0,0,0,0,0
DEHW8FUIB_4088-4271-4600-4783,0,0,1,0,0,0,0,0,0
DEHW8FUIB_4247-794-4759-1306,0,0,1,0,0,0,0,0,0
DEHW8FUIB_4497-1796-5009-2308,0,0,1,0,0,0,0,0,0
DEHW8FUIB_450-1463-962-1975,0,0,1,0,0,0,0,0,0
DEHW8FUIB_4506-2798-5018-3310,0,0,1,0,0,0,0,0,0
DEHW8FUIB_4580-4382-5092-4894,0,0,1,0,0,0,0,0,0
DEHW8FUIB_4596-676-5108-1188,0,0,1,0,0,0,0,0,0
DEHW8FUIB_4638-3301-5150-3813,0,0,1,0,0,0,0,0,0
DEHW8FUIB_4913-2297-5425-2809,0,0,1,0,0,0,0,0,0
DEHW8FUIB_4770-1782-5282-2294,0,0,1,0,0,0,0,0,0
DEHW8FUIB_5023-1909-5535-2421,0,0,1,0,0,0,0,0,0
DEHW8FUIB_4635-2563-5147-3075,0,0,1,0,0,0,0,0,0
DEHW8FUIB_4600-3759-5112-4271,0,0,1,0,0,0,0,0,0
DEHW8FUIB_4932-847-5444-1359,0,0,1,0,0,0,0,0,0
DEHW8FUIB_5067-3522-5579-4034,0,0,1,0,0,0,0,0,0
DEHW8FUIB_5112-4271-5624-4783,0,0,1,0,0,0,0,0,0
DEHW8FUIB_5254-3119-5766-3631,0,0,1,0,0,0,0,0,0
DEHW8FUIB_5217-3974-5729-4486,0,0,1,0,0,0,0,0,0
DEHW8FUIB_5282-1121-5794-1633,0,0,1,0,0,0,0,0,0
DEHW8FUIB_530-1726-1042-2238,0,0,1,0,0,0,0,0,0
DEHW8FUIB_545-921-1057-1433,0,0,1,0,0,0,0,0,0
DEHW8FUIB_5322-2258-5834-2770,0,0,1,0,0,0,0,0,0
DEHW8FUIB_5100-2547-5612-3059,0,0,1,0,0,0,0,0,0
DEHW8FUIB_545-409-1057-921,0,0,1,0,0,0,0,0,0
DEHW8FUIB_5447-4148-5959-4660,0,0,1,0,0,0,0,0,0
DEHW8FUIB_5624-3247-6136-3759,0,0,1,0,0,0,0,0,0
DEHW8FUIB_5527-1490-6039-2002,0,0,1,0,0,0,0,0,0
DEHW8FUIB_5527-978-6039-1490,0,0,1,0,0,0,0,0,0
DEHW8FUIB_5586-427-6098-939,0,0,1,0,0,0,0,0,0
DEHW8FUIB_5624-3759-6136-4271,0,0,1,0,0,0,0,0,0
DEHW8FUIB_5595-2008-6107-2520,0,0,1,0,0,0,0,0,0
DEHW8FUIB_5727-4219-6239-4731,0,0,1,0,0,0,0,0,0
DEHW8FUIB_5737-1747-6249-2259,0,0,1,0,0,0,0,0,0
DEHW8FUIB_579-2135-1091-2647,0,0,1,0,0,0,0,0,0
DEHW8FUIB_5844-2901-6356-3413,0,0,1,0,0,0,0,0,0
DEHW8FUIB_5895-3655-6407-4167,0,0,1,0,0,0,0,0,0
DEHW8FUIB_5925-2284-6437-2796,0,0,1,0,0,0,0,0,0
DEHW8FUIB_5928-1966-6440-2478,0,0,1,0,0,0,0,0,0
DEHW8FUIB_6016-4218-6528-4730,0,0,1,0,0,0,0,0,0
DEHW8FUIB_6060-2610-6572-3122,0,0,1,0,0,0,0,0,0
DEHW8FUIB_6039-1490-6551-2002,0,0,1,0,0,0,0,0,0
DEHW8FUIB_5950-3240-6462-3752,0,0,1,0,0,0,0,0,0
DEHW8FUIB_6039-978-6551-1490,0,0,1,0,0,0,0,0,0
DEHW8FUIB_6098-427-6610-939,0,0,1,0,0,0,0,0,0
DEHW8FUIB_6440-1966-6952-2478,0,0,1,0,0,0,0,0,0
DEHW8FUIB_6136-3759-6648-4271,0,0,1,0,0,0,0,0,0
DEHW8FUIB_6400-851-6912-1363,0,0,1,0,0,0,0,0,0
DEHW8FUIB_6437-2284-6949-2796,0,0,1,0,0,0,0,0,0
DEHW8FUIB_6286-3304-6798-3816,0,0,1,0,0,0,0,0,0
DEHW8FUIB_6517-1538-7029-2050,0,0,1,0,0,0,0,0,0
DEHW8FUIB_6648-3759-7160-4271,0,0,1,0,0,0,0,0,0
DEHW8FUIB_6648-3247-7160-3759,0,0,1,0,0,0,0,0,0
DEHW8FUIB_6793-476-7305-988,0,0,1,0,0,0,0,0,0
DEHW8FUIB_6648-4271-7160-4783,0,0,1,0,0,0,0,0,0
DEHW8FUIB_6842-1522-7354-2034,0,0,1,0,0,0,0,0,0
DEHW8FUIB_7160-3759-7672-4271,0,0,1,0,0,0,0,0,0
DEHW8FUIB_7160-4271-7672-4783,0,0,1,0,0,0,0,0,0
DEHW8FUIB_6897-3524-7409-4036,0,0,1,0,0,0,0,0,0
DEHW8FUIB_7160-3247-7672-3759,0,0,1,0,0,0,0,0,0
DEHW8FUIB_6952-1966-7464-2478,0,0,1,0,0,0,0,0,0
DEHW8FUIB_6961-670-7473-1182,0,0,1,0,0,0,0,0,0
DEHW8FUIB_7232-1300-7744-1812,0,0,1,0,0,0,0,0,0
DEHW8FUIB_7241-582-7753-1094,0,0,1,0,0,0,0,0,0
DEHW8FUIB_7377-1895-7889-2407,0,0,1,0,0,0,0,0,0
DEHW8FUIB_7164-2340-7676-2852,0,0,1,0,0,0,0,0,0
DEHW8FUIB_7389-2171-7901-2683,0,0,1,0,0,0,0,0,0
DEHW8FUIB_7453-4096-7965-4608,0,0,1,0,0,0,0,0,0
DEHW8FUIB_7634-427-8146-939,0,0,1,0,0,0,0,0,0
DEHW8FUIB_7506-2810-8018-3322,0,0,1,0,0,0,0,0,0
DEHW8FUIB_7506-3322-8018-3834,0,0,1,0,0,0,0,0,0
DEHW8FUIB_7600-2427-8112-2939,0,0,1,0,0,0,0,0,0
DEHW8FUIB_7842-1717-8354-2229,0,0,1,0,0,0,0,0,0
DEHW8FUIB_769-1582-1281-2094,0,0,1,0,0,0,0,0,0
DEHW8FUIB_7872-586-8384-1098,0,0,1,0,0,0,0,0,0
DEHW8FUIB_790-1851-1302-2363,0,0,1,0,0,0,0,0,0
DEHW8FUIB_7894-3956-8406-4468,0,0,1,0,0,0,0,0,0
DEHW8FUIB_7860-1343-8372-1855,0,0,1,0,0,0,0,0,0
DEHW8FUIB_793-3370-1305-3882,0,0,1,0,0,0,0,0,0
DEHW8FUIB_796-2632-1308-3144,0,0,1,0,0,0,0,0,0
DEHW8FUIB_8141-4032-8653-4544,0,0,1,0,0,0,0,0,0
DEHW8FUIB_8029-4297-8541-4809,0,0,1,0,0,0,0,0,0
DEHW8FUIB_8002-1122-8514-1634,0,0,1,0,0,0,0,0,0
DEHW8FUIB_8018-2810-8530-3322,0,0,1,0,0,0,0,0,0
DEHW8FUIB_8146-427-8658-939,0,0,1,0,0,0,0,0,0
DEHW8FUIB_8018-2298-8530-2810,0,0,1,0,0,0,0,0,0
DEHW8FUIB_859-3056-1371-3568,0,0,1,0,0,0,0,0,0
DFAEFMUTR_10412-3087-10924-3599,0,1,0,0,0,0,0,0,0
DFAEFMUTR_10412-4111-10924-4623,0,1,0,0,0,0,0,0,0
DFAEFMUTR_10412-5647-10924-6159,0,1,0,0,0,0,0,0,0
DEHW8FUIB_8242-3759-8754-4271,0,0,1,0,0,0,0,0,0
DEHW8FUIB_830-4066-1342-4578,0,0,1,0,0,0,0,0,0
DFAEFMUTR_10924-3087-11436-3599,0,1,0,0,0,0,0,0,0
DFAEFMUTR_10924-3599-11436-4111,0,1,0,0,0,0,0,0,0
DFAEFMUTR_10412-6159-10924-6671,0,1,0,0,0,0,0,0,0
DFAEFMUTR_10412-6671-10924-7183,0,1,0,0,0,0,0,0,0
DFAEFMUTR_10924-2575-11436-3087,0,1,0,0,0,0,0,0,0
DFAEFMUTR_10924-4111-11436-4623,0,1,0,0,0,0,0,0,0
DFAEFMUTR_1196-8207-1708-8719,0,1,0,0,0,0,0,0,0
DFAEFMUTR_1708-3599-2220-4111,0,1,0,0,0,0,0,0,0
DFAEFMUTR_1196-4623-1708-5135,0,1,0,0,0,0,0,0,0
DFAEFMUTR_1196-9231-1708-9743,0,1,0,0,0,0,0,0,0
DFAEFMUTR_1196-6159-1708-6671,0,1,0,0,0,0,0,0,0
DFAEFMUTR_1708-3087-2220-3599,0,1,0,0,0,0,0,0,0
DFAEFMUTR_1708-4623-2220-5135,0,1,0,0,0,0,0,0,0
DFAEFMUTR_1708-6159-2220-6671,0,1,0,0,0,0,0,0,0
DFAEFMUTR_1708-7183-2220-7695,0,1,0,0,0,0,0,0,0
DFAEFMUTR_1708-6671-2220-7183,0,1,0,0,0,0,0,0,0
DFAEFMUTR_1708-8207-2220-8719,0,1,0,0,0,0,0,0,0
DFAEFMUTR_1708-7695-2220-8207,0,1,0,0,0,0,0,0,0
DFAEFMUTR_2220-1551-2732-2063,0,1,0,0,0,0,0,0,0
DFAEFMUTR_2220-1039-2732-1551,0,1,0,0,0,0,0,0,0
DFAEFMUTR_2220-2063-2732-2575,0,1,0,0,0,0,0,0,0
DFAEFMUTR_1708-9231-2220-9743,0,1,0,0,0,0,0,0,0
DFAEFMUTR_2220-2575-2732-3087,0,1,0,0,0,0,0,0,0
DFAEFMUTR_2220-3599-2732-4111,0,1,0,0,0,0,0,0,0
DFAEFMUTR_2220-4623-2732-5135,0,1,0,0,0,0,0,0,0
DFAEFMUTR_2220-6671-2732-7183,0,1,0,0,0,0,0,0,0
DFAEFMUTR_2220-527-2732-1039,0,1,0,0,0,0,0,0,0
DFAEFMUTR_2220-4111-2732-4623,0,1,0,0,0,0,0,0,0
DFAEFMUTR_2220-9231-2732-9743,0,1,0,0,0,0,0,0,0
DFAEFMUTR_2732-5135-3244-5647,0,1,0,0,0,0,0,0,0
DFAEFMUTR_2732-1039-3244-1551,0,1,0,0,0,0,0,0,0
DFAEFMUTR_2732-4111-3244-4623,0,1,0,0,0,0,0,0,0
DFAEFMUTR_3244-1039-3756-1551,0,1,0,0,0,0,0,0,0
DFAEFMUTR_2732-8719-3244-9231,0,1,0,0,0,0,0,0,0
DFAEFMUTR_3244-4111-3756-4623,0,1,0,0,0,0,0,0,0
DFAEFMUTR_3756-4623-4268-5135,0,1,0,0,0,0,0,0,0
DFAEFMUTR_3244-4623-3756-5135,0,1,0,0,0,0,0,0,0
DFAEFMUTR_3756-1039-4268-1551,0,1,0,0,0,0,0,0,0
DFAEFMUTR_3244-5135-3756-5647,0,1,0,0,0,0,0,0,0
DFAEFMUTR_3756-4111-4268-4623,0,1,0,0,0,0,0,0,0
DFAEFMUTR_3244-8719-3756-9231,0,1,0,0,0,0,0,0,0
DFAEFMUTR_4268-1039-4780-1551,0,1,0,0,0,0,0,0,0
DFAEFMUTR_4268-1551-4780-2063,0,1,0,0,0,0,0,0,0
DFAEFMUTR_3756-8207-4268-8719,0,1,0,0,0,0,0,0,0
DFAEFMUTR_3756-8719-4268-9231,0,1,0,0,0,0,0,0,0
DFAEFMUTR_4268-4623-4780-5135,0,1,0,0,0,0,0,0,0
DFAEFMUTR_4780-1039-5292-1551,0,1,0,0,0,0,0,0,0
DFAEFMUTR_4780-5135-5292-5647,0,1,0,0,0,0,0,0,0
DFAEFMUTR_4268-5135-4780-5647,0,1,0,0,0,0,0,0,0
DFAEFMUTR_4780-4111-5292-4623,0,1,0,0,0,0,0,0,0
DFAEFMUTR_4268-8207-4780-8719,0,1,0,0,0,0,0,0,0
DFAEFMUTR_4780-4623-5292-5135,0,1,0,0,0,0,0,0,0
DFAEFMUTR_4780-8207-5292-8719,0,1,0,0,0,0,0,0,0
DFAEFMUTR_5804-1039-6316-1551,0,1,0,0,0,0,0,0,0
DFAEFMUTR_5292-8207-5804-8719,0,1,0,0,0,0,0,0,0
DFAEFMUTR_5292-1039-5804-1551,0,1,0,0,0,0,0,0,0
DFAEFMUTR_5292-4111-5804-4623,0,1,0,0,0,0,0,0,0
DFAEFMUTR_5292-5135-5804-5647,0,1,0,0,0,0,0,0,0
DFAEFMUTR_5292-3599-5804-4111,0,1,0,0,0,0,0,0,0
DFAEFMUTR_5804-3599-6316-4111,0,1,0,0,0,0,0,0,0
DFAEFMUTR_5804-4111-6316-4623,0,1,0,0,0,0,0,0,0
DFAEFMUTR_6316-1039-6828-1551,0,1,0,0,0,0,0,0,0
DFAEFMUTR_5804-5135-6316-5647,0,1,0,0,0,0,0,0,0
DFAEFMUTR_6316-4111-6828-4623,0,1,0,0,0,0,0,0,0
DFAEFMUTR_6316-4623-6828-5135,0,1,0,0,0,0,0,0,0
DFAEFMUTR_5804-8207-6316-8719,0,1,0,0,0,0,0,0,0
DFAEFMUTR_6828-527-7340-1039,0,1,0,0,0,0,0,0,0
DFAEFMUTR_6316-527-6828-1039,0,1,0,0,0,0,0,0,0
DFAEFMUTR_6316-5135-6828-5647,0,1,0,0,0,0,0,0,0
DFAEFMUTR_6316-8207-6828-8719,0,1,0,0,0,0,0,0,0
DFAEFMUTR_6828-7695-7340-8207,0,1,0,0,0,0,0,0,0
DFAEFMUTR_684-5647-1196-6159,0,1,0,0,0,0,0,0,0
DFAEFMUTR_684-8719-1196-9231,0,1,0,0,0,0,0,0,0
DFAEFMUTR_684-4623-1196-5135,0,1,0,0,0,0,0,0,0
DFAEFMUTR_684-8207-1196-8719,0,1,0,0,0,0,0,0,0
DFAEFMUTR_684-5135-1196-5647,0,1,0,0,0,0,0,0,0
DFAEFMUTR_684-9231-1196-9743,0,1,0,0,0,0,0,0,0
DFAEFMUTR_7340-4111-7852-4623,0,1,0,0,0,0,0,0,0
DFAEFMUTR_7340-7183-7852-7695,0,1,0,0,0,0,0,0,0
DFAEFMUTR_7340-527-7852-1039,0,1,0,0,0,0,0,0,0
DFAEFMUTR_7340-1039-7852-1551,0,1,0,0,0,0,0,0,0
DFAEFMUTR_7852-4623-8364-5135,0,1,0,0,0,0,0,0,0
DFAEFMUTR_7852-1039-8364-1551,0,1,0,0,0,0,0,0,0
DFAEFMUTR_7852-3599-8364-4111,0,1,0,0,0,0,0,0,0
DFAEFMUTR_7852-6159-8364-6671,0,1,0,0,0,0,0,0,0
DFAEFMUTR_7852-1551-8364-2063,0,1,0,0,0,0,0,0,0
DFAEFMUTR_7852-3087-8364-3599,0,1,0,0,0,0,0,0,0
DFAEFMUTR_7852-6671-8364-7183,0,1,0,0,0,0,0,0,0
DFAEFMUTR_7340-7695-7852-8207,0,1,0,0,0,0,0,0,0
DFAEFMUTR_8364-3087-8876-3599,0,1,0,0,0,0,0,0,0
DFAEFMUTR_8364-6159-8876-6671,0,1,0,0,0,0,0,0,0
DFAEFMUTR_8876-1039-9388-1551,0,1,0,0,0,0,0,0,0
DFAEFMUTR_8364-4623-8876-5135,0,1,0,0,0,0,0,0,0
DFAEFMUTR_8364-1039-8876-1551,0,1,0,0,0,0,0,0,0
DFAEFMUTR_8876-2063-9388-2575,0,1,0,0,0,0,0,0,0
DFAEFMUTR_8876-5135-9388-5647,0,1,0,0,0,0,0,0,0
DFAEFMUTR_8876-4623-9388-5135,0,1,0,0,0,0,0,0,0
DFAEFMUTR_8876-3599-9388-4111,0,1,0,0,0,0,0,0,0
DFAEFMUTR_8876-2575-9388-3087,0,1,0,0,0,0,0,0,0
DFAEFMUTR_8876-527-9388-1039,0,1,0,0,0,0,0,0,0
DFAEFMUTR_9388-1039-9900-1551,0,1,0,0,0,0,0,0,0
DFAEFMUTR_9388-2575-9900-3087,0,1,0,0,0,0,0,0,0
DFAEFMUTR_9388-5135-9900-5647,0,1,0,0,0,0,0,0,0
DFAEFMUTR_9388-3599-9900-4111,0,1,0,0,0,0,0,0,0
DFAEFMUTR_9388-3087-9900-3599,0,1,0,0,0,0,0,0,0
DFAEFMUTR_9388-1551-9900-2063,0,1,0,0,0,0,0,0,0
DFAEFMUTR_8876-6159-9388-6671,0,1,0,0,0,0,0,0,0
DFAEFMUTR_9388-6671-9900-7183,0,1,0,0,0,0,0,0,0
DFAEFMUTR_9388-5647-9900-6159,0,1,0,0,0,0,0,0,0
DFAEFMUTR_9388-527-9900-1039,0,1,0,0,0,0,0,0,0
DFAEFMUTR_9900-3599-10412-4111,0,1,0,0,0,0,0,0,0
DFAEFMUTR_9900-3087-10412-3599,0,1,0,0,0,0,0,0,0
DFAEFMUTR_9900-5647-10412-6159,0,1,0,0,0,0,0,0,0
DFTNYVVCW_1057-3076-1569-3588,1,0,0,0,0,0,0,0,0
DFTNYVVCW_1057-1028-1569-1540,1,0,0,0,0,0,0,0,0
DFAEFMUTR_9900-6671-10412-7183,0,1,0,0,0,0,0,0,0
DFTNYVVCW_1057-1540-1569-2052,1,0,0,0,0,0,0,0,0
DFTNYVVCW_1338-4719-1850-5231,1,0,0,0,0,0,0,0,0
DFTNYVVCW_1118-1856-1630-2368,1,0,0,0,0,0,0,0,0
DFTNYVVCW_1443-500-1955-1012,1,0,0,0,0,0,0,0,0
DFTNYVVCW_1338-6255-1850-6767,1,0,0,0,0,0,0,0,0
DFTNYVVCW_1449-4425-1961-4937,1,0,0,0,0,0,0,0,0
DFTNYVVCW_1338-5231-1850-5743,1,0,0,0,0,0,0,0,0
DFTNYVVCW_1449-4937-1961-5449,1,0,0,0,0,0,0,0,0
DFTNYVVCW_1338-5743-1850-6255,1,0,0,0,0,0,0,0,0
DFTNYVVCW_1449-5961-1961-6473,1,0,0,0,0,0,0,0,0
DFTNYVVCW_1449-6473-1961-6985,1,0,0,0,0,0,0,0,0
DFTNYVVCW_1449-5449-1961-5961,1,0,0,0,0,0,0,0,0
DFTNYVVCW_1449-7497-1961-8009,1,0,0,0,0,0,0,0,0
DFTNYVVCW_1449-9033-1961-9545,1,0,0,0,0,0,0,0,0
DFTNYVVCW_1569-3076-2081-3588,1,0,0,0,0,0,0,0,0
DFTNYVVCW_1961-5449-2473-5961,1,0,0,0,0,0,0,0,0
DFTNYVVCW_1569-3588-2081-4100,1,0,0,0,0,0,0,0,0
DFTNYVVCW_1955-500-2467-1012,1,0,0,0,0,0,0,0,0
DFTNYVVCW_1955-1012-2467-1524,1,0,0,0,0,0,0,0,0
DFTNYVVCW_1961-9033-2473-9545,1,0,0,0,0,0,0,0,0
DFTNYVVCW_1961-7497-2473-8009,1,0,0,0,0,0,0,0,0
DFTNYVVCW_2467-500-2979-1012,1,0,0,0,0,0,0,0,0
DFTNYVVCW_1961-6473-2473-6985,1,0,0,0,0,0,0,0,0
DFTNYVVCW_2473-5449-2985-5961,1,0,0,0,0,0,0,0,0
DFTNYVVCW_2081-2052-2593-2564,1,0,0,0,0,0,0,0,0
DFTNYVVCW_2081-3076-2593-3588,1,0,0,0,0,0,0,0,0
DFTNYVVCW_2473-6473-2985-6985,1,0,0,0,0,0,0,0,0
DFTNYVVCW_2593-2052-3105-2564,1,0,0,0,0,0,0,0,0
DFTNYVVCW_2473-7497-2985-8009,1,0,0,0,0,0,0,0,0
DFTNYVVCW_2473-6985-2985-7497,1,0,0,0,0,0,0,0,0
DFTNYVVCW_2593-3076-3105-3588,1,0,0,0,0,0,0,0,0
DFTNYVVCW_2593-2564-3105-3076,1,0,0,0,0,0,0,0,0
DFTNYVVCW_2473-9033-2985-9545,1,0,0,0,0,0,0,0,0
DFTNYVVCW_2985-5961-3497-6473,1,0,0,0,0,0,0,0,0
DFTNYVVCW_2979-500-3491-1012,1,0,0,0,0,0,0,0,0
DFTNYVVCW_2985-4937-3497-5449,1,0,0,0,0,0,0,0,0
DFTNYVVCW_2985-5449-3497-5961,1,0,0,0,0,0,0,0,0
DFTNYVVCW_3491-500-4003-1012,1,0,0,0,0,0,0,0,0
DFTNYVVCW_3105-2052-3617-2564,1,0,0,0,0,0,0,0,0
DFTNYVVCW_3105-2564-3617-3076,1,0,0,0,0,0,0,0,0
DFTNYVVCW_3105-3076-3617-3588,1,0,0,0,0,0,0,0,0
DFTNYVVCW_2985-6985-3497-7497,1,0,0,0,0,0,0,0,0
DFTNYVVCW_2985-6473-3497-6985,1,0,0,0,0,0,0,0,0
DFTNYVVCW_2985-9033-3497-9545,1,0,0,0,0,0,0,0,0
DFTNYVVCW_2985-7497-3497-8009,1,0,0,0,0,0,0,0,0
DFTNYVVCW_3497-9033-4009-9545,1,0,0,0,0,0,0,0,0
DFTNYVVCW_3497-4937-4009-5449,1,0,0,0,0,0,0,0,0
DFTNYVVCW_3617-3076-4129-3588,1,0,0,0,0,0,0,0,0
DFTNYVVCW_3617-3588-4129-4100,1,0,0,0,0,0,0,0,0
DFTNYVVCW_4003-500-4515-1012,1,0,0,0,0,0,0,0,0
DFTNYVVCW_4009-4425-4521-4937,1,0,0,0,0,0,0,0,0
DFTNYVVCW_4009-9033-4521-9545,1,0,0,0,0,0,0,0,0
DFTNYVVCW_4009-4937-4521-5449,1,0,0,0,0,0,0,0,0
DFTNYVVCW_4129-1028-4641-1540,1,0,0,0,0,0,0,0,0
DFTNYVVCW_4129-1540-4641-2052,1,0,0,0,0,0,0,0,0
DFTNYVVCW_4129-2052-4641-2564,1,0,0,0,0,0,0,0,0
DFTNYVVCW_4521-4937-5033-5449,1,0,0,0,0,0,0,0,0
DFTNYVVCW_4129-3588-4641-4100,1,0,0,0,0,0,0,0,0
DFTNYVVCW_4521-9033-5033-9545,1,0,0,0,0,0,0,0,0
DFTNYVVCW_4515-500-5027-1012,1,0,0,0,0,0,0,0,0
DFTNYVVCW_4521-4425-5033-4937,1,0,0,0,0,0,0,0,0
DFTNYVVCW_4515-1012-5027-1524,1,0,0,0,0,0,0,0,0
DFTNYVVCW_4129-3076-4641-3588,1,0,0,0,0,0,0,0,0
DFTNYVVCW_4641-2052-5153-2564,1,0,0,0,0,0,0,0,0
DFTNYVVCW_4641-3076-5153-3588,1,0,0,0,0,0,0,0,0
DFTNYVVCW_5027-500-5539-1012,1,0,0,0,0,0,0,0,0
DFTNYVVCW_4641-2564-5153-3076,1,0,0,0,0,0,0,0,0
DFTNYVVCW_5033-4425-5545-4937,1,0,0,0,0,0,0,0,0
DFTNYVVCW_5033-9033-5545-9545,1,0,0,0,0,0,0,0,0
DFTNYVVCW_5153-2564-5665-3076,1,0,0,0,0,0,0,0,0
DFTNYVVCW_5153-1028-5665-1540,1,0,0,0,0,0,0,0,0
DFTNYVVCW_5153-1540-5665-2052,1,0,0,0,0,0,0,0,0
DFTNYVVCW_5153-2052-5665-2564,1,0,0,0,0,0,0,0,0
DFTNYVVCW_5545-9033-6057-9545,1,0,0,0,0,0,0,0,0
DFTNYVVCW_5438-4056-5950-4568,1,0,0,0,0,0,0,0,0
DFTNYVVCW_5153-3588-5665-4100,1,0,0,0,0,0,0,0,0
DFTNYVVCW_5545-4425-6057-4937,1,0,0,0,0,0,0,0,0
DFTNYVVCW_5665-2052-6177-2564,1,0,0,0,0,0,0,0,0
DFTNYVVCW_5665-1540-6177-2052,1,0,0,0,0,0,0,0,0
DFTNYVVCW_5665-2564-6177-3076,1,0,0,0,0,0,0,0,0
DFTNYVVCW_5665-1028-6177-1540,1,0,0,0,0,0,0,0,0
DFTNYVVCW_5950-3544-6462-4056,1,0,0,0,0,0,0,0,0
DFTNYVVCW_5665-3588-6177-4100,1,0,0,0,0,0,0,0,0
DFTNYVVCW_5950-4056-6462-4568,1,0,0,0,0,0,0,0,0
DFTNYVVCW_6009-1218-6521-1730,1,0,0,0,0,0,0,0,0
DFTNYVVCW_6009-706-6521-1218,1,0,0,0,0,0,0,0,0
DFTNYVVCW_6057-4937-6569-5449,1,0,0,0,0,0,0,0,0
DFTNYVVCW_6057-5449-6569-5961,1,0,0,0,0,0,0,0,0
DFTNYVVCW_6057-5961-6569-6473,1,0,0,0,0,0,0,0,0
DFTNYVVCW_6057-6473-6569-6985,1,0,0,0,0,0,0,0,0
DFTNYVVCW_6057-6985-6569-7497,1,0,0,0,0,0,0,0,0
DFTNYVVCW_6057-7497-6569-8009,1,0,0,0,0,0,0,0,0
DFTNYVVCW_6057-8009-6569-8521,1,0,0,0,0,0,0,0,0
DFTNYVVCW_6057-8521-6569-9033,1,0,0,0,0,0,0,0,0
DFTNYVVCW_6057-9033-6569-9545,1,0,0,0,0,0,0,0,0
DFTNYVVCW_606-1344-1118-1856,1,0,0,0,0,0,0,0,0
DFTNYVVCW_606-1856-1118-2368,1,0,0,0,0,0,0,0,0
DFTNYVVCW_606-832-1118-1344,1,0,0,0,0,0,0,0,0
DFTNYVVCW_826-4207-1338-4719,1,0,0,0,0,0,0,0,0
DFTNYVVCW_826-5743-1338-6255,1,0,0,0,0,0,0,0,0
DFTNYVVCW_826-5231-1338-5743,1,0,0,0,0,0,0,0,0
DFTNYVVCW_826-6255-1338-6767,1,0,0,0,0,0,0,0,0
DFTNYVVCW_826-4719-1338-5231,1,0,0,0,0,0,0,0,0
DFTNYVVCW_937-4425-1449-4937,1,0,0,0,0,0,0,0,0
DFTNYVVCW_937-4937-1449-5449,1,0,0,0,0,0,0,0,0
DFTNYVVCW_937-7497-1449-8009,1,0,0,0,0,0,0,0,0
DFTNYVVCW_937-5961-1449-6473,1,0,0,0,0,0,0,0,0
DFTNYVVCW_937-6473-1449-6985,1,0,0,0,0,0,0,0,0
DFTNYVVCW_937-5449-1449-5961,1,0,0,0,0,0,0,0,0
DGHJCTDEX_10439-3484-10951-3996,0,1,0,0,0,0,0,0,0
DFTNYVVCW_937-9033-1449-9545,1,0,0,0,0,0,0,0,0
DFTNYVVCW_937-8521-1449-9033,1,0,0,0,0,0,0,0,0
DGHJCTDEX_1449-4427-1961-4939,0,1,0,0,0,0,0,0,0
DFTNYVVCW_937-8009-1449-8521,1,0,0,0,0,0,0,0,0
DGHJCTDEX_10439-3996-10951-4508,0,1,0,0,0,0,0,0,0
DGHJCTDEX_1449-4939-1961-5451,0,1,0,0,0,0,0,0,0
DGHJCTDEX_2473-4939-2985-5451,0,1,0,0,0,0,0,0,0
DGHJCTDEX_1961-4427-2473-4939,0,1,0,0,0,0,0,0,0
DGHJCTDEX_2490-7757-3002-8269,0,1,0,0,0,0,0,0,0
DGHJCTDEX_1961-4939-2473-5451,0,1,0,0,0,0,0,0,0
DGHJCTDEX_2490-7245-3002-7757,0,1,0,0,0,0,0,0,0
DGHJCTDEX_2490-6733-3002-7245,0,1,0,0,0,0,0,0,0
DGHJCTDEX_3002-6733-3514-7245,0,1,0,0,0,0,0,0,0
DGHJCTDEX_3002-7757-3514-8269,0,1,0,0,0,0,0,0,0
DGHJCTDEX_3187-5993-3699-6505,0,1,0,0,0,0,0,0,0
DGHJCTDEX_3514-7245-4026-7757,0,1,0,0,0,0,0,0,0
DGHJCTDEX_2675-5993-3187-6505,0,1,0,0,0,0,0,0,0
DGHJCTDEX_3699-5993-4211-6505,0,1,0,0,0,0,0,0,0
DGHJCTDEX_8320-3228-8832-3740,0,1,0,0,0,0,0,0,0
DGHJCTDEX_9153-3440-9665-3952,0,1,0,0,0,0,0,0,0
DGHJCTDEX_8832-3228-9344-3740,0,1,0,0,0,0,0,0,0
DGHJCTDEX_3514-7757-4026-8269,0,1,0,0,0,0,0,0,0
DGHJCTDEX_9344-3228-9856-3740,0,1,0,0,0,0,0,0,0
DGHJCTDEX_937-4427-1449-4939,0,1,0,0,0,0,0,0,0
DGHJCTDEX_9665-3440-10177-3952,0,1,0,0,0,0,0,0,0
DGHJCTDEX_9927-3484-10439-3996,0,1,0,0,0,0,0,0,0
DGHJCTDEX_937-4939-1449-5451,0,1,0,0,0,0,0,0,0
DGHJCTDEX_9927-3996-10439-4508,0,1,0,0,0,0,0,0,0
DHB7NI3E8_227-3893-739-4405,0,0,0,0,0,1,0,0,0
DHB7NI3E8_217-4573-729-5085,0,0,0,0,0,1,0,0,0
DHB7NI3E8_228-4235-740-4747,0,0,0,0,0,1,0,0,0
DHB7NI3E8_479-3401-991-3913,0,0,0,0,0,1,0,0,0
DHB7NI3E8_233-3561-745-4073,0,0,0,0,0,1,0,0,0
DHB7NI3E8_2531-1126-3043-1638,0,0,0,0,0,1,0,0,0
DHK76XM1Y_3600-969-4112-1481,0,0,0,0,0,0,0,0,1
DIK6B666F_1679-899-2191-1411,0,0,0,0,0,0,0,0,1
DIKDHU293_1267-3714-1779-4226,0,0,0,0,1,0,0,0,0
DIK6B666F_2138-610-2650-1122,0,0,0,0,0,0,0,0,1
DIK6B666F_604-1082-1116-1594,0,0,0,0,0,0,0,0,1
DIKDHU293_1720-201-2232-713,0,0,0,0,1,0,0,0,0
DIK6B666F_1855-1097-2367-1609,0,0,0,0,0,0,0,0,1
DIKDHU293_1704-3707-2216-4219,0,0,0,0,1,0,0,0,0
DIKDHU293_2154-182-2666-694,0,0,0,0,1,0,0,0,0
DIKDHU293_3734-2818-4246-3330,0,0,0,0,1,0,0,0,0
DIKDHU293_3021-2698-3533-3210,0,0,0,0,1,0,0,0,0
DIKDHU293_3303-2806-3815-3318,0,0,0,0,1,0,0,0,0
DIKDHU293_4048-1766-4560-2278,0,0,0,0,1,0,0,0,0
DIKDHU293_3844-1644-4356-2156,0,0,0,0,1,0,0,0,0
DIKDHU293_4371-1270-4883-1782,0,0,0,0,1,0,0,0,0
DIKDHU293_826-3697-1338-4209,0,0,0,0,1,0,0,0,0
DIKDHU293_4174-2820-4686-3332,0,0,0,0,1,0,0,0,0
DIKDHU293_4615-2809-5127-3321,0,0,0,0,1,0,0,0,0
DIKDHU293_626-185-1138-697,0,0,0,0,1,0,0,0,0
DME8RNMT6_1354-2184-1866-2696,1,0,0,0,0,0,0,0,0
DME8RNMT6_250-792-762-1304,1,0,0,0,0,0,0,0,0
DNRD29DJZ_1106-5569-1618-6081,0,0,0,1,0,0,0,0,0
DNRD29DJZ_1106-6081-1618-6593,0,0,0,1,0,0,0,0,0
DNRD29DJZ_1384-4193-1896-4705,0,0,0,1,0,0,0,0,0
DME8RNMT6_309-273-821-785,1,0,0,0,0,0,0,0,0
DNRD29DJZ_1384-3681-1896-4193,0,0,0,1,0,0,0,0,0
DNRD29DJZ_2540-8934-3052-9446,0,0,0,1,0,0,0,0,0
DNRD29DJZ_1491-7973-2003-8485,0,0,0,1,0,0,0,0,0
DNRD29DJZ_2734-7141-3246-7653,0,0,0,1,0,0,0,0,0
DNRD29DJZ_2734-7653-3246-8165,0,0,0,1,0,0,0,0,0
DNRD29DJZ_3184-1440-3696-1952,0,0,0,1,0,0,0,0,0
DNRD29DJZ_2950-13351-3462-13863,0,0,0,1,0,0,0,0,0
DNRD29DJZ_3356-12274-3868-12786,0,0,0,1,0,0,0,0,0
DNRD29DJZ_424-7136-936-7648,0,0,0,1,0,0,0,0,0
DNRD29DJZ_3462-13351-3974-13863,0,0,0,1,0,0,0,0,0
DNRD29DJZ_428-10439-940-10951,0,0,0,1,0,0,0,0,0
DNRD29DJZ_3246-7653-3758-8165,0,0,0,1,0,0,0,0,0
DNRD29DJZ_346-13560-858-14072,0,0,0,1,0,0,0,0,0
DNRD29DJZ_3246-7141-3758-7653,0,0,0,1,0,0,0,0,0
DNRD29DJZ_546-3274-1058-3786,0,0,0,1,0,0,0,0,0
DNRD29DJZ_789-699-1301-1211,0,0,0,1,0,0,0,0,0
DNRD29DJZ_3432-10375-3944-10887,0,0,0,1,0,0,0,0,0
DNRD29DJZ_796-11870-1308-12382,0,0,0,1,0,0,0,0,0
DNRD29DJZ_485-12116-997-12628,0,0,0,1,0,0,0,0,0
DNWHY8P4V_1404-3919-1916-4431,0,0,0,0,0,0,0,0,1
DNWHY8P4V_1177-4385-1689-4897,0,0,0,0,0,0,0,0,1
DNWHY8P4V_1132-2109-1644-2621,0,0,0,0,0,0,0,0,1
DNWHY8P4V_1520-2088-2032-2600,0,0,0,0,0,0,0,0,1
DNWHY8P4V_1719-789-2231-1301,0,0,0,0,0,0,0,0,1
DNWHY8P4V_1788-1964-2300-2476,0,0,0,0,0,0,0,0,1
DP4BLWKJQ_10329-1587-10841-2099,1,0,0,0,0,0,0,0,0
DNWHY8P4V_2316-3917-2828-4429,0,0,0,0,0,0,0,0,1
DNWHY8P4V_2300-1964-2812-2476,0,0,0,0,0,0,0,0,1
DNWHY8P4V_620-2621-1132-3133,0,0,0,0,0,0,0,0,1
DNWHY8P4V_3194-2391-3706-2903,0,0,0,0,0,0,0,0,1
DNWHY8P4V_3194-1879-3706-2391,0,0,0,0,0,0,0,0,1
DNWHY8P4V_620-2109-1132-2621,0,0,0,0,0,0,0,0,1
DP4BLWKJQ_10329-2611-10841-3123,1,0,0,0,0,0,0,0,0
DP4BLWKJQ_10329-2099-10841-2611,1,0,0,0,0,0,0,0,0
DNWHY8P4V_2648-2724-3160-3236,0,0,0,0,0,0,0,0,1
DNWHY8P4V_2701-1770-3213-2282,0,0,0,0,0,0,0,0,1
DP4BLWKJQ_10329-1075-10841-1587,1,0,0,0,0,0,0,0,0
DP4BLWKJQ_10329-3123-10841-3635,1,0,0,0,0,0,0,0,0
DP4BLWKJQ_10329-3635-10841-4147,1,0,0,0,0,0,0,0,0
DP4BLWKJQ_10329-4147-10841-4659,1,0,0,0,0,0,0,0,0
DP4BLWKJQ_10329-563-10841-1075,1,0,0,0,0,0,0,0,0
DP4BLWKJQ_1113-563-1625-1075,1,0,0,0,0,0,0,0,0
DP4BLWKJQ_1113-4147-1625-4659,1,0,0,0,0,0,0,0,0
DP4BLWKJQ_1625-563-2137-1075,1,0,0,0,0,0,0,0,0
DP4BLWKJQ_1625-4147-2137-4659,1,0,0,0,0,0,0,0,0
DP4BLWKJQ_2137-563-2649-1075,1,0,0,0,0,0,0,0,0
DP4BLWKJQ_3161-4147-3673-4659,1,0,0,0,0,0,0,0,0
DP4BLWKJQ_4185-4147-4697-4659,1,0,0,0,0,0,0,0,0
DP4BLWKJQ_3673-4147-4185-4659,1,0,0,0,0,0,0,0,0
DP4BLWKJQ_3161-563-3673-1075,1,0,0,0,0,0,0,0,0
DP4BLWKJQ_2649-4147-3161-4659,1,0,0,0,0,0,0,0,0
DP4BLWKJQ_2137-4147-2649-4659,1,0,0,0,0,0,0,0,0
DP4BLWKJQ_4697-4147-5209-4659,1,0,0,0,0,0,0,0,0
DP4BLWKJQ_2649-563-3161-1075,1,0,0,0,0,0,0,0,0
DP4BLWKJQ_5721-2611-6233-3123,1,0,0,0,0,0,0,0,0
DP4BLWKJQ_5209-4147-5721-4659,1,0,0,0,0,0,0,0,0
DP4BLWKJQ_5721-3123-6233-3635,1,0,0,0,0,0,0,0,0
DP4BLWKJQ_5721-4147-6233-4659,1,0,0,0,0,0,0,0,0
DP4BLWKJQ_601-1075-1113-1587,1,0,0,0,0,0,0,0,0
DP4BLWKJQ_601-2099-1113-2611,1,0,0,0,0,0,0,0,0
DP4BLWKJQ_601-1587-1113-2099,1,0,0,0,0,0,0,0,0
DP4BLWKJQ_601-3635-1113-4147,1,0,0,0,0,0,0,0,0
DP4BLWKJQ_601-563-1113-1075,1,0,0,0,0,0,0,0,0
DP4BLWKJQ_601-4147-1113-4659,1,0,0,0,0,0,0,0,0
DP4BLWKJQ_6233-2611-6745-3123,1,0,0,0,0,0,0,0,0
DP4BLWKJQ_601-2611-1113-3123,1,0,0,0,0,0,0,0,0
DP4BLWKJQ_601-3123-1113-3635,1,0,0,0,0,0,0,0,0
DP4BLWKJQ_6233-2099-6745-2611,1,0,0,0,0,0,0,0,0
DP4BLWKJQ_6745-4147-7257-4659,1,0,0,0,0,0,0,0,0
DP4BLWKJQ_6745-2099-7257-2611,1,0,0,0,0,0,0,0,0
DP4BLWKJQ_6233-3635-6745-4147,1,0,0,0,0,0,0,0,0
DP4BLWKJQ_6233-4147-6745-4659,1,0,0,0,0,0,0,0,0
DP4BLWKJQ_7257-4147-7769-4659,1,0,0,0,0,0,0,0,0
DP4BLWKJQ_7769-2099-8281-2611,1,0,0,0,0,0,0,0,0
DP4BLWKJQ_7769-4147-8281-4659,1,0,0,0,0,0,0,0,0
DP4BLWKJQ_7257-2099-7769-2611,1,0,0,0,0,0,0,0,0
DP4BLWKJQ_8281-1587-8793-2099,1,0,0,0,0,0,0,0,0
DP4BLWKJQ_8281-4147-8793-4659,1,0,0,0,0,0,0,0,0
DP4BLWKJQ_8793-1587-9305-2099,1,0,0,0,0,0,0,0,0
DP4BLWKJQ_9305-2099-9817-2611,1,0,0,0,0,0,0,0,0
DP4BLWKJQ_9305-1587-9817-2099,1,0,0,0,0,0,0,0,0
DP4BLWKJQ_8793-4147-9305-4659,1,0,0,0,0,0,0,0,0
DP4BLWKJQ_9305-3635-9817-4147,1,0,0,0,0,0,0,0,0
DP4BLWKJQ_8793-3635-9305-4147,1,0,0,0,0,0,0,0,0
DP4BLWKJQ_9817-2099-10329-2611,1,0,0,0,0,0,0,0,0
DP4BLWKJQ_9817-2611-10329-3123,1,0,0,0,0,0,0,0,0
DP4BLWKJQ_9817-3635-10329-4147,1,0,0,0,0,0,0,0,0
DP4BLWKJQ_9305-4147-9817-4659,1,0,0,0,0,0,0,0,0
DP4BLWKJQ_9817-4147-10329-4659,1,0,0,0,0,0,0,0,0
DP7BQPH36_1311-15405-1823-15917,0,0,0,0,1,0,0,0,0
DP7BQPH36_2182-853-2694-1365,0,0,0,0,1,0,0,0,0
DP7BQPH36_2039-15408-2551-15920,0,0,0,0,1,0,0,0,0
DP7BQPH36_1417-920-1929-1432,0,0,0,0,1,0,0,0,0
DP7BQPH36_1687-15384-2199-15896,0,0,0,0,1,0,0,0,0
DP7BQPH36_2427-15390-2939-15902,0,0,0,0,1,0,0,0,0
DP7BQPH36_2576-879-3088-1391,0,0,0,0,1,0,0,0,0
DP7BQPH36_2810-15391-3322-15903,0,0,0,0,1,0,0,0,0
DP7BQPH36_868-1636-1380-2148,0,0,0,0,1,0,0,0,0
DP7BQPH36_2972-860-3484-1372,0,0,0,0,1,0,0,0,0
DP7BQPH36_3183-15370-3695-15882,0,0,0,0,1,0,0,0,0
DPXPPEBBB_8527-2097-9039-2609,0,0,0,0,0,0,0,0,1
DQ4AMC9CJ_6385-1369-6897-1881,0,0,0,0,0,0,0,0,1
DQ4AMC9CJ_3030-3571-3542-4083,0,0,0,0,0,0,0,0,1
DPXPPEBBB_7861-3378-8373-3890,0,0,0,0,0,0,0,0,1
DQ4AMC9CJ_5789-7400-6301-7912,0,0,0,0,0,0,0,0,1
DQ3KU4G1W_1025-4977-1537-5489,0,0,0,1,0,0,0,0,0
DQ4AMC9CJ_7617-1346-8129-1858,0,0,0,0,0,0,0,0,1
DQ3KU4G1W_1025-5489-1537-6001,0,0,0,1,0,0,0,0,0
DQ4AMC9CJ_8154-1337-8666-1849,0,0,0,0,0,0,0,0,1
DQ4AMC9CJ_8154-1849-8666-2361,0,0,0,0,0,0,0,0,1
DQEV2LHCV_10500-5604-11012-6116,0,0,0,0,0,0,0,1,0
DQEV2LHCV_10701-5116-11213-5628,0,0,0,0,0,0,0,1,0
DQEV2LHCV_11012-5604-11524-6116,0,0,0,0,0,0,0,1,0
DQEV2LHCV_11114-4497-11626-5009,0,0,0,0,0,0,0,1,0
DQEV2LHCV_12108-6119-12620-6631,0,0,0,0,0,0,0,1,0
DQEV2LHCV_12079-5770-12591-6282,0,0,0,0,0,0,0,1,0
DQEV2LHCV_11477-5118-11989-5630,0,0,0,0,0,0,0,1,0
DQEV2LHCV_11650-4867-12162-5379,0,0,0,0,0,0,0,1,0
DQEV2LHCV_4673-1151-5185-1663,0,0,0,0,0,0,0,1,0
DQEV2LHCV_11648-5544-12160-6056,0,0,0,0,0,0,0,1,0
DQEV2LHCV_11913-4803-12425-5315,0,0,0,0,0,0,0,1,0
DQEV2LHCV_12620-5607-13132-6119,0,0,0,0,0,0,0,1,0
DQEV2LHCV_12340-5220-12852-5732,0,0,0,0,0,0,0,1,0
DQEV2LHCV_12620-6119-13132-6631,0,0,0,0,0,0,0,1,0
DQEV2LHCV_11856-5312-12368-5824,0,0,0,0,0,0,0,1,0
DQEV2LHCV_4977-506-5489-1018,0,0,0,0,0,0,0,1,0
DQEV2LHCV_5489-506-6001-1018,0,0,0,0,0,0,0,1,0
DQEV2LHCV_5480-1599-5992-2111,0,0,0,0,0,0,0,1,0
DQEV2LHCV_5257-1413-5769-1925,0,0,0,0,0,0,0,1,0
DQEV2LHCV_5769-1413-6281-1925,0,0,0,0,0,0,0,1,0
DQEV2LHCV_5964-1989-6476-2501,0,0,0,0,0,0,0,1,0
DR4UPAD3Q_10295-7065-10807-7577,1,0,0,0,0,0,0,0,0
DR4UPAD3Q_1215-2731-1727-3243,1,0,0,0,0,0,0,0,0
DQEV2LHCV_5977-1006-6489-1518,0,0,0,0,0,0,0,1,0
DR4UPAD3Q_10295-6553-10807-7065,1,0,0,0,0,0,0,0,0
DQEV2LHCV_6399-2079-6911-2591,0,0,0,0,0,0,0,1,0
DQEV2LHCV_6489-1006-7001-1518,0,0,0,0,0,0,0,1,0
DR4UPAD3Q_1215-3243-1727-3755,1,0,0,0,0,0,0,0,0
DR4UPAD3Q_1215-2219-1727-2731,1,0,0,0,0,0,0,0,0
DR4UPAD3Q_1344-1322-1856-1834,1,0,0,0,0,0,0,0,0
DR4UPAD3Q_1414-6305-1926-6817,1,0,0,0,0,0,0,0,0
DR4UPAD3Q_1344-810-1856-1322,1,0,0,0,0,0,0,0,0
DR4UPAD3Q_1414-5793-1926-6305,1,0,0,0,0,0,0,0,0
DR4UPAD3Q_1727-2731-2239-3243,1,0,0,0,0,0,0,0,0
DR4UPAD3Q_2239-1707-2751-2219,1,0,0,0,0,0,0,0,0
DR4UPAD3Q_1926-5793-2438-6305,1,0,0,0,0,0,0,0,0
DR4UPAD3Q_2239-2219-2751-2731,1,0,0,0,0,0,0,0,0
DR4UPAD3Q_1727-3243-2239-3755,1,0,0,0,0,0,0,0,0
DR4UPAD3Q_2438-6305-2950-6817,1,0,0,0,0,0,0,0,0
DR4UPAD3Q_2751-1707-3263-2219,1,0,0,0,0,0,0,0,0
DR4UPAD3Q_2239-3243-2751-3755,1,0,0,0,0,0,0,0,0
DR4UPAD3Q_2751-2219-3263-2731,1,0,0,0,0,0,0,0,0
DR4UPAD3Q_3289-6356-3801-6868,1,0,0,0,0,0,0,0,0
DR4UPAD3Q_2751-2731-3263-3243,1,0,0,0,0,0,0,0,0
DR4UPAD3Q_3289-5844-3801-6356,1,0,0,0,0,0,0,0,0
DR4UPAD3Q_2438-5793-2950-6305,1,0,0,0,0,0,0,0,0
DR4UPAD3Q_2777-6868-3289-7380,1,0,0,0,0,0,0,0,0
DR4UPAD3Q_2239-2731-2751-3243,1,0,0,0,0,0,0,0,0
DR4UPAD3Q_3614-1246-4126-1758,1,0,0,0,0,0,0,0,0
DR4UPAD3Q_2777-6356-3289-6868,1,0,0,0,0,0,0,0,0
DR4UPAD3Q_3289-6868-3801-7380,1,0,0,0,0,0,0,0,0
DR4UPAD3Q_3614-1758-4126-2270,1,0,0,0,0,0,0,0,0
DR4UPAD3Q_3614-3294-4126-3806,1,0,0,0,0,0,0,0,0
DR4UPAD3Q_3614-2270-4126-2782,1,0,0,0,0,0,0,0,0
DR4UPAD3Q_3801-5844-4313-6356,1,0,0,0,0,0,0,0,0
DR4UPAD3Q_3614-2782-4126-3294,1,0,0,0,0,0,0,0,0
DR4UPAD3Q_3801-6868-4313-7380,1,0,0,0,0,0,0,0,0
DR4UPAD3Q_4047-6038-4559-6550,1,0,0,0,0,0,0,0,0
DR4UPAD3Q_3801-6356-4313-6868,1,0,0,0,0,0,0,0,0
DR4UPAD3Q_4047-5014-4559-5526,1,0,0,0,0,0,0,0,0
DR4UPAD3Q_4559-6550-5071-7062,1,0,0,0,0,0,0,0,0
DR4UPAD3Q_4047-5526-4559-6038,1,0,0,0,0,0,0,0,0
DR4UPAD3Q_4559-6038-5071-6550,1,0,0,0,0,0,0,0,0
DR4UPAD3Q_4047-6550-4559-7062,1,0,0,0,0,0,0,0,0
DR4UPAD3Q_4126-1246-4638-1758,1,0,0,0,0,0,0,0,0
DR4UPAD3Q_4126-3294-4638-3806,1,0,0,0,0,0,0,0,0
DR4UPAD3Q_4126-2782-4638-3294,1,0,0,0,0,0,0,0,0
DR4UPAD3Q_4126-734-4638-1246,1,0,0,0,0,0,0,0,0
DR4UPAD3Q_4559-5526-5071-6038,1,0,0,0,0,0,0,0,0
DR4UPAD3Q_4638-1758-5150-2270,1,0,0,0,0,0,0,0,0
DR4UPAD3Q_4638-2782-5150-3294,1,0,0,0,0,0,0,0,0
DR4UPAD3Q_4559-7062-5071-7574,1,0,0,0,0,0,0,0,0
DR4UPAD3Q_4638-2270-5150-2782,1,0,0,0,0,0,0,0,0
DR4UPAD3Q_4638-1246-5150-1758,1,0,0,0,0,0,0,0,0
DR4UPAD3Q_5403-5212-5915-5724,1,0,0,0,0,0,0,0,0
DR4UPAD3Q_5071-6550-5583-7062,1,0,0,0,0,0,0,0,0
DR4UPAD3Q_5403-5724-5915-6236,1,0,0,0,0,0,0,0,0
DR4UPAD3Q_6568-6562-7080-7074,1,0,0,0,0,0,0,0,0
DR4UPAD3Q_5071-7062-5583-7574,1,0,0,0,0,0,0,0,0
DR4UPAD3Q_5071-5526-5583-6038,1,0,0,0,0,0,0,0,0
DR4UPAD3Q_4638-734-5150-1246,1,0,0,0,0,0,0,0,0
DR4UPAD3Q_4638-3294-5150-3806,1,0,0,0,0,0,0,0,0
DR4UPAD3Q_7241-6856-7753-7368,1,0,0,0,0,0,0,0,0
DR4UPAD3Q_6418-4930-6930-5442,1,0,0,0,0,0,0,0,0
DR4UPAD3Q_6568-7586-7080-8098,1,0,0,0,0,0,0,0,0
DR4UPAD3Q_7241-7368-7753-7880,1,0,0,0,0,0,0,0,0
DR4UPAD3Q_6568-7074-7080-7586,1,0,0,0,0,0,0,0,0
DR4UPAD3Q_8086-5960-8598-6472,1,0,0,0,0,0,0,0,0
DR4UPAD3Q_7753-7368-8265-7880,1,0,0,0,0,0,0,0,0
DR4UPAD3Q_7574-6472-8086-6984,1,0,0,0,0,0,0,0,0
DR4UPAD3Q_7574-5960-8086-6472,1,0,0,0,0,0,0,0,0
DR4UPAD3Q_8086-6472-8598-6984,1,0,0,0,0,0,0,0,0
DR4UPAD3Q_832-810-1344-1322,1,0,0,0,0,0,0,0,0
DR4UPAD3Q_8265-7368-8777-7880,1,0,0,0,0,0,0,0,0
DR4UPAD3Q_8265-6856-8777-7368,1,0,0,0,0,0,0,0,0
DR4UPAD3Q_8598-4936-9110-5448,1,0,0,0,0,0,0,0,0
DR4UPAD3Q_832-1322-1344-1834,1,0,0,0,0,0,0,0,0
DR4UPAD3Q_8598-5960-9110-6472,1,0,0,0,0,0,0,0,0
DR4UPAD3Q_902-6305-1414-6817,1,0,0,0,0,0,0,0,0
DR4UPAD3Q_8598-6472-9110-6984,1,0,0,0,0,0,0,0,0
DR4UPAD3Q_9110-4936-9622-5448,1,0,0,0,0,0,0,0,0
DR4UPAD3Q_9110-5448-9622-5960,1,0,0,0,0,0,0,0,0
DR4UPAD3Q_902-5793-1414-6305,1,0,0,0,0,0,0,0,0
DR4UPAD3Q_9110-5960-9622-6472,1,0,0,0,0,0,0,0,0
DR4UPAD3Q_8598-5448-9110-5960,1,0,0,0,0,0,0,0,0
DRTG1HAUZ_3449-6658-3961-7170,0,0,1,0,0,0,0,0,0
DRTG1HAUZ_3697-7122-4209-7634,0,0,1,0,0,0,0,0,0
DRTG1HAUZ_3582-5386-4094-5898,0,0,1,0,0,0,0,0,0
DRTG1HAUZ_3711-7435-4223-7947,0,0,1,0,0,0,0,0,0
DRTG1HAUZ_3720-6690-4232-7202,0,0,1,0,0,0,0,0,0
DRTG1HAUZ_4024-6777-4536-7289,0,0,1,0,0,0,0,0,0
DRTG1HAUZ_4024-7289-4536-7801,0,0,1,0,0,0,0,0,0
DRTG1HAUZ_5047-1158-5559-1670,0,0,1,0,0,0,0,0,0
DRTG1HAUZ_5047-1670-5559-2182,0,0,1,0,0,0,0,0,0
DRTG1HAUZ_4094-5386-4606-5898,0,0,1,0,0,0,0,0,0
DRTG1HAUZ_4536-6777-5048-7289,0,0,1,0,0,0,0,0,0
DRTG1HAUZ_5047-2182-5559-2694,0,0,1,0,0,0,0,0,0
DRTG1HAUZ_5048-6777-5560-7289,0,0,1,0,0,0,0,0,0
DRTG1HAUZ_5559-1158-6071-1670,0,0,1,0,0,0,0,0,0
DRTG1HAUZ_4536-7289-5048-7801,0,0,1,0,0,0,0,0,0
DRTG1HAUZ_5048-7289-5560-7801,0,0,1,0,0,0,0,0,0
DRTG1HAUZ_5047-2694-5559-3206,0,0,1,0,0,0,0,0,0
DRTG1HAUZ_5480-4629-5992-5141,0,0,1,0,0,0,0,0,0
DRTG1HAUZ_5559-1670-6071-2182,0,0,1,0,0,0,0,0,0
DRTG1HAUZ_5559-2694-6071-3206,0,0,1,0,0,0,0,0,0
DRTG1HAUZ_5559-3206-6071-3718,0,0,1,0,0,0,0,0,0
DRTG1HAUZ_5559-2182-6071-2694,0,0,1,0,0,0,0,0,0
DRTG1HAUZ_5559-3718-6071-4230,0,0,1,0,0,0,0,0,0
DRTG1HAUZ_6071-1670-6583-2182,0,0,1,0,0,0,0,0,0
DRTG1HAUZ_5559-4230-6071-4742,0,0,1,0,0,0,0,0,0
DRTG1HAUZ_5992-4629-6504-5141,0,0,1,0,0,0,0,0,0
DRTG1HAUZ_6071-1158-6583-1670,0,0,1,0,0,0,0,0,0
DRTG1HAUZ_6071-2182-6583-2694,0,0,1,0,0,0,0,0,0
DRTG1HAUZ_6071-4230-6583-4742,0,0,1,0,0,0,0,0,0
DRTG1HAUZ_6071-2694-6583-3206,0,0,1,0,0,0,0,0,0
DRTG1HAUZ_648-10585-1160-11097,0,0,1,0,0,0,0,0,0
DRTG1HAUZ_6071-3206-6583-3718,0,0,1,0,0,0,0,0,0
DRTG1HAUZ_6071-3718-6583-4230,0,0,1,0,0,0,0,0,0
DRTG1HAUZ_6583-1158-7095-1670,0,0,1,0,0,0,0,0,0
DRTG1HAUZ_6583-1670-7095-2182,0,0,1,0,0,0,0,0,0
DRTG1HAUZ_6583-2182-7095-2694,0,0,1,0,0,0,0,0,0
DRTG1HAUZ_6583-3206-7095-3718,0,0,1,0,0,0,0,0,0
DRTG1HAUZ_6583-3718-7095-4230,0,0,1,0,0,0,0,0,0
DRTG1HAUZ_7067-4652-7579-5164,0,0,1,0,0,0,0,0,0
DRTG1HAUZ_7095-1670-7607-2182,0,0,1,0,0,0,0,0,0
DRTG1HAUZ_7095-1158-7607-1670,0,0,1,0,0,0,0,0,0
DRTG1HAUZ_7095-2182-7607-2694,0,0,1,0,0,0,0,0,0
DRTG1HAUZ_7095-2694-7607-3206,0,0,1,0,0,0,0,0,0
DRTG1HAUZ_721-10961-1233-11473,0,0,1,0,0,0,0,0,0
DRTG1HAUZ_7095-3718-7607-4230,0,0,1,0,0,0,0,0,0
DRTG1HAUZ_7607-1670-8119-2182,0,0,1,0,0,0,0,0,0
DRTG1HAUZ_7579-4652-8091-5164,0,0,1,0,0,0,0,0,0
DRTG1HAUZ_7095-3206-7607-3718,0,0,1,0,0,0,0,0,0
DRTG1HAUZ_7607-2182-8119-2694,0,0,1,0,0,0,0,0,0
DRTG1HAUZ_7607-1158-8119-1670,0,0,1,0,0,0,0,0,0
DRTG1HAUZ_7607-3206-8119-3718,0,0,1,0,0,0,0,0,0
DRTG1HAUZ_7607-2694-8119-3206,0,0,1,0,0,0,0,0,0
DRTG1HAUZ_7607-3718-8119-4230,0,0,1,0,0,0,0,0,0
DRTG1HAUZ_7607-4230-8119-4742,0,0,1,0,0,0,0,0,0
DRTG1HAUZ_8119-1158-8631-1670,0,0,1,0,0,0,0,0,0
DRTG1HAUZ_7962-4595-8474-5107,0,0,1,0,0,0,0,0,0
DRTG1HAUZ_8119-1670-8631-2182,0,0,1,0,0,0,0,0,0
DRTG1HAUZ_8119-2182-8631-2694,0,0,1,0,0,0,0,0,0
DRTG1HAUZ_8119-2694-8631-3206,0,0,1,0,0,0,0,0,0
DRTG1HAUZ_8119-3206-8631-3718,0,0,1,0,0,0,0,0,0
DRTG1HAUZ_816-10097-1328-10609,0,0,1,0,0,0,0,0,0
DRTG1HAUZ_8119-4230-8631-4742,0,0,1,0,0,0,0,0,0
DRTG1HAUZ_822-11216-1334-11728,0,0,1,0,0,0,0,0,0
DRTG1HAUZ_8631-1158-9143-1670,0,0,1,0,0,0,0,0,0
DRTG1HAUZ_8474-4595-8986-5107,0,0,1,0,0,0,0,0,0
DRTG1HAUZ_8119-3718-8631-4230,0,0,1,0,0,0,0,0,0
DRTG1HAUZ_8631-2182-9143-2694,0,0,1,0,0,0,0,0,0
DRTG1HAUZ_8631-3206-9143-3718,0,0,1,0,0,0,0,0,0
DRTG1HAUZ_8631-1670-9143-2182,0,0,1,0,0,0,0,0,0
DRTG1HAUZ_8631-2694-9143-3206,0,0,1,0,0,0,0,0,0
DRTG1HAUZ_8631-4230-9143-4742,0,0,1,0,0,0,0,0,0
DRTG1HAUZ_9143-2182-9655-2694,0,0,1,0,0,0,0,0,0
DT61QWHWR_10083-8393-10595-8905,0,0,1,0,0,0,0,0,0
DT61QWHWR_10495-6523-11007-7035,0,0,1,0,0,0,0,0,0
DRTG1HAUZ_9143-2694-9655-3206,0,0,1,0,0,0,0,0,0
DT61QWHWR_10616-6871-11128-7383,0,0,1,0,0,0,0,0,0
DT61QWHWR_10616-7383-11128-7895,0,0,1,0,0,0,0,0,0
DT61QWHWR_11128-7383-11640-7895,0,0,1,0,0,0,0,0,0
DT61QWHWR_11128-6871-11640-7383,0,0,1,0,0,0,0,0,0
DT61QWHWR_1439-4399-1951-4911,0,0,1,0,0,0,0,0,0
DT61QWHWR_11007-6523-11519-7035,0,0,1,0,0,0,0,0,0
DT61QWHWR_11381-6658-11893-7170,0,0,1,0,0,0,0,0,0
DT61QWHWR_11893-6658-12405-7170,0,0,1,0,0,0,0,0,0
DT61QWHWR_1439-5935-1951-6447,0,0,1,0,0,0,0,0,0
DT61QWHWR_12175-6902-12687-7414,0,0,1,0,0,0,0,0,0
DT61QWHWR_11640-7383-12152-7895,0,0,1,0,0,0,0,0,0
DT61QWHWR_11640-6871-12152-7383,0,0,1,0,0,0,0,0,0
DT61QWHWR_1951-4399-2463-4911,0,0,1,0,0,0,0,0,0
DT61QWHWR_1951-5935-2463-6447,0,0,1,0,0,0,0,0,0
DT61QWHWR_1951-6959-2463-7471,0,0,1,0,0,0,0,0,0
DT61QWHWR_2463-4399-2975-4911,0,0,1,0,0,0,0,0,0
DT61QWHWR_1951-7471-2463-7983,0,0,1,0,0,0,0,0,0
DT61QWHWR_2463-6447-2975-6959,0,0,1,0,0,0,0,0,0
DT61QWHWR_2463-7471-2975-7983,0,0,1,0,0,0,0,0,0
DT61QWHWR_2975-4399-3487-4911,0,0,1,0,0,0,0,0,0
DT61QWHWR_2975-4911-3487-5423,0,0,1,0,0,0,0,0,0
DT61QWHWR_3487-5423-3999-5935,0,0,1,0,0,0,0,0,0
DT61QWHWR_2975-7471-3487-7983,0,0,1,0,0,0,0,0,0
DT61QWHWR_3487-6959-3999-7471,0,0,1,0,0,0,0,0,0
DT61QWHWR_3625-4317-4137-4829,0,0,1,0,0,0,0,0,0
DT61QWHWR_3487-5935-3999-6447,0,0,1,0,0,0,0,0,0
DT61QWHWR_3487-6447-3999-6959,0,0,1,0,0,0,0,0,0
DT61QWHWR_3487-7471-3999-7983,0,0,1,0,0,0,0,0,0
DT61QWHWR_4316-7698-4828-8210,0,0,1,0,0,0,0,0,0
DT61QWHWR_4316-8210-4828-8722,0,0,1,0,0,0,0,0,0
DT61QWHWR_4341-6441-4853-6953,0,0,1,0,0,0,0,0,0
DT61QWHWR_4828-7186-5340-7698,0,0,1,0,0,0,0,0,0
DT61QWHWR_4638-4303-5150-4815,0,0,1,0,0,0,0,0,0
DT61QWHWR_4828-7698-5340-8210,0,0,1,0,0,0,0,0,0
DT61QWHWR_4341-6953-4853-7465,0,0,1,0,0,0,0,0,0
DT61QWHWR_4828-8210-5340-8722,0,0,1,0,0,0,0,0,0
DT61QWHWR_5150-4303-5662-4815,0,0,1,0,0,0,0,0,0
DT61QWHWR_4853-6441-5365-6953,0,0,1,0,0,0,0,0,0
DT61QWHWR_6206-9133-6718-9645,0,0,1,0,0,0,0,0,0
DT61QWHWR_5694-9133-6206-9645,0,0,1,0,0,0,0,0,0
DT61QWHWR_5577-5469-6089-5981,0,0,1,0,0,0,0,0,0
DT61QWHWR_5765-4218-6277-4730,0,0,1,0,0,0,0,0,0
DT61QWHWR_6718-8621-7230-9133,0,0,1,0,0,0,0,0,0
DT61QWHWR_5544-6275-6056-6787,0,0,1,0,0,0,0,0,0
DT61QWHWR_5694-8621-6206-9133,0,0,1,0,0,0,0,0,0
DT61QWHWR_6206-8621-6718-9133,0,0,1,0,0,0,0,0,0
DT61QWHWR_6277-4218-6789-4730,0,0,1,0,0,0,0,0,0
DT61QWHWR_6718-9133-7230-9645,0,0,1,0,0,0,0,0,0
DT61QWHWR_8442-8261-8954-8773,0,0,1,0,0,0,0,0,0
DT61QWHWR_8339-9505-8851-10017,0,0,1,0,0,0,0,0,0
DT61QWHWR_8851-9505-9363-10017,0,0,1,0,0,0,0,0,0
DT61QWHWR_8442-9285-8954-9797,0,0,1,0,0,0,0,0,0
DT61QWHWR_7230-9133-7742-9645,0,0,1,0,0,0,0,0,0
DT61QWHWR_8442-8773-8954-9285,0,0,1,0,0,0,0,0,0
DT61QWHWR_8954-8261-9466-8773,0,0,1,0,0,0,0,0,0
DT61QWHWR_8954-8773-9466-9285,0,0,1,0,0,0,0,0,0
DT61QWHWR_9466-8773-9978-9285,0,0,1,0,0,0,0,0,0
DT61QWHWR_927-4399-1439-4911,0,0,1,0,0,0,0,0,0
DT61QWHWR_927-6447-1439-6959,0,0,1,0,0,0,0,0,0
DV6BL1PMH_1401-3842-1913-4354,0,0,0,1,0,0,0,0,0
DT61QWHWR_927-5423-1439-5935,0,0,1,0,0,0,0,0,0
DT61QWHWR_927-4911-1439-5423,0,0,1,0,0,0,0,0,0
DT61QWHWR_9466-8261-9978-8773,0,0,1,0,0,0,0,0,0
DT61QWHWR_927-5935-1439-6447,0,0,1,0,0,0,0,0,0
DT61QWHWR_8954-9285-9466-9797,0,0,1,0,0,0,0,0,0
DV6BL1PMH_1913-3842-2425-4354,0,0,0,1,0,0,0,0,0
DVKV6EJCL_1719-908-2231-1420,0,0,0,0,1,0,0,0,0
DV6BL1PMH_1401-4354-1913-4866,0,0,0,1,0,0,0,0,0
DV6BL1PMH_1770-4408-2282-4920,0,0,0,1,0,0,0,0,0
DV6BL1PMH_889-4354-1401-4866,0,0,0,1,0,0,0,0,0
DVKV6EJCL_1532-8405-2044-8917,0,0,0,0,1,0,0,0,0
DVKV6EJCL_1857-9114-2369-9626,0,0,0,0,1,0,0,0,0
DVKV6EJCL_2059-8399-2571-8911,0,0,0,0,1,0,0,0,0
DVKV6EJCL_2255-893-2767-1405,0,0,0,0,1,0,0,0,0
DVKV6EJCL_3855-857-4367-1369,0,0,0,0,1,0,0,0,0
DVKV6EJCL_2822-7869-3334-8381,0,0,0,0,1,0,0,0,0
DVKV6EJCL_3333-865-3845-1377,0,0,0,0,1,0,0,0,0
DVKV6EJCL_2793-883-3305-1395,0,0,0,0,1,0,0,0,0
DVKV6EJCL_2397-9144-2909-9656,0,0,0,0,1,0,0,0,0
DW3GKJ9WY_14779-434-15291-946,0,0,0,0,0,1,0,0,0
DVM3F1QBG_5977-3899-6489-4411,0,0,0,0,0,0,0,0,1
DVKV6EJCL_2612-8528-3124-9040,0,0,0,0,1,0,0,0,0
DW3GKJ9WY_10247-2307-10759-2819,0,0,0,0,0,1,0,0,0
DW3GKJ9WY_16837-460-17349-972,0,0,0,0,0,1,0,0,0
DW3GKJ9WY_16600-742-17112-1254,0,0,0,0,0,1,0,0,0
DW3GKJ9WY_14980-1977-15492-2489,0,0,0,0,0,1,0,0,0
DW3GKJ9WY_16600-1254-17112-1766,0,0,0,0,0,1,0,0,0
DW3GKJ9WY_16600-2278-17112-2790,0,0,0,0,0,1,0,0,0
DW3GKJ9WY_16600-1766-17112-2278,0,0,0,0,0,1,0,0,0
DW3GKJ9WY_8269-1771-8781-2283,0,0,0,0,0,1,0,0,0
DW3GKJ9WY_8269-2283-8781-2795,0,0,0,0,0,1,0,0,0
DW3GKJ9WY_9369-1370-9881-1882,0,0,0,0,0,1,0,0,0
DWL1ZGARL_1142-2208-1654-2720,0,0,0,0,0,0,0,0,1
DWL1ZGARL_1118-7017-1630-7529,0,0,0,0,0,0,0,0,1
DW3GKJ9WY_9628-549-10140-1061,0,0,0,0,0,1,0,0,0
DW3GKJ9WY_9369-858-9881-1370,0,0,0,0,0,1,0,0,0
DWL1ZGARL_1303-7265-1815-7777,0,0,0,0,0,0,0,0,1
DWL1ZGARL_1569-1618-2081-2130,0,0,0,0,0,0,0,0,1
DWL1ZGARL_2036-1215-2548-1727,0,0,0,0,0,0,0,0,1
DWL1ZGARL_1966-7937-2478-8449,0,0,0,0,0,0,0,0,1
DWL1ZGARL_1845-1362-2357-1874,0,0,0,0,0,0,0,0,1
DWL1ZGARL_2240-8152-2752-8664,0,0,0,0,0,0,0,0,1
DWL1ZGARL_2620-8397-3132-8909,0,0,0,0,0,0,0,0,1
DWL1ZGARL_2648-832-3160-1344,0,0,0,0,0,0,0,0,1
DWL1ZGARL_2311-1016-2823-1528,0,0,0,0,0,0,0,0,1
DWL1ZGARL_3094-6141-3606-6653,0,0,0,0,0,0,0,0,1
DWL1ZGARL_2890-701-3402-1213,0,0,0,0,0,0,0,0,1
DWL1ZGARL_3094-6653-3606-7165,0,0,0,0,0,0,0,0,1
DWL1ZGARL_3094-7165-3606-7677,0,0,0,0,0,0,0,0,1
DWL1ZGARL_3115-5035-3627-5547,0,0,0,0,0,0,0,0,1
DWL1ZGARL_3405-5788-3917-6300,0,0,0,0,0,0,0,0,1
DWL1ZGARL_3485-6681-3997-7193,0,0,0,0,0,0,0,0,1
DWL1ZGARL_3144-2873-3656-3385,0,0,0,0,0,0,0,0,1
DWL1ZGARL_3485-5145-3997-5657,0,0,0,0,0,0,0,0,1
DWL1ZGARL_3485-6169-3997-6681,0,0,0,0,0,0,0,0,1
DWL1ZGARL_3855-1299-4367-1811,0,0,0,0,0,0,0,0,1
DWL1ZGARL_3510-4013-4022-4525,0,0,0,0,0,0,0,0,1
DWL1ZGARL_3827-2926-4339-3438,0,0,0,0,0,0,0,0,1
DWL1ZGARL_3855-787-4367-1299,0,0,0,0,0,0,0,0,1
DWL1ZGARL_3896-3900-4408-4412,0,0,0,0,0,0,0,0,1
DWL1ZGARL_3896-3388-4408-3900,0,0,0,0,0,0,0,0,1
DWL1ZGARL_3868-6451-4380-6963,0,0,0,0,0,0,0,0,1
DWL1ZGARL_3868-4915-4380-5427,0,0,0,0,0,0,0,0,1
DWL1ZGARL_3868-5939-4380-6451,0,0,0,0,0,0,0,0,1
DWL1ZGARL_3868-5427-4380-5939,0,0,0,0,0,0,0,0,1
DWL1ZGARL_4612-4889-5124-5401,0,0,0,0,0,0,0,0,1
DWL1ZGARL_4195-4190-4707-4702,0,0,0,0,0,0,0,0,1
DWL1ZGARL_4231-1357-4743-1869,0,0,0,0,0,0,0,0,1
DWL1ZGARL_4612-5913-5124-6425,0,0,0,0,0,0,0,0,1
DWL1ZGARL_4612-6937-5124-7449,0,0,0,0,0,0,0,0,1
DWL1ZGARL_4612-6425-5124-6937,0,0,0,0,0,0,0,0,1
DWL1ZGARL_4612-5401-5124-5913,0,0,0,0,0,0,0,0,1
DWL1ZGARL_4612-7961-5124-8473,0,0,0,0,0,0,0,0,1
DWL1ZGARL_4612-7449-5124-7961,0,0,0,0,0,0,0,0,1
DWL1ZGARL_4612-8473-5124-8985,0,0,0,0,0,0,0,0,1
DWL1ZGARL_4652-2274-5164-2786,0,0,0,0,0,0,0,0,1
DWL1ZGARL_4652-2786-5164-3298,0,0,0,0,0,0,0,0,1
DWL1ZGARL_4652-4322-5164-4834,0,0,0,0,0,0,0,0,1
DWL1ZGARL_4652-3810-5164-4322,0,0,0,0,0,0,0,0,1
DWL1ZGARL_4652-3298-5164-3810,0,0,0,0,0,0,0,0,1
DWL1ZGARL_4683-1858-5195-2370,0,0,0,0,0,0,0,0,1
DWL1ZGARL_4683-834-5195-1346,0,0,0,0,0,0,0,0,1
DWL1ZGARL_4683-1346-5195-1858,0,0,0,0,0,0,0,0,1
DWL1ZGARL_745-6205-1257-6717,0,0,0,0,0,0,0,0,1
DWL1ZGARL_877-6544-1389-7056,0,0,0,0,0,0,0,0,1
DWUM44IH3_727-1602-1239-2114,0,0,0,0,0,0,0,0,1
DWL1ZGARL_975-2465-1487-2977,0,0,0,0,0,0,0,0,1
DX8T1XVXQ_1101-3875-1613-4387,0,1,0,0,0,0,0,0,0
DX8T1XVXQ_1613-3875-2125-4387,0,1,0,0,0,0,0,0,0
DWUM44IH3_3457-2244-3969-2756,0,0,0,0,0,0,0,0,1
DX8T1XVXQ_2673-3662-3185-4174,0,1,0,0,0,0,0,0,0
DX8T1XVXQ_2137-447-2649-959,0,1,0,0,0,0,0,0,0
DX8T1XVXQ_2161-3662-2673-4174,0,1,0,0,0,0,0,0,0
DX8T1XVXQ_3173-598-3685-1110,0,1,0,0,0,0,0,0,0
DX8T1XVXQ_2661-598-3173-1110,0,1,0,0,0,0,0,0,0
DX8T1XVXQ_3685-1622-4197-2134,0,1,0,0,0,0,0,0,0
DX8T1XVXQ_3830-3978-4342-4490,0,1,0,0,0,0,0,0,0
DX8T1XVXQ_3685-598-4197-1110,0,1,0,0,0,0,0,0,0
DX8T1XVXQ_3318-3978-3830-4490,0,1,0,0,0,0,0,0,0
DX8T1XVXQ_4156-3237-4668-3749,0,1,0,0,0,0,0,0,0
DX8T1XVXQ_3685-1110-4197-1622,0,1,0,0,0,0,0,0,0
DX8T1XVXQ_4197-1622-4709-2134,0,1,0,0,0,0,0,0,0
DX8T1XVXQ_4524-3777-5036-4289,0,1,0,0,0,0,0,0,0
DX8T1XVXQ_4592-4092-5104-4604,0,1,0,0,0,0,0,0,0
DX8T1XVXQ_4668-2725-5180-3237,0,1,0,0,0,0,0,0,0
DX8T1XVXQ_4156-3749-4668-4261,0,1,0,0,0,0,0,0,0
DX8T1XVXQ_4197-598-4709-1110,0,1,0,0,0,0,0,0,0
DX8T1XVXQ_4668-2213-5180-2725,0,1,0,0,0,0,0,0,0
DX8T1XVXQ_5180-1701-5692-2213,0,1,0,0,0,0,0,0,0
DX8T1XVXQ_5180-2213-5692-2725,0,1,0,0,0,0,0,0,0
DX8T1XVXQ_4709-598-5221-1110,0,1,0,0,0,0,0,0,0
DX8T1XVXQ_4709-1622-5221-2134,0,1,0,0,0,0,0,0,0
DX8T1XVXQ_4668-3237-5180-3749,0,1,0,0,0,0,0,0,0
DX8T1XVXQ_5733-1110-6245-1622,0,1,0,0,0,0,0,0,0
DX8T1XVXQ_5221-598-5733-1110,0,1,0,0,0,0,0,0,0
DX8T1XVXQ_5221-1110-5733-1622,0,1,0,0,0,0,0,0,0
DX8T1XVXQ_5180-2725-5692-3237,0,1,0,0,0,0,0,0,0
DX8T1XVXQ_5692-2725-6204-3237,0,1,0,0,0,0,0,0,0
DX8T1XVXQ_5733-1622-6245-2134,0,1,0,0,0,0,0,0,0
DX8T1XVXQ_6204-3237-6716-3749,0,1,0,0,0,0,0,0,0
DX8T1XVXQ_5733-598-6245-1110,0,1,0,0,0,0,0,0,0
DX8T1XVXQ_6204-2725-6716-3237,0,1,0,0,0,0,0,0,0
DX8T1XVXQ_6233-3967-6745-4479,0,1,0,0,0,0,0,0,0
DX8T1XVXQ_6245-1110-6757-1622,0,1,0,0,0,0,0,0,0
DX8T1XVXQ_6245-598-6757-1110,0,1,0,0,0,0,0,0,0
DX8T1XVXQ_6681-3710-7193-4222,0,1,0,0,0,0,0,0,0
DX8T1XVXQ_6745-3967-7257-4479,0,1,0,0,0,0,0,0,0
DX8T1XVXQ_6716-3237-7228-3749,0,1,0,0,0,0,0,0,0
DX8T1XVXQ_6716-2725-7228-3237,0,1,0,0,0,0,0,0,0
DX8T1XVXQ_6787-1652-7299-2164,0,1,0,0,0,0,0,0,0
DX8T1XVXQ_7077-719-7589-1231,0,1,0,0,0,0,0,0,0
DX8T1XVXQ_7124-3592-7636-4104,0,1,0,0,0,0,0,0,0
DX8T1XVXQ_7636-3592-8148-4104,0,1,0,0,0,0,0,0,0
DX8T1XVXQ_7228-3237-7740-3749,0,1,0,0,0,0,0,0,0
DX8T1XVXQ_7228-1701-7740-2213,0,1,0,0,0,0,0,0,0
DX8T1XVXQ_7124-4104-7636-4616,0,1,0,0,0,0,0,0,0
DX8T1XVXQ_7636-4104-8148-4616,0,1,0,0,0,0,0,0,0
DX8T1XVXQ_8189-1674-8701-2186,0,1,0,0,0,0,0,0,0
DX8T1XVXQ_7677-2186-8189-2698,0,1,0,0,0,0,0,0,0
DX8T1XVXQ_8189-2186-8701-2698,0,1,0,0,0,0,0,0,0
DX8T1XVXQ_8148-3592-8660-4104,0,1,0,0,0,0,0,0,0
DX8T1XVXQ_8148-4104-8660-4616,0,1,0,0,0,0,0,0,0
DX8T1XVXQ_8529-1215-9041-1727,0,1,0,0,0,0,0,0,0
DX8T1XVXQ_8529-703-9041-1215,0,1,0,0,0,0,0,0,0
DX8T1XVXQ_8862-492-9374-1004,0,1,0,0,0,0,0,0,0
DX8T1XVXQ_8701-1674-9213-2186,0,1,0,0,0,0,0,0,0
DX8T1XVXQ_8701-2186-9213-2698,0,1,0,0,0,0,0,0,0
DX8T1XVXQ_9041-1215-9553-1727,0,1,0,0,0,0,0,0,0
DX8T1XVXQ_9041-703-9553-1215,0,1,0,0,0,0,0,0,0
DX8T1XVXQ_9554-437-10066-949,0,1,0,0,0,0,0,0,0
DXCMGG97J_1654-9118-2166-9630,0,1,0,0,0,0,0,0,0
DXCMGG97J_1307-5421-1819-5933,0,1,0,0,0,0,0,0,0
DXCMGG97J_1851-2044-2363-2556,0,1,0,0,0,0,0,0,0
DXCMGG97J_1764-6111-2276-6623,0,1,0,0,0,0,0,0,0
DXCMGG97J_2124-2205-2636-2717,0,1,0,0,0,0,0,0,0
DXCMGG97J_2786-6617-3298-7129,0,1,0,0,0,0,0,0,0
DXCMGG97J_3494-6327-4006-6839,0,1,0,0,0,0,0,0,0
DXCMGG97J_2786-7129-3298-7641,0,1,0,0,0,0,0,0,0
DXCMGG97J_3699-5787-4211-6299,0,1,0,0,0,0,0,0,0
DXCMGG97J_3644-5480-4156-5992,0,1,0,0,0,0,0,0,0
DXCMGG97J_4156-5480-4668-5992,0,1,0,0,0,0,0,0,0
DXCMGG97J_4848-4495-5360-5007,0,1,0,0,0,0,0,0,0
DXCMGG97J_4916-2413-5428-2925,0,1,0,0,0,0,0,0,0
DXCMGG97J_4336-4495-4848-5007,0,1,0,0,0,0,0,0,0
DXCMGG97J_4336-5007-4848-5519,0,1,0,0,0,0,0,0,0
DXCMGG97J_4848-5007-5360-5519,0,1,0,0,0,0,0,0,0
DXCMGG97J_4916-2925-5428-3437,0,1,0,0,0,0,0,0,0
DXCMGG97J_5360-3983-5872-4495,0,1,0,0,0,0,0,0,0
DXCMGG97J_5428-1901-5940-2413,0,1,0,0,0,0,0,0,0
DXCMGG97J_5360-4495-5872-5007,0,1,0,0,0,0,0,0,0
DXCMGG97J_4916-3437-5428-3949,0,1,0,0,0,0,0,0,0
DXCMGG97J_5428-2413-5940-2925,0,1,0,0,0,0,0,0,0
DXCMGG97J_5872-3983-6384-4495,0,1,0,0,0,0,0,0,0
DXCMGG97J_695-6137-1207-6649,0,1,0,0,0,0,0,0,0
DXCMGG97J_6817-8010-7329-8522,0,1,0,0,0,0,0,0,0
DXCMGG97J_688-4386-1200-4898,0,1,0,0,0,0,0,0,0
DXCMGG97J_5872-4495-6384-5007,0,1,0,0,0,0,0,0,0
DXCMGG97J_7631-9685-8143-10197,0,1,0,0,0,0,0,0,0
DXCMGG97J_7285-9659-7797-10171,0,1,0,0,0,0,0,0,0
DYKD2XKB3_1165-9123-1677-9635,0,0,0,0,1,0,0,0,0
DXCMGG97J_8467-7355-8979-7867,0,1,0,0,0,0,0,0,0
DYKD2XKB3_1677-9123-2189-9635,0,0,0,0,1,0,0,0,0
DYKD2XKB3_1184-673-1696-1185,0,0,0,0,1,0,0,0,0
DYKD2XKB3_1696-673-2208-1185,0,0,0,0,1,0,0,0,0
DYKD2XKB3_2208-673-2720-1185,0,0,0,0,1,0,0,0,0
DYKD2XKB3_2701-9123-3213-9635,0,0,0,0,1,0,0,0,0
DYKD2XKB3_2189-9123-2701-9635,0,0,0,0,1,0,0,0,0
DYKD2XKB3_2720-673-3232-1185,0,0,0,0,1,0,0,0,0
DYKD2XKB3_3213-9123-3725-9635,0,0,0,0,1,0,0,0,0
DYKD2XKB3_3232-673-3744-1185,0,0,0,0,1,0,0,0,0
DYKD2XKB3_4749-9123-5261-9635,0,0,0,0,1,0,0,0,0
DYKD2XKB3_3725-9123-4237-9635,0,0,0,0,1,0,0,0,0
DYKD2XKB3_4237-9123-4749-9635,0,0,0,0,1,0,0,0,0
DYKD2XKB3_5280-673-5792-1185,0,0,0,0,1,1,0,0,0
DYKD2XKB3_3744-673-4256-1185,0,0,0,0,1,0,0,0,0
DYKD2XKB3_4768-673-5280-1185,0,0,0,0,1,0,0,0,0
DYKD2XKB3_4256-673-4768-1185,0,0,0,0,1,0,0,0,0
DYKD2XKB3_5444-9074-5956-9586,0,0,0,0,1,0,0,0,0
DYKD2XKB3_6076-601-6588-1113,0,0,0,0,1,1,0,0,0
DYKD2XKB3_5792-673-6304-1185,0,0,0,0,1,1,0,0,0
E2MMWPZGA_1287-10374-1799-10886,1,0,0,0,0,0,0,0,0
DYKD2XKB3_896-545-1408-1057,0,0,0,0,1,1,0,0,0
E2MMWPZGA_1287-11398-1799-11910,1,0,0,0,0,0,0,0,0
E2MMWPZGA_1287-6790-1799-7302,1,0,0,0,0,0,0,0,0
E2MMWPZGA_1287-11910-1799-12422,1,0,0,0,0,0,0,0,0
E2MMWPZGA_1287-646-1799-1158,1,0,0,0,0,0,0,0,0
E2MMWPZGA_1287-7302-1799-7814,1,0,0,0,0,0,0,0,0
E2MMWPZGA_1287-7814-1799-8326,1,0,0,0,0,0,0,0,0
E2MMWPZGA_1287-9862-1799-10374,1,0,0,0,0,0,0,0,0
E2MMWPZGA_1287-8838-1799-9350,1,0,0,0,0,0,0,0,0
E2MMWPZGA_1287-8326-1799-8838,1,0,0,0,0,0,0,0,0
E2MMWPZGA_1799-11398-2311-11910,1,0,0,0,0,0,0,0,0
E2MMWPZGA_1799-10886-2311-11398,1,0,0,0,0,0,0,0,0
E2MMWPZGA_1287-9350-1799-9862,1,0,0,0,0,0,0,0,0
E2MMWPZGA_1799-1158-2311-1670,1,0,0,0,0,0,0,0,0
E2MMWPZGA_1799-6790-2311-7302,1,0,0,0,0,0,0,0,0
E2MMWPZGA_1799-646-2311-1158,1,0,0,0,0,0,0,0,0
E2MMWPZGA_1799-12422-2311-12934,1,0,0,0,0,0,0,0,0
E2MMWPZGA_1799-11910-2311-12422,1,0,0,0,0,0,0,0,0
E2MMWPZGA_2311-10886-2823-11398,1,0,0,0,0,0,0,0,0
E2MMWPZGA_2311-11910-2823-12422,1,0,0,0,0,0,0,0,0
E2MMWPZGA_2311-6790-2823-7302,1,0,0,0,0,0,0,0,0
E2MMWPZGA_2311-646-2823-1158,1,0,0,0,0,0,0,0,0
E2MMWPZGA_2311-12422-2823-12934,1,0,0,0,0,0,0,0,0
E2MMWPZGA_2311-7302-2823-7814,1,0,0,0,0,0,0,0,0
E2MMWPZGA_2719-6772-3231-7284,1,0,0,0,0,0,0,0,0
E2MMWPZGA_2823-10374-3335-10886,1,0,0,0,0,0,0,0,0
E2MMWPZGA_2719-6260-3231-6772,1,0,0,0,0,0,0,0,0
E2MMWPZGA_2719-7284-3231-7796,1,0,0,0,0,0,0,0,0
E2MMWPZGA_2719-5748-3231-6260,1,0,0,0,0,0,0,0,0
E2MMWPZGA_2823-12422-3335-12934,1,0,0,0,0,0,0,0,0
E2MMWPZGA_2719-11380-3231-11892,1,0,0,0,0,0,0,0,0
E2MMWPZGA_2823-5254-3335-5766,1,0,0,0,0,0,0,0,0
E2MMWPZGA_2823-9862-3335-10374,1,0,0,0,0,0,0,0,0
E2MMWPZGA_2823-646-3335-1158,1,0,0,0,0,0,0,0,0
E2MMWPZGA_2861-3524-3373-4036,1,0,0,0,0,0,0,0,0
E2MMWPZGA_2861-4036-3373-4548,1,0,0,0,0,0,0,0,0
E2MMWPZGA_2861-4548-3373-5060,1,0,0,0,0,0,0,0,0
E2MMWPZGA_3231-11380-3743-11892,1,0,0,0,0,0,0,0,0
E2MMWPZGA_3231-9844-3743-10356,1,0,0,0,0,0,0,0,0
E2MMWPZGA_3335-10374-3847-10886,1,0,0,0,0,0,0,0,0
E2MMWPZGA_3335-1158-3847-1670,1,0,0,0,0,0,0,0,0
E2MMWPZGA_3335-2182-3847-2694,1,0,0,0,0,0,0,0,0
E2MMWPZGA_3335-1670-3847-2182,1,0,0,0,0,0,0,0,0
E2MMWPZGA_3373-3524-3885-4036,1,0,0,0,0,0,0,0,0
E2MMWPZGA_3335-12934-3847-13446,1,0,0,0,0,0,0,0,0
E2MMWPZGA_3373-3012-3885-3524,1,0,0,0,0,0,0,0,0
E2MMWPZGA_3335-12422-3847-12934,1,0,0,0,0,0,1,0,0
E2MMWPZGA_3335-646-3847-1158,1,0,0,0,0,0,0,0,0
E2MMWPZGA_3373-4036-3885-4548,1,0,0,0,0,0,0,0,0
E2MMWPZGA_3743-10356-4255-10868,1,0,0,0,0,0,0,0,0
E2MMWPZGA_3373-4548-3885-5060,1,0,0,0,0,0,0,0,0
E2MMWPZGA_3743-11892-4255-12404,1,0,0,0,0,0,0,0,0
E2MMWPZGA_3588-12667-4100-13179,1,0,0,0,0,0,1,0,0
E2MMWPZGA_3847-10886-4359-11398,1,0,0,0,0,0,0,0,0
E2MMWPZGA_3847-2694-4359-3206,1,0,0,0,0,0,0,0,0
E2MMWPZGA_3743-12404-4255-12916,1,0,0,0,0,0,1,0,0
E2MMWPZGA_3847-12934-4359-13446,1,0,0,0,0,0,1,0,0
E2MMWPZGA_3847-3206-4359-3718,1,0,0,0,0,0,0,0,0
E2MMWPZGA_3847-2182-4359-2694,1,0,0,0,0,0,0,0,0
E2MMWPZGA_3885-4036-4397-4548,1,0,0,0,0,0,0,0,0
E2MMWPZGA_3885-4548-4397-5060,1,0,0,0,0,0,0,0,0
E2MMWPZGA_4255-10868-4767-11380,1,0,0,0,0,0,0,0,0
E2MMWPZGA_3847-3718-4359-4230,1,0,0,0,0,0,0,0,0
E2MMWPZGA_4255-11892-4767-12404,1,0,0,0,0,0,0,0,0
E2MMWPZGA_3885-5060-4397-5572,1,0,0,0,0,0,0,0,0
E2MMWPZGA_3885-5572-4397-6084,1,0,0,0,0,0,0,0,0
E2MMWPZGA_4100-12667-4612-13179,1,0,0,0,0,0,1,0,0
E2MMWPZGA_4255-12404-4767-12916,1,0,0,0,0,0,0,0,0
E2MMWPZGA_4255-5748-4767-6260,1,0,0,0,0,0,0,0,0
E2MMWPZGA_4359-10374-4871-10886,1,0,0,0,0,0,0,0,0
E2MMWPZGA_4359-5254-4871-5766,1,0,0,0,0,0,0,0,0
E2MMWPZGA_4359-12934-4871-13446,1,0,0,0,0,0,1,0,0
E2MMWPZGA_4359-4230-4871-4742,1,0,0,0,0,0,0,0,0
E2MMWPZGA_4359-4742-4871-5254,1,0,0,0,0,0,0,0,0
E2MMWPZGA_4359-7302-4871-7814,1,0,0,0,0,0,0,0,0
E2MMWPZGA_4359-6278-4871-6790,1,0,0,0,0,0,0,0,0
E2MMWPZGA_4359-6790-4871-7302,1,0,0,0,0,0,0,0,0
E2MMWPZGA_4359-8326-4871-8838,1,0,0,0,0,0,0,0,0
E2MMWPZGA_4359-8838-4871-9350,1,0,0,0,0,0,0,0,0
E2MMWPZGA_4767-10356-5279-10868,1,0,0,0,0,0,0,0,0
E2MMWPZGA_4359-7814-4871-8326,1,0,0,0,0,0,0,0,0
E2MMWPZGA_4359-9862-4871-10374,1,0,0,0,0,0,0,0,0
E2MMWPZGA_4767-10868-5279-11380,1,0,0,0,0,0,0,0,0
E2MMWPZGA_4359-9350-4871-9862,1,0,0,0,0,0,0,0,0
E2MMWPZGA_4612-12667-5124-13179,1,0,0,0,0,0,1,0,0
E2MMWPZGA_4767-11380-5279-11892,1,0,0,0,0,0,0,0,0
E2MMWPZGA_4767-11892-5279-12404,1,0,0,0,0,0,0,0,0
E2MMWPZGA_4767-12404-5279-12916,1,0,0,0,0,0,0,0,0
E2MMWPZGA_4767-7796-5279-8308,1,0,0,0,0,0,0,0,0
E2MMWPZGA_4767-6260-5279-6772,1,0,0,0,0,0,0,0,0
E2MMWPZGA_4767-5748-5279-6260,1,0,0,0,0,0,0,0,0
E2MMWPZGA_4767-8820-5279-9332,1,0,0,0,0,0,0,0,0
E2MMWPZGA_4767-8308-5279-8820,1,0,0,0,0,0,0,0,0
E2MMWPZGA_4767-7284-5279-7796,1,0,0,0,0,0,0,0,0
E2MMWPZGA_4767-6772-5279-7284,1,0,0,0,0,0,0,0,0
E2MMWPZGA_5279-11380-5791-11892,1,0,0,0,0,0,0,0,0
E2MMWPZGA_775-11398-1287-11910,1,0,0,0,0,0,0,0,0
E2MMWPZGA_5279-12404-5791-12916,1,0,0,0,0,0,0,0,0
E2MMWPZGA_775-10374-1287-10886,1,0,0,0,0,0,0,0,0
E2MMWPZGA_5279-11892-5791-12404,1,0,0,0,0,0,0,0,0
E2MMWPZGA_4767-9332-5279-9844,1,0,0,0,0,0,0,0,0
E2MMWPZGA_775-10886-1287-11398,1,0,0,0,0,0,0,0,0
E2MMWPZGA_4767-9844-5279-10356,1,0,0,0,0,0,0,0,0
E2MMWPZGA_775-11910-1287-12422,1,0,0,0,0,0,0,0,0
E2MMWPZGA_775-1158-1287-1670,1,0,0,0,0,0,0,0,0
E2MMWPZGA_775-1670-1287-2182,1,0,0,0,0,0,0,0,0
E2MMWPZGA_775-4742-1287-5254,1,0,0,0,0,0,0,0,0
E2MMWPZGA_775-3206-1287-3718,1,0,0,0,0,0,0,0,0
E2MMWPZGA_775-2694-1287-3206,1,0,0,0,0,0,0,0,0
E2MMWPZGA_775-3718-1287-4230,1,0,0,0,0,0,0,0,0
E2MMWPZGA_775-5254-1287-5766,1,0,0,0,0,0,0,0,0
E2MMWPZGA_775-2182-1287-2694,1,0,0,0,0,0,0,0,0
E2MMWPZGA_775-4230-1287-4742,1,0,0,0,0,0,0,0,0
E2MMWPZGA_775-6278-1287-6790,1,0,0,0,0,0,0,0,0
E2MMWPZGA_775-5766-1287-6278,1,0,0,0,0,0,0,0,0
E2MMWPZGA_775-7814-1287-8326,1,0,0,0,0,0,0,0,0
E2MMWPZGA_775-7302-1287-7814,1,0,0,0,0,0,0,0,0
E2MMWPZGA_775-8838-1287-9350,1,0,0,0,0,0,0,0,0
E2MMWPZGA_775-8326-1287-8838,1,0,0,0,0,0,0,0,0
E2MMWPZGA_775-6790-1287-7302,1,0,0,0,0,0,0,0,0
E2MMWPZGA_775-646-1287-1158,1,0,0,0,0,0,0,0,0
E2MMWPZGA_775-9350-1287-9862,1,0,0,0,0,0,0,0,0
E2ZZRD33L_1073-1718-1585-2230,0,1,0,0,0,0,0,0,0
E2MMWPZGA_775-9862-1287-10374,1,0,0,0,0,0,0,0,0
E2ZZRD33L_1073-2230-1585-2742,0,1,0,0,0,0,0,0,0
E2ZZRD33L_1073-1206-1585-1718,0,1,0,0,0,0,0,0,0
E2ZZRD33L_1073-694-1585-1206,0,1,0,0,0,0,0,0,0
E2UI98KJP_8204-2203-8716-2715,0,0,0,0,0,0,1,0,0
E2UI98KJP_2889-3396-3401-3908,0,0,0,0,0,0,1,0,0
E2ZZRD33L_1073-2742-1585-3254,0,1,0,0,0,0,0,0,0
E2ZZRD33L_1585-2742-2097-3254,0,1,0,0,0,0,0,0,0
E2ZZRD33L_2162-3068-2674-3580,0,1,0,0,0,0,0,0,0
E2ZZRD33L_1585-694-2097-1206,0,1,0,0,0,0,0,0,0
E2ZZRD33L_2609-2742-3121-3254,0,1,0,0,0,0,0,0,0
E2ZZRD33L_2162-3580-2674-4092,0,1,0,0,0,0,0,0,0
E2ZZRD33L_2097-694-2609-1206,0,1,0,0,0,0,0,0,0
E2ZZRD33L_2162-4092-2674-4604,0,1,0,0,0,0,0,0,0
E2ZZRD33L_2097-2742-2609-3254,0,1,0,0,0,0,0,0,0
E2ZZRD33L_2609-694-3121-1206,0,1,0,0,0,0,0,0,0
E2ZZRD33L_2674-3068-3186-3580,0,1,0,0,0,0,0,0,0
E2ZZRD33L_3121-2742-3633-3254,0,1,0,0,0,0,0,0,0
E2ZZRD33L_3121-694-3633-1206,0,1,0,0,0,0,0,0,0
E2ZZRD33L_3186-3068-3698-3580,0,1,0,0,0,0,0,0,0
E2ZZRD33L_3633-694-4145-1206,0,1,0,0,0,0,0,0,0
E2ZZRD33L_3186-4092-3698-4604,0,1,0,0,0,0,0,0,0
E2ZZRD33L_2674-4092-3186-4604,0,1,0,0,0,0,0,0,0
E2ZZRD33L_3633-2742-4145-3254,0,1,0,0,0,0,0,0,0
E2ZZRD33L_3698-3068-4210-3580,0,1,0,0,0,0,0,0,0
E2ZZRD33L_3698-4092-4210-4604,0,1,0,0,0,0,0,0,0
E2ZZRD33L_4210-4092-4722-4604,0,1,0,0,0,0,0,0,0
E2ZZRD33L_4145-694-4657-1206,0,1,0,0,0,0,0,0,0
E2ZZRD33L_4657-2230-5169-2742,0,1,0,0,0,0,0,0,0
E2ZZRD33L_4145-2742-4657-3254,0,1,0,0,0,0,0,0,0
E2ZZRD33L_4210-3068-4722-3580,0,1,0,0,0,0,0,0,0
E2ZZRD33L_4657-2742-5169-3254,0,1,0,0,0,0,0,0,0
E2ZZRD33L_4657-694-5169-1206,0,1,0,0,0,0,0,0,0
E2ZZRD33L_4722-3068-5234-3580,0,1,0,0,0,0,0,0,0
E2ZZRD33L_5234-3068-5746-3580,0,1,0,0,0,0,0,0,0
E2ZZRD33L_5169-694-5681-1206,0,1,0,0,0,0,0,0,0
E2ZZRD33L_4722-4092-5234-4604,0,1,0,0,0,0,0,0,0
E2ZZRD33L_5507-2256-6019-2768,0,1,0,0,0,0,0,0,0
E2ZZRD33L_5234-4092-5746-4604,0,1,0,0,0,0,0,0,0
E2ZZRD33L_5169-1718-5681-2230,0,1,0,0,0,0,0,0,0
E2ZZRD33L_4995-2256-5507-2768,0,1,0,0,0,0,0,0,0
E2ZZRD33L_5681-1718-6193-2230,0,1,0,0,0,0,0,0,0
E2ZZRD33L_5681-2742-6193-3254,0,1,0,0,0,0,0,0,0
E2ZZRD33L_5681-694-6193-1206,0,1,0,0,0,0,0,0,0
E2ZZRD33L_6193-1718-6705-2230,0,1,0,0,0,0,0,0,0
E2ZZRD33L_6193-694-6705-1206,0,1,0,0,0,0,0,0,0
E2ZZRD33L_6193-2742-6705-3254,0,1,0,0,0,0,0,0,0
E2ZZRD33L_5746-3068-6258-3580,0,1,0,0,0,0,0,0,0
E2ZZRD33L_6193-1206-6705-1718,0,1,0,0,0,0,0,0,0
E2ZZRD33L_5746-4092-6258-4604,0,1,0,0,0,0,0,0,0
E2ZZRD33L_6062-3061-6574-3573,0,1,0,0,0,0,0,0,0
E2ZZRD33L_6019-2256-6531-2768,0,1,0,0,0,0,0,0,0
E2ZZRD33L_6705-694-7217-1206,0,1,0,0,0,0,0,0,0
E2ZZRD33L_6531-2256-7043-2768,0,1,0,0,0,0,0,0,0
E2ZZRD33L_6770-4092-7282-4604,0,1,0,0,0,0,0,0,0
E2ZZRD33L_6770-3068-7282-3580,0,1,0,0,0,0,0,0,0
E2ZZRD33L_7043-2256-7555-2768,0,1,0,0,0,0,0,0,0
E2ZZRD33L_6705-1206-7217-1718,0,1,0,0,0,0,0,0,0
E2ZZRD33L_7217-1206-7729-1718,0,1,0,0,0,0,0,0,0
E2ZZRD33L_6258-4092-6770-4604,0,1,0,0,0,0,0,0,0
E2ZZRD33L_7282-3068-7794-3580,0,1,0,0,0,0,0,0,0
E2ZZRD33L_7794-4092-8306-4604,0,1,0,0,0,0,0,0,0
E2ZZRD33L_7473-2777-7985-3289,0,1,0,0,0,0,0,0,0
E2ZZRD33L_7794-3580-8306-4092,0,1,0,0,0,0,0,0,0
E2ZZRD33L_7282-4092-7794-4604,0,1,0,0,0,0,0,0,0
E2ZZRD33L_7806-1547-8318-2059,0,1,0,0,0,0,0,0,0
E2ZZRD33L_7555-2256-8067-2768,0,1,0,0,0,0,0,0,0
E2ZZRD33L_7985-1753-8497-2265,0,1,0,0,0,0,0,0,0
E2ZZRD33L_7985-2265-8497-2777,0,1,0,0,0,0,0,0,0
E2ZZRD33L_7794-3068-8306-3580,0,1,0,0,0,0,0,0,0
E39Z3DGB7_6693-10245-7205-10757,0,0,0,1,0,0,0,0,0
E39Z3DGB7_6181-9221-6693-9733,0,0,0,1,0,0,0,0,0
E39Z3DGB7_6693-9221-7205-9733,0,0,0,1,0,0,0,0,0
E39Z3DGB7_7205-10245-7717-10757,0,0,0,1,0,0,0,0,0
E39Z3DGB7_6181-9733-6693-10245,0,0,0,1,0,0,0,0,0
E2ZZRD33L_7985-2777-8497-3289,0,1,0,0,0,0,0,0,0
E39Z3DGB7_7205-9733-7717-10245,0,0,0,1,0,0,0,0,0
E39Z3DGB7_6181-10245-6693-10757,0,0,0,1,0,0,0,0,0
E39Z3DGB7_7205-9221-7717-9733,0,0,0,1,0,0,0,0,0
E39Z3DGB7_7717-9221-8229-9733,0,0,0,1,0,0,0,0,0
E3ARBTA6C_1043-3933-1555-4445,0,0,0,0,0,1,0,0,0
E3ARBTA6C_3891-3891-4403-4403,0,0,0,0,0,1,0,0,0
E3ARBTA6C_2579-3933-3091-4445,0,0,0,0,0,1,0,0,0
E3ARBTA6C_2067-3933-2579-4445,0,0,0,0,0,1,0,0,0
E3ARBTA6C_3379-3891-3891-4403,0,0,0,0,1,1,0,0,0
E3ARBTA6C_1555-3933-2067-4445,0,0,0,0,0,1,0,0,0
E3ARBTA6C_3163-4048-3675-4560,0,0,0,0,1,1,0,0,0
E3ARBTA6C_2867-3891-3379-4403,0,0,0,0,1,1,0,0,0
E3ARBTA6C_650-1314-1162-1826,0,0,0,0,1,0,0,0,0
E3ARBTA6C_5908-2068-6420-2580,0,0,0,0,1,0,0,0,0
E3ARBTA6C_675-2321-1187-2833,0,0,0,0,1,0,0,0,0
E3ARBTA6C_5739-3048-6251-3560,0,0,0,0,1,0,0,0,0
E3ARBTA6C_5261-3287-5773-3799,0,0,0,0,1,0,0,0,0
E3ARBTA6C_672-817-1184-1329,0,0,0,0,1,0,0,0,0
E3ARBTA6C_680-1796-1192-2308,0,0,0,0,1,0,0,0,0
E3ARBTA6C_6038-2566-6550-3078,0,0,0,0,1,0,0,0,0
E3ARBTA6C_701-2794-1213-3306,0,0,0,0,1,0,0,0,0
E3ARBTA6C_741-3294-1253-3806,0,0,0,0,1,0,0,0,0
E3R6ZWYWC_10159-434-10671-946,0,1,0,0,0,0,0,1,0
E3R6ZWYWC_10159-9138-10671-9650,0,1,0,0,0,0,0,0,0
E3R6ZWYWC_10159-5554-10671-6066,0,1,0,0,0,0,0,1,0
E3GJYABWP_996-3648-1508-4160,0,0,0,0,0,0,0,0,1
E3R6ZWYWC_10671-434-11183-946,0,1,0,0,0,0,0,1,0
E3GJYABWP_2228-842-2740-1354,0,0,0,0,0,0,0,0,1
E3R6ZWYWC_10159-8626-10671-9138,0,1,0,0,0,0,0,0,0
E3R6ZWYWC_10159-8114-10671-8626,0,1,0,0,0,0,0,1,0
E3R6ZWYWC_11183-9650-11695-10162,0,1,0,0,0,0,0,0,0
E3R6ZWYWC_11695-434-12207-946,0,1,0,0,0,0,0,1,0
E3R6ZWYWC_12207-1970-12719-2482,0,1,0,0,0,0,0,1,0
E3R6ZWYWC_12207-2482-12719-2994,0,1,0,0,0,0,0,1,0
E3R6ZWYWC_10671-9650-11183-10162,0,1,0,0,0,0,0,0,0
E3R6ZWYWC_11695-9650-12207-10162,0,1,0,0,0,0,0,0,0
E3R6ZWYWC_11183-434-11695-946,0,1,0,0,0,0,0,0,0
E3R6ZWYWC_12207-1458-12719-1970,0,1,0,0,0,0,0,0,0
E3R6ZWYWC_12207-2994-12719-3506,0,1,0,0,0,0,0,0,0
E3R6ZWYWC_12207-5042-12719-5554,0,1,0,0,0,0,0,0,0
E3R6ZWYWC_12207-4018-12719-4530,0,1,0,0,0,0,0,0,0
E3R6ZWYWC_12207-4530-12719-5042,0,1,0,0,0,0,0,0,0
E3R6ZWYWC_12207-6066-12719-6578,0,1,0,0,0,0,0,0,0
E3R6ZWYWC_12207-434-12719-946,0,1,0,0,0,0,0,1,0
E3R6ZWYWC_12207-5554-12719-6066,0,1,0,0,0,0,0,0,0
E3R6ZWYWC_12207-3506-12719-4018,0,1,0,0,0,0,0,0,0
E3R6ZWYWC_12207-6578-12719-7090,0,1,0,0,0,0,0,0,0
E3R6ZWYWC_12207-7090-12719-7602,0,1,0,0,0,0,0,0,0
E3R6ZWYWC_12207-9138-12719-9650,0,1,0,0,0,0,0,0,0
E3R6ZWYWC_12207-9650-12719-10162,0,1,0,0,0,0,0,0,0
E3R6ZWYWC_2126-5559-2638-6071,0,1,0,0,0,0,0,0,0
E3R6ZWYWC_12207-8626-12719-9138,0,1,0,0,0,0,0,0,0
E3R6ZWYWC_12207-8114-12719-8626,0,1,0,0,0,0,0,0,0
E3R6ZWYWC_12207-7602-12719-8114,0,1,0,0,0,0,0,0,0
E3R6ZWYWC_12207-946-12719-1458,0,1,0,0,0,0,0,1,0
E3R6ZWYWC_1614-5559-2126-6071,0,1,0,0,0,0,0,0,0
E3R6ZWYWC_2126-7095-2638-7607,0,1,0,0,0,0,0,0,0
E3R6ZWYWC_2768-8948-3280-9460,0,1,0,0,0,0,0,0,0
E3R6ZWYWC_2638-6583-3150-7095,0,1,0,0,0,0,0,0,0
E3R6ZWYWC_2638-6071-3150-6583,0,1,0,0,0,0,0,0,0
E3R6ZWYWC_2638-5559-3150-6071,0,1,0,0,0,0,0,0,0
E3R6ZWYWC_2638-7095-3150-7607,0,1,0,0,0,0,0,0,0
E3R6ZWYWC_2768-8436-3280-8948,0,1,0,0,0,0,0,0,0
E3R6ZWYWC_3183-5768-3695-6280,0,1,0,0,0,0,0,0,0
E3R6ZWYWC_3183-5256-3695-5768,0,1,0,0,0,0,0,0,0
E3R6ZWYWC_3280-8436-3792-8948,0,1,0,0,0,0,0,0,0
E3R6ZWYWC_3280-8948-3792-9460,0,1,0,0,0,0,0,0,0
E3R6ZWYWC_3695-5768-4207-6280,0,1,0,0,0,0,0,0,0
E3R6ZWYWC_4207-4744-4719-5256,0,1,0,0,0,0,0,0,0
E3R6ZWYWC_4207-5256-4719-5768,0,1,0,0,0,0,0,0,0
E3R6ZWYWC_3695-5256-4207-5768,0,1,0,0,0,0,0,0,0
E3R6ZWYWC_4390-12591-4902-13103,0,1,0,0,0,0,0,0,0
E3R6ZWYWC_4719-4744-5231-5256,0,1,0,0,0,0,0,0,0
E3R6ZWYWC_4390-13103-4902-13615,0,1,0,0,0,0,0,0,0
E3R6ZWYWC_4802-14483-5314-14995,0,1,0,0,0,0,0,0,0
E3R6ZWYWC_4802-14995-5314-15507,0,1,0,0,0,0,0,0,0
E3R6ZWYWC_4902-12591-5414-13103,0,1,0,0,0,0,0,0,0
E3R6ZWYWC_5231-4744-5743-5256,0,1,0,0,0,0,0,0,0
E3R6ZWYWC_5314-14483-5826-14995,0,1,0,0,0,0,0,0,0
E3R6ZWYWC_4902-12079-5414-12591,0,1,0,0,0,0,0,0,0
E3R6ZWYWC_5314-14995-5826-15507,0,1,0,0,0,0,0,0,0
E3R6ZWYWC_5231-4232-5743-4744,0,1,0,0,0,0,0,0,0
E3R6ZWYWC_5414-11567-5926-12079,0,1,0,0,0,0,0,0,0
E3R6ZWYWC_5414-12079-5926-12591,0,1,0,0,0,0,0,0,0
E3R6ZWYWC_5926-11055-6438-11567,0,1,0,0,0,0,0,0,0
E3R6ZWYWC_5743-4744-6255-5256,0,1,0,0,0,0,0,0,0
E3R6ZWYWC_6438-11055-6950-11567,0,1,0,0,0,0,0,0,0
E3R6ZWYWC_6255-4744-6767-5256,0,1,0,0,0,0,0,0,0
E3R6ZWYWC_5826-14995-6338-15507,0,1,0,0,0,0,0,0,0
E3R6ZWYWC_5519-15421-6031-15933,0,1,0,0,0,0,0,0,0
E3R6ZWYWC_5926-11567-6438-12079,0,1,0,0,0,0,0,0,0
E3R6ZWYWC_5519-15933-6031-16445,0,1,0,0,0,0,0,0,0
E3R6ZWYWC_6438-11567-6950-12079,0,1,0,0,0,0,0,0,0
E3R6ZWYWC_6767-4744-7279-5256,0,1,0,0,0,0,0,0,0
E3R6ZWYWC_7279-4744-7791-5256,0,1,0,0,0,0,0,0,0
E3R6ZWYWC_6767-4232-7279-4744,0,1,0,0,0,0,0,0,0
E3R6ZWYWC_6950-10543-7462-11055,0,1,0,0,0,0,0,0,0
E3R6ZWYWC_7279-4232-7791-4744,0,1,0,0,0,0,0,0,0
E3R6ZWYWC_6950-11055-7462-11567,0,1,0,0,0,0,0,0,0
E3R6ZWYWC_7462-10543-7974-11055,0,1,0,0,0,0,0,0,0
E3R6ZWYWC_7462-11055-7974-11567,0,1,0,0,0,0,0,0,0
E3R6ZWYWC_8623-4530-9135-5042,0,1,0,0,0,0,0,0,0
E3R6ZWYWC_8303-4232-8815-4744,0,1,0,0,0,0,0,0,0
E3R6ZWYWC_8623-5042-9135-5554,0,1,0,0,0,0,0,0,0
E3R6ZWYWC_8623-3506-9135-4018,0,1,0,0,0,0,0,0,0
E3R6ZWYWC_8486-10543-8998-11055,0,1,0,0,0,0,0,0,0
E3R6ZWYWC_7791-4232-8303-4744,0,1,0,0,0,0,0,0,0
E3R6ZWYWC_8623-4018-9135-4530,0,1,0,0,0,0,0,1,0
E3R6ZWYWC_7974-10543-8486-11055,0,1,0,0,0,0,0,0,0
E3R6ZWYWC_8303-4744-8815-5256,0,1,0,0,0,0,0,0,0
E3R6ZWYWC_8998-10543-9510-11055,0,1,0,0,0,0,0,0,0
E3R6ZWYWC_9135-2482-9647-2994,0,1,0,0,0,0,0,1,0
E3R6ZWYWC_9135-5042-9647-5554,0,1,0,0,0,0,0,0,0
E3R6ZWYWC_9135-1970-9647-2482,0,1,0,0,0,0,0,0,0
E3R6ZWYWC_9135-3506-9647-4018,0,1,0,0,0,0,0,0,0
E3R6ZWYWC_9135-434-9647-946,0,1,0,0,0,0,0,0,0
E3R6ZWYWC_9135-5554-9647-6066,0,1,0,0,0,0,0,0,0
E3R6ZWYWC_9135-2994-9647-3506,0,1,0,0,0,0,0,1,0
E3R6ZWYWC_9135-946-9647-1458,0,1,0,0,0,0,0,0,0
E3R6ZWYWC_9510-10543-10022-11055,0,1,0,0,0,0,0,0,0
E3R6ZWYWC_9647-2994-10159-3506,0,1,0,0,0,0,0,1,0
E3R6ZWYWC_9647-3506-10159-4018,0,1,0,0,0,0,0,0,0
E3R6ZWYWC_9647-7090-10159-7602,0,1,0,0,0,0,0,0,0
E3R6ZWYWC_9647-1458-10159-1970,0,1,0,0,0,0,0,1,0
E3R6ZWYWC_9647-434-10159-946,0,1,0,0,0,0,0,1,0
E3R6ZWYWC_9647-5554-10159-6066,0,1,0,0,0,0,0,0,0
E3R6ZWYWC_9647-6578-10159-7090,0,1,0,0,0,0,0,0,0
E3R6ZWYWC_9647-6066-10159-6578,0,1,0,0,0,0,0,0,0
E3RBCAYD3_1015-8643-1527-9155,0,0,0,0,0,1,0,0,0
E3R6ZWYWC_9647-7602-10159-8114,0,1,0,0,0,0,0,0,0
E3RBCAYD3_10564-1588-11076-2100,0,0,0,0,1,0,0,0,0
E3RBCAYD3_10562-1152-11074-1664,0,0,0,0,1,0,0,0,0
E3RBCAYD3_10584-2382-11096-2894,0,0,0,0,1,0,0,0,0
E3RBCAYD3_10595-3118-11107-3630,0,0,0,0,1,0,0,0,0
E3RBCAYD3_10591-2745-11103-3257,0,0,0,0,1,0,0,0,0
E3RBCAYD3_10612-3527-11124-4039,0,0,0,0,1,0,0,0,0
E3RBCAYD3_10634-5137-11146-5649,0,0,0,0,1,0,0,0,0
E3RBCAYD3_10612-3877-11124-4389,0,0,0,0,1,0,0,0,0
E3RBCAYD3_10770-536-11282-1048,0,0,0,0,0,1,0,0,0
E3RBCAYD3_10753-7963-11265-8475,0,0,0,0,0,1,0,0,0
E3RBCAYD3_10957-8535-11469-9047,0,0,0,0,0,1,0,0,0
E3RBCAYD3_1165-8169-1677-8681,0,0,0,0,1,1,0,0,0
E3RBCAYD3_10636-5516-11148-6028,0,0,0,0,1,0,0,0,0
E3RBCAYD3_1382-7874-1894-8386,0,0,0,0,1,1,0,0,0
E3RBCAYD3_11036-505-11548-1017,0,0,0,0,0,1,0,0,0
E3RBCAYD3_1272-691-1784-1203,0,0,1,0,1,1,0,0,0
E3RBCAYD3_1521-2208-2033-2720,0,0,1,0,0,1,0,0,0
E3RBCAYD3_1503-1335-2015-1847,0,0,1,0,1,1,0,0,0
E3RBCAYD3_1521-1696-2033-2208,0,0,1,0,1,1,0,0,0
E3RBCAYD3_1503-823-2015-1335,0,0,1,0,1,1,0,0,0
E3RBCAYD3_1921-2080-2433-2592,0,0,0,0,1,0,0,0,0
E3RBCAYD3_1878-1365-2390-1877,0,0,0,0,1,0,0,0,0
E3RBCAYD3_1806-7996-2318-8508,0,0,0,0,1,1,0,0,0
E3RBCAYD3_605-656-1117-1168,0,0,0,0,0,1,0,0,0
E3RBCAYD3_2097-5440-2609-5952,0,0,0,0,1,0,0,0,0
E3RBCAYD3_2072-6943-2584-7455,0,0,0,0,1,0,0,0,0
E3RBCAYD3_2055-6174-2567-6686,0,0,0,0,1,0,0,0,0
E3RBCAYD3_5750-4364-6262-4876,0,0,0,0,1,0,0,0,0
E3RBCAYD3_5750-4876-6262-5388,0,0,0,0,1,0,0,0,0
E3RBCAYD3_8054-1231-8566-1743,0,0,1,0,0,0,0,0,0
E3RBCAYD3_7766-1483-8278-1995,0,0,1,0,1,0,0,0,0
E3RBCAYD3_7766-1995-8278-2507,0,0,1,0,1,0,0,0,0
E3RBCAYD3_8054-1743-8566-2255,0,0,1,0,1,0,0,0,0
E3RBCAYD3_8054-719-8566-1231,0,0,1,0,0,0,0,0,0
E3RBCAYD3_8278-1995-8790-2507,0,0,1,0,1,0,0,0,0
E4N7YXCWU_1002-12356-1514-12868,1,0,0,0,0,0,0,0,0
E4DB4KTR9_4719-5101-5231-5613,0,0,1,0,0,0,0,0,0
E4N7YXCWU_1002-11844-1514-12356,1,0,0,0,0,0,0,0,0
E3RBCAYD3_990-8345-1502-8857,0,0,0,0,1,1,0,0,0
E4DB4KTR9_5008-5147-5520-5659,0,0,1,0,0,0,0,0,0
E3RBCAYD3_8278-1483-8790-1995,0,0,1,0,1,0,0,0,0
E4N7YXCWU_1002-14916-1514-15428,1,0,0,0,0,0,0,0,0
E4N7YXCWU_1002-13380-1514-13892,1,0,0,0,0,0,0,0,0
E4N7YXCWU_1002-13892-1514-14404,1,0,0,0,0,0,0,0,0
E4N7YXCWU_1002-14404-1514-14916,1,0,0,0,0,0,0,0,0
E4N7YXCWU_10134-5858-10646-6370,1,0,0,0,0,0,0,0,0
E4N7YXCWU_10174-11489-10686-12001,1,0,0,0,0,0,0,0,0
E4N7YXCWU_1002-15428-1514-15940,1,0,0,0,0,0,0,0,0
E4N7YXCWU_10157-5271-10669-5783,1,0,0,0,0,0,0,0,0
E4N7YXCWU_1002-12868-1514-13380,1,0,0,0,0,0,0,0,0
E4N7YXCWU_10174-12001-10686-12513,1,0,0,0,0,0,0,0,0
E4N7YXCWU_10211-9920-10723-10432,1,0,0,0,0,0,0,0,0
E4N7YXCWU_10298-11107-10810-11619,1,0,0,0,0,0,0,0,0
E4N7YXCWU_10255-8793-10767-9305,1,0,0,0,0,0,0,0,0
E4N7YXCWU_10243-10310-10755-10822,1,0,0,0,0,0,0,0,0
E4N7YXCWU_10255-7769-10767-8281,1,0,0,0,0,0,0,0,0
E4N7YXCWU_10266-18641-10778-19153,1,0,0,0,0,0,0,0,0
E4N7YXCWU_10298-10595-10810-11107,1,0,0,0,0,0,0,0,0
E4N7YXCWU_10326-7084-10838-7596,1,0,0,0,0,0,0,0,0
E4N7YXCWU_10646-5858-11158-6370,1,0,0,0,0,0,0,0,0
E4N7YXCWU_10453-9242-10965-9754,1,0,0,0,0,0,0,0,0
E4N7YXCWU_10406-5499-10918-6011,1,0,0,0,0,0,0,0,0
E4N7YXCWU_10406-6659-10918-7171,1,0,0,0,0,0,0,0,0
E4N7YXCWU_10419-20205-10931-20717,1,0,0,0,0,0,0,0,0
E4N7YXCWU_10453-9754-10965-10266,1,0,0,0,0,0,0,0,0
E4N7YXCWU_10419-19693-10931-20205,1,0,0,0,0,0,0,0,0
E4N7YXCWU_10346-6266-10858-6778,1,0,0,0,0,0,0,0,0
E4N7YXCWU_10669-5271-11181-5783,1,0,0,0,0,0,0,0,0
E4N7YXCWU_10686-11489-11198-12001,1,0,0,0,0,0,0,0,0
E4N7YXCWU_10723-9920-11235-10432,1,0,0,0,0,0,0,0,0
E4N7YXCWU_10755-10310-11267-10822,1,0,0,0,0,0,0,0,0
E4N7YXCWU_10767-8793-11279-9305,1,0,0,0,0,0,0,0,0
E4N7YXCWU_10767-7769-11279-8281,1,0,0,0,0,0,0,0,0
E4N7YXCWU_10778-18641-11290-19153,1,0,0,0,0,0,0,0,0
E4N7YXCWU_10810-11107-11322-11619,1,0,0,0,0,0,0,0,0
E4N7YXCWU_10810-10595-11322-11107,1,0,0,0,0,0,0,0,0
E4N7YXCWU_10931-20205-11443-20717,1,0,0,0,0,0,0,0,0
E4N7YXCWU_10918-6659-11430-7171,1,0,0,0,0,0,0,0,0
E4N7YXCWU_11235-9920-11747-10432,1,0,0,0,0,0,0,0,0
E4N7YXCWU_10965-9242-11477-9754,1,0,0,0,0,0,0,0,0
E4N7YXCWU_10858-6266-11370-6778,1,0,0,0,0,0,0,0,0
E4N7YXCWU_10918-5499-11430-6011,1,0,0,0,0,0,0,0,0
E4N7YXCWU_10965-9754-11477-10266,1,0,0,0,0,0,0,0,0
E4N7YXCWU_10931-19693-11443-20205,1,0,0,0,0,0,0,0,0
E4N7YXCWU_10838-7084-11350-7596,1,0,0,0,0,0,0,0,0
E4N7YXCWU_11181-5271-11693-5783,1,0,0,0,0,0,0,0,0
E4N7YXCWU_11158-5858-11670-6370,1,0,0,0,0,0,0,0,0
E4N7YXCWU_11279-8281-11791-8793,1,0,0,0,0,0,0,0,0
E4N7YXCWU_11267-10310-11779-10822,1,0,0,0,0,0,0,0,0
E4N7YXCWU_11279-8793-11791-9305,1,0,0,0,0,0,0,0,0
E4N7YXCWU_11279-7769-11791-8281,1,0,0,0,0,0,0,0,0
E4N7YXCWU_11290-19665-11802-20177,1,0,0,0,0,0,0,0,0
E4N7YXCWU_11322-10595-11834-11107,1,0,0,0,0,0,0,0,0
E4N7YXCWU_11290-18641-11802-19153,1,0,0,0,0,0,0,0,0
E4N7YXCWU_11747-9920-12259-10432,1,0,0,0,0,0,0,0,0
E4N7YXCWU_11477-9754-11989-10266,1,0,0,0,0,0,0,0,0
E4N7YXCWU_11350-7084-11862-7596,1,0,0,0,0,0,0,0,0
E4N7YXCWU_11430-5499-11942-6011,1,0,0,0,0,0,0,0,0
E4N7YXCWU_11430-6659-11942-7171,1,0,0,0,0,0,0,0,0
E4N7YXCWU_11443-20205-11955-20717,1,0,0,0,0,0,0,0,0
E4N7YXCWU_11370-6266-11882-6778,1,0,0,0,0,0,0,0,0
E4N7YXCWU_11322-11107-11834-11619,1,0,0,0,0,0,0,0,0
E4N7YXCWU_11693-5271-12205-5783,1,0,0,0,0,0,0,0,0
E4N7YXCWU_11477-9242-11989-9754,1,0,0,0,0,0,0,0,0
E4N7YXCWU_11779-10310-12291-10822,1,0,0,0,0,0,0,0,0
E4N7YXCWU_11802-18641-12314-19153,1,0,0,0,0,0,0,0,0
E4N7YXCWU_11834-10595-12346-11107,1,0,0,0,0,0,0,0,0
E4N7YXCWU_11802-19153-12314-19665,1,0,0,0,0,0,0,0,0
E4N7YXCWU_11802-19665-12314-20177,1,0,0,0,0,0,0,0,0
E4N7YXCWU_12065-7217-12577-7729,1,0,0,0,0,0,0,0,0
E4N7YXCWU_11955-20205-12467-20717,1,0,0,0,0,0,0,0,0
E4N7YXCWU_12205-5271-12717-5783,1,0,0,0,0,0,0,0,0
E4N7YXCWU_1243-18942-1755-19454,1,0,0,0,0,0,0,0,0
E4N7YXCWU_12324-17197-12836-17709,1,0,0,0,0,0,0,0,0
E4N7YXCWU_1243-17918-1755-18430,1,0,0,0,0,0,0,0,0
E4N7YXCWU_12324-17709-12836-18221,1,0,0,0,0,0,0,0,0
E4N7YXCWU_12324-18221-12836-18733,1,0,0,0,0,0,0,0,0
E4N7YXCWU_12295-19004-12807-19516,1,0,0,0,0,0,0,0,0
E4N7YXCWU_12836-17197-13348-17709,1,0,0,0,0,0,0,0,0
E4N7YXCWU_1243-18430-1755-18942,1,0,0,0,0,0,0,0,0
E4N7YXCWU_12836-17709-13348-18221,1,0,0,0,0,0,0,0,0
E4N7YXCWU_12807-19004-13319-19516,1,0,0,0,0,0,0,0,0
E4N7YXCWU_12836-18221-13348-18733,1,0,0,0,0,0,0,0,0
E4N7YXCWU_12877-12738-13389-13250,1,0,0,0,0,0,0,0,0
E4N7YXCWU_12912-8031-13424-8543,1,0,0,0,0,0,0,0,0
E4N7YXCWU_12877-12226-13389-12738,1,0,0,0,0,0,0,0,0
E4N7YXCWU_13348-17709-13860-18221,1,0,0,0,0,0,0,0,0
E4N7YXCWU_13348-17197-13860-17709,1,0,0,0,0,0,0,0,0
E4N7YXCWU_12912-7519-13424-8031,1,0,0,0,0,0,0,0,0
E4N7YXCWU_13389-12226-13901-12738,1,0,0,0,0,0,0,0,0
E4N7YXCWU_13348-18221-13860-18733,1,0,0,0,0,0,0,0,0
E4N7YXCWU_13424-8031-13936-8543,1,0,0,0,0,0,0,0,0
E4N7YXCWU_13389-12738-13901-13250,1,0,0,0,0,0,0,0,0
E4N7YXCWU_13424-7519-13936-8031,1,0,0,0,0,0,0,0,0
E4N7YXCWU_14356-15640-14868-16152,1,0,0,0,0,0,0,0,0
E4N7YXCWU_14356-16152-14868-16664,1,0,0,0,0,0,0,0,0
E4N7YXCWU_14356-16664-14868-17176,1,0,0,0,0,0,0,0,0
E4N7YXCWU_1437-575-1949-1087,1,0,0,0,0,0,0,0,0
E4N7YXCWU_14399-5584-14911-6096,1,0,0,0,0,0,0,0,0
E4N7YXCWU_1442-16043-1954-16555,1,0,0,0,0,0,0,0,0
E4N7YXCWU_1442-16555-1954-17067,1,0,0,0,0,0,0,0,0
E4N7YXCWU_1442-18091-1954-18603,1,0,0,0,0,0,0,0,0
E4N7YXCWU_14559-5894-15071-6406,1,0,0,0,0,0,0,0,0
E4N7YXCWU_1442-17579-1954-18091,1,0,0,0,0,0,0,0,0
E4N7YXCWU_1442-18603-1954-19115,1,0,0,0,0,0,0,0,0
E4N7YXCWU_14645-1733-15157-2245,1,0,0,0,0,0,0,0,0
E4N7YXCWU_1442-17067-1954-17579,1,0,0,0,0,0,0,0,0
E4N7YXCWU_1529-11803-2041-12315,1,0,0,0,0,0,0,0,0
E4N7YXCWU_14868-15640-15380-16152,1,0,0,0,0,0,0,0,0
E4N7YXCWU_15294-2353-15806-2865,1,0,0,0,0,0,0,0,0
E4N7YXCWU_14868-16664-15380-17176,1,0,0,0,0,0,0,0,0
E4N7YXCWU_14911-5584-15423-6096,1,0,0,0,0,0,0,0,0
E4N7YXCWU_14868-16152-15380-16664,1,0,0,0,0,0,0,0,0
E4N7YXCWU_15071-5894-15583-6406,1,0,0,0,0,0,0,0,0
E4N7YXCWU_15157-1733-15669-2245,1,0,0,0,0,0,0,0,0
E4N7YXCWU_15294-2865-15806-3377,1,0,0,0,0,0,0,0,0
E4N7YXCWU_15294-3889-15806-4401,1,0,0,0,0,0,0,0,0
E4N7YXCWU_15294-3377-15806-3889,1,0,0,0,0,0,0,0,0
E4N7YXCWU_15294-4401-15806-4913,1,0,0,0,0,0,0,0,0
E4N7YXCWU_15294-4913-15806-5425,1,0,0,0,0,0,0,0,0
E4N7YXCWU_15294-5425-15806-5937,1,0,0,0,0,0,0,0,0
E4N7YXCWU_1719-18547-2231-19059,1,0,0,0,0,0,0,0,0
E4N7YXCWU_1755-18942-2267-19454,1,0,0,0,0,0,0,0,0
E4N7YXCWU_2041-11803-2553-12315,1,0,0,0,0,0,0,0,0
E4N7YXCWU_2162-623-2674-1135,1,0,0,0,0,0,0,0,0
E4N7YXCWU_2553-11803-3065-12315,1,0,0,0,0,0,0,0,0
E4N7YXCWU_2267-18430-2779-18942,1,0,0,0,0,0,0,0,0
E4N7YXCWU_2779-18942-3291-19454,1,0,0,0,0,0,0,0,0
E4N7YXCWU_3291-18430-3803-18942,1,0,0,0,0,0,0,0,0
E4N7YXCWU_2975-14875-3487-15387,1,0,0,0,0,0,0,0,0
E4N7YXCWU_2267-18942-2779-19454,1,0,0,0,0,0,0,0,0
E4N7YXCWU_2779-18430-3291-18942,1,0,0,0,0,0,0,0,0
E4N7YXCWU_2975-15387-3487-15899,1,0,0,0,0,0,0,0,0
E4N7YXCWU_3291-18942-3803-19454,1,0,0,0,0,0,0,0,0
E4N7YXCWU_3427-5665-3939-6177,1,0,0,0,0,0,0,0,0
E4N7YXCWU_3487-15387-3999-15899,1,0,0,0,0,0,0,0,0
E4N7YXCWU_3529-5392-4041-5904,1,0,0,0,0,0,0,0,0
E4N7YXCWU_3803-17918-4315-18430,1,0,0,0,0,0,0,0,0
E4N7YXCWU_3803-18942-4315-19454,1,0,0,0,0,0,0,0,0
E4N7YXCWU_3803-18430-4315-18942,1,0,0,0,0,0,0,0,0
E4N7YXCWU_3999-15387-4511-15899,1,0,0,0,0,0,0,0,0
E4N7YXCWU_4315-18430-4827-18942,1,0,0,0,0,0,0,0,0
E4N7YXCWU_4488-8752-5000-9264,1,0,0,0,0,0,0,0,0
E4N7YXCWU_4195-4656-4707-5168,1,0,0,0,0,0,0,0,0
E4N7YXCWU_4195-4144-4707-4656,1,0,0,0,0,0,0,0,0
E4N7YXCWU_4315-17918-4827-18430,1,0,0,0,0,0,0,0,0
E4N7YXCWU_4195-3632-4707-4144,1,0,0,0,0,0,0,0,0
E4N7YXCWU_4315-18942-4827-19454,1,0,0,0,0,0,0,0,0
E4N7YXCWU_5096-3072-5608-3584,1,0,0,0,0,0,0,0,0
E4N7YXCWU_4584-3072-5096-3584,1,0,0,0,0,0,0,0,0
E4N7YXCWU_5206-3385-5718-3897,1,0,0,0,0,0,0,0,0
E4N7YXCWU_5207-18303-5719-18815,1,0,0,0,0,0,0,0,0
E4N7YXCWU_5239-16595-5751-17107,1,0,0,0,0,0,0,0,0
E4N7YXCWU_5207-18815-5719-19327,1,0,0,0,0,0,0,0,0
E4N7YXCWU_5239-17107-5751-17619,1,0,0,0,0,0,0,0,0
E4N7YXCWU_5718-3897-6230-4409,1,0,0,0,0,0,0,0,0
E4N7YXCWU_5718-3385-6230-3897,1,0,0,0,0,0,0,0,0
E4N7YXCWU_5383-4820-5895-5332,1,0,0,0,0,0,0,0,0
E4N7YXCWU_5459-5106-5971-5618,1,0,0,0,0,0,0,0,0
E4N7YXCWU_6231-18815-6743-19327,1,0,0,0,0,0,0,0,0
E4N7YXCWU_6230-3897-6742-4409,1,0,0,0,0,0,0,0,0
E4N7YXCWU_5751-17107-6263-17619,1,0,0,0,0,0,0,0,0
E4N7YXCWU_5719-18303-6231-18815,1,0,0,0,0,0,0,0,0
E4N7YXCWU_5719-18815-6231-19327,1,0,0,0,0,0,0,0,0
E4N7YXCWU_5719-19327-6231-19839,1,0,0,0,0,0,0,0,0
E4N7YXCWU_5971-5106-6483-5618,1,0,0,0,0,0,0,0,0
E4N7YXCWU_5751-16595-6263-17107,1,0,0,0,0,0,0,0,0
E4N7YXCWU_5895-4820-6407-5332,1,0,0,0,0,0,0,0,0
E4N7YXCWU_6230-4409-6742-4921,1,0,0,0,0,0,0,0,0
E4N7YXCWU_6263-16595-6775-17107,1,0,0,0,0,0,0,0,0
E4N7YXCWU_6231-19327-6743-19839,1,0,0,0,0,0,0,0,0
E4N7YXCWU_6263-17107-6775-17619,1,0,0,0,0,0,0,0,0
E4N7YXCWU_6407-4820-6919-5332,1,0,0,0,0,0,0,0,0
E4N7YXCWU_6560-17483-7072-17995,1,0,0,0,0,0,0,0,0
E4N7YXCWU_6483-5106-6995-5618,1,0,0,0,0,0,0,0,0
E4N7YXCWU_6742-4409-7254-4921,1,0,0,0,0,0,0,0,0
E4N7YXCWU_6743-18815-7255-19327,1,0,0,0,0,0,0,0,0
E4N7YXCWU_6743-18303-7255-18815,1,0,0,0,0,0,0,0,0
E4N7YXCWU_6965-10523-7477-11035,1,0,0,0,0,0,0,0,0
E4N7YXCWU_6743-19327-7255-19839,1,0,0,0,0,0,0,0,0
E4N7YXCWU_6904-17282-7416-17794,1,0,0,0,0,0,0,0,0
E4N7YXCWU_6965-11035-7477-11547,1,0,0,0,0,0,0,0,0
E4N7YXCWU_6919-4820-7431-5332,1,0,0,0,0,0,0,0,0
E4N7YXCWU_6965-11547-7477-12059,1,0,0,0,0,0,0,0,0
E4N7YXCWU_6904-16770-7416-17282,1,0,0,0,0,0,0,0,0
E4N7YXCWU_7254-4409-7766-4921,1,0,0,0,0,0,0,0,0
E4N7YXCWU_7072-17483-7584-17995,1,0,0,0,0,0,0,0,0
E4N7YXCWU_7416-16258-7928-16770,1,0,0,0,0,0,0,0,0
E4N7YXCWU_7416-16770-7928-17282,1,0,0,0,0,0,0,0,0
E4N7YXCWU_7416-17282-7928-17794,1,0,0,0,0,0,0,0,0
E4N7YXCWU_7477-10523-7989-11035,1,0,0,0,0,0,0,0,0
E4N7YXCWU_7928-16258-8440-16770,1,0,0,0,0,0,0,0,0
E4N7YXCWU_7928-16770-8440-17282,1,0,0,0,0,0,0,0,0
E4N7YXCWU_7477-11547-7989-12059,1,0,0,0,0,0,0,0,0
E4N7YXCWU_793-10527-1305-11039,1,0,0,0,0,0,0,0,0
E4N7YXCWU_793-5407-1305-5919,1,0,0,0,0,0,0,0,0
E4N7YXCWU_793-10015-1305-10527,1,0,0,0,0,0,0,0,0
E4N7YXCWU_793-5919-1305-6431,1,0,0,0,0,0,0,0,0
E4N7YXCWU_793-6943-1305-7455,1,0,0,0,0,0,0,0,0
E4N7YXCWU_7928-17282-8440-17794,1,0,0,0,0,0,0,0,0
E4N7YXCWU_793-6431-1305-6943,1,0,0,0,0,0,0,0,0
E4N7YXCWU_793-11039-1305-11551,1,0,0,0,0,0,0,0,0
E4N7YXCWU_793-7455-1305-7967,1,0,0,0,0,0,0,0,0
E4N7YXCWU_793-11551-1305-12063,1,0,0,0,0,0,0,0,0
E4N7YXCWU_793-7967-1305-8479,1,0,0,0,0,0,0,0,0
E4N7YXCWU_793-8991-1305-9503,1,0,0,0,0,0,0,0,0
E4N7YXCWU_793-8479-1305-8991,1,0,0,0,0,0,0,0,0
E4N7YXCWU_793-9503-1305-10015,1,0,0,0,0,0,0,0,0
E4N7YXCWU_7987-14302-8499-14814,1,0,0,0,0,0,0,0,0
E4N7YXCWU_7987-13790-8499-14302,1,0,0,0,0,0,0,0,0
E4N7YXCWU_7987-15326-8499-15838,1,0,0,0,0,0,0,0,0
E4N7YXCWU_7987-14814-8499-15326,1,0,0,0,0,0,0,0,0
E4N7YXCWU_7989-11547-8501-12059,1,0,0,0,0,0,0,0,0
E4N7YXCWU_7987-15838-8499-16350,1,0,0,0,0,0,0,0,0
E4N7YXCWU_7989-10523-8501-11035,1,0,0,0,0,0,0,0,0
E4N7YXCWU_8440-16258-8952-16770,1,0,0,0,0,0,0,0,0
E4N7YXCWU_8499-13790-9011-14302,1,0,0,0,0,0,0,0,0
E4N7YXCWU_8440-16770-8952-17282,1,0,0,0,0,0,0,0,0
E4N7YXCWU_8499-14814-9011-15326,1,0,0,0,0,0,0,0,0
E4N7YXCWU_8499-14302-9011-14814,1,0,0,0,0,0,0,0,0
E4N7YXCWU_8499-15326-9011-15838,1,0,0,0,0,0,0,0,0
E4N7YXCWU_8440-17282-8952-17794,1,0,0,0,0,0,0,0,0
E4N7YXCWU_8501-10523-9013-11035,1,0,0,0,0,0,0,0,0
E4N7YXCWU_8501-11035-9013-11547,1,0,0,0,0,0,0,0,0
E4N7YXCWU_8501-11547-9013-12059,1,0,0,0,0,0,0,0,0
E4N7YXCWU_8707-10310-9219-10822,1,0,0,0,0,0,0,0,0
E4N7YXCWU_8762-11107-9274-11619,1,0,0,0,0,0,0,0,0
E4N7YXCWU_8810-6266-9322-6778,1,0,0,0,0,0,0,0,0
E4N7YXCWU_9011-14302-9523-14814,1,0,0,0,0,0,0,0,0
E4N7YXCWU_9219-10310-9731-10822,1,0,0,0,0,0,0,0,0
E4N7YXCWU_8870-5499-9382-6011,1,0,0,0,0,0,0,0,0
E4N7YXCWU_8762-10595-9274-11107,1,0,0,0,0,0,0,0,0
E4N7YXCWU_8870-6659-9382-7171,1,0,0,0,0,0,0,0,0
E4N7YXCWU_8917-9754-9429-10266,1,0,0,0,0,0,0,0,0
E4N7YXCWU_9011-13790-9523-14302,1,0,0,0,0,0,0,0,0
E4N7YXCWU_9187-9920-9699-10432,1,0,0,0,0,0,0,0,0
E4N7YXCWU_8883-19693-9395-20205,1,0,0,0,0,0,0,0,0
E4N7YXCWU_9090-9093-9602-9605,1,0,0,0,0,0,0,0,0
E4N7YXCWU_9110-5858-9622-6370,1,0,0,0,0,0,0,0,0
E4N7YXCWU_9231-7769-9743-8281,1,0,0,0,0,0,0,0,0
E4N7YXCWU_9231-8281-9743-8793,1,0,0,0,0,0,0,0,0
E4N7YXCWU_9242-18641-9754-19153,1,0,0,0,0,0,0,0,0
E4N7YXCWU_9231-8793-9743-9305,1,0,0,0,0,0,0,0,0
E4N7YXCWU_930-16043-1442-16555,1,0,0,0,0,0,0,0,0
E4N7YXCWU_930-16555-1442-17067,1,0,0,0,0,0,0,0,0
E4N7YXCWU_9242-19153-9754-19665,1,0,0,0,0,0,0,0,0
E4N7YXCWU_9274-10595-9786-11107,1,0,0,0,0,0,0,0,0
E4N7YXCWU_9382-5499-9894-6011,1,0,0,0,0,0,0,0,0
E4N7YXCWU_9382-6659-9894-7171,1,0,0,0,0,0,0,0,0
E4N7YXCWU_9274-11107-9786-11619,1,0,0,0,0,0,0,0,0
E4N7YXCWU_930-18603-1442-19115,1,0,0,0,0,0,0,0,0
E4N7YXCWU_930-17067-1442-17579,1,0,0,0,0,0,0,0,0
E4N7YXCWU_9302-7084-9814-7596,1,0,0,0,0,0,0,0,0
E4N7YXCWU_9322-6266-9834-6778,1,0,0,0,0,0,0,0,0
E4N7YXCWU_930-17579-1442-18091,1,0,0,0,0,0,0,0,0
E4N7YXCWU_930-18091-1442-18603,1,0,0,0,0,0,0,0,0
E4N7YXCWU_9395-19693-9907-20205,1,0,0,0,0,0,0,0,0
E4N7YXCWU_9429-9754-9941-10266,1,0,0,0,0,0,0,0,0
E4N7YXCWU_9429-9242-9941-9754,1,0,0,0,0,0,0,0,0
E4N7YXCWU_9622-5858-10134-6370,1,0,0,0,0,0,0,0,0
E4N7YXCWU_9645-5271-10157-5783,1,0,0,0,0,0,0,0,0
E4N7YXCWU_9662-11489-10174-12001,1,0,0,0,0,0,0,0,0
E4N7YXCWU_9754-19665-10266-20177,1,0,0,0,0,0,0,0,0
E4N7YXCWU_9743-7769-10255-8281,1,0,0,0,0,0,0,0,0
E4N7YXCWU_9731-10310-10243-10822,1,0,0,0,0,0,0,0,0
E4N7YXCWU_9786-11107-10298-11619,1,0,0,0,0,0,0,0,0
E4N7YXCWU_9754-18641-10266-19153,1,0,0,0,0,0,0,0,0
E4N7YXCWU_9743-8793-10255-9305,1,0,0,0,0,0,0,0,0
E4N7YXCWU_9662-12001-10174-12513,1,0,0,0,0,0,0,0,0
E4N7YXCWU_9894-5499-10406-6011,1,0,0,0,0,0,0,0,0
E4N7YXCWU_9814-7084-10326-7596,1,0,0,0,0,0,0,0,0
E4N7YXCWU_9786-10595-10298-11107,1,0,0,0,0,0,0,0,0
E4N7YXCWU_9699-9920-10211-10432,1,0,0,0,0,0,0,0,0
E4N7YXCWU_9834-6266-10346-6778,1,0,0,0,0,0,0,0,0
E4N7YXCWU_9894-6659-10406-7171,1,0,0,0,0,0,0,0,0
E4N7YXCWU_9941-9242-10453-9754,1,0,0,0,0,0,0,0,0
E4N7YXCWU_9907-20205-10419-20717,1,0,0,0,0,0,0,0,0
E4ZCFL7MU_1026-928-1538-1440,0,1,0,0,0,0,0,0,0
E4ZCFL7MU_1262-5658-1774-6170,0,1,0,0,0,0,0,0,0
E4N7YXCWU_9941-9754-10453-10266,1,0,0,0,0,0,0,0,0
E4ZCFL7MU_1538-928-2050-1440,0,1,0,0,0,0,0,0,0
E4ZCFL7MU_1249-2480-1761-2992,0,1,0,0,0,0,0,0,0
E4ZCFL7MU_1262-6170-1774-6682,0,1,0,0,0,0,0,0,0
E4ZCFL7MU_1249-1968-1761-2480,0,1,0,0,0,0,0,0,0
E4ZCFL7MU_1895-5513-2407-6025,0,1,0,0,0,0,0,0,0
E4ZCFL7MU_1761-1968-2273-2480,0,1,0,0,0,0,0,0,0
E4ZCFL7MU_1685-1526-2197-2038,0,1,0,0,0,0,0,0,0
E4ZCFL7MU_1817-5888-2329-6400,0,1,0,0,0,0,0,0,0
E4ZCFL7MU_1895-5001-2407-5513,0,1,0,0,0,0,0,0,0
E4ZCFL7MU_1817-6400-2329-6912,0,1,0,0,0,0,0,0,0
E4ZCFL7MU_2056-4057-2568-4569,0,1,0,0,0,0,0,0,0
E4ZCFL7MU_2197-1526-2709-2038,0,1,0,0,0,0,0,0,0
E4ZCFL7MU_2329-5376-2841-5888,0,1,0,0,0,0,0,0,0
E4ZCFL7MU_2056-4569-2568-5081,0,1,0,0,0,0,0,0,0
E4ZCFL7MU_2213-622-2725-1134,0,1,0,0,0,0,0,0,0
E4ZCFL7MU_2407-5001-2919-5513,0,1,0,0,0,0,0,0,0
E4ZCFL7MU_2329-5888-2841-6400,0,1,0,0,0,0,0,0,0
E4ZCFL7MU_2329-6400-2841-6912,0,1,0,0,0,0,0,0,0
E4ZCFL7MU_2364-7892-2876-8404,0,1,0,0,0,0,0,0,0
E4ZCFL7MU_2364-7380-2876-7892,0,1,0,0,0,0,0,0,0
E4ZCFL7MU_2568-4057-3080-4569,0,1,0,0,0,0,0,0,0
E4ZCFL7MU_2919-5001-3431-5513,0,1,0,0,0,0,0,0,0
E4ZCFL7MU_2919-4489-3431-5001,0,1,0,0,0,0,0,0,0
E4ZCFL7MU_2407-4489-2919-5001,0,1,0,0,0,0,0,0,0
E4ZCFL7MU_2876-7892-3388-8404,0,1,0,0,0,0,0,0,0
E4ZCFL7MU_2876-7380-3388-7892,0,1,0,0,0,0,0,0,0
E4ZCFL7MU_2919-5513-3431-6025,0,1,0,0,0,0,0,0,0
E4ZCFL7MU_2704-657-3216-1169,0,1,0,0,0,0,0,0,0
E4ZCFL7MU_3196-3936-3708-4448,0,1,0,0,0,0,0,0,0
E4ZCFL7MU_3196-3424-3708-3936,0,1,0,0,0,0,0,0,0
E4ZCFL7MU_3216-657-3728-1169,0,1,0,0,0,0,0,0,0
E4ZCFL7MU_3431-5513-3943-6025,0,1,0,0,0,0,0,0,0
E4ZCFL7MU_3431-5001-3943-5513,0,1,0,0,0,0,0,0,0
E4ZCFL7MU_3708-3424-4220-3936,0,1,0,0,0,0,0,0,0
E4ZCFL7MU_3708-3936-4220-4448,0,1,0,0,0,0,0,0,0
E4ZCFL7MU_3913-8712-4425-9224,0,1,0,0,0,0,0,0,0
E4ZCFL7MU_3728-657-4240-1169,0,1,0,0,0,0,0,0,0
E4ZCFL7MU_3913-8200-4425-8712,0,1,0,0,0,0,0,0,0
E4ZCFL7MU_3943-5001-4455-5513,0,1,0,0,0,0,0,0,0
E4ZCFL7MU_3913-7688-4425-8200,0,1,0,0,0,0,0,0,0
E4ZCFL7MU_4220-2912-4732-3424,0,1,0,0,0,0,0,0,0
E4ZCFL7MU_3943-5513-4455-6025,0,1,0,0,0,0,0,0,0
E4ZCFL7MU_4220-3424-4732-3936,0,1,0,0,0,0,0,0,0
E4ZCFL7MU_4425-7688-4937-8200,0,1,0,0,0,0,0,0,0
E4ZCFL7MU_4220-3936-4732-4448,0,1,0,0,0,0,0,0,0
E4ZCFL7MU_3943-4489-4455-5001,0,1,0,0,0,0,0,0,0
E4ZCFL7MU_4425-8712-4937-9224,0,1,0,0,0,0,0,0,0
E4ZCFL7MU_4455-4489-4967-5001,0,1,0,0,0,0,0,0,0
E4ZCFL7MU_4694-3161-5206-3673,0,1,0,0,0,0,0,0,0
E4ZCFL7MU_4455-5001-4967-5513,0,1,0,0,0,0,0,0,0
E4ZCFL7MU_4588-6994-5100-7506,0,1,0,0,0,0,0,0,0
E4ZCFL7MU_4816-2610-5328-3122,0,1,0,0,0,0,0,0,0
E4ZCFL7MU_4937-8200-5449-8712,0,1,0,0,0,0,0,0,0
E4ZCFL7MU_4732-3424-5244-3936,0,1,0,0,0,0,0,0,0
E4ZCFL7MU_4937-8712-5449-9224,0,1,0,0,0,0,0,0,0
E4ZCFL7MU_5449-8712-5961-9224,0,1,0,0,0,0,0,0,0
E4ZCFL7MU_4937-7688-5449-8200,0,1,0,0,0,0,0,0,0
E4ZCFL7MU_5514-2888-6026-3400,0,1,0,0,0,0,0,0,0
E4ZCFL7MU_5121-6780-5633-7292,0,1,0,0,0,0,0,0,0
E4ZCFL7MU_5206-3161-5718-3673,0,1,0,0,0,0,0,0,0
E4ZCFL7MU_5514-2376-6026-2888,0,1,0,0,0,0,0,0,0
E4ZCFL7MU_5328-2610-5840-3122,0,1,0,0,0,0,0,0,0
E4ZCFL7MU_5121-7292-5633-7804,0,1,0,0,0,0,0,0,0
E4ZCFL7MU_5449-7688-5961-8200,0,1,0,0,0,0,0,0,0
E4ZCFL7MU_6087-4944-6599-5456,0,1,0,0,0,0,0,0,0
E4ZCFL7MU_5633-6780-6145-7292,0,1,0,0,0,0,0,0,0
E4ZCFL7MU_5911-2300-6423-2812,0,1,0,0,0,0,0,0,0
E4ZCFL7MU_5929-8876-6441-9388,0,1,0,0,0,0,0,0,0
E4ZCFL7MU_5895-642-6407-1154,0,1,0,0,0,0,0,0,0
E4ZCFL7MU_6685-3452-7197-3964,0,1,0,0,0,0,0,0,0
E4ZCFL7MU_6441-8364-6953-8876,0,1,0,0,0,0,0,0,0
E4ZCFL7MU_6538-2376-7050-2888,0,1,0,0,0,0,0,0,0
E4ZCFL7MU_6407-642-6919-1154,0,1,0,0,0,0,0,0,0
E4ZCFL7MU_6685-2940-7197-3452,0,1,0,0,0,0,0,0,0
E4ZCFL7MU_6919-642-7431-1154,0,1,0,0,0,0,0,0,0
E4ZCFL7MU_7050-2376-7562-2888,0,1,0,0,0,0,0,0,0
E4ZCFL7MU_6599-4944-7111-5456,0,1,0,0,0,0,0,0,0
E4ZCFL7MU_6953-8364-7465-8876,0,1,0,0,0,0,0,0,0
E4ZCFL7MU_6685-3964-7197-4476,0,1,0,0,0,0,0,0,0
E4ZCFL7MU_7197-2940-7709-3452,0,1,0,0,0,0,0,0,0
E4ZCFL7MU_6953-7852-7465-8364,0,1,0,0,0,0,0,0,0
E4ZCFL7MU_6441-8876-6953-9388,0,1,0,0,0,0,0,0,0
E4ZCFL7MU_7307-1994-7819-2506,0,1,0,0,0,0,0,0,0
E4ZCFL7MU_7197-3964-7709-4476,0,1,0,0,0,0,0,0,0
E4ZCFL7MU_7307-2506-7819-3018,0,1,0,0,0,0,0,0,0
E4ZCFL7MU_737-2480-1249-2992,0,1,0,0,0,0,0,0,0
E4ZCFL7MU_7197-3452-7709-3964,0,1,0,0,0,0,0,0,0
E4ZCFL7MU_7465-7852-7977-8364,0,1,0,0,0,0,0,0,0
E4ZCFL7MU_750-6170-1262-6682,0,1,0,0,0,0,0,0,0
E4ZCFL7MU_7465-7340-7977-7852,0,1,0,0,0,0,0,0,0
E4ZCFL7MU_7438-5754-7950-6266,0,1,0,0,0,0,0,0,0
E4ZCFL7MU_7438-4730-7950-5242,0,1,0,0,0,0,0,0,0
E721PBUFU_1226-2784-1738-3296,0,1,0,0,0,0,0,0,0
E4ZCFL7MU_750-5658-1262-6170,0,1,0,0,0,0,0,0,0
E4ZCFL7MU_7387-3105-7899-3617,0,1,0,0,0,0,0,0,0
E4ZCFL7MU_7438-5242-7950-5754,0,1,0,0,0,0,0,0,0
E721PBUFU_1286-1211-1798-1723,0,1,0,0,0,0,0,0,0
E4ZCFL7MU_7562-2376-8074-2888,0,1,0,0,0,0,0,0,0
E4ZCFL7MU_7431-642-7943-1154,0,1,0,0,0,0,0,0,0
E4ZCFL7MU_7562-2888-8074-3400,0,1,0,0,0,0,0,0,0
E721PBUFU_1755-760-2267-1272,0,1,0,0,0,0,0,0,0
E721PBUFU_3224-3217-3736-3729,0,1,0,0,0,0,0,0,0
E721PBUFU_1286-1723-1798-2235,0,1,0,0,0,0,0,0,0
E721PBUFU_2181-8923-2693-9435,0,1,0,0,0,0,0,0,0
E721PBUFU_2267-760-2779-1272,0,1,0,0,0,0,0,0,0
E721PBUFU_4562-3907-5074-4419,0,1,0,0,0,0,0,0,0
E721PBUFU_4588-5299-5100-5811,0,1,0,0,0,0,0,0,0
E721PBUFU_5100-5299-5612-5811,0,1,0,0,0,0,0,0,0
E721PBUFU_5074-3395-5586-3907,0,1,0,0,0,0,0,0,0
E721PBUFU_6259-618-6771-1130,0,1,0,0,0,0,0,0,0
E721PBUFU_5074-3907-5586-4419,0,1,0,0,0,0,0,0,0
E92DPT1XD_1976-812-2488-1324,0,0,0,0,0,0,0,0,1
E721PBUFU_822-3086-1334-3598,0,1,0,0,0,0,0,0,0
E721PBUFU_774-1723-1286-2235,0,1,0,0,0,0,0,0,0
E92DPT1XD_1331-8167-1843-8679,0,0,0,0,0,0,0,0,1
E721PBUFU_774-1211-1286-1723,0,1,0,0,0,0,0,0,0
E721PBUFU_5385-1151-5897-1663,0,1,0,0,0,0,0,0,0
E721PBUFU_822-3598-1334-4110,0,1,0,0,0,0,0,0,0
E9HLQ7DQ1_10335-2112-10847-2624,0,0,0,0,0,0,0,1,0
E9HLQ7DQ1_519-1767-1031-2279,0,0,0,0,0,0,0,1,0
E9HLQ7DQ1_2585-647-3097-1159,0,0,0,0,0,0,0,1,0
E9HLQ7DQ1_559-2291-1071-2803,0,0,0,0,0,0,0,1,0
E9HLQ7DQ1_6860-1484-7372-1996,0,0,0,0,0,0,0,1,0
E9Y8VHATJ_199-1078-711-1590,0,0,1,0,0,0,0,0,0
E9HLQ7DQ1_9079-1210-9591-1722,0,0,0,0,0,0,0,1,0
E9Y8VHATJ_1426-356-1938-868,0,0,1,0,0,0,0,0,0
E9Y8VHATJ_272-2200-784-2712,0,0,1,0,0,0,0,0,0
E9Y8VHATJ_1938-356-2450-868,0,0,1,0,0,0,0,0,0
E9Y8VHATJ_272-2712-784-3224,0,0,1,0,0,0,0,0,0
E9HLQ7DQ1_7372-528-7884-1040,0,0,0,0,0,0,0,1,0
E9Y8VHATJ_199-1590-711-2102,0,0,1,0,0,0,0,0,0
E9Y8VHATJ_199-566-711-1078,0,0,1,0,0,0,0,0,0
E9Y8VHATJ_305-3932-817-4444,0,0,1,0,0,0,0,0,0
E9Y8VHATJ_1426-868-1938-1380,0,0,1,0,0,0,0,0,0
E9Y8VHATJ_272-3224-784-3736,0,0,1,0,0,0,0,0,0
E9Y8VHATJ_305-4444-817-4956,0,0,1,0,0,0,0,0,0
E9Y8VHATJ_305-4956-817-5468,0,0,1,0,0,0,0,0,0
E9Y8VHATJ_402-1380-914-1892,0,0,1,0,0,0,0,0,0
E9Y8VHATJ_305-5468-817-5980,0,0,1,0,0,0,0,0,0
E9Y8VHATJ_402-1892-914-2404,0,0,1,0,0,0,0,0,0
E9Y8VHATJ_402-356-914-868,0,0,1,0,0,0,0,0,0
E9Y8VHATJ_914-1380-1426-1892,0,0,1,0,0,0,0,0,0
E9Y8VHATJ_914-868-1426-1380,0,0,1,0,0,0,0,0,0
EAEZWJNI6_10203-1010-10715-1522,0,0,0,1,0,0,0,0,0
EAEZWJNI6_1020-1625-1532-2137,0,0,0,1,0,0,0,0,0
EAEZWJNI6_1499-1010-2011-1522,0,0,0,1,0,0,0,0,0
EAEZWJNI6_10203-1522-10715-2034,0,0,0,1,0,0,0,0,0
EAEZWJNI6_10715-1010-11227-1522,0,0,0,1,0,0,0,0,0
EAEZWJNI6_1020-2137-1532-2649,0,0,0,1,0,0,0,0,0
E9Y8VHATJ_402-868-914-1380,0,0,1,0,0,0,0,0,0
EAEZWJNI6_1532-2137-2044-2649,0,0,0,1,0,0,0,0,0
EAEZWJNI6_10715-498-11227-1010,0,0,0,1,0,0,0,0,0
EAEZWJNI6_1532-2649-2044-3161,0,0,0,1,0,0,0,0,0
EAEZWJNI6_10203-498-10715-1010,0,0,0,1,0,0,0,0,0
EAEZWJNI6_1532-3673-2044-4185,0,0,0,1,0,0,0,0,0
EAEZWJNI6_2011-1010-2523-1522,0,0,0,1,0,0,0,0,0
EAEZWJNI6_2011-3058-2523-3570,0,0,0,1,0,0,0,0,0
EAEZWJNI6_1532-3161-2044-3673,0,0,0,1,0,0,0,0,0
EAEZWJNI6_2011-1522-2523-2034,0,0,0,1,0,0,0,0,0
EAEZWJNI6_3035-2546-3547-3058,0,0,0,1,0,0,0,0,0
EAEZWJNI6_2523-2546-3035-3058,0,0,0,1,0,0,0,0,0
EAEZWJNI6_2523-2034-3035-2546,0,0,0,1,0,0,0,0,0
EAEZWJNI6_4059-3570-4571-4082,0,0,0,1,0,0,0,0,0
EAEZWJNI6_2044-2649-2556-3161,0,0,0,1,0,0,0,0,0
EAEZWJNI6_2523-1522-3035-2034,0,0,0,1,0,0,0,0,0
EAEZWJNI6_3035-3570-3547-4082,0,0,0,1,0,0,0,0,0
EAEZWJNI6_3547-3570-4059-4082,0,0,0,1,0,0,0,0,0
EAEZWJNI6_2011-3570-2523-4082,0,0,0,1,0,0,0,0,0
EAEZWJNI6_3035-3058-3547-3570,0,0,0,1,0,0,0,0,0
EAEZWJNI6_4059-1010-4571-1522,0,0,0,1,0,0,0,0,0
EAEZWJNI6_4059-498-4571-1010,0,0,0,1,0,0,0,0,0
EAEZWJNI6_4571-1010-5083-1522,0,0,0,1,0,0,0,0,0
EAEZWJNI6_4571-3570-5083-4082,0,0,0,1,0,0,0,0,0
EAEZWJNI6_4571-1522-5083-2034,0,0,0,1,0,0,0,0,0
EAEZWJNI6_475-3570-987-4082,0,0,0,1,0,0,0,0,0
EAEZWJNI6_475-498-987-1010,0,0,0,1,0,0,0,0,0
EAEZWJNI6_508-1625-1020-2137,0,0,0,1,0,0,0,0,0
EAEZWJNI6_5083-2546-5595-3058,0,0,0,1,0,0,0,0,0
EAEZWJNI6_5595-3570-6107-4082,0,0,0,1,0,0,0,0,0
EAEZWJNI6_5595-2546-6107-3058,0,0,0,1,0,0,0,0,0
EAEZWJNI6_5595-2034-6107-2546,0,0,0,1,0,0,0,0,0
EAEZWJNI6_5083-2034-5595-2546,0,0,0,1,0,0,0,0,0
EAEZWJNI6_6107-1010-6619-1522,0,0,0,1,0,0,0,0,0
EAEZWJNI6_5083-3570-5595-4082,0,0,0,1,0,0,0,0,0
EAEZWJNI6_6107-498-6619-1010,0,0,0,1,0,0,0,0,0
EAEZWJNI6_6107-3570-6619-4082,0,0,0,1,0,0,0,0,0
EAEZWJNI6_6107-1522-6619-2034,0,0,0,1,0,0,0,0,0
EAEZWJNI6_6619-498-7131-1010,0,0,0,1,0,0,0,0,0
EAEZWJNI6_7131-3058-7643-3570,0,0,0,1,0,0,0,0,0
EAEZWJNI6_7131-498-7643-1010,0,0,0,1,0,0,0,0,0
EAEZWJNI6_8155-498-8667-1010,0,0,0,1,0,0,0,0,0
EAEZWJNI6_7643-2546-8155-3058,0,0,0,1,0,0,0,0,0
EAEZWJNI6_7643-498-8155-1010,0,0,0,1,0,0,0,0,0
EAEZWJNI6_8155-2034-8667-2546,0,0,0,1,0,0,0,0,0
EAEZWJNI6_8667-2034-9179-2546,0,0,0,1,0,0,0,0,0
EAEZWJNI6_8667-498-9179-1010,0,0,0,1,0,0,0,0,0
EAEZWJNI6_9179-2034-9691-2546,0,0,0,1,0,0,0,0,0
EAEZWJNI6_9179-498-9691-1010,0,0,0,1,0,0,0,0,0
EAEZWJNI6_9691-498-10203-1010,0,0,0,1,0,0,0,0,0
EAEZWJNI6_9691-2034-10203-2546,0,0,0,1,0,0,0,0,0
EAEZWJNI6_987-1010-1499-1522,0,0,0,1,0,0,0,0,0
EAEZWJNI6_9691-1522-10203-2034,0,0,0,1,0,0,0,0,0
EAEZWJNI6_987-498-1499-1010,0,0,0,1,0,0,0,0,0
EBVXGXQK1_1274-1264-1786-1776,0,0,0,0,1,0,0,0,0
EBIHJERDI_2183-1931-2695-2443,0,0,0,0,0,0,0,0,1
EBVXGXQK1_1356-3005-1868-3517,0,0,0,0,1,0,0,0,0
EC4J7EUR8_1400-407-1912-919,0,0,1,0,1,0,0,0,0
EC4J7EUR8_1293-4886-1805-5398,0,0,0,0,1,0,0,0,0
EC4J7EUR8_1653-4892-2165-5404,0,0,0,0,1,0,0,0,0
EC4J7EUR8_1695-1028-2207-1540,0,0,0,0,1,0,0,0,0
EC4J7EUR8_2196-1028-2708-1540,0,0,0,0,1,0,0,0,0
EC4J7EUR8_1999-4878-2511-5390,0,0,0,0,1,0,0,0,0
EC4J7EUR8_2404-4893-2916-5405,0,0,0,0,1,0,0,0,0
EC4J7EUR8_4069-1879-4581-2391,0,0,0,0,1,0,0,0,0
EC4J7EUR8_3219-288-3731-800,0,0,0,0,1,0,0,0,0
EC4J7EUR8_3506-285-4018-797,0,0,0,0,1,0,0,0,0
EC4J7EUR8_3865-287-4377-799,0,0,0,0,1,0,0,0,0
EC4J7EUR8_4217-283-4729-795,0,0,0,0,1,0,0,0,0
EC4J7EUR8_3279-1880-3791-2392,0,0,0,0,1,0,0,0,0
EC4J7EUR8_4401-1875-4913-2387,0,0,0,0,1,0,0,0,0
EC4J7EUR8_3791-1880-4303-2392,0,0,0,0,1,0,0,0,0
EC4J7EUR8_2707-288-3219-800,0,0,0,0,1,0,0,0,0
EC4J7EUR8_4575-273-5087-785,0,0,0,0,1,0,0,0,0
EC4J7EUR8_4721-1889-5233-2401,0,0,0,0,1,0,0,0,0
EC4J7EUR8_582-4900-1094-5412,0,0,0,0,1,0,0,0,0
EC4J7EUR8_4934-281-5446-793,0,0,0,0,1,0,0,0,0
EC4J7EUR8_830-328-1342-840,0,0,0,0,1,0,0,0,0
ECAZVVWJY_11457-2548-11969-3060,0,1,0,0,0,0,0,0,0
ECAZVVWJY_10945-2548-11457-3060,0,1,0,0,0,0,0,0,0
EC4J7EUR8_929-4902-1441-5414,0,0,0,0,1,0,0,0,0
ECAZVVWJY_2782-4421-3294-4933,0,1,0,0,0,0,0,0,0
ED372QC9F_2257-778-2769-1290,0,0,0,0,1,0,0,0,0
ED372QC9F_3271-2329-3783-2841,0,0,0,0,1,0,0,0,0
ECAZVVWJY_8513-2375-9025-2887,0,1,0,0,0,0,0,0,0
ED372QC9F_1579-761-2091-1273,0,0,0,0,1,0,0,0,0
ED372QC9F_1255-9108-1767-9620,0,0,0,0,1,0,0,0,0
ED372QC9F_1914-9113-2426-9625,0,0,0,0,1,0,0,0,0
ED372QC9F_2597-9107-3109-9619,0,0,0,0,1,0,0,0,0
ECAZVVWJY_7974-1957-8486-2469,0,1,0,0,0,0,0,0,0
ED372QC9F_2943-790-3455-1302,0,0,0,0,1,0,0,0,0
ED372QC9F_2627-2401-3139-2913,0,0,0,0,1,0,0,0,0
ED372QC9F_3274-957-3786-1469,0,0,0,0,1,0,0,0,0
ED372QC9F_3280-9142-3792-9654,0,0,0,0,1,0,0,0,0
ED372QC9F_3609-3983-4121-4495,0,0,0,0,1,0,0,0,0
ED372QC9F_3983-9164-4495-9676,0,0,0,0,1,0,0,0,0
ED372QC9F_4681-9188-5193-9700,0,0,0,0,1,0,0,0,0
ED372QC9F_4313-3924-4825-4436,0,0,0,0,1,0,0,0,0
ED372QC9F_5003-4279-5515-4791,0,0,0,0,1,0,0,0,0
ED372QC9F_5357-6710-5869-7222,0,0,0,0,1,0,0,0,0
EDL9VNNM6_10405-4135-10917-4647,1,0,0,0,0,0,0,0,0
EDL9VNNM6_10917-1575-11429-2087,1,0,0,0,0,0,0,0,0
ED372QC9F_931-769-1443-1281,0,0,0,0,1,0,0,0,0
EDL9VNNM6_10917-4135-11429-4647,1,0,0,0,0,0,0,0,0
EDL9VNNM6_10405-1575-10917-2087,1,0,0,0,0,0,0,0,0
ED372QC9F_5393-9197-5905-9709,0,0,0,0,1,0,0,0,0
EDL9VNNM6_11429-1575-11941-2087,1,0,0,0,0,0,0,0,0
EDL9VNNM6_10917-3623-11429-4135,1,0,0,0,0,0,0,0,0
EDL9VNNM6_1189-1063-1701-1575,1,0,0,0,0,0,0,0,0
EDL9VNNM6_11429-3623-11941-4135,1,0,0,0,0,0,0,0,0
EDL9VNNM6_1189-6183-1701-6695,1,0,0,0,0,0,0,0,0
EDL9VNNM6_1189-7207-1701-7719,1,0,0,0,0,0,0,0,0
EDL9VNNM6_1189-551-1701-1063,1,0,0,0,0,0,0,0,0
EDL9VNNM6_11941-3623-12453-4135,1,0,0,0,0,0,0,0,0
EDL9VNNM6_11941-1575-12453-2087,1,0,0,0,0,0,0,0,0
EDL9VNNM6_12304-718-12816-1230,1,0,0,0,0,0,0,0,0
EDL9VNNM6_12304-1230-12816-1742,1,0,0,0,0,0,0,0,0
EDL9VNNM6_12816-1230-13328-1742,1,0,0,0,0,0,0,0,0
EDL9VNNM6_12816-718-13328-1230,1,0,0,0,0,0,0,0,0
EDL9VNNM6_13328-718-13840-1230,1,0,0,0,0,0,0,0,0
EDL9VNNM6_12453-3111-12965-3623,1,0,0,0,0,0,0,0,0
EDL9VNNM6_13328-1230-13840-1742,1,0,0,0,0,0,0,0,0
EDL9VNNM6_13989-2087-14501-2599,1,0,0,0,0,0,0,0,0
EDL9VNNM6_12965-2599-13477-3111,1,0,0,0,0,0,0,0,0
EDL9VNNM6_13477-2599-13989-3111,1,0,0,0,0,0,0,0,0
EDL9VNNM6_13989-1063-14501-1575,1,0,0,0,0,0,0,0,0
EDL9VNNM6_13477-2087-13989-2599,1,0,0,0,0,0,0,0,0
EDL9VNNM6_13840-718-14352-1230,1,0,0,0,0,0,0,0,0
EDL9VNNM6_1701-7207-2213-7719,1,0,0,0,0,0,0,0,0
EDL9VNNM6_14501-1575-15013-2087,1,0,0,0,0,0,0,0,0
EDL9VNNM6_14501-2087-15013-2599,1,0,0,0,0,0,0,0,0
EDL9VNNM6_14501-1063-15013-1575,1,0,0,0,0,0,0,0,0
EDL9VNNM6_1701-5671-2213-6183,1,0,0,0,0,0,0,0,0
EDL9VNNM6_2213-7207-2725-7719,1,0,0,0,0,0,0,0,0
EDL9VNNM6_2213-5671-2725-6183,1,0,0,0,0,0,0,0,0
EDL9VNNM6_2725-5159-3237-5671,1,0,0,0,0,0,0,0,0
EDL9VNNM6_2725-551-3237-1063,1,0,0,0,0,0,0,0,0
EDL9VNNM6_2725-5671-3237-6183,1,0,0,0,0,0,0,0,0
EDL9VNNM6_2725-7207-3237-7719,1,0,0,0,0,0,0,0,0
EDL9VNNM6_3237-551-3749-1063,1,0,0,0,0,0,0,0,0
EDL9VNNM6_3237-5159-3749-5671,1,0,0,0,0,0,0,0,0
EDL9VNNM6_3237-7207-3749-7719,1,0,0,0,0,0,0,0,0
EDL9VNNM6_3749-6695-4261-7207,1,0,0,0,0,0,0,0,0
EDL9VNNM6_3749-551-4261-1063,1,0,0,0,0,0,0,0,0
EDL9VNNM6_3749-4647-4261-5159,1,0,0,0,0,0,0,0,0
EDL9VNNM6_3749-5159-4261-5671,1,0,0,0,0,0,0,0,0
EDL9VNNM6_4261-551-4773-1063,1,0,0,0,0,0,0,0,0
EDL9VNNM6_4261-4647-4773-5159,1,0,0,0,0,0,0,0,0
EDL9VNNM6_4261-5159-4773-5671,1,0,0,0,0,0,0,0,0
EDL9VNNM6_4773-551-5285-1063,1,0,0,0,0,0,0,0,0
EDL9VNNM6_4773-4647-5285-5159,1,0,0,0,0,0,0,0,0
EDL9VNNM6_4261-6695-4773-7207,1,0,0,0,0,0,0,0,0
EDL9VNNM6_4773-6183-5285-6695,1,0,0,0,0,0,0,0,0
EDL9VNNM6_4773-6695-5285-7207,1,0,0,0,0,0,0,0,0
EDL9VNNM6_5285-4647-5797-5159,1,0,0,0,0,0,0,0,0
EDL9VNNM6_5285-2599-5797-3111,1,0,0,0,0,0,0,0,0
EDL9VNNM6_5285-2087-5797-2599,1,0,0,0,0,0,0,0,0
EDL9VNNM6_5285-1575-5797-2087,1,0,0,0,0,0,0,0,0
EDL9VNNM6_5285-6183-5797-6695,1,0,0,0,0,0,0,0,0
EDL9VNNM6_5285-551-5797-1063,1,0,0,0,0,0,0,0,0
EDL9VNNM6_5797-1063-6309-1575,1,0,0,0,0,0,0,0,0
EDL9VNNM6_5797-1575-6309-2087,1,0,0,0,0,0,0,0,0
EDL9VNNM6_5797-551-6309-1063,1,0,0,0,0,0,0,0,0
EDL9VNNM6_5797-2599-6309-3111,1,0,0,0,0,0,0,0,0
EDL9VNNM6_5797-6183-6309-6695,1,0,0,0,0,0,0,0,0
EDL9VNNM6_6309-5671-6821-6183,1,0,0,0,0,0,0,0,0
EDL9VNNM6_677-1063-1189-1575,1,0,0,0,0,0,0,0,0
EDL9VNNM6_6309-551-6821-1063,1,0,0,0,0,0,0,0,0
EDL9VNNM6_6309-2599-6821-3111,1,0,0,0,0,0,0,0,0
EDL9VNNM6_677-1575-1189-2087,1,0,0,0,0,0,0,0,0
EDL9VNNM6_6309-1063-6821-1575,1,0,0,0,0,0,0,0,0
EDL9VNNM6_677-2087-1189-2599,1,0,0,0,0,0,0,0,0
EDL9VNNM6_677-3623-1189-4135,1,0,0,0,0,0,0,0,0
EDL9VNNM6_677-4135-1189-4647,1,0,0,0,0,0,0,0,0
EDL9VNNM6_677-2599-1189-3111,1,0,0,0,0,0,0,0,0
EDL9VNNM6_677-3111-1189-3623,1,0,0,0,0,0,0,0,0
EDL9VNNM6_677-4647-1189-5159,1,0,0,0,0,0,0,0,0
EDL9VNNM6_677-5671-1189-6183,1,0,0,0,0,0,0,0,0
EDL9VNNM6_677-551-1189-1063,1,0,0,0,0,0,0,0,0
EDL9VNNM6_677-6695-1189-7207,1,0,0,0,0,0,0,0,0
EDL9VNNM6_677-5159-1189-5671,1,0,0,0,0,0,0,0,0
EDL9VNNM6_677-6183-1189-6695,1,0,0,0,0,0,0,0,0
EDL9VNNM6_677-7207-1189-7719,1,0,0,0,0,0,0,0,0
EDL9VNNM6_6821-2599-7333-3111,1,0,0,0,0,0,0,0,0
EDL9VNNM6_7333-5159-7845-5671,1,0,0,0,0,0,0,0,0
EDL9VNNM6_6821-551-7333-1063,1,0,0,0,0,0,0,0,0
EDL9VNNM6_6821-5671-7333-6183,1,0,0,0,0,0,0,0,0
EDL9VNNM6_7333-2599-7845-3111,1,0,0,0,0,0,0,0,0
EDL9VNNM6_7333-5671-7845-6183,1,0,0,0,0,0,0,0,0
EDL9VNNM6_7845-5159-8357-5671,1,0,0,0,0,0,0,0,0
EDL9VNNM6_8357-5159-8869-5671,1,0,0,0,0,0,0,0,0
EDL9VNNM6_7845-2599-8357-3111,1,0,0,0,0,0,0,0,0
EDL9VNNM6_8357-2599-8869-3111,1,0,0,0,0,0,0,0,0
EDL9VNNM6_8357-4647-8869-5159,1,0,0,0,0,0,0,0,0
EDL9VNNM6_8869-4647-9381-5159,1,0,0,0,0,0,0,0,0
EDL9VNNM6_9381-2087-9893-2599,1,0,0,0,0,0,0,0,0
EDL9VNNM6_8869-2087-9381-2599,1,0,0,0,0,0,0,0,0
EDL9VNNM6_9381-4647-9893-5159,1,0,0,0,0,0,0,0,0
EDL9VNNM6_9893-2087-10405-2599,1,0,0,0,0,0,0,0,0
EDL9VNNM6_9893-4135-10405-4647,1,0,0,0,0,0,0,0,0
EDXKIEPBR_1452-8985-1964-9497,0,0,0,0,1,0,0,0,0
EDXKIEPBR_1433-580-1945-1092,0,0,0,0,1,0,0,0,0
EDXKIEPBR_1991-8991-2503-9503,0,0,0,0,1,0,0,0,0
EDXKIEPBR_2502-578-3014-1090,0,0,0,0,1,0,0,0,0
EDXKIEPBR_1945-580-2457-1092,0,0,0,0,1,0,0,0,0
EDXKIEPBR_2503-8991-3015-9503,0,0,0,0,1,0,0,0,0
EDXKIEPBR_3014-578-3526-1090,0,0,0,0,1,0,0,0,0
EDXKIEPBR_3566-8992-4078-9504,0,0,0,0,1,0,0,0,0
EDXKIEPBR_4122-8989-4634-9501,0,0,0,0,1,0,0,0,0
EDXKIEPBR_4636-617-5148-1129,0,0,0,0,1,0,0,0,0
EDXKIEPBR_4634-8989-5146-9501,0,0,0,0,1,0,0,0,0
EDXKIEPBR_3054-8992-3566-9504,0,0,0,0,1,0,0,0,0
EDXKIEPBR_5148-617-5660-1129,0,0,0,0,1,0,0,0,0
EDXKIEPBR_4890-2138-5402-2650,0,0,0,0,0,1,0,0,0
EDXKIEPBR_5197-8979-5709-9491,0,0,0,0,1,0,0,0,0
EDXKIEPBR_5709-8979-6221-9491,0,0,0,0,1,0,0,0,0
EDXKIEPBR_940-8985-1452-9497,0,0,0,0,1,1,0,0,0
EEECD6H7F_5016-537-5528-1049,0,0,0,0,0,1,0,0,0
EEECD6H7F_1987-374-2499-886,0,0,0,0,0,1,0,0,0
EEJD6GQKW_2141-1547-2653-2059,1,0,0,0,0,0,0,0,0
EEJD6GQKW_2326-1795-2838-2307,1,0,0,0,0,0,0,0,0
EEJD6GQKW_2154-2852-2666-3364,1,0,0,0,0,0,0,0,0
EEECD6H7F_201-1197-713-1709,0,0,0,0,0,1,0,0,0
EEJD6GQKW_2410-2488-2922-3000,1,0,0,0,0,0,0,0,0
EEJD6GQKW_2410-3000-2922-3512,1,0,0,0,0,0,0,0,0
EEJD6GQKW_2666-2340-3178-2852,1,0,0,0,0,0,0,0,0
EEJD6GQKW_2410-3512-2922-4024,1,0,0,0,0,0,0,0,0
EEJD6GQKW_2534-931-3046-1443,1,0,0,0,0,0,0,0,0
EEJD6GQKW_2534-1443-3046-1955,1,0,0,0,0,0,0,0,0
EEJD6GQKW_2666-2852-3178-3364,1,0,0,0,0,0,0,0,0
EEJD6GQKW_2534-1955-3046-2467,1,0,0,0,0,0,0,0,0
EEJD6GQKW_2922-2488-3434-3000,1,0,0,0,0,0,0,0,0
EEJD6GQKW_2922-3000-3434-3512,1,0,0,0,0,0,0,0,0
EEJD6GQKW_2838-1795-3350-2307,1,0,0,0,0,0,0,0,0
EEJD6GQKW_2922-3512-3434-4024,1,0,0,0,0,0,0,0,0
EEJD6GQKW_2986-4264-3498-4776,1,0,0,0,0,0,0,0,0
EEJD6GQKW_3046-1443-3558-1955,1,0,0,0,0,0,0,0,0
EEJD6GQKW_2924-6545-3436-7057,1,0,0,0,0,0,0,0,0
EEJD6GQKW_3334-609-3846-1121,1,0,0,0,0,0,0,0,0
EEJD6GQKW_3434-3000-3946-3512,1,0,0,0,0,0,0,0,0
EEJD6GQKW_3434-2488-3946-3000,1,0,0,0,0,0,0,0,0
EEJD6GQKW_3046-1955-3558-2467,1,0,0,0,0,0,0,0,0
EEJD6GQKW_3436-6033-3948-6545,1,0,0,0,0,0,0,0,0
EEJD6GQKW_3436-6545-3948-7057,1,0,0,0,0,0,0,0,0
EEJD6GQKW_3558-931-4070-1443,1,0,0,0,0,0,0,0,0
EEJD6GQKW_3948-6033-4460-6545,1,0,0,0,0,0,0,0,0
EEJD6GQKW_3558-1955-4070-2467,1,0,0,0,0,0,0,0,0
EEJD6GQKW_3558-1443-4070-1955,1,0,0,0,0,0,0,0,0
EEJD6GQKW_3846-609-4358-1121,1,0,0,0,0,0,0,0,0
EEJD6GQKW_4073-5632-4585-6144,1,0,0,0,0,0,0,0,0
EEND1VJN9_1520-4042-2032-4554,0,0,1,0,0,0,0,0,0
EEND1VJN9_1559-2100-2071-2612,0,0,1,0,0,0,0,0,0
EEND1VJN9_1109-2176-1621-2688,0,0,1,0,0,0,0,0,0
EEND1VJN9_1359-3821-1871-4333,0,0,1,0,0,0,0,0,0
EEND1VJN9_1891-1742-2403-2254,0,0,1,0,0,0,0,0,0
EEND1VJN9_2077-1438-2589-1950,0,0,1,0,0,0,0,0,0
EEND1VJN9_2145-893-2657-1405,0,0,1,0,0,0,0,0,0
EEND1VJN9_2454-766-2966-1278,0,0,1,0,0,0,0,0,0
EEND1VJN9_2762-606-3274-1118,0,0,1,0,0,0,0,0,0
EEND1VJN9_2763-921-3275-1433,0,0,1,0,0,0,0,0,0
EEND1VJN9_5082-12062-5594-12574,0,0,1,0,0,0,0,0,0
EEND1VJN9_4546-4301-5058-4813,0,0,1,0,0,0,0,0,0
EEND1VJN9_5784-11714-6296-12226,0,0,1,0,0,0,0,0,0
EEND1VJN9_592-2717-1104-3229,0,0,1,0,0,0,0,0,0
EEND1VJN9_5291-11538-5803-12050,0,0,1,0,0,0,0,0,0
EEND1VJN9_6153-10820-6665-11332,0,0,1,0,0,0,0,0,0
EEND1VJN9_6144-999-6656-1511,0,0,1,0,0,0,0,0,0
EEND1VJN9_6536-9478-7048-9990,0,0,1,0,0,0,0,0,0
EEND1VJN9_7540-6344-8052-6856,0,0,1,0,0,0,0,0,0
EEND1VJN9_7045-6796-7557-7308,0,0,1,0,0,0,0,0,0
EEND1VJN9_6676-5968-7188-6480,0,0,1,0,0,0,0,0,0
EEND1VJN9_7207-3168-7719-3680,0,0,1,0,0,0,0,0,0
EEND1VJN9_7469-7697-7981-8209,0,0,1,0,0,0,0,0,0
EEND1VJN9_762-2462-1274-2974,0,0,1,0,0,0,0,0,0
EEXQLB26H_2034-3980-2546-4492,0,0,0,0,0,0,1,0,0
EEXQLB26H_1522-3980-2034-4492,0,0,0,0,0,0,1,0,0
EEND1VJN9_834-2968-1346-3480,0,0,1,0,0,0,0,0,0
EEXQLB26H_2034-4492-2546-5004,0,0,0,0,0,0,1,0,0
EEXQLB26H_2401-6832-2913-7344,0,0,0,0,0,0,1,0,0
EEXQLB26H_2190-5354-2702-5866,0,0,0,0,0,0,1,0,0
EEXQLB26H_2799-7359-3311-7871,0,0,0,0,0,0,1,0,0
EEXQLB26H_2190-6378-2702-6890,0,0,0,0,0,0,1,0,0
EEXQLB26H_2190-5866-2702-6378,0,0,0,0,0,0,1,0,0
EEXQLB26H_2034-5004-2546-5516,0,0,0,0,0,0,1,0,0
EEXQLB26H_3159-7990-3671-8502,0,0,0,0,0,0,1,0,0
EEXQLB26H_2799-7871-3311-8383,0,0,0,0,0,0,1,0,0
EEXQLB26H_3304-8235-3816-8747,0,0,0,0,0,0,1,0,0
EG7MYU14Z_5498-13935-6010-14447,1,0,0,0,0,0,0,0,0
EG7MYU14Z_1756-13937-2268-14449,1,0,0,0,0,0,0,0,0
EEXQLB26H_3816-8235-4328-8747,0,0,0,0,0,0,1,0,0
EGJLCN8UC_1075-4756-1587-5268,0,1,0,0,0,0,0,0,1
EGJLCN8UC_1117-4429-1629-4941,0,1,0,0,0,0,0,0,1
EGJLCN8UC_1254-4207-1766-4719,0,0,0,0,0,0,0,0,1
EGJLCN8UC_1226-996-1738-1508,0,1,0,0,0,0,0,0,0
EGJLCN8UC_1362-3649-1874-4161,0,0,0,0,0,0,0,0,1
EGJLCN8UC_1404-5340-1916-5852,0,1,0,0,0,0,0,0,1
EGJLCN8UC_2595-2890-3107-3402,0,1,0,0,0,0,0,0,0
EGJLCN8UC_1431-2928-1943-3440,0,1,0,0,0,0,0,0,1
EGJLCN8UC_2530-3373-3042-3885,0,1,0,0,0,0,0,0,1
EGJLCN8UC_2096-3605-2608-4117,0,1,0,0,0,0,0,0,1
EGJLCN8UC_2249-3270-2761-3782,0,1,0,0,0,0,0,0,1
EGJLCN8UC_3015-3193-3527-3705,0,1,0,0,0,0,0,0,0
EGJLCN8UC_624-5418-1136-5930,0,0,0,0,0,0,0,0,1
EGJLCN8UC_3189-2631-3701-3143,0,1,0,0,0,0,0,0,0
EGUQLNN17_1254-1268-1766-1780,0,0,0,1,0,0,0,0,0
EGUQLNN17_1254-756-1766-1268,0,0,0,1,0,0,0,0,0
EGYI1HN6V_4591-4230-5103-4742,0,0,0,0,0,1,0,0,0
EGJLCN8UC_991-2498-1503-3010,0,1,0,0,0,0,0,0,1
EGJLCN8UC_850-3649-1362-4161,0,1,0,0,0,0,0,0,1
EGYI1HN6V_5164-351-5676-863,0,0,0,0,0,1,0,0,0
EGUQLNN17_742-756-1254-1268,0,0,0,1,0,0,0,0,0
EGYI1HN6V_349-2150-861-2662,0,0,0,0,0,1,0,0,0
EGYI1HN6V_5103-4230-5615-4742,0,0,0,0,0,1,0,0,0
EHAGBKZJ9_2755-782-3267-1294,0,0,0,0,0,0,0,0,1
EHTWA22IX_153-1347-665-1859,0,0,1,0,0,0,0,0,0
EHW96XWLJ_4080-1687-4592-2199,0,0,1,0,0,0,0,0,0
EHAGBKZJ9_2835-1088-3347-1600,0,0,0,0,0,0,0,0,1
EHW96XWLJ_3910-1855-4422-2367,0,0,1,0,0,0,0,0,0
EHTWA22IX_1201-357-1713-869,0,0,1,0,0,0,0,0,0
EHW96XWLJ_4080-2199-4592-2711,0,0,1,0,0,0,0,0,0
EINBJEII4_1828-6613-2340-7125,0,0,0,0,0,0,1,0,0
EINBJEII4_1316-6613-1828-7125,0,0,0,0,0,0,1,0,0
EINBJEII4_2340-6613-2852-7125,0,0,0,0,0,0,1,0,0
EINBJEII4_3364-7125-3876-7637,0,0,0,0,0,0,1,0,0
EINBJEII4_3876-7125-4388-7637,0,0,0,0,0,0,1,0,0
EINBJEII4_2340-7125-2852-7637,0,0,0,0,0,0,1,0,0
EINBJEII4_4318-1199-4830-1711,0,0,0,0,0,0,1,0,0
EINBJEII4_4388-7125-4900-7637,0,0,0,0,0,0,1,0,0
EINBJEII4_3806-687-4318-1199,0,0,0,0,0,0,1,0,0
EINBJEII4_4830-1199-5342-1711,0,0,0,0,0,0,1,0,0
EINBJEII4_2852-7125-3364-7637,0,0,0,0,0,0,1,0,0
EINBJEII4_5342-2223-5854-2735,0,0,0,0,0,0,1,0,0
EINBJEII4_5342-2735-5854-3247,0,0,0,0,0,0,1,0,0
EINBJEII4_4830-1711-5342-2223,0,0,0,0,0,0,1,0,0
EINBJEII4_4900-7125-5412-7637,0,0,0,0,0,0,1,0,0
EINBJEII4_5412-7125-5924-7637,0,0,0,0,0,0,1,0,0
EINBJEII4_4830-2223-5342-2735,0,0,0,0,0,0,1,0,0
EINBJEII4_5854-2735-6366-3247,0,0,0,0,0,0,1,0,0
EINBJEII4_6366-3247-6878-3759,0,0,0,0,0,0,1,0,0
EINBJEII4_6366-3759-6878-4271,0,0,0,0,0,0,1,0,0
EINBJEII4_6878-3759-7390-4271,0,0,0,0,0,0,1,0,0
EINBJEII4_6878-4271-7390-4783,0,0,0,0,0,0,1,0,0
EINBJEII4_5854-3247-6366-3759,0,0,0,0,0,0,1,0,0
EINBJEII4_7390-4271-7902-4783,0,0,0,0,0,0,1,0,0
EJFKK1GL2_1364-4032-1876-4544,0,0,0,0,0,0,1,0,0
EJFKK1GL2_1876-4032-2388-4544,0,0,0,0,0,0,1,0,0
EINBJEII4_804-6613-1316-7125,0,0,0,0,0,0,1,0,0
EJFKK1GL2_2388-4032-2900-4544,0,0,0,0,0,0,1,0,0
EJFKK1GL2_2848-4085-3360-4597,0,0,0,0,0,0,1,0,0
EJFKK1GL2_4384-4085-4896-4597,0,0,0,0,0,0,1,0,0
EJFKK1GL2_4896-4085-5408-4597,0,0,0,0,0,0,1,0,0
EJFKK1GL2_5408-4085-5920-4597,0,0,0,0,0,0,1,0,0
EJFKK1GL2_3360-4085-3872-4597,0,0,0,0,0,0,1,0,0
EJFKK1GL2_3872-4085-4384-4597,0,0,0,0,0,0,1,0,0
EJFKK1GL2_5920-4085-6432-4597,0,0,0,0,0,0,1,0,0
EJFKK1GL2_7316-4159-7828-4671,0,0,0,0,0,0,1,0,0
EJFKK1GL2_8340-4159-8852-4671,0,0,0,0,0,0,1,0,0
EJFKK1GL2_7828-4159-8340-4671,0,0,0,0,0,0,1,0,0
EJFKK1GL2_6804-4159-7316-4671,0,0,0,0,0,0,1,0,0
EJFKK1GL2_8852-4159-9364-4671,0,0,0,0,0,0,1,0,0
EJFKK1GL2_6292-4159-6804-4671,0,0,0,0,0,0,1,0,0
EJFKK1GL2_852-3008-1364-3520,0,0,0,0,0,0,1,0,0
EJFKK1GL2_852-2496-1364-3008,0,0,0,0,0,0,1,0,0
EJFKK1GL2_852-1984-1364-2496,0,0,0,0,0,0,1,0,0
EJFKK1GL2_852-4032-1364-4544,0,0,0,0,0,0,1,0,0
EJFKK1GL2_852-3520-1364-4032,0,0,0,0,0,0,1,0,0
EJMDGNMM2_1002-7316-1514-7828,0,0,0,0,0,0,1,0,0
EJMDGNMM2_10102-2738-10614-3250,0,0,0,0,0,0,1,0,0
EJMDGNMM2_1002-7828-1514-8340,0,0,0,0,0,0,1,0,0
EJMDGNMM2_10614-2738-11126-3250,0,0,0,0,0,0,1,0,0
EJMDGNMM2_10614-3250-11126-3762,0,0,0,0,0,0,1,0,0
EJMDGNMM2_11016-14882-11528-15394,0,0,0,0,0,0,1,0,0
EJMDGNMM2_10102-2226-10614-2738,0,0,0,0,0,0,1,0,0
EJMDGNMM2_11016-15906-11528-16418,0,0,0,0,0,0,1,0,0
EJMDGNMM2_11126-3762-11638-4274,0,0,0,0,0,0,1,0,0
EJMDGNMM2_11586-4603-12098-5115,0,0,0,0,0,0,1,0,0
EJMDGNMM2_11016-15394-11528-15906,0,0,0,0,0,0,1,0,0
EJMDGNMM2_11586-4091-12098-4603,0,0,0,0,0,0,1,0,0
EJMDGNMM2_11528-16418-12040-16930,0,0,0,0,0,0,1,0,0
EJMDGNMM2_12040-16418-12552-16930,0,0,0,0,0,0,1,0,0
EJMDGNMM2_11016-16418-11528-16930,0,0,0,0,0,0,1,0,0
EJMDGNMM2_12098-4603-12610-5115,0,0,0,0,0,0,1,0,0
EJMDGNMM2_11586-5115-12098-5627,0,0,0,0,0,0,1,0,0
EJMDGNMM2_12040-16930-12552-17442,0,0,0,0,0,0,1,0,0
EJMDGNMM2_12098-5115-12610-5627,0,0,0,0,0,0,1,0,0
EJMDGNMM2_1290-10583-1802-11095,0,0,0,0,0,0,1,0,0
EJMDGNMM2_12098-5627-12610-6139,0,0,0,0,0,0,1,0,0
EJMDGNMM2_1290-9559-1802-10071,0,0,0,0,0,0,1,0,0
EJMDGNMM2_1242-11142-1754-11654,0,0,0,0,0,0,1,0,0
EJMDGNMM2_1290-10071-1802-10583,0,0,0,0,0,0,1,0,0
EJMDGNMM2_1514-5268-2026-5780,0,0,0,0,0,0,1,0,0
EJMDGNMM2_1958-15703-2470-16215,0,0,0,0,0,0,1,0,0
EJMDGNMM2_1754-12166-2266-12678,0,0,0,0,0,0,1,0,0
EJMDGNMM2_1514-5780-2026-6292,0,0,0,0,0,0,1,0,0
EJMDGNMM2_1514-6804-2026-7316,0,0,0,0,0,0,1,0,0
EJMDGNMM2_1958-15191-2470-15703,0,0,0,0,0,0,1,0,0
EJMDGNMM2_1754-11142-2266-11654,0,0,0,0,0,0,1,0,0
EJMDGNMM2_2026-4756-2538-5268,0,0,0,0,0,0,1,0,0
EJMDGNMM2_1514-6292-2026-6804,0,0,0,0,0,0,1,0,0
EJMDGNMM2_1514-7316-2026-7828,0,0,0,0,0,0,1,0,0
EJMDGNMM2_1754-11654-2266-12166,0,0,0,0,0,0,1,0,0
EJMDGNMM2_2026-5268-2538-5780,0,0,0,0,0,0,1,0,0
EJMDGNMM2_2026-5780-2538-6292,0,0,0,0,0,0,1,0,0
EJMDGNMM2_2266-12678-2778-13190,0,0,0,0,0,0,1,0,0
EJMDGNMM2_2266-13190-2778-13702,0,0,0,0,0,0,1,0,0
EJMDGNMM2_2470-15703-2982-16215,0,0,0,0,0,0,1,0,0
EJMDGNMM2_2470-16215-2982-16727,0,0,0,0,0,0,1,0,0
EJMDGNMM2_2266-12166-2778-12678,0,0,0,0,0,0,1,0,0
EJMDGNMM2_3494-16727-4006-17239,0,0,0,0,0,0,1,0,0
EJMDGNMM2_2538-4244-3050-4756,0,0,0,0,0,0,1,0,0
EJMDGNMM2_4006-17751-4518-18263,0,0,0,0,0,0,1,0,0
EJMDGNMM2_2982-16215-3494-16727,0,0,0,0,0,0,1,0,0
EJMDGNMM2_3615-20087-4127-20599,0,0,0,0,0,0,1,0,0
EJMDGNMM2_2982-16727-3494-17239,0,0,0,0,0,0,1,0,0
EJMDGNMM2_2538-4756-3050-5268,0,0,0,0,0,0,1,0,0
EJMDGNMM2_3494-17239-4006-17751,0,0,0,0,0,0,1,0,0
EJMDGNMM2_3615-20599-4127-21111,0,0,0,0,0,0,1,0,0
EJMDGNMM2_4006-17239-4518-17751,0,0,0,0,0,0,1,0,0
EJMDGNMM2_3615-21111-4127-21623,0,0,0,0,0,0,1,0,0
EJMDGNMM2_4421-20643-4933-21155,0,0,0,0,0,0,1,0,0
EJMDGNMM2_4421-21155-4933-21667,0,0,0,0,0,0,1,0,0
EJMDGNMM2_4518-17239-5030-17751,0,0,0,0,0,0,1,0,0
EJMDGNMM2_4933-20131-5445-20643,0,0,0,0,0,0,1,0,0
EJMDGNMM2_4933-20643-5445-21155,0,0,0,0,0,0,1,0,0
EJMDGNMM2_4518-17751-5030-18263,0,0,0,0,0,0,1,0,0
EJMDGNMM2_5030-17751-5542-18263,0,0,0,0,0,0,1,0,0
EJMDGNMM2_5542-18263-6054-18775,0,0,0,0,0,0,1,0,0
EJMDGNMM2_5030-18263-5542-18775,0,0,0,0,0,0,1,0,0
EJMDGNMM2_6566-18263-7078-18775,0,0,0,0,0,0,1,0,0
EJMDGNMM2_6215-20471-6727-20983,0,0,0,0,0,0,1,0,0
EJMDGNMM2_7078-20141-7590-20653,0,0,0,0,0,0,1,0,0
EJMDGNMM2_6054-18263-6566-18775,0,0,0,0,0,0,1,0,0
EJMDGNMM2_5703-20983-6215-21495,0,0,0,0,0,0,1,0,0
EJMDGNMM2_6727-20471-7239-20983,0,0,0,0,0,0,1,0,0
EJMDGNMM2_6215-20983-6727-21495,0,0,0,0,0,0,1,0,0
EJMDGNMM2_778-8535-1290-9047,0,0,0,0,0,0,1,0,0
EJMDGNMM2_730-11142-1242-11654,0,0,0,0,0,0,1,0,0
EJMDGNMM2_778-9047-1290-9559,0,0,0,0,0,0,1,0,0
EJMDGNMM2_9590-1202-10102-1714,0,0,0,0,0,0,1,0,0
EJMDGNMM2_9590-1714-10102-2226,0,0,0,0,0,0,1,0,0
EJMDGNMM2_9590-2226-10102-2738,0,0,0,0,0,0,1,0,0
EJTT1QCXF_4229-690-4741-1202,0,0,0,0,0,0,1,0,0
EJMDGNMM2_9590-690-10102-1202,0,0,0,0,0,0,1,0,0
EJTT1QCXF_4636-1179-5148-1691,0,0,0,0,0,0,1,0,0
EJTT1QCXF_6431-2050-6943-2562,0,0,0,0,0,0,1,0,0
EJTT1QCXF_5148-667-5660-1179,0,0,0,0,0,0,1,0,0
EJTT1QCXF_7170-1573-7682-2085,0,0,0,0,0,0,1,0,0
EK9LATEHM_1180-3344-1692-3856,0,1,0,0,0,0,0,0,1
EK9LATEHM_1330-3118-1842-3630,0,1,0,0,0,0,0,0,1
EK9LATEHM_1648-1882-2160-2394,0,1,0,0,0,0,0,0,0
EJTT1QCXF_5913-1562-6425-2074,0,0,0,0,0,0,1,0,0
EJTT1QCXF_6690-1908-7202-2420,0,0,0,0,0,0,1,0,0
EK9LATEHM_1638-836-2150-1348,0,0,0,0,0,0,0,0,1
EJTT1QCXF_6425-1050-6937-1562,0,0,0,0,0,0,1,0,0
EK9LATEHM_1842-3118-2354-3630,0,1,0,0,0,0,0,0,1
EK9LATEHM_2166-3258-2678-3770,0,1,0,0,0,0,0,0,1
EK9LATEHM_2413-3114-2925-3626,0,1,0,0,0,0,0,0,1
EK9LATEHM_981-1763-1493-2275,0,1,0,0,0,0,0,0,0
EK9LATEHM_653-2786-1165-3298,0,1,0,0,0,0,0,0,0
EK9LATEHM_2820-3053-3332-3565,0,1,0,0,0,0,0,0,1
EK9LATEHM_981-2787-1493-3299,0,1,0,0,0,0,0,0,0
EK9LATEHM_981-2275-1493-2787,0,1,0,0,0,0,0,0,0
EMJ1GPKFF_1990-3078-2502-3590,1,0,0,0,0,0,0,0,0
EMJ1GPKFF_1285-2325-1797-2837,1,0,0,0,0,0,0,0,0
EKCP71DQ7_819-3321-1331-3833,0,0,1,0,0,0,0,0,0
EMJ1GPKFF_1542-4144-2054-4656,1,0,0,0,0,0,0,0,0
EMJ1GPKFF_1273-4163-1785-4675,1,0,0,0,0,0,0,0,0
EMJ1GPKFF_1634-1932-2146-2444,1,0,0,0,0,0,0,0,0
EMJ1GPKFF_1561-2335-2073-2847,1,0,0,0,0,0,0,0,0
EKCP71DQ7_641-2606-1153-3118,0,0,1,0,0,0,0,0,0
EMJ1GPKFF_2228-3535-2740-4047,1,0,0,0,0,0,0,0,0
EMJ1GPKFF_2009-2746-2521-3258,1,0,0,0,0,0,0,0,0
EMJ1GPKFF_2244-4062-2756-4574,1,0,0,0,0,0,0,0,0
EMJ1GPKFF_2384-404-2896-916,1,0,0,0,0,0,0,0,0
EMJ1GPKFF_2524-2022-3036-2534,1,0,0,0,0,0,0,0,0
EMJ1GPKFF_2522-3869-3034-4381,1,0,0,0,0,0,0,0,0
EMJ1GPKFF_2743-1486-3255-1998,1,0,0,0,0,0,0,0,0
EMJ1GPKFF_2529-3569-3041-4081,1,0,0,0,0,0,0,0,0
EMJ1GPKFF_3036-2022-3548-2534,1,0,0,0,0,0,0,0,0
EMJ1GPKFF_2896-404-3408-916,1,0,0,0,0,0,0,0,0
EN1686G3Z_10301-559-10813-1071,0,1,0,0,0,0,0,0,0
EMPBR4AU3_559-5093-1071-5605,0,0,0,0,0,0,0,0,1
EN1686G3Z_10813-559-11325-1071,0,1,0,0,0,0,0,0,0
EN1686G3Z_10301-8239-10813-8751,0,1,0,0,0,0,0,0,0
EN1686G3Z_10301-8751-10813-9263,0,1,0,0,0,0,0,0,0
EMJ1GPKFF_3071-844-3583-1356,1,0,0,0,0,0,0,0,0
EN1686G3Z_11325-559-11837-1071,0,1,0,0,0,0,0,0,0
EN1686G3Z_10301-9263-10813-9775,0,1,0,0,0,0,0,0,0
EN1686G3Z_10813-9263-11325-9775,0,1,0,0,0,0,0,0,0
EN1686G3Z_11325-9263-11837-9775,0,1,0,0,0,0,0,0,0
EN1686G3Z_11837-1071-12349-1583,0,1,0,0,0,0,0,0,0
EN1686G3Z_11837-2095-12349-2607,0,1,0,0,0,0,0,0,0
EN1686G3Z_11837-3119-12349-3631,0,1,0,0,0,0,0,0,0
EN1686G3Z_11837-3631-12349-4143,0,1,0,0,0,0,0,0,0
EN1686G3Z_11837-4143-12349-4655,0,1,0,0,0,0,0,0,0
EN1686G3Z_11837-2607-12349-3119,0,1,0,0,0,0,0,0,0
EN1686G3Z_11837-1583-12349-2095,0,1,0,0,0,0,0,0,0
EN1686G3Z_11837-4655-12349-5167,0,1,0,0,0,0,0,0,0
EN1686G3Z_11837-5167-12349-5679,0,1,0,0,0,0,0,0,0
EN1686G3Z_11837-5679-12349-6191,0,1,0,0,0,0,0,0,0
EN1686G3Z_11837-6703-12349-7215,0,1,0,0,0,0,0,0,0
EN1686G3Z_11837-559-12349-1071,0,1,0,0,0,0,0,0,0
EN1686G3Z_11837-7215-12349-7727,0,1,0,0,0,0,0,0,0
EN1686G3Z_11837-6191-12349-6703,0,1,0,0,0,0,0,0,0
EN1686G3Z_11837-7727-12349-8239,0,1,0,0,0,0,0,0,0
EN1686G3Z_11837-9263-12349-9775,0,1,0,0,0,0,0,0,0
EN1686G3Z_11837-8239-12349-8751,0,1,0,0,0,0,0,0,0
EN1686G3Z_11837-8751-12349-9263,0,1,0,0,0,0,0,0,0
EN1686G3Z_1350-1720-1862-2232,0,1,0,0,0,0,0,0,0
EN1686G3Z_1350-2744-1862-3256,0,1,0,0,0,0,0,0,0
EN1686G3Z_1350-2232-1862-2744,0,1,0,0,0,0,0,0,0
EN1686G3Z_2238-4746-2750-5258,0,1,0,0,0,0,0,0,0
EN1686G3Z_2039-664-2551-1176,0,1,0,0,0,0,0,0,0
EN1686G3Z_2551-664-3063-1176,0,1,0,0,0,0,0,0,0
EN1686G3Z_2072-6092-2584-6604,0,1,0,0,0,0,0,0,0
EN1686G3Z_2072-6604-2584-7116,0,1,0,0,0,0,0,0,0
EN1686G3Z_2238-5770-2750-6282,0,1,0,0,0,0,0,0,0
EN1686G3Z_1527-664-2039-1176,0,1,0,0,0,0,0,0,0
EN1686G3Z_2750-4234-3262-4746,0,1,0,0,0,0,0,0,0
EN1686G3Z_2750-4746-3262-5258,0,1,0,0,0,0,0,0,0
EN1686G3Z_2353-6266-2865-6778,0,1,0,0,0,0,0,0,0
EN1686G3Z_3077-8524-3589-9036,0,1,0,0,0,0,0,0,0
EN1686G3Z_2855-8950-3367-9462,0,1,0,0,0,0,0,0,0
EN1686G3Z_3063-664-3575-1176,0,1,0,0,0,0,0,0,0
EN1686G3Z_3262-4746-3774-5258,0,1,0,0,0,0,0,0,0
EN1686G3Z_3262-5258-3774-5770,0,1,0,0,0,0,0,0,0
EN1686G3Z_3262-5770-3774-6282,0,1,0,0,0,0,0,0,0
EN1686G3Z_3774-5770-4286-6282,0,1,0,0,0,0,0,0,0
EN1686G3Z_3774-4234-4286-4746,0,1,0,0,0,0,0,0,0
EN1686G3Z_4265-12328-4777-12840,0,1,0,0,0,0,0,0,0
EN1686G3Z_4265-11816-4777-12328,0,1,0,0,0,0,0,0,0
EN1686G3Z_3575-664-4087-1176,0,1,0,0,0,0,0,0,0
EN1686G3Z_3774-5258-4286-5770,0,1,0,0,0,0,0,0,0
EN1686G3Z_4087-664-4599-1176,0,1,0,0,0,0,0,0,0
EN1686G3Z_4286-5258-4798-5770,0,1,0,0,0,0,0,0,0
EN1686G3Z_4286-5770-4798-6282,0,1,0,0,0,0,0,0,0
EN1686G3Z_4286-4234-4798-4746,0,1,0,0,0,0,0,0,0
EN1686G3Z_4520-13162-5032-13674,0,1,0,0,0,0,0,0,0
EN1686G3Z_4265-12840-4777-13352,0,1,0,0,0,0,0,0,0
EN1686G3Z_4520-13674-5032-14186,0,1,0,0,0,0,0,0,0
EN1686G3Z_4520-14698-5032-15210,0,1,0,0,0,0,0,0,0
EN1686G3Z_4520-14186-5032-14698,0,1,0,0,0,0,0,0,0
EN1686G3Z_4777-11816-5289-12328,0,1,0,0,0,0,0,0,0
EN1686G3Z_4599-664-5111-1176,0,1,0,0,0,0,0,0,0
EN1686G3Z_4777-12328-5289-12840,0,1,0,0,0,0,0,0,0
EN1686G3Z_4798-4746-5310-5258,0,1,0,0,0,0,0,0,0
EN1686G3Z_4777-12840-5289-13352,0,1,0,0,0,0,0,0,0
EN1686G3Z_4995-11411-5507-11923,0,1,0,0,0,0,0,0,0
EN1686G3Z_5032-14698-5544-15210,0,1,0,0,0,0,0,0,0
EN1686G3Z_4798-4234-5310-4746,0,1,0,0,0,0,0,0,0
EN1686G3Z_5032-14186-5544-14698,0,1,0,0,0,0,0,0,0
EN1686G3Z_4995-11923-5507-12435,0,1,0,0,0,0,0,0,0
EN1686G3Z_5032-13162-5544-13674,0,1,0,0,0,0,0,0,0
EN1686G3Z_5032-13674-5544-14186,0,1,0,0,0,0,0,0,0
EN1686G3Z_5289-11816-5801-12328,0,1,0,0,0,0,0,0,0
EN1686G3Z_5289-12840-5801-13352,0,1,0,0,0,0,0,0,0
EN1686G3Z_5289-12328-5801-12840,0,1,0,0,0,0,0,0,0
EN1686G3Z_5310-4234-5822-4746,0,1,0,0,0,0,0,0,0
EN1686G3Z_5310-4746-5822-5258,0,1,0,0,0,0,0,0,0
EN1686G3Z_5416-2801-5928-3313,0,1,0,0,0,0,0,0,0
EN1686G3Z_5416-3825-5928-4337,0,1,0,0,0,0,0,0,0
EN1686G3Z_5416-3313-5928-3825,0,1,0,0,0,0,0,0,0
EN1686G3Z_5800-4794-6312-5306,0,1,0,0,0,0,0,0,0
EN1686G3Z_5801-12840-6313-13352,0,1,0,0,0,0,0,0,0
EN1686G3Z_5544-14698-6056-15210,0,1,0,0,0,0,0,0,0
EN1686G3Z_5469-15185-5981-15697,0,1,0,0,0,0,0,0,0
EN1686G3Z_5928-3825-6440-4337,0,1,0,0,0,0,0,0,0
EN1686G3Z_5507-11923-6019-12435,0,1,0,0,0,0,0,0,0
EN1686G3Z_5928-2801-6440-3313,0,1,0,0,0,0,0,0,0
EN1686G3Z_5544-14186-6056-14698,0,1,0,0,0,0,0,0,0
EN1686G3Z_5469-15697-5981-16209,0,1,0,0,0,0,0,0,0
EN1686G3Z_5507-11411-6019-11923,0,1,0,0,0,0,0,0,0
EN1686G3Z_5928-3313-6440-3825,0,1,0,0,0,0,0,0,0
EN1686G3Z_6019-10899-6531-11411,0,1,0,0,0,0,0,0,0
EN1686G3Z_6019-11411-6531-11923,0,1,0,0,0,0,0,0,0
EN1686G3Z_6824-4282-7336-4794,0,1,0,0,0,0,0,0,0
EN1686G3Z_6531-10899-7043-11411,0,1,0,0,0,0,0,0,0
EN1686G3Z_6312-4794-6824-5306,0,1,0,0,0,0,0,0,0
EN1686G3Z_7043-10387-7555-10899,0,1,0,0,0,0,0,0,0
EN1686G3Z_6824-4794-7336-5306,0,1,0,0,0,0,0,0,0
EN1686G3Z_7555-10899-8067-11411,0,1,0,0,0,0,0,0,0
EN1686G3Z_7848-4282-8360-4794,0,1,0,0,0,0,0,0,0
EN1686G3Z_7336-4282-7848-4794,0,1,0,0,0,0,0,0,0
EN1686G3Z_7043-10899-7555-11411,0,1,0,0,0,0,0,0,0
EN1686G3Z_8360-4282-8872-4794,0,1,0,0,0,0,0,0,0
EN1686G3Z_7336-4794-7848-5306,0,1,0,0,0,0,0,0,0
EN1686G3Z_838-2232-1350-2744,0,1,0,0,0,0,0,0,0
EN1686G3Z_838-1720-1350-2232,0,1,0,0,0,0,0,0,0
EN1686G3Z_8067-10387-8579-10899,0,1,0,0,0,0,0,0,0
EN1686G3Z_838-2744-1350-3256,0,1,0,0,0,0,0,0,0
EN1686G3Z_8579-10387-9091-10899,0,1,0,0,0,0,0,0,0
EN1686G3Z_8765-2095-9277-2607,0,1,0,0,0,0,0,0,0
EN1686G3Z_7555-10387-8067-10899,0,1,0,0,0,0,0,0,0
EN1686G3Z_8765-2607-9277-3119,0,1,0,0,0,0,0,0,0
EN1686G3Z_8765-3631-9277-4143,0,1,0,0,0,0,0,0,0
EN1686G3Z_8765-4143-9277-4655,0,1,0,0,0,0,0,0,0
EN1686G3Z_8765-3119-9277-3631,0,1,0,0,0,0,0,0,0
EN1686G3Z_8765-4655-9277-5167,0,1,0,0,0,0,0,0,0
EN1686G3Z_8765-559-9277-1071,0,1,0,0,0,0,0,0,0
EN1686G3Z_9277-2095-9789-2607,0,1,0,0,0,0,0,0,0
EN1686G3Z_9277-1071-9789-1583,0,1,0,0,0,0,0,0,0
EN1686G3Z_9277-3119-9789-3631,0,1,0,0,0,0,0,0,0
EN1686G3Z_9277-559-9789-1071,0,1,0,0,0,0,0,0,0
EN1686G3Z_9277-1583-9789-2095,0,1,0,0,0,0,0,0,0
EN1686G3Z_8765-5167-9277-5679,0,1,0,0,0,0,0,0,0
EN1686G3Z_9277-5167-9789-5679,0,1,0,0,0,0,0,0,0
EN1686G3Z_9277-3631-9789-4143,0,1,0,0,0,0,0,0,0
EN1686G3Z_9789-3119-10301-3631,0,1,0,0,0,0,0,0,0
EN1686G3Z_9789-559-10301-1071,0,1,0,0,0,0,0,0,0
EN1686G3Z_9789-6191-10301-6703,0,1,0,0,0,0,0,0,0
EN1686G3Z_9789-5679-10301-6191,0,1,0,0,0,0,0,0,0
EN1686G3Z_9789-6703-10301-7215,0,1,0,0,0,0,0,0,0
EN1686G3Z_9789-7727-10301-8239,0,1,0,0,0,0,0,0,0
EN1686G3Z_9789-7215-10301-7727,0,1,0,0,0,0,0,0,0
EN1686G3Z_9789-8239-10301-8751,0,1,0,0,0,0,0,0,0
ENBIDHBFG_1154-1277-1666-1789,0,0,0,0,0,0,1,0,0
ENBIDHBFG_1822-2593-2334-3105,0,0,0,0,0,0,1,0,0
ENBIDHBFG_1620-2226-2132-2738,0,0,0,0,0,0,1,0,0
ENCWB3M63_1406-5216-1918-5728,0,1,0,0,0,0,0,0,0
ENBIDHBFG_1401-1784-1913-2296,0,0,0,0,0,0,1,0,0
ENCWB3M63_1088-2890-1600-3402,0,1,0,0,0,0,0,0,0
ENCWB3M63_1111-4157-1623-4669,0,1,0,0,0,0,0,0,0
ENCWB3M63_1111-3645-1623-4157,0,1,0,0,0,0,0,0,0
ENCWB3M63_1009-7784-1521-8296,0,1,0,0,0,0,0,0,0
ENCWB3M63_1009-7272-1521-7784,0,1,0,0,0,0,0,0,0
ENBIDHBFG_982-950-1494-1462,0,0,0,0,0,0,1,0,0
ENCWB3M63_1600-3402-2112-3914,0,1,0,0,0,0,0,0,0
ENCWB3M63_1406-5728-1918-6240,0,1,0,0,0,0,0,0,0
ENCWB3M63_1406-6240-1918-6752,0,1,0,0,0,0,0,0,0
ENCWB3M63_1623-4157-2135-4669,0,1,0,0,0,0,0,0,0
ENCWB3M63_1918-5216-2430-5728,0,1,0,0,0,0,0,0,0
ENCWB3M63_1623-3133-2135-3645,0,1,0,0,0,0,0,0,0
ENCWB3M63_1918-5728-2430-6240,0,1,0,0,0,0,0,0,0
ENCWB3M63_1918-6240-2430-6752,0,1,0,0,0,0,0,0,0
ENCWB3M63_2585-3573-3097-4085,0,1,0,0,0,0,0,0,0
ENCWB3M63_2421-6166-2933-6678,0,1,0,0,0,0,0,0,0
ENCWB3M63_2135-3133-2647-3645,0,1,0,0,0,0,0,0,0
ENCWB3M63_2434-2495-2946-3007,0,1,0,0,0,0,0,0,0
ENCWB3M63_2423-4455-2935-4967,0,1,0,0,0,0,0,0,0
ENCWB3M63_1922-2495-2434-3007,0,1,0,0,0,0,0,0,0
ENCWB3M63_2135-4157-2647-4669,0,1,0,0,0,0,0,0,0
ENCWB3M63_2421-5654-2933-6166,0,1,0,0,0,0,0,0,0
ENCWB3M63_2073-3573-2585-4085,0,1,0,0,0,0,0,0,0
ENCWB3M63_2423-4967-2935-5479,0,1,0,0,0,0,0,0,0
ENCWB3M63_2700-2905-3212-3417,0,1,0,0,0,0,0,0,0
ENCWB3M63_2725-2536-3237-3048,0,1,0,0,0,0,0,0,0
ENCWB3M63_2933-6166-3445-6678,0,1,0,0,0,0,0,0,0
ENCWB3M63_2935-5479-3447-5991,0,1,0,0,0,0,0,0,0
ENCWB3M63_2935-4455-3447-4967,0,1,0,0,0,0,0,0,0
ENCWB3M63_2935-4967-3447-5479,0,1,0,0,0,0,0,0,0
ENCWB3M63_2968-2609-3480-3121,0,1,0,0,0,0,0,0,0
ENCWB3M63_2968-3121-3480-3633,0,1,0,0,0,0,0,0,0
ENCWB3M63_3097-3573-3609-4085,0,1,0,0,0,0,0,0,0
ENCWB3M63_3237-2536-3749-3048,0,1,0,0,0,0,0,0,0
ENCWB3M63_2968-4145-3480-4657,0,1,0,0,0,0,0,0,0
ENCWB3M63_3480-4145-3992-4657,0,1,0,0,0,0,0,0,0
ENCWB3M63_3480-2609-3992-3121,0,1,0,0,0,0,0,0,0
ENCWB3M63_3447-5479-3959-5991,0,1,0,0,0,0,0,0,0
ENCWB3M63_3237-3048-3749-3560,0,1,0,0,0,0,0,0,0
ENCWB3M63_3055-2220-3567-2732,0,1,0,0,0,0,0,0,0
ENCWB3M63_3447-4967-3959-5479,0,1,0,0,0,0,0,0,0
ENCWB3M63_3480-3633-3992-4145,0,1,0,0,0,0,0,0,0
ENCWB3M63_3567-2220-4079-2732,0,1,0,0,0,0,0,0,0
ENCWB3M63_3839-3593-4351-4105,0,1,0,0,0,0,0,0,0
ENCWB3M63_3992-3121-4504-3633,0,1,0,0,0,0,0,0,0
ENCWB3M63_3992-2609-4504-3121,0,1,0,0,0,0,0,0,0
ENCWB3M63_3992-4145-4504-4657,0,1,0,0,0,0,0,0,0
ENCWB3M63_4079-2220-4591-2732,0,1,0,0,0,0,0,0,0
ENCWB3M63_894-4704-1406-5216,0,1,0,0,0,0,0,0,0
ENCWB3M63_4351-3593-4863-4105,0,1,0,0,0,0,0,0,0
ENCWB3M63_894-6240-1406-6752,0,1,0,0,0,0,0,0,0
ENRGG1XAJ_122-988-634-1500,1,0,0,0,0,0,0,0,0
ENCWB3M63_894-5216-1406-5728,0,1,0,0,0,0,0,0,0
ENRGG1XAJ_1138-1270-1650-1782,1,0,0,0,0,0,0,0,0
ENRGG1XAJ_2175-622-2687-1134,1,0,0,0,0,0,0,0,0
ENCWB3M63_894-5728-1406-6240,0,1,0,0,0,0,0,0,0
ENRGG1XAJ_1857-802-2369-1314,1,0,0,0,0,0,0,0,0
ENRGG1XAJ_122-476-634-988,1,0,0,0,0,0,0,0,0
ENRGG1XAJ_2369-802-2881-1314,1,0,0,0,0,0,0,0,0
ENRGG1XAJ_2700-172-3212-684,1,0,0,0,0,0,0,0,0
ENRGG1XAJ_3997-1290-4509-1802,1,0,0,0,0,0,0,0,0
ENRGG1XAJ_3704-796-4216-1308,1,0,0,0,0,0,0,0,0
ENVZ98YIR_4156-6617-4668-7129,0,0,0,0,0,0,1,0,0
ENRGG1XAJ_626-1270-1138-1782,1,0,0,0,0,0,0,0,0
ENRGG1XAJ_508-157-1020-669,1,0,0,0,0,0,0,0,0
ENVZ98YIR_4156-6105-4668-6617,0,0,0,0,0,0,1,0,0
ENVZ98YIR_5549-7113-6061-7625,0,0,0,0,0,0,1,0,0
ENVZ98YIR_5549-6601-6061-7113,0,0,0,0,0,0,1,0,0
ENVZ98YIR_5549-6089-6061-6601,0,0,0,0,0,0,1,0,0
EPAVX9M31_3001-7046-3513-7558,0,0,0,0,0,0,0,0,1
EPAVX9M31_2922-12125-3434-12637,0,0,0,0,0,0,0,0,1
EPAVX9M31_1363-11969-1875-12481,0,0,0,0,0,0,0,0,1
EPAVX9M31_2533-10822-3045-11334,0,0,0,0,0,0,0,0,1
EPAVX9M31_2021-10310-2533-10822,0,0,0,0,0,0,0,0,1
EPAVX9M31_3185-7844-3697-8356,0,0,0,0,0,0,0,0,1
ENVZ98YIR_4372-6938-4884-7450,0,0,0,0,0,0,1,0,0
EPAVX9M31_3405-9030-3917-9542,0,0,0,0,0,0,0,0,1
EPAVX9M31_1600-10820-2112-11332,0,0,0,0,0,0,0,0,1
EPAVX9M31_3434-12125-3946-12637,0,0,0,0,0,0,0,0,1
EPAVX9M31_3861-12323-4373-12835,0,0,0,0,0,0,0,0,1
EPAVX9M31_4168-12349-4680-12861,0,0,0,0,0,0,0,0,1
EPAVX9M31_5040-8100-5552-8612,0,0,0,0,0,0,0,0,1
EPAVX9M31_4528-7588-5040-8100,0,0,0,0,0,0,0,0,1
EPAVX9M31_4211-7824-4723-8336,0,0,0,0,0,0,0,0,1
EPAVX9M31_5161-10378-5673-10890,0,0,0,0,0,0,0,0,1
EPAVX9M31_5059-7172-5571-7684,0,0,0,0,0,0,0,0,1
EPAVX9M31_5308-7919-5820-8431,0,0,0,0,0,0,0,0,1
EQAYIPNCG_6061-3041-6573-3553,0,0,1,0,0,0,0,0,0
EQAYIPNCG_6079-1808-6591-2320,0,0,1,0,0,0,0,0,0
EPAVX9M31_5814-10832-6326-11344,0,0,0,0,0,0,0,0,1
EPAVX9M31_5573-8174-6085-8686,0,0,0,0,0,0,0,0,1
EPAVX9M31_851-11969-1363-12481,0,0,0,0,0,0,0,0,1
EQAYIPNCG_5995-2069-6507-2581,0,0,1,0,0,0,0,0,0
EPAVX9M31_7360-9016-7872-9528,0,0,0,0,0,0,0,0,1
EQMCXGEXF_1159-10929-1671-11441,0,0,0,1,0,0,0,0,0
EQAYIPNCG_6079-2320-6591-2832,0,0,1,0,0,0,0,0,0
EQMCXGEXF_1159-11441-1671-11953,0,0,0,1,0,0,0,0,0
EQMCXGEXF_1159-11953-1671-12465,0,0,0,1,0,0,0,0,0
EQMCXGEXF_1671-10417-2183-10929,0,0,0,1,0,0,0,0,0
EQMCXGEXF_1159-12465-1671-12977,0,0,0,1,0,0,0,0,0
EQMCXGEXF_1671-10929-2183-11441,0,0,0,1,0,0,0,0,0
EQMCXGEXF_1159-14513-1671-15025,0,0,0,1,0,0,0,0,0
EQMCXGEXF_1671-6321-2183-6833,0,0,0,1,0,0,0,0,0
EQMCXGEXF_1671-4785-2183-5297,0,0,0,1,0,0,0,0,0
EQMCXGEXF_1671-11953-2183-12465,0,0,0,1,0,0,0,0,0
EQMCXGEXF_2183-10417-2695-10929,0,0,0,1,0,0,0,0,0
EQMCXGEXF_1671-11441-2183-11953,0,0,0,1,0,0,0,0,0
EQMCXGEXF_1671-7345-2183-7857,0,0,0,1,0,0,0,0,0
EQMCXGEXF_1671-5809-2183-6321,0,0,0,1,0,0,0,0,0
EQMCXGEXF_1671-5297-2183-5809,0,0,0,1,0,0,0,0,0
EQMCXGEXF_1671-6833-2183-7345,0,0,0,1,0,0,0,0,0
EQMCXGEXF_1671-14001-2183-14513,0,0,0,1,0,0,0,0,0
EQMCXGEXF_2183-11441-2695-11953,0,0,0,1,0,0,0,0,0
EQMCXGEXF_2183-10929-2695-11441,0,0,0,1,0,0,0,0,0
EQMCXGEXF_2183-14001-2695-14513,0,0,0,1,0,0,0,0,0
EQMCXGEXF_2183-11953-2695-12465,0,0,0,1,0,0,0,0,0
EQMCXGEXF_2183-8881-2695-9393,0,0,0,1,0,0,0,0,0
EQMCXGEXF_2183-4273-2695-4785,0,0,0,1,0,0,0,0,0
EQMCXGEXF_2183-3761-2695-4273,0,0,0,1,0,0,0,0,0
EQMCXGEXF_2183-9393-2695-9905,0,0,0,1,0,0,0,0,0
EQMCXGEXF_2695-8369-3207-8881,0,0,0,1,0,0,0,0,0
EQMCXGEXF_2695-12465-3207-12977,0,0,0,1,0,0,0,0,0
EQMCXGEXF_2695-8881-3207-9393,0,0,0,1,0,0,0,0,0
EQMCXGEXF_2695-13489-3207-14001,0,0,0,1,0,0,0,0,0
EQMCXGEXF_2695-12977-3207-13489,0,0,0,1,0,0,0,0,0
EQMCXGEXF_3207-10417-3719-10929,0,0,0,1,0,0,0,0,0
EQMCXGEXF_2695-3249-3207-3761,0,0,0,1,0,0,0,0,0
EQMCXGEXF_2183-9905-2695-10417,0,0,0,1,0,0,0,0,0
EQMCXGEXF_2695-3761-3207-4273,0,0,0,1,0,0,0,0,0
EQMCXGEXF_2695-7857-3207-8369,0,0,0,1,0,0,0,0,0
EQMCXGEXF_3207-10929-3719-11441,0,0,0,1,0,0,0,0,0
EQMCXGEXF_3207-11441-3719-11953,0,0,0,1,0,0,0,0,0
EQMCXGEXF_3207-2737-3719-3249,0,0,0,1,0,0,0,0,0
EQMCXGEXF_3207-5297-3719-5809,0,0,0,1,0,0,0,0,0
EQMCXGEXF_3207-3249-3719-3761,0,0,0,1,0,0,0,0,0
EQMCXGEXF_3207-12465-3719-12977,0,0,0,1,0,0,0,0,0
EQMCXGEXF_3207-11953-3719-12465,0,0,0,1,0,0,0,0,0
EQMCXGEXF_3207-4785-3719-5297,0,0,0,1,0,0,0,0,0
EQMCXGEXF_3207-7857-3719-8369,0,0,0,1,0,0,0,0,0
EQMCXGEXF_3207-5809-3719-6321,0,0,0,1,0,0,0,0,0
EQMCXGEXF_3207-6321-3719-6833,0,0,0,1,0,0,0,0,0
EQMCXGEXF_3207-7345-3719-7857,0,0,0,1,0,0,0,0,0
EQMCXGEXF_3207-9393-3719-9905,0,0,0,1,0,0,0,0,0
EQMCXGEXF_3207-6833-3719-7345,0,0,0,1,0,0,0,0,0
EQMCXGEXF_3207-8881-3719-9393,0,0,0,1,0,0,0,0,0
EQMCXGEXF_3719-2225-4231-2737,0,0,0,1,0,0,0,0,0
EQMCXGEXF_3207-9905-3719-10417,0,0,0,1,0,0,0,0,0
EQMCXGEXF_3207-8369-3719-8881,0,0,0,1,0,0,0,0,0
EQMCXGEXF_3719-2737-4231-3249,0,0,0,1,0,0,0,0,0
EQMCXGEXF_3719-3761-4231-4273,0,0,0,1,0,0,0,0,0
EQMCXGEXF_3719-7345-4231-7857,0,0,0,1,0,0,0,0,0
EQMCXGEXF_3719-7857-4231-8369,0,0,0,1,0,0,0,0,0
EQMCXGEXF_3719-4273-4231-4785,0,0,0,1,0,0,0,0,0
EQMCXGEXF_4231-3249-4743-3761,0,0,0,1,0,0,0,0,0
EQMCXGEXF_4231-2737-4743-3249,0,0,0,1,0,0,0,0,0
EQMCXGEXF_4231-6833-4743-7345,0,0,0,1,0,0,0,0,0
EQMCXGEXF_647-12465-1159-12977,0,0,0,1,0,0,0,0,0
EQMCXGEXF_647-11441-1159-11953,0,0,0,1,0,0,0,0,0
EQMCXGEXF_4231-7345-4743-7857,0,0,0,1,0,0,0,0,0
EQMCXGEXF_647-11953-1159-12465,0,0,0,1,0,0,0,0,0
EQMCXGEXF_647-13489-1159-14001,0,0,0,1,0,0,0,0,0
EQMCXGEXF_960-11713-1472-12225,0,0,0,1,0,0,0,0,0
EQMCXGEXF_960-11201-1472-11713,0,0,0,1,0,0,0,0,0
EQMCXGEXF_647-14001-1159-14513,0,0,0,1,0,0,0,0,0
EQMCXGEXF_647-14513-1159-15025,0,0,0,1,0,0,0,0,0
EQMCXGEXF_647-12977-1159-13489,0,0,0,1,0,0,0,0,0
ERTQDDMIA_1040-1979-1552-2491,0,0,1,0,0,0,0,0,0
ERTQDDMIA_2064-1979-2576-2491,0,0,1,0,0,0,0,0,0
ERTQDDMIA_2746-2336-3258-2848,0,0,1,0,0,0,0,0,0
ERTQDDMIA_2234-2336-2746-2848,0,0,1,0,0,0,0,0,0
ERTQDDMIA_1552-1979-2064-2491,0,0,1,0,0,0,0,0,1
ERTQDDMIA_3359-4252-3871-4764,0,0,1,0,0,0,0,0,0
ERTQDDMIA_3908-445-4420-957,0,0,1,0,0,0,0,0,0
ERTQDDMIA_5007-1566-5519-2078,0,0,1,0,0,0,0,0,0
ERTQDDMIA_528-1979-1040-2491,0,0,1,0,0,0,0,0,0
ERTQDDMIA_4277-843-4789-1355,0,0,1,0,0,0,0,0,0
ERTQDDMIA_5097-1820-5609-2332,0,0,1,0,0,0,0,0,0
ERTQDDMIA_5439-1562-5951-2074,0,0,1,0,0,0,0,0,0
ERTQDDMIA_4420-445-4932-957,0,0,1,0,0,0,0,0,0
ERTQDDMIA_5561-1341-6073-1853,0,0,1,0,0,0,0,0,0
ERTQDDMIA_6006-887-6518-1399,0,0,1,0,0,0,0,0,0
ERUT1A634_6096-8277-6608-8789,0,0,0,0,0,0,0,1,0
ERUT1A634_6186-7480-6698-7992,0,0,0,0,0,0,0,1,0
ERUT1A634_6232-6308-6744-6820,0,0,0,0,0,0,0,1,0
ERUT1A634_6232-6820-6744-7332,0,0,0,0,0,0,0,1,0
ERUT1A634_6348-5240-6860-5752,0,0,0,0,0,0,0,1,0
ERUT1A634_6386-8029-6898-8541,0,0,0,0,0,0,0,1,0
ERUT1A634_6348-4728-6860-5240,0,0,0,0,0,0,0,1,0
ERUT1A634_6386-8541-6898-9053,0,0,0,0,0,0,0,1,0
ERUT1A634_6399-5904-6911-6416,0,0,0,0,0,0,0,1,0
ERUT1A634_6407-5580-6919-6092,0,0,0,0,0,0,0,1,0
ERUT1A634_6624-5145-7136-5657,0,0,0,0,0,0,0,1,0
ERUT1A634_6763-1960-7275-2472,0,0,0,0,0,0,0,1,0
ERUT1A634_6765-2754-7277-3266,0,0,0,0,0,0,0,1,0
ERUT1A634_6734-7771-7246-8283,0,0,0,0,0,0,0,1,0
ERUT1A634_6718-4314-7230-4826,0,0,0,0,0,0,0,1,0
ERUT1A634_6765-3266-7277-3778,0,0,0,0,0,0,0,1,0
ERUT1A634_6724-4764-7236-5276,0,0,0,0,0,0,0,1,0
ERUT1A634_6718-3802-7230-4314,0,0,0,0,0,0,0,1,0
ERUT1A634_6763-2472-7275-2984,0,0,0,0,0,0,0,1,0
ERUT1A634_6825-7326-7337-7838,0,0,0,0,0,0,0,1,0
ERUT1A634_6887-5050-7399-5562,0,0,0,0,0,0,0,1,0
ERUT1A634_6898-8541-7410-9053,0,0,0,0,0,0,0,1,0
ERUT1A634_6911-5904-7423-6416,0,0,0,0,0,0,0,1,0
ERUT1A634_6901-6989-7413-7501,0,0,0,0,0,0,0,1,0
ERUT1A634_6910-4563-7422-5075,0,0,0,0,0,0,0,1,0
ERUT1A634_7275-1960-7787-2472,0,0,0,0,0,0,0,1,0
ERUT1A634_7275-2472-7787-2984,0,0,0,0,0,0,0,1,0
ERUT1A634_7787-2472-8299-2984,0,0,0,0,0,0,0,1,0
ERUT1A634_7413-6989-7925-7501,0,0,0,0,0,0,0,1,0
ERUT1A634_7787-1960-8299-2472,0,0,0,0,0,0,0,1,0
ERUT1A634_7413-7501-7925-8013,0,0,0,0,0,0,0,1,0
ERVT8T7KH_1003-8153-1515-8665,0,0,0,0,0,0,0,0,1
ERVT8T7KH_1662-521-2174-1033,0,0,0,0,0,0,0,0,1
ERUT1A634_8299-2472-8811-2984,0,0,0,0,0,0,0,1,0
ERVT8T7KH_691-8413-1203-8925,0,0,0,0,0,0,0,0,1
ET144KGNX_1750-1037-2262-1549,0,1,0,0,0,0,0,0,0
ET144KGNX_1750-1549-2262-2061,0,1,0,0,0,0,0,0,0
ET144KGNX_2060-1132-2572-1644,0,1,0,0,0,0,0,0,0
ET144KGNX_2060-2668-2572-3180,0,1,0,0,0,0,0,0,0
ET144KGNX_2060-1644-2572-2156,0,1,0,0,0,0,0,0,0
ET144KGNX_2335-2216-2847-2728,0,1,0,0,0,0,0,0,0
ET144KGNX_2060-2156-2572-2668,0,1,0,0,0,0,0,0,0
ET144KGNX_2335-1704-2847-2216,0,1,0,0,0,0,0,0,0
ET144KGNX_2543-1103-3055-1615,0,1,0,0,0,0,0,0,0
ET144KGNX_2859-989-3371-1501,0,1,0,0,0,0,0,0,0
ET144KGNX_2859-1501-3371-2013,0,1,0,0,0,0,0,0,0
ET9BWDA8U_2755-6509-3267-7021,0,0,0,0,0,0,1,0,0
ET9BWDA8U_4803-6509-5315-7021,0,0,0,0,0,0,1,0,0
ET9BWDA8U_3779-6509-4291-7021,0,0,0,0,0,0,1,0,0
ET9BWDA8U_1219-6509-1731-7021,0,0,0,0,0,0,1,0,0
ET9BWDA8U_1731-6509-2243-7021,0,0,0,0,0,0,1,0,0
ET9BWDA8U_2243-6509-2755-7021,0,0,0,0,0,0,1,0,0
ET9BWDA8U_4291-6509-4803-7021,0,0,0,0,0,0,1,0,0
ET9BWDA8U_3267-6509-3779-7021,0,0,0,0,0,0,1,0,0
ET9BWDA8U_5293-6825-5805-7337,0,0,0,0,0,0,1,0,0
ET9BWDA8U_5293-7337-5805-7849,0,0,0,0,0,0,1,0,0
ETAVHD4Z1_7341-5584-7853-6096,0,0,0,1,0,0,0,0,0
ETAVHD4Z1_8881-6753-9393-7265,0,0,0,1,0,0,0,0,0
EUMIMHJBM_1141-4307-1653-4819,0,0,1,0,0,0,0,0,0
ETYKXBJKD_5056-2810-5568-3322,0,0,0,0,0,1,0,0,0
ETAVHD4Z1_8369-6753-8881-7265,0,0,0,1,0,0,0,0,0
EUMIMHJBM_773-4417-1285-4929,0,0,1,0,0,0,0,0,0
EUMIMHJBM_873-4661-1385-5173,0,0,1,0,0,0,0,0,0
EV7W269CN_730-4510-1242-5022,0,0,0,0,0,0,0,0,1
EV7W269CN_1684-4695-2196-5207,0,0,0,0,0,0,0,0,1
EV7W269CN_1346-4072-1858-4584,0,0,0,0,0,0,0,0,1
EVBGKZLJG_2624-758-3136-1270,0,0,0,0,0,0,1,0,0
EVBGKZLJG_1268-7531-1780-8043,0,0,0,0,0,0,1,0,0
EVBGKZLJG_3088-1501-3600-2013,0,0,0,0,0,0,1,0,0
EVBGKZLJG_2689-1016-3201-1528,0,0,0,0,0,0,1,0,0
EVBGKZLJG_2689-1528-3201-2040,0,0,0,0,0,0,1,0,0
EVBGKZLJG_3201-2040-3713-2552,0,0,0,0,0,0,1,0,0
EVBGKZLJG_3712-2089-4224-2601,0,0,0,0,0,0,1,0,0
EW4YBGNG1_10197-10186-10709-10698,0,0,1,0,0,1,0,0,0
EW4YBGNG1_10181-4462-10693-4974,0,0,0,0,0,1,0,0,0
EVBGKZLJG_4059-2255-4571-2767,0,0,0,0,0,0,1,0,0
EW4YBGNG1_10472-7548-10984-8060,0,0,1,0,0,0,0,0,0
EVD2E8UAD_987-4268-1499-4780,0,0,0,0,0,0,0,0,1
EW4YBGNG1_10197-9674-10709-10186,0,0,0,0,0,1,0,0,0
EW4YBGNG1_10472-8060-10984-8572,0,0,1,0,0,0,0,0,0
EW4YBGNG1_10472-8572-10984-9084,0,0,1,0,0,0,0,0,0
EW4YBGNG1_10520-9865-11032-10377,0,0,1,0,0,1,0,0,0
EW4YBGNG1_10967-746-11479-1258,0,0,0,0,0,1,0,0,0
EW4YBGNG1_10709-10186-11221-10698,0,0,1,0,0,0,0,0,0
EW4YBGNG1_10541-630-11053-1142,0,0,0,0,0,1,0,0,0
EW4YBGNG1_11285-8078-11797-8590,0,0,0,0,0,1,0,0,0
EW4YBGNG1_10709-9674-11221-10186,0,0,0,0,0,1,0,0,0
EW4YBGNG1_11221-10186-11733-10698,0,0,1,0,0,0,0,0,0
EW4YBGNG1_11218-8362-11730-8874,0,0,0,0,0,1,0,0,0
EW4YBGNG1_11412-8642-11924-9154,0,0,0,0,0,1,0,0,0
EW4YBGNG1_11479-746-11991-1258,0,0,0,0,0,1,0,0,0
EW4YBGNG1_11733-10186-12245-10698,0,0,1,0,0,0,0,0,0
EW4YBGNG1_12245-10186-12757-10698,0,0,1,0,0,1,0,0,0
EW4YBGNG1_11733-9674-12245-10186,0,0,0,0,0,1,0,0,0
EW4YBGNG1_12245-9674-12757-10186,0,0,0,0,0,1,0,0,0
EW4YBGNG1_12232-6035-12744-6547,0,0,0,0,0,1,0,0,0
EW4YBGNG1_11856-790-12368-1302,0,0,0,0,0,1,0,0,0
EW4YBGNG1_15066-786-15578-1298,0,0,0,0,0,1,0,0,0
EW4YBGNG1_15578-786-16090-1298,0,0,0,0,0,1,0,0,0
EW4YBGNG1_1681-12586-2193-13098,0,0,0,0,1,0,0,0,0
EW4YBGNG1_15745-584-16257-1096,0,0,0,0,0,1,0,0,0
EW4YBGNG1_3073-12217-3585-12729,0,0,0,0,1,1,0,0,0
EW4YBGNG1_12608-9010-13120-9522,0,0,0,0,0,1,0,0,0
EW4YBGNG1_2193-12586-2705-13098,0,0,0,0,1,1,0,0,0
EW4YBGNG1_13702-690-14214-1202,0,0,0,0,0,1,0,0,0
EW4YBGNG1_2445-12325-2957-12837,0,0,0,0,1,1,0,0,0
EW4YBGNG1_13162-5472-13674-5984,0,0,0,0,0,1,0,0,1
EW4YBGNG1_3410-12591-3922-13103,0,0,0,0,1,0,0,0,0
EW4YBGNG1_3524-11521-4036-12033,0,0,0,0,1,1,0,0,0
EW4YBGNG1_8716-3993-9228-4505,0,0,0,0,0,1,0,0,0
EW4YBGNG1_4036-11521-4548-12033,0,0,0,0,1,1,0,0,0
EW4YBGNG1_3524-12033-4036-12545,0,0,0,0,1,1,0,0,0
EW4YBGNG1_8360-10198-8872-10710,0,0,1,0,0,0,0,0,0
EW4YBGNG1_7848-10198-8360-10710,0,0,1,0,0,0,0,0,0
EW4YBGNG1_5611-9714-6123-10226,0,0,0,0,0,1,0,0,0
EW4YBGNG1_9384-10198-9896-10710,0,0,1,0,0,1,0,0,0
EW4YBGNG1_9997-7215-10509-7727,0,0,0,0,0,0,0,0,1
EW4YBGNG1_9017-12565-9529-13077,0,0,0,0,0,1,0,0,0
EW4YBGNG1_9960-8572-10472-9084,0,0,1,0,0,0,0,0,0
EW4YBGNG1_9338-4205-9850-4717,0,0,0,0,0,1,0,0,0
EW4YBGNG1_9714-4315-10226-4827,0,0,0,0,0,1,0,0,0
EW4YBGNG1_9960-8060-10472-8572,0,0,1,0,0,0,0,0,0
EW4YBGNG1_9068-10086-9580-10598,0,0,1,0,0,1,0,0,1
EW4YBGNG1_9960-9084-10472-9596,0,0,1,0,0,0,0,0,0
EW8VTBUDG_1154-715-1666-1227,0,0,1,0,1,1,0,0,0
EW8VTBUDG_1300-909-1812-1421,0,0,1,0,1,1,0,0,0
EW8VTBUDG_1602-9355-2114-9867,0,0,0,0,1,1,0,0,0
EW8VTBUDG_1666-715-2178-1227,0,0,0,0,1,1,0,0,0
EW8VTBUDG_2114-9355-2626-9867,0,0,0,0,1,1,0,0,0
EW8VTBUDG_2178-715-2690-1227,0,0,0,0,1,1,0,0,0
EW8VTBUDG_3138-9355-3650-9867,0,0,0,0,1,1,0,0,0
EW8VTBUDG_2626-9355-3138-9867,0,0,0,0,1,1,0,0,0
EW8VTBUDG_2862-712-3374-1224,0,0,0,0,1,1,0,0,0
EW8VTBUDG_3650-9355-4162-9867,0,0,0,0,1,1,0,0,0
EW8VTBUDG_4489-991-5001-1503,0,0,0,0,1,1,0,0,0
EW8VTBUDG_3714-715-4226-1227,0,0,1,0,1,1,0,0,0
EW8VTBUDG_893-9442-1405-9954,0,0,0,0,0,1,0,0,0
EW8VTBUDG_4427-9533-4939-10045,0,0,1,0,0,1,0,0,0
EW8VTBUDG_700-8897-1212-9409,0,0,0,0,0,1,0,0,0
EW8VTBUDG_3374-712-3886-1224,0,0,0,0,1,1,0,0,0
EWBIEFDP2_11549-19802-12061-20314,0,0,0,0,0,0,0,0,1
EW8VTBUDG_4226-715-4738-1227,0,0,0,0,1,1,0,0,0
EW8VTBUDG_4023-9377-4535-9889,0,0,1,0,1,1,0,0,0
EWBIEFDP2_12055-17707-12567-18219,0,0,0,0,0,0,0,0,1
EWBIEFDP2_12403-15737-12915-16249,0,0,0,0,0,0,0,0,1
EWBIEFDP2_12360-17105-12872-17617,0,0,0,0,0,0,0,0,1
EWBIEFDP2_12307-17482-12819-17994,0,0,0,0,0,0,0,0,1
EWBIEFDP2_2908-1404-3420-1916,0,0,0,0,0,0,0,0,1
EWBIEFDP2_1861-1365-2373-1877,0,0,0,0,0,0,0,0,1
EWBIEFDP2_2749-1649-3261-2161,0,0,0,0,0,0,0,0,1
EWBIEFDP2_2393-1691-2905-2203,0,0,0,0,0,0,0,0,1
EX218LZ1R_1578-1330-2090-1842,0,0,1,0,0,0,0,0,0
EX218LZ1R_1096-2345-1608-2857,0,0,1,0,0,0,0,0,0
EX218LZ1R_1741-1540-2253-2052,0,0,1,0,0,0,0,0,0
EWBIEFDP2_9326-12904-9838-13416,0,0,0,0,0,0,0,0,1
EX218LZ1R_1564-2456-2076-2968,0,0,1,0,0,0,0,0,0
EX218LZ1R_2076-2456-2588-2968,0,0,1,0,0,0,0,0,0
EX218LZ1R_1229-2052-1741-2564,0,0,1,0,0,0,0,0,0
EX218LZ1R_1741-2052-2253-2564,0,0,1,0,0,0,0,0,0
EX218LZ1R_2184-1999-2696-2511,0,0,1,0,0,0,0,0,0
EX218LZ1R_2588-2456-3100-2968,0,0,1,0,0,0,0,0,0
EXHQ8CU4B_10162-6627-10674-7139,0,1,0,0,0,0,0,0,0
EX218LZ1R_2696-1999-3208-2511,0,0,1,0,0,0,0,0,0
EX218LZ1R_328-2035-840-2547,0,0,1,0,0,0,0,0,0
EX218LZ1R_3100-2456-3612-2968,0,0,1,0,0,0,0,0,0
EX218LZ1R_2904-1138-3416-1650,0,0,1,0,0,0,0,0,0
EXHQ8CU4B_10162-7139-10674-7651,0,1,0,0,0,0,0,0,0
EX218LZ1R_840-2035-1352-2547,0,0,1,0,0,0,0,0,0
EXHQ8CU4B_10379-1265-10891-1777,0,1,0,0,0,0,0,0,0
EXHQ8CU4B_10431-5729-10943-6241,0,1,0,0,0,0,0,0,0
EXHQ8CU4B_10891-1265-11403-1777,0,1,0,0,0,0,0,0,0
EXHQ8CU4B_10943-5217-11455-5729,0,1,0,0,0,0,0,0,0
EXHQ8CU4B_10379-753-10891-1265,0,1,0,0,0,0,0,0,0
EXHQ8CU4B_10943-1633-11455-2145,0,1,0,0,0,0,0,0,0
EXHQ8CU4B_10379-1777-10891-2289,0,1,0,0,0,0,0,0,0
EXHQ8CU4B_10891-753-11403-1265,0,1,0,0,0,0,0,0,0
EXHQ8CU4B_10431-2145-10943-2657,0,1,0,0,0,0,0,0,0
EXHQ8CU4B_10943-2145-11455-2657,0,1,0,0,0,0,0,0,0
EXHQ8CU4B_10943-5729-11455-6241,0,1,0,0,0,0,0,0,0
EXHQ8CU4B_11403-1265-11915-1777,0,1,0,0,0,0,0,0,0
EXHQ8CU4B_11455-2145-11967-2657,0,1,0,0,0,0,0,0,0
EXHQ8CU4B_11403-1777-11915-2289,0,1,0,0,0,0,0,0,0
EXHQ8CU4B_11455-2657-11967-3169,0,1,0,0,0,0,0,0,0
EXHQ8CU4B_11403-753-11915-1265,0,1,0,0,0,0,0,0,0
EXHQ8CU4B_11084-7044-11596-7556,0,1,0,0,0,0,0,0,0
EXHQ8CU4B_11455-5729-11967-6241,0,1,0,0,0,0,0,0,0
EXHQ8CU4B_11596-6532-12108-7044,0,1,0,0,0,0,0,0,0
EXHQ8CU4B_11915-1265-12427-1777,0,1,0,0,0,0,0,0,0
EXHQ8CU4B_11915-1777-12427-2289,0,1,0,0,0,0,0,0,0
EXHQ8CU4B_11967-2657-12479-3169,0,1,0,0,0,0,0,0,0
EXHQ8CU4B_11967-2145-12479-2657,0,1,0,0,0,0,0,0,0
EXHQ8CU4B_11596-7044-12108-7556,0,1,0,0,0,0,0,0,0
EXHQ8CU4B_11967-3169-12479-3681,0,1,0,0,0,0,0,0,0
EXHQ8CU4B_11967-5729-12479-6241,0,1,0,0,0,0,0,0,0
EXHQ8CU4B_11915-753-12427-1265,0,1,0,0,0,0,0,0,0
EXHQ8CU4B_11967-6241-12479-6753,0,1,0,0,0,0,0,0,0
EXHQ8CU4B_12091-7412-12603-7924,0,1,0,0,0,0,0,0,0
EXHQ8CU4B_12091-7924-12603-8436,0,1,0,0,0,0,0,0,0
EXHQ8CU4B_12108-6532-12620-7044,0,1,0,0,0,0,0,0,0
EXHQ8CU4B_12108-7044-12620-7556,0,1,0,0,0,0,0,0,0
EXHQ8CU4B_12479-3169-12991-3681,0,1,0,0,0,0,0,0,0
EXHQ8CU4B_12479-6241-12991-6753,0,1,0,0,0,0,0,0,0
EXHQ8CU4B_12479-3681-12991-4193,0,1,0,0,0,0,0,0,0
EXHQ8CU4B_12479-5729-12991-6241,0,1,0,0,0,0,0,0,0
EXHQ8CU4B_12603-7412-13115-7924,0,1,0,0,0,0,0,0,0
EXHQ8CU4B_12991-3681-13503-4193,0,1,0,0,0,0,0,0,0
EXHQ8CU4B_12620-7044-13132-7556,0,1,0,0,0,0,0,0,0
EXHQ8CU4B_12844-1225-13356-1737,0,1,0,0,0,0,0,0,0
EXHQ8CU4B_12991-1633-13503-2145,0,1,0,0,0,0,0,0,0
EXHQ8CU4B_12991-2145-13503-2657,0,1,0,0,0,0,0,0,0
EXHQ8CU4B_12991-5729-13503-6241,0,1,0,0,0,0,0,0,0
EXHQ8CU4B_12603-7924-13115-8436,0,1,0,0,0,0,0,0,0
EXHQ8CU4B_12844-713-13356-1225,0,1,0,0,0,0,0,0,0
EXHQ8CU4B_13115-7412-13627-7924,0,1,0,0,0,0,0,0,0
EXHQ8CU4B_13115-7924-13627-8436,0,1,0,0,0,0,0,0,0
EXHQ8CU4B_13356-1225-13868-1737,0,1,0,0,0,0,0,0,0
EXHQ8CU4B_13356-1737-13868-2249,0,1,0,0,0,0,0,0,0
EXHQ8CU4B_13503-2145-14015-2657,0,1,0,0,0,0,0,0,0
EXHQ8CU4B_13356-713-13868-1225,0,1,0,0,0,0,0,0,0
EXHQ8CU4B_13503-5729-14015-6241,0,1,0,0,0,0,0,0,0
EXHQ8CU4B_13503-5217-14015-5729,0,1,0,0,0,0,0,0,0
EXHQ8CU4B_13503-4705-14015-5217,0,1,0,0,0,0,0,0,0
EXHQ8CU4B_13503-3681-14015-4193,0,1,0,0,0,0,0,0,0
EXHQ8CU4B_13868-2249-14380-2761,0,1,0,0,0,0,0,0,0
EXHQ8CU4B_13868-1737-14380-2249,0,1,0,0,0,0,0,0,0
EXHQ8CU4B_13609-7639-14121-8151,0,1,0,0,0,0,0,0,0
EXHQ8CU4B_14015-4705-14527-5217,0,1,0,0,0,0,0,0,0
EXHQ8CU4B_14015-4193-14527-4705,0,1,0,0,0,0,0,0,0
EXHQ8CU4B_13868-1225-14380-1737,0,1,0,0,0,0,0,0,0
EXHQ8CU4B_13970-727-14482-1239,0,1,0,0,0,0,0,0,0
EXHQ8CU4B_14015-5217-14527-5729,0,1,0,0,0,0,0,0,0
EXHQ8CU4B_14015-5729-14527-6241,0,1,0,0,0,0,0,0,0
EXHQ8CU4B_14139-1761-14651-2273,0,1,0,0,0,0,0,0,0
EXHQ8CU4B_14139-3297-14651-3809,0,1,0,0,0,0,0,0,0
EXHQ8CU4B_14139-2785-14651-3297,0,1,0,0,0,0,0,0,0
EXHQ8CU4B_14651-2273-15163-2785,0,1,0,0,0,0,0,0,0
EXHQ8CU4B_14651-3297-15163-3809,0,1,0,0,0,0,0,0,0
EXHQ8CU4B_14482-727-14994-1239,0,1,0,0,0,0,0,0,0
EXHQ8CU4B_14482-1239-14994-1751,0,1,0,0,0,0,0,0,0
EXHQ8CU4B_14651-1761-15163-2273,0,1,0,0,0,0,0,0,0
EXHQ8CU4B_14651-2785-15163-3297,0,1,0,0,0,0,0,0,0
EXHQ8CU4B_14994-727-15506-1239,0,1,0,0,0,0,0,0,0
EXHQ8CU4B_15163-1761-15675-2273,0,1,0,0,0,0,0,0,0
EXHQ8CU4B_14994-1239-15506-1751,0,1,0,0,0,0,0,0,0
EXHQ8CU4B_15163-2785-15675-3297,0,1,0,0,0,0,0,0,0
EXHQ8CU4B_15163-2273-15675-2785,0,1,0,0,0,0,0,0,0
EXHQ8CU4B_7359-2145-7871-2657,0,1,0,0,0,0,0,0,0
EXHQ8CU4B_15163-3297-15675-3809,0,1,0,0,0,0,0,0,0
EXHQ8CU4B_7359-3681-7871-4193,0,1,0,0,0,0,0,0,0
EXHQ8CU4B_7359-4193-7871-4705,0,1,0,0,0,0,0,0,0
EXHQ8CU4B_7871-2145-8383-2657,0,1,0,0,0,0,0,0,0
EXHQ8CU4B_7359-5217-7871-5729,0,1,0,0,0,0,0,0,0
EXHQ8CU4B_7359-4705-7871-5217,0,1,0,0,0,0,0,0,0
EXHQ8CU4B_7871-4193-8383-4705,0,1,0,0,0,0,0,0,0
EXHQ8CU4B_7871-3169-8383-3681,0,1,0,0,0,0,0,0,0
EXHQ8CU4B_7871-3681-8383-4193,0,1,0,0,0,0,0,0,0
EXHQ8CU4B_7871-5217-8383-5729,0,1,0,0,0,0,0,0,0
EXHQ8CU4B_8114-7139-8626-7651,0,1,0,0,0,0,0,0,0
EXHQ8CU4B_8114-7651-8626-8163,0,1,0,0,0,0,0,0,0
EXHQ8CU4B_8383-5217-8895-5729,0,1,0,0,0,0,0,0,0
EXHQ8CU4B_8383-2145-8895-2657,0,1,0,0,0,0,0,0,0
EXHQ8CU4B_8383-5729-8895-6241,0,1,0,0,0,0,0,0,0
EXHQ8CU4B_8383-1633-8895-2145,0,1,0,0,0,0,0,0,0
EXHQ8CU4B_8383-3169-8895-3681,0,1,0,0,0,0,0,0,0
EXHQ8CU4B_8383-2657-8895-3169,0,1,0,0,0,0,0,0,0
EXHQ8CU4B_8383-6241-8895-6753,0,1,0,0,0,0,0,0,0
EXHQ8CU4B_8626-6627-9138-7139,0,1,0,0,0,0,0,0,0
EXHQ8CU4B_8895-1633-9407-2145,0,1,0,0,0,0,0,0,0
EXHQ8CU4B_8626-7651-9138-8163,0,1,0,0,0,0,0,0,0
EXHQ8CU4B_8626-7139-9138-7651,0,1,0,0,0,0,0,0,0
EXHQ8CU4B_8895-5217-9407-5729,0,1,0,0,0,0,0,0,0
EXHQ8CU4B_9138-6627-9650-7139,0,1,0,0,0,0,0,0,0
EXHQ8CU4B_8895-5729-9407-6241,0,1,0,0,0,0,0,0,0
EXHQ8CU4B_9138-7139-9650-7651,0,1,0,0,0,0,0,0,0
EXHQ8CU4B_8895-6241-9407-6753,0,1,0,0,0,0,0,0,0
EXHQ8CU4B_9138-7651-9650-8163,0,1,0,0,0,0,0,0,0
EXHQ8CU4B_9650-6627-10162-7139,0,1,0,0,0,0,0,0,0
EXHQ8CU4B_9407-2145-9919-2657,0,1,0,0,0,0,0,0,0
EXHQ8CU4B_9867-753-10379-1265,0,1,0,0,0,0,0,0,0
EXHQ8CU4B_9867-1265-10379-1777,0,1,0,0,0,0,0,0,0
EXHQ8CU4B_9650-7139-10162-7651,0,1,0,0,0,0,0,0,0
EXHQ8CU4B_9919-1633-10431-2145,0,1,0,0,0,0,0,0,0
EXHQ8CU4B_9919-2145-10431-2657,0,1,0,0,0,0,0,0,0
EXHQ8CU4B_9407-6241-9919-6753,0,1,0,0,0,0,0,0,0
EXWWJX1N1_1869-6564-2381-7076,0,0,1,0,0,0,0,0,0
EXHQ8CU4B_9919-6241-10431-6753,0,1,0,0,0,0,0,0,0
EXWWJX1N1_1458-6993-1970-7505,0,0,1,0,0,0,0,0,0
EXWWJX1N1_2183-8103-2695-8615,0,0,1,0,0,0,0,0,0
EXWWJX1N1_2367-7504-2879-8016,0,0,1,0,0,0,0,0,0
EXWWJX1N1_2879-7504-3391-8016,0,0,1,0,0,0,0,0,0
EXWWJX1N1_2468-8112-2980-8624,0,0,1,0,0,0,0,0,0
EXWWJX1N1_3408-7774-3920-8286,0,0,1,0,0,0,0,0,0
EXWWJX1N1_3408-7262-3920-7774,0,0,1,0,0,0,0,0,0
EXWWJX1N1_2896-7774-3408-8286,0,0,1,0,0,0,0,0,0
EY8AIB4NL_4885-8098-5397-8610,0,1,0,0,0,0,0,0,0
EY8AIB4NL_5397-8098-5909-8610,0,1,0,0,0,0,0,0,0
EY8AIB4NL_2709-2289-3221-2801,0,1,0,0,0,0,0,0,0
EY8AIB4NL_1778-2704-2290-3216,0,1,0,0,0,0,0,0,0
EY8AIB4NL_4373-8098-4885-8610,0,1,0,0,0,0,0,0,0
EY8AIB4NL_2290-2704-2802-3216,0,1,0,0,0,0,0,0,0
EY8AIB4NL_2197-2289-2709-2801,0,1,0,0,0,0,0,0,0
EY8AIB4NL_2722-1680-3234-2192,0,1,0,0,0,0,0,0,0
EY9NRUUVD_5018-4455-5530-4967,0,1,0,0,0,0,0,0,0
EY8AIB4NL_886-8062-1398-8574,0,1,0,0,0,0,0,0,0
EY8AIB4NL_672-643-1184-1155,0,1,0,0,0,0,0,0,0
EY9NRUUVD_6036-4528-6548-5040,0,1,0,0,0,0,0,0,0
EY9NRUUVD_6508-4494-7020-5006,0,1,0,0,0,0,0,0,0
EYNHE2I4Q_2944-2173-3456-2685,0,1,0,0,0,0,0,0,0
EYNHE2I4Q_2944-2685-3456-3197,0,1,0,0,0,0,0,0,0
EYNHE2I4Q_3456-2173-3968-2685,0,1,0,0,0,0,0,0,0
EYNHE2I4Q_3843-1389-4355-1901,0,1,0,0,0,0,0,0,0
EYNHE2I4Q_3623-1086-4135-1598,0,1,0,0,0,0,0,0,0
EYNHE2I4Q_3658-1702-4170-2214,0,1,0,0,0,0,0,0,0
EYNHE2I4Q_3456-2685-3968-3197,0,1,0,0,0,0,0,0,0
EYNHE2I4Q_4286-1513-4798-2025,0,1,0,0,0,0,0,0,0
EZ4BZ8A21_1440-1243-1952-1755,0,0,0,0,0,0,0,1,0
EYNHE2I4Q_4286-2025-4798-2537,0,1,0,0,0,0,0,0,0
EYNHE2I4Q_4798-2025-5310-2537,0,1,0,0,0,0,0,0,0
EYNHE2I4Q_4798-1513-5310-2025,0,1,0,0,0,0,0,0,1
EZ4BZ8A21_2044-1010-2556-1522,0,0,0,0,0,0,0,1,0
EZ4BZ8A21_2364-772-2876-1284,0,0,0,0,0,0,0,1,0
EZ4BZ8A21_2149-1920-2661-2432,0,0,0,0,0,0,0,1,0
EZ4BZ8A21_2385-1727-2897-2239,0,0,0,0,0,0,0,1,0
EZ4BZ8A21_2732-1725-3244-2237,0,0,0,0,0,0,0,1,0
EZ4BZ8A21_3287-775-3799-1287,0,0,0,0,0,0,0,1,0
EZ4BZ8A21_2887-765-3399-1277,0,0,0,0,0,0,0,1,0
EZYVD9VAU_10049-1986-10561-2498,0,1,0,0,0,0,0,0,0
EZYVD9VAU_10270-3967-10782-4479,0,1,0,0,0,0,0,0,0
EZYVD9VAU_10049-1474-10561-1986,0,1,0,0,0,0,0,0,0
EZYVD9VAU_10049-2498-10561-3010,0,1,0,0,0,0,0,0,0
EZYVD9VAU_10049-962-10561-1474,0,1,0,0,0,0,0,0,0
EZYVD9VAU_1241-1883-1753-2395,0,1,0,0,0,0,0,0,0
EZYVD9VAU_1241-2907-1753-3419,0,1,0,0,0,0,0,0,0
EZYVD9VAU_1110-3670-1622-4182,0,1,0,0,0,0,0,0,0
EZ4BZ8A21_3809-627-4321-1139,0,0,0,0,0,0,0,1,0
EZYVD9VAU_1241-2395-1753-2907,0,1,0,0,0,0,0,0,0
EZYVD9VAU_1241-3419-1753-3931,0,1,0,0,0,0,0,0,0
EZYVD9VAU_1255-1159-1767-1671,0,1,0,0,0,0,0,0,0
EZYVD9VAU_1255-647-1767-1159,0,1,0,0,0,0,0,0,0
EZYVD9VAU_1314-4088-1826-4600,0,1,0,0,0,0,0,0,0
EZYVD9VAU_1753-3419-2265-3931,0,1,0,0,0,0,0,0,0
EZYVD9VAU_1767-1159-2279-1671,0,1,0,0,0,0,0,0,0
EZYVD9VAU_1753-2907-2265-3419,0,1,0,0,0,0,0,0,0
EZYVD9VAU_1826-4088-2338-4600,0,1,0,0,0,0,0,0,0
EZYVD9VAU_2019-3766-2531-4278,0,1,0,0,0,0,0,0,0
EZYVD9VAU_2279-1159-2791-1671,0,1,0,0,0,0,0,0,0
EZYVD9VAU_1767-647-2279-1159,0,1,0,0,0,0,0,0,0
EZYVD9VAU_2019-3254-2531-3766,0,1,0,0,0,0,0,0,0
EZYVD9VAU_2531-3254-3043-3766,0,1,0,0,0,0,0,0,0
EZYVD9VAU_2759-4167-3271-4679,0,1,0,0,0,0,0,0,0
EZYVD9VAU_2918-2855-3430-3367,0,1,0,0,0,0,0,0,0
EZYVD9VAU_2918-2343-3430-2855,0,1,0,0,0,0,0,0,0
EZYVD9VAU_2279-647-2791-1159,0,1,0,0,0,0,0,0,0
EZYVD9VAU_2918-1831-3430-2343,0,1,0,0,0,0,0,0,0
EZYVD9VAU_2531-3766-3043-4278,0,1,0,0,0,0,0,0,0
EZYVD9VAU_2759-3655-3271-4167,0,1,0,0,0,0,0,0,0
EZYVD9VAU_3254-1072-3766-1584,0,1,0,0,0,0,0,0,0
EZYVD9VAU_3254-560-3766-1072,0,1,0,0,0,0,0,0,0
EZYVD9VAU_3254-1584-3766-2096,0,1,0,0,0,0,0,0,0
EZYVD9VAU_3609-3066-4121-3578,0,1,0,0,0,0,0,0,0
EZYVD9VAU_3783-4167-4295-4679,0,1,0,0,0,0,0,0,0
EZYVD9VAU_3766-1584-4278-2096,0,1,0,0,0,0,0,0,0
EZYVD9VAU_3271-4167-3783-4679,0,1,0,0,0,0,0,0,0
EZYVD9VAU_3783-3655-4295-4167,0,1,0,0,0,0,0,0,0
EZYVD9VAU_4121-3066-4633-3578,0,1,0,0,0,0,0,0,0
EZYVD9VAU_4278-1072-4790-1584,0,1,0,0,0,0,0,0,0
EZYVD9VAU_3766-560-4278-1072,0,1,0,0,0,0,0,0,0
EZYVD9VAU_4404-2301-4916-2813,0,1,0,0,0,0,0,0,0
EZYVD9VAU_4295-4167-4807-4679,0,1,0,0,0,0,0,0,0
EZYVD9VAU_4404-3325-4916-3837,0,1,0,0,0,0,0,0,0
EZYVD9VAU_4121-3578-4633-4090,0,1,0,0,0,0,0,0,0
EZYVD9VAU_3766-1072-4278-1584,0,1,0,0,0,0,0,0,0
EZYVD9VAU_4404-2813-4916-3325,0,1,0,0,0,0,0,0,0
EZYVD9VAU_4278-1584-4790-2096,0,1,0,0,0,0,0,0,0
EZYVD9VAU_4675-1528-5187-2040,0,1,0,0,0,0,0,0,0
EZYVD9VAU_4675-2040-5187-2552,0,1,0,0,0,0,0,0,0
EZYVD9VAU_4807-3655-5319-4167,0,1,0,0,0,0,0,0,0
EZYVD9VAU_4807-4167-5319-4679,0,1,0,0,0,0,0,0,0
EZYVD9VAU_4916-2813-5428-3325,0,1,0,0,0,0,0,0,0
EZYVD9VAU_5081-1269-5593-1781,0,1,0,0,0,0,0,0,0
EZYVD9VAU_4916-2301-5428-2813,0,1,0,0,0,0,0,0,0
EZYVD9VAU_5709-2955-6221-3467,0,1,0,0,0,0,0,0,0
EZYVD9VAU_5108-2976-5620-3488,0,1,0,0,0,0,0,0,0
EZYVD9VAU_5709-3467-6221-3979,0,1,0,0,0,0,0,0,0
EZYVD9VAU_5187-2040-5699-2552,0,1,0,0,0,0,0,0,0
EZYVD9VAU_5108-2464-5620-2976,0,1,0,0,0,0,0,0,0
EZYVD9VAU_5709-3979-6221-4491,0,1,0,0,0,0,0,0,0
EZYVD9VAU_5593-1269-6105-1781,0,1,0,0,0,0,0,0,0
EZYVD9VAU_5593-757-6105-1269,0,1,0,0,0,0,0,0,0
EZYVD9VAU_5620-2464-6132-2976,0,1,0,0,0,0,0,0,0
EZYVD9VAU_5081-757-5593-1269,0,1,0,0,0,0,0,0,0
EZYVD9VAU_5187-1528-5699-2040,0,1,0,0,0,0,0,0,0
EZYVD9VAU_598-4182-1110-4694,0,1,0,0,0,0,0,0,0
EZYVD9VAU_598-3670-1110-4182,0,1,0,0,0,0,0,0,0
EZYVD9VAU_6089-1416-6601-1928,0,1,0,0,0,0,0,0,0
EZYVD9VAU_6089-1928-6601-2440,0,1,0,0,0,0,0,0,0
EZYVD9VAU_6221-2955-6733-3467,0,1,0,0,0,0,0,0,0
EZYVD9VAU_6601-1416-7113-1928,0,1,0,0,0,0,0,0,0
EZYVD9VAU_6244-2257-6756-2769,0,1,0,0,0,0,0,0,0
EZYVD9VAU_6221-3979-6733-4491,0,1,0,0,0,0,0,0,0
EZYVD9VAU_6444-632-6956-1144,0,1,0,0,0,0,0,0,0
EZYVD9VAU_6616-2629-7128-3141,0,1,0,0,0,0,0,0,0
EZYVD9VAU_6729-591-7241-1103,0,1,0,0,0,0,0,0,0
EZYVD9VAU_668-1341-1180-1853,0,1,0,0,0,0,0,0,0
EZYVD9VAU_685-817-1197-1329,0,1,0,0,0,0,0,0,0
EZYVD9VAU_666-2399-1178-2911,0,1,0,0,0,0,0,0,0
EZYVD9VAU_6601-1928-7113-2440,0,1,0,0,0,0,0,0,0
EZYVD9VAU_6221-3467-6733-3979,0,1,0,0,0,0,0,0,0
EZYVD9VAU_666-2911-1178-3423,0,1,0,0,0,0,0,0,0
EZYVD9VAU_6444-1144-6956-1656,0,1,0,0,0,0,0,0,0
EZYVD9VAU_7031-2088-7543-2600,0,1,0,0,0,0,0,0,0
EZYVD9VAU_7031-552-7543-1064,0,1,0,0,0,0,0,0,0
EZYVD9VAU_7031-1064-7543-1576,0,1,0,0,0,0,0,0,0
EZYVD9VAU_7031-3112-7543-3624,0,1,0,0,0,0,0,0,0
EZYVD9VAU_7543-1576-8055-2088,0,1,0,0,0,0,0,0,0
EZYVD9VAU_7543-552-8055-1064,0,1,0,0,0,0,0,0,0
EZYVD9VAU_7031-2600-7543-3112,0,1,0,0,0,0,0,0,0
EZYVD9VAU_7031-1576-7543-2088,0,1,0,0,0,0,0,0,0
EZYVD9VAU_7543-2088-8055-2600,0,1,0,0,0,0,0,0,0
EZYVD9VAU_8331-1025-8843-1537,0,1,0,0,0,0,0,0,0
EZYVD9VAU_807-1664-1319-2176,0,1,0,0,0,0,0,0,0
EZYVD9VAU_7543-1064-8055-1576,0,1,0,0,0,0,0,0,0
EZYVD9VAU_7543-2600-8055-3112,0,1,0,0,0,0,0,0,0
EZYVD9VAU_8080-1984-8592-2496,0,1,0,0,0,0,0,0,0
EZYVD9VAU_8331-513-8843-1025,0,1,0,0,0,0,0,0,0
EZYVD9VAU_807-1152-1319-1664,0,1,0,0,0,0,0,0,0
EZYVD9VAU_8080-2496-8592-3008,0,1,0,0,0,0,0,0,0
EZYVD9VAU_8475-4053-8987-4565,0,1,0,0,0,0,0,0,0
EZYVD9VAU_8592-1472-9104-1984,0,1,0,0,0,0,0,0,0
EZYVD9VAU_8592-1984-9104-2496,0,1,0,0,0,0,0,0,0
EZYVD9VAU_8843-1025-9355-1537,0,1,0,0,0,0,0,0,0
EZYVD9VAU_9129-3907-9641-4419,0,1,0,0,0,0,0,0,0
EZYVD9VAU_9129-2883-9641-3395,0,1,0,0,0,0,0,0,0
EZYVD9VAU_9537-2498-10049-3010,0,1,0,0,0,0,0,0,0
EZYVD9VAU_9537-1986-10049-2498,0,1,0,0,0,0,0,0,0
EZYVD9VAU_9129-3395-9641-3907,0,1,0,0,0,0,0,0,0
EZYVD9VAU_8843-513-9355-1025,0,1,0,0,0,0,0,0,0
EZYVD9VAU_9641-3395-10153-3907,0,1,0,0,0,0,0,0,0
EZYVD9VAU_9641-2883-10153-3395,0,1,0,0,0,0,0,0,0
EZYVD9VAU_9456-671-9968-1183,0,1,0,0,0,0,0,0,0
EZYVD9VAU_8592-2496-9104-3008,0,1,0,0,0,0,0,0,0
EZYVD9VAU_9537-962-10049-1474,0,1,0,0,0,0,0,0,0
EZYVD9VAU_9641-3907-10153-4419,0,1,0,0,0,0,0,0,0
EZYVD9VAU_9968-671-10480-1183,0,1,0,0,0,0,0,0,0
F13IZ8LRD_10421-4625-10933-5137,0,1,0,0,0,0,0,0,0
F13IZ8LRD_10462-8557-10974-9069,0,1,0,0,0,0,0,0,0
F13IZ8LRD_1379-4819-1891-5331,0,1,0,0,0,0,0,0,0
F13IZ8LRD_1165-1941-1677-2453,0,1,0,0,0,0,0,0,0
F13IZ8LRD_12120-16619-12632-17131,0,1,0,0,0,0,0,0,0
F13IZ8LRD_10933-4625-11445-5137,0,1,0,0,0,0,0,0,0
F13IZ8LRD_10974-9069-11486-9581,0,1,0,0,0,0,0,0,0
F13IZ8LRD_1264-6532-1776-7044,0,1,0,0,0,0,0,0,0
F13IZ8LRD_1165-2453-1677-2965,0,1,0,0,0,0,0,0,0
F13IZ8LRD_1379-3283-1891-3795,0,1,0,0,0,0,0,0,0
F13IZ8LRD_11502-12464-12014-12976,0,1,0,0,0,0,0,0,0
F13IZ8LRD_12632-16619-13144-17131,0,1,0,0,0,0,0,0,0
F13IZ8LRD_10974-8557-11486-9069,0,1,0,0,0,0,0,0,0
F13IZ8LRD_1379-4307-1891-4819,0,1,0,0,0,0,0,0,0
F13IZ8LRD_1264-7044-1776-7556,0,1,0,0,0,0,0,0,0
F13IZ8LRD_1379-2771-1891-3283,0,1,0,0,0,0,0,0,0
F13IZ8LRD_1379-3795-1891-4307,0,1,0,0,0,0,0,0,0
F13IZ8LRD_13885-16567-14397-17079,0,1,0,0,0,0,0,0,0
F13IZ8LRD_1776-6532-2288-7044,0,1,0,0,0,0,0,0,0
F13IZ8LRD_1776-7044-2288-7556,0,1,0,0,0,0,0,0,0
F13IZ8LRD_2264-1130-2776-1642,0,1,0,0,0,0,0,0,0
F13IZ8LRD_2264-1642-2776-2154,0,1,0,0,0,0,0,0,0
F13IZ8LRD_1891-2771-2403-3283,0,1,0,0,0,0,0,0,0
F13IZ8LRD_2288-6532-2800-7044,0,1,0,0,0,0,0,0,0
F13IZ8LRD_2288-7044-2800-7556,0,1,0,0,0,0,0,0,0
F13IZ8LRD_2403-3283-2915-3795,0,1,0,0,0,0,0,0,0
F13IZ8LRD_1891-3283-2403-3795,0,1,0,0,0,0,0,0,0
F13IZ8LRD_2800-6532-3312-7044,0,1,0,0,0,0,0,0,0
F13IZ8LRD_2800-7044-3312-7556,0,1,0,0,0,0,0,0,0
F13IZ8LRD_2800-6020-3312-6532,0,1,0,0,0,0,0,0,0
F13IZ8LRD_2288-6020-2800-6532,0,1,0,0,0,0,0,0,0
F13IZ8LRD_2776-1642-3288-2154,0,1,0,0,0,0,0,0,0
F13IZ8LRD_2403-2771-2915-3283,0,1,0,0,0,0,0,0,0
F13IZ8LRD_3288-1130-3800-1642,0,1,0,0,0,0,0,0,0
F13IZ8LRD_2776-1130-3288-1642,0,1,0,0,0,0,0,0,0
F13IZ8LRD_3312-6532-3824-7044,0,1,0,0,0,0,0,0,0
F13IZ8LRD_3785-8400-4297-8912,0,1,0,0,0,0,0,0,0
F13IZ8LRD_3785-8912-4297-9424,0,1,0,0,0,0,0,0,0
F13IZ8LRD_4297-9424-4809-9936,0,1,0,0,0,0,0,0,0
F13IZ8LRD_3785-9424-4297-9936,0,1,0,0,0,0,0,0,0
F13IZ8LRD_3785-9936-4297-10448,0,1,0,0,0,0,0,0,0
F13IZ8LRD_3800-1130-4312-1642,0,1,0,0,0,0,0,0,0
F13IZ8LRD_3824-6532-4336-7044,0,1,0,0,0,0,0,0,0
F13IZ8LRD_3824-6020-4336-6532,0,1,0,0,0,0,0,0,0
F13IZ8LRD_4297-8912-4809-9424,0,1,0,0,0,0,0,0,0
F13IZ8LRD_4809-8400-5321-8912,0,1,0,0,0,0,0,0,0
F13IZ8LRD_4336-6020-4848-6532,0,1,0,0,0,0,0,0,0
F13IZ8LRD_4512-622-5024-1134,0,1,0,0,0,0,0,0,0
F13IZ8LRD_4297-8400-4809-8912,0,1,0,0,0,0,0,0,0
F13IZ8LRD_4297-9936-4809-10448,0,1,0,0,0,0,0,0,0
F13IZ8LRD_4809-8912-5321-9424,0,1,0,0,0,0,0,0,0
F13IZ8LRD_4000-622-4512-1134,0,1,0,0,0,0,0,0,0
F13IZ8LRD_4809-9936-5321-10448,0,1,0,0,0,0,0,0,0
F13IZ8LRD_5024-622-5536-1134,0,1,0,0,0,0,0,0,0
F13IZ8LRD_4848-6020-5360-6532,0,1,0,0,0,0,0,0,0
F13IZ8LRD_5321-8400-5833-8912,0,1,0,0,0,0,0,0,0
F13IZ8LRD_5360-6020-5872-6532,0,1,0,0,0,0,0,0,0
F13IZ8LRD_5321-8912-5833-9424,0,1,0,0,0,0,0,0,0
F13IZ8LRD_5360-7556-5872-8068,0,1,0,0,0,0,0,0,0
F13IZ8LRD_5321-9936-5833-10448,0,1,0,0,0,0,0,0,0
F13IZ8LRD_5833-9424-6345-9936,0,1,0,0,0,0,0,0,0
F13IZ8LRD_5536-622-6048-1134,0,1,0,0,0,0,0,0,0
F13IZ8LRD_5360-8068-5872-8580,0,1,0,0,0,0,0,0,0
F13IZ8LRD_5360-7044-5872-7556,0,1,0,0,0,0,0,0,0
F13IZ8LRD_5833-8400-6345-8912,0,1,0,0,0,0,0,0,0
F13IZ8LRD_5833-8912-6345-9424,0,1,0,0,0,0,0,0,0
F13IZ8LRD_5360-6532-5872-7044,0,1,0,0,0,0,0,0,0
F13IZ8LRD_5833-9936-6345-10448,0,1,0,0,0,0,0,0,0
F13IZ8LRD_5872-6532-6384-7044,0,1,0,0,0,0,0,0,0
F13IZ8LRD_5321-9424-5833-9936,0,1,0,0,0,0,0,0,0
F13IZ8LRD_5872-6020-6384-6532,0,1,0,0,0,0,0,0,0
F13IZ8LRD_6285-12578-6797-13090,0,1,0,0,0,0,0,0,0
F13IZ8LRD_5872-7044-6384-7556,0,1,0,0,0,0,0,0,0
F13IZ8LRD_653-2453-1165-2965,0,1,0,0,0,0,0,0,0
F13IZ8LRD_752-7044-1264-7556,0,1,0,0,0,0,0,0,0
F13IZ8LRD_7369-9424-7881-9936,0,1,0,0,0,0,0,0,0
F13IZ8LRD_653-1941-1165-2453,0,1,0,0,0,0,0,0,0
F13IZ8LRD_6345-8400-6857-8912,0,1,0,0,0,0,0,0,0
F13IZ8LRD_6345-8912-6857-9424,0,1,0,0,0,0,0,0,0
F13IZ8LRD_6857-9424-7369-9936,0,1,0,0,0,0,0,0,0
F13IZ8LRD_6384-6532-6896-7044,0,1,0,0,0,0,0,0,0
F13IZ8LRD_6797-12578-7309-13090,0,1,0,0,0,0,0,0,0
F13IZ8LRD_7369-8912-7881-9424,0,1,0,0,0,0,0,0,0
F13IZ8LRD_752-6532-1264-7044,0,1,0,0,0,0,0,0,0
F13IZ8LRD_7881-9936-8393-10448,0,1,0,0,0,0,0,0,0
F13IZ8LRD_7881-9424-8393-9936,0,1,0,0,0,0,0,0,0
F13IZ8LRD_6857-8912-7369-9424,0,1,0,0,0,0,0,0,0
F13IZ8LRD_6345-9424-6857-9936,0,1,0,0,0,0,0,0,0
F13IZ8LRD_867-2771-1379-3283,0,1,0,0,0,0,0,0,0
F13IZ8LRD_867-3795-1379-4307,0,1,0,0,0,0,0,0,0
F13IZ8LRD_867-3283-1379-3795,0,1,0,0,0,0,0,0,0
F13IZ8LRD_867-4819-1379-5331,0,1,0,0,0,0,0,0,0
F13IZ8LRD_867-4307-1379-4819,0,1,0,0,0,0,0,0,0
F1MIWKB23_3205-2786-3717-3298,0,0,0,0,0,0,1,0,0
F1MIWKB23_4412-452-4924-964,0,0,0,0,0,0,1,0,0
F1MIWKB23_3900-964-4412-1476,0,0,0,0,0,0,1,0,0
F1MIWKB23_3388-1476-3900-1988,0,0,0,0,0,0,1,0,0
F1MIWKB23_3205-2274-3717-2786,0,0,0,0,0,0,1,0,0
F1MIWKB23_3900-452-4412-964,0,0,0,0,0,0,1,0,0
F13IZ8LRD_9950-8557-10462-9069,0,1,0,0,0,0,0,0,0
F1MIWKB23_3388-964-3900-1476,0,0,0,0,0,0,1,0,0
F1MIWKB23_5800-3874-6312-4386,0,0,0,0,0,0,1,0,0
F1MIWKB23_6312-3874-6824-4386,0,0,0,0,0,0,1,0,0
F1MIWKB23_6824-3874-7336-4386,0,0,0,0,0,0,1,0,0
F1MIWKB23_5288-3874-5800-4386,0,0,0,0,0,0,1,0,0
F1MIWKB23_6824-3362-7336-3874,0,0,0,0,0,0,1,0,0
F1MIWKB23_7336-3362-7848-3874,0,0,0,0,0,0,1,0,0
F1WF9YBZH_1537-329-2049-841,1,0,0,0,0,0,0,0,0
F1WF9YBZH_1232-438-1744-950,1,0,0,0,0,0,0,0,0
F1WF9YBZH_1950-315-2462-827,1,0,0,0,0,0,0,0,0
F2I6FWYU6_10735-564-11247-1076,1,0,0,0,0,0,0,0,0
F1WF9YBZH_2334-450-2846-962,1,0,0,0,0,0,0,0,0
F2I6FWYU6_10735-1076-11247-1588,1,0,0,0,0,0,1,0,0
F2EHG1UUX_4641-821-5153-1333,0,0,0,1,0,0,0,0,0
F2I6FWYU6_10364-11654-10876-12166,1,0,0,0,0,0,0,0,0
F2I6FWYU6_10876-2438-11388-2950,1,0,0,0,0,0,0,0,0
F2EHG1UUX_1434-9850-1946-10362,0,0,0,1,0,0,0,0,0
F2EHG1UUX_4641-1333-5153-1845,0,0,0,1,0,0,0,0,0
F2I6FWYU6_10364-2950-10876-3462,1,0,0,0,0,0,1,0,0
F2I6FWYU6_10876-11654-11388-12166,1,0,0,0,0,0,0,0,0
F2I6FWYU6_10364-4998-10876-5510,1,0,0,0,0,0,1,0,0
F2I6FWYU6_10876-2950-11388-3462,1,0,0,0,0,0,1,0,0
F2I6FWYU6_10481-1031-10993-1543,1,0,0,0,0,0,1,0,0
F2I6FWYU6_10876-1414-11388-1926,1,0,0,0,0,0,1,0,0
F2I6FWYU6_10876-4998-11388-5510,1,0,0,0,0,0,1,0,0
F2I6FWYU6_10993-1031-11505-1543,1,0,0,0,0,0,1,0,0
F2I6FWYU6_11247-564-11759-1076,1,0,0,0,0,0,0,0,0
F2I6FWYU6_1148-2950-1660-3462,1,0,0,0,0,0,0,0,0
F2I6FWYU6_11388-11654-11900-12166,1,0,0,0,0,0,0,0,0
F2I6FWYU6_11388-1414-11900-1926,1,0,0,0,0,0,0,0,0
F2I6FWYU6_1148-16917-1660-17429,1,0,0,0,0,0,0,0,0
F2I6FWYU6_11388-1926-11900-2438,1,0,0,0,0,0,0,0,0
F2I6FWYU6_1148-902-1660-1414,1,0,0,0,0,0,0,0,0
F2I6FWYU6_11388-902-11900-1414,1,0,0,0,0,0,0,0,0
F2I6FWYU6_11388-4998-11900-5510,1,0,0,0,0,0,1,0,0
F2I6FWYU6_11900-11654-12412-12166,1,0,0,0,0,0,0,0,0
F2I6FWYU6_1148-11797-1660-12309,1,0,0,0,0,0,0,0,0
F2I6FWYU6_1148-1926-1660-2438,1,0,0,0,0,0,0,0,0
F2I6FWYU6_1148-7046-1660-7558,1,0,0,0,0,0,0,0,0
F2I6FWYU6_1148-6534-1660-7046,1,0,0,0,0,0,0,0,0
F2I6FWYU6_11759-564-12271-1076,1,0,0,0,0,0,0,0,0
F2I6FWYU6_11900-1926-12412-2438,1,0,0,0,0,0,0,0,0
F2I6FWYU6_11900-2438-12412-2950,1,0,0,0,0,0,0,0,0
F2I6FWYU6_11900-3974-12412-4486,1,0,0,0,0,0,0,0,0
F2I6FWYU6_11900-2950-12412-3462,1,0,0,0,0,0,0,0,0
F2I6FWYU6_11900-902-12412-1414,1,0,0,0,0,0,0,0,0
F2I6FWYU6_12236-2489-12748-3001,1,0,0,0,0,0,0,0,0
F2I6FWYU6_11900-4486-12412-4998,1,0,0,0,0,0,1,0,0
F2I6FWYU6_12236-3001-12748-3513,1,0,0,0,0,0,0,0,0
F2I6FWYU6_11900-4998-12412-5510,1,0,0,0,0,0,1,0,0
F2I6FWYU6_12412-1926-12924-2438,1,0,0,0,0,0,0,0,0
F2I6FWYU6_12236-5049-12748-5561,1,0,0,0,0,0,0,0,0
F2I6FWYU6_12412-11654-12924-12166,1,0,0,0,0,0,0,0,0
F2I6FWYU6_12748-1977-13260-2489,1,0,0,0,0,0,0,0,0
F2I6FWYU6_12412-3462-12924-3974,1,0,0,0,0,0,0,0,0
F2I6FWYU6_12748-3513-13260-4025,1,0,0,0,0,0,0,0,0
F2I6FWYU6_12236-4537-12748-5049,1,0,0,0,0,0,1,0,0
F2I6FWYU6_12422-645-12934-1157,1,0,0,0,0,0,1,0,0
F2I6FWYU6_12422-1157-12934-1669,1,0,0,0,0,0,1,0,0
F2I6FWYU6_12748-5049-13260-5561,1,0,0,0,0,0,0,0,0
F2I6FWYU6_12748-5561-13260-6073,1,0,0,0,0,0,0,0,0
F2I6FWYU6_12924-11654-13436-12166,1,0,0,0,0,0,0,0,0
F2I6FWYU6_12924-3974-13436-4486,1,0,0,0,0,0,0,0,0
F2I6FWYU6_13260-4025-13772-4537,1,0,0,0,0,0,0,0,0
F2I6FWYU6_12934-1157-13446-1669,1,0,0,0,0,0,1,0,0
F2I6FWYU6_13260-6073-13772-6585,1,0,0,0,0,0,0,0,0
F2I6FWYU6_13260-5561-13772-6073,1,0,0,0,0,0,0,0,0
F2I6FWYU6_12934-645-13446-1157,1,0,0,0,0,0,0,0,0
F2I6FWYU6_13436-1926-13948-2438,1,0,0,0,0,0,0,0,0
F2I6FWYU6_13436-10630-13948-11142,1,0,0,0,0,0,0,0,0
F2I6FWYU6_13436-10118-13948-10630,1,0,0,0,0,0,0,0,0
F2I6FWYU6_12924-4486-13436-4998,1,0,0,0,0,0,0,0,0
F2I6FWYU6_13436-11142-13948-11654,1,0,0,0,0,0,0,0,0
F2I6FWYU6_13436-4486-13948-4998,1,0,0,0,0,0,0,0,0
F2I6FWYU6_13436-4998-13948-5510,1,0,0,0,0,0,0,0,0
F2I6FWYU6_13436-8070-13948-8582,1,0,0,0,0,0,0,0,0
F2I6FWYU6_13436-6534-13948-7046,1,0,0,0,0,0,0,0,0
F2I6FWYU6_13436-8582-13948-9094,1,0,0,0,0,0,1,0,0
F2I6FWYU6_13436-9094-13948-9606,1,0,0,0,0,0,0,0,0
F2I6FWYU6_13436-9606-13948-10118,1,0,0,0,0,0,1,0,0
F2I6FWYU6_13772-6073-14284-6585,1,0,0,0,0,0,0,0,0
F2I6FWYU6_13772-1977-14284-2489,1,0,0,0,0,0,0,0,0
F2I6FWYU6_14284-6073-14796-6585,1,0,0,0,0,0,0,0,0
F2I6FWYU6_13772-7609-14284-8121,1,0,0,0,0,0,0,0,0
F2I6FWYU6_13772-6585-14284-7097,1,0,0,0,0,0,0,0,0
F2I6FWYU6_13958-645-14470-1157,1,0,0,0,0,0,0,0,0
F2I6FWYU6_13772-7097-14284-7609,1,0,0,0,0,0,0,0,0
F2I6FWYU6_13446-645-13958-1157,1,0,0,0,0,0,0,0,0
F2I6FWYU6_13446-1157-13958-1669,1,0,0,0,0,0,1,0,0
F2I6FWYU6_14284-5561-14796-6073,1,0,0,0,0,0,0,0,0
F2I6FWYU6_13948-5510-14460-6022,1,0,0,0,0,0,0,0,0
F2I6FWYU6_13958-1157-14470-1669,1,0,0,0,0,0,1,0,0
F2I6FWYU6_13948-4998-14460-5510,1,0,0,0,0,0,0,0,0
F2I6FWYU6_14377-9003-14889-9515,1,0,0,0,0,0,0,0,0
F2I6FWYU6_14377-8491-14889-9003,1,0,0,0,0,0,0,0,0
F2I6FWYU6_14470-1157-14982-1669,1,0,0,0,0,0,1,0,0
F2I6FWYU6_14470-645-14982-1157,1,0,0,0,0,0,0,0,0
F2I6FWYU6_14796-6073-15308-6585,1,0,0,0,0,0,0,0,0
F2I6FWYU6_15308-4537-15820-5049,1,0,0,0,0,0,0,0,0
F2I6FWYU6_14796-7609-15308-8121,1,0,0,0,0,0,0,0,0
F2I6FWYU6_14796-6585-15308-7097,1,0,0,0,0,0,0,0,0
F2I6FWYU6_14889-7979-15401-8491,1,0,0,0,0,0,0,0,0
F2I6FWYU6_15308-2489-15820-3001,1,0,0,0,0,0,0,0,0
F2I6FWYU6_14846-9163-15358-9675,1,0,0,0,0,0,1,0,0
F2I6FWYU6_15308-1977-15820-2489,1,0,0,0,0,0,0,0,0
F2I6FWYU6_14982-645-15494-1157,1,0,0,0,0,0,0,0,0
F2I6FWYU6_15308-3001-15820-3513,1,0,0,0,0,0,0,0,0
F2I6FWYU6_15308-5561-15820-6073,1,0,0,0,0,0,0,0,0
F2I6FWYU6_14982-1157-15494-1669,1,0,0,0,0,0,1,0,0
F2I6FWYU6_15308-4025-15820-4537,1,0,0,0,0,0,0,0,0
F2I6FWYU6_15308-3513-15820-4025,1,0,0,0,0,0,0,0,0
F2I6FWYU6_15308-5049-15820-5561,1,0,0,0,0,0,0,0,0
F2I6FWYU6_15308-6073-15820-6585,1,0,0,0,0,0,0,0,0
F2I6FWYU6_15308-7609-15820-8121,1,0,0,0,0,0,0,0,0
F2I6FWYU6_15308-7097-15820-7609,1,0,0,0,0,0,0,0,0
F2I6FWYU6_15308-6585-15820-7097,1,0,0,0,0,0,0,0,0
F2I6FWYU6_15494-645-16006-1157,1,0,0,0,0,0,0,0,0
F2I6FWYU6_15401-7979-15913-8491,1,0,0,0,0,0,0,0,0
F2I6FWYU6_15494-1157-16006-1669,1,0,0,0,0,0,1,0,0
F2I6FWYU6_1660-16917-2172-17429,1,0,0,0,0,0,0,0,0
F2I6FWYU6_1660-7046-2172-7558,1,0,0,0,0,0,0,0,0
F2I6FWYU6_15401-8491-15913-9003,1,0,0,0,0,0,0,0,0
F2I6FWYU6_1660-11797-2172-12309,1,0,0,0,0,0,0,0,0
F2I6FWYU6_15401-9003-15913-9515,1,0,0,0,0,0,1,0,0
F2I6FWYU6_1660-902-2172-1414,1,0,0,0,0,0,0,0,0
F2I6FWYU6_1660-7558-2172-8070,1,0,0,0,0,0,0,0,0
F2I6FWYU6_2172-16917-2684-17429,1,0,0,0,0,0,0,0,0
F2I6FWYU6_2172-11797-2684-12309,1,0,0,0,0,0,0,0,0
F2I6FWYU6_2172-2950-2684-3462,1,0,0,0,0,0,0,0,0
F2I6FWYU6_1660-2950-2172-3462,1,0,0,0,0,0,0,0,0
F2I6FWYU6_2172-6022-2684-6534,1,0,0,0,0,0,0,0,0
F2I6FWYU6_2172-8582-2684-9094,1,0,0,0,0,0,0,0,0
F2I6FWYU6_2684-5510-3196-6022,1,0,0,0,0,0,0,0,0
F2I6FWYU6_2684-11797-3196-12309,1,0,0,0,0,0,0,0,0
F2I6FWYU6_2172-8070-2684-8582,1,0,0,0,0,0,0,0,0
F2I6FWYU6_2684-902-3196-1414,1,0,0,0,0,0,0,0,0
F2I6FWYU6_3196-11797-3708-12309,1,0,0,0,0,0,0,0,0
F2I6FWYU6_2684-8582-3196-9094,1,0,0,0,0,0,0,0,0
F2I6FWYU6_3196-16917-3708-17429,1,0,0,0,0,0,0,0,0
F2I6FWYU6_2684-16917-3196-17429,1,0,0,0,0,0,0,0,0
F2I6FWYU6_2172-902-2684-1414,1,0,0,0,0,0,0,0,0
F2I6FWYU6_3196-5510-3708-6022,1,0,0,0,0,0,0,0,0
F2I6FWYU6_2684-2950-3196-3462,1,0,0,0,0,0,0,0,0
F2I6FWYU6_3196-10118-3708-10630,1,0,0,0,0,0,0,0,0
F2I6FWYU6_3196-16405-3708-16917,1,0,0,0,0,0,0,0,0
F2I6FWYU6_2684-9094-3196-9606,1,0,0,0,0,0,0,0,0
F2I6FWYU6_3196-2950-3708-3462,1,0,0,0,0,0,0,0,0
F2I6FWYU6_3196-902-3708-1414,1,0,0,0,0,0,0,0,0
F2I6FWYU6_3196-9606-3708-10118,1,0,0,0,0,0,0,0,0
F2I6FWYU6_3708-10630-4220-11142,1,0,0,0,0,0,0,0,0
F2I6FWYU6_3708-11797-4220-12309,1,0,0,0,0,0,0,0,0
F2I6FWYU6_3708-16405-4220-16917,1,0,0,0,0,0,0,0,0
F2I6FWYU6_3708-16917-4220-17429,1,0,0,0,0,0,0,0,0
F2I6FWYU6_3708-902-4220-1414,1,0,0,0,0,0,0,0,0
F2I6FWYU6_3708-2950-4220-3462,1,0,0,0,0,0,0,0,0
F2I6FWYU6_4220-10630-4732-11142,1,0,0,0,0,0,0,0,0
F2I6FWYU6_4220-13845-4732-14357,1,0,0,0,0,0,0,0,0
F2I6FWYU6_4220-11797-4732-12309,1,0,0,0,0,0,0,0,0
F2I6FWYU6_4220-12309-4732-12821,1,0,0,0,0,0,0,0,0
F2I6FWYU6_4220-13333-4732-13845,1,0,0,0,0,0,0,0,0
F2I6FWYU6_3708-10118-4220-10630,1,0,0,0,0,0,0,0,0
F2I6FWYU6_4220-14357-4732-14869,1,0,0,0,0,0,0,0,0
F2I6FWYU6_3708-5510-4220-6022,1,0,0,0,0,0,0,0,0
F2I6FWYU6_4220-14869-4732-15381,1,0,0,0,0,0,0,0,0
F2I6FWYU6_4220-12821-4732-13333,1,0,0,0,0,0,0,0,0
F2I6FWYU6_4220-15381-4732-15893,1,0,0,0,0,0,0,0,0
F2I6FWYU6_4220-15893-4732-16405,1,0,0,0,0,0,0,0,0
F2I6FWYU6_4220-16405-4732-16917,1,0,0,0,0,0,0,0,0
F2I6FWYU6_4220-16917-4732-17429,1,0,0,0,0,0,0,0,0
F2I6FWYU6_4220-2950-4732-3462,1,0,0,0,0,0,0,0,0
F2I6FWYU6_4220-5510-4732-6022,1,0,0,0,0,0,0,0,0
F2I6FWYU6_4732-11142-5244-11654,1,0,0,0,0,0,0,0,0
F2I6FWYU6_5756-11654-6268-12166,1,0,0,0,0,0,0,0,0
F2I6FWYU6_4732-5510-5244-6022,1,0,0,0,0,0,0,0,0
F2I6FWYU6_4732-902-5244-1414,1,0,0,0,0,0,0,0,0
F2I6FWYU6_4220-902-4732-1414,1,0,0,0,0,0,0,0,0
F2I6FWYU6_5244-902-5756-1414,1,0,0,0,0,0,0,0,0
F2I6FWYU6_4732-2950-5244-3462,1,0,0,0,0,0,0,0,0
F2I6FWYU6_4732-4998-5244-5510,1,0,0,0,0,0,0,0,0
F2I6FWYU6_5244-11654-5756-12166,1,0,0,0,0,0,0,0,0
F2I6FWYU6_5244-11142-5756-11654,1,0,0,0,0,0,0,0,0
F2I6FWYU6_5244-5510-5756-6022,1,0,0,0,0,0,0,0,0
F2I6FWYU6_5756-2438-6268-2950,1,0,0,0,0,0,0,0,0
F2I6FWYU6_5756-5510-6268-6022,1,0,0,0,0,0,0,0,0
F2I6FWYU6_6268-11142-6780-11654,1,0,0,0,0,0,0,0,0
F2I6FWYU6_5756-902-6268-1414,1,0,0,0,0,0,0,0,0
F2I6FWYU6_6268-902-6780-1414,1,0,0,0,0,0,0,0,0
F2I6FWYU6_6268-11654-6780-12166,1,0,0,0,0,0,0,0,0
F2I6FWYU6_636-12821-1148-13333,1,0,0,0,0,0,0,0,0
F2I6FWYU6_636-12309-1148-12821,1,0,0,0,0,0,0,0,0
F2I6FWYU6_6268-4998-6780-5510,1,0,0,0,0,0,0,0,0
F2I6FWYU6_636-14357-1148-14869,1,0,0,0,0,0,0,0,0
F2I6FWYU6_636-15381-1148-15893,1,0,0,0,0,0,0,0,0
F2I6FWYU6_6268-1926-6780-2438,1,0,0,0,0,0,0,0,0
F2I6FWYU6_6268-2438-6780-2950,1,0,0,0,0,0,0,0,0
F2I6FWYU6_636-1414-1148-1926,1,0,0,0,0,0,0,0,0
F2I6FWYU6_636-11797-1148-12309,1,0,0,0,0,0,0,0,0
F2I6FWYU6_636-13333-1148-13845,1,0,0,0,0,0,0,0,0
F2I6FWYU6_636-13845-1148-14357,1,0,0,0,0,0,0,0,0
F2I6FWYU6_636-14869-1148-15381,1,0,0,0,0,0,0,0,0
F2I6FWYU6_636-15893-1148-16405,1,0,0,0,0,0,0,0,0
F2I6FWYU6_636-16405-1148-16917,1,0,0,0,0,0,0,0,0
F2I6FWYU6_636-2438-1148-2950,1,0,0,0,0,0,0,0,0
F2I6FWYU6_636-16917-1148-17429,1,0,0,0,0,0,0,0,0
F2I6FWYU6_636-3974-1148-4486,1,0,0,0,0,0,0,0,0
F2I6FWYU6_636-1926-1148-2438,1,0,0,0,0,0,0,0,0
F2I6FWYU6_636-3462-1148-3974,1,0,0,0,0,0,0,0,0
F2I6FWYU6_636-2950-1148-3462,1,0,0,0,0,0,0,0,0
F2I6FWYU6_636-4998-1148-5510,1,0,0,0,0,0,0,0,0
F2I6FWYU6_636-6022-1148-6534,1,0,0,0,0,0,0,0,0
F2I6FWYU6_636-4486-1148-4998,1,0,0,0,0,0,0,0,0
F2I6FWYU6_636-5510-1148-6022,1,0,0,0,0,0,0,0,0
F2I6FWYU6_6780-902-7292-1414,1,0,0,0,0,0,0,0,0
F2I6FWYU6_6780-11654-7292-12166,1,0,0,0,0,0,0,0,0
F2I6FWYU6_7292-11654-7804-12166,1,0,0,0,0,0,0,0,0
F2I6FWYU6_636-902-1148-1414,1,0,0,0,0,0,0,0,0
F2I6FWYU6_6780-4998-7292-5510,1,0,0,0,0,0,0,0,0
F2I6FWYU6_6780-1926-7292-2438,1,0,0,0,0,0,0,0,0
F2I6FWYU6_7292-1926-7804-2438,1,0,0,0,0,0,0,0,0
F2I6FWYU6_7292-4998-7804-5510,1,0,0,0,0,0,0,0,0
F2I6FWYU6_7804-11654-8316-12166,1,0,0,0,0,0,0,0,0
F2I6FWYU6_7804-1926-8316-2438,1,0,0,0,0,0,0,0,0
F2I6FWYU6_8316-11654-8828-12166,1,0,0,0,0,0,0,0,0
F2I6FWYU6_8828-11654-9340-12166,1,0,0,0,0,0,0,0,0
F2I6FWYU6_9852-11654-10364-12166,1,0,0,0,0,0,0,0,0
F2I6FWYU6_7292-902-7804-1414,1,0,0,0,0,0,0,0,0
F2I6FWYU6_7804-902-8316-1414,1,0,0,0,0,0,0,0,0
F2I6FWYU6_8828-902-9340-1414,1,0,0,0,0,0,0,0,0
F2I6FWYU6_9340-902-9852-1414,1,0,0,0,0,0,0,0,0
F2I6FWYU6_9340-11654-9852-12166,1,0,0,0,0,0,0,0,0
F2I6FWYU6_8316-902-8828-1414,1,0,0,0,0,0,0,0,0
F2I6FWYU6_9340-4998-9852-5510,1,0,0,0,0,0,1,0,0
F2I6FWYU6_9852-2438-10364-2950,1,0,0,0,0,0,1,0,0
F2I6FWYU6_9852-4998-10364-5510,1,0,0,0,0,0,1,0,0
F2I6FWYU6_9340-2438-9852-2950,1,0,0,0,0,0,1,0,0
F2I6FWYU6_9852-2950-10364-3462,1,0,0,0,0,0,1,0,0
F2I6FWYU6_9969-1031-10481-1543,1,0,0,0,0,0,1,0,0
F2JPFEHLL_3635-615-4147-1127,0,0,1,0,0,0,0,0,0
F2JPFEHLL_4228-1649-4740-2161,0,0,1,0,0,0,0,0,0
F2JPFEHLL_1409-5556-1921-6068,0,0,1,0,0,0,0,0,0
F2JPFEHLL_4423-1817-4935-2329,0,0,1,0,0,0,0,0,0
F2JPFEHLL_4176-2318-4688-2830,0,0,1,0,0,0,0,0,0
F2JPFEHLL_1732-5798-2244-6310,0,0,1,0,0,0,0,0,0
F2JPFEHLL_4429-3495-4941-4007,0,0,1,0,0,0,0,0,0
F2JPFEHLL_4063-2616-4575-3128,0,0,1,0,0,0,0,0,0
F2JPFEHLL_1520-5994-2032-6506,0,0,1,0,0,0,0,0,0
F2JPFEHLL_2456-7388-2968-7900,0,0,0,0,0,0,1,0,0
F2JPFEHLL_4176-2830-4688-3342,0,0,1,0,0,0,0,0,0
F2JPFEHLL_1722-6525-2234-7037,0,0,1,0,0,0,0,0,0
F2JPFEHLL_4356-1202-4868-1714,0,0,1,0,0,0,0,0,0
F2JPFEHLL_4429-4007-4941-4519,0,0,1,0,0,0,0,0,0
F2JPFEHLL_4437-906-4949-1418,0,0,1,0,0,0,0,0,0
F2XQYPBJL_1004-1421-1516-1933,0,0,0,0,1,0,0,0,0
F2XQYPBJL_10073-763-10585-1275,0,0,0,0,1,0,0,0,0
F2XQYPBJL_10122-1842-10634-2354,0,0,0,0,0,0,0,0,1
F2XQYPBJL_1016-3519-1528-4031,0,0,0,0,1,1,0,0,0
F2XQYPBJL_1030-2858-1542-3370,0,0,0,0,1,0,0,0,0
F2XQYPBJL_1028-1878-1540-2390,0,0,0,0,1,0,0,0,0
F2XQYPBJL_1026-740-1538-1252,0,0,0,0,1,0,0,0,0
F2XQYPBJL_1019-3136-1531-3648,0,0,0,0,1,1,0,0,0
F2XQYPBJL_10387-773-10899-1285,0,0,0,0,1,0,0,0,0
F2XQYPBJL_7440-3641-7952-4153,0,0,0,0,1,0,0,0,0
F2XQYPBJL_2866-518-3378-1030,0,0,0,0,0,0,0,0,1
F2XQYPBJL_7465-2208-7977-2720,0,0,0,0,1,0,0,0,1
F2XQYPBJL_7811-2853-8323-3365,0,0,0,0,1,0,0,0,0
F2XQYPBJL_7445-659-7957-1171,0,0,0,0,1,0,0,0,1
F2XQYPBJL_7681-3131-8193-3643,0,0,0,0,1,0,0,0,0
F2XQYPBJL_7721-1135-8233-1647,0,0,0,0,1,0,0,0,0
F2XQYPBJL_7584-3410-8096-3922,0,0,0,0,1,0,0,0,0
F2XQYPBJL_782-541-1294-1053,0,0,0,0,1,0,0,0,0
F2XQYPBJL_7856-1825-8368-2337,0,0,0,0,1,0,0,0,0
F2XQYPBJL_7906-2162-8418-2674,0,0,0,0,1,0,0,0,0
F2XQYPBJL_7931-2505-8443-3017,0,0,0,0,1,0,0,0,0
F2XQYPBJL_864-3859-1376-4371,0,0,0,0,1,0,0,0,0
F2XWHDV7G_1188-3324-1700-3836,0,1,0,0,0,0,0,0,0
F2XWHDV7G_1150-4279-1662-4791,0,1,0,0,0,0,0,0,0
F2XQYPBJL_8629-693-9141-1205,0,0,0,0,1,0,0,0,1
F2XQYPBJL_8965-765-9477-1277,0,0,0,0,1,0,0,0,0
F2XQYPBJL_9835-1123-10347-1635,0,0,0,0,0,0,0,0,1
F2XQYPBJL_9098-1495-9610-2007,0,0,0,0,1,0,0,0,0
F2XQYPBJL_9610-1495-10122-2007,0,0,0,0,1,0,0,0,0
F2XWHDV7G_1282-4634-1794-5146,0,1,0,0,0,0,0,0,0
F2XQYPBJL_8731-1069-9243-1581,0,0,0,0,1,0,0,0,0
F2XQYPBJL_8835-1340-9347-1852,0,0,0,0,1,0,0,0,1
F2XWHDV7G_1297-1832-1809-2344,0,1,0,0,0,0,0,0,0
F2XQYPBJL_8663-1621-9175-2133,0,0,0,0,1,0,0,0,1
F2XQYPBJL_9637-772-10149-1284,0,0,0,0,1,0,0,0,0
F2XWHDV7G_1326-3813-1838-4325,0,1,0,0,0,0,0,0,0
F2XWHDV7G_1426-3567-1938-4079,0,1,0,0,0,0,0,0,0
F2XWHDV7G_1438-5491-1950-6003,0,1,0,0,0,0,0,0,0
F2XWHDV7G_1794-4634-2306-5146,0,1,0,0,0,0,0,0,0
F2XWHDV7G_1809-1832-2321-2344,0,1,0,0,0,0,0,0,0
F2XWHDV7G_1938-3567-2450-4079,0,1,0,0,0,0,0,0,0
F2XWHDV7G_1662-4279-2174-4791,0,1,0,0,0,0,0,0,0
F2XWHDV7G_1978-1596-2490-2108,0,1,0,0,0,0,0,0,0
F2XWHDV7G_2321-1832-2833-2344,0,1,0,0,0,0,0,0,0
F2XWHDV7G_2212-3324-2724-3836,0,1,0,0,0,0,0,0,0
F2XWHDV7G_1466-1596-1978-2108,0,1,0,0,0,0,0,0,0
F2XWHDV7G_1993-4062-2505-4574,0,1,0,0,0,0,0,0,0
F2XWHDV7G_1700-3324-2212-3836,0,1,0,0,0,0,0,0,0
F2XWHDV7G_2001-4455-2513-4967,0,1,0,0,0,0,0,0,0
F2XWHDV7G_1489-4455-2001-4967,0,1,0,0,0,0,0,0,0
F2XWHDV7G_1838-3813-2350-4325,0,1,0,0,0,0,0,0,0
F2XWHDV7G_2174-4279-2686-4791,0,1,0,0,0,0,0,0,0
F2XWHDV7G_1481-4062-1993-4574,0,1,0,0,0,0,0,0,0
F2XWHDV7G_2350-3813-2862-4325,0,1,0,0,0,0,0,0,0
F2XWHDV7G_2450-3567-2962-4079,0,1,0,0,0,0,0,0,0
F2XWHDV7G_2490-1596-3002-2108,0,1,0,0,0,0,0,0,0
F2XWHDV7G_2541-2104-3053-2616,0,1,0,0,0,0,0,0,0
F2XWHDV7G_2505-4062-3017-4574,0,1,0,0,0,0,0,0,0
F2XWHDV7G_2492-4941-3004-5453,0,1,0,0,0,0,0,0,0
F2XWHDV7G_2836-4701-3348-5213,0,1,0,0,0,0,0,0,0
F2XWHDV7G_2962-3567-3474-4079,0,1,0,0,0,0,0,0,0
F2XWHDV7G_2780-1618-3292-2130,0,1,0,0,0,0,0,0,0
F2XWHDV7G_3166-1866-3678-2378,0,1,0,0,0,0,0,0,0
F2XWHDV7G_2724-3324-3236-3836,0,1,0,0,0,0,0,0,0
F2XWHDV7G_2654-1866-3166-2378,0,1,0,0,0,0,0,0,0
F2XWHDV7G_3236-3324-3748-3836,0,1,0,0,0,0,0,0,0
F2XWHDV7G_2862-3813-3374-4325,0,1,0,0,0,0,0,0,0
F2XWHDV7G_3348-4701-3860-5213,0,1,0,0,0,0,0,0,0
F2XWHDV7G_3004-4941-3516-5453,0,1,0,0,0,0,0,0,0
F2XWHDV7G_3017-4062-3529-4574,0,1,0,0,0,0,0,0,0
F2XWHDV7G_3053-2104-3565-2616,0,1,0,0,0,0,0,0,0
F2XWHDV7G_3374-3813-3886-4325,0,1,0,0,0,0,0,0,0
F2XWHDV7G_3474-3567-3986-4079,0,1,0,0,0,0,0,0,0
F2XWHDV7G_3516-4941-4028-5453,0,1,0,0,0,0,0,0,0
F2XWHDV7G_3678-1866-4190-2378,0,1,0,0,0,0,0,0,0
F2XWHDV7G_3529-4062-4041-4574,0,1,0,0,0,0,0,0,0
F2XWHDV7G_4028-4941-4540-5453,0,1,0,0,0,0,0,0,0
F2XWHDV7G_4031-2124-4543-2636,0,1,0,0,0,0,0,0,0
F2XWHDV7G_3886-3813-4398-4325,0,1,0,0,0,0,0,0,0
F2XWHDV7G_3748-3324-4260-3836,0,1,0,0,0,0,0,0,0
F2XWHDV7G_3860-4701-4372-5213,0,1,0,0,0,0,0,0,0
F2XWHDV7G_4120-4332-4632-4844,0,1,0,0,0,0,0,0,0
F2XWHDV7G_4372-4701-4884-5213,0,1,0,0,0,0,0,0,0
F2XWHDV7G_4398-3813-4910-4325,0,1,0,0,0,0,0,0,0
F2XWHDV7G_3565-2104-4077-2616,0,1,0,0,0,0,0,0,0
F2XWHDV7G_4041-4062-4553-4574,0,1,0,0,0,0,0,0,0
F2XWHDV7G_3986-3567-4498-4079,0,1,0,0,0,0,0,0,0
F2XWHDV7G_4540-4941-5052-5453,0,1,0,0,0,0,0,0,0
F2XWHDV7G_4260-3324-4772-3836,0,1,0,0,0,0,0,0,0
F2XWHDV7G_4553-4062-5065-4574,0,1,0,0,0,0,0,0,0
F2XWHDV7G_4543-2124-5055-2636,0,1,0,0,0,0,0,0,0
F2XWHDV7G_4565-3369-5077-3881,0,1,0,0,0,0,0,0,0
F2XWHDV7G_4694-3099-5206-3611,0,1,0,0,0,0,0,0,0
F2XWHDV7G_4884-4701-5396-5213,0,1,0,0,0,0,0,0,0
F2XWHDV7G_5052-4941-5564-5453,0,1,0,0,0,0,0,0,0
F2XWHDV7G_4910-3813-5422-4325,0,1,0,0,0,0,0,0,0
F2XWHDV7G_5206-3099-5718-3611,0,1,0,0,0,0,0,0,0
F2XWHDV7G_5589-3369-6101-3881,0,1,0,0,0,0,0,0,0
F2XWHDV7G_5077-3369-5589-3881,0,1,0,0,0,0,0,0,0
F2XWHDV7G_4632-4332-5144-4844,0,1,0,0,0,0,0,0,0
F2XWHDV7G_5065-4062-5577-4574,0,1,0,0,0,0,0,0,0
F2XWHDV7G_5564-4941-6076-5453,0,1,0,0,0,0,0,0,0
F2XWHDV7G_5466-4364-5978-4876,0,1,0,0,0,0,0,0,0
F2XWHDV7G_5695-3635-6207-4147,0,1,0,0,0,0,0,0,0
F2XWHDV7G_5534-3867-6046-4379,0,1,0,0,0,0,0,0,0
F2XWHDV7G_5396-4701-5908-5213,0,1,0,0,0,0,0,0,0
F2XWHDV7G_5908-4701-6420-5213,0,1,0,0,0,0,0,0,0
F2XWHDV7G_6046-3867-6558-4379,0,1,0,0,0,0,0,0,0
F2XWHDV7G_5978-4364-6490-4876,0,1,0,0,0,0,0,0,0
F2XWHDV7G_6076-4941-6588-5453,0,1,0,0,0,0,0,0,0
F37NFJ3GI_1190-2340-1702-2852,1,0,0,0,0,0,0,0,0
F2XWHDV7G_770-4634-1282-5146,0,1,0,0,0,0,0,0,0
F2XWHDV7G_6103-4122-6615-4634,0,1,0,0,0,0,0,0,0
F2XWHDV7G_6101-3369-6613-3881,0,1,0,0,0,0,0,0,0
F2XWHDV7G_6207-3635-6719-4147,0,1,0,0,0,0,0,0,0
F2XWHDV7G_969-4062-1481-4574,0,1,0,0,0,0,0,0,0
F2XWHDV7G_954-1596-1466-2108,0,1,0,0,0,0,0,0,0
F2XWHDV7G_977-4455-1489-4967,0,1,0,0,0,0,0,0,0
F2XWHDV7G_814-3813-1326-4325,0,1,0,0,0,0,0,0,0
F2XWHDV7G_926-5491-1438-6003,0,1,0,0,0,0,0,0,0
F2XWHDV7G_785-1832-1297-2344,0,1,0,0,0,0,0,0,0
F37NFJ3GI_1190-2852-1702-3364,1,0,0,0,0,0,0,0,0
F2XWHDV7G_914-3567-1426-4079,0,1,0,0,0,0,0,0,0
F37NFJ3GI_1190-1828-1702-2340,1,0,0,0,0,0,0,0,0
F37NFJ3GI_1190-292-1702-804,1,0,0,0,0,0,0,0,0
F37NFJ3GI_166-2852-678-3364,1,0,0,0,0,0,0,0,0
F37NFJ3GI_166-292-678-804,1,0,0,0,0,0,0,0,0
F37NFJ3GI_1702-2340-2214-2852,1,0,0,0,0,0,0,0,0
F37NFJ3GI_1702-292-2214-804,1,0,0,0,0,0,0,0,0
F37NFJ3GI_1702-804-2214-1316,1,0,0,0,0,0,0,0,0
F37NFJ3GI_1702-1828-2214-2340,1,0,0,0,0,0,0,0,0
F37NFJ3GI_2214-1828-2726-2340,1,0,0,0,0,0,0,0,0
F37NFJ3GI_2214-292-2726-804,1,0,0,0,0,0,0,0,0
F37NFJ3GI_1702-2852-2214-3364,1,0,0,0,0,0,0,0,0
F37NFJ3GI_2214-804-2726-1316,1,0,0,0,0,0,0,0,0
F37NFJ3GI_2214-1316-2726-1828,1,0,0,0,0,0,0,0,0
F37NFJ3GI_2214-2852-2726-3364,1,0,0,0,0,0,0,0,0
F37NFJ3GI_2726-2340-3238-2852,1,0,0,0,0,0,0,0,0
F37NFJ3GI_2726-1316-3238-1828,1,0,0,0,0,0,0,0,0
F37NFJ3GI_2726-292-3238-804,1,0,0,0,0,0,0,0,0
F37NFJ3GI_2726-2852-3238-3364,1,0,0,0,0,0,0,0,0
F37NFJ3GI_2726-804-3238-1316,1,0,0,0,0,0,0,0,0
F37NFJ3GI_3238-2340-3750-2852,1,0,0,0,0,0,0,0,0
F37NFJ3GI_3238-2852-3750-3364,1,0,0,0,0,0,0,0,0
F37NFJ3GI_3238-292-3750-804,1,0,0,0,0,0,0,0,0
F37NFJ3GI_4262-2852-4774-3364,1,0,0,0,0,0,0,0,0
F37NFJ3GI_3750-2340-4262-2852,1,0,0,0,0,0,0,0,0
F37NFJ3GI_4774-2852-5286-3364,1,0,0,0,0,0,0,0,0
F37NFJ3GI_4262-2340-4774-2852,1,0,0,0,0,0,0,0,0
F37NFJ3GI_5286-2340-5798-2852,1,0,0,0,0,0,0,0,0
F37NFJ3GI_3750-2852-4262-3364,1,0,0,0,0,0,0,0,0
F37NFJ3GI_3750-292-4262-804,1,0,0,0,0,0,0,0,0
F37NFJ3GI_4262-292-4774-804,1,0,0,0,0,0,0,0,0
F37NFJ3GI_4774-292-5286-804,1,0,0,0,0,0,0,0,0
F37NFJ3GI_5286-1828-5798-2340,1,0,0,0,0,0,0,0,0
F37NFJ3GI_5286-1316-5798-1828,1,0,0,0,0,0,0,0,0
F37NFJ3GI_5286-2852-5798-3364,1,0,0,0,0,0,0,0,0
F37NFJ3GI_5286-292-5798-804,1,0,0,0,0,0,0,0,0
F37NFJ3GI_5286-804-5798-1316,1,0,0,0,0,0,0,0,0
F37NFJ3GI_678-2852-1190-3364,1,0,0,0,0,0,0,0,0
F37NFJ3GI_678-292-1190-804,1,0,0,0,0,0,0,0,0
F3TLQYVPI_4035-7075-4547-7587,0,0,0,0,0,0,1,0,0
F3TLQYVPI_3571-2919-4083-3431,0,0,0,0,0,0,1,0,0
F3TLQYVPI_5059-7587-5571-8099,0,0,0,0,0,0,1,0,0
F3TLQYVPI_3714-5219-4226-5731,0,0,0,0,0,0,1,0,0
F3TLQYVPI_5301-6366-5813-6878,0,0,0,0,0,0,1,0,0
F3TLQYVPI_4226-4707-4738-5219,0,0,0,0,0,0,1,0,0
F3TLQYVPI_4277-6366-4789-6878,0,0,0,0,0,0,1,0,0
F3TLQYVPI_5107-2919-5619-3431,0,0,0,0,0,0,1,0,0
F3TLQYVPI_4547-7587-5059-8099,0,0,0,0,0,0,1,0,0
F3TLQYVPI_4547-7075-5059-7587,0,0,0,0,0,0,1,0,0
F3TLQYVPI_5813-6366-6325-6878,0,0,0,0,0,0,1,0,0
F3TLQYVPI_4789-6366-5301-6878,0,0,0,0,0,0,1,0,0
F3TLQYVPI_4083-2919-4595-3431,0,0,0,0,0,0,1,0,0
F3TLQYVPI_4595-2919-5107-3431,0,0,0,0,0,0,1,0,0
F3TLQYVPI_6325-6366-6837-6878,0,0,0,0,0,0,1,0,0
F3TX3AEN3_396-4313-908-4825,1,0,0,0,0,0,0,0,0
F3TX3AEN3_396-4825-908-5337,1,0,0,0,0,0,0,0,0
F3VWM1D6B_1234-2601-1746-3113,0,0,0,0,1,0,0,0,0
F3VWM1D6B_2729-5847-3241-6359,0,0,0,0,1,0,0,0,0
F3VWM1D6B_1995-18540-2507-19052,0,0,0,0,1,1,0,0,0
F3VWM1D6B_1908-2621-2420-3133,0,0,0,0,1,0,0,0,0
F3VWM1D6B_2765-8309-3277-8821,0,0,0,0,1,0,0,0,0
F3VWM1D6B_2702-2574-3214-3086,0,0,0,0,1,0,0,0,0
F3VWM1D6B_2734-1281-3246-1793,0,0,0,0,1,0,0,0,0
F3VWM1D6B_2507-18540-3019-19052,0,0,0,0,1,1,0,0,0
F3VWM1D6B_2253-8309-2765-8821,0,0,0,0,1,0,0,0,0
F3VWM1D6B_1483-18540-1995-19052,0,0,0,0,1,1,0,0,0
F3VWM1D6B_2798-1830-3310-2342,0,0,0,0,1,1,0,0,0
F3VWM1D6B_3016-2670-3528-3182,0,0,0,0,1,1,0,0,0
F3VWM1D6B_2798-2342-3310-2854,0,0,0,0,1,1,0,0,0
F3VWM1D6B_3127-18297-3639-18809,0,0,0,0,1,1,0,0,0
F3VWM1D6B_3019-18540-3531-19052,0,0,0,0,1,1,0,0,0
F3VWM1D6B_3310-1830-3822-2342,0,0,0,0,1,1,0,0,0
F3VWM1D6B_3310-2342-3822-2854,0,0,0,0,0,1,0,0,0
F3VWM1D6B_3419-2754-3931-3266,0,0,0,0,1,1,0,0,0
F3VWM1D6B_4182-1869-4694-2381,0,0,0,0,1,0,0,0,0
F3VWM1D6B_3531-18540-4043-19052,0,0,0,0,1,1,0,0,0
F3VWM1D6B_3612-1295-4124-1807,0,0,0,0,1,0,0,0,0
F3VWM1D6B_3969-2267-4481-2779,0,0,0,0,1,1,0,0,0
F3VWM1D6B_3952-4495-4464-5007,0,0,0,0,0,1,0,0,0
F3VWM1D6B_5489-638-6001-1150,0,0,0,0,1,0,0,0,0
F3VWM1D6B_4183-16198-4695-16710,0,0,0,0,0,1,0,0,0
F3VWM1D6B_3822-1830-4334-2342,0,0,0,0,1,0,0,0,0
F3VWM1D6B_4937-752-5449-1264,0,0,0,0,1,0,0,0,0
F3VWM1D6B_4555-18540-5067-19052,0,0,0,0,1,1,0,0,0
F3VWM1D6B_4323-2388-4835-2900,0,0,0,0,1,1,0,0,0
F3VWM1D6B_5067-18540-5579-19052,0,0,0,0,1,1,0,0,0
F3VWM1D6B_4387-741-4899-1253,0,0,0,0,1,0,0,0,0
F3VWM1D6B_4043-18540-4555-19052,0,0,0,0,1,1,0,0,0
F3VWM1D6B_5558-5900-6070-6412,0,0,0,0,1,1,0,0,0
F3VWM1D6B_5579-18540-6091-19052,0,0,0,0,1,1,0,0,0
F3VWM1D6B_5985-5940-6497-6452,0,0,0,0,1,0,0,0,0
F3VWM1D6B_5985-18527-6497-19039,0,0,0,0,1,1,0,0,0
F3VWM1D6B_6048-7678-6560-8190,0,0,0,0,0,1,0,0,0
F3VWM1D6B_6247-17848-6759-18360,0,0,0,0,0,1,0,0,0
F3VWM1D6B_6096-12151-6608-12663,0,0,0,0,0,1,0,0,0
F3VWM1D6B_6520-12203-7032-12715,0,0,0,0,1,0,0,0,0
F3VWM1D6B_6414-13259-6926-13771,0,0,0,0,1,0,0,0,0
F3VWM1D6B_6571-12541-7083-13053,0,0,0,0,1,0,0,0,0
F3VWM1D6B_6398-3394-6910-3906,0,0,0,0,0,1,0,0,0
F3VWM1D6B_6244-2199-6756-2711,0,0,0,0,1,0,0,0,0
F3VWM1D6B_6520-11691-7032-12203,0,0,0,0,1,0,0,0,0
F3VWM1D6B_6539-11352-7051-11864,0,0,0,0,1,0,0,0,0
F3VWM1D6B_6539-10840-7051-11352,0,0,0,0,1,0,0,0,0
F3VWM1D6B_6554-10032-7066-10544,0,0,0,0,1,0,0,0,0
F3VWM1D6B_6571-13053-7083-13565,0,0,0,0,1,0,0,0,0
F3VWM1D6B_6554-10544-7066-11056,0,0,0,0,1,0,0,0,0
F3VWM1D6B_741-8734-1253-9246,0,0,0,0,0,1,0,0,0
F3VWM1D6B_971-18540-1483-19052,0,0,0,0,1,1,0,0,0
F4UEUZ1TT_369-3437-881-3949,0,0,1,0,0,0,0,0,0
F4UEUZ1TT_3473-1708-3985-2220,0,0,1,0,0,0,0,0,0
F4UEUZ1TT_4550-4842-5062-5354,0,0,1,0,0,0,0,0,0
F4UEUZ1TT_542-712-1054-1224,0,0,0,0,0,1,0,0,0
F4UEUZ1TT_448-4288-960-4800,0,0,1,0,0,0,0,0,0
F6DEGQG3Z_10095-8885-10607-9397,1,0,0,0,0,0,0,0,0
F4UEUZ1TT_895-4734-1407-5246,0,0,1,0,0,0,0,0,0
F6DEGQG3Z_10095-8373-10607-8885,1,0,0,0,0,0,0,0,0
F6DEGQG3Z_10100-3599-10612-4111,1,0,0,0,0,0,0,0,0
F4UEUZ1TT_375-3728-887-4240,0,0,1,0,0,0,0,0,0
F6DEGQG3Z_10204-6696-10716-7208,1,0,0,0,0,0,0,0,0
F6DEGQG3Z_10100-2575-10612-3087,1,0,0,0,0,0,0,0,0
F4UEUZ1TT_407-4611-919-5123,0,0,1,0,0,0,0,0,0
F6DEGQG3Z_10100-3087-10612-3599,1,0,0,0,0,0,0,0,0
F6DEGQG3Z_10411-2401-10923-2913,1,0,0,0,0,0,0,0,0
F6DEGQG3Z_10411-865-10923-1377,1,0,0,0,0,0,0,0,0
F6DEGQG3Z_10597-4653-11109-5165,1,0,0,0,0,0,0,0,0
F6DEGQG3Z_10607-8373-11119-8885,1,0,0,0,0,0,0,0,0
F6DEGQG3Z_10533-3533-11045-4045,1,0,0,0,0,0,0,0,0
F6DEGQG3Z_10597-4141-11109-4653,1,0,0,0,0,0,0,0,0
F6DEGQG3Z_10923-865-11435-1377,1,0,0,0,0,0,0,0,0
F6DEGQG3Z_11045-3021-11557-3533,1,0,0,0,0,0,0,0,0
F6DEGQG3Z_10612-3087-11124-3599,1,0,0,0,0,0,0,0,0
F6DEGQG3Z_10607-8885-11119-9397,1,0,0,0,0,0,0,0,0
F6DEGQG3Z_11045-3533-11557-4045,1,0,0,0,0,0,0,0,0
F6DEGQG3Z_10716-6696-11228-7208,1,0,0,0,0,0,0,0,0
F6DEGQG3Z_11119-8885-11631-9397,1,0,0,0,0,0,0,0,0
F6DEGQG3Z_10612-2575-11124-3087,1,0,0,0,0,0,0,0,0
F6DEGQG3Z_11119-8373-11631-8885,1,0,0,0,0,0,0,0,0
F6DEGQG3Z_10923-2401-11435-2913,1,0,0,0,0,0,0,0,0
F6DEGQG3Z_11391-3316-11903-3828,1,0,0,0,0,0,0,0,0
F6DEGQG3Z_11228-6696-11740-7208,1,0,0,0,0,0,0,0,0
F6DEGQG3Z_11435-1377-11947-1889,1,0,0,0,0,0,0,0,0
F6DEGQG3Z_11435-1889-11947-2401,1,0,0,0,0,0,0,0,0
F6DEGQG3Z_11435-2401-11947-2913,1,0,0,0,0,0,0,0,0
F6DEGQG3Z_11435-865-11947-1377,1,0,0,0,0,0,0,0,0
F6DEGQG3Z_1256-5423-1768-5935,1,0,0,0,0,0,0,0,0
F6DEGQG3Z_1256-7471-1768-7983,1,0,0,0,0,0,0,0,0
F6DEGQG3Z_1439-3935-1951-4447,1,0,0,0,0,0,0,0,0
F6DEGQG3Z_1903-8373-2415-8885,1,0,0,0,0,0,0,0,0
F6DEGQG3Z_1391-8373-1903-8885,1,0,0,0,0,0,0,0,0
F6DEGQG3Z_1768-5423-2280-5935,1,0,0,0,0,0,0,0,0
F6DEGQG3Z_1439-4447-1951-4959,1,0,0,0,0,0,0,0,0
F6DEGQG3Z_1903-8885-2415-9397,1,0,0,0,0,0,0,0,0
F6DEGQG3Z_1439-863-1951-1375,1,0,0,0,0,0,0,0,0
F6DEGQG3Z_1391-8885-1903-9397,1,0,0,0,0,0,0,0,0
F6DEGQG3Z_1951-1887-2463-2399,1,0,0,0,0,0,0,0,0
F6DEGQG3Z_1768-7471-2280-7983,1,0,0,0,0,0,0,0,0
F6DEGQG3Z_1951-3935-2463-4447,1,0,0,0,0,0,0,0,0
F6DEGQG3Z_1951-2399-2463-2911,1,0,0,0,0,0,0,0,0
F6DEGQG3Z_1951-863-2463-1375,1,0,0,0,0,0,0,0,0
F6DEGQG3Z_1951-4447-2463-4959,1,0,0,0,0,0,0,0,0
F6DEGQG3Z_2280-7471-2792-7983,1,0,0,0,0,0,0,0,0
F6DEGQG3Z_2280-6447-2792-6959,1,0,0,0,0,0,0,0,0
F6DEGQG3Z_2280-6959-2792-7471,1,0,0,0,0,0,0,0,0
F6DEGQG3Z_2280-5935-2792-6447,1,0,0,0,0,0,0,0,0
F6DEGQG3Z_2463-3423-2975-3935,1,0,0,0,0,0,0,0,0
F6DEGQG3Z_2731-1889-3243-2401,1,0,0,0,0,0,0,0,0
F6DEGQG3Z_2415-8885-2927-9397,1,0,0,0,0,0,0,0,0
F6DEGQG3Z_2415-8373-2927-8885,1,0,0,0,0,0,0,0,0
F6DEGQG3Z_2731-865-3243-1377,1,0,0,0,0,0,0,0,0
F6DEGQG3Z_2731-2401-3243-2913,1,0,0,0,0,0,0,0,0
F6DEGQG3Z_2463-2911-2975-3423,1,0,0,0,0,0,0,0,0
F6DEGQG3Z_2731-1377-3243-1889,1,0,0,0,0,0,0,0,0
F6DEGQG3Z_2463-3935-2975-4447,1,0,0,0,0,0,0,0,0
F6DEGQG3Z_2770-5177-3282-5689,1,0,0,0,0,0,0,0,0
F6DEGQG3Z_2927-8885-3439-9397,1,0,0,0,0,0,0,0,0
F6DEGQG3Z_2927-8373-3439-8885,1,0,0,0,0,0,0,0,0
F6DEGQG3Z_3243-2401-3755-2913,1,0,0,0,0,0,0,0,0
F6DEGQG3Z_3206-2903-3718-3415,1,0,0,0,0,0,0,0,0
F6DEGQG3Z_3282-5177-3794-5689,1,0,0,0,0,0,0,0,0
F6DEGQG3Z_3439-8373-3951-8885,1,0,0,0,0,0,0,0,0
F6DEGQG3Z_3439-8885-3951-9397,1,0,0,0,0,0,0,0,0
F6DEGQG3Z_3243-865-3755-1377,1,0,0,0,0,0,0,0,0
F6DEGQG3Z_3755-865-4267-1377,1,0,0,0,0,0,0,0,0
F6DEGQG3Z_3755-2401-4267-2913,1,0,0,0,0,0,0,0,0
F6DEGQG3Z_3794-5177-4306-5689,1,0,0,0,0,0,0,0,0
F6DEGQG3Z_3951-8885-4463-9397,1,0,0,0,0,0,0,0,0
F6DEGQG3Z_3718-2903-4230-3415,1,0,0,0,0,0,0,0,0
F6DEGQG3Z_4230-2903-4742-3415,1,0,0,0,0,0,0,0,0
F6DEGQG3Z_3951-8373-4463-8885,1,0,0,0,0,0,0,0,0
F6DEGQG3Z_4267-2401-4779-2913,1,0,0,0,0,0,0,0,0
F6DEGQG3Z_4267-865-4779-1377,1,0,0,0,0,0,0,0,0
F6DEGQG3Z_4742-2903-5254-3415,1,0,0,0,0,0,0,0,0
F6DEGQG3Z_4463-8373-4975-8885,1,0,0,0,0,0,0,0,0
F6DEGQG3Z_4463-8885-4975-9397,1,0,0,0,0,0,0,0,0
F6DEGQG3Z_4779-865-5291-1377,1,0,0,0,0,0,0,0,0
F6DEGQG3Z_4779-2401-5291-2913,1,0,0,0,0,0,0,0,0
F6DEGQG3Z_4975-8373-5487-8885,1,0,0,0,0,0,0,0,0
F6DEGQG3Z_4975-8885-5487-9397,1,0,0,0,0,0,0,0,0
F6DEGQG3Z_5291-2401-5803-2913,1,0,0,0,0,0,0,0,0
F6DEGQG3Z_5084-6696-5596-7208,1,0,0,0,0,0,0,0,0
F6DEGQG3Z_5596-6696-6108-7208,1,0,0,0,0,0,0,0,0
F6DEGQG3Z_5487-8885-5999-9397,1,0,0,0,0,0,0,0,0
F6DEGQG3Z_5487-8373-5999-8885,1,0,0,0,0,0,0,0,0
F6DEGQG3Z_5291-865-5803-1377,1,0,0,0,0,0,0,0,0
F6DEGQG3Z_5907-3650-6419-4162,1,0,0,0,0,0,0,0,0
F6DEGQG3Z_5803-2401-6315-2913,1,0,0,0,0,0,0,0,0
F6DEGQG3Z_5999-8373-6511-8885,1,0,0,0,0,0,0,0,0
F6DEGQG3Z_5803-865-6315-1377,1,0,0,0,0,0,0,0,0
F6DEGQG3Z_6315-865-6827-1377,1,0,0,0,0,0,0,0,0
F6DEGQG3Z_5999-8885-6511-9397,1,0,0,0,0,0,0,0,0
F6DEGQG3Z_6315-2401-6827-2913,1,0,0,0,0,0,0,0,0
F6DEGQG3Z_6108-6696-6620-7208,1,0,0,0,0,0,0,0,0
F6DEGQG3Z_6455-3631-6967-4143,1,0,0,0,0,0,0,0,0
F6DEGQG3Z_6511-8373-7023-8885,1,0,0,0,0,0,0,0,0
F6DEGQG3Z_6511-8885-7023-9397,1,0,0,0,0,0,0,0,0
F6DEGQG3Z_6827-865-7339-1377,1,0,0,0,0,0,0,0,0
F6DEGQG3Z_6620-6696-7132-7208,1,0,0,0,0,0,0,0,0
F6DEGQG3Z_6827-2401-7339-2913,1,0,0,0,0,0,0,0,0
F6DEGQG3Z_7023-8885-7535-9397,1,0,0,0,0,0,0,0,0
F6DEGQG3Z_7023-8373-7535-8885,1,0,0,0,0,0,0,0,0
F6DEGQG3Z_744-5423-1256-5935,1,0,0,0,0,0,0,0,0
F6DEGQG3Z_7339-865-7851-1377,1,0,0,0,0,0,0,0,0
F6DEGQG3Z_744-6447-1256-6959,1,0,0,0,0,0,0,0,0
F6DEGQG3Z_7339-2401-7851-2913,1,0,0,0,0,0,0,0,0
F6DEGQG3Z_744-5935-1256-6447,1,0,0,0,0,0,0,0,0
F6DEGQG3Z_7132-6696-7644-7208,1,0,0,0,0,0,0,0,0
F6DEGQG3Z_7535-8373-8047-8885,1,0,0,0,0,0,0,0,0
F6DEGQG3Z_744-6959-1256-7471,1,0,0,0,0,0,0,0,0
F6DEGQG3Z_744-7471-1256-7983,1,0,0,0,0,0,0,0,0
F6DEGQG3Z_7535-8885-8047-9397,1,0,0,0,0,0,0,0,0
F6DEGQG3Z_7644-6696-8156-7208,1,0,0,0,0,0,0,0,0
F6DEGQG3Z_7851-2401-8363-2913,1,0,0,0,0,0,0,0,0
F6DEGQG3Z_8042-4659-8554-5171,1,0,0,0,0,0,0,0,0
F6DEGQG3Z_7851-865-8363-1377,1,0,0,0,0,0,0,0,0
F6DEGQG3Z_8042-5171-8554-5683,1,0,0,0,0,0,0,0,0
F6DEGQG3Z_8047-8373-8559-8885,1,0,0,0,0,0,0,0,0
F6DEGQG3Z_8559-8373-9071-8885,1,0,0,0,0,0,0,0,0
F6DEGQG3Z_8363-865-8875-1377,1,0,0,0,0,0,0,0,0
F6DEGQG3Z_8363-2401-8875-2913,1,0,0,0,0,0,0,0,0
F6DEGQG3Z_8554-4659-9066-5171,1,0,0,0,0,0,0,0,0
F6DEGQG3Z_8047-8885-8559-9397,1,0,0,0,0,0,0,0,0
F6DEGQG3Z_8156-6696-8668-7208,1,0,0,0,0,0,0,0,0
F6DEGQG3Z_8554-4147-9066-4659,1,0,0,0,0,0,0,0,0
F6DEGQG3Z_8554-5171-9066-5683,1,0,0,0,0,0,0,0,0
F6DEGQG3Z_8668-6696-9180-7208,1,0,0,0,0,0,0,0,0
F6DEGQG3Z_8559-8885-9071-9397,1,0,0,0,0,0,0,0,0
F6DEGQG3Z_8875-865-9387-1377,1,0,0,0,0,0,0,0,0
F6DEGQG3Z_8875-2401-9387-2913,1,0,0,0,0,0,0,0,0
F6DEGQG3Z_9180-6696-9692-7208,1,0,0,0,0,0,0,0,0
F6DEGQG3Z_9071-8373-9583-8885,1,0,0,0,0,0,0,0,0
F6DEGQG3Z_9066-4659-9578-5171,1,0,0,0,0,0,0,0,0
F6DEGQG3Z_9066-4147-9578-4659,1,0,0,0,0,0,0,0,0
F6DEGQG3Z_9071-8885-9583-9397,1,0,0,0,0,0,0,0,0
F6DEGQG3Z_927-1375-1439-1887,1,0,0,0,0,0,0,0,0
F6DEGQG3Z_927-2399-1439-2911,1,0,0,0,0,0,0,0,0
F6DEGQG3Z_927-2911-1439-3423,1,0,0,0,0,0,0,0,0
F6DEGQG3Z_9578-4147-10090-4659,1,0,0,0,0,0,0,0,0
F6DEGQG3Z_9583-8373-10095-8885,1,0,0,0,0,0,0,0,0
F6DEGQG3Z_927-1887-1439-2399,1,0,0,0,0,0,0,0,0
F6DEGQG3Z_9387-865-9899-1377,1,0,0,0,0,0,0,0,0
F6DEGQG3Z_927-3423-1439-3935,1,0,0,0,0,0,0,0,0
F6DEGQG3Z_9387-2401-9899-2913,1,0,0,0,0,0,0,0,0
F6DEGQG3Z_9583-8885-10095-9397,1,0,0,0,0,0,0,0,0
F6DEGQG3Z_9588-3087-10100-3599,1,0,0,0,0,0,0,0,0
F6DEGQG3Z_9588-3599-10100-4111,1,0,0,0,0,0,0,0,0
F6DEGQG3Z_9588-2575-10100-3087,1,0,0,0,0,0,0,0,0
F6DEGQG3Z_9899-2401-10411-2913,1,0,0,0,0,0,0,0,0
F6G824XUH_2168-3014-2680-3526,0,0,0,0,0,0,0,0,1
F6DEGQG3Z_9692-6696-10204-7208,1,0,0,0,0,0,0,0,0
F6DEGQG3Z_9899-865-10411-1377,1,0,0,0,0,0,0,0,0
F6QV24QAA_10179-3550-10691-4062,0,0,0,1,0,0,0,0,0
F78TAIRQ6_10286-9629-10798-10141,0,0,0,0,0,0,1,0,0
F6QV24QAA_10691-3550-11203-4062,0,0,0,1,0,0,0,0,0
F78TAIRQ6_10798-9629-11310-10141,0,0,0,0,0,0,1,0,0
F78TAIRQ6_10100-6763-10612-7275,0,0,0,0,0,0,1,0,0
F78TAIRQ6_13914-15084-14426-15596,0,0,0,0,0,0,1,0,0
F78TAIRQ6_1211-7648-1723-8160,0,0,0,0,0,0,1,0,0
F78TAIRQ6_1386-3930-1898-4442,0,0,0,0,0,0,1,0,0
F78TAIRQ6_14190-10744-14702-11256,0,0,0,0,0,0,1,0,0
F78TAIRQ6_14426-14572-14938-15084,0,0,0,0,0,0,1,0,0
F78TAIRQ6_14938-14060-15450-14572,0,0,0,0,0,0,1,0,0
F78TAIRQ6_14938-14572-15450-15084,0,0,0,0,0,0,1,0,0
F78TAIRQ6_15153-9467-15665-9979,0,0,0,0,0,0,1,0,0
F78TAIRQ6_14702-10232-15214-10744,0,0,0,0,0,0,1,0,0
F78TAIRQ6_15153-9979-15665-10491,0,0,0,0,0,0,1,0,0
F78TAIRQ6_15382-10187-15894-10699,0,0,0,0,0,0,1,0,0
F78TAIRQ6_15277-13793-15789-14305,0,0,0,0,0,0,1,0,0
F78TAIRQ6_15665-8955-16177-9467,0,0,0,0,0,0,1,0,0
F78TAIRQ6_15665-9467-16177-9979,0,0,0,0,0,0,1,0,0
F78TAIRQ6_16177-8955-16689-9467,0,0,0,0,0,0,1,0,0
F78TAIRQ6_15894-10187-16406-10699,0,0,0,0,0,0,1,0,0
F78TAIRQ6_15665-9979-16177-10491,0,0,0,0,0,0,1,0,0
F78TAIRQ6_16406-10699-16918-11211,0,0,0,0,0,0,1,0,0
F78TAIRQ6_1655-750-2167-1262,0,0,0,0,0,0,1,0,0
F78TAIRQ6_16406-10187-16918-10699,0,0,0,0,0,0,1,0,0
F78TAIRQ6_1655-1262-2167-1774,0,0,0,0,0,0,1,0,0
F78TAIRQ6_16918-10699-17430-11211,0,0,0,0,0,0,1,0,0
F78TAIRQ6_1723-7648-2235-8160,0,0,0,0,0,0,1,0,0
F78TAIRQ6_1898-3418-2410-3930,0,0,0,0,0,0,1,0,0
F78TAIRQ6_2235-7648-2747-8160,0,0,0,0,0,0,1,0,0
F78TAIRQ6_1898-2906-2410-3418,0,0,0,0,0,0,1,0,0
F78TAIRQ6_2167-1262-2679-1774,0,0,0,0,0,0,1,0,0
F78TAIRQ6_2410-2906-2922-3418,0,0,0,0,0,0,1,0,0
F78TAIRQ6_2679-1262-3191-1774,0,0,0,0,0,0,1,0,0
F78TAIRQ6_2747-7648-3259-8160,0,0,0,0,0,0,1,0,0
F78TAIRQ6_2679-2286-3191-2798,0,0,0,0,0,0,1,0,0
F78TAIRQ6_2410-2394-2922-2906,0,0,0,0,0,0,1,0,0
F78TAIRQ6_3191-1262-3703-1774,0,0,0,0,0,0,1,0,0
F78TAIRQ6_3191-2286-3703-2798,0,0,0,0,0,0,1,0,0
F78TAIRQ6_2922-2394-3434-2906,0,0,0,0,0,0,1,0,0
F78TAIRQ6_3259-7648-3771-8160,0,0,0,0,0,0,1,0,0
F78TAIRQ6_3191-1774-3703-2286,0,0,0,0,0,0,1,0,0
F78TAIRQ6_3771-7648-4283-8160,0,0,0,0,0,0,1,0,0
F78TAIRQ6_3703-1774-4215-2286,0,0,0,0,0,0,1,0,0
F78TAIRQ6_3434-1882-3946-2394,0,0,0,0,0,0,1,0,0
F78TAIRQ6_4215-1774-4727-2286,0,0,0,0,0,0,1,0,0
F78TAIRQ6_4283-7648-4795-8160,0,0,0,0,0,0,1,0,0
F78TAIRQ6_4727-1774-5239-2286,0,0,0,0,0,0,1,0,0
F78TAIRQ6_4283-7136-4795-7648,0,0,0,0,0,0,1,0,0
F78TAIRQ6_4795-7136-5307-7648,0,0,0,0,0,0,1,0,0
F78TAIRQ6_5307-7136-5819-7648,0,0,0,0,0,0,1,0,0
F78TAIRQ6_5751-2286-6263-2798,0,0,0,0,0,0,1,0,0
F78TAIRQ6_5819-7136-6331-7648,0,0,0,0,0,0,1,0,0
F78TAIRQ6_5239-2286-5751-2798,0,0,0,0,0,0,1,0,0
F78TAIRQ6_4795-7648-5307-8160,0,0,0,0,0,0,1,0,0
F78TAIRQ6_6287-3695-6799-4207,0,0,0,0,0,0,1,0,0
F78TAIRQ6_6263-2286-6775-2798,0,0,0,0,0,0,1,0,0
F78TAIRQ6_6331-7136-6843-7648,0,0,0,0,0,0,1,0,0
F78TAIRQ6_6400-3914-6912-4426,0,0,0,0,0,0,1,0,0
F78TAIRQ6_6400-5962-6912-6474,0,0,0,0,0,0,1,0,0
F78TAIRQ6_6400-5450-6912-5962,0,0,0,0,0,0,1,0,0
F78TAIRQ6_6400-4426-6912-4938,0,0,0,0,0,0,1,0,0
F78TAIRQ6_6400-4938-6912-5450,0,0,0,0,0,0,1,0,0
F78TAIRQ6_6775-1774-7287-2286,0,0,0,0,0,0,1,0,0
F78TAIRQ6_6799-3695-7311-4207,0,0,0,0,0,0,1,0,0
F78TAIRQ6_6912-3914-7424-4426,0,0,0,0,0,0,1,0,0
F78TAIRQ6_6400-6474-6912-6986,0,0,0,0,0,0,1,0,0
F78TAIRQ6_6912-6474-7424-6986,0,0,0,0,0,0,1,0,0
F78TAIRQ6_6912-6986-7424-7498,0,0,0,0,0,0,1,0,0
F78TAIRQ6_7287-1262-7799-1774,0,0,0,0,0,0,1,0,0
F78TAIRQ6_7424-7498-7936-8010,0,0,0,0,0,0,1,0,0
F78TAIRQ6_7424-6986-7936-7498,0,0,0,0,0,0,1,0,0
F78TAIRQ6_7311-3695-7823-4207,0,0,0,0,0,0,1,0,0
F78TAIRQ6_8345-8228-8857-8740,0,0,0,0,0,0,1,0,0
F78TAIRQ6_8335-3183-8847-3695,0,0,0,0,0,0,1,0,0
F78TAIRQ6_7936-7498-8448-8010,0,0,0,0,0,0,1,0,0
F78TAIRQ6_7936-8010-8448-8522,0,0,0,0,0,0,1,0,0
F78TAIRQ6_7823-3183-8335-3695,0,0,0,0,0,0,1,0,0
F78TAIRQ6_7799-750-8311-1262,0,0,0,0,0,0,1,0,0
F78TAIRQ6_7823-3695-8335-4207,0,0,0,0,0,0,1,0,0
F78TAIRQ6_8345-8740-8857-9252,0,0,0,0,0,0,1,0,0
F78TAIRQ6_8564-7787-9076-8299,0,0,0,0,0,0,1,0,0
F78TAIRQ6_9076-7787-9588-8299,0,0,0,0,0,0,1,0,0
F78TAIRQ6_9076-7275-9588-7787,0,0,0,0,0,0,1,0,0
F78TAIRQ6_8847-3183-9359-3695,0,0,0,0,0,0,1,0,0
F78TAIRQ6_9588-6763-10100-7275,0,0,0,0,0,0,1,0,0
F78TAIRQ6_9197-8548-9709-9060,0,0,0,0,0,0,1,0,0
F78TAIRQ6_9588-7275-10100-7787,0,0,0,0,0,0,1,0,0
F78TAIRQ6_9209-10087-9721-10599,0,0,0,0,0,0,1,0,0
F78TAIRQ6_9709-8548-10221-9060,0,0,0,0,0,0,1,0,0
F78TAIRQ6_9359-3183-9871-3695,0,0,0,0,0,0,1,0,0
F7FINJUZQ_1482-1859-1994-2371,0,1,0,0,0,0,0,0,0
F7FINJUZQ_1949-1072-2461-1584,0,1,0,0,0,0,0,0,0
F7FINJUZQ_1437-1072-1949-1584,0,1,0,0,0,0,0,0,0
F78TAIRQ6_9721-10087-10233-10599,0,0,0,0,0,0,1,0,0
F7FINJUZQ_2233-1420-2745-1932,0,1,0,0,0,0,0,0,0
F7FINJUZQ_1994-1859-2506-2371,0,1,0,0,0,0,0,0,0
F7FINJUZQ_3322-982-3834-1494,0,1,0,0,0,0,0,0,0
F7FINJUZQ_3612-1840-4124-2352,0,1,0,0,0,0,0,0,0
F7FINJUZQ_4124-1840-4636-2352,0,1,0,0,0,0,0,0,0
F7FINJUZQ_3834-982-4346-1494,0,1,0,0,0,0,0,0,0
F7FINJUZQ_3769-1329-4281-1841,0,1,0,0,0,0,0,0,0
F7FINJUZQ_4281-1329-4793-1841,0,1,0,0,0,0,0,0,0
F7FINJUZQ_4636-1840-5148-2352,0,1,0,0,0,0,0,0,0
F7FINJUZQ_4898-1293-5410-1805,0,1,0,0,0,0,0,0,0
F7FINJUZQ_5148-1840-5660-2352,0,1,0,0,0,0,0,0,0
F7FINJUZQ_5009-513-5521-1025,0,1,0,0,0,0,0,0,0
F7FINJUZQ_5009-1537-5521-2049,0,1,0,0,0,0,0,0,0
F7FINJUZQ_5009-1025-5521-1537,0,1,0,0,0,0,0,0,0
F7FINJUZQ_925-1072-1437-1584,0,1,0,0,0,0,0,0,0
F7FINJUZQ_970-1859-1482-2371,0,1,0,0,0,0,0,0,0
F8HVC29DW_2869-3363-3381-3875,0,0,0,0,1,0,0,0,0
F7FINJUZQ_950-1561-1462-2073,0,1,0,0,0,0,0,0,0
F8HVC29DW_2710-180-3222-692,0,0,0,0,1,0,0,0,0
F7FINJUZQ_683-1939-1195-2451,0,1,0,0,0,0,0,0,0
F8HVC29DW_2991-191-3503-703,0,0,0,0,1,0,0,0,0
F8HVC29DW_3416-3364-3928-3876,0,0,0,0,1,0,0,0,0
F8HVC29DW_3811-187-4323-699,0,0,0,0,1,0,0,0,0
F8QUHBLVE_833-567-1345-1079,0,0,0,0,0,0,0,0,1
F8HVC29DW_3954-3374-4466-3886,0,0,0,0,1,0,0,0,0
F914B33IV_1095-4803-1607-5315,0,0,0,1,0,0,0,0,0
F9BYI6DMF_2834-1146-3346-1658,1,0,0,0,0,0,0,0,0
F914B33IV_907-4648-1419-5160,0,0,0,1,0,0,0,0,0
F914B33IV_1369-5053-1881-5565,0,0,0,1,0,0,0,0,0
F914B33IV_655-4850-1167-5362,0,0,0,1,0,0,0,0,0
F9BYI6DMF_3422-1066-3934-1578,1,0,0,0,0,0,0,0,0
F9BYI6DMF_3540-2251-4052-2763,1,0,0,0,0,0,0,0,0
F9LBQ8VDV_1470-7330-1982-7842,0,0,1,0,0,0,0,0,0
F9BYI6DMF_5050-2317-5562-2829,1,0,0,0,0,0,0,0,0
F9BYI6DMF_4081-2485-4593-2997,1,0,0,0,0,0,0,0,0
F9LBQ8VDV_1177-6952-1689-7464,0,0,1,0,0,0,0,0,0
F9LBQ8VDV_1809-3683-2321-4195,0,0,1,0,0,0,0,0,0
F9LBQ8VDV_1109-6586-1621-7098,0,0,1,0,0,0,0,0,0
F9LBQ8VDV_1887-6207-2399-6719,0,0,1,0,0,0,0,0,0
F9LBQ8VDV_2042-3793-2554-4305,0,0,1,0,0,0,0,0,0
F9LBQ8VDV_2116-7911-2628-8423,0,0,1,0,0,0,0,0,0
F9LBQ8VDV_2226-4595-2738-5107,0,0,1,0,0,0,0,0,0
F9LBQ8VDV_2377-3813-2889-4325,0,0,1,0,0,0,0,0,0
F9LBQ8VDV_2889-4325-3401-4837,0,0,1,0,0,0,0,0,0
F9LBQ8VDV_3432-3253-3944-3765,0,0,1,0,0,0,0,0,0
F9LBQ8VDV_3066-3880-3578-4392,0,0,1,0,0,0,0,0,0
F9LBQ8VDV_3313-4057-3825-4569,0,0,1,0,0,0,0,0,0
F9LBQ8VDV_3082-4616-3594-5128,0,0,1,0,0,0,0,0,0
F9LBQ8VDV_3345-4334-3857-4846,0,0,1,0,0,0,0,0,0
F9LBQ8VDV_3578-3880-4090-4392,0,0,1,0,0,0,0,0,0
F9LBQ8VDV_4107-7469-4619-7981,0,0,1,0,0,0,0,0,0
F9LBQ8VDV_4107-6445-4619-6957,0,0,1,0,0,0,0,0,0
F9LBQ8VDV_3769-4643-4281-5155,0,0,1,0,0,0,0,0,0
F9LBQ8VDV_3735-3502-4247-4014,0,0,1,0,0,0,0,0,0
F9LBQ8VDV_4107-6957-4619-7469,0,0,1,0,0,0,0,0,0
F9LBQ8VDV_4140-3214-4652-3726,0,0,1,0,0,0,1,0,0
F9LBQ8VDV_5164-3726-5676-4238,0,0,0,0,0,0,1,0,0
F9LBQ8VDV_4652-3726-5164-4238,0,0,0,0,0,0,1,0,0
F9LBQ8VDV_6188-4238-6700-4750,0,0,0,0,0,0,1,0,0
F9LBQ8VDV_5676-3726-6188-4238,0,0,0,0,0,0,1,0,0
F9LBQ8VDV_5676-4238-6188-4750,0,0,0,0,0,0,1,0,0
F9MYG9A11_1579-793-2091-1305,0,0,0,1,0,0,0,0,0
F9MYG9A11_1067-1305-1579-1817,0,0,0,1,0,0,0,0,0
F9LBQ8VDV_791-4045-1303-4557,0,0,1,0,0,0,0,0,0
F9LBQ8VDV_871-6454-1383-6966,0,0,1,0,0,0,0,0,0
F9MYG9A11_1067-793-1579-1305,0,0,0,1,0,0,0,0,0
F9MYG9A11_1579-1305-2091-1817,0,0,0,1,0,0,0,0,0
F9V3DBDIX_1174-4346-1686-4858,0,1,0,0,0,0,0,0,0
F9MYG9A11_8809-1225-9321-1737,0,0,0,1,0,0,0,0,0
F9MYG9A11_9337-3359-9849-3871,0,0,0,1,0,0,0,0,0
F9V3DBDIX_1166-801-1678-1313,0,1,0,0,0,0,0,0,0
F9MYG9A11_9064-1148-9576-1660,0,0,0,1,0,0,0,0,0
F9T46HF8G_1998-4120-2510-4632,0,0,0,0,0,1,0,0,0
F9V3DBDIX_1686-4346-2198-4858,0,1,0,0,0,0,0,0,0
F9V3DBDIX_2198-4346-2710-4858,0,1,0,0,0,0,0,0,0
F9V3DBDIX_3609-1216-4121-1728,0,1,0,0,0,0,0,0,0
F9V3DBDIX_2681-4345-3193-4857,0,1,0,0,0,0,0,0,0
F9V3DBDIX_3205-831-3717-1343,0,1,0,0,0,0,0,0,0
F9V3DBDIX_3193-4345-3705-4857,0,1,0,0,0,0,0,0,0
F9V3DBDIX_4155-3554-4667-4066,0,1,0,0,0,0,0,0,0
F9V3DBDIX_3609-704-4121-1216,0,1,0,0,0,0,0,0,0
F9V3DBDIX_3705-4345-4217-4857,0,1,0,0,0,0,0,0,0
F9V3DBDIX_4121-1216-4633-1728,0,1,0,0,0,0,0,0,0
F9V3DBDIX_3643-4066-4155-4578,0,1,0,0,0,0,0,0,0
F9V3DBDIX_4121-704-4633-1216,0,1,0,0,0,0,0,0,0
F9V3DBDIX_515-1620-1027-2132,0,1,0,0,0,0,0,0,0
F9V3DBDIX_515-1108-1027-1620,0,1,0,0,0,0,0,0,0
F9V3DBDIX_662-3834-1174-4346,0,1,0,0,0,0,0,0,0
F9V3DBDIX_4155-4066-4667-4578,0,1,0,0,0,0,0,0,0
F9V3DBDIX_4217-4345-4729-4857,0,1,0,0,0,0,0,0,0
F9V3DBDIX_662-4346-1174-4858,0,1,0,0,0,0,0,0,0
F9V3DBDIX_711-818-1223-1330,0,1,0,0,0,0,0,0,0
FAECKMHEI_12780-1192-13292-1704,0,1,0,0,0,0,0,0,0
FA8ICPZ31_742-1442-1254-1954,0,0,0,0,0,0,0,0,1
FA8ICPZ31_10390-2512-10902-3024,0,0,0,0,0,0,0,0,1
FAECKMHEI_4697-11705-5209-12217,0,0,0,0,0,0,0,0,1
FAECKMHEI_4985-15815-5497-16327,0,1,0,0,0,0,0,0,0
FAECKMHEI_5497-15815-6009-16327,0,1,0,0,0,0,0,0,0
FAECKMHEI_4985-16327-5497-16839,0,1,0,0,0,0,0,0,0
FAECKMHEI_5497-15303-6009-15815,0,1,0,0,0,0,0,0,0
FAECKMHEI_6009-15303-6521-15815,0,1,0,0,0,0,0,0,0
FAECKMHEI_4985-16839-5497-17351,0,1,0,0,0,0,0,0,0
FAECKMHEI_6009-14791-6521-15303,0,1,0,0,0,0,0,0,0
FAECKMHEI_6521-13767-7033-14279,0,1,0,0,0,0,0,0,0
FAECKMHEI_6521-14279-7033-14791,0,1,0,0,0,0,0,0,0
FAECKMHEI_6131-17167-6643-17679,0,0,0,0,0,0,0,0,1
FAECKMHEI_6009-16839-6521-17351,0,0,0,0,0,0,0,0,1
FAECKMHEI_6521-14791-7033-15303,0,1,0,0,0,0,0,0,0
FAECKMHEI_7545-13255-8057-13767,0,1,0,0,0,0,0,0,0
FAECKMHEI_7033-13255-7545-13767,0,1,0,0,0,0,0,0,0
FAECKMHEI_8057-13255-8569-13767,0,1,0,0,0,0,0,0,0
FAECKMHEI_8569-12743-9081-13255,0,1,0,0,0,0,0,0,0
FAECKMHEI_7033-13767-7545-14279,0,1,0,0,0,0,0,0,0
FAECKMHEI_8804-12619-9316-13131,0,1,0,0,0,0,0,0,0
FAECKMHEI_8057-12743-8569-13255,0,1,0,0,0,0,0,0,0
FD8VG4IVK_7299-3898-7811-4410,0,1,0,0,0,0,0,0,0
FD8VG4IVK_6557-8407-7069-8919,0,1,0,0,0,0,0,0,0
FD8VG4IVK_7609-4116-8121-4628,0,1,0,0,0,0,0,0,0
FD8VG4IVK_7444-7631-7956-8143,0,1,0,0,0,0,0,0,0
FCCLNYLGV_578-5271-1090-5783,0,0,0,0,0,0,0,0,1
FD8VG4IVK_7799-6298-8311-6810,0,1,0,0,0,0,0,0,0
FD8VG4IVK_8386-8393-8898-8905,0,1,0,0,0,0,0,0,0
FDN19JGK3_2324-6173-2836-6685,0,0,0,0,0,0,1,0,0
FDN19JGK3_1812-6173-2324-6685,0,0,0,0,0,0,1,0,0
FDN19JGK3_1300-6173-1812-6685,0,0,0,0,0,0,1,0,0
FDN19JGK3_2836-6173-3348-6685,0,0,0,0,0,0,1,0,0
FDN19JGK3_3348-6173-3860-6685,0,0,0,0,0,0,1,0,0
FDN19JGK3_4884-5661-5396-6173,0,0,0,0,0,0,1,0,0
FDN19JGK3_4372-6173-4884-6685,0,0,0,0,0,0,1,0,0
FDN19JGK3_3860-6173-4372-6685,0,0,0,0,0,0,1,0,0
FDN19JGK3_4884-6173-5396-6685,0,0,0,0,0,0,1,0,0
FDN19JGK3_5908-5661-6420-6173,0,0,0,0,0,0,1,0,0
FDN19JGK3_5396-5661-5908-6173,0,0,0,0,0,0,1,0,0
FDN19JGK3_6420-5149-6932-5661,0,0,0,0,0,0,1,0,0
FDN19JGK3_7444-5149-7956-5661,0,0,0,0,0,0,1,0,0
FDN19JGK3_6932-5149-7444-5661,0,0,0,0,0,0,1,0,0
FDN19JGK3_788-6173-1300-6685,0,0,0,0,0,0,1,0,0
FDN19JGK3_8468-4637-8980-5149,0,0,0,0,0,0,1,0,0
FDN19JGK3_7956-4637-8468-5149,0,0,0,0,0,0,1,0,0
FE99J4R4P_1548-3016-2060-3528,0,0,0,1,0,0,0,0,0
FE99J4R4P_2136-7565-2648-8077,0,0,0,1,0,0,0,0,0
FE99J4R4P_1036-3528-1548-4040,0,0,0,1,0,0,0,0,0
FE99J4R4P_2136-7053-2648-7565,0,0,0,1,0,0,0,0,0
FE99J4R4P_2982-6314-3494-6826,0,0,0,1,0,0,0,0,0
FE99J4R4P_2833-2126-3345-2638,0,0,0,1,0,0,0,0,0
FE99J4R4P_2982-6826-3494-7338,0,0,0,1,0,0,0,0,0
FE99J4R4P_3345-2638-3857-3150,0,0,0,1,0,0,0,0,0
FE99J4R4P_3345-2126-3857-2638,0,0,0,1,0,0,0,0,0
FE99J4R4P_3345-3150-3857-3662,0,0,0,1,0,0,0,0,0
FE99J4R4P_3857-2638-4369-3150,0,0,0,1,0,0,0,0,0
FE99J4R4P_3857-3150-4369-3662,0,0,0,1,0,0,0,0,0
FE99J4R4P_4369-3150-4881-3662,0,0,0,1,0,0,0,0,0
FE9MVRHLE_1121-403-1633-915,0,0,1,0,0,0,0,0,0
FE99J4R4P_758-3737-1270-4249,0,0,0,1,0,0,0,0,0
FE9MVRHLE_2130-810-2642-1322,0,0,1,0,0,0,0,0,0
FE9MVRHLE_1633-403-2145-915,0,0,1,0,0,0,0,0,0
FE9MVRHLE_2145-403-2657-915,0,0,1,0,0,0,0,0,0
FEC1QT7Y4_180-3991-692-4503,1,0,0,0,0,0,0,0,0
FE9MVRHLE_609-403-1121-915,0,0,1,0,0,0,0,0,0
FEC1QT7Y4_374-4183-886-4695,1,0,0,0,0,0,0,0,0
FEC1QT7Y4_774-4584-1286-5096,1,0,0,0,0,0,0,0,0
FEE1L8HH6_10007-3310-10519-3822,0,0,0,0,0,0,1,0,0
FEE1L8HH6_3087-3025-3599-3537,0,0,0,0,0,0,1,0,0
FEE1L8HH6_3087-2513-3599-3025,0,0,0,0,0,0,1,0,0
FEE1L8HH6_2781-2688-3293-3200,0,0,0,0,0,0,1,0,0
FEE1L8HH6_2781-3200-3293-3712,0,0,0,0,0,0,1,0,0
FEE1L8HH6_3293-2688-3805-3200,0,0,0,0,0,0,1,0,0
FEE1L8HH6_2269-2688-2781-3200,0,0,0,0,0,0,1,0,0
FEE1L8HH6_2269-3200-2781-3712,0,0,0,0,0,0,1,0,0
FEE1L8HH6_3599-2513-4111-3025,0,0,0,0,0,0,1,0,0
FEE1L8HH6_3805-2688-4317-3200,0,0,0,0,0,0,1,0,0
FEE1L8HH6_3805-3200-4317-3712,0,0,0,0,0,0,1,0,0
FEE1L8HH6_4111-3025-4623-3537,0,0,0,0,0,0,1,0,0
FEE1L8HH6_4317-2688-4829-3200,0,0,0,0,0,0,1,0,0
FEE1L8HH6_3599-3025-4111-3537,0,0,0,0,0,0,1,0,0
FEE1L8HH6_3293-3200-3805-3712,0,0,0,0,0,0,1,0,0
FEE1L8HH6_4317-3200-4829-3712,0,0,0,0,0,0,1,0,0
FEE1L8HH6_4623-3025-5135-3537,0,0,0,0,0,0,1,0,0
FEE1L8HH6_4829-2688-5341-3200,0,0,0,0,0,0,1,0,0
FEE1L8HH6_6159-3025-6671-3537,0,0,0,0,0,0,1,0,0
FEE1L8HH6_5647-3025-6159-3537,0,0,0,0,0,0,1,0,0
FEE1L8HH6_4829-3200-5341-3712,0,0,0,0,0,0,1,0,0
FEE1L8HH6_5135-3025-5647-3537,0,0,0,0,0,0,1,0,0
FEE1L8HH6_6671-3025-7183-3537,0,0,0,0,0,0,1,0,0
FEE1L8HH6_7183-3025-7695-3537,0,0,0,0,0,0,1,0,0
FEE1L8HH6_7695-3025-8207-3537,0,0,0,0,0,0,1,0,0
FEE1L8HH6_8471-3310-8983-3822,0,0,0,0,0,0,1,0,0
FF3DH7B4D_2578-3799-3090-4311,0,0,0,1,0,0,0,0,0
FF3DH7B4D_2544-536-3056-1048,0,0,0,1,0,0,0,0,0
FF3DH7B4D_2578-2263-3090-2775,0,0,0,1,0,0,0,0,0
FEE1L8HH6_8983-3310-9495-3822,0,0,0,0,0,0,1,0,0
FEE1L8HH6_9495-3310-10007-3822,0,0,0,0,0,0,1,0,0
FF3DH7B4D_1261-534-1773-1046,0,0,0,1,0,0,0,0,0
FF3DH7B4D_2578-3287-3090-3799,0,0,0,1,0,0,0,0,0
FF3DH7B4D_2578-2775-3090-3287,0,0,0,1,0,0,0,0,0
FF3DH7B4D_2944-1635-3456-2147,0,0,0,1,0,0,0,0,0
FF3DH7B4D_2944-1123-3456-1635,0,0,0,1,0,0,0,0,0
FF3DH7B4D_3090-2263-3602-2775,0,0,0,1,0,0,0,0,0
FF3DH7B4D_3090-3287-3602-3799,0,0,0,1,0,0,0,0,0
FF3DH7B4D_3456-1123-3968-1635,0,0,0,1,0,0,0,0,0
FF3DH7B4D_3090-2775-3602-3287,0,0,0,1,0,0,0,0,0
FF3DH7B4D_3602-2263-4114-2775,0,0,0,1,0,0,0,0,0
FF3DH7B4D_3456-1635-3968-2147,0,0,0,1,0,0,0,0,0
FF3DH7B4D_3602-2775-4114-3287,0,0,0,1,0,0,0,0,0
FF3DH7B4D_3602-3287-4114-3799,0,0,0,1,0,0,0,0,0
FF3DH7B4D_4114-3287-4626-3799,0,0,0,1,0,0,0,0,0
FF3DH7B4D_3645-1296-4157-1808,0,0,0,1,0,0,0,0,0
FF3DH7B4D_4157-1296-4669-1808,0,0,0,1,0,0,0,0,0
FF3DH7B4D_4157-1808-4669-2320,0,0,0,1,0,0,0,0,0
FF3DH7B4D_3645-1808-4157-2320,0,0,0,1,0,0,0,0,0
FF3DH7B4D_4175-427-4687-939,0,0,0,1,0,0,0,0,0
FF3DH7B4D_457-1826-969-2338,0,0,0,1,0,0,0,0,0
FF3DH7B4D_457-2338-969-2850,0,0,0,1,0,0,0,0,0
FF3DH7B4D_457-2850-969-3362,0,0,0,1,0,0,0,0,0
FF3DH7B4D_4626-3287-5138-3799,0,0,0,1,0,0,0,0,0
FF3DH7B4D_5526-2216-6038-2728,0,0,0,1,0,0,0,0,0
FF3DH7B4D_4687-427-5199-939,0,0,0,1,0,0,0,0,0
FF3DH7B4D_5483-870-5995-1382,0,0,0,1,0,0,0,0,0
FF3DH7B4D_4626-3799-5138-4311,0,0,0,1,0,0,0,0,0
FF3DH7B4D_6655-1630-7167-2142,0,0,0,1,0,0,0,0,0
FF3DH7B4D_6157-1426-6669-1938,0,0,0,1,0,0,0,0,0
FF3DH7B4D_6701-758-7213-1270,0,0,0,1,0,0,0,0,0
FF3DH7B4D_7413-1519-7925-2031,0,0,0,1,0,0,0,0,0
FF3DH7B4D_6663-1271-7175-1783,0,0,0,1,0,0,0,0,0
FF3DH7B4D_7413-2031-7925-2543,0,0,0,1,0,0,0,0,0
FFUKAUQB4_1079-809-1591-1321,0,0,0,0,0,1,0,0,0
FFUKAUQB4_1097-5512-1609-6024,0,0,0,0,1,1,0,0,0
FF3DH7B4D_7440-421-7952-933,0,0,0,1,0,0,0,0,0
FF3DH7B4D_7429-3696-7941-4208,0,0,0,1,0,0,0,0,0
FFUKAUQB4_1031-2699-1543-3211,0,0,0,0,1,1,0,0,0
FF3DH7B4D_7498-2289-8010-2801,0,0,0,1,0,0,0,0,0
FFUKAUQB4_1355-1535-1867-2047,0,0,0,0,1,1,0,0,0
FFUKAUQB4_1177-1279-1689-1791,0,0,0,0,0,1,0,0,0
FFUKAUQB4_1584-1784-2096-2296,0,0,0,0,1,1,0,0,0
FFUKAUQB4_1543-2699-2055-3211,0,0,0,0,1,1,0,0,0
FFUKAUQB4_1617-5522-2129-6034,0,0,0,0,1,1,0,0,0
FFUKAUQB4_1365-2879-1877-3391,0,0,0,0,1,1,0,0,0
FFUKAUQB4_2129-5522-2641-6034,0,0,0,0,1,1,0,0,0
FFUKAUQB4_1877-2879-2389-3391,0,0,0,0,0,1,0,0,0
FFUKAUQB4_2221-3058-2733-3570,0,0,0,0,0,1,0,0,0
FFUKAUQB4_2492-3232-3004-3744,0,0,0,0,0,1,0,0,0
FFUKAUQB4_2131-2146-2643-2658,0,0,0,0,0,1,0,0,0
FFUKAUQB4_3138-3870-3650-4382,0,0,0,0,0,1,0,0,0
FFUKAUQB4_2914-5508-3426-6020,0,0,0,0,1,1,0,0,0
FFUKAUQB4_2554-2480-3066-2992,0,0,0,0,1,1,0,0,0
FFUKAUQB4_3426-5508-3938-6020,0,0,0,0,0,1,0,0,0
FFUKAUQB4_2402-5508-2914-6020,0,0,0,0,1,1,0,0,0
FFUKAUQB4_2856-3467-3368-3979,0,0,0,0,0,1,0,0,0
FFUKAUQB4_3009-2751-3521-3263,0,0,0,0,0,1,0,0,0
FFUKAUQB4_3591-4072-4103-4584,0,0,0,0,0,1,0,0,0
FFUKAUQB4_3480-3046-3992-3558,0,0,0,0,0,1,0,0,0
FFUKAUQB4_3812-3223-4324-3735,0,0,0,0,0,1,0,0,0
FFUKAUQB4_4324-2711-4836-3223,0,0,0,0,0,1,0,0,0
FFUKAUQB4_4324-3223-4836-3735,0,0,0,0,0,1,0,0,0
FFUKAUQB4_4836-2711-5348-3223,0,0,0,0,0,1,0,0,0
FFUKAUQB4_5348-2711-5860-3223,0,0,0,0,0,1,0,0,0
FFUKAUQB4_5598-2528-6110-3040,0,0,0,0,0,1,0,0,0
FFUKAUQB4_597-5566-1109-6078,0,0,0,0,1,1,0,0,0
FFUKAUQB4_6110-2528-6622-3040,0,0,0,0,0,1,0,0,0
FFUKAUQB4_929-465-1441-977,0,0,0,0,0,1,0,0,0
FFUKAUQB4_6622-2528-7134-3040,0,0,0,0,0,1,0,0,0
FFUKAUQB4_6849-2383-7361-2895,0,0,0,0,0,1,0,0,0
FFUKAUQB4_6906-1846-7418-2358,0,0,0,0,0,1,0,0,0
FG4VLD1LM_2314-591-2826-1103,0,0,0,1,0,0,0,0,0
FG4VLD1LM_785-1584-1297-2096,0,0,0,1,0,0,0,0,0
FFUKAUQB4_6849-559-7361-1071,0,0,0,0,0,1,0,0,0
FFUKAUQB4_763-2891-1275-3403,0,0,0,0,1,1,0,0,0
FGERWMW6V_1248-1288-1760-1800,1,0,0,0,0,0,0,0,0
FGERWMW6V_1248-4360-1760-4872,1,0,0,0,0,0,0,0,0
FGERWMW6V_1248-5384-1760-5896,1,0,0,0,0,0,0,0,0
FGERWMW6V_1248-2824-1760-3336,1,0,0,0,0,0,0,0,0
FGERWMW6V_1248-4872-1760-5384,1,0,0,0,0,0,0,0,0
FGERWMW6V_1257-690-1769-1202,1,0,0,0,0,0,0,0,0
FGERWMW6V_1760-3848-2272-4360,1,0,0,0,0,0,0,0,0
FGERWMW6V_1760-4360-2272-4872,1,0,0,0,0,0,0,0,0
FGERWMW6V_224-1800-736-2312,1,0,0,0,0,0,0,0,0
FGERWMW6V_224-2824-736-3336,1,0,0,0,0,0,0,0,0
FGERWMW6V_1760-5384-2272-5896,1,0,0,0,0,0,0,0,0
FGERWMW6V_224-3848-736-4360,1,0,0,0,0,0,0,0,0
FGERWMW6V_224-1288-736-1800,1,0,0,0,0,0,0,0,0
FGERWMW6V_224-2312-736-2824,1,0,0,0,0,0,0,0,0
FGERWMW6V_224-3336-736-3848,1,0,0,0,0,0,0,0,0
FGERWMW6V_1769-690-2281-1202,1,0,0,0,0,0,0,0,0
FGERWMW6V_224-4360-736-4872,1,0,0,0,0,0,0,0,0
FGERWMW6V_224-4872-736-5384,1,0,0,0,0,0,0,0,0
FGERWMW6V_2272-3848-2784-4360,1,0,0,0,0,0,0,0,0
FGERWMW6V_224-5384-736-5896,1,0,0,0,0,0,0,0,0
FGERWMW6V_2272-5384-2784-5896,1,0,0,0,0,0,0,0,0
FGERWMW6V_2281-690-2793-1202,1,0,0,0,0,0,0,0,0
FGERWMW6V_2784-1288-3296-1800,1,0,0,0,0,0,0,0,0
FGERWMW6V_2784-1800-3296-2312,1,0,0,0,0,0,0,0,0
FGERWMW6V_2784-2824-3296-3336,1,0,0,0,0,0,0,0,0
FGERWMW6V_2784-2312-3296-2824,1,0,0,0,0,0,0,0,0
FGERWMW6V_2784-3848-3296-4360,1,0,0,0,0,0,0,0,0
FGERWMW6V_2784-3336-3296-3848,1,0,0,0,0,0,0,0,0
FGERWMW6V_2784-4872-3296-5384,1,0,0,0,0,0,0,0,0
FGERWMW6V_679-962-1191-1474,1,0,0,0,0,0,0,0,0
FGERWMW6V_2784-4360-3296-4872,1,0,0,0,0,0,0,0,0
FGERWMW6V_378-813-890-1325,1,0,0,0,0,0,0,0,0
FGERWMW6V_378-301-890-813,1,0,0,0,0,0,0,0,0
FGERWMW6V_2793-690-3305-1202,1,0,0,0,0,0,0,0,0
FGERWMW6V_2784-5384-3296-5896,1,0,0,0,0,0,0,0,0
FGERWMW6V_736-1288-1248-1800,1,0,0,0,0,0,0,0,0
FGERWMW6V_745-2738-1257-3250,1,0,0,0,0,0,0,0,0
FGERWMW6V_736-5384-1248-5896,1,0,0,0,0,0,0,0,0
FGERWMW6V_745-690-1257-1202,1,0,0,0,0,0,0,0,0
FGERWMW6V_745-3250-1257-3762,1,0,0,0,0,0,0,0,0
FGERWMW6V_777-352-1289-864,1,0,0,0,0,0,0,0,0
FGVQXB7MD_1358-4786-1870-5298,1,0,0,0,0,0,0,0,0
FGVQXB7MD_1870-4786-2382-5298,1,0,0,0,0,0,0,0,0
FGVQXB7MD_4761-287-5273-799,1,0,0,0,0,0,0,0,0
FGYV9RJHB_1158-6303-1670-6815,0,0,1,0,0,0,0,0,0
FGYV9RJHB_1376-5888-1888-6400,0,0,1,0,0,0,0,0,0
FGYV9RJHB_1244-6552-1756-7064,0,0,1,0,0,0,0,0,0
FGYV9RJHB_1624-8343-2136-8855,0,0,1,0,0,0,0,0,0
FH72NY8UL_1102-3153-1614-3665,0,1,0,0,0,0,0,0,0
FGYV9RJHB_2061-5574-2573-6086,0,0,1,0,0,0,0,0,0
FGYV9RJHB_1814-8540-2326-9052,0,0,1,0,0,0,0,0,0
FGYV9RJHB_1285-5654-1797-6166,0,0,1,0,0,0,0,0,0
FH72NY8UL_1318-1946-1830-2458,0,1,0,0,0,0,0,0,0
FH72NY8UL_1378-6735-1890-7247,0,1,0,0,0,0,0,0,0
FH72NY8UL_1377-13286-1889-13798,0,1,0,0,0,0,0,0,0
FH72NY8UL_1318-922-1830-1434,0,1,0,0,0,0,0,0,0
FH72NY8UL_1377-12774-1889-13286,0,1,0,0,0,0,0,0,0
FH72NY8UL_1377-12262-1889-12774,0,1,0,0,0,0,0,0,0
FH72NY8UL_1378-7247-1890-7759,0,1,0,0,0,0,0,0,0
FH72NY8UL_1378-8271-1890-8783,0,1,0,0,0,0,0,0,0
FH72NY8UL_1378-7759-1890-8271,0,1,0,0,0,0,0,0,0
FH72NY8UL_1387-10623-1899-11135,0,1,0,0,0,0,0,0,0
FH72NY8UL_1830-2458-2342-2970,0,1,0,0,0,0,0,0,0
FH72NY8UL_1847-4537-2359-5049,0,1,0,0,0,0,0,0,0
FH72NY8UL_1830-1434-2342-1946,0,1,0,0,0,0,0,0,0
FH72NY8UL_1614-3153-2126-3665,0,1,0,0,0,0,0,0,0
FH72NY8UL_1890-6735-2402-7247,0,1,0,0,0,0,0,0,0
FH72NY8UL_1830-1946-2342-2458,0,1,0,0,0,0,0,0,0
FH72NY8UL_1387-11135-1899-11647,0,1,0,0,0,0,0,0,0
FH72NY8UL_1830-922-2342-1434,0,1,0,0,0,0,0,0,0
FH72NY8UL_1387-11647-1899-12159,0,1,0,0,0,0,0,0,0
FH72NY8UL_1890-8271-2402-8783,0,1,0,0,0,0,0,0,0
FH72NY8UL_2342-922-2854-1434,0,1,0,0,0,0,0,0,0
FH72NY8UL_2126-3153-2638-3665,0,1,0,0,0,0,0,0,0
FH72NY8UL_2395-4542-2907-5054,0,1,0,0,0,0,0,0,0
FH72NY8UL_2342-1434-2854-1946,0,1,0,0,0,0,0,0,0
FH72NY8UL_2402-5711-2914-6223,0,1,0,0,0,0,0,0,0
FH72NY8UL_2402-6223-2914-6735,0,1,0,0,0,0,0,0,0
FH72NY8UL_2402-8271-2914-8783,0,1,0,0,0,0,0,0,0
FH72NY8UL_2402-7759-2914-8271,0,1,0,0,0,0,0,0,0
FH72NY8UL_2914-5711-3426-6223,0,1,0,0,0,0,0,0,0
FH72NY8UL_2545-14018-3057-14530,0,1,0,0,0,0,0,0,0
FH72NY8UL_2956-4511-3468-5023,0,1,0,0,0,0,0,0,0
FH72NY8UL_2914-7247-3426-7759,0,1,0,0,0,0,0,0,0
FH72NY8UL_2914-7759-3426-8271,0,1,0,0,0,0,0,0,0
FH72NY8UL_3057-13506-3569-14018,0,1,0,0,0,0,0,0,0
FH72NY8UL_3057-14018-3569-14530,0,1,0,0,0,0,0,0,0
FH72NY8UL_3057-11970-3569-12482,0,1,0,0,0,0,0,0,0
FH72NY8UL_3426-5711-3938-6223,0,1,0,0,0,0,0,0,0
FH72NY8UL_3569-10946-4081-11458,0,1,0,0,0,0,0,0,0
FH72NY8UL_3430-4468-3942-4980,0,1,0,0,0,0,0,0,0
FH72NY8UL_3569-11458-4081-11970,0,1,0,0,0,0,0,0,0
FH72NY8UL_3426-6735-3938-7247,0,1,0,0,0,0,0,0,0
FH72NY8UL_3569-11970-4081-12482,0,1,0,0,0,0,0,0,0
FH72NY8UL_3569-12482-4081-12994,0,1,0,0,0,0,0,0,0
FH72NY8UL_3569-14018-4081-14530,0,1,0,0,0,0,0,0,0
FH72NY8UL_3569-12994-4081-13506,0,1,0,0,0,0,0,0,0
FH72NY8UL_3938-5711-4450-6223,0,1,0,0,0,0,0,0,0
FH72NY8UL_4281-1028-4793-1540,0,1,0,0,0,0,0,0,0
FH72NY8UL_4081-10946-4593-11458,0,1,0,0,0,0,0,0,0
FH72NY8UL_4281-1540-4793-2052,0,1,0,0,0,0,0,0,0
FH72NY8UL_4081-14018-4593-14530,0,1,0,0,0,0,0,0,0
FH72NY8UL_4081-11458-4593-11970,0,1,0,0,0,0,0,0,0
FH72NY8UL_4281-2052-4793-2564,0,1,0,0,0,0,0,0,0
FH72NY8UL_3942-4468-4454-4980,0,1,0,0,0,0,0,0,0
FH72NY8UL_4081-11970-4593-12482,0,1,0,0,0,0,0,0,0
FH72NY8UL_3938-6223-4450-6735,0,1,0,0,0,0,0,0,0
FH72NY8UL_4593-11458-5105-11970,0,1,0,0,0,0,0,0,0
FH72NY8UL_4593-10434-5105-10946,0,1,0,0,0,0,0,0,0
FH72NY8UL_4450-5711-4962-6223,0,1,0,0,0,0,0,0,0
FH72NY8UL_4593-11970-5105-12482,0,1,0,0,0,0,0,0,0
FH72NY8UL_4593-13506-5105-14018,0,1,0,0,0,0,0,0,0
FH72NY8UL_4793-2052-5305-2564,0,1,0,0,0,0,0,0,0
FH72NY8UL_4793-1028-5305-1540,0,1,0,0,0,0,0,0,0
FH72NY8UL_4593-14018-5105-14530,0,1,0,0,0,0,0,0,0
FH72NY8UL_5105-10434-5617-10946,0,1,0,0,0,0,0,0,0
FH72NY8UL_5305-1028-5817-1540,0,1,0,0,0,0,0,0,0
FH72NY8UL_5305-2052-5817-2564,0,1,0,0,0,0,0,0,0
FH72NY8UL_5105-11970-5617-12482,0,1,0,0,0,0,0,0,0
FH72NY8UL_5105-11458-5617-11970,0,1,0,0,0,0,0,0,0
FH72NY8UL_5105-10946-5617-11458,0,1,0,0,0,0,0,0,0
FH72NY8UL_5305-1540-5817-2052,0,1,0,0,0,0,0,0,0
FH72NY8UL_5105-9410-5617-9922,0,1,0,0,0,0,0,0,0
FH72NY8UL_5105-12994-5617-13506,0,1,0,0,0,0,0,0,0
FH72NY8UL_5105-13506-5617-14018,0,1,0,0,0,0,0,0,0
FH72NY8UL_5617-10434-6129-10946,0,1,0,0,0,0,0,0,0
FH72NY8UL_5434-5132-5946-5644,0,1,0,0,0,0,0,0,0
FH72NY8UL_5617-10946-6129-11458,0,1,0,0,0,0,0,0,0
FH72NY8UL_5434-5644-5946-6156,0,1,0,0,0,0,0,0,0
FH72NY8UL_5617-11458-6129-11970,0,1,0,0,0,0,0,0,0
FH72NY8UL_5617-11970-6129-12482,0,1,0,0,0,0,0,0,0
FH72NY8UL_5817-1540-6329-2052,0,1,0,0,0,0,0,0,0
FH72NY8UL_5817-1028-6329-1540,0,1,0,0,0,0,0,0,0
FH72NY8UL_5617-12994-6129-13506,0,1,0,0,0,0,0,0,0
FH72NY8UL_6129-11458-6641-11970,0,1,0,0,0,0,0,0,0
FH72NY8UL_5617-9922-6129-10434,0,1,0,0,0,0,0,0,0
FH72NY8UL_5617-9410-6129-9922,0,1,0,0,0,0,0,0,0
FH72NY8UL_5891-8310-6403-8822,0,1,0,0,0,0,0,0,0
FH72NY8UL_5617-12482-6129-12994,0,1,0,0,0,0,0,0,0
FH72NY8UL_6129-10946-6641-11458,0,1,0,0,0,0,0,0,0
FH72NY8UL_6129-11970-6641-12482,0,1,0,0,0,0,0,0,0
FH72NY8UL_5891-7798-6403-8310,0,1,0,0,0,0,0,0,0
FH72NY8UL_6129-9410-6641-9922,0,1,0,0,0,0,0,0,0
FH72NY8UL_6540-6418-7052-6930,0,1,0,0,0,0,0,0,0
FH72NY8UL_6550-5541-7062-6053,0,1,0,0,0,0,0,0,0
FH72NY8UL_6540-6930-7052-7442,0,1,0,0,0,0,0,0,0
FH72NY8UL_6540-7442-7052-7954,0,1,0,0,0,0,0,0,0
FH72NY8UL_6641-10434-7153-10946,0,1,0,0,0,0,0,0,0
FH72NY8UL_6641-9922-7153-10434,0,1,0,0,0,0,0,0,0
FH72NY8UL_6641-9410-7153-9922,0,1,0,0,0,0,0,0,0
FH72NY8UL_865-13286-1377-13798,0,1,0,0,0,0,0,0,0
FH72NY8UL_865-12774-1377-13286,0,1,0,0,0,0,0,0,0
FH72NY8UL_866-7247-1378-7759,0,1,0,0,0,0,0,0,0
FH72NY8UL_866-7759-1378-8271,0,1,0,0,0,0,0,0,0
FH72NY8UL_875-11647-1387-12159,0,1,0,0,0,0,0,0,0
FH72NY8UL_865-12262-1377-12774,0,1,0,0,0,0,0,0,0
FHA3KGRQC_10417-8447-10929-8959,0,0,0,0,0,0,0,0,1
FH72NY8UL_875-10623-1387-11135,0,1,0,0,0,0,0,0,0
FHA3KGRQC_1130-2603-1642-3115,0,0,0,0,0,0,0,0,1
FH72NY8UL_875-11135-1387-11647,0,1,0,0,0,0,0,0,0
FHA3KGRQC_7476-6673-7988-7185,0,0,0,0,0,0,0,0,1
FHPBGQ8WQ_2777-4580-3289-5092,0,0,0,0,0,0,1,0,0
FHPBGQ8WQ_2777-5092-3289-5604,0,0,0,0,0,0,1,0,0
FHPBGQ8WQ_3289-5092-3801-5604,0,0,0,0,0,0,1,0,0
FHPBGQ8WQ_3289-5604-3801-6116,0,0,0,0,0,0,1,0,0
FHPBGQ8WQ_3801-5604-4313-6116,0,0,0,0,0,0,1,0,0
FHPBGQ8WQ_5490-2292-6002-2804,0,0,0,0,0,0,1,0,0
FHPBGQ8WQ_7026-6388-7538-6900,0,0,0,0,0,0,1,0,0
FHPBGQ8WQ_7026-5876-7538-6388,0,0,0,0,0,0,1,0,0
FHPBGQ8WQ_7538-3316-8050-3828,0,0,0,0,0,0,1,0,0
FHPBGQ8WQ_7026-5364-7538-5876,0,0,0,0,0,0,1,0,0
FHPBGQ8WQ_7026-3316-7538-3828,0,0,0,0,0,0,1,0,0
FHPBGQ8WQ_5490-1780-6002-2292,0,0,0,0,0,0,1,0,0
FHPBGQ8WQ_6002-2804-6514-3316,0,0,0,0,0,0,1,0,0
FHPBGQ8WQ_6002-2292-6514-2804,0,0,0,0,0,0,1,0,0
FHPBGQ8WQ_6514-2804-7026-3316,0,0,0,0,0,0,1,0,0
FHPBGQ8WQ_7026-6900-7538-7412,0,0,0,0,0,0,1,0,0
FHPBGQ8WQ_6514-3316-7026-3828,0,0,0,0,0,0,1,0,0
FHPBGQ8WQ_7538-4852-8050-5364,0,0,0,0,0,0,1,0,0
FHPBGQ8WQ_7538-3828-8050-4340,0,0,0,0,0,0,1,0,0
FHPBGQ8WQ_7538-6900-8050-7412,0,0,0,0,0,0,1,0,0
FHPBGQ8WQ_7538-4340-8050-4852,0,0,0,0,0,0,1,0,0
FHPBGQ8WQ_7538-5364-8050-5876,0,0,0,0,0,0,1,0,0
FHPBGQ8WQ_8227-5156-8739-5668,0,0,0,0,0,0,1,0,0
FHPBGQ8WQ_7538-7924-8050-8436,0,0,0,0,0,0,1,0,0
FHPBGQ8WQ_8227-4132-8739-4644,0,0,0,0,0,0,1,0,0
FHU33PQCC_11353-2372-11865-2884,0,1,0,0,0,0,0,0,0
FHU33PQCC_10329-2884-10841-3396,0,1,0,0,0,0,0,0,0
FHU33PQCC_11865-2884-12377-3396,0,1,0,0,0,0,0,0,0
FHPBGQ8WQ_8227-4644-8739-5156,0,0,0,0,0,0,1,0,0
FHPBGQ8WQ_7538-7412-8050-7924,0,0,0,0,0,0,1,0,0
FHU33PQCC_10329-3396-10841-3908,0,1,0,0,0,0,0,0,0
FHU33PQCC_10841-2884-11353-3396,0,1,0,0,0,0,0,0,0
FHU33PQCC_11353-2884-11865-3396,0,1,0,0,0,0,0,0,0
FHU33PQCC_11865-2372-12377-2884,0,1,0,0,0,0,0,0,0
FHU33PQCC_11865-1860-12377-2372,0,1,0,0,0,0,0,0,0
FHU33PQCC_12889-1348-13401-1860,0,1,0,0,0,0,0,0,0
FHU33PQCC_12377-2372-12889-2884,0,1,0,0,0,0,0,0,0
FHU33PQCC_12889-2372-13401-2884,0,1,0,0,0,0,0,0,0
FHU33PQCC_12377-1860-12889-2372,0,1,0,0,0,0,0,0,0
FHU33PQCC_12377-1348-12889-1860,0,1,0,0,0,0,0,0,0
FHU33PQCC_12889-836-13401-1348,0,1,0,0,0,0,0,0,0
FHU33PQCC_13401-1860-13913-2372,0,1,0,0,0,0,0,0,0
FHU33PQCC_1873-2693-2385-3205,0,1,0,0,0,0,0,0,0
FHU33PQCC_2385-2693-2897-3205,0,1,0,0,0,0,0,0,0
FHU33PQCC_13401-836-13913-1348,0,1,0,0,0,0,0,0,0
FHU33PQCC_13401-1348-13913-1860,0,1,0,0,0,0,0,0,0
FHU33PQCC_2897-1157-3409-1669,0,1,0,0,0,0,0,0,0
FHU33PQCC_13401-2372-13913-2884,0,1,0,0,0,0,0,0,0
FHU33PQCC_1873-2181-2385-2693,0,1,0,0,0,0,0,0,0
FHU33PQCC_2897-1669-3409-2181,0,1,0,0,0,0,0,0,0
FHU33PQCC_2385-1669-2897-2181,0,1,0,0,0,0,0,0,0
FHU33PQCC_1361-2181-1873-2693,0,1,0,0,0,0,0,0,0
FHU33PQCC_1361-2693-1873-3205,0,1,0,0,0,0,0,0,0
FHU33PQCC_2897-2693-3409-3205,0,1,0,0,0,0,0,0,0
FHU33PQCC_3921-1669-4433-2181,0,1,0,0,0,0,0,0,0
FHU33PQCC_3409-1157-3921-1669,0,1,0,0,0,0,0,0,0
FHU33PQCC_3949-2578-4461-3090,0,1,0,0,0,0,0,0,0
FHU33PQCC_3437-2578-3949-3090,0,1,0,0,0,0,0,0,0
FHU33PQCC_4433-1669-4945-2181,0,1,0,0,0,0,0,0,0
FHU33PQCC_4461-2578-4973-3090,0,1,0,0,0,0,0,0,0
FHU33PQCC_4433-2181-4945-2693,0,1,0,0,0,0,0,0,0
FHYY79G42_3680-2896-4192-3408,0,0,0,0,0,0,1,0,0
FHYY79G42_4192-2896-4704-3408,0,0,0,0,0,0,1,0,0
FHU33PQCC_4973-2066-5485-2578,0,1,0,0,0,0,0,0,0
FHU33PQCC_5997-2578-6509-3090,0,1,0,0,0,0,0,0,0
FHU33PQCC_5485-2578-5997-3090,0,1,0,0,0,0,0,0,0
FHU33PQCC_9817-3396-10329-3908,0,1,0,0,0,0,0,0,0
FHYY79G42_4192-2384-4704-2896,0,0,0,0,0,0,1,0,0
FHU33PQCC_4973-2578-5485-3090,0,1,0,0,0,0,0,0,0
FHYY79G42_4704-2384-5216-2896,0,0,0,0,0,0,1,0,0
FHU33PQCC_9817-2884-10329-3396,0,1,0,0,0,0,0,0,0
FHYY79G42_4955-1481-5467-1993,0,0,0,0,0,0,1,0,0
FHYY79G42_5216-2384-5728-2896,0,0,0,0,0,0,1,0,0
FI2TC9R8W_1099-2629-1611-3141,0,0,0,0,0,1,0,0,0
FHYY79G42_5216-1872-5728-2384,0,0,0,0,0,0,1,0,0
FI2TC9R8W_323-390-835-902,0,0,0,0,0,1,0,0,0
FICV334A7_1364-762-1876-1274,0,0,0,0,0,1,0,0,0
FICV334A7_1171-9255-1683-9767,0,0,0,0,0,1,0,0,0
FICV334A7_1917-3946-2429-4458,0,0,1,0,0,1,0,0,0
FICV334A7_1605-9198-2117-9710,0,0,1,0,0,1,0,0,0
FICV334A7_1058-755-1570-1267,0,0,0,0,0,1,0,0,0
FICV334A7_2198-9270-2710-9782,0,0,0,0,0,1,0,0,0
FICV334A7_3056-807-3568-1319,0,0,0,0,0,1,0,0,0
FICV334A7_2688-797-3200-1309,0,0,0,0,0,1,0,0,0
FICV334A7_2710-9270-3222-9782,0,0,0,0,0,1,0,0,0
FICV334A7_2186-5766-2698-6278,0,0,1,0,0,1,0,0,0
FICV334A7_1997-2118-2509-2630,0,0,1,0,0,1,0,0,0
FICV334A7_1929-774-2441-1286,0,0,0,0,0,1,0,0,0
FICV334A7_2335-7650-2847-8162,0,0,1,0,0,1,0,0,0
FICV334A7_4034-14019-4546-14531,0,0,0,0,0,1,0,0,0
FICV334A7_3417-13988-3929-14500,0,0,0,0,0,1,0,0,0
FICV334A7_4785-13944-5297-14456,0,0,0,0,0,1,0,0,1
FIWYEAJ34_1055-3118-1567-3630,1,0,0,0,0,0,0,0,0
FICV334A7_4461-14045-4973-14557,0,0,0,0,0,1,0,0,0
FIWYEAJ34_1567-3118-2079-3630,1,0,0,0,0,0,0,0,0
FIWYEAJ34_2079-4142-2591-4654,1,0,0,0,0,0,0,0,0
FIWYEAJ34_3615-4142-4127-4654,1,0,0,0,0,0,0,0,0
FIWYEAJ34_2591-4142-3103-4654,1,0,0,0,0,0,0,0,0
FIWYEAJ34_1567-4142-2079-4654,1,0,0,0,0,0,0,0,0
FIWYEAJ34_4639-4142-5151-4654,1,0,0,0,0,0,0,0,0
FIWYEAJ34_1567-3630-2079-4142,1,0,0,0,0,0,0,0,0
FIWYEAJ34_4639-558-5151-1070,1,0,1,0,0,0,0,0,0
FIWYEAJ34_3103-4142-3615-4654,1,0,0,0,0,0,0,0,0
FIWYEAJ34_5151-558-5663-1070,1,0,0,0,0,0,0,0,0
FIWYEAJ34_4127-4142-4639-4654,1,0,0,0,0,0,0,0,0
FIWYEAJ34_5151-4142-5663-4654,1,0,0,0,0,0,0,0,0
FIWYEAJ34_543-3118-1055-3630,1,0,0,0,0,0,0,0,0
FIWYEAJ34_543-2094-1055-2606,1,0,0,0,0,0,0,0,0
FIWYEAJ34_543-1582-1055-2094,1,0,0,0,0,0,0,0,0
FIWYEAJ34_543-2606-1055-3118,1,0,0,0,0,0,0,0,0
FIWYEAJ34_5663-4142-6175-4654,1,0,1,0,0,0,0,0,0
FIWYEAJ34_543-558-1055-1070,1,0,0,0,0,0,0,0,0
FIWYEAJ34_7199-4142-7711-4654,1,0,0,0,0,0,0,0,0
FIWYEAJ34_5663-558-6175-1070,1,0,0,0,0,0,0,0,0
FIWYEAJ34_6175-558-6687-1070,1,0,0,0,0,0,0,0,0
FIWYEAJ34_7711-2094-8223-2606,1,0,0,0,0,0,0,0,0
FIWYEAJ34_7199-558-7711-1070,1,0,0,0,0,0,0,0,0
FIWYEAJ34_6687-4142-7199-4654,1,0,0,0,0,0,0,0,0
FIWYEAJ34_6687-558-7199-1070,1,0,0,0,0,0,0,0,0
FIWYEAJ34_7711-4142-8223-4654,1,0,0,0,0,0,0,0,0
FIWYEAJ34_8223-1582-8735-2094,1,0,0,0,0,0,0,0,0
FIWYEAJ34_7711-558-8223-1070,1,0,0,0,0,0,0,0,0
FIWYEAJ34_8223-1070-8735-1582,1,0,0,0,0,0,0,0,0
FIWYEAJ34_6175-4142-6687-4654,1,0,1,0,0,0,0,0,0
FIWYEAJ34_8223-2094-8735-2606,1,0,0,0,0,0,0,0,0
FIWYEAJ34_8223-3630-8735-4142,1,0,0,0,0,0,0,0,0
FIWYEAJ34_8223-3118-8735-3630,1,0,0,0,0,0,0,0,0
FIWYEAJ34_8223-2606-8735-3118,1,0,0,0,0,0,0,0,0
FIWYEAJ34_8223-558-8735-1070,1,0,0,0,0,0,0,0,0
FIWYEAJ34_8223-4142-8735-4654,1,0,0,0,0,0,0,0,0
FJBQLWJF3_1129-1261-1641-1773,0,0,1,0,0,0,0,0,0
FJBQLWJF3_1170-2099-1682-2611,0,0,1,0,0,0,0,0,0
FJBQLWJF3_1168-4342-1680-4854,0,0,1,0,0,0,0,0,0
FJBQLWJF3_1122-6349-1634-6861,0,0,1,0,0,0,0,0,0
FJBQLWJF3_1170-2611-1682-3123,0,0,1,0,0,0,0,0,0
FJBQLWJF3_1170-1587-1682-2099,0,0,1,0,0,0,0,0,0
FJBQLWJF3_1170-3635-1682-4147,0,0,1,0,0,0,0,0,0
FJBQLWJF3_1184-3364-1696-3876,0,0,1,0,0,0,0,0,0
FJBQLWJF3_1170-4659-1682-5171,0,0,1,0,0,0,0,0,0
FJBQLWJF3_1170-5171-1682-5683,0,0,1,0,0,0,0,0,0
FJBQLWJF3_1202-869-1714-1381,0,0,1,0,0,0,0,0,0
FJBQLWJF3_1170-5683-1682-6195,0,0,1,0,0,0,0,0,0
FJBQLWJF3_1324-8246-1836-8758,0,0,1,0,0,0,0,0,0
FJBQLWJF3_1274-7204-1786-7716,0,0,1,0,0,0,0,0,0
FJBQLWJF3_1274-6692-1786-7204,0,0,1,0,0,0,0,0,0
FJBQLWJF3_1304-1796-1816-2308,0,0,1,0,0,0,0,0,0
FJBQLWJF3_1493-1279-2005-1791,0,0,1,0,0,0,0,0,0
FJBQLWJF3_1474-2219-1986-2731,0,0,1,0,0,0,0,0,0
FJBQLWJF3_1616-7191-2128-7703,0,0,1,0,0,0,0,0,0
FJBQLWJF3_1682-2099-2194-2611,0,0,1,0,0,0,0,0,0
FJBQLWJF3_1501-6816-2013-7328,0,0,1,0,0,0,0,0,0
FJBQLWJF3_1708-1150-2220-1662,0,0,1,0,0,0,0,0,0
FJBQLWJF3_1682-2611-2194-3123,0,0,1,0,0,0,0,0,0
FJBQLWJF3_1682-6195-2194-6707,0,0,1,0,0,0,0,0,0
FJBQLWJF3_1778-1831-2290-2343,0,0,1,0,0,0,0,0,0
FJBQLWJF3_1682-4147-2194-4659,0,0,1,0,0,0,0,0,0
FJBQLWJF3_1778-2343-2290-2855,0,0,1,0,0,0,0,0,0
FJBQLWJF3_1705-791-2217-1303,0,0,1,0,0,0,0,0,0
FJBQLWJF3_1778-4391-2290-4903,0,0,1,0,0,0,0,0,0
FJBQLWJF3_1778-2855-2290-3367,0,0,1,0,0,0,0,0,0
FJBQLWJF3_1848-3695-2360-4207,0,0,1,0,0,0,0,0,0
FJBQLWJF3_1848-3183-2360-3695,0,0,1,0,0,0,0,0,0
FJBQLWJF3_1848-5743-2360-6255,0,0,1,0,0,0,0,0,0
FJBQLWJF3_1848-4719-2360-5231,0,0,1,0,0,0,0,0,0
FJBQLWJF3_1882-1307-2394-1819,0,0,1,0,0,0,0,0,0
FJBQLWJF3_1970-6738-2482-7250,0,0,1,0,0,0,0,0,0
FJBQLWJF3_2150-738-2662-1250,0,0,1,0,0,0,0,0,0
FJBQLWJF3_2248-7423-2760-7935,0,0,1,0,0,0,0,0,0
FJBQLWJF3_2248-6911-2760-7423,0,0,1,0,0,0,0,0,0
FJBQLWJF3_1970-7250-2482-7762,0,0,1,0,0,0,0,0,0
FJBQLWJF3_2150-1250-2662-1762,0,0,1,0,0,0,0,0,0
FJBQLWJF3_1986-931-2498-1443,0,0,1,0,0,0,0,0,0
FJBQLWJF3_2175-8313-2687-8825,0,0,1,0,0,0,0,0,0
FJBQLWJF3_2169-6498-2681-7010,0,0,1,0,0,0,0,0,0
FJBQLWJF3_2248-7935-2760-8447,0,0,1,0,0,0,0,0,0
FJBQLWJF3_2260-953-2772-1465,0,0,1,0,0,0,0,0,0
FJBQLWJF3_2290-3879-2802-4391,0,0,1,0,0,0,0,0,0
FJBQLWJF3_2290-2855-2802-3367,0,0,1,0,0,0,0,0,0
FJBQLWJF3_2290-2343-2802-2855,0,0,1,0,0,0,0,0,0
FJBQLWJF3_2290-3367-2802-3879,0,0,1,0,0,0,0,0,0
FJBQLWJF3_2290-4391-2802-4903,0,0,1,0,0,0,0,0,0
FJBQLWJF3_2317-1891-2829-2403,0,0,1,0,0,0,0,0,0
FJBQLWJF3_2360-4719-2872-5231,0,0,1,0,0,0,0,0,0
FJBQLWJF3_2360-5231-2872-5743,0,0,1,0,0,0,0,0,0
FJBQLWJF3_2650-595-3162-1107,0,0,1,0,0,0,0,0,0
FJBQLWJF3_657-1612-1169-2124,0,0,1,0,0,0,0,0,0
FJBQLWJF3_2534-6146-3046-6658,0,0,1,0,0,0,0,0,0
FJBQLWJF3_658-2611-1170-3123,0,0,1,0,0,0,0,0,0
FJBQLWJF3_566-6798-1078-7310,0,0,1,0,0,0,0,0,0
FJBQLWJF3_2542-894-3054-1406,0,0,1,0,0,0,0,0,0
FJBQLWJF3_2360-5743-2872-6255,0,0,1,0,0,0,0,0,0
FJBQLWJF3_658-4147-1170-4659,0,0,1,0,0,0,0,0,0
FJBQLWJF3_657-2124-1169-2636,0,0,1,0,0,0,0,0,0
FJBQLWJF3_658-4659-1170-5171,0,0,1,0,0,0,0,0,0
FJBQLWJF3_658-5683-1170-6195,0,0,1,0,0,0,0,0,0
FJBQLWJF3_665-3793-1177-4305,0,0,1,0,0,0,0,0,0
FJBQLWJF3_707-7375-1219-7887,0,0,1,0,0,0,0,0,0
FJBQLWJF3_756-1386-1268-1898,0,0,1,0,0,0,0,0,0
FJBQLWJF3_658-6195-1170-6707,0,0,1,0,0,0,0,0,0
FJBQLWJF3_756-1898-1268-2410,0,0,1,0,0,0,0,0,0
FJBQLWJF3_761-5236-1273-5748,0,0,1,0,0,0,0,0,0
FJBQLWJF3_785-6493-1297-7005,0,0,1,0,0,0,0,0,0
FL2WRVR2B_10099-3887-10611-4399,1,0,0,0,0,0,0,0,0
FJBQLWJF3_785-7005-1297-7517,0,0,1,0,0,0,0,0,0
FJBQLWJF3_820-722-1332-1234,0,0,1,0,0,0,0,0,0
FJBQLWJF3_935-967-1447-1479,0,0,1,0,0,0,0,0,0
FJBQLWJF3_948-8151-1460-8663,0,0,1,0,0,0,0,0,0
FL2WRVR2B_10099-4399-10611-4911,1,0,0,0,0,0,0,0,0
FJBQLWJF3_894-4356-1406-4868,0,0,1,0,0,0,0,0,0
FJBQLWJF3_917-3985-1429-4497,0,0,1,0,0,0,0,0,0
FL2WRVR2B_10099-4911-10611-5423,1,0,0,0,0,0,0,0,0
FL2WRVR2B_1255-1751-1767-2263,1,0,0,0,0,0,0,0,0
FL2WRVR2B_1255-2263-1767-2775,1,0,0,0,0,0,0,0,0
FL2WRVR2B_1255-2775-1767-3287,1,0,0,0,0,0,0,0,0
FL2WRVR2B_1255-4823-1767-5335,1,0,0,0,0,0,0,0,0
FL2WRVR2B_1255-3799-1767-4311,1,0,0,0,0,0,0,0,0
FL2WRVR2B_1255-4311-1767-4823,1,0,0,0,0,0,0,0,0
FL2WRVR2B_1255-5847-1767-6359,1,0,0,0,0,0,0,0,0
FL2WRVR2B_1255-5335-1767-5847,1,0,0,0,0,0,0,0,0
FL2WRVR2B_1255-6871-1767-7383,1,0,0,0,0,0,0,0,0
FL2WRVR2B_1625-1025-2137-1537,1,0,0,0,0,0,0,0,0
FL2WRVR2B_1255-7895-1767-8407,1,0,0,0,0,0,0,0,0
FL2WRVR2B_1767-1239-2279-1751,1,0,0,0,0,0,0,0,0
FL2WRVR2B_1625-4097-2137-4609,1,0,0,0,0,0,0,0,0
FL2WRVR2B_1625-3585-2137-4097,1,0,0,0,0,0,0,0,0
FL2WRVR2B_1625-4609-2137-5121,1,0,0,0,0,0,0,0,0
FL2WRVR2B_1625-1537-2137-2049,1,0,0,0,0,0,0,0,0
FL2WRVR2B_1255-727-1767-1239,1,0,0,0,0,0,0,0,0
FL2WRVR2B_1625-3073-2137-3585,1,0,0,0,0,0,0,0,0
FL2WRVR2B_1767-2775-2279-3287,1,0,0,0,0,0,0,0,0
FL2WRVR2B_1767-4311-2279-4823,1,0,0,0,0,0,0,0,0
FL2WRVR2B_1767-3799-2279-4311,1,0,0,0,0,0,0,0,0
FL2WRVR2B_1767-4823-2279-5335,1,0,0,0,0,0,0,0,0
FL2WRVR2B_1767-3287-2279-3799,1,0,0,0,0,0,0,0,0
FL2WRVR2B_1767-727-2279-1239,1,0,0,0,0,0,0,0,0
FL2WRVR2B_1767-7383-2279-7895,1,0,0,0,0,0,0,0,0
FL2WRVR2B_2137-1025-2649-1537,1,0,0,0,0,0,0,0,0
FL2WRVR2B_1907-6959-2419-7471,1,0,0,0,0,0,0,0,0
FL2WRVR2B_2137-1537-2649-2049,1,0,0,0,0,0,0,0,0
FL2WRVR2B_2137-4609-2649-5121,1,0,0,0,0,0,0,0,0
FL2WRVR2B_2419-5935-2931-6447,1,0,0,0,0,0,0,0,0
FL2WRVR2B_2137-2049-2649-2561,1,0,0,0,0,0,0,0,0
FL2WRVR2B_2137-3585-2649-4097,1,0,0,0,0,0,0,0,0
FL2WRVR2B_2419-5423-2931-5935,1,0,0,0,0,0,0,0,0
FL2WRVR2B_2419-4399-2931-4911,1,0,0,0,0,0,0,0,0
FL2WRVR2B_2137-2561-2649-3073,1,0,0,0,0,0,0,0,0
FL2WRVR2B_2419-6447-2931-6959,1,0,0,0,0,0,0,0,0
FL2WRVR2B_2419-7471-2931-7983,1,0,0,0,0,0,0,0,0
FL2WRVR2B_2419-6959-2931-7471,1,0,0,0,0,0,0,0,0
FL2WRVR2B_2613-5599-3125-6111,1,0,0,0,0,0,0,0,0
FL2WRVR2B_2613-5087-3125-5599,1,0,0,0,0,0,0,0,0
FL2WRVR2B_2613-6111-3125-6623,1,0,0,0,0,0,0,0,0
FL2WRVR2B_2649-1025-3161-1537,1,0,0,0,0,0,0,0,0
FL2WRVR2B_2649-4609-3161-5121,1,0,0,0,0,0,0,0,0
FL2WRVR2B_2649-3073-3161-3585,1,0,0,0,0,0,0,0,0
FL2WRVR2B_2649-2561-3161-3073,1,0,0,0,0,0,0,0,0
FL2WRVR2B_2931-7471-3443-7983,1,0,0,0,0,0,0,0,0
FL2WRVR2B_2931-4399-3443-4911,1,0,0,0,0,0,0,0,0
FL2WRVR2B_3125-5087-3637-5599,1,0,0,0,0,0,0,0,0
FL2WRVR2B_2931-6959-3443-7471,1,0,0,0,0,0,0,0,0
FL2WRVR2B_2931-5423-3443-5935,1,0,0,0,0,0,0,0,0
FL2WRVR2B_2931-4911-3443-5423,1,0,0,0,0,0,0,0,0
FL2WRVR2B_2931-6447-3443-6959,1,0,0,0,0,0,0,0,0
FL2WRVR2B_3443-5423-3955-5935,1,0,0,0,0,0,0,0,0
FL2WRVR2B_3161-1025-3673-1537,1,0,0,0,0,0,0,0,0
FL2WRVR2B_3443-4911-3955-5423,1,0,0,0,0,0,0,0,0
FL2WRVR2B_3161-4097-3673-4609,1,0,0,0,0,0,0,0,0
FL2WRVR2B_3125-6111-3637-6623,1,0,0,0,0,0,0,0,0
FL2WRVR2B_3443-3887-3955-4399,1,0,0,0,0,0,0,0,0
FL2WRVR2B_3443-5935-3955-6447,1,0,0,0,0,0,0,0,0
FL2WRVR2B_3443-6447-3955-6959,1,0,0,0,0,0,0,0,0
FL2WRVR2B_3637-5087-4149-5599,1,0,0,0,0,0,0,0,0
FL2WRVR2B_3443-7471-3955-7983,1,0,0,0,0,0,0,0,0
FL2WRVR2B_3637-5599-4149-6111,1,0,0,0,0,0,0,0,0
FL2WRVR2B_3673-1025-4185-1537,1,0,0,0,0,0,0,0,0
FL2WRVR2B_3673-4097-4185-4609,1,0,0,0,0,0,0,0,0
FL2WRVR2B_3853-2020-4365-2532,1,0,0,0,0,0,0,0,0
FL2WRVR2B_3955-3887-4467-4399,1,0,0,0,0,0,0,0,0
FL2WRVR2B_3853-2532-4365-3044,1,0,0,0,0,0,0,0,0
FL2WRVR2B_3673-1537-4185-2049,1,0,0,0,0,0,0,0,0
FL2WRVR2B_3853-3044-4365-3556,1,0,0,0,0,0,0,0,0
FL2WRVR2B_3637-6111-4149-6623,1,0,0,0,0,0,0,0,0
FL2WRVR2B_3912-594-4424-1106,1,0,0,0,0,0,0,0,0
FL2WRVR2B_3955-5423-4467-5935,1,0,0,0,0,0,0,0,0
FL2WRVR2B_3955-6959-4467-7471,1,0,0,0,0,0,0,0,0
FL2WRVR2B_3955-6447-4467-6959,1,0,0,0,0,0,0,0,0
FL2WRVR2B_4185-1537-4697-2049,1,0,0,0,0,0,0,0,0
FL2WRVR2B_4185-3585-4697-4097,1,0,0,0,0,0,0,0,0
FL2WRVR2B_4365-2020-4877-2532,1,0,0,0,0,0,0,0,0
FL2WRVR2B_4365-3044-4877-3556,1,0,0,0,0,0,0,0,0
FL2WRVR2B_4365-996-4877-1508,1,0,0,0,0,0,0,0,0
FL2WRVR2B_4365-2532-4877-3044,1,0,0,0,0,0,0,0,0
FL2WRVR2B_4424-594-4936-1106,1,0,0,0,0,0,0,0,0
FL2WRVR2B_4467-5935-4979-6447,1,0,0,0,0,0,0,0,0
FL2WRVR2B_4697-2049-5209-2561,1,0,0,0,0,0,0,0,0
FL2WRVR2B_4697-2561-5209-3073,1,0,0,0,0,0,0,0,0
FL2WRVR2B_4697-1537-5209-2049,1,0,0,0,0,0,0,0,0
FL2WRVR2B_4697-1025-5209-1537,1,0,0,0,0,0,0,0,0
FL2WRVR2B_4697-3073-5209-3585,1,0,0,0,0,0,0,0,0
FL2WRVR2B_4697-3585-5209-4097,1,0,0,0,0,0,0,0,0
FL2WRVR2B_4467-5423-4979-5935,1,0,0,0,0,0,0,0,0
FL2WRVR2B_4979-4911-5491-5423,1,0,0,0,0,0,0,0,0
FL2WRVR2B_4936-594-5448-1106,1,0,0,0,0,0,0,0,0
FL2WRVR2B_4979-5423-5491-5935,1,0,0,0,0,0,0,0,0
FL2WRVR2B_4979-5935-5491-6447,1,0,0,0,0,0,0,0,0
FL2WRVR2B_5389-1508-5901-2020,1,0,0,0,0,0,0,0,0
FL2WRVR2B_5448-594-5960-1106,1,0,0,0,0,0,0,0,0
FL2WRVR2B_5389-2020-5901-2532,1,0,0,0,0,0,0,0,0
FL2WRVR2B_5491-4911-6003-5423,1,0,0,0,0,0,0,0,0
FL2WRVR2B_5389-2532-5901-3044,1,0,0,0,0,0,0,0,0
FL2WRVR2B_5901-2532-6413-3044,1,0,0,0,0,0,0,0,0
FL2WRVR2B_5491-5423-6003-5935,1,0,0,0,0,0,0,0,0
FL2WRVR2B_5901-1508-6413-2020,1,0,0,0,0,0,0,0,0
FL2WRVR2B_5491-5935-6003-6447,1,0,0,0,0,0,0,0,0
FL2WRVR2B_6413-2532-6925-3044,1,0,0,0,0,0,0,0,0
FL2WRVR2B_5901-2020-6413-2532,1,0,0,0,0,0,0,0,0
FL2WRVR2B_6413-2020-6925-2532,1,0,0,0,0,0,0,0,0
FL2WRVR2B_6515-5423-7027-5935,1,0,0,0,0,0,0,0,0
FL2WRVR2B_6515-4911-7027-5423,1,0,0,0,0,0,0,0,0
FL2WRVR2B_6003-5423-6515-5935,1,0,0,0,0,0,0,0,0
FL2WRVR2B_5960-594-6472-1106,1,0,0,0,0,0,0,0,0
FL2WRVR2B_6925-2020-7437-2532,1,0,0,0,0,0,0,0,0
FL2WRVR2B_6925-2532-7437-3044,1,0,0,0,0,0,0,0,0
FL2WRVR2B_7027-4911-7539-5423,1,0,0,0,0,0,0,0,0
FL2WRVR2B_7027-5423-7539-5935,1,0,0,0,0,0,0,0,0
FL2WRVR2B_743-2263-1255-2775,1,0,0,0,0,0,0,0,0
FL2WRVR2B_743-1751-1255-2263,1,0,0,0,0,0,0,0,0
FL2WRVR2B_743-1239-1255-1751,1,0,0,0,0,0,0,0,0
FL2WRVR2B_743-2775-1255-3287,1,0,0,0,0,0,0,0,0
FL2WRVR2B_743-3799-1255-4311,1,0,0,0,0,0,0,0,0
FL2WRVR2B_743-6359-1255-6871,1,0,0,0,0,0,0,0,0
FL2WRVR2B_743-727-1255-1239,1,0,0,0,0,0,0,0,0
FL2WRVR2B_743-6871-1255-7383,1,0,0,0,0,0,0,0,0
FL2WRVR2B_743-7383-1255-7895,1,0,0,0,0,0,0,0,0
FL2WRVR2B_743-4823-1255-5335,1,0,0,0,0,0,0,0,0
FL2WRVR2B_743-4311-1255-4823,1,0,0,0,0,0,0,0,0
FL2WRVR2B_743-5335-1255-5847,1,0,0,0,0,0,0,0,0
FL2WRVR2B_743-5847-1255-6359,1,0,0,0,0,0,0,0,0
FL2WRVR2B_743-7895-1255-8407,1,0,0,0,0,0,0,0,0
FL2WRVR2B_7437-2020-7949-2532,1,0,0,0,0,0,0,0,0
FL2WRVR2B_7539-3887-8051-4399,1,0,0,0,0,0,0,0,0
FL2WRVR2B_7437-2532-7949-3044,1,0,0,0,0,0,0,0,0
FL2WRVR2B_8051-3887-8563-4399,1,0,0,0,0,0,0,0,0
FL2WRVR2B_7539-4399-8051-4911,1,0,0,0,0,0,0,0,0
FL2WRVR2B_8274-618-8786-1130,1,0,0,0,0,0,0,0,0
FL2WRVR2B_8051-4911-8563-5423,1,0,0,0,0,0,0,0,0
FL2WRVR2B_7539-5423-8051-5935,1,0,0,0,0,0,0,0,0
FL2WRVR2B_8563-3887-9075-4399,1,0,0,0,0,0,0,0,0
FL2WRVR2B_9075-4911-9587-5423,1,0,0,0,0,0,0,0,0
FL2WRVR2B_8786-618-9298-1130,1,0,0,0,0,0,0,0,0
FL2WRVR2B_8786-1130-9298-1642,1,0,0,0,0,0,0,0,0
FL2WRVR2B_8632-2595-9144-3107,1,0,0,0,0,0,0,0,0
FL2WRVR2B_9075-3887-9587-4399,1,0,0,0,0,0,0,0,0
FL2WRVR2B_8632-3107-9144-3619,1,0,0,0,0,0,0,0,0
FL2WRVR2B_8632-2083-9144-2595,1,0,0,0,0,0,0,0,0
FL2WRVR2B_8563-4911-9075-5423,1,0,0,0,0,0,0,0,0
FL2WRVR2B_9144-2083-9656-2595,1,0,0,0,0,0,0,0,0
FL2WRVR2B_9144-2595-9656-3107,1,0,0,0,0,0,0,0,0
FL2WRVR2B_9298-1130-9810-1642,1,0,0,0,0,0,0,0,0
FL2WRVR2B_9144-3107-9656-3619,1,0,0,0,0,0,0,0,0
FLB76MIHM_1318-3578-1830-4090,0,0,1,0,0,0,0,0,0
FL2WRVR2B_9656-2595-10168-3107,1,0,0,0,0,0,0,0,0
FL2WRVR2B_9587-4911-10099-5423,1,0,0,0,0,0,0,0,0
FL2WRVR2B_9587-3887-10099-4399,1,0,0,0,0,0,0,0,0
FL2WRVR2B_9298-618-9810-1130,1,0,0,0,0,0,0,0,0
FLB76MIHM_1883-1348-2395-1860,0,0,1,0,0,0,0,0,0
FLB76MIHM_1813-3783-2325-4295,0,0,1,0,0,0,0,0,0
FL2WRVR2B_9656-2083-10168-2595,1,0,0,0,0,0,0,0,0
FLB76MIHM_1826-1774-2338-2286,0,0,1,0,0,0,0,0,0
FLB76MIHM_1358-3304-1870-3816,0,0,1,0,0,0,0,0,0
FLB76MIHM_582-528-1094-1040,0,0,1,0,0,0,0,0,0
FLB76MIHM_596-3147-1108-3659,0,0,1,0,0,0,0,0,0
FLB76MIHM_2041-2542-2553-3054,0,0,1,0,0,0,0,0,0
FLB76MIHM_2009-778-2521-1290,0,0,1,0,0,0,0,0,0
FLB76MIHM_713-3404-1225-3916,0,0,1,0,0,0,0,0,0
FLB76MIHM_855-4042-1367-4554,0,0,1,0,0,0,0,0,0
FLTXIPEP7_3615-1025-4127-1537,0,0,0,0,0,0,0,0,1
FLTXIPEP7_6649-6161-7161-6673,0,0,0,0,0,0,0,0,1
FLTXIPEP7_695-8295-1207-8807,0,0,0,0,0,0,0,0,1
FLZBKDIKJ_3083-476-3595-988,1,0,0,0,0,0,0,0,0
FLZBKDIKJ_9010-958-9522-1470,1,0,0,0,0,0,0,0,0
FLZBKDIKJ_10607-510-11119-1022,1,0,0,0,0,0,0,0,0
FLZBKDIKJ_9482-1117-9994-1629,1,0,0,0,0,0,0,0,0
FLZBKDIKJ_10431-1755-10943-2267,1,0,0,0,0,0,0,0,0
FLZBKDIKJ_859-855-1371-1367,1,0,0,0,0,0,0,0,0
FMJNEB8IU_1444-3484-1956-3996,0,0,0,0,0,0,1,0,0
FLZBKDIKJ_9985-966-10497-1478,1,0,0,0,0,0,0,0,0
FMJNEB8IU_1956-2972-2468-3484,0,0,0,0,0,0,1,0,0
FMWV83TKN_1497-5307-2009-5819,0,0,1,0,0,0,0,0,0
FMJNEB8IU_1956-3484-2468-3996,0,0,0,0,0,0,1,0,0
FMWV83TKN_1361-1530-1873-2042,0,0,1,0,0,0,0,0,0
FMJNEB8IU_2468-2972-2980-3484,0,0,0,0,0,0,1,0,0
FMWV83TKN_1534-2404-2046-2916,0,0,1,0,0,0,0,0,0
FMWV83TKN_1873-2042-2385-2554,0,0,1,0,0,0,0,0,0
FMWV83TKN_1873-1530-2385-2042,0,0,1,0,0,0,0,0,0
FMWV83TKN_1534-2916-2046-3428,0,0,1,0,0,0,0,0,0
FMWV83TKN_210-5292-722-5804,0,0,1,0,0,1,0,0,0
FMWV83TKN_2814-4943-3326-5455,0,0,1,0,0,0,0,0,0
FMWV83TKN_2385-2042-2897-2554,0,0,1,0,0,0,0,0,0
FMWV83TKN_294-3365-806-3877,0,0,1,0,0,0,0,0,0
FMWV83TKN_3326-5455-3838-5967,0,0,1,0,0,0,0,0,0
FMWV83TKN_3785-2802-4297-3314,0,0,1,0,0,0,0,0,0
FMWV83TKN_3326-4431-3838-4943,0,0,1,0,0,0,0,0,0
FMWV83TKN_2330-5370-2842-5882,0,0,1,0,0,0,0,0,0
FMWV83TKN_3273-2802-3785-3314,0,0,1,0,0,0,0,0,0
FMWV83TKN_2814-5455-3326-5967,0,0,1,0,0,0,0,0,0
FMWV83TKN_3785-3314-4297-3826,0,0,1,0,0,0,0,0,0
FMWV83TKN_3838-4943-4350-5455,0,0,1,0,0,0,0,0,0
FMWV83TKN_3838-4431-4350-4943,0,0,1,0,0,0,0,0,0
FMWV83TKN_3838-5455-4350-5967,0,0,1,0,0,0,0,0,0
FMWV83TKN_4297-3314-4809-3826,0,0,1,0,0,0,0,0,0
FMWV83TKN_455-864-967-1376,0,0,1,0,0,0,0,0,0
FMWV83TKN_4704-3771-5216-4283,0,0,1,0,0,0,0,0,0
FMWV83TKN_4577-5444-5089-5956,0,0,1,0,0,0,0,0,0
FMWV83TKN_5172-4650-5684-5162,0,0,1,0,0,0,0,0,0
FMWV83TKN_5217-4991-5729-5503,0,0,1,0,0,0,0,0,0
FMWV83TKN_5089-5444-5601-5956,0,0,1,0,0,0,0,0,0
FMWV83TKN_504-4685-1016-5197,0,0,1,0,0,0,0,0,0
FMWV83TKN_5216-3771-5728-4283,0,0,1,0,0,0,0,0,0
FMWV83TKN_662-5077-1174-5589,0,0,1,0,0,0,0,0,0
FMWV83TKN_964-4605-1476-5117,0,0,1,0,0,0,0,0,0
FMWV83TKN_5216-4283-5728-4795,0,0,1,0,0,0,0,0,0
FMWV83TKN_699-934-1211-1446,0,0,1,0,0,0,0,0,0
FMWV83TKN_964-5117-1476-5629,0,0,1,0,0,0,0,0,0
FND3DY4KN_1124-6786-1636-7298,0,0,0,0,1,0,0,0,0
FND3DY4KN_2539-6145-3051-6657,0,0,0,0,1,0,0,0,0
FND3DY4KN_1636-6786-2148-7298,0,0,0,0,1,0,0,0,0
FND3DY4KN_2639-6794-3151-7306,0,0,0,0,1,0,0,0,0
FND3DY4KN_2718-5844-3230-6356,0,0,0,0,1,0,0,0,0
FND3DY4KN_3215-469-3727-981,0,0,0,0,1,0,0,0,0
FND3DY4KN_3002-6704-3514-7216,0,0,0,0,1,0,0,0,0
FND3DY4KN_3412-6795-3924-7307,0,0,0,0,1,0,0,0,0
FND3DY4KN_3588-436-4100-948,0,0,0,0,1,0,0,0,0
FND3DY4KN_3456-5322-3968-5834,0,0,0,0,1,0,0,0,0
FND3DY4KN_3924-6795-4436-7307,0,0,0,0,1,0,0,0,0
FND3DY4KN_413-419-925-931,0,0,1,0,0,0,0,0,0
FND3DY4KN_4484-3380-4996-3892,0,0,1,0,0,0,0,0,0
FND3DY4KN_4244-6755-4756-7267,0,0,0,0,1,0,0,0,0
FND3DY4KN_721-508-1233-1020,0,0,1,0,0,0,0,0,0
FND3DY4KN_3975-443-4487-955,0,0,0,0,1,0,0,0,0
FND3DY4KN_853-6756-1365-7268,0,0,0,0,1,0,0,0,0
FNEP7BYAI_1052-459-1564-971,0,0,0,0,0,1,0,0,0
FNEP7BYAI_1438-4958-1950-5470,0,0,1,0,0,1,0,0,0
FNEP7BYAI_2359-442-2871-954,0,0,0,0,0,1,0,0,0
FNEP7BYAI_215-4568-727-5080,0,0,0,0,0,1,0,0,1
FNEP7BYAI_2108-4811-2620-5323,0,0,1,0,0,1,0,0,0
FNEP7BYAI_2408-3325-2920-3837,0,0,1,0,0,0,0,0,0
FNEP7BYAI_2389-4198-2901-4710,0,0,1,0,0,0,0,0,0
FNEP7BYAI_2405-4913-2917-5425,0,0,1,0,0,1,0,0,0
FNEP7BYAI_2408-3837-2920-4349,0,0,1,0,0,0,0,0,0
FNEP7BYAI_683-1247-1195-1759,0,0,1,0,0,0,0,0,0
FNEP7BYAI_2458-1603-2970-2115,0,0,1,0,0,0,0,0,0
FNEP7BYAI_581-682-1093-1194,0,0,1,0,0,1,0,0,0
FNEP7BYAI_405-445-917-957,0,0,1,0,0,1,0,0,0
FNEP7BYAI_514-4524-1026-5036,0,0,1,0,0,1,0,0,1
FNEP7BYAI_392-4756-904-5268,0,0,1,0,0,1,0,0,1
FNEP7BYAI_251-3015-763-3527,0,0,0,0,0,0,0,0,1
FNEP7BYAI_400-2655-912-3167,0,0,0,0,0,1,0,0,1
FNEP7BYAI_522-1649-1034-2161,0,0,1,0,0,0,0,0,0
FNHLL1EP9_1424-4566-1936-5078,0,1,0,0,0,0,0,0,0
FNHLL1EP9_2017-5097-2529-5609,0,1,0,0,0,0,0,0,0
FNHLL1EP9_1424-5078-1936-5590,0,1,0,0,0,0,0,0,0
FNHLL1EP9_1677-3260-2189-3772,0,1,0,0,0,0,0,0,0
FNHLL1EP9_2189-3260-2701-3772,0,1,0,0,0,0,0,0,0
FNHLL1EP9_4325-5619-4837-6131,0,1,0,0,0,0,0,0,0
FNHLL1EP9_4543-1757-5055-2269,0,1,0,0,0,0,0,0,0
FNHLL1EP9_4837-5619-5349-6131,0,1,0,0,0,0,0,0,0
FNHLL1EP9_5055-1757-5567-2269,0,1,0,0,0,0,0,0,0
FNHLL1EP9_5625-7695-6137-8207,0,1,0,0,0,0,0,0,0
FNHLL1EP9_5101-2727-5613-3239,0,1,0,0,0,0,0,0,0
FNHLL1EP9_5822-1640-6334-2152,0,1,0,0,0,0,0,0,0
FNHLL1EP9_5898-547-6410-1059,0,1,0,0,0,0,0,0,0
FNHLL1EP9_5898-1059-6410-1571,0,1,0,0,0,0,0,0,0
FNHLL1EP9_6221-4031-6733-4543,0,1,0,0,0,0,0,0,0
FNHLL1EP9_5267-475-5779-987,0,1,0,0,0,0,0,0,0
FNHLL1EP9_5709-4031-6221-4543,0,1,0,0,0,0,0,0,0
FNHLL1EP9_6334-1640-6846-2152,0,1,0,0,0,0,0,0,0
FNHLL1EP9_6343-6897-6855-7409,0,1,0,0,0,0,0,0,0
FNHLL1EP9_6410-547-6922-1059,0,1,0,0,0,0,0,0,0
FNHLL1EP9_6410-1059-6922-1571,0,1,0,0,0,0,0,0,0
FNHLL1EP9_6846-1640-7358-2152,0,1,0,0,0,0,0,0,0
FNHLL1EP9_6855-6897-7367-7409,0,1,0,0,0,0,0,0,0
FNHLL1EP9_7000-4080-7512-4592,0,1,0,0,0,0,0,0,0
FNHLL1EP9_7041-6214-7553-6726,0,1,0,0,0,0,0,0,0
FNHLL1EP9_7084-1306-7596-1818,0,1,0,0,0,0,0,0,0
FNHLL1EP9_7064-6709-7576-7221,0,1,0,0,0,0,0,0,0
FNHLL1EP9_8088-6709-8600-7221,0,1,0,0,0,0,0,0,0
FNHLL1EP9_7358-1640-7870-2152,0,1,0,0,0,0,0,0,0
FNHLL1EP9_7512-4080-8024-4592,0,1,0,0,0,0,0,0,0
FNHLL1EP9_7576-6709-8088-7221,0,1,0,0,0,0,0,0,0
FNHLL1EP9_8012-1272-8524-1784,0,1,0,0,0,0,0,0,0
FNHLL1EP9_7706-7364-8218-7876,0,1,0,0,0,0,0,0,0
FNHLL1EP9_8218-7364-8730-7876,0,1,0,0,0,0,0,0,0
FNHLL1EP9_8024-4080-8536-4592,0,1,0,0,0,0,0,0,0
FNHLL1EP9_8024-4592-8536-5104,0,1,0,0,0,0,0,0,0
FNHLL1EP9_8524-1272-9036-1784,0,1,0,0,0,0,0,0,0
FNHLL1EP9_912-4566-1424-5078,0,1,0,0,0,0,0,0,0
FNHLL1EP9_8730-7364-9242-7876,0,1,0,0,0,0,0,0,0
FNHLL1EP9_8768-6226-9280-6738,0,1,0,0,0,0,0,0,0
FNHLL1EP9_912-5078-1424-5590,0,1,0,0,0,0,0,0,0
FNHLL1EP9_9259-1797-9771-2309,0,1,0,0,0,0,0,0,0
FNHLL1EP9_9242-7364-9754-7876,0,1,0,0,0,0,0,0,0
FNYJP7C4Y_2254-3285-2766-3797,0,0,0,0,0,0,0,0,1
FNYJP7C4Y_2547-595-3059-1107,0,0,0,0,0,0,0,0,1
FPR8AQRWY_2241-5274-2753-5786,0,0,1,0,0,0,0,0,0
FPR8AQRWY_2121-324-2633-836,0,0,1,0,0,0,0,0,0
FPR8AQRWY_1045-5275-1557-5787,0,0,1,0,0,0,0,0,0
FPR8AQRWY_1762-5285-2274-5797,0,0,1,0,0,0,0,0,0
FRXJLQFX7_10307-5253-10819-5765,0,0,1,0,1,0,0,0,0
FRXJLQFX7_10186-4417-10698-4929,0,0,0,0,1,0,0,0,0
FRXJLQFX7_10224-7147-10736-7659,0,0,1,0,0,0,0,0,0
FPR8AQRWY_1395-305-1907-817,0,0,1,0,0,0,0,0,0
FRXJLQFX7_10260-4991-10772-5503,0,0,1,0,1,0,0,0,0
FRXJLQFX7_10307-6277-10819-6789,0,0,1,0,0,0,0,0,0
FRXJLQFX7_10307-7813-10819-8325,0,0,0,0,1,0,0,0,0
FRXJLQFX7_10503-4121-11015-4633,0,0,0,0,1,0,0,0,0
FRXJLQFX7_10307-5765-10819-6277,0,0,1,0,0,0,0,0,0
FRXJLQFX7_10736-6123-11248-6635,0,0,1,0,0,0,0,0,0
FRXJLQFX7_10736-7147-11248-7659,0,0,1,0,0,0,0,0,0
FRXJLQFX7_10736-6635-11248-7147,0,0,1,0,0,0,0,0,0
FRXJLQFX7_10736-7659-11248-8171,0,0,0,0,1,0,0,0,0
FRXJLQFX7_10746-7938-11258-8450,0,0,0,0,1,0,0,0,0
FRXJLQFX7_11403-5944-11915-6456,0,0,1,0,0,0,0,0,0
FRXJLQFX7_11403-4920-11915-5432,0,0,1,0,0,0,0,0,0
FRXJLQFX7_10930-832-11442-1344,0,0,1,0,0,0,0,0,0
FRXJLQFX7_11403-6968-11915-7480,0,0,1,0,0,0,0,0,0
FRXJLQFX7_11403-6456-11915-6968,0,0,1,0,0,0,0,0,0
FRXJLQFX7_11403-5432-11915-5944,0,0,1,0,0,0,0,0,0
FRXJLQFX7_11403-7992-11915-8504,0,0,1,0,1,0,0,0,0
FRXJLQFX7_11459-3996-11971-4508,0,0,0,0,1,0,0,0,0
FRXJLQFX7_11403-7480-11915-7992,0,0,1,0,0,0,0,0,0
FRXJLQFX7_11915-7992-12427-8504,0,0,1,0,0,0,0,0,0
FRXJLQFX7_11915-4920-12427-5432,0,0,1,0,0,0,0,0,0
FRXJLQFX7_11763-3968-12275-4480,0,0,0,0,1,0,0,0,0
FRXJLQFX7_11915-4408-12427-4920,0,0,1,0,1,0,0,0,0
FRXJLQFX7_12427-4408-12939-4920,0,0,1,0,1,0,0,0,0
FRXJLQFX7_12427-7992-12939-8504,0,0,1,0,0,0,0,0,0
FRXJLQFX7_12550-1242-13062-1754,0,0,1,0,0,0,0,0,0
FRXJLQFX7_12550-2266-13062-2778,0,0,1,0,0,0,0,0,0
FRXJLQFX7_12550-1754-13062-2266,0,0,1,0,0,0,0,0,0
FRXJLQFX7_12550-3290-13062-3802,0,0,1,0,0,0,0,0,0
FRXJLQFX7_12550-2778-13062-3290,0,0,1,0,0,0,0,0,0
FRXJLQFX7_12427-4920-12939-5432,0,0,1,0,0,0,0,0,0
FRXJLQFX7_12550-3802-13062-4314,0,0,1,0,0,0,0,0,0
FRXJLQFX7_12918-1941-13430-2453,0,0,1,0,0,0,0,0,0
FRXJLQFX7_12550-730-13062-1242,0,0,1,0,0,0,0,0,0
FRXJLQFX7_12918-1429-13430-1941,0,0,1,0,0,0,0,0,0
FRXJLQFX7_12918-2453-13430-2965,0,0,1,0,0,0,0,0,0
FRXJLQFX7_12918-2965-13430-3477,0,0,1,0,0,0,0,0,0
FRXJLQFX7_12918-3477-13430-3989,0,0,1,0,0,0,0,0,0
FRXJLQFX7_12918-3989-13430-4501,0,0,1,0,0,0,0,0,0
FRXJLQFX7_12918-405-13430-917,0,0,1,0,0,0,0,0,0
FRXJLQFX7_12918-917-13430-1429,0,0,1,0,0,0,0,0,0
FRXJLQFX7_12939-7992-13451-8504,0,0,1,0,1,0,0,0,0
FRXJLQFX7_13451-4920-13963-5432,0,0,1,0,0,0,0,0,0
FRXJLQFX7_13430-405-13942-917,0,0,1,0,0,0,0,0,0
FRXJLQFX7_12939-4920-13451-5432,0,0,1,0,0,0,0,0,0
FRXJLQFX7_13430-3989-13942-4501,0,0,1,0,0,0,0,0,0
FRXJLQFX7_13451-7992-13963-8504,0,0,1,0,1,0,0,0,0
FRXJLQFX7_13942-3989-14454-4501,0,0,1,0,0,0,0,0,0
FRXJLQFX7_1348-7199-1860-7711,0,0,0,0,1,0,0,0,0
FRXJLQFX7_13942-405-14454-917,0,0,1,0,0,0,0,0,0
FRXJLQFX7_1372-7825-1884-8337,0,0,1,0,0,0,0,0,0
FRXJLQFX7_14454-3989-14966-4501,0,0,1,0,0,0,0,0,0
FRXJLQFX7_13963-7992-14475-8504,0,0,1,0,1,0,0,0,0
FRXJLQFX7_13963-4920-14475-5432,0,0,1,0,0,0,0,0,0
FRXJLQFX7_14454-405-14966-917,0,0,1,0,1,0,0,0,0
FRXJLQFX7_14475-7992-14987-8504,0,0,1,0,0,0,0,0,0
FRXJLQFX7_14475-4920-14987-5432,0,0,1,0,0,0,0,0,0
FRXJLQFX7_14966-3989-15478-4501,0,0,1,0,0,0,0,0,0
FRXJLQFX7_14966-405-15478-917,0,0,1,0,1,0,0,0,0
FRXJLQFX7_15990-3989-16502-4501,0,0,1,0,0,0,0,0,0
FRXJLQFX7_14987-4920-15499-5432,0,0,1,0,0,0,0,0,0
FRXJLQFX7_15499-7992-16011-8504,0,0,1,0,1,0,0,0,0
FRXJLQFX7_15478-405-15990-917,0,0,1,0,1,0,0,0,0
FRXJLQFX7_15499-4920-16011-5432,0,0,1,0,0,0,0,0,0
FRXJLQFX7_14987-7992-15499-8504,0,0,1,0,0,0,0,0,0
FRXJLQFX7_15478-3989-15990-4501,0,0,1,0,0,0,0,0,0
FRXJLQFX7_15990-405-16502-917,0,0,1,0,1,0,0,0,0
FRXJLQFX7_16011-4920-16523-5432,0,0,1,0,0,0,0,0,0
FRXJLQFX7_16011-7992-16523-8504,0,0,1,0,1,0,0,0,0
FRXJLQFX7_1635-7093-2147-7605,0,0,0,0,1,0,0,0,0
FRXJLQFX7_16502-3989-17014-4501,0,0,1,0,0,0,0,0,0
FRXJLQFX7_16502-405-17014-917,0,0,1,0,1,0,0,0,0
FRXJLQFX7_16523-4920-17035-5432,0,0,1,0,0,0,0,0,0
FRXJLQFX7_17014-3989-17526-4501,0,0,1,0,0,0,0,0,0
FRXJLQFX7_16523-7992-17035-8504,0,0,1,0,1,0,0,0,0
FRXJLQFX7_17014-405-17526-917,0,0,1,0,1,0,0,0,0
FRXJLQFX7_17035-4920-17547-5432,0,0,1,0,0,0,0,0,0
FRXJLQFX7_17526-1941-18038-2453,0,0,1,0,0,0,0,0,0
FRXJLQFX7_1710-7832-2222-8344,0,0,1,0,1,0,0,0,0
FRXJLQFX7_17035-7992-17547-8504,0,0,1,0,1,0,0,0,0
FRXJLQFX7_17526-1429-18038-1941,0,0,1,0,0,0,0,0,0
FRXJLQFX7_17526-3477-18038-3989,0,0,1,0,0,0,0,0,0
FRXJLQFX7_17526-917-18038-1429,0,0,1,0,0,0,0,0,0
FRXJLQFX7_17526-2965-18038-3477,0,0,1,0,0,0,0,0,0
FRXJLQFX7_17526-2453-18038-2965,0,0,1,0,0,0,0,0,0
FRXJLQFX7_17526-405-18038-917,0,0,1,0,1,0,0,0,0
FRXJLQFX7_17526-3989-18038-4501,0,0,1,0,1,0,0,0,0
FRXJLQFX7_17547-5944-18059-6456,0,0,1,0,0,0,0,0,0
FRXJLQFX7_17547-5432-18059-5944,0,0,1,0,0,0,0,0,0
FRXJLQFX7_17547-4920-18059-5432,0,0,1,0,0,0,0,0,0
FRXJLQFX7_17547-4408-18059-4920,0,0,1,0,1,0,0,0,0
FRXJLQFX7_17547-6968-18059-7480,0,0,1,0,0,0,0,0,0
FRXJLQFX7_17547-6456-18059-6968,0,0,1,0,0,0,0,0,0
FRXJLQFX7_17547-7480-18059-7992,0,0,1,0,1,0,0,0,0
FRXJLQFX7_17547-7992-18059-8504,0,0,1,0,1,0,0,0,0
FRXJLQFX7_17682-1111-18194-1623,0,0,1,0,0,0,0,0,0
FRXJLQFX7_17682-2647-18194-3159,0,0,1,0,0,0,0,0,0
FRXJLQFX7_17682-3671-18194-4183,0,0,1,0,1,0,0,0,0
FRXJLQFX7_17682-3159-18194-3671,0,0,1,0,0,0,0,0,0
FRXJLQFX7_17682-2135-18194-2647,0,0,1,0,0,0,0,0,0
FRXJLQFX7_17682-1623-18194-2135,0,0,1,0,0,0,0,0,0
FRXJLQFX7_17682-599-18194-1111,0,0,1,0,1,0,0,0,0
FRXJLQFX7_17925-7875-18437-8387,0,0,1,0,1,0,0,0,0
FRXJLQFX7_17919-4117-18431-4629,0,0,1,0,1,0,0,0,0
FRXJLQFX7_18059-4408-18571-4920,0,0,1,0,1,0,0,0,0
FRXJLQFX7_18059-5432-18571-5944,0,0,1,0,0,0,0,0,0
FRXJLQFX7_18059-6456-18571-6968,0,0,1,0,0,0,0,0,0
FRXJLQFX7_18059-4920-18571-5432,0,0,1,0,0,0,0,0,0
FRXJLQFX7_18059-5944-18571-6456,0,0,1,0,0,0,0,0,0
FRXJLQFX7_18059-6968-18571-7480,0,0,1,0,0,0,0,0,0
FRXJLQFX7_18059-7480-18571-7992,0,0,1,0,1,0,0,0,0
FRXJLQFX7_18194-1111-18706-1623,0,0,1,0,0,0,0,0,0
FRXJLQFX7_18194-1623-18706-2135,0,0,1,0,0,0,0,0,0
FRXJLQFX7_18194-2647-18706-3159,0,0,1,0,0,0,0,0,0
FRXJLQFX7_18194-3671-18706-4183,0,0,1,0,1,0,0,0,0
FRXJLQFX7_18194-599-18706-1111,0,0,1,0,1,0,0,0,0
FRXJLQFX7_1919-7019-2431-7531,0,0,0,0,1,0,0,0,0
FRXJLQFX7_18194-2135-18706-2647,0,0,1,0,0,0,0,0,0
FRXJLQFX7_2760-7870-3272-8382,0,0,1,0,0,0,0,0,0
FRXJLQFX7_18194-3159-18706-3671,0,0,1,0,0,0,0,0,0
FRXJLQFX7_2214-6904-2726-7416,0,0,1,0,1,0,0,0,0
FRXJLQFX7_2611-6623-3123-7135,0,0,1,0,1,0,0,0,0
FRXJLQFX7_3286-6405-3798-6917,0,0,1,0,0,0,0,0,0
FRXJLQFX7_3781-7843-4293-8355,0,0,0,0,1,0,0,0,0
FRXJLQFX7_3123-6623-3635-7135,0,0,1,0,1,0,0,0,0
FRXJLQFX7_3898-5685-4410-6197,0,0,1,0,0,0,0,0,0
FRXJLQFX7_4069-7861-4581-8373,0,0,0,0,1,0,0,0,0
FRXJLQFX7_4362-7872-4874-8384,0,0,0,0,1,0,0,0,0
FRXJLQFX7_4192-6252-4704-6764,0,0,1,0,0,0,0,0,0
FRXJLQFX7_4476-5976-4988-6488,0,0,1,0,0,0,0,0,0
FRXJLQFX7_4443-5625-4955-6137,0,0,1,0,1,0,0,0,0
FRXJLQFX7_5209-5819-5721-6331,0,0,1,0,0,0,0,0,0
FRXJLQFX7_4950-7838-5462-8350,0,0,0,0,1,0,0,0,0
FRXJLQFX7_4710-5806-5222-6318,0,0,1,0,0,0,0,0,0
FRXJLQFX7_4640-7873-5152-8385,0,0,0,0,1,0,0,0,0
FRXJLQFX7_4842-5291-5354-5803,0,0,0,0,1,0,0,0,0
FRXJLQFX7_5241-7854-5753-8366,0,0,0,0,1,0,0,0,0
FRXJLQFX7_5136-5123-5648-5635,0,0,0,0,1,0,0,0,0
FRXJLQFX7_4852-5616-5364-6128,0,0,1,0,1,0,0,0,0
FRXJLQFX7_5520-5552-6032-6064,0,0,1,0,0,0,0,0,0
FRXJLQFX7_5750-5234-6262-5746,0,0,1,0,0,0,0,0,0
FRXJLQFX7_6164-5026-6676-5538,0,0,1,0,0,0,0,0,0
FRXJLQFX7_5838-7858-6350-8370,0,0,0,0,1,0,0,0,0
FRXJLQFX7_6058-5934-6570-6446,0,0,1,0,0,0,0,0,0
FRXJLQFX7_5547-7827-6059-8339,0,0,0,0,1,0,0,0,0
FRXJLQFX7_6441-7853-6953-8365,0,0,1,0,1,0,0,0,0
FRXJLQFX7_6616-4788-7128-5300,0,0,1,0,0,0,0,0,0
FRXJLQFX7_6636-5534-7148-6046,0,0,1,0,0,0,0,0,0
FRXJLQFX7_6742-7845-7254-8357,0,0,0,0,1,0,0,0,0
FRXJLQFX7_7311-7206-7823-7718,0,0,1,0,1,0,0,0,0
FRXJLQFX7_7119-5569-7631-6081,0,0,1,0,0,0,0,0,0
FRXJLQFX7_7056-7822-7568-8334,0,0,0,0,1,0,0,0,0
FRXJLQFX7_7001-5302-7513-5814,0,0,1,0,0,0,0,0,0
FRXJLQFX7_6892-4846-7404-5358,0,0,1,0,0,0,0,0,0
FRXJLQFX7_7024-4376-7536-4888,0,0,1,0,0,0,0,0,0
FRXJLQFX7_680-7673-1192-8185,0,0,1,0,0,0,0,0,0
FRXJLQFX7_7311-7718-7823-8230,0,0,1,0,1,0,0,0,0
FRXJLQFX7_7408-5629-7920-6141,0,0,1,0,0,0,0,0,0
FRXJLQFX7_7805-5641-8317-6153,0,0,1,0,0,0,0,0,0
FRXJLQFX7_7823-7718-8335-8230,0,0,1,0,0,0,0,0,0
FRXJLQFX7_7871-2764-8383-3276,0,0,1,0,0,0,0,0,0
FRXJLQFX7_7823-7206-8335-7718,0,0,1,0,1,0,0,0,0
FRXJLQFX7_7823-6694-8335-7206,0,0,1,0,1,0,0,0,0
FRXJLQFX7_7871-3788-8383-4300,0,0,1,0,0,0,0,0,0
FRXJLQFX7_8259-5765-8771-6277,0,0,1,0,0,0,0,0,0
FRXJLQFX7_7871-3276-8383-3788,0,0,1,0,0,0,0,0,0
FRXJLQFX7_8259-6277-8771-6789,0,0,1,0,1,0,0,0,0
FRXJLQFX7_8335-6694-8847-7206,0,0,1,0,1,0,0,0,0
FRXJLQFX7_8771-6277-9283-6789,0,0,1,0,1,0,0,0,0
FRXJLQFX7_8554-5604-9066-6116,0,0,1,0,0,0,0,0,0
FRXJLQFX7_8847-7718-9359-8230,0,0,1,0,1,0,0,0,0
FRXJLQFX7_8335-7718-8847-8230,0,0,1,0,1,0,0,0,0
FRXJLQFX7_8771-6789-9283-7301,0,0,1,0,0,0,0,0,0
FRXJLQFX7_8335-7206-8847-7718,0,0,1,0,1,0,0,0,0
FRXJLQFX7_9060-5602-9572-6114,0,0,1,0,1,0,0,0,0
FRXJLQFX7_9200-7147-9712-7659,0,0,1,0,0,0,0,0,0
FRXJLQFX7_9200-6635-9712-7147,0,0,1,0,1,0,0,0,0
FRXJLQFX7_8890-5855-9402-6367,0,0,1,0,1,0,0,0,0
FRXJLQFX7_8917-6509-9429-7021,0,0,1,0,1,0,0,0,0
FRXJLQFX7_9200-7659-9712-8171,0,0,1,0,1,0,0,0,0
FRXJLQFX7_9283-5765-9795-6277,0,0,1,0,1,0,0,0,0
FRXJLQFX7_9283-6277-9795-6789,0,0,1,0,1,0,0,0,0
FRXJLQFX7_941-7755-1453-8267,0,0,1,0,0,0,0,0,0
FRXJLQFX7_9712-6635-10224-7147,0,0,1,0,0,0,0,0,0
FRXJLQFX7_9712-7659-10224-8171,0,0,1,0,1,0,0,0,0
FRXJLQFX7_9795-6277-10307-6789,0,0,1,0,0,0,0,0,0
FRXJLQFX7_9795-7301-10307-7813,0,0,1,0,0,0,0,0,0
FT866J9I3_1405-3693-1917-4205,0,0,0,0,0,0,1,0,0
FRXJLQFX7_9795-5765-10307-6277,0,0,1,0,1,0,0,0,0
FRXJLQFX7_9876-4794-10388-5306,0,0,0,0,1,0,0,0,0
FT866J9I3_1405-4205-1917-4717,0,0,0,0,0,0,1,0,0
FRXJLQFX7_9859-5365-10371-5877,0,0,1,0,1,0,0,0,0
FUB3EKGR7_1500-7578-2012-8090,0,0,0,1,0,0,0,0,0
FT866J9I3_4541-6851-5053-7363,0,0,0,0,0,0,1,0,0
FUB3EKGR7_1500-7066-2012-7578,0,0,0,1,0,0,0,0,0
FUB3EKGR7_2012-6554-2524-7066,0,0,0,1,0,0,0,0,0
FUB3EKGR7_1980-9222-2492-9734,0,0,0,1,0,0,0,0,0
FUB3EKGR7_2012-7066-2524-7578,0,0,0,1,0,0,0,0,0
FUB3EKGR7_2552-9288-3064-9800,0,0,0,1,0,0,0,0,0
FUB3EKGR7_2723-1562-3235-2074,0,0,0,1,0,0,0,0,0
FUB3EKGR7_3064-9288-3576-9800,0,0,0,1,0,0,0,0,0
FUB3EKGR7_2723-2074-3235-2586,0,0,0,1,0,0,0,0,0
FUTRZR2WF_6510-2094-7022-2606,0,0,0,0,0,0,1,0,0
FUB3EKGR7_3939-9327-4451-9839,0,0,0,1,0,0,0,0,0
FUB3EKGR7_824-9194-1336-9706,0,0,0,1,0,0,0,0,0
FUTRZR2WF_6510-2606-7022-3118,0,0,0,0,0,0,1,0,0
FUTRZR2WF_5998-2606-6510-3118,0,0,0,0,0,0,1,0,0
FUTRZR2WF_7534-1582-8046-2094,0,0,0,0,0,0,1,0,0
FUTRZR2WF_7022-2094-7534-2606,0,0,0,0,0,0,1,0,0
FUTRZR2WF_7534-2094-8046-2606,0,0,0,0,0,0,1,0,0
FUZ1Q7ZMQ_1751-2333-2263-2845,0,1,0,0,0,0,0,0,0
FUZ1Q7ZMQ_2263-2845-2775-3357,0,1,0,0,0,0,0,0,0
FUZ1Q7ZMQ_2775-2845-3287-3357,0,1,0,0,0,0,0,0,0
FUZ1Q7ZMQ_3287-2333-3799-2845,0,1,0,0,0,0,0,0,0
FUZ1Q7ZMQ_2263-2333-2775-2845,0,1,0,0,0,0,0,0,0
FUZ1Q7ZMQ_2775-2333-3287-2845,0,1,0,0,0,0,0,0,0
FUZ1Q7ZMQ_3287-2845-3799-3357,0,1,0,0,0,0,0,0,0
FUZ1Q7ZMQ_4518-2859-5030-3371,0,1,0,0,0,0,0,0,0
FUZ1Q7ZMQ_4006-2859-4518-3371,0,1,0,0,0,0,0,0,0
FV8TMCU12_826-2076-1338-2588,0,0,0,0,0,0,1,0,0
FWAQYFYND_10275-875-10787-1387,0,0,0,0,1,0,0,0,0
FWAQYFYND_2287-656-2799-1168,0,0,1,0,1,0,0,0,0
FWAQYFYND_1672-8477-2184-8989,0,0,0,0,1,0,0,0,0
FWAQYFYND_1442-948-1954-1460,0,0,0,0,1,0,0,0,0
FWAQYFYND_1877-980-2389-1492,0,0,0,0,1,0,0,0,0
FWAQYFYND_11015-862-11527-1374,0,0,0,0,1,0,0,0,0
FWAQYFYND_2010-658-2522-1170,0,0,1,0,1,0,0,0,0
FWAQYFYND_2184-8477-2696-8989,0,0,0,0,1,0,0,0,0
FWAQYFYND_3239-933-3751-1445,0,0,0,0,1,0,0,0,0
FWAQYFYND_2389-980-2901-1492,0,0,0,0,1,0,0,0,0
FWAQYFYND_2763-646-3275-1158,0,0,1,0,1,0,0,0,0
FWAQYFYND_2588-8498-3100-9010,0,0,0,0,1,0,0,0,0
FWAQYFYND_2796-995-3308-1507,0,0,0,0,1,0,0,0,0
FWAQYFYND_3751-933-4263-1445,0,0,0,0,1,0,0,0,0
FWAQYFYND_4639-901-5151-1413,0,0,0,0,1,0,0,0,0
FWAQYFYND_4127-901-4639-1413,0,0,0,0,1,0,0,0,0
FWAQYFYND_5101-928-5613-1440,0,0,0,0,1,0,0,0,0
FWAQYFYND_5578-948-6090-1460,0,0,0,0,1,0,0,0,0
FWAQYFYND_6558-923-7070-1435,0,0,0,0,1,0,0,0,0
FWAQYFYND_7626-935-8138-1447,0,0,0,0,1,0,0,0,0
FWAQYFYND_7114-935-7626-1447,0,0,0,0,1,0,0,0,0
FWAQYFYND_6090-948-6602-1460,0,0,0,0,1,0,0,0,0
FWAQYFYND_7504-8503-8016-9015,0,0,0,0,1,0,0,0,0
FWAQYFYND_8563-878-9075-1390,0,0,0,0,1,0,0,0,0
FWAQYFYND_8299-8486-8811-8998,0,0,0,0,1,0,0,0,0
FWAQYFYND_8030-894-8542-1406,0,0,0,0,1,0,0,0,0
FWAQYFYND_930-948-1442-1460,0,0,0,0,1,0,0,0,0
FWAQYFYND_8811-8486-9323-8998,0,0,0,0,1,0,0,0,0
FWLKRB3QQ_1197-1659-1709-2171,0,1,0,0,0,0,0,0,0
FWAQYFYND_9517-874-10029-1386,0,0,0,0,1,0,0,0,0
FWAQYFYND_9075-878-9587-1390,0,0,0,0,1,0,0,0,0
FWLKRB3QQ_1265-2228-1777-2740,0,1,0,0,0,0,0,0,0
FWLKRB3QQ_3171-661-3683-1173,0,1,0,0,0,0,0,0,0
FWLKRB3QQ_1456-619-1968-1131,0,1,0,0,0,0,0,0,0
FWLKRB3QQ_2500-1675-3012-2187,0,1,0,0,0,0,0,0,0
FWLKRB3QQ_1763-6314-2275-6826,0,1,0,0,0,0,0,0,0
FWLKRB3QQ_4705-20460-5217-20972,0,1,0,0,0,0,0,0,0
FWLKRB3QQ_3986-659-4498-1171,0,1,0,0,0,0,0,0,0
FWLKRB3QQ_4498-659-5010-1171,0,1,0,0,0,0,0,0,0
FWLKRB3QQ_4705-20972-5217-21484,0,1,0,0,0,0,0,0,0
FWMEBDUXX_1972-390-2484-902,0,0,0,1,0,0,0,0,0
FWMEBDUXX_1508-3924-2020-4436,0,0,0,1,0,0,0,0,0
FWLKRB3QQ_944-619-1456-1131,0,1,0,0,0,0,0,0,0
FWMEBDUXX_2977-1637-3489-2149,0,0,0,1,0,0,0,0,0
FWMEBDUXX_3228-4223-3740-4735,0,0,0,1,0,0,0,0,0
FWMEBDUXX_3176-3375-3688-3887,0,0,0,1,0,0,0,0,0
FWMEBDUXX_3489-1637-4001-2149,0,0,0,1,0,0,0,0,0
FWMEBDUXX_3825-636-4337-1148,0,0,0,1,0,0,0,0,0
FWMEBDUXX_2977-2149-3489-2661,0,0,0,1,0,0,0,0,0
FWMEBDUXX_3874-2593-4386-3105,0,0,0,1,0,0,0,0,0
FWMEBDUXX_4937-1763-5449-2275,0,0,0,1,0,0,0,0,0
FWMEBDUXX_4521-2206-5033-2718,0,0,0,1,0,0,0,0,0
FWMEBDUXX_4513-1301-5025-1813,0,0,0,1,0,0,0,0,0
FWMEBDUXX_499-2736-1011-3248,0,0,0,1,0,0,0,0,0
FWMEBDUXX_7780-1325-8292-1837,0,0,0,1,0,0,0,0,0
FWMEBDUXX_6715-3031-7227-3543,0,0,0,1,0,0,0,0,0
FWMEBDUXX_7406-376-7918-888,0,0,0,1,0,0,0,0,0
FWMEBDUXX_5128-4213-5640-4725,0,0,0,1,0,0,0,0,0
FWMEBDUXX_6091-733-6603-1245,0,0,0,1,0,0,0,0,0
FWMEBDUXX_6942-4261-7454-4773,0,0,0,1,0,0,0,0,0
FWMEBDUXX_5545-1241-6057-1753,0,0,0,1,0,0,0,0,0
FWMEBDUXX_8014-4137-8526-4649,0,0,0,1,0,0,0,0,0
FWMEBDUXX_8033-1388-8545-1900,0,0,0,1,0,0,0,0,0
FWPBP7FL2_2238-1360-2750-1872,0,0,1,0,0,0,0,0,0
FWMEBDUXX_8079-545-8591-1057,0,0,0,1,0,0,0,0,0
FWMEBDUXX_8132-2528-8644-3040,0,0,0,1,0,0,0,0,0
FWPBP7FL2_2404-1952-2916-2464,0,0,1,0,0,0,0,0,0
FWPBP7FL2_2916-1952-3428-2464,0,0,1,0,0,0,0,0,0
FWPBP7FL2_381-1236-893-1748,0,0,1,0,0,0,0,0,0
FWPBP7FL2_364-432-876-944,0,0,1,0,0,0,0,0,0
FWPBP7FL2_2925-2249-3437-2761,0,0,1,0,0,0,0,0,0
FWPBP7FL2_3418-2827-3930-3339,0,0,1,0,0,0,0,0,0
FWPBP7FL2_4589-3026-5101-3538,0,0,1,0,0,0,0,0,0
FWPBP7FL2_4261-3072-4773-3584,0,0,1,0,0,0,0,0,0
FWPBP7FL2_3930-2827-4442-3339,0,0,1,0,0,0,0,0,0
FWPBP7FL2_5335-3030-5847-3542,0,0,1,0,0,0,0,0,0
FWPBP7FL2_5430-2311-5942-2823,0,0,1,0,0,0,0,0,0
FWPBP7FL2_5255-683-5767-1195,0,0,1,0,0,0,0,0,0
FWPBP7FL2_5734-1688-6246-2200,0,0,1,0,0,0,0,0,0
FWPBP7FL2_5701-2575-6213-3087,0,0,1,0,0,0,0,0,0
FWPBP7FL2_5942-2311-6454-2823,0,0,1,0,0,0,0,0,0
FWPBP7FL2_5890-2790-6402-3302,0,0,1,0,0,0,0,0,0
FWPBP7FL2_6274-2552-6786-3064,0,0,1,0,0,0,0,0,0
FWPBP7FL2_6013-3178-6525-3690,0,0,1,0,0,0,0,0,0
FWPBP7FL2_5767-683-6279-1195,0,0,1,0,0,0,0,0,0
FWPBP7FL2_6454-2311-6966-2823,0,0,1,0,0,0,0,0,0
FWQX98RYD_10254-8036-10766-8548,0,0,0,0,0,1,0,0,0
FWPBP7FL2_6525-3178-7037-3690,0,0,1,0,0,0,0,0,0
FWQX98RYD_10444-2185-10956-2697,0,0,0,0,0,1,0,0,0
FWQX98RYD_10231-3703-10743-4215,0,0,0,0,1,0,0,0,0
FWQX98RYD_10539-2781-11051-3293,0,0,0,0,1,1,0,0,0
FWQX98RYD_10527-6856-11039-7368,0,0,0,0,0,1,0,0,0
FWQX98RYD_10597-4634-11109-5146,0,0,0,0,1,0,0,0,0
FWQX98RYD_10444-3175-10956-3687,0,0,0,0,1,1,0,0,0
FWQX98RYD_10527-6344-11039-6856,0,0,0,0,0,1,0,0,0
FWQX98RYD_10628-5384-11140-5896,0,0,0,0,1,0,0,0,0
FWQX98RYD_1505-3425-2017-3937,0,0,0,0,1,1,0,0,0
FWQX98RYD_2017-2913-2529-3425,0,0,0,0,1,1,0,0,0
FWQX98RYD_1505-2913-2017-3425,0,0,0,0,1,1,0,0,0
FWQX98RYD_2835-978-3347-1490,0,0,0,0,1,1,0,0,0
FWQX98RYD_2017-2401-2529-2913,0,0,0,0,1,1,0,0,0
FWQX98RYD_2543-1857-3055-2369,0,0,0,0,1,1,0,0,0
FWQX98RYD_2860-1354-3372-1866,0,0,0,0,1,1,0,0,0
FWQX98RYD_5793-6819-6305-7331,0,0,0,0,1,0,0,0,0
FWQX98RYD_3033-640-3545-1152,0,0,0,0,1,1,0,0,0
FWQX98RYD_7898-7338-8410-7850,0,0,0,0,0,1,0,0,0
FWQX98RYD_6661-7008-7173-7520,0,0,0,0,1,0,0,0,0
FWQX98RYD_5333-7004-5845-7516,0,0,0,0,1,1,0,0,0
FWQX98RYD_894-7786-1406-8298,0,0,0,0,1,0,0,0,0
FWQX98RYD_8351-7709-8863-8221,0,0,0,0,0,1,0,0,0
FWQX98RYD_902-6310-1414-6822,0,0,0,0,1,0,0,0,0
FWQX98RYD_8863-7709-9375-8221,0,0,0,0,0,1,0,0,0
FWQX98RYD_8748-2405-9260-2917,0,0,0,0,1,1,0,0,0
FWQX98RYD_909-6915-1421-7427,0,0,0,0,1,1,0,0,0
FWQX98RYD_9260-2405-9772-2917,0,0,0,0,1,0,0,0,0
FWQX98RYD_9112-3740-9624-4252,0,0,0,0,0,1,0,0,0
FWQX98RYD_912-5584-1424-6096,0,0,0,0,1,0,0,0,0
FWQX98RYD_909-7427-1421-7939,0,0,0,0,1,1,0,0,0
FWQX98RYD_9446-4050-9958-4562,0,0,0,0,0,1,0,0,0
FWQX98RYD_9376-7109-9888-7621,0,0,0,0,0,1,0,0,0
FWQX98RYD_949-3649-1461-4161,0,0,0,0,1,0,0,0,0
FWQX98RYD_949-4161-1461-4673,0,0,0,0,1,0,0,0,0
FXU8R9FCR_1796-1502-2308-2014,0,1,0,0,0,0,0,0,0
FXU8R9FCR_1284-2526-1796-3038,0,1,0,0,0,0,0,0,0
FWQX98RYD_9612-7655-10124-8167,0,0,0,0,0,1,0,0,0
FWQX98RYD_9719-3703-10231-4215,0,0,0,0,1,0,0,0,0
FXU8R9FCR_1510-5708-2022-6220,0,1,0,0,0,0,0,0,0
FXU8R9FCR_1796-2014-2308-2526,0,1,0,0,0,0,0,0,0
FXU8R9FCR_1796-2526-2308-3038,0,1,0,0,0,0,0,0,0
FXU8R9FCR_1510-6220-2022-6732,0,1,0,0,0,0,0,0,0
FXU8R9FCR_1796-3038-2308-3550,0,1,0,0,0,0,0,0,0
FXU8R9FCR_1996-3741-2508-4253,0,1,0,0,0,0,0,0,0
FXU8R9FCR_1996-4253-2508-4765,0,1,0,0,0,0,0,0,0
FXU8R9FCR_2308-2014-2820-2526,0,1,0,0,0,0,0,0,0
FXU8R9FCR_1996-4765-2508-5277,0,1,0,0,0,0,0,0,0
FXU8R9FCR_2022-6220-2534-6732,0,1,0,0,0,0,0,0,0
FXU8R9FCR_2308-2526-2820-3038,0,1,0,0,0,0,0,0,0
FXU8R9FCR_2308-1502-2820-2014,0,1,0,0,0,0,0,0,0
FXU8R9FCR_2308-3038-2820-3550,0,1,0,0,0,0,0,0,0
FXU8R9FCR_2508-4253-3020-4765,0,1,0,0,0,0,0,0,0
FXU8R9FCR_4827-5271-5339-5783,0,1,0,0,0,0,0,0,0
FXU8R9FCR_2820-1502-3332-2014,0,1,0,0,0,0,0,0,0
FXU8R9FCR_2534-6220-3046-6732,0,1,0,0,0,0,0,0,0
FXU8R9FCR_2508-4765-3020-5277,0,1,0,0,0,0,0,0,0
FXU8R9FCR_5081-5969-5593-6481,0,1,0,0,0,0,0,0,0
FXU8R9FCR_5081-5457-5593-5969,0,1,0,0,0,0,0,0,0
FXU8R9FCR_4852-6450-5364-6962,0,1,0,0,0,0,0,0,0
FXU8R9FCR_4852-4914-5364-5426,0,1,0,0,0,0,0,0,0
FXU8R9FCR_5364-5426-5876-5938,0,1,0,0,0,0,0,0,0
FXU8R9FCR_5747-3752-6259-4264,0,1,0,0,0,0,0,0,0
FXU8R9FCR_5364-5938-5876-6450,0,1,0,0,0,0,0,0,0
FXU8R9FCR_5876-5938-6388-6450,0,1,0,0,0,0,0,0,0
FXU8R9FCR_5747-3240-6259-3752,0,1,0,0,0,0,0,0,0
FXU8R9FCR_5364-6450-5876-6962,0,1,0,0,0,0,0,0,0
FXU8R9FCR_5876-6450-6388-6962,0,1,0,0,0,0,0,0,0
FXU8R9FCR_5876-5426-6388-5938,0,1,0,0,0,0,0,0,0
FXU8R9FCR_6147-1635-6659-2147,0,1,0,0,0,0,0,0,0
FXU8R9FCR_6259-3752-6771-4264,0,1,0,0,0,0,0,0,0
FXU8R9FCR_6147-2147-6659-2659,0,1,0,0,0,0,0,0,0
FXU8R9FCR_6388-5426-6900-5938,0,1,0,0,0,0,0,0,0
FXU8R9FCR_6259-3240-6771-3752,0,1,0,0,0,0,0,0,0
FXU8R9FCR_6388-5938-6900-6450,0,1,0,0,0,0,0,0,0
FXU8R9FCR_6388-4914-6900-5426,0,1,0,0,0,0,0,0,0
FXU8R9FCR_6487-6332-6999-6844,0,1,0,0,0,0,0,0,0
FXU8R9FCR_6147-2659-6659-3171,0,1,0,0,0,0,0,0,0
FXU8R9FCR_6745-5613-7257-6125,0,1,0,0,0,0,0,0,0
FXU8R9FCR_6659-1635-7171-2147,0,1,0,0,0,0,0,0,0
FXU8R9FCR_6528-428-7040-940,0,1,0,0,0,0,0,0,0
FXU8R9FCR_6659-2659-7171-3171,0,1,0,0,0,0,0,0,0
FXU8R9FCR_6659-2147-7171-2659,0,1,0,0,0,0,0,0,0
FXU8R9FCR_7040-428-7552-940,0,1,0,0,0,0,0,0,0
FXU8R9FCR_6745-6125-7257-6637,0,1,0,0,0,0,0,0,0
FXU8R9FCR_7171-1123-7683-1635,0,1,0,0,0,0,0,0,0
FXU8R9FCR_7171-1635-7683-2147,0,1,0,0,0,0,0,0,0
FXU8R9FCR_7171-2147-7683-2659,0,1,0,0,0,0,0,0,0
FXU8R9FCR_7171-2659-7683-3171,0,1,0,0,0,0,0,0,0
FXU8R9FCR_7257-6125-7769-6637,0,1,0,0,0,0,0,0,0
FXU8R9FCR_7683-2659-8195-3171,0,1,0,0,0,0,0,0,0
FXU8R9FCR_7257-5613-7769-6125,0,1,0,0,0,0,0,0,0
FXU8R9FCR_7683-1123-8195-1635,0,1,0,0,0,0,0,0,0
FXU8R9FCR_7683-1635-8195-2147,0,1,0,0,0,0,0,0,0
FXU8R9FCR_7683-2147-8195-2659,0,1,0,0,0,0,0,0,0
FXU8R9FCR_7769-5613-8281-6125,0,1,0,0,0,0,0,0,0
FXU8R9FCR_7769-6125-8281-6637,0,1,0,0,0,0,0,0,0
FXU8R9FCR_8195-1635-8707-2147,0,1,0,0,0,0,0,0,0
FXU8R9FCR_8281-5613-8793-6125,0,1,0,0,0,0,0,0,0
FXU8R9FCR_8195-2659-8707-3171,0,1,0,0,0,0,0,0,0
FXU8R9FCR_8195-1123-8707-1635,0,1,0,0,0,0,0,0,0
FXU8R9FCR_8195-2147-8707-2659,0,1,0,0,0,0,0,0,0
FXU8R9FCR_7899-537-8411-1049,0,1,0,0,0,0,0,0,0
FXU8R9FCR_8411-537-8923-1049,0,1,0,0,0,0,0,0,0
FXU8R9FCR_8707-1123-9219-1635,0,1,0,0,0,0,0,0,0
FXU8R9FCR_8707-2147-9219-2659,0,1,0,0,0,0,0,0,0
FXU8R9FCR_8707-2659-9219-3171,0,1,0,0,0,0,0,0,0
FXU8R9FCR_998-5708-1510-6220,0,1,0,0,0,0,0,0,0
FXU8R9FCR_871-1530-1383-2042,0,1,0,0,0,0,0,0,0
FXU8R9FCR_998-6220-1510-6732,0,1,0,0,0,0,0,0,0
FXV4J9P6C_10196-5897-10708-6409,0,0,0,0,1,0,0,0,0
FXV4J9P6C_10201-5125-10713-5637,0,0,0,0,1,0,0,0,0
FXV4J9P6C_10135-3298-10647-3810,0,0,0,0,1,0,0,0,0
FXV4J9P6C_10202-4745-10714-5257,0,0,0,0,1,0,0,0,0
FXV4J9P6C_10425-2869-10937-3381,0,0,0,0,1,0,0,0,0
FXV4J9P6C_1286-698-1798-1210,0,0,0,0,1,1,0,0,0
FXV4J9P6C_1832-2079-2344-2591,0,0,0,0,1,0,0,0,0
FXV4J9P6C_10487-3236-10999-3748,0,0,0,0,1,0,0,0,0
FXV4J9P6C_1815-1369-2327-1881,0,0,0,0,1,0,0,0,0
FXV4J9P6C_10256-490-10768-1002,0,0,0,0,0,1,0,0,0
FXV4J9P6C_10768-490-11280-1002,0,0,0,0,0,1,0,0,0
FXV4J9P6C_1905-2437-2417-2949,0,0,0,0,1,0,0,0,0
FXV4J9P6C_625-637-1137-1149,0,0,0,0,0,1,0,0,0
FXVXKAKV4_10505-7078-11017-7590,0,1,0,0,0,0,0,0,0
FXVXKAKV4_10009-2905-10521-3417,0,1,0,0,0,0,0,0,0
FXV4J9P6C_7469-1764-7981-2276,0,0,0,0,1,0,0,0,0
FXVXKAKV4_10351-2094-10863-2606,0,1,0,0,0,0,0,0,0
FXVXKAKV4_10475-1296-10987-1808,0,1,0,0,0,0,0,0,0
FXVXKAKV4_10505-7590-11017-8102,0,1,0,0,0,0,0,0,0
FXVXKAKV4_10351-2606-10863-3118,0,1,0,0,0,0,0,0,0
FXVXKAKV4_10009-3929-10521-4441,0,1,0,0,0,0,0,0,0
FXV4J9P6C_7981-1764-8493-2276,0,0,0,0,1,0,0,0,0
FXVXKAKV4_10767-576-11279-1088,0,1,0,0,0,0,0,0,0
FXVXKAKV4_10521-3929-11033-4441,0,1,0,0,0,0,0,0,0
FXVXKAKV4_10521-2905-11033-3417,0,1,0,0,0,0,0,0,0
FXVXKAKV4_1057-2060-1569-2572,0,1,0,0,0,0,0,0,0
FXVXKAKV4_10863-2606-11375-3118,0,1,0,0,0,0,0,0,0
FXVXKAKV4_1057-2572-1569-3084,0,1,0,0,0,0,0,0,0
FXVXKAKV4_10863-2094-11375-2606,0,1,0,0,0,0,0,0,0
FXVXKAKV4_1095-5013-1607-5525,0,1,0,0,0,0,0,0,0
FXVXKAKV4_1095-5525-1607-6037,0,1,0,0,0,0,0,0,0
FXVXKAKV4_11033-3929-11545-4441,0,1,0,0,0,0,0,0,0
FXVXKAKV4_11033-3417-11545-3929,0,1,0,0,0,0,0,0,0
FXVXKAKV4_1095-7573-1607-8085,0,1,0,0,0,0,0,0,0
FXVXKAKV4_1095-6037-1607-6549,0,1,0,0,0,0,0,0,0
FXVXKAKV4_11272-1424-11784-1936,0,1,0,0,0,0,0,0,0
FXVXKAKV4_11272-1936-11784-2448,0,1,0,0,0,0,0,0,0
FXVXKAKV4_11784-1424-12296-1936,0,1,0,0,0,0,0,0,0
FXVXKAKV4_11272-2448-11784-2960,0,1,0,0,0,0,0,0,0
FXVXKAKV4_11272-5520-11784-6032,0,1,0,0,0,0,0,0,0
FXVXKAKV4_11784-3984-12296-4496,0,1,0,0,0,0,0,0,0
FXVXKAKV4_11784-2960-12296-3472,0,1,0,0,0,0,0,0,0
FXVXKAKV4_11784-3472-12296-3984,0,1,0,0,0,0,0,0,0
FXVXKAKV4_11784-5520-12296-6032,0,1,0,0,0,0,0,0,0
FXVXKAKV4_11784-4496-12296-5008,0,1,0,0,0,0,0,0,0
FXVXKAKV4_11784-5008-12296-5520,0,1,0,0,0,0,0,0,0
FXVXKAKV4_12296-1936-12808-2448,0,1,0,0,0,0,0,0,0
FXVXKAKV4_12296-2448-12808-2960,0,1,0,0,0,0,0,0,0
FXVXKAKV4_12906-1343-13418-1855,0,1,0,0,0,0,0,0,0
FXVXKAKV4_12808-2960-13320-3472,0,1,0,0,0,0,0,0,0
FXVXKAKV4_12296-5008-12808-5520,0,1,0,0,0,0,0,0,0
FXVXKAKV4_12394-1343-12906-1855,0,1,0,0,0,0,0,0,0
FXVXKAKV4_12808-5008-13320-5520,0,1,0,0,0,0,0,0,0
FXVXKAKV4_12296-2960-12808-3472,0,1,0,0,0,0,0,0,0
FXVXKAKV4_12394-831-12906-1343,0,1,0,0,0,0,0,0,0
FXVXKAKV4_12296-3984-12808-4496,0,1,0,0,0,0,0,0,0
FXVXKAKV4_12808-400-13320-912,0,1,0,0,0,0,0,0,0
FXVXKAKV4_12296-4496-12808-5008,0,1,0,0,0,0,0,0,0
FXVXKAKV4_13320-2448-13832-2960,0,1,0,0,0,0,0,0,0
FXVXKAKV4_12906-831-13418-1343,0,1,0,0,0,0,0,0,0
FXVXKAKV4_13320-2960-13832-3472,0,1,0,0,0,0,0,0,0
FXVXKAKV4_13320-1424-13832-1936,0,1,0,0,0,0,0,0,0
FXVXKAKV4_13320-400-13832-912,0,1,0,0,0,0,0,0,0
FXVXKAKV4_13320-4496-13832-5008,0,1,0,0,0,0,0,0,0
FXVXKAKV4_13320-5008-13832-5520,0,1,0,0,0,0,0,0,0
FXVXKAKV4_13832-912-14344-1424,0,1,0,0,0,0,0,0,0
FXVXKAKV4_14344-3472-14856-3984,0,1,0,0,0,0,0,0,0
FXVXKAKV4_14295-7552-14807-8064,0,1,0,0,0,0,0,0,0
FXVXKAKV4_14344-3984-14856-4496,0,1,0,0,0,0,0,0,0
FXVXKAKV4_13832-1936-14344-2448,0,1,0,0,0,0,0,0,0
FXVXKAKV4_13832-4496-14344-5008,0,1,0,0,0,0,0,0,0
FXVXKAKV4_13418-831-13930-1343,0,1,0,0,0,0,0,0,0
FXVXKAKV4_13832-3984-14344-4496,0,1,0,0,0,0,0,0,0
FXVXKAKV4_13832-1424-14344-1936,0,1,0,0,0,0,0,0,0
FXVXKAKV4_14344-1424-14856-1936,0,1,0,0,0,0,0,0,0
FXVXKAKV4_14856-2448-15368-2960,0,1,0,0,0,0,0,0,0
FXVXKAKV4_14807-7552-15319-8064,0,1,0,0,0,0,0,0,0
FXVXKAKV4_14856-2960-15368-3472,0,1,0,0,0,0,0,0,0
FXVXKAKV4_14856-912-15368-1424,0,1,0,0,0,0,0,0,0
FXVXKAKV4_15319-7552-15831-8064,0,1,0,0,0,0,0,0,0
FXVXKAKV4_14856-400-15368-912,0,1,0,0,0,0,0,0,0
FXVXKAKV4_15368-1424-15880-1936,0,1,0,0,0,0,0,0,0
FXVXKAKV4_15368-1936-15880-2448,0,1,0,0,0,0,0,0,0
FXVXKAKV4_1607-6549-2119-7061,0,1,0,0,0,0,0,0,0
FXVXKAKV4_15965-4138-16477-4650,0,1,0,0,0,0,0,0,0
FXVXKAKV4_15368-912-15880-1424,0,1,0,0,0,0,0,0,0
FXVXKAKV4_15965-4650-16477-5162,0,1,0,0,0,0,0,0,0
FXVXKAKV4_15965-5162-16477-5674,0,1,0,0,0,0,0,0,0
FXVXKAKV4_15368-400-15880-912,0,1,0,0,0,0,0,0,0
FXVXKAKV4_1607-5013-2119-5525,0,1,0,0,0,0,0,0,0
FXVXKAKV4_1607-6037-2119-6549,0,1,0,0,0,0,0,0,0
FXVXKAKV4_1607-5525-2119-6037,0,1,0,0,0,0,0,0,0
FXVXKAKV4_16477-2602-16989-3114,0,1,0,0,0,0,0,0,0
FXVXKAKV4_16477-5162-16989-5674,0,1,0,0,0,0,0,0,0
FXVXKAKV4_16477-3114-16989-3626,0,1,0,0,0,0,0,0,0
FXVXKAKV4_16477-3626-16989-4138,0,1,0,0,0,0,0,0,0
FXVXKAKV4_16755-2366-17267-2878,0,1,0,0,0,0,0,0,0
FXVXKAKV4_16755-1342-17267-1854,0,1,0,0,0,0,0,0,0
FXVXKAKV4_16755-1854-17267-2366,0,1,0,0,0,0,0,0,0
FXVXKAKV4_16989-2602-17501-3114,0,1,0,0,0,0,0,0,0
FXVXKAKV4_16989-3114-17501-3626,0,1,0,0,0,0,0,0,0
FXVXKAKV4_17501-5162-18013-5674,0,1,0,0,0,0,0,0,0
FXVXKAKV4_17267-1342-17779-1854,0,1,0,0,0,0,0,0,0
FXVXKAKV4_17267-2366-17779-2878,0,1,0,0,0,0,0,0,0
FXVXKAKV4_17267-1854-17779-2366,0,1,0,0,0,0,0,0,0
FXVXKAKV4_17501-2602-18013-3114,0,1,0,0,0,0,0,0,0
FXVXKAKV4_17779-1854-18291-2366,0,1,0,0,0,0,0,0,0
FXVXKAKV4_17501-3114-18013-3626,0,1,0,0,0,0,0,0,0
FXVXKAKV4_17779-2366-18291-2878,0,1,0,0,0,0,0,0,0
FXVXKAKV4_16989-5162-17501-5674,0,1,0,0,0,0,0,0,0
FXVXKAKV4_18013-2602-18525-3114,0,1,0,0,0,0,0,0,0
FXVXKAKV4_18013-4138-18525-4650,0,1,0,0,0,0,0,0,0
FXVXKAKV4_18291-2366-18803-2878,0,1,0,0,0,0,0,0,0
FXVXKAKV4_18013-5162-18525-5674,0,1,0,0,0,0,0,0,0
FXVXKAKV4_18291-1342-18803-1854,0,1,0,0,0,0,0,0,0
FXVXKAKV4_18013-4650-18525-5162,0,1,0,0,0,0,0,0,0
FXVXKAKV4_18291-830-18803-1342,0,1,0,0,0,0,0,0,0
FXVXKAKV4_18525-3114-19037-3626,0,1,0,0,0,0,0,0,0
FXVXKAKV4_18803-2366-19315-2878,0,1,0,0,0,0,0,0,0
FXVXKAKV4_19037-4138-19549-4650,0,1,0,0,0,0,0,0,0
FXVXKAKV4_19037-3114-19549-3626,0,1,0,0,0,0,0,0,0
FXVXKAKV4_18525-4138-19037-4650,0,1,0,0,0,0,0,0,0
FXVXKAKV4_19198-5717-19710-6229,0,1,0,0,0,0,0,0,0
FXVXKAKV4_19549-3114-20061-3626,0,1,0,0,0,0,0,0,0
FXVXKAKV4_18803-318-19315-830,0,1,0,0,0,0,0,0,0
FXVXKAKV4_19315-2366-19827-2878,0,1,0,0,0,0,0,0,0
FXVXKAKV4_19037-3626-19549-4138,0,1,0,0,0,0,0,0,0
FXVXKAKV4_19198-5205-19710-5717,0,1,0,0,0,0,0,0,0
FXVXKAKV4_19315-318-19827-830,0,1,0,0,0,0,0,0,0
FXVXKAKV4_19549-3626-20061-4138,0,1,0,0,0,0,0,0,0
FXVXKAKV4_19549-4138-20061-4650,0,1,0,0,0,0,0,0,0
FXVXKAKV4_19549-4650-20061-5162,0,1,0,0,0,0,0,0,0
FXVXKAKV4_19614-4407-20126-4919,0,1,0,0,0,0,0,0,0
FXVXKAKV4_19710-5205-20222-5717,0,1,0,0,0,0,0,0,0
FXVXKAKV4_19710-5717-20222-6229,0,1,0,0,0,0,0,0,0
FXVXKAKV4_19827-1342-20339-1854,0,1,0,0,0,0,0,0,0
FXVXKAKV4_19827-2366-20339-2878,0,1,0,0,0,0,0,0,0
FXVXKAKV4_19827-318-20339-830,0,1,0,0,0,0,0,0,0
FXVXKAKV4_2119-6037-2631-6549,0,1,0,0,0,0,0,0,0
FXVXKAKV4_2119-4501-2631-5013,0,1,0,0,0,0,0,0,0
FXVXKAKV4_19827-830-20339-1342,0,1,0,0,0,0,0,0,0
FXVXKAKV4_19827-1854-20339-2366,0,1,0,0,0,0,0,0,0
FXVXKAKV4_2375-2916-2887-3428,0,1,0,0,0,0,0,0,0
FXVXKAKV4_2375-4452-2887-4964,0,1,0,0,0,0,0,0,0
FXVXKAKV4_2375-3940-2887-4452,0,1,0,0,0,0,0,0,0
FXVXKAKV4_2375-3428-2887-3940,0,1,0,0,0,0,0,0,0
FXVXKAKV4_2119-5013-2631-5525,0,1,0,0,0,0,0,0,0
FXVXKAKV4_2631-6037-3143-6549,0,1,0,0,0,0,0,0,0
FXVXKAKV4_2631-4501-3143-5013,0,1,0,0,0,0,0,0,0
FXVXKAKV4_2631-5013-3143-5525,0,1,0,0,0,0,0,0,0
FXVXKAKV4_2631-5525-3143-6037,0,1,0,0,0,0,0,0,0
FXVXKAKV4_2887-2916-3399-3428,0,1,0,0,0,0,0,0,0
FXVXKAKV4_2887-3428-3399-3940,0,1,0,0,0,0,0,0,0
FXVXKAKV4_2887-3940-3399-4452,0,1,0,0,0,0,0,0,0
FXVXKAKV4_3143-5013-3655-5525,0,1,0,0,0,0,0,0,0
FXVXKAKV4_3143-4501-3655-5013,0,1,0,0,0,0,0,0,0
FXVXKAKV4_2887-4452-3399-4964,0,1,0,0,0,0,0,0,0
FXVXKAKV4_3143-5525-3655-6037,0,1,0,0,0,0,0,0,0
FXVXKAKV4_3655-4501-4167-5013,0,1,0,0,0,0,0,0,0
FXVXKAKV4_3178-1013-3690-1525,0,1,0,0,0,0,0,0,0
FXVXKAKV4_3178-3573-3690-4085,0,1,0,0,0,0,0,0,0
FXVXKAKV4_3178-2037-3690-2549,0,1,0,0,0,0,0,0,0
FXVXKAKV4_3178-501-3690-1013,0,1,0,0,0,0,0,0,0
FXVXKAKV4_3178-1525-3690-2037,0,1,0,0,0,0,0,0,0
FXVXKAKV4_3178-3061-3690-3573,0,1,0,0,0,0,0,0,0
FXVXKAKV4_3655-5013-4167-5525,0,1,0,0,0,0,0,0,0
FXVXKAKV4_3690-3061-4202-3573,0,1,0,0,0,0,0,0,0
FXVXKAKV4_3690-1013-4202-1525,0,1,0,0,0,0,0,0,0
FXVXKAKV4_3690-2549-4202-3061,0,1,0,0,0,0,0,0,0
FXVXKAKV4_3690-3573-4202-4085,0,1,0,0,0,0,0,0,0
FXVXKAKV4_3690-501-4202-1013,0,1,0,0,0,0,0,0,0
FXVXKAKV4_4745-3639-5257-4151,0,1,0,0,0,0,0,0,0
FXVXKAKV4_4202-1013-4714-1525,0,1,0,0,0,0,0,0,0
FXVXKAKV4_4202-1525-4714-2037,0,1,0,0,0,0,0,0,0
FXVXKAKV4_4202-2037-4714-2549,0,1,0,0,0,0,0,0,0
FXVXKAKV4_4553-1184-5065-1696,0,1,0,0,0,0,0,0,0
FXVXKAKV4_4233-3639-4745-4151,0,1,0,0,0,0,0,0,0
FXVXKAKV4_4233-4151-4745-4663,0,1,0,0,0,0,0,0,0
FXVXKAKV4_4745-4151-5257-4663,0,1,0,0,0,0,0,0,0
FXVXKAKV4_4993-562-5505-1074,0,1,0,0,0,0,0,0,0
FXVXKAKV4_4553-1696-5065-2208,0,1,0,0,0,0,0,0,0
FXVXKAKV4_5065-1184-5577-1696,0,1,0,0,0,0,0,0,0
FXVXKAKV4_5065-1696-5577-2208,0,1,0,0,0,0,0,0,0
FXVXKAKV4_5257-3639-5769-4151,0,1,0,0,0,0,0,0,0
FXVXKAKV4_5257-4151-5769-4663,0,1,0,0,0,0,0,0,0
FXVXKAKV4_545-2060-1057-2572,0,1,0,0,0,0,0,0,0
FXVXKAKV4_545-2572-1057-3084,0,1,0,0,0,0,0,0,0
FXVXKAKV4_5462-2657-5974-3169,0,1,0,0,0,0,0,0,0
FXVXKAKV4_5462-3169-5974-3681,0,1,0,0,0,0,0,0,0
FXVXKAKV4_5769-3639-6281-4151,0,1,0,0,0,0,0,0,0
FXVXKAKV4_583-7061-1095-7573,0,1,0,0,0,0,0,0,0
FXVXKAKV4_5536-4621-6048-5133,0,1,0,0,0,0,0,0,0
FXVXKAKV4_5536-5133-6048-5645,0,1,0,0,0,0,0,0,0
FXVXKAKV4_5879-1622-6391-2134,0,1,0,0,0,0,0,0,0
FXVXKAKV4_5974-2657-6486-3169,0,1,0,0,0,0,0,0,0
FXVXKAKV4_583-6549-1095-7061,0,1,0,0,0,0,0,0,0
FXVXKAKV4_583-6037-1095-6549,0,1,0,0,0,0,0,0,0
FXVXKAKV4_583-7573-1095-8085,0,1,0,0,0,0,0,0,0
FXVXKAKV4_5879-1110-6391-1622,0,1,0,0,0,0,0,0,0
FXVXKAKV4_5879-2134-6391-2646,0,1,0,0,0,0,0,0,0
FXVXKAKV4_6391-598-6903-1110,0,1,0,0,0,0,0,0,0
FXVXKAKV4_6391-2134-6903-2646,0,1,0,0,0,0,0,0,0
FXVXKAKV4_5974-3169-6486-3681,0,1,0,0,0,0,0,0,0
FXVXKAKV4_6903-1110-7415-1622,0,1,0,0,0,0,0,0,0
FXVXKAKV4_6903-1622-7415-2134,0,1,0,0,0,0,0,0,0
FXVXKAKV4_6903-2134-7415-2646,0,1,0,0,0,0,0,0,0
FXVXKAKV4_7570-1577-8082-2089,0,1,0,0,0,0,0,0,0
FXVXKAKV4_7570-1065-8082-1577,0,1,0,0,0,0,0,0,0
FXVXKAKV4_7570-553-8082-1065,0,1,0,0,0,0,0,0,0
FXVXKAKV4_7064-3603-7576-4115,0,1,0,0,0,0,0,0,0
FXVXKAKV4_6903-598-7415-1110,0,1,0,0,0,0,0,0,0
FXVXKAKV4_7064-3091-7576-3603,0,1,0,0,0,0,0,0,0
FXVXKAKV4_7576-3603-8088-4115,0,1,0,0,0,0,0,0,0
FXVXKAKV4_8088-3091-8600-3603,0,1,0,0,0,0,0,0,0
FXVXKAKV4_8088-3603-8600-4115,0,1,0,0,0,0,0,0,0
FXVXKAKV4_7064-2579-7576-3091,0,1,0,0,0,0,0,0,0
FXVXKAKV4_8088-2579-8600-3091,0,1,0,0,0,0,0,0,0
FXVXKAKV4_7576-2579-8088-3091,0,1,0,0,0,0,0,0,0
FXVXKAKV4_8473-3929-8985-4441,0,1,0,0,0,0,0,0,0
FXVXKAKV4_8473-3417-8985-3929,0,1,0,0,0,0,0,0,0
FXVXKAKV4_8246-543-8758-1055,0,1,0,0,0,0,0,0,0
FXVXKAKV4_8246-1055-8758-1567,0,1,0,0,0,0,0,0,0
FXVXKAKV4_8758-1055-9270-1567,0,1,0,0,0,0,0,0,0
FXVXKAKV4_8758-543-9270-1055,0,1,0,0,0,0,0,0,0
FXVXKAKV4_9993-7078-10505-7590,0,1,0,0,0,0,0,0,0
FXVXKAKV4_8969-6566-9481-7078,0,1,0,0,0,0,0,0,0
FXVXKAKV4_8985-3929-9497-4441,0,1,0,0,0,0,0,0,0
FXVXKAKV4_9963-1296-10475-1808,0,1,0,0,0,0,0,0,0
FXVXKAKV4_8969-7078-9481-7590,0,1,0,0,0,0,0,0,0
FXVXKAKV4_8985-2905-9497-3417,0,1,0,0,0,0,0,0,0
FXVXKAKV4_9481-6566-9993-7078,0,1,0,0,0,0,0,0,0
FXVXKAKV4_8969-7590-9481-8102,0,1,0,0,0,0,0,0,0
FXVXKAKV4_9481-7590-9993-8102,0,1,0,0,0,0,0,0,0
FXVXKAKV4_9497-2905-10009-3417,0,1,0,0,0,0,0,0,0
FXVXKAKV4_9497-3929-10009-4441,0,1,0,0,0,0,0,0,0
FZPAML4RM_2062-789-2574-1301,1,0,0,0,0,0,0,0,0
FZYBZPLNR_1349-4434-1861-4946,0,0,0,0,1,0,0,0,0
FXVXKAKV4_9993-7590-10505-8102,0,1,0,0,0,0,0,0,0
FZYBZPLNR_1470-5440-1982-5952,0,0,0,0,0,1,0,0,0
FZYBZPLNR_1451-6744-1963-7256,0,0,0,0,1,1,0,0,0
FZYBZPLNR_1581-5654-2093-6166,0,0,0,0,0,1,0,0,0
FZYBZPLNR_2176-3414-2688-3926,0,0,0,0,1,0,0,0,0
FZYBZPLNR_1646-3425-2158-3937,0,0,0,0,1,0,0,0,0
FZYBZPLNR_1963-6744-2475-7256,0,0,0,0,1,1,0,0,0
FZYBZPLNR_5888-972-6400-1484,0,0,0,0,1,0,0,0,0
FZYBZPLNR_5898-2180-6410-2692,0,0,0,0,1,0,0,0,0
FZYBZPLNR_5840-1386-6352-1898,0,0,0,0,1,0,0,0,0
FZYBZPLNR_3144-6829-3656-7341,0,0,0,0,0,1,0,0,0
FZYBZPLNR_2475-6744-2987-7256,0,0,0,0,1,1,0,0,0
FZYBZPLNR_5951-2529-6463-3041,0,0,0,0,1,1,0,0,0
FZYBZPLNR_5889-1783-6401-2295,0,0,0,0,1,0,0,0,0
FZYBZPLNR_853-6910-1365-7422,0,0,0,0,0,1,0,0,0
FZYBZPLNR_889-1829-1401-2341,0,0,0,0,1,0,0,0,0
FZYBZPLNR_858-704-1370-1216,0,0,0,0,1,1,0,0,0
FZYBZPLNR_916-1040-1428-1552,0,0,0,0,1,1,0,0,0
FZYBZPLNR_884-2407-1396-2919,0,0,0,0,1,0,0,0,0
FZYBZPLNR_928-1434-1440-1946,0,0,0,0,1,0,0,0,0
FZZZYKFVI_593-1291-1105-1803,0,0,1,0,0,0,0,0,0
G16GLJN31_3070-4945-3582-5457,0,0,1,0,0,0,0,0,0
G1TFALNK7_1076-6598-1588-7110,0,0,0,1,0,0,0,0,0
G16GLJN31_481-4984-993-5496,0,0,1,0,0,0,0,0,0
G1TFALNK7_1076-7110-1588-7622,0,0,0,1,0,0,0,0,0
G1TFALNK7_1588-6598-2100-7110,0,0,0,1,0,0,0,0,0
G1TFALNK7_1588-7110-2100-7622,0,0,0,1,0,0,0,0,0
G1TFALNK7_2100-7110-2612-7622,0,0,0,1,0,0,0,0,0
G1TFALNK7_2671-9654-3183-10166,0,0,0,1,0,0,0,0,0
G1TFALNK7_2100-6598-2612-7110,0,0,0,1,0,0,0,0,0
G1TFALNK7_2159-9142-2671-9654,0,0,0,1,0,0,0,0,0
G1TFALNK7_2671-9142-3183-9654,0,0,0,1,0,0,0,0,0
G1TFALNK7_2159-9654-2671-10166,0,0,0,1,0,0,0,0,0
G1TFALNK7_5399-9688-5911-10200,0,0,0,1,0,0,0,0,0
G1TFALNK7_5617-1015-6129-1527,0,0,0,1,0,0,0,0,0
G1TFALNK7_5399-10200-5911-10712,0,0,0,1,0,0,0,0,0
G1TFALNK7_5617-1527-6129-2039,0,0,0,1,0,0,0,0,0
G1TFALNK7_6129-1527-6641-2039,0,0,0,1,0,0,0,0,0
G1TFALNK7_6129-1015-6641-1527,0,0,0,1,0,0,0,0,0
G1TFALNK7_6641-1527-7153-2039,0,0,0,1,0,0,0,0,0
G1TFALNK7_6641-1015-7153-1527,0,0,0,1,0,0,0,0,0
G1TFALNK7_6795-6999-7307-7511,0,0,0,1,0,0,0,0,0
G1TFALNK7_7153-1015-7665-1527,0,0,0,1,0,0,0,0,0
G1TFALNK7_7665-503-8177-1015,0,0,0,1,0,0,0,0,0
G1TFALNK7_7599-5802-8111-6314,0,0,0,1,0,0,0,0,0
G1TFALNK7_7307-7511-7819-8023,0,0,0,1,0,0,0,0,0
G1TFALNK7_7307-6999-7819-7511,0,0,0,1,0,0,0,0,0
G1TFALNK7_6829-10281-7341-10793,0,0,0,1,0,0,0,0,0
G1TFALNK7_6795-7511-7307-8023,0,0,0,1,0,0,0,0,0
G1TFALNK7_7153-1527-7665-2039,0,0,0,1,0,0,0,0,0
G1TFALNK7_7665-1527-8177-2039,0,0,0,1,0,0,0,0,0
G2C8RAK6P_225-322-737-834,0,0,0,0,0,1,0,0,0
G2C8RAK6P_381-3380-893-3892,0,0,0,0,0,1,0,0,0
G2C8RAK6P_1405-2868-1917-3380,0,0,0,0,0,1,0,0,0
G2C8RAK6P_893-3380-1405-3892,0,0,0,0,0,1,0,0,0
G2CR49QFJ_1006-8479-1518-8991,0,0,0,0,0,0,0,0,1
G2CR49QFJ_1258-622-1770-1134,0,0,0,0,0,0,0,0,1
G2CR49QFJ_2051-2669-2563-3181,0,0,0,0,0,0,0,0,1
G2CR49QFJ_1997-8475-2509-8987,0,0,0,0,0,0,0,0,1
G2CR49QFJ_2072-831-2584-1343,0,0,0,0,0,0,0,0,1
G2CR49QFJ_2051-2157-2563-2669,0,0,0,0,0,0,0,0,1
G2CR49QFJ_4241-11959-4753-12471,0,0,0,0,0,0,0,0,1
G2CR49QFJ_3049-8822-3561-9334,0,0,0,0,0,0,0,0,1
G2CR49QFJ_2109-505-2621-1017,0,0,0,0,0,0,0,0,1
G2CR49QFJ_3472-9059-3984-9571,0,0,0,0,0,0,0,0,1
G2CR49QFJ_3801-11391-4313-11903,0,0,0,0,0,0,0,0,1
G2CR49QFJ_4052-9781-4564-10293,0,0,0,0,0,0,0,0,1
G2CR49QFJ_3801-11903-4313-12415,0,0,0,0,0,0,0,0,1
G2CR49QFJ_4455-8946-4967-9458,0,0,0,0,0,0,0,0,1
G2CR49QFJ_730-8687-1242-9199,0,0,0,0,0,0,0,0,1
G2CR49QFJ_5679-8894-6191-9406,0,0,0,0,0,0,0,0,1
G2CR49QFJ_5931-12426-6443-12938,0,0,0,0,0,0,0,0,1
G2DFLHHVA_1164-831-1676-1343,1,0,0,0,0,0,0,0,0
G2DFLHHVA_1164-1343-1676-1855,1,0,0,0,0,0,0,0,0
G2DFLHHVA_2520-1401-3032-1913,1,0,0,0,0,0,0,0,0
G2DFLHHVA_2274-941-2786-1453,1,0,0,0,0,0,0,0,0
G2DFLHHVA_2188-1343-2700-1855,1,0,0,0,0,0,0,0,0
G2DFLHHVA_2274-429-2786-941,1,0,0,0,0,0,0,0,0
G2DFLHHVA_2977-978-3489-1490,1,0,0,0,0,0,0,0,0
G2DFLHHVA_1676-1343-2188-1855,1,0,0,0,0,0,0,0,0
G2DFLHHVA_1676-831-2188-1343,1,0,0,0,0,0,0,0,0
G2DFLHHVA_2977-466-3489-978,1,0,0,0,0,0,0,0,0
G2DFLHHVA_3032-1401-3544-1913,1,0,0,0,0,0,0,0,0
G2DFLHHVA_3298-1453-3810-1965,1,0,0,0,0,0,0,0,0
G2DFLHHVA_3032-1913-3544-2425,1,0,0,0,0,0,0,0,0
G2DFLHHVA_3298-429-3810-941,1,0,0,0,0,0,0,0,0
G2DFLHHVA_4001-466-4513-978,1,0,0,0,0,0,0,0,0
G2DFLHHVA_3298-941-3810-1453,1,0,0,0,0,0,0,0,0
G2DFLHHVA_3544-1913-4056-2425,1,0,0,0,0,0,0,0,0
G2DFLHHVA_3810-1453-4322-1965,1,0,0,0,0,0,0,0,0
G2DFLHHVA_4001-978-4513-1490,1,0,0,0,0,0,0,0,0
G2DFLHHVA_4513-466-5025-978,1,0,0,0,0,0,0,0,0
G2DFLHHVA_5025-978-5537-1490,1,0,0,0,0,0,0,0,0
G2DFLHHVA_4513-978-5025-1490,1,0,0,0,0,0,0,0,0
G2DFLHHVA_5025-1490-5537-2002,1,0,0,0,0,0,0,0,0
G2DFLHHVA_5025-466-5537-978,1,0,0,0,0,0,0,0,0
G2DFLHHVA_4919-2511-5431-3023,1,0,0,0,0,0,0,0,0
G2DFLHHVA_5233-295-5745-807,1,0,0,0,0,0,0,0,0
G2DFLHHVA_5431-2511-5943-3023,1,0,0,0,0,0,0,0,0
G2DFLHHVA_4733-347-5245-859,1,0,0,0,0,0,0,0,0
G2DFLHHVA_5537-1490-6049-2002,1,0,0,0,0,0,0,0,0
G2DFLHHVA_5537-466-6049-978,1,0,0,0,0,0,0,0,0
G2DFLHHVA_652-319-1164-831,1,0,0,0,0,0,0,0,0
G2DFLHHVA_652-831-1164-1343,1,0,0,0,0,0,0,0,0
G2MAUNPH9_1337-9845-1849-10357,0,0,0,0,1,0,0,0,0
G2MAUNPH9_1900-9870-2412-10382,0,0,0,0,1,0,0,0,0
G2MAUNPH9_1699-811-2211-1323,0,0,0,0,1,0,0,0,0
G2MAUNPH9_2253-731-2765-1243,0,0,0,0,1,0,0,0,0
G2MAUNPH9_2992-9813-3504-10325,0,0,0,0,1,0,0,0,0
G2MAUNPH9_2450-9857-2962-10369,0,0,0,0,1,0,0,0,0
G2MAUNPH9_5776-9870-6288-10382,0,0,0,0,1,0,0,0,0
G3N8UYKUA_1696-5564-2208-6076,0,0,0,0,0,0,1,0,0
G2MAUNPH9_4112-9827-4624-10339,0,0,0,0,1,0,0,0,0
G2MAUNPH9_4687-9838-5199-10350,0,0,0,0,1,0,0,0,0
G2MAUNPH9_5214-9822-5726-10334,0,0,0,0,1,0,0,0,0
G3N8UYKUA_1696-6076-2208-6588,0,0,0,0,0,0,1,0,0
G3N8UYKUA_2442-2982-2954-3494,0,0,0,0,0,0,1,0,0
G3N8UYKUA_2710-1967-3222-2479,0,0,0,0,0,0,1,0,0
G2MAUNPH9_3554-9821-4066-10333,0,0,0,0,1,0,0,0,0
G3N8UYKUA_2803-1627-3315-2139,0,0,0,0,0,0,1,0,0
G3N8UYKUA_3315-1627-3827-2139,0,0,0,0,0,0,1,0,0
G3NPCCJ2B_308-2356-820-2868,0,0,1,0,0,0,0,0,0
G47A4BLGR_337-1694-849-2206,0,0,0,0,0,1,0,0,1
G47A4BLGR_337-500-849-1012,0,0,0,0,0,1,0,0,1
G3NPCCJ2B_3082-2998-3594-3510,0,0,1,0,0,0,0,0,0
G47A4BLGR_376-1095-888-1607,0,0,0,0,0,1,0,0,1
G47A4BLGR_3764-496-4276-1008,0,0,0,0,0,0,0,0,1
G47A4BLGR_3768-977-4280-1489,0,0,0,0,0,1,0,0,1
G4C6LXNQI_1470-5694-1982-6206,0,0,1,0,0,0,0,0,0
G4C6LXNQI_1471-3645-1983-4157,0,0,1,0,0,0,0,0,0
G4C6LXNQI_1230-4742-1742-5254,0,0,1,0,0,0,0,0,0
G4C6LXNQI_1624-1537-2136-2049,0,0,1,0,0,0,0,0,0
G4C6LXNQI_1501-1036-2013-1548,0,0,1,0,0,0,0,0,0
G4C6LXNQI_1525-2952-2037-3464,0,0,1,0,0,0,0,0,0
G47A4BLGR_3783-2057-4295-2569,0,0,0,0,0,1,0,0,1
G47A4BLGR_588-865-1100-1377,0,0,0,0,0,1,0,0,1
G47A4BLGR_906-2296-1418-2808,0,0,0,0,0,1,0,0,1
G4C6LXNQI_1651-5855-2163-6367,0,0,1,0,0,0,0,0,0
G4C6LXNQI_1710-3362-2222-3874,0,0,1,0,0,0,0,0,0
G4C6LXNQI_1724-2252-2236-2764,0,0,1,0,0,0,0,0,0
G4C6LXNQI_1851-4757-2363-5269,0,0,1,0,0,0,0,0,0
G4C6LXNQI_1744-3687-2256-4199,0,0,1,0,0,0,0,0,0
G4C6LXNQI_1815-3119-2327-3631,0,0,1,0,0,0,0,0,0
G4C6LXNQI_1943-1635-2455-2147,0,0,1,0,0,0,0,0,0
G4C6LXNQI_1975-2591-2487-3103,0,0,1,0,0,0,0,0,0
G4C6LXNQI_2174-4698-2686-5210,0,0,1,0,0,0,0,0,0
G4C6LXNQI_2482-4553-2994-5065,0,0,1,0,0,0,0,0,0
G4C6LXNQI_1990-1891-2502-2403,0,0,1,0,0,0,0,0,0
G4C6LXNQI_2201-601-2713-1113,0,0,1,0,0,0,0,0,0
G4C6LXNQI_2029-3963-2541-4475,0,0,1,0,0,0,0,0,0
G4C6LXNQI_2050-4928-2562-5440,0,0,1,0,0,0,0,0,0
G4C6LXNQI_2247-2580-2759-3092,0,0,1,0,0,0,0,0,0
G4C6LXNQI_2344-821-2856-1333,0,0,1,0,0,0,0,0,0
G4C6LXNQI_2277-3869-2789-4381,0,0,1,0,0,0,0,0,0
G4C6LXNQI_2618-3696-3130-4208,0,0,1,0,0,0,0,0,0
G4C6LXNQI_2771-3462-3283-3974,0,0,1,0,0,0,0,0,0
G4C6LXNQI_2937-750-3449-1262,0,0,1,0,0,0,0,0,0
G4C6LXNQI_2693-1220-3205-1732,0,0,1,0,0,0,0,0,0
G4C6LXNQI_3026-2834-3538-3346,0,0,1,0,0,0,0,0,0
G4C6LXNQI_3049-3330-3561-3842,0,0,1,0,0,0,0,0,0
G4C6LXNQI_3130-1313-3642-1825,0,0,1,0,0,0,0,0,0
G4C6LXNQI_3619-703-4131-1215,0,0,1,0,0,0,0,0,0
G4C6LXNQI_3554-3618-4066-4130,0,0,1,0,0,0,0,0,0
G4C6LXNQI_3741-4176-4253-4688,0,0,1,0,0,0,0,0,0
G4C6LXNQI_4435-3443-4947-3955,0,0,1,0,0,0,0,0,0
G4C6LXNQI_4446-2553-4958-3065,0,0,1,0,0,0,0,0,0
G4C6LXNQI_3796-1776-4308-2288,0,0,1,0,0,0,0,0,0
G4C6LXNQI_4691-3373-5203-3885,0,0,1,0,0,0,0,0,0
G4C6LXNQI_4603-1600-5115-2112,0,0,1,0,0,0,0,0,0
G4C6LXNQI_4885-3024-5397-3536,0,0,1,0,0,0,0,0,0
G4C6LXNQI_4708-2827-5220-3339,0,0,1,0,0,0,0,0,0
G4C6LXNQI_4158-3930-4670-4442,0,0,1,0,0,0,0,0,0
G4C6LXNQI_5171-539-5683-1051,0,0,1,0,0,0,0,0,0
G4C6LXNQI_5008-2809-5520-3321,0,0,1,0,0,0,0,0,0
G4C6LXNQI_5183-1517-5695-2029,0,0,1,0,0,0,0,0,0
G4C6LXNQI_5441-2907-5953-3419,0,0,1,0,0,0,0,0,0
G4C6LXNQI_5649-2605-6161-3117,0,0,1,0,0,0,0,0,0
G4C6LXNQI_5463-607-5975-1119,0,0,1,0,0,0,0,0,0
G4C6LXNQI_5680-769-6192-1281,0,0,1,0,0,0,0,0,0
G4C6LXNQI_6038-983-6550-1495,0,0,1,0,0,0,0,0,0
G4C6LXNQI_5786-1035-6298-1547,0,0,1,0,0,0,0,0,0
G4C6LXNQI_800-4660-1312-5172,0,0,1,0,0,0,0,0,0
G4VT42HYZ_176-128-688-640,0,0,0,0,1,0,0,0,0
G4VT42HYZ_1432-3745-1944-4257,0,0,0,0,1,0,0,0,0
G4VT42HYZ_1225-235-1737-747,0,0,0,0,1,0,0,0,0
G4VT42HYZ_2237-258-2749-770,0,0,0,0,1,0,0,0,0
G4C6LXNQI_943-4846-1455-5358,0,0,1,0,0,0,0,0,0
G4VT42HYZ_2248-593-2760-1105,0,0,0,0,1,0,0,0,0
G4VT42HYZ_1685-226-2197-738,0,0,0,0,1,0,0,0,0
G4VT42HYZ_1885-3530-2397-4042,0,0,0,0,1,0,0,0,0
G4VT42HYZ_2330-3330-2842-3842,0,0,0,0,1,0,0,0,0
G4VT42HYZ_2254-900-2766-1412,0,0,0,0,1,1,0,0,0
G4VT42HYZ_2565-1108-3077-1620,0,0,0,0,1,0,0,0,0
G4VT42HYZ_2779-3131-3291-3643,0,0,0,0,1,0,0,0,0
G4VT42HYZ_3031-1121-3543-1633,0,0,0,0,1,0,0,0,0
G4VT42HYZ_3923-1116-4435-1628,0,0,0,0,1,0,0,0,0
G4VT42HYZ_3477-1118-3989-1630,0,0,0,0,1,0,0,0,0
G4VT42HYZ_4807-1113-5319-1625,0,0,0,0,1,1,0,0,0
G6WKF8JP9_11643-6634-12155-7146,0,0,0,0,0,0,1,0,0
G4VT42HYZ_4367-1118-4879-1630,0,0,0,0,1,0,0,0,0
G4VT42HYZ_770-243-1282-755,0,0,0,0,1,0,0,0,0
G4VT42HYZ_476-247-988-759,0,0,0,0,1,0,0,0,0
G4VT42HYZ_984-3947-1496-4459,0,0,0,0,1,0,0,0,0
G4VT42HYZ_529-4139-1041-4651,0,0,0,0,1,0,0,0,0
G6WKF8JP9_12667-6122-13179-6634,0,0,0,0,0,0,1,0,0
G6WKF8JP9_12155-6122-12667-6634,0,0,0,0,0,0,1,0,0
G6WKF8JP9_12155-6634-12667-7146,0,0,0,0,0,0,1,0,0
G6WKF8JP9_13179-6122-13691-6634,0,0,0,0,0,0,1,0,0
G763LFTBJ_1023-3815-1535-4327,0,0,1,0,0,0,0,0,0
G763LFTBJ_3663-3964-4175-4476,0,0,1,0,0,0,0,0,0
G763LFTBJ_4277-3970-4789-4482,0,0,1,0,0,0,0,0,0
G763LFTBJ_3998-3968-4510-4480,0,0,1,0,0,0,0,0,0
G763LFTBJ_702-3790-1214-4302,0,0,1,0,0,0,0,0,0
G763LFTBJ_4424-2755-4936-3267,0,0,1,0,0,0,0,0,0
G763LFTBJ_4425-2403-4937-2915,0,0,1,0,0,0,0,0,0
G7DJLNICJ_5138-3854-5650-4366,0,0,0,0,0,0,1,0,0
G7DJLNICJ_5925-4211-6437-4723,0,0,0,0,0,0,1,0,0
G7DJLNICJ_5413-4211-5925-4723,0,0,0,0,0,0,1,0,0
G763LFTBJ_757-504-1269-1016,0,0,1,0,0,0,0,0,0
G7DJLNICJ_6765-5532-7277-6044,0,1,0,0,0,0,1,0,0
G7DJLNICJ_6867-5211-7379-5723,0,1,0,0,0,0,1,0,0
G7DJLNICJ_6307-4845-6819-5357,0,1,0,0,0,0,1,0,0
G7DJLNICJ_7547-6095-8059-6607,0,1,0,0,0,0,1,0,0
G7DJLNICJ_6408-4567-6920-5079,0,1,0,0,0,0,1,0,0
G7DJLNICJ_7104-5949-7616-6461,0,1,0,0,0,0,1,0,0
G7DJLNICJ_7564-2400-8076-2912,0,1,0,0,0,0,0,0,0
G7DJLNICJ_8076-2400-8588-2912,0,1,0,0,0,0,0,0,0
G7DJLNICJ_7564-2912-8076-3424,0,1,0,0,0,0,0,0,0
G7DJLNICJ_8076-2912-8588-3424,0,1,0,0,0,0,0,0,0
G7DJLNICJ_8012-6273-8524-6785,0,1,0,0,0,0,1,0,0
G8YVNVPA4_1053-3279-1565-3791,0,0,0,0,0,0,0,0,1
G7DJLNICJ_8085-5925-8597-6437,0,1,0,0,0,0,1,0,0
G8U97VEEI_2431-3583-2943-4095,0,0,1,0,0,0,0,0,0
G8YVNVPA4_1198-5033-1710-5545,0,0,0,0,0,0,0,0,1
G8YVNVPA4_1935-2493-2447-3005,0,0,0,0,0,0,0,0,1
G8YVNVPA4_1109-2550-1621-3062,0,0,0,0,0,0,0,0,1
G8YVNVPA4_1690-1090-2202-1602,0,0,0,0,0,0,0,0,1
G9B6JET91_1626-7858-2138-8370,0,0,0,0,0,0,1,0,0
G9B6JET91_1146-6178-1658-6690,0,0,0,0,0,0,1,0,0
G916LV2M9_3699-6114-4211-6626,0,0,0,1,0,0,0,0,0
G9B6JET91_1658-5666-2170-6178,0,0,0,0,0,0,1,0,0
G9B6JET91_1146-6690-1658-7202,0,0,0,0,0,0,1,0,0
G9B6JET91_1658-5154-2170-5666,0,0,0,0,0,0,1,0,0
G9B6JET91_1719-8422-2231-8934,0,0,0,0,0,0,1,0,0
G9B6JET91_1658-6178-2170-6690,0,0,0,0,0,0,1,0,0
G9B6JET91_2084-3960-2596-4472,0,0,0,0,0,0,1,0,0
G9B6JET91_2084-3448-2596-3960,0,0,0,0,0,0,1,0,0
G9B6JET91_2170-4642-2682-5154,0,0,0,0,0,0,1,0,0
G9B6JET91_2170-5666-2682-6178,0,0,0,0,0,0,1,0,0
G9B6JET91_2170-5154-2682-5666,0,0,0,0,0,0,1,0,0
G9B6JET91_2596-3960-3108-4472,0,0,0,0,0,0,1,0,0
G9B6JET91_2170-6178-2682-6690,0,0,0,0,0,0,1,0,0
G9B6JET91_2682-5154-3194-5666,0,0,0,0,0,0,1,0,0
G9B6JET91_2941-7867-3453-8379,0,0,0,0,0,0,1,0,0
G9B6JET91_2682-5666-3194-6178,0,0,0,0,0,0,1,0,0
G9B6JET91_2941-8379-3453-8891,0,0,0,0,0,0,1,0,0
G9B6JET91_2682-6178-3194-6690,0,0,0,0,0,0,1,0,0
G9B6JET91_3194-5666-3706-6178,0,0,0,0,0,0,1,0,0
G9B6JET91_3091-3239-3603-3751,0,0,0,0,0,0,1,0,0
G9B6JET91_3194-6178-3706-6690,0,0,0,0,0,0,1,0,0
G9B6JET91_3108-3960-3620-4472,0,0,0,0,0,0,1,0,0
G9B6JET91_3472-2957-3984-3469,0,0,0,0,0,0,1,0,0
G9B6JET91_3472-3981-3984-4493,0,0,0,0,0,0,1,0,0
G9B6JET91_3194-6690-3706-7202,0,0,0,0,0,0,1,0,0
G9B6JET91_3472-3469-3984-3981,0,0,0,0,0,0,1,0,0
G9B6JET91_3603-3239-4115-3751,0,0,0,0,0,0,1,0,0
G9B6JET91_3693-5520-4205-6032,0,0,0,0,0,0,1,0,0
G9B6JET91_4205-6032-4717-6544,0,0,0,0,0,0,1,0,0
G9B6JET91_3984-3469-4496-3981,0,0,0,0,0,0,1,0,0
G9B6JET91_3693-6032-4205-6544,0,0,0,0,0,0,1,0,0
G9B6JET91_3984-3981-4496-4493,0,0,0,0,0,0,1,0,0
G9B6JET91_634-6690-1146-7202,0,0,0,0,0,0,1,0,0
G9CZQFLMA_1458-2684-1970-3196,0,0,1,0,0,0,0,0,0
G9CZQFLMA_1467-3782-1979-4294,0,0,1,0,0,0,0,0,0
G9B6JET91_4496-3469-5008-3981,0,0,0,0,0,0,1,0,0
G9B6JET91_4205-6544-4717-7056,0,0,0,0,0,0,1,0,0
G9B6JET91_4496-3981-5008-4493,0,0,0,0,0,0,1,0,0
G9CZQFLMA_2703-3641-3215-4153,0,0,1,0,0,0,0,0,0
GA1NG68MX_1059-6213-1571-6725,0,1,0,0,0,0,0,0,0
GA1NG68MX_1059-6725-1571-7237,0,1,0,0,0,0,0,0,0
GA1NG68MX_1059-7237-1571-7749,0,1,0,0,0,0,0,0,0
GA1NG68MX_1059-7749-1571-8261,0,1,0,0,0,0,0,0,0
GA1NG68MX_1059-8261-1571-8773,0,1,0,0,0,0,0,0,0
GA1NG68MX_2403-6201-2915-6713,0,1,0,0,0,0,0,0,0
GA1NG68MX_2403-6713-2915-7225,0,1,0,0,0,0,0,0,0
GA1NG68MX_2403-8249-2915-8761,0,1,0,0,0,0,0,0,0
GA1NG68MX_1059-8773-1571-9285,0,1,0,0,0,0,0,0,0
GA1NG68MX_2403-7225-2915-7737,0,1,0,0,0,0,0,0,0
GA1NG68MX_2403-7737-2915-8249,0,1,0,0,0,0,0,0,0
GA1NG68MX_2403-8761-2915-9273,0,1,0,0,0,0,0,0,0
GA1NG68MX_2915-8761-3427-9273,0,1,0,0,0,0,0,0,0
GA1NG68MX_3332-5019-3844-5531,0,1,0,0,0,0,0,0,0
GA1NG68MX_2915-6201-3427-6713,0,1,0,0,0,0,0,0,0
GA1NG68MX_2820-5019-3332-5531,0,1,0,0,0,0,0,0,0
GA1NG68MX_3427-8761-3939-9273,0,1,0,0,0,0,0,0,0
GA1NG68MX_3427-6201-3939-6713,0,1,0,0,0,0,0,0,0
GA1NG68MX_3939-6201-4451-6713,0,1,0,0,0,0,0,0,0
GA1NG68MX_3939-6713-4451-7225,0,1,0,0,0,0,0,0,0
GA1NG68MX_3939-7737-4451-8249,0,1,0,0,0,0,0,0,0
GA1NG68MX_3939-7225-4451-7737,0,1,0,0,0,0,0,0,0
GA1NG68MX_3939-8249-4451-8761,0,1,0,0,0,0,0,0,0
GA1NG68MX_5832-6273-6344-6785,0,1,0,0,0,0,0,0,0
GA1NG68MX_5832-6785-6344-7297,0,1,0,0,0,0,0,0,0
GA1NG68MX_5832-7809-6344-8321,0,1,0,0,0,0,0,0,0
GA1NG68MX_3939-8761-4451-9273,0,1,0,0,0,0,0,0,0
GA1NG68MX_5832-7297-6344-7809,0,1,0,0,0,0,0,0,0
GA1NG68MX_5832-8321-6344-8833,0,1,0,0,0,0,0,0,0
GA1NG68MX_5832-8833-6344-9345,0,1,0,0,0,0,0,0,0
GA1NG68MX_6344-6273-6856-6785,0,1,0,0,0,0,0,0,0
GA1NG68MX_6344-8833-6856-9345,0,1,0,0,0,0,0,0,0
GA1NG68MX_6856-8833-7368-9345,0,1,0,0,0,0,0,0,0
GA1NG68MX_6856-6273-7368-6785,0,1,0,0,0,0,0,0,0
GA1NG68MX_7368-8833-7880-9345,0,1,0,0,0,0,0,0,0
GA1NG68MX_7880-6273-8392-6785,0,1,0,0,0,0,0,0,0
GA1NG68MX_7368-6273-7880-6785,0,1,0,0,0,0,0,0,0
GA1NG68MX_7880-6785-8392-7297,0,1,0,0,0,0,0,0,0
GA1NG68MX_7880-7297-8392-7809,0,1,0,0,0,0,0,0,0
GA1NG68MX_7880-7809-8392-8321,0,1,0,0,0,0,0,0,0
GA1NG68MX_7880-8321-8392-8833,0,1,0,0,0,0,0,0,0
GA1NG68MX_7880-8833-8392-9345,0,1,0,0,0,0,0,0,0
GA768HQQ9_1076-5966-1588-6478,0,0,0,0,0,1,0,0,0
GA768HQQ9_1037-1515-1549-2027,0,0,0,0,0,1,0,0,0
GA768HQQ9_1076-6478-1588-6990,0,0,0,0,0,1,0,0,0
GA768HQQ9_1037-1003-1549-1515,0,0,0,0,0,1,0,0,0
GA768HQQ9_1063-722-1575-1234,0,0,0,0,0,1,0,0,0
GA768HQQ9_1687-811-2199-1323,0,0,0,0,0,1,0,0,0
GA768HQQ9_1417-9090-1929-9602,0,0,0,0,1,1,0,0,0
GA768HQQ9_1076-6990-1588-7502,0,0,0,0,0,1,0,0,0
GA768HQQ9_1743-5902-2255-6414,0,0,0,0,0,1,0,0,0
GA768HQQ9_1394-4221-1906-4733,0,0,0,0,1,1,0,0,0
GA768HQQ9_1906-4221-2418-4733,0,0,0,0,1,1,0,0,0
GA768HQQ9_1929-9090-2441-9602,0,0,0,0,1,1,0,0,0
GA768HQQ9_2130-791-2642-1303,0,0,0,0,0,1,0,0,0
GA768HQQ9_2456-4252-2968-4764,0,0,0,0,0,1,0,0,0
GA768HQQ9_2441-9090-2953-9602,0,0,0,0,1,1,0,0,0
GA768HQQ9_2456-4764-2968-5276,0,0,0,0,0,1,0,0,0
GA768HQQ9_2456-5276-2968-5788,0,0,0,0,0,1,0,0,0
GA768HQQ9_2953-9090-3465-9602,0,0,0,0,1,1,0,0,0
GA768HQQ9_3465-9090-3977-9602,0,0,0,0,0,1,0,0,0
GA768HQQ9_2642-791-3154-1303,0,0,0,0,0,1,0,0,1
GA768HQQ9_2456-5788-2968-6300,0,0,0,0,0,1,0,0,0
GA768HQQ9_3521-799-4033-1311,0,0,0,0,1,1,0,0,0
GA768HQQ9_3154-791-3666-1303,0,0,0,0,1,1,0,0,1
GA768HQQ9_3977-9090-4489-9602,0,0,0,0,0,1,0,0,0
GA768HQQ9_3819-693-4331-1205,0,0,0,0,1,1,0,0,0
GA768HQQ9_4489-9090-5001-9602,0,0,0,0,0,1,0,0,0
GA768HQQ9_4072-786-4584-1298,0,0,0,0,1,1,0,0,0
GA768HQQ9_4537-672-5049-1184,0,0,0,0,1,1,0,0,0
GA768HQQ9_5049-672-5561-1184,0,0,0,0,1,1,0,0,0
GA768HQQ9_5001-9090-5513-9602,0,0,0,0,1,1,0,0,0
GA768HQQ9_5678-8118-6190-8630,0,0,0,0,0,1,0,0,0
GA768HQQ9_5513-9090-6025-9602,0,0,0,0,1,1,0,0,0
GA768HQQ9_5585-796-6097-1308,0,0,0,0,1,1,0,0,0
GA768HQQ9_5678-7606-6190-8118,0,0,0,0,0,1,0,0,0
GA768HQQ9_5771-3965-6283-4477,0,0,0,0,0,1,0,0,0
GA768HQQ9_5771-3453-6283-3965,0,0,0,0,0,1,0,0,0
GA768HQQ9_5678-8630-6190-9142,0,0,0,0,0,1,0,0,0
GA768HQQ9_5771-4989-6283-5501,0,0,0,0,0,1,0,0,0
GA768HQQ9_5771-4477-6283-4989,0,0,0,0,0,1,0,0,0
GA768HQQ9_5771-5501-6283-6013,0,0,0,0,0,1,0,0,0
GA768HQQ9_5771-6013-6283-6525,0,0,0,0,0,1,0,0,0
GA768HQQ9_5857-7373-6369-7885,0,0,0,0,0,1,0,0,0
GA768HQQ9_882-4221-1394-4733,0,0,0,0,1,1,0,0,0
GA768HQQ9_5952-709-6464-1221,0,0,0,0,1,1,0,0,0
GAEF1FZBT_1501-3516-2013-4028,0,1,0,0,0,0,0,0,0
GA768HQQ9_905-9090-1417-9602,0,0,0,0,1,1,0,0,0
GAEF1FZBT_2013-3516-2525-4028,0,1,0,0,0,0,0,0,0
GAEF1FZBT_2525-3516-3037-4028,0,1,0,0,0,0,0,0,0
GAEF1FZBT_3101-927-3613-1439,0,1,0,0,0,0,0,0,0
GAEF1FZBT_2589-927-3101-1439,0,1,0,0,0,0,0,0,0
GAEF1FZBT_3101-415-3613-927,0,1,0,0,0,0,0,0,0
GAEF1FZBT_3037-3516-3549-4028,0,1,0,0,0,0,0,0,0
GAEF1FZBT_3613-927-4125-1439,0,1,0,0,0,0,0,0,0
GAEF1FZBT_3549-3516-4061-4028,0,1,0,0,0,0,0,0,0
GAEF1FZBT_3344-2768-3856-3280,0,1,0,0,0,0,0,0,0
GAEF1FZBT_3856-2256-4368-2768,0,1,0,0,0,0,0,0,0
GAEF1FZBT_3613-415-4125-927,0,1,0,0,0,0,0,0,0
GAEF1FZBT_3856-2768-4368-3280,0,1,0,0,0,0,0,0,0
GAEF1FZBT_4061-3516-4573-4028,0,1,0,0,0,0,0,0,0
GAEF1FZBT_4368-2256-4880-2768,0,1,0,0,0,0,0,0,0
GAEF1FZBT_4125-415-4637-927,0,1,0,0,0,0,0,0,0
GAEF1FZBT_4368-2768-4880-3280,0,1,0,0,0,0,0,0,0
GAEF1FZBT_4573-3516-5085-4028,0,1,0,0,0,0,0,0,0
GAEF1FZBT_4880-1744-5392-2256,0,1,0,0,0,0,0,0,0
GAEF1FZBT_5085-3516-5597-4028,0,1,0,0,0,0,0,0,0
GAEF1FZBT_4880-2256-5392-2768,0,1,0,0,0,0,0,0,0
GAEF1FZBT_5392-1232-5904-1744,0,1,0,0,0,0,0,0,0
GAEF1FZBT_5392-2256-5904-2768,0,1,0,0,0,0,0,0,0
GAEF1FZBT_5597-3516-6109-4028,0,1,0,0,0,0,0,0,0
GAEF1FZBT_5392-1744-5904-2256,0,1,0,0,0,0,0,0,0
GAEF1FZBT_6621-3516-7133-4028,0,1,0,0,0,0,0,0,0
GAEF1FZBT_7133-3516-7645-4028,0,1,0,0,0,0,0,0,0
GAEF1FZBT_8157-3516-8669-4028,0,1,0,0,0,0,0,0,0
GAEF1FZBT_6109-3516-6621-4028,0,1,0,0,0,0,0,0,0
GAEF1FZBT_7645-3516-8157-4028,0,1,0,0,0,0,0,0,0
GAIHRLKP8_1332-4952-1844-5464,0,0,0,1,0,0,0,0,0
GAEF1FZBT_989-3516-1501-4028,0,1,0,0,0,0,0,0,0
GAIHRLKP8_1860-1399-2372-1911,0,0,0,1,0,0,0,0,0
GAIHRLKP8_1860-1911-2372-2423,0,0,0,1,0,0,0,0,0
GAIHRLKP8_1870-4486-2382-4998,0,0,0,1,0,0,0,0,0
GAIHRLKP8_2372-1911-2884-2423,0,0,0,1,0,0,0,0,0
GAIHRLKP8_2372-1399-2884-1911,0,0,0,1,0,0,0,0,0
GAIHRLKP8_2884-1911-3396-2423,0,0,0,1,0,0,0,0,0
GAIHRLKP8_2372-2423-2884-2935,0,0,0,1,0,0,0,0,0
GAIHRLKP8_2884-2423-3396-2935,0,0,0,1,0,0,0,0,0
GC3FTGWF2_15751-930-16263-1442,0,0,0,0,0,1,0,0,0
GBVF3ZJBD_355-845-867-1357,1,0,0,0,0,0,0,0,0
GBD4NJLVI_338-2019-850-2531,0,0,0,0,0,1,0,0,0
GC3FTGWF2_16275-8194-16787-8706,0,0,0,0,0,1,0,0,0
GC3FTGWF2_16112-6872-16624-7384,0,0,0,0,0,1,0,0,0
GC3FTGWF2_16463-7005-16975-7517,0,0,0,0,0,1,0,0,0
GC9JAH2RU_10285-2416-10797-2928,0,0,0,0,0,0,0,0,1
GC9JAH2RU_10400-1995-10912-2507,0,0,0,0,1,0,0,0,1
GC9JAH2RU_10492-529-11004-1041,0,0,1,0,0,0,0,0,0
GC9JAH2RU_10424-1452-10936-1964,0,0,0,0,1,0,0,0,0
GC9JAH2RU_10474-3658-10986-4170,0,0,0,0,1,0,0,0,0
GC9JAH2RU_10467-4360-10979-4872,0,0,0,0,1,0,0,0,0
GC9JAH2RU_10502-4829-11014-5341,0,0,0,0,1,0,0,0,0
GC9JAH2RU_1363-352-1875-864,0,0,1,0,0,0,0,0,0
GC9JAH2RU_1395-5965-1907-6477,0,0,0,0,0,1,0,0,0
GC9JAH2RU_1719-373-2231-885,0,0,1,0,0,0,0,0,0
GC9JAH2RU_2099-375-2611-887,0,0,1,0,0,0,0,0,0
GC9JAH2RU_2143-3418-2655-3930,0,0,0,0,1,0,0,0,0
GC9JAH2RU_2178-5955-2690-6467,0,0,0,0,0,1,0,0,1
GC9JAH2RU_2240-4842-2752-5354,0,0,0,0,1,1,0,0,0
GC9JAH2RU_2365-2573-2877-3085,0,0,0,0,1,0,0,0,0
GC9JAH2RU_2376-5799-2888-6311,0,0,0,0,0,1,0,0,1
GC9JAH2RU_2450-2814-2962-3326,0,0,0,0,1,0,0,0,0
GC9JAH2RU_2477-3611-2989-4123,0,0,0,0,1,0,0,0,0
GC9JAH2RU_2490-4540-3002-5052,0,0,0,0,1,1,0,0,0
GC9JAH2RU_2493-3282-3005-3794,0,0,0,0,1,0,0,0,0
GC9JAH2RU_2934-370-3446-882,0,0,1,0,0,0,0,0,0
GC9JAH2RU_3142-5620-3654-6132,0,0,0,0,0,1,0,0,1
GC9JAH2RU_2610-5719-3122-6231,0,0,0,0,0,1,0,0,1
GC9JAH2RU_3346-4907-3858-5419,0,0,0,0,0,0,0,0,1
GC9JAH2RU_2752-4842-3264-5354,0,0,0,0,1,1,0,0,0
GC9JAH2RU_3446-370-3958-882,0,0,1,0,0,0,0,0,0
GC9JAH2RU_3581-5558-4093-6070,0,0,0,0,0,1,0,0,1
GC9JAH2RU_3997-391-4509-903,0,0,1,0,0,0,0,0,0
GC9JAH2RU_4509-391-5021-903,0,0,1,0,0,0,0,0,0
GC9JAH2RU_3935-5513-4447-6025,0,0,0,0,0,1,0,0,1
GC9JAH2RU_4555-5430-5067-5942,0,0,0,0,1,1,0,0,1
GC9JAH2RU_5021-391-5533-903,0,0,1,0,0,0,0,0,0
GC9JAH2RU_5533-391-6045-903,0,0,1,0,0,0,0,0,0
GC9JAH2RU_5068-5279-5580-5791,0,0,0,0,0,1,0,0,1
GC9JAH2RU_5772-4879-6284-5391,0,0,0,0,0,1,0,0,1
GC9JAH2RU_5986-4707-6498-5219,0,0,0,0,0,1,0,0,1
GC9JAH2RU_5319-5173-5831-5685,0,0,0,0,0,1,0,0,1
GC9JAH2RU_6045-391-6557-903,0,0,1,0,0,0,0,0,0
GC9JAH2RU_6557-391-7069-903,0,0,1,0,0,0,0,0,0
GC9JAH2RU_6847-4109-7359-4621,0,0,0,0,0,1,0,0,1
GC9JAH2RU_6224-4535-6736-5047,0,0,0,0,0,1,0,0,1
GC9JAH2RU_7069-391-7581-903,0,0,1,0,0,0,0,0,0
GC9JAH2RU_7101-3956-7613-4468,0,0,0,0,0,1,0,0,1
GC9JAH2RU_7581-391-8093-903,0,0,1,0,0,0,0,0,0
GC9JAH2RU_7967-695-8479-1207,0,0,1,0,0,0,0,0,1
GC9JAH2RU_8017-3880-8529-4392,0,0,0,0,0,0,0,0,1
GC9JAH2RU_8444-529-8956-1041,0,0,1,0,0,0,0,0,0
GC9JAH2RU_8163-544-8675-1056,0,0,1,0,0,0,0,0,1
GC9JAH2RU_848-670-1360-1182,0,0,0,0,1,1,0,0,0
GC9JAH2RU_845-2628-1357-3140,0,0,0,0,1,0,0,0,1
GC9JAH2RU_8529-3880-9041-4392,0,0,0,0,0,1,0,0,1
GC9JAH2RU_8956-529-9468-1041,0,0,1,0,0,0,0,0,0
GC9JAH2RU_873-2328-1385-2840,0,0,0,0,1,0,0,0,1
GC9JAH2RU_8821-4047-9333-4559,0,0,0,0,0,1,0,0,1
GC9JAH2RU_893-349-1405-861,0,0,1,0,1,1,0,0,0
GC9JAH2RU_941-5635-1453-6147,0,0,0,0,1,0,0,0,0
GC9JAH2RU_9468-529-9980-1041,0,0,1,0,0,0,0,0,0
GC9JAH2RU_951-5187-1463-5699,0,0,0,0,1,0,0,0,0
GC9JAH2RU_9306-4603-9818-5115,0,0,0,0,0,1,0,0,1
GC9JAH2RU_967-1604-1479-2116,0,0,0,0,1,0,0,0,0
GC9JAH2RU_9550-4844-10062-5356,0,0,0,0,0,1,0,0,1
GC9JAH2RU_9980-529-10492-1041,0,0,1,0,0,0,0,0,0
GC9JAH2RU_9761-4977-10273-5489,0,0,0,0,0,1,0,0,1
GCHLWJIAP_7900-7674-8412-8186,0,0,0,1,0,0,0,0,0
GCHLWJIAP_8099-7451-8611-7963,0,0,0,1,0,0,0,0,0
GCLBWLN2P_3747-1105-4259-1617,0,1,0,0,0,0,0,0,0
GCLBWLN2P_4259-593-4771-1105,0,1,0,0,0,0,0,0,0
GCLBWLN2P_4771-1105-5283-1617,0,1,0,0,0,0,0,0,0
GCLBWLN2P_5283-1105-5795-1617,0,1,0,0,0,0,0,0,0
GCLBWLN2P_3747-593-4259-1105,0,1,0,0,0,0,0,0,0
GCLBWLN2P_4771-593-5283-1105,0,1,0,0,0,0,0,0,0
GCLBWLN2P_4259-1105-4771-1617,0,1,0,0,0,0,0,0,0
GCLBWLN2P_5283-593-5795-1105,0,1,0,0,0,0,0,0,0
GCLBWLN2P_5795-593-6307-1105,0,1,0,0,0,0,0,0,0
GCLBWLN2P_5795-1105-6307-1617,0,1,0,0,0,0,0,0,0
GCLBWLN2P_6085-1180-6597-1692,0,1,0,0,0,0,0,0,0
GCLBWLN2P_6085-668-6597-1180,0,1,0,0,0,0,0,0,0
GCLBWLN2P_6597-668-7109-1180,0,1,0,0,0,0,0,0,0
GCLBWLN2P_6597-1180-7109-1692,0,1,0,0,0,0,0,0,0
GCLBWLN2P_7109-1180-7621-1692,0,1,0,0,0,0,0,0,0
GCLBWLN2P_7109-668-7621-1180,0,1,0,0,0,0,0,0,0
GCLBWLN2P_7621-1180-8133-1692,0,1,0,0,0,0,0,0,0
GCLBWLN2P_8133-668-8645-1180,0,1,0,0,0,0,0,0,0
GCLBWLN2P_7621-668-8133-1180,0,1,0,0,0,0,0,0,0
GCLBWLN2P_8133-1180-8645-1692,0,1,0,0,0,0,0,0,0
GCVP21UDI_1214-422-1726-934,0,0,0,0,0,1,0,0,0
GCVP21UDI_1859-4895-2371-5407,0,0,0,0,0,1,0,0,0
GCVP21UDI_1347-4895-1859-5407,0,0,0,0,0,1,0,0,0
GCVP21UDI_1033-4912-1545-5424,0,0,0,0,0,1,0,0,0
GCVP21UDI_1726-422-2238-934,0,0,0,0,0,1,0,0,0
GCVP21UDI_2303-455-2815-967,0,0,0,0,0,1,0,0,0
GCVP21UDI_521-4912-1033-5424,0,0,0,0,0,1,0,0,0
GCVP21UDI_392-447-904-959,0,0,0,0,0,1,0,0,0
GCVP21UDI_579-3382-1091-3894,0,0,0,0,0,1,0,0,0
GCVP21UDI_2365-4865-2877-5377,0,0,0,0,0,1,0,0,0
GCVP21UDI_702-422-1214-934,0,0,0,0,0,1,0,0,1
GCVP21UDI_786-2892-1298-3404,0,0,0,0,0,1,0,0,0
GD3NEI3QR_10246-2690-10758-3202,0,0,0,0,0,1,0,0,0
GD3NEI3QR_10474-3010-10986-3522,0,0,0,0,0,1,0,0,0
GD3NEI3QR_10390-4180-10902-4692,0,0,0,0,0,1,0,0,0
GD3NEI3QR_5298-464-5810-976,0,0,0,0,0,1,0,0,0
GD3NEI3QR_271-5146-783-5658,0,0,0,0,0,1,0,0,0
GD3NEI3QR_234-1617-746-2129,0,0,0,0,0,1,0,0,0
GD3NEI3QR_721-4950-1233-5462,0,0,0,0,0,1,0,0,0
GD3NEI3QR_7670-2710-8182-3222,0,0,0,0,0,1,0,0,0
GD3NEI3QR_1210-5419-1722-5931,0,0,0,0,0,1,0,0,0
GD3NEI3QR_3672-2089-4184-2601,0,0,0,0,0,1,0,0,0
GD3NEI3QR_9479-2855-9991-3367,0,0,0,0,0,1,0,0,0
GD3NEI3QR_9636-5138-10148-5650,0,0,0,0,0,0,0,0,1
GD3NEI3QR_9597-654-10109-1166,0,0,0,0,0,1,0,0,0
GD3NEI3QR_9991-2855-10503-3367,0,0,0,0,0,1,0,0,0
GDWHY44AM_8068-7111-8580-7623,0,0,1,0,0,0,0,0,0
GDWHY44AM_4226-5701-4738-6213,0,0,1,0,0,0,0,0,0
GEUHUK6MU_2787-1785-3299-2297,0,0,1,0,0,0,0,0,0
GEUHUK6MU_2650-1237-3162-1749,0,0,1,0,0,0,0,0,0
GEUHUK6MU_2787-2809-3299-3321,0,0,1,0,0,0,0,0,0
GEUHUK6MU_2666-4174-3178-4686,0,0,1,0,0,0,0,0,0
GEUHUK6MU_2787-2297-3299-2809,0,0,1,0,0,0,0,0,0
GEUHUK6MU_2787-761-3299-1273,0,0,1,0,0,0,0,0,0
GEUHUK6MU_2787-3321-3299-3833,0,0,1,0,0,0,0,0,0
GEUHUK6MU_2787-3833-3299-4345,0,0,1,0,0,0,0,0,0
GEUHUK6MU_2834-1494-3346-2006,0,0,1,0,0,0,0,0,0
GEZGAZE2V_3043-335-3555-847,0,0,0,1,0,0,0,0,0
GEZGAZE2V_2531-335-3043-847,0,0,0,1,0,0,0,0,0
GEZGAZE2V_2531-847-3043-1359,0,0,0,1,0,0,0,0,0
GEZGAZE2V_3043-847-3555-1359,0,0,0,1,0,0,0,0,0
GEZGAZE2V_377-806-889-1318,0,0,0,1,0,0,0,0,0
GEZGAZE2V_377-294-889-806,0,0,0,1,0,0,0,0,0
GEZGAZE2V_889-294-1401-806,0,0,0,1,0,0,0,0,0
GEZGAZE2V_889-806-1401-1318,0,0,0,1,0,0,0,0,0
GF6WCMTEL_1701-2292-2213-2804,0,0,0,0,0,0,0,0,1
GF84WAIWW_6469-6115-6981-6627,1,0,0,0,0,0,0,0,0
GF6WCMTEL_3563-2814-4075-3326,0,0,0,0,0,0,0,0,1
GF6WCMTEL_3587-4049-4099-4561,0,0,0,0,0,0,0,0,1
GF6WCMTEL_2042-1390-2554-1902,0,0,0,0,0,0,0,0,1
GF84WAIWW_7248-6055-7760-6567,1,0,0,0,0,0,0,0,0
GF84WAIWW_7025-6331-7537-6843,1,0,0,0,0,0,0,0,0
GF84WAIWW_7750-6682-8262-7194,1,0,0,0,0,0,0,0,0
GF84WAIWW_6721-6727-7233-7239,1,0,0,0,0,0,0,0,0
GF84WAIWW_7341-6942-7853-7454,1,0,0,0,0,0,0,0,0
GF84WAIWW_7791-6145-8303-6657,1,0,0,0,0,0,0,0,0
GF84WAIWW_7478-6238-7990-6750,1,0,0,0,0,0,0,0,0
GF84WAIWW_7981-6541-8493-7053,1,0,0,0,0,0,0,0,0
GF84WAIWW_9909-5785-10421-6297,1,0,0,0,0,0,0,0,0
GFJCLPIA7_10738-810-11250-1322,0,1,0,0,0,0,0,0,0
GFJCLPIA7_10226-810-10738-1322,0,1,0,0,0,0,0,0,0
GFJCLPIA7_11250-810-11762-1322,0,1,0,0,0,0,0,0,0
GFJCLPIA7_12742-1222-13254-1734,0,0,0,0,0,0,1,0,0
GFJCLPIA7_12742-710-13254-1222,0,1,0,0,0,0,1,0,0
GFJCLPIA7_13254-1222-13766-1734,0,0,0,0,0,0,1,0,0
GFJCLPIA7_13254-710-13766-1222,0,1,0,0,0,0,0,0,0
GFJCLPIA7_13254-1734-13766-2246,0,0,0,0,0,0,1,0,0
GFJCLPIA7_13474-3184-13986-3696,0,1,0,0,0,0,0,0,0
GFJCLPIA7_13606-5949-14118-6461,0,1,0,0,0,0,0,0,0
GFJCLPIA7_13474-3696-13986-4208,0,1,0,0,0,0,0,0,0
GFJCLPIA7_13766-1734-14278-2246,0,0,0,0,0,0,1,0,0
GFJCLPIA7_13766-3270-14278-3782,0,1,0,0,0,0,0,0,0
GFJCLPIA7_13766-1222-14278-1734,0,1,0,0,0,0,0,0,0
GFJCLPIA7_13766-2246-14278-2758,0,0,0,0,0,0,1,0,0
GFJCLPIA7_13766-3782-14278-4294,0,1,0,0,0,0,0,0,0
GFJCLPIA7_13766-710-14278-1222,0,1,0,0,0,0,0,0,0
GFJCLPIA7_14278-2246-14790-2758,0,0,0,0,0,0,1,0,0
GFJCLPIA7_14278-1222-14790-1734,0,1,0,0,0,0,0,0,0
GFJCLPIA7_14118-5949-14630-6461,0,1,0,0,0,0,0,0,0
GFJCLPIA7_14278-2758-14790-3270,0,1,0,0,0,0,1,0,0
GFJCLPIA7_14278-3270-14790-3782,0,1,0,0,0,0,0,0,0
GFJCLPIA7_14278-710-14790-1222,0,1,0,0,0,0,0,0,0
GFJCLPIA7_14790-3270-15302-3782,0,0,0,0,0,0,1,0,0
GFJCLPIA7_15149-2883-15661-3395,0,1,0,0,0,0,1,0,0
GFJCLPIA7_14637-2883-15149-3395,0,1,0,0,0,0,1,0,0
GFJCLPIA7_16838-1222-17350-1734,0,1,0,0,0,0,0,0,0
GFJCLPIA7_16173-2883-16685-3395,0,1,0,0,0,0,1,0,0
GFJCLPIA7_16326-3270-16838-3782,0,1,0,0,0,0,1,0,0
GFJCLPIA7_15661-2883-16173-3395,0,1,0,0,0,0,1,0,0
GFJCLPIA7_15302-3270-15814-3782,0,0,0,0,0,0,1,0,0
GFJCLPIA7_15814-3270-16326-3782,0,0,0,0,0,0,1,0,0
GFJCLPIA7_16685-2883-17197-3395,0,1,0,0,0,0,0,0,0
GFJCLPIA7_16739-1542-17251-2054,0,1,0,0,0,0,0,0,0
GFJCLPIA7_16838-2246-17350-2758,0,1,0,0,0,0,0,0,0
GFJCLPIA7_16899-1976-17411-2488,0,1,0,0,0,0,0,0,0
GFJCLPIA7_16838-3270-17350-3782,0,1,0,0,0,0,1,0,0
GFJCLPIA7_16838-3782-17350-4294,0,0,0,0,0,0,1,0,0
GFJCLPIA7_17350-3782-17862-4294,0,0,0,0,0,0,1,0,0
GFJCLPIA7_17862-3782-18374-4294,0,0,0,0,0,0,1,0,0
GFJCLPIA7_17350-4294-17862-4806,0,0,0,0,0,0,1,0,0
GFJCLPIA7_18374-4294-18886-4806,0,0,0,0,0,0,1,0,0
GFJCLPIA7_17862-4294-18374-4806,0,0,0,0,0,0,1,0,0
GFJCLPIA7_18374-4806-18886-5318,0,0,0,0,0,0,1,0,0
GFJCLPIA7_3478-2303-3990-2815,0,1,0,0,0,0,0,0,0
GFJCLPIA7_19528-2825-20040-3337,0,1,0,0,0,0,0,0,0
GFJCLPIA7_18886-4806-19398-5318,0,0,0,0,0,0,1,0,0
GFJCLPIA7_19398-4806-19910-5318,0,0,0,0,0,0,1,0,0
GFJCLPIA7_19910-5318-20422-5830,0,0,0,0,0,0,1,0,0
GFJCLPIA7_2465-2650-2977-3162,0,1,0,0,0,0,0,0,0
GFJCLPIA7_19398-5318-19910-5830,0,0,0,0,0,0,1,0,0
GFJCLPIA7_4459-4615-4971-5127,0,1,0,0,0,0,0,0,0
GFJCLPIA7_5109-5414-5621-5926,0,1,0,0,0,0,0,0,0
GFJCLPIA7_5350-2808-5862-3320,0,1,0,0,0,0,0,0,0
GFJCLPIA7_4971-4615-5483-5127,0,1,0,0,0,0,0,0,0
GFJCLPIA7_4597-5414-5109-5926,0,1,0,0,0,0,0,0,0
GG14THXBL_1295-3114-1807-3626,1,0,0,0,0,0,0,0,0
GFJCLPIA7_5862-2808-6374-3320,0,1,0,0,0,0,0,0,0
GG14THXBL_2279-3359-2791-3871,1,0,0,0,0,0,0,0,0
GG14THXBL_3519-4455-4031-4967,1,0,0,0,0,0,0,0,0
GG14THXBL_2495-4455-3007-4967,1,0,0,0,0,0,0,0,0
GG14THXBL_2667-4069-3179-4581,1,0,0,0,0,0,0,0,0
GG14THXBL_3822-4534-4334-5046,1,0,0,0,0,0,0,0,0
GG14THXBL_3822-4022-4334-4534,1,0,0,0,0,0,0,0,0
GG14THXBL_4525-4617-5037-5129,1,0,0,0,0,0,0,0,0
GG14THXBL_3007-4455-3519-4967,1,0,0,0,0,0,0,0,0
GG14THXBL_5102-3846-5614-4358,1,0,0,0,0,0,0,0,0
GG14THXBL_4525-4105-5037-4617,1,0,0,0,0,0,0,0,0
GG14THXBL_5102-4358-5614-4870,1,0,0,0,0,0,0,0,0
GG14THXBL_5102-4870-5614-5382,1,0,0,0,0,0,0,0,0
GH86E722T_1236-2168-1748-2680,0,1,0,0,0,0,0,0,0
GH86E722T_1487-1861-1999-2373,0,1,0,0,0,0,0,0,0
GH86E722T_1748-2168-2260-2680,0,1,0,0,0,0,0,0,0
GH86E722T_1787-1235-2299-1747,0,1,0,0,0,0,0,0,0
GH86E722T_1999-1861-2511-2373,0,1,0,0,0,0,0,0,0
GH86E722T_2260-2168-2772-2680,0,1,0,0,0,0,0,0,0
GH86E722T_2511-1861-3023-2373,0,1,0,0,0,0,0,0,0
GH86E722T_2772-2168-3284-2680,0,1,0,0,0,0,0,0,0
GH86E722T_3023-1861-3535-2373,0,1,0,0,0,0,0,0,0
GH86E722T_975-1861-1487-2373,0,1,0,0,0,0,0,0,0
GH86E722T_3284-2168-3796-2680,0,1,0,0,0,0,0,0,0
GHH3FLQG6_2126-648-2638-1160,0,0,0,0,0,0,0,0,1
GH86E722T_724-2168-1236-2680,0,1,0,0,0,0,0,0,0
GHH3FLQG6_1570-5289-2082-5801,0,0,0,0,0,0,0,0,1
GHH3FLQG6_1778-5135-2290-5647,0,0,0,0,0,0,0,0,1
GHH3FLQG6_2128-1055-2640-1567,0,0,0,0,0,0,0,0,1
GHH3FLQG6_3327-7522-3839-8034,0,0,0,0,0,0,0,0,1
GHH3FLQG6_3498-7250-4010-7762,0,0,0,0,0,0,0,0,1
GHH3FLQG6_3349-928-3861-1440,0,0,0,0,0,0,0,0,1
GHH3FLQG6_3591-1063-4103-1575,0,0,0,0,0,0,0,0,1
GHH3FLQG6_4083-1120-4595-1632,0,0,0,0,0,0,0,0,1
GHH3FLQG6_4083-1632-4595-2144,0,0,0,0,0,0,0,0,1
GID4ZQ2CE_1453-2734-1965-3246,0,1,0,0,0,0,0,0,0
GID4ZQ2CE_1232-2407-1744-2919,0,1,0,0,0,0,0,0,0
GID4ZQ2CE_1453-3246-1965-3758,0,1,0,0,0,0,0,0,0
GID4ZQ2CE_1555-2258-2067-2770,0,1,0,0,0,0,0,0,0
GID4ZQ2CE_1965-3246-2477-3758,0,1,0,0,0,0,0,0,0
GID4ZQ2CE_1965-2734-2477-3246,0,1,0,0,0,0,0,0,0
GID4ZQ2CE_2700-2028-3212-2540,0,1,0,0,0,0,0,0,0
GID4ZQ2CE_1965-2222-2477-2734,0,1,0,0,0,0,0,0,0
GID4ZQ2CE_2671-1058-3183-1570,0,1,0,0,0,0,0,0,0
GID4ZQ2CE_1570-3017-2082-3529,0,1,0,0,0,0,0,0,0
GID4ZQ2CE_2700-2540-3212-3052,0,1,0,0,0,0,0,0,0
GID4ZQ2CE_3024-3298-3536-3810,0,1,0,0,0,0,0,0,0
GID4ZQ2CE_3381-3393-3893-3905,0,1,0,0,0,0,0,0,0
GID4ZQ2CE_3381-3905-3893-4417,0,1,0,0,0,0,0,0,0
GID4ZQ2CE_3893-4417-4405-4929,0,1,0,0,0,0,0,0,0
GID4ZQ2CE_4628-817-5140-1329,0,1,0,0,0,0,0,0,0
GID4ZQ2CE_3893-3905-4405-4417,0,1,0,0,0,0,0,0,0
GID4ZQ2CE_4678-4990-5190-5502,0,1,0,0,0,0,0,0,0
GID4ZQ2CE_5190-4990-5702-5502,0,1,0,0,0,0,0,0,0
GID4ZQ2CE_5376-3020-5888-3532,0,1,0,0,0,0,0,0,0
GID4ZQ2CE_5565-870-6077-1382,0,1,0,0,0,0,0,0,0
GID4ZQ2CE_6562-1757-7074-2269,0,1,0,0,0,0,0,0,0
GID4ZQ2CE_6562-1245-7074-1757,0,1,0,0,0,0,0,0,0
GID4ZQ2CE_6050-1757-6562-2269,0,1,0,0,0,0,0,0,0
GID4ZQ2CE_6050-1245-6562-1757,0,1,0,0,0,0,0,0,0
GID4ZQ2CE_5661-4496-6173-5008,0,1,0,0,0,0,0,0,0
GID4ZQ2CE_6050-733-6562-1245,0,1,0,0,0,0,0,0,0
GID4ZQ2CE_5702-4990-6214-5502,0,1,0,0,0,0,0,0,0
GID4ZQ2CE_6810-886-7322-1398,0,1,0,0,0,0,0,0,0
GID4ZQ2CE_7310-1001-7822-1513,0,1,0,0,0,0,0,0,0
GID4ZQ2CE_7074-1757-7586-2269,0,1,0,0,0,0,0,0,0
GID4ZQ2CE_7074-733-7586-1245,0,1,0,0,0,0,0,0,0
GID4ZQ2CE_7904-1613-8416-2125,0,1,0,0,0,0,0,0,0
GID4ZQ2CE_7586-733-8098-1245,0,1,0,0,0,0,0,0,0
GID4ZQ2CE_7586-1245-8098-1757,0,1,0,0,0,0,0,0,0
GID4ZQ2CE_7586-1757-8098-2269,0,1,0,0,0,0,0,0,0
GID4ZQ2CE_8170-684-8682-1196,0,1,0,0,0,0,0,0,0
GID4ZQ2CE_942-2768-1454-3280,0,1,0,0,0,0,0,0,0
GID4ZQ2CE_986-3320-1498-3832,0,1,0,0,0,0,0,0,0
GID4ZQ2CE_948-2305-1460-2817,0,1,0,0,0,0,0,0,0
GID4ZQ2CE_831-4959-1343-5471,0,1,0,0,0,0,0,0,0
GID4ZQ2CE_8682-684-9194-1196,0,1,0,0,0,0,0,0,0
GID4ZQ2CE_8219-1731-8731-2243,0,1,0,0,0,0,0,0,0
GID4ZQ2CE_8419-1983-8931-2495,0,1,0,0,0,0,0,0,0
GID4ZQ2CE_986-3832-1498-4344,0,1,0,0,0,0,0,0,0
GID71T4G7_10007-6138-10519-6650,0,0,1,0,0,0,0,0,0
GID71T4G7_10065-5600-10577-6112,0,0,1,0,0,0,0,0,0
GID71T4G7_10141-3591-10653-4103,0,0,1,0,0,0,0,0,0
GID71T4G7_10141-3079-10653-3591,0,0,1,0,0,0,0,0,0
GID71T4G7_10141-4103-10653-4615,0,0,1,0,0,0,0,0,0
GID71T4G7_10261-7701-10773-8213,0,0,1,0,0,0,0,0,0
GID71T4G7_10141-5127-10653-5639,0,0,1,0,0,0,0,0,0
GID71T4G7_10141-4615-10653-5127,0,0,1,0,0,0,0,0,0
GID71T4G7_10261-8213-10773-8725,0,0,1,0,0,0,0,0,0
GID71T4G7_10345-2502-10857-3014,0,0,1,0,0,0,0,0,0
GID71T4G7_10417-6949-10929-7461,0,0,1,0,0,0,0,0,0
GID71T4G7_10338-3218-10850-3730,0,0,1,0,0,0,0,0,0
GID71T4G7_1199-4172-1711-4684,0,0,1,0,0,0,0,0,0
GID71T4G7_10508-2709-11020-3221,0,0,1,0,0,0,0,0,0
GID71T4G7_10417-7461-10929-7973,0,0,1,0,0,0,0,0,0
GID71T4G7_10566-3086-11078-3598,0,0,1,0,0,0,0,0,0
GID71T4G7_1129-3417-1641-3929,0,0,1,0,0,0,0,0,0
GID71T4G7_1199-6220-1711-6732,0,0,1,0,0,0,0,0,0
GID71T4G7_1387-3990-1899-4502,0,0,1,0,0,0,0,0,0
GID71T4G7_1711-4172-2223-4684,0,0,1,0,0,0,0,0,0
GID71T4G7_1899-3990-2411-4502,0,0,1,0,0,0,0,0,0
GID71T4G7_1711-6220-2223-6732,0,0,1,0,0,0,0,0,0
GID71T4G7_1711-5708-2223-6220,0,0,1,0,0,0,0,0,0
GID71T4G7_1907-2377-2419-2889,0,0,1,0,0,0,0,0,0
GID71T4G7_1907-3401-2419-3913,0,0,1,0,0,0,0,0,0
GID71T4G7_2216-3765-2728-4277,0,0,1,0,0,0,0,0,0
GID71T4G7_2419-2889-2931-3401,0,0,1,0,0,0,0,0,0
GID71T4G7_2223-4172-2735-4684,0,0,1,0,0,0,0,0,0
GID71T4G7_2223-6220-2735-6732,0,0,1,0,0,0,0,0,0
GID71T4G7_2411-3990-2923-4502,0,0,1,0,0,0,0,0,0
GID71T4G7_2223-5196-2735-5708,0,0,1,0,0,0,0,0,0
GID71T4G7_2448-1880-2960-2392,0,0,1,0,0,0,0,0,0
GID71T4G7_2223-5708-2735-6220,0,0,1,0,0,0,0,0,0
GID71T4G7_2448-2392-2960-2904,0,0,1,0,0,0,0,0,0
GID71T4G7_2419-3401-2931-3913,0,0,1,0,0,0,0,0,0
GID71T4G7_2728-3765-3240-4277,0,0,1,0,0,0,0,0,0
GID71T4G7_2735-4172-3247-4684,0,0,1,0,0,0,0,0,0
GID71T4G7_2735-5196-3247-5708,0,0,1,0,0,0,0,0,0
GID71T4G7_2735-4684-3247-5196,0,0,1,0,0,0,0,0,0
GID71T4G7_2853-2828-3365-3340,0,0,1,0,0,0,0,0,0
GID71T4G7_2931-3401-3443-3913,0,0,1,0,0,0,0,0,0
GID71T4G7_2907-678-3419-1190,0,0,1,0,0,0,0,0,0
GID71T4G7_2960-1880-3472-2392,0,0,1,0,0,0,0,0,0
GID71T4G7_2923-3990-3435-4502,0,0,1,0,0,0,0,0,0
GID71T4G7_3030-428-3542-940,0,0,1,0,0,0,0,0,0
GID71T4G7_2960-2392-3472-2904,0,0,1,0,0,0,0,0,0
GID71T4G7_3030-940-3542-1452,0,0,1,0,0,0,0,0,0
GID71T4G7_3221-4001-3733-4513,0,0,1,0,0,0,0,0,0
GID71T4G7_3043-3707-3555-4219,0,0,1,0,0,0,0,0,0
GID71T4G7_3472-3416-3984-3928,0,0,1,0,0,0,0,0,0
GID71T4G7_3108-3244-3620-3756,0,0,1,0,0,0,0,0,0
GID71T4G7_3472-2904-3984-3416,0,0,1,0,0,0,0,0,0
GID71T4G7_3319-326-3831-838,0,0,1,0,0,0,0,0,0
GID71T4G7_3576-3817-4088-4329,0,0,1,0,0,0,0,0,0
GID71T4G7_3532-1924-4044-2436,0,0,1,0,0,0,0,0,0
GID71T4G7_3984-1880-4496-2392,0,0,1,0,0,0,0,0,0
GID71T4G7_3984-2904-4496-3416,0,0,1,0,0,0,0,0,0
GID71T4G7_3984-2392-4496-2904,0,0,1,0,0,0,0,0,0
GID71T4G7_3984-3416-4496-3928,0,0,1,0,0,0,0,0,0
GID71T4G7_4088-3817-4600-4329,0,0,1,0,0,0,0,0,0
GID71T4G7_4155-1673-4667-2185,0,0,1,0,0,0,0,0,0
GID71T4G7_4182-2205-4694-2717,0,0,1,0,0,0,0,0,0
GID71T4G7_4496-1880-5008-2392,0,0,1,0,0,0,0,0,0
GID71T4G7_4496-3416-5008-3928,0,0,1,0,0,0,0,0,0
GID71T4G7_5008-1880-5520-2392,0,0,1,0,0,0,0,0,0
GID71T4G7_4496-2904-5008-3416,0,0,1,0,0,0,0,0,0
GID71T4G7_5008-3416-5520-3928,0,0,1,0,0,0,0,0,0
GID71T4G7_4417-3801-4929-4313,0,0,1,0,0,0,0,0,0
GID71T4G7_4667-1673-5179-2185,0,0,1,0,0,0,0,0,0
GID71T4G7_5008-2904-5520-3416,0,0,1,0,0,0,0,0,0
GID71T4G7_5124-2486-5636-2998,0,0,1,0,0,0,0,0,0
GID71T4G7_5008-3928-5520-4440,0,0,1,0,0,0,0,0,0
GID71T4G7_5179-1673-5691-2185,0,0,1,0,0,0,0,0,0
GID71T4G7_5520-1880-6032-2392,0,0,1,0,0,0,0,0,0
GID71T4G7_5520-3416-6032-3928,0,0,1,0,0,0,0,0,0
GID71T4G7_5520-2904-6032-3416,0,0,1,0,0,0,0,0,0
GID71T4G7_5383-4139-5895-4651,0,0,1,0,0,0,0,0,0
GID71T4G7_5520-3928-6032-4440,0,0,1,0,0,0,0,0,0
GID71T4G7_5636-2486-6148-2998,0,0,1,0,0,0,0,0,0
GID71T4G7_5691-1673-6203-2185,0,0,1,0,0,0,0,0,0
GID71T4G7_6032-3928-6544-4440,0,0,1,0,0,0,0,0,0
GID71T4G7_6032-2904-6544-3416,0,0,1,0,0,0,0,0,0
GID71T4G7_6203-1673-6715-2185,0,0,1,0,0,0,0,0,0
GID71T4G7_6544-2392-7056-2904,0,0,1,0,0,0,0,0,0
GID71T4G7_5737-3563-6249-4075,0,0,1,0,0,0,0,0,0
GID71T4G7_6032-2392-6544-2904,0,0,1,0,0,0,0,0,0
GID71T4G7_6181-4131-6693-4643,0,0,1,0,0,0,0,0,0
GID71T4G7_6032-1880-6544-2392,0,0,1,0,0,0,0,0,0
GID71T4G7_6544-2904-7056-3416,0,0,1,0,0,0,0,0,0
GID71T4G7_6544-3928-7056-4440,0,0,1,0,0,0,0,0,0
GID71T4G7_687-3660-1199-4172,0,0,1,0,0,0,0,0,0
GID71T4G7_687-4172-1199-4684,0,0,1,0,0,0,0,0,0
GID71T4G7_7069-3079-7581-3591,0,0,1,0,0,0,0,0,0
GID71T4G7_7069-2567-7581-3079,0,0,1,0,0,0,0,0,0
GID71T4G7_687-6220-1199-6732,0,0,1,0,0,0,0,0,0
GID71T4G7_7069-5127-7581-5639,0,0,1,0,0,0,0,0,0
GID71T4G7_7069-4615-7581-5127,0,0,1,0,0,0,0,0,0
GID71T4G7_7056-3928-7568-4440,0,0,1,0,0,0,0,0,0
GID71T4G7_7581-2567-8093-3079,0,0,1,0,0,0,0,0,0
GID71T4G7_7568-2904-8080-3416,0,0,1,0,0,0,0,0,0
GID71T4G7_7428-3961-7940-4473,0,0,1,0,0,0,0,0,0
GID71T4G7_7069-6151-7581-6663,0,0,1,0,0,0,0,0,0
GID71T4G7_7069-5639-7581-6151,0,0,1,0,0,0,0,0,0
GID71T4G7_7581-4615-8093-5127,0,0,1,0,0,0,0,0,0
GID71T4G7_7581-3591-8093-4103,0,0,1,0,0,0,0,0,0
GID71T4G7_7581-6151-8093-6663,0,0,1,0,0,0,0,0,0
GID71T4G7_7707-3875-8219-4387,0,0,1,0,0,0,0,0,0
GID71T4G7_7621-4237-8133-4749,0,0,1,0,0,0,0,0,0
GID71T4G7_8517-6084-9029-6596,0,0,1,0,0,0,0,0,0
GID71T4G7_8162-6501-8674-7013,0,0,1,0,0,0,0,0,0
GID71T4G7_8093-3079-8605-3591,0,0,1,0,0,0,0,0,0
GID71T4G7_8089-6053-8601-6565,0,0,1,0,0,0,0,0,0
GID71T4G7_8093-2567-8605-3079,0,0,1,0,0,0,0,0,0
GID71T4G7_8093-3591-8605-4103,0,0,1,0,0,0,0,0,0
GID71T4G7_8093-4103-8605-4615,0,0,1,0,0,0,0,0,0
GID71T4G7_7851-6903-8363-7415,0,0,1,0,0,0,0,0,0
GID71T4G7_8605-3591-9117-4103,0,0,1,0,0,0,0,0,0
GID71T4G7_8605-5639-9117-6151,0,0,1,0,0,0,0,0,0
GID71T4G7_8605-5127-9117-5639,0,0,1,0,0,0,0,0,0
GID71T4G7_8605-3079-9117-3591,0,0,1,0,0,0,0,0,0
GID71T4G7_883-2377-1395-2889,0,0,1,0,0,0,0,0,0
GID71T4G7_8725-7701-9237-8213,0,0,1,0,0,0,0,0,0
GID71T4G7_8725-8213-9237-8725,0,0,1,0,0,0,0,0,0
GID71T4G7_8681-2630-9193-3142,0,0,1,1,0,0,0,0,0
GID71T4G7_9029-6084-9541-6596,0,0,1,0,0,0,0,0,0
GID71T4G7_9117-2567-9629-3079,0,0,1,1,0,0,0,0,0
GID71T4G7_9397-6137-9909-6649,0,0,1,0,0,0,0,0,0
GID71T4G7_9178-5889-9690-6401,0,0,1,0,0,0,0,0,0
GID71T4G7_9237-7701-9749-8213,0,0,1,0,0,0,0,0,0
GID71T4G7_9566-2488-10078-3000,0,0,1,0,0,0,0,0,0
GID71T4G7_9117-5127-9629-5639,0,0,1,0,0,0,0,0,0
GID71T4G7_9117-5639-9629-6151,0,0,1,0,0,0,0,0,0
GID71T4G7_9237-8213-9749-8725,0,0,1,0,0,0,0,0,0
GID71T4G7_9368-5703-9880-6215,0,0,1,0,0,0,0,0,0
GID71T4G7_9629-5127-10141-5639,0,0,1,0,0,0,0,0,0
GID71T4G7_9684-6654-10196-7166,0,0,1,0,0,0,0,0,0
GID71T4G7_9629-3079-10141-3591,0,0,1,0,0,0,0,0,0
GID71T4G7_9629-5639-10141-6151,0,0,1,0,0,0,0,0,0
GID71T4G7_9749-7701-10261-8213,0,0,1,0,0,0,0,0,0
GID71T4G7_9749-8213-10261-8725,0,0,1,0,0,0,0,0,0
GID71T4G7_9942-5311-10454-5823,0,0,1,0,0,0,0,0,0
GIMLDUZW3_10276-9816-10788-10328,1,0,0,0,0,0,0,0,0
GIZT1YWUQ_1448-11823-1960-12335,0,1,0,0,0,0,0,0,0
GIZT1YWUQ_1448-11311-1960-11823,0,1,0,0,0,0,0,0,0
GIZT1YWUQ_2115-12929-2627-13441,0,1,0,0,0,0,0,0,0
GIZT1YWUQ_1448-12847-1960-13359,0,1,0,0,0,0,0,0,0
GIZT1YWUQ_2627-12929-3139-13441,0,1,0,0,0,0,0,0,0
GIZT1YWUQ_1906-1941-2418-2453,0,1,0,0,0,0,0,0,0
GIZT1YWUQ_2632-2546-3144-3058,0,1,0,0,0,0,0,0,0
GIZT1YWUQ_1448-12335-1960-12847,0,1,0,0,0,0,0,0,0
GIZT1YWUQ_3106-2002-3618-2514,0,1,0,0,0,0,0,0,0
GIZT1YWUQ_4675-12929-5187-13441,0,1,0,0,0,0,0,0,0
GIZT1YWUQ_4824-10150-5336-10662,0,1,0,0,0,0,0,0,0
GIZT1YWUQ_4824-10662-5336-11174,0,1,0,0,0,0,0,0,0
GIZT1YWUQ_3139-12929-3651-13441,0,1,0,0,0,0,0,0,0
GIZT1YWUQ_3651-12929-4163-13441,0,1,0,0,0,0,0,0,0
GIZT1YWUQ_4824-11174-5336-11686,0,1,0,0,0,0,0,0,0
GIZT1YWUQ_4163-12929-4675-13441,0,1,0,0,0,0,0,0,0
GIZT1YWUQ_4824-11686-5336-12198,0,1,0,0,0,0,0,0,0
GIZT1YWUQ_4824-12198-5336-12710,0,1,0,0,0,0,0,0,0
GIZT1YWUQ_4824-12710-5336-13222,0,1,0,0,0,0,0,0,0
GIZT1YWUQ_5087-6032-5599-6544,0,1,0,0,0,0,0,0,0
GIZT1YWUQ_5336-10150-5848-10662,0,1,0,0,0,0,0,0,0
GIZT1YWUQ_5087-5520-5599-6032,0,1,0,0,0,0,0,0,0
GIZT1YWUQ_4824-13222-5336-13734,0,1,0,0,0,0,0,0,0
GIZT1YWUQ_5336-10662-5848-11174,0,1,0,0,0,0,0,0,0
GIZT1YWUQ_5336-11686-5848-12198,0,1,0,0,0,0,0,0,0
GIZT1YWUQ_5336-12198-5848-12710,0,1,0,0,0,0,0,0,0
GIZT1YWUQ_5336-13222-5848-13734,0,1,0,0,0,0,0,0,0
GIZT1YWUQ_5599-5520-6111-6032,0,1,0,0,0,0,0,0,0
GIZT1YWUQ_5848-10150-6360-10662,0,1,0,0,0,0,0,0,0
GIZT1YWUQ_5599-6032-6111-6544,0,1,0,0,0,0,0,0,0
GIZT1YWUQ_5848-10662-6360-11174,0,1,0,0,0,0,0,0,0
GIZT1YWUQ_5848-11174-6360-11686,0,1,0,0,0,0,0,0,0
GIZT1YWUQ_5848-11686-6360-12198,0,1,0,0,0,0,0,0,0
GIZT1YWUQ_5848-12198-6360-12710,0,1,0,0,0,0,0,0,0
GIZT1YWUQ_5848-13222-6360-13734,0,1,0,0,0,0,0,0,0
GIZT1YWUQ_5848-12710-6360-13222,0,1,0,0,0,0,0,0,0
GIZT1YWUQ_6274-10649-6786-11161,0,1,0,0,0,0,0,0,0
GIZT1YWUQ_6632-10079-7144-10591,0,1,0,0,0,0,0,0,0
GIZT1YWUQ_6025-12412-6537-12924,0,1,0,0,0,0,0,0,0
GIZT1YWUQ_6025-11900-6537-12412,0,1,0,0,0,0,0,0,0
GIZT1YWUQ_6274-10137-6786-10649,0,1,0,0,0,0,0,0,0
GIZT1YWUQ_6632-10591-7144-11103,0,1,0,0,0,0,0,0,0
GIZT1YWUQ_6537-11900-7049-12412,0,1,0,0,0,0,0,0,0
GIZT1YWUQ_936-12847-1448-13359,0,1,0,0,0,0,0,0,0
GIZT1YWUQ_936-11311-1448-11823,0,1,0,0,0,0,0,0,0
GK1RIZYLH_10334-2997-10846-3509,1,0,0,0,0,0,0,0,0
GIZT1YWUQ_947-2378-1459-2890,0,1,0,0,0,0,0,0,0
GIZT1YWUQ_936-11823-1448-12335,0,1,0,0,0,0,0,0,0
GK1RIZYLH_10334-437-10846-949,1,0,0,0,0,0,0,0,0
GIZT1YWUQ_936-12335-1448-12847,0,1,0,0,0,0,0,0,0
GK1RIZYLH_10846-2997-11358-3509,1,0,0,0,0,0,0,0,0
GK1RIZYLH_11358-2997-11870-3509,1,0,0,0,0,0,0,0,0
GK1RIZYLH_1148-493-1660-1005,1,0,0,0,0,0,0,0,0
GK1RIZYLH_1148-1005-1660-1517,1,0,0,0,0,0,0,0,0
GK1RIZYLH_11358-437-11870-949,1,0,0,0,0,0,0,0,0
GK1RIZYLH_1148-3053-1660-3565,1,0,0,0,0,0,0,0,0
GK1RIZYLH_11870-2997-12382-3509,1,0,0,0,0,0,0,0,0
GK1RIZYLH_11870-437-12382-949,1,0,0,0,0,0,0,0,0
GK1RIZYLH_12382-1973-12894-2485,1,0,0,0,0,0,0,0,0
GK1RIZYLH_12382-2485-12894-2997,1,0,0,0,0,0,0,0,0
GK1RIZYLH_12382-1461-12894-1973,1,0,0,0,0,0,0,0,0
GK1RIZYLH_12382-2997-12894-3509,1,0,0,0,0,0,0,0,0
GK1RIZYLH_12382-949-12894-1461,1,0,0,0,0,0,1,0,0
GK1RIZYLH_1660-493-2172-1005,1,0,0,0,0,0,0,0,0
GK1RIZYLH_12894-949-13406-1461,1,0,0,0,0,0,0,0,0
GK1RIZYLH_12382-437-12894-949,1,0,0,0,0,0,0,0,0
GK1RIZYLH_12894-437-13406-949,1,0,0,0,0,0,0,0,0
GK1RIZYLH_1660-3053-2172-3565,1,0,0,0,0,0,0,0,0
GK1RIZYLH_2172-3053-2684-3565,1,0,0,0,0,0,0,0,0
GK1RIZYLH_3708-3053-4220-3565,1,0,0,0,0,0,0,0,0
GK1RIZYLH_2172-493-2684-1005,1,0,0,0,0,0,0,0,0
GK1RIZYLH_2684-493-3196-1005,1,0,0,0,0,0,0,0,0
GK1RIZYLH_2684-3053-3196-3565,1,0,0,0,0,0,0,0,0
GK1RIZYLH_3196-493-3708-1005,1,0,0,0,0,0,0,0,0
GK1RIZYLH_3196-3053-3708-3565,1,0,0,0,0,0,0,0,0
GK1RIZYLH_3708-493-4220-1005,1,0,0,0,0,0,0,0,0
GK1RIZYLH_4702-2485-5214-2997,1,0,0,0,0,0,0,0,0
GK1RIZYLH_4220-3053-4732-3565,1,0,0,0,0,0,0,0,0
GK1RIZYLH_5214-1461-5726-1973,1,0,0,0,0,0,0,0,0
GK1RIZYLH_4220-493-4732-1005,1,0,0,0,0,0,0,0,0
GK1RIZYLH_4702-2997-5214-3509,1,0,0,0,0,0,0,0,0
GK1RIZYLH_4732-493-5244-1005,1,0,0,0,0,0,0,0,0
GK1RIZYLH_4702-949-5214-1461,1,0,0,0,0,0,0,0,0
GK1RIZYLH_5214-949-5726-1461,1,0,0,0,0,0,0,0,0
GK1RIZYLH_5214-2997-5726-3509,1,0,0,0,0,0,0,0,0
GK1RIZYLH_5214-1973-5726-2485,1,0,0,0,0,0,0,0,0
GK1RIZYLH_5244-2541-5756-3053,1,0,0,0,0,0,0,0,0
GK1RIZYLH_5244-493-5756-1005,1,0,0,0,0,0,0,0,0
GK1RIZYLH_5726-1973-6238-2485,1,0,0,0,0,0,0,0,0
GK1RIZYLH_5726-1461-6238-1973,1,0,0,0,0,0,0,0,0
GK1RIZYLH_5726-2997-6238-3509,1,0,0,0,0,0,0,0,0
GK1RIZYLH_5726-949-6238-1461,1,0,0,0,0,0,0,0,0
GK1RIZYLH_5726-437-6238-949,1,0,0,0,0,0,0,0,0
GK1RIZYLH_6238-2997-6750-3509,1,0,0,0,0,0,0,0,0
GK1RIZYLH_6238-437-6750-949,1,0,0,0,0,0,0,0,0
GK1RIZYLH_636-1005-1148-1517,1,0,0,0,0,0,0,0,0
GK1RIZYLH_636-2541-1148-3053,1,0,0,0,0,0,0,0,0
GK1RIZYLH_636-1517-1148-2029,1,0,0,0,0,0,0,0,0
GK1RIZYLH_6750-2997-7262-3509,1,0,0,0,0,0,0,0,0
GK1RIZYLH_6750-949-7262-1461,1,0,0,0,0,0,0,0,0
GK1RIZYLH_636-2029-1148-2541,1,0,0,0,0,0,0,0,0
GK1RIZYLH_636-493-1148-1005,1,0,0,0,0,0,0,0,0
GK1RIZYLH_636-3053-1148-3565,1,0,0,0,0,0,0,0,0
GK1RIZYLH_6750-437-7262-949,1,0,0,0,0,0,0,0,0
GK1RIZYLH_7262-2997-7774-3509,1,0,0,0,0,0,0,0,0
GK1RIZYLH_7262-949-7774-1461,1,0,0,0,0,0,0,0,0
GK1RIZYLH_7774-2997-8286-3509,1,0,0,0,0,0,0,0,0
GK1RIZYLH_8286-2997-8798-3509,1,0,0,0,0,0,0,0,0
GK1RIZYLH_8798-437-9310-949,1,0,0,0,0,0,1,0,0
GK1RIZYLH_9310-2997-9822-3509,1,0,0,0,0,0,0,0,0
GK1RIZYLH_7774-949-8286-1461,1,0,0,0,0,0,0,0,0
GK1RIZYLH_8798-2997-9310-3509,1,0,0,0,0,0,0,0,0
GK1RIZYLH_9822-2997-10334-3509,1,0,0,0,0,0,0,0,0
GK1RIZYLH_9310-437-9822-949,1,0,0,0,0,0,1,0,0
GKEXXJAWB_10800-827-11312-1339,0,1,0,0,0,0,0,0,0
GKEXXJAWB_10523-2727-11035-3239,0,1,0,0,0,0,0,0,0
GKEXXJAWB_1078-1374-1590-1886,0,1,0,0,0,0,0,0,0
GKEXXJAWB_10666-4132-11178-4644,0,1,0,0,0,0,0,0,0
GKEXXJAWB_10802-2232-11314-2744,0,1,0,0,0,0,0,0,0
GKEXXJAWB_10154-4132-10666-4644,0,1,0,0,0,0,0,0,0
GKEXXJAWB_10831-3226-11343-3738,0,1,0,0,0,0,0,0,0
GKEXXJAWB_10832-2729-11344-3241,0,1,0,0,0,0,0,0,0
GKEXXJAWB_10949-4198-11461-4710,0,1,0,0,0,0,0,0,0
GKEXXJAWB_4704-4008-5216-4520,0,1,0,0,0,0,0,0,0
GKEXXJAWB_5719-4136-6231-4648,0,1,0,0,0,0,0,0,0
GKEXXJAWB_1926-3140-2438-3652,0,1,0,0,0,0,0,0,0
GKEXXJAWB_5285-528-5797-1040,0,1,0,0,0,0,0,0,0
GKEXXJAWB_5207-4136-5719-4648,0,1,0,0,0,0,0,0,0
GKEXXJAWB_4773-528-5285-1040,0,1,0,0,0,0,0,0,0
GKEXXJAWB_6231-4136-6743-4648,0,1,0,0,0,0,0,0,0
GKEXXJAWB_691-591-1203-1103,0,1,0,0,0,0,0,0,0
GKEXXJAWB_6853-4198-7365-4710,0,1,0,0,0,0,0,0,0
GKEXXJAWB_9268-3695-9780-4207,0,1,0,0,0,0,0,0,0
GKEXXJAWB_8389-4198-8901-4710,0,1,0,0,0,0,0,0,0
GKEXXJAWB_7364-4068-7876-4580,0,1,0,0,0,0,0,0,0
GKEXXJAWB_8901-4198-9413-4710,0,1,0,0,0,0,0,0,0
GKEXXJAWB_7876-4068-8388-4580,0,1,0,0,0,0,0,0,0
GKLAI3VVG_1212-738-1724-1250,0,0,0,0,0,1,0,0,0
GKEXXJAWB_9413-4198-9925-4710,0,1,0,0,0,0,0,0,0
GKLAI3VVG_1526-8920-2038-9432,0,0,0,0,0,1,0,0,0
GKLAI3VVG_2038-8920-2550-9432,0,0,0,0,0,1,0,0,0
GKLAI3VVG_1724-738-2236-1250,0,0,0,0,0,1,0,0,0
GKLAI3VVG_2565-8915-3077-9427,0,0,0,0,0,1,0,0,0
GKLAI3VVG_3123-8935-3635-9447,0,0,0,0,0,1,0,0,0
GKLAI3VVG_2319-755-2831-1267,0,0,0,0,0,1,0,0,0
GKLAI3VVG_2831-755-3343-1267,0,0,0,0,0,1,0,0,0
GKLAI3VVG_3407-753-3919-1265,0,0,0,0,0,1,0,0,0
GKLAI3VVG_3652-8925-4164-9437,0,0,0,0,0,1,0,0,0
GKLAI3VVG_5008-784-5520-1296,0,0,0,0,0,1,0,0,0
GKLAI3VVG_4659-8904-5171-9416,0,0,0,0,0,1,0,0,0
GKLAI3VVG_5201-8910-5713-9422,0,0,0,0,0,1,0,0,0
GKLAI3VVG_3908-758-4420-1270,0,0,0,0,0,1,0,0,0
GKLAI3VVG_4420-758-4932-1270,0,0,0,0,0,1,0,0,0
GKLAI3VVG_5690-8917-6202-9429,0,0,0,0,0,1,0,0,0
GKLAI3VVG_4164-8917-4676-9429,0,0,0,0,0,1,0,0,0
GKLAI3VVG_5520-784-6032-1296,0,0,0,0,0,1,0,0,0
GKLAI3VVG_6212-723-6724-1235,0,0,0,0,0,1,0,0,0
GKLAI3VVG_962-8927-1474-9439,0,0,0,0,0,1,0,0,0
GLFK7YZRE_1397-1632-1909-2144,0,1,0,0,0,0,0,0,0
GLFK7YZRE_1397-1120-1909-1632,0,1,0,0,0,0,0,0,0
GLFK7YZRE_10062-570-10574-1082,0,1,0,0,0,0,0,0,0
GLFK7YZRE_10062-1082-10574-1594,0,1,0,0,0,0,0,0,0
GLFK7YZRE_10062-1594-10574-2106,0,1,0,0,0,0,0,0,0
GKXY6ZDT3_4487-312-4999-824,0,0,1,0,0,0,0,0,0
GLFK7YZRE_1397-608-1909-1120,0,1,0,0,0,0,0,0,0
GLFK7YZRE_1909-608-2421-1120,0,1,0,0,0,0,0,0,0
GLFK7YZRE_2641-2030-3153-2542,0,1,0,0,0,0,0,0,0
GLFK7YZRE_1909-1120-2421-1632,0,1,0,0,0,0,0,0,0
GLFK7YZRE_2129-2030-2641-2542,0,1,0,0,0,0,0,0,0
GLFK7YZRE_2129-2542-2641-3054,0,1,0,0,0,0,0,0,0
GLFK7YZRE_2421-1120-2933-1632,0,1,0,0,0,0,0,0,0
GLFK7YZRE_1909-1632-2421-2144,0,1,0,0,0,0,0,0,0
GLFK7YZRE_2421-608-2933-1120,0,1,0,0,0,0,0,0,0
GLFK7YZRE_2421-1632-2933-2144,0,1,0,0,0,0,0,0,0
GLFK7YZRE_2641-2542-3153-3054,0,1,0,0,0,0,0,0,0
GLFK7YZRE_3286-3935-3798-4447,0,1,0,0,0,0,0,0,0
GLFK7YZRE_3286-3423-3798-3935,0,1,0,0,0,0,0,0,0
GLFK7YZRE_2933-608-3445-1120,0,1,0,0,0,0,0,0,0
GLFK7YZRE_3673-1136-4185-1648,0,1,0,0,0,0,0,0,0
GLFK7YZRE_3286-2399-3798-2911,0,1,0,0,0,0,0,0,0
GLFK7YZRE_3673-1648-4185-2160,0,1,0,0,0,0,0,0,0
GLFK7YZRE_3286-2911-3798-3423,0,1,0,0,0,0,0,0,0
GLFK7YZRE_3673-2160-4185-2672,0,1,0,0,0,0,0,0,0
GLFK7YZRE_3798-3423-4310-3935,0,1,0,0,0,0,0,0,0
GLFK7YZRE_3798-3935-4310-4447,0,1,0,0,0,0,0,0,0
GLFK7YZRE_4185-1136-4697-1648,0,1,0,0,0,0,0,0,0
GLFK7YZRE_4310-2399-4822-2911,0,1,0,0,0,0,0,0,0
GLFK7YZRE_3798-2911-4310-3423,0,1,0,0,0,0,0,0,0
GLFK7YZRE_3798-2399-4310-2911,0,1,0,0,0,0,0,0,0
GLFK7YZRE_4185-1648-4697-2160,0,1,0,0,0,0,0,0,0
GLFK7YZRE_4185-2160-4697-2672,0,1,0,0,0,0,0,0,0
GLFK7YZRE_4310-2911-4822-3423,0,1,0,0,0,0,0,0,0
GLFK7YZRE_4310-3935-4822-4447,0,1,0,0,0,0,0,0,0
GLFK7YZRE_5184-606-5696-1118,0,1,0,0,0,0,0,0,0
GLFK7YZRE_4822-2911-5334-3423,0,1,0,0,0,0,0,0,0
GLFK7YZRE_4697-1136-5209-1648,0,1,0,0,0,0,0,0,0
GLFK7YZRE_4697-1648-5209-2160,0,1,0,0,0,0,0,0,0
GLFK7YZRE_4697-2160-5209-2672,0,1,0,0,0,0,0,0,0
GLFK7YZRE_4672-606-5184-1118,0,1,0,0,0,0,0,0,0
GLFK7YZRE_4822-2399-5334-2911,0,1,0,0,0,0,0,0,0
GLFK7YZRE_4822-3935-5334-4447,0,1,0,0,0,0,0,0,0
GLFK7YZRE_5626-2998-6138-3510,0,1,0,0,0,0,0,0,0
GLFK7YZRE_5209-2160-5721-2672,0,1,0,0,0,0,0,0,0
GLFK7YZRE_5721-1648-6233-2160,0,1,0,0,0,0,0,0,0
GLFK7YZRE_5209-1648-5721-2160,0,1,0,0,0,0,0,0,0
GLFK7YZRE_6138-2998-6650-3510,0,1,0,0,0,0,0,0,0
GLFK7YZRE_5696-1118-6208-1630,0,1,0,0,0,0,0,0,0
GLFK7YZRE_5209-1136-5721-1648,0,1,0,0,0,0,0,0,0
GLFK7YZRE_5721-2160-6233-2672,0,1,0,0,0,0,0,0,0
GLFK7YZRE_6426-2404-6938-2916,0,1,0,0,0,0,0,0,0
GLFK7YZRE_6426-2916-6938-3428,0,1,0,0,0,0,0,0,0
GLFK7YZRE_6938-2404-7450-2916,0,1,0,0,0,0,0,0,0
GLFK7YZRE_6938-3940-7450-4452,0,1,0,0,0,0,0,0,0
GLFK7YZRE_6802-1843-7314-2355,0,1,0,0,0,0,0,0,0
GLFK7YZRE_6802-1331-7314-1843,0,1,0,0,0,0,0,0,0
GLFK7YZRE_6938-3428-7450-3940,0,1,0,0,0,0,0,0,0
GLFK7YZRE_6426-3428-6938-3940,0,1,0,0,0,0,0,0,0
GLFK7YZRE_6938-2916-7450-3428,0,1,0,0,0,0,0,0,0
GLFK7YZRE_6990-1082-7502-1594,0,1,0,0,0,0,0,0,0
GLFK7YZRE_701-1245-1213-1757,0,1,0,0,0,0,0,0,0
GLFK7YZRE_6990-570-7502-1082,0,1,0,0,0,0,0,0,0
GLFK7YZRE_7282-546-7794-1058,0,1,0,0,0,0,0,0,0
GLFK7YZRE_6990-1594-7502-2106,0,1,0,0,0,0,0,0,0
GLFK7YZRE_7314-2355-7826-2867,0,1,0,0,0,0,0,0,0
GLFK7YZRE_7314-1843-7826-2355,0,1,0,0,0,0,0,0,0
GLFK7YZRE_7314-1331-7826-1843,0,1,0,0,0,0,0,0,0
GLFK7YZRE_7450-2916-7962-3428,0,1,0,0,0,0,0,0,0
GLFK7YZRE_7450-3428-7962-3940,0,1,0,0,0,0,0,0,0
GLFK7YZRE_7450-3940-7962-4452,0,1,0,0,0,0,0,0,0
GLFK7YZRE_7661-1257-8173-1769,0,1,0,0,0,0,0,0,0
GLFK7YZRE_7502-1082-8014-1594,0,1,0,0,0,0,0,0,0
GLFK7YZRE_7502-1594-8014-2106,0,1,0,0,0,0,0,0,0
GLFK7YZRE_784-3011-1296-3523,0,1,0,0,0,0,0,0,0
GLFK7YZRE_7661-1769-8173-2281,0,1,0,0,0,0,0,0,0
GLFK7YZRE_784-2028-1296-2540,0,1,0,0,0,0,0,0,0
GLFK7YZRE_7962-3428-8474-3940,0,1,0,0,0,0,0,0,0
GLFK7YZRE_8014-1082-8526-1594,0,1,0,0,0,0,0,0,0
GLFK7YZRE_7962-3940-8474-4452,0,1,0,0,0,0,0,0,0
GLFK7YZRE_8173-1769-8685-2281,0,1,0,0,0,0,0,0,0
GLFK7YZRE_8014-1594-8526-2106,0,1,0,0,0,0,0,0,0
GLFK7YZRE_8526-570-9038-1082,0,1,0,0,0,0,0,0,0
GLFK7YZRE_8526-1082-9038-1594,0,1,0,0,0,0,0,0,0
GLFK7YZRE_8014-570-8526-1082,0,1,0,0,0,0,0,0,0
GLFK7YZRE_8173-1257-8685-1769,0,1,0,0,0,0,0,0,0
GLFK7YZRE_885-608-1397-1120,0,1,0,0,0,0,0,0,0
GLFK7YZRE_9038-1082-9550-1594,0,1,0,0,0,0,0,0,0
GLFK7YZRE_9038-1594-9550-2106,0,1,0,0,0,0,0,0,0
GLFK7YZRE_9038-570-9550-1082,0,1,0,0,0,0,0,0,0
GLFK7YZRE_9550-570-10062-1082,0,1,0,0,0,0,0,0,0
GLFK7YZRE_9550-1082-10062-1594,0,1,0,0,0,0,0,0,0
GLFK7YZRE_9550-1594-10062-2106,0,1,0,0,0,0,0,0,0
GLFK7YZRE_9904-3001-10416-3513,0,1,0,0,0,0,0,0,0
GMJ2EDDK1_10028-569-10540-1081,1,0,0,0,0,0,0,0,0
GMJ2EDDK1_10028-8761-10540-9273,1,0,0,0,0,0,0,0,0
GMJ2EDDK1_11052-1593-11564-2105,1,0,0,0,0,0,0,0,0
GMJ2EDDK1_10540-8761-11052-9273,1,0,0,0,0,0,0,0,0
GMJ2EDDK1_11052-2105-11564-2617,1,0,0,0,0,0,0,0,0
GMJ2EDDK1_10540-569-11052-1081,1,0,0,0,0,0,0,0,0
GMJ2EDDK1_11052-3129-11564-3641,1,0,0,0,0,0,0,0,0
GMJ2EDDK1_11052-3641-11564-4153,1,0,0,0,0,0,0,0,0
GMJ2EDDK1_11052-1081-11564-1593,1,0,0,0,0,0,0,0,0
GMJ2EDDK1_11052-2617-11564-3129,1,0,0,0,0,0,0,0,0
GMJ2EDDK1_11052-4153-11564-4665,1,0,0,0,0,0,0,0,0
GMJ2EDDK1_11052-5177-11564-5689,1,0,0,0,0,0,0,0,0
GMJ2EDDK1_11052-4665-11564-5177,1,0,0,0,0,0,0,0,0
GMJ2EDDK1_11052-7737-11564-8249,1,0,0,0,0,0,0,0,0
GMJ2EDDK1_11052-569-11564-1081,1,0,0,0,0,0,0,0,0
GMJ2EDDK1_11052-6201-11564-6713,1,0,0,0,0,0,0,0,0
GMJ2EDDK1_11052-5689-11564-6201,1,0,0,0,0,0,0,0,0
GMJ2EDDK1_11052-6713-11564-7225,1,0,0,0,0,0,0,0,0
GMJ2EDDK1_11052-7225-11564-7737,1,0,0,0,0,0,0,0,0
GMJ2EDDK1_11052-8761-11564-9273,1,0,0,0,0,0,0,0,0
GMJ2EDDK1_1147-1102-1659-1614,1,0,0,0,0,0,0,0,0
GMJ2EDDK1_11052-8249-11564-8761,1,0,0,0,0,0,0,0,0
GMJ2EDDK1_1659-1102-2171-1614,1,0,0,0,0,0,0,0,0
GMJ2EDDK1_1147-8782-1659-9294,1,0,0,0,0,0,0,0,0
GMJ2EDDK1_2683-1102-3195-1614,1,0,0,0,0,0,0,0,0
GMJ2EDDK1_2171-1102-2683-1614,1,0,0,0,0,0,0,0,0
GMJ2EDDK1_2683-1614-3195-2126,1,0,0,0,0,0,0,0,0
GMJ2EDDK1_2683-8782-3195-9294,1,0,0,0,0,0,0,0,0
GMJ2EDDK1_3372-3129-3884-3641,1,0,0,0,0,0,0,0,0
GMJ2EDDK1_3372-2105-3884-2617,1,0,0,0,0,0,0,0,0
GMJ2EDDK1_3372-569-3884-1081,1,0,0,0,0,0,0,0,0
GMJ2EDDK1_3195-2638-3707-3150,1,0,0,0,0,0,0,0,0
GMJ2EDDK1_3372-1081-3884-1593,1,0,0,0,0,0,0,0,0
GMJ2EDDK1_3195-8782-3707-9294,1,0,0,0,0,0,0,0,0
GMJ2EDDK1_3372-1593-3884-2105,1,0,0,0,0,0,0,0,0
GMJ2EDDK1_3707-3150-4219-3662,1,0,0,0,0,0,0,0,0
GMJ2EDDK1_3707-1614-4219-2126,1,0,0,0,0,0,0,0,0
GMJ2EDDK1_3707-3662-4219-4174,1,0,0,0,0,0,0,0,0
GMJ2EDDK1_3884-2105-4396-2617,1,0,0,0,0,0,0,0,0
GMJ2EDDK1_3707-8270-4219-8782,1,0,0,0,0,0,0,0,0
GMJ2EDDK1_3884-4153-4396-4665,1,0,0,0,0,0,0,0,0
GMJ2EDDK1_3884-569-4396-1081,1,0,0,0,0,0,0,0,0
GMJ2EDDK1_4219-2638-4731-3150,1,0,0,0,0,0,0,0,0
GMJ2EDDK1_3884-8761-4396-9273,1,0,0,0,0,0,0,0,0
GMJ2EDDK1_3884-2617-4396-3129,1,0,0,0,0,0,0,0,0
GMJ2EDDK1_4219-4174-4731-4686,1,0,0,0,0,0,0,0,0
GMJ2EDDK1_4396-569-4908-1081,1,0,0,0,0,0,0,0,0
GMJ2EDDK1_4396-3129-4908-3641,1,0,0,0,0,0,0,0,0
GMJ2EDDK1_4396-3641-4908-4153,1,0,0,0,0,0,0,0,0
GMJ2EDDK1_4219-7758-4731-8270,1,0,0,0,0,0,0,0,0
GMJ2EDDK1_4731-5198-5243-5710,1,0,0,0,0,0,0,0,0
GMJ2EDDK1_4396-7225-4908-7737,1,0,0,0,0,0,0,0,0
GMJ2EDDK1_4396-8761-4908-9273,1,0,0,0,0,0,0,0,0
GMJ2EDDK1_4396-8249-4908-8761,1,0,0,0,0,0,0,0,0
GMJ2EDDK1_4731-5710-5243-6222,1,0,0,0,0,0,0,0,0
GMJ2EDDK1_4908-4153-5420-4665,1,0,0,0,0,0,0,0,0
GMJ2EDDK1_4731-6222-5243-6734,1,0,0,0,0,0,0,0,0
GMJ2EDDK1_4908-569-5420-1081,1,0,0,0,0,0,0,0,0
GMJ2EDDK1_4908-4665-5420-5177,1,0,0,0,0,0,0,0,0
GMJ2EDDK1_4731-6734-5243-7246,1,0,0,0,0,0,0,0,0
GMJ2EDDK1_4908-3641-5420-4153,1,0,0,0,0,0,0,0,0
GMJ2EDDK1_4908-7737-5420-8249,1,0,0,0,0,0,0,0,0
GMJ2EDDK1_4908-7225-5420-7737,1,0,0,0,0,0,0,0,0
GMJ2EDDK1_4908-8761-5420-9273,1,0,0,0,0,0,0,0,0
GMJ2EDDK1_5932-8761-6444-9273,1,0,0,0,0,0,0,0,0
GMJ2EDDK1_5420-569-5932-1081,1,0,0,0,0,0,0,0,0
GMJ2EDDK1_635-1614-1147-2126,1,0,0,0,0,0,0,0,0
GMJ2EDDK1_5932-569-6444-1081,1,0,0,0,0,0,0,0,0
GMJ2EDDK1_635-1102-1147-1614,1,0,0,0,0,0,0,0,0
GMJ2EDDK1_635-2126-1147-2638,1,0,0,0,0,0,0,0,0
GMJ2EDDK1_5420-8761-5932-9273,1,0,0,0,0,0,0,0,0
GMJ2EDDK1_5420-6201-5932-6713,1,0,0,0,0,0,0,0,0
GMJ2EDDK1_635-2638-1147-3150,1,0,0,0,0,0,0,0,0
GMJ2EDDK1_635-5198-1147-5710,1,0,0,0,0,0,0,0,0
GMJ2EDDK1_635-4174-1147-4686,1,0,0,0,0,0,0,0,0
GMJ2EDDK1_635-4686-1147-5198,1,0,0,0,0,0,0,0,0
GMJ2EDDK1_635-3150-1147-3662,1,0,0,0,0,0,0,0,0
GMJ2EDDK1_635-5710-1147-6222,1,0,0,0,0,0,0,0,0
GMJ2EDDK1_635-6222-1147-6734,1,0,0,0,0,0,0,0,0
GMJ2EDDK1_635-3662-1147-4174,1,0,0,0,0,0,0,0,0
GMJ2EDDK1_635-6734-1147-7246,1,0,0,0,0,0,0,0,0
GMJ2EDDK1_635-7246-1147-7758,1,0,0,0,0,0,0,0,0
GMJ2EDDK1_7468-569-7980-1081,1,0,0,0,0,0,0,0,0
GMJ2EDDK1_635-8782-1147-9294,1,0,0,0,0,0,0,0,0
GMJ2EDDK1_6444-8761-6956-9273,1,0,0,0,0,0,0,0,0
GMJ2EDDK1_6444-569-6956-1081,1,0,0,0,0,0,0,0,0
GMJ2EDDK1_635-8270-1147-8782,1,0,0,0,0,0,0,0,0
GMJ2EDDK1_635-7758-1147-8270,1,0,0,0,0,0,0,0,0
GMJ2EDDK1_6956-569-7468-1081,1,0,0,0,0,0,0,0,0
GMJ2EDDK1_6956-8761-7468-9273,1,0,0,0,0,0,0,0,0
GMJ2EDDK1_7980-8761-8492-9273,1,0,0,0,0,0,0,0,0
GMJ2EDDK1_8492-569-9004-1081,1,0,0,0,0,0,0,0,0
GMJ2EDDK1_7468-8761-7980-9273,1,0,0,0,0,0,0,0,0
GMJ2EDDK1_7980-569-8492-1081,1,0,0,0,0,0,0,0,0
GMJ2EDDK1_9004-569-9516-1081,1,0,0,0,0,0,0,0,0
GMJ2EDDK1_8492-8761-9004-9273,1,0,0,0,0,0,0,0,0
GMJ2EDDK1_9004-8761-9516-9273,1,0,0,0,0,0,0,0,0
GMJ2EDDK1_9516-8761-10028-9273,1,0,0,0,0,0,0,0,0
GMJ2EDDK1_9516-569-10028-1081,1,0,0,0,0,0,0,0,0
GN9L4HKTU_10315-4731-10827-5243,0,0,0,0,0,1,0,0,0
GN9L4HKTU_10851-454-11363-966,0,0,0,0,0,1,0,0,0
GN9L4HKTU_10339-454-10851-966,0,0,0,0,0,1,0,0,0
GN9L4HKTU_11363-454-11875-966,0,0,0,0,0,1,0,0,0
GN9L4HKTU_10728-4730-11240-5242,0,0,0,0,0,1,0,0,0
GN9L4HKTU_15453-4630-15965-5142,0,0,0,0,0,1,0,0,0
GN9L4HKTU_15739-2020-16251-2532,0,0,0,0,0,1,0,0,0
GN9L4HKTU_15732-3689-16244-4201,0,0,0,0,0,1,0,0,0
GN9L4HKTU_15526-4393-16038-4905,0,0,0,0,0,1,0,0,0
GN9L4HKTU_15742-4123-16254-4635,0,0,0,0,0,1,0,0,0
GN9L4HKTU_15935-490-16447-1002,0,0,0,0,0,1,0,0,0
GN9L4HKTU_15750-1530-16262-2042,0,0,0,0,0,1,0,0,0
GN9L4HKTU_2144-4410-2656-4922,0,0,0,0,0,1,0,0,0
GN9L4HKTU_15769-726-16281-1238,0,0,0,0,0,1,0,0,0
GN9L4HKTU_15749-2388-16261-2900,0,0,0,0,0,1,0,0,0
GN9L4HKTU_2524-4425-3036-4937,0,0,0,0,0,1,0,0,0
GN9L4HKTU_3793-5716-4305-6228,0,0,0,0,0,1,0,0,0
GN9L4HKTU_4294-6294-4806-6806,0,0,0,0,0,1,0,0,0
GN9L4HKTU_5294-5705-5806-6217,0,0,0,0,0,1,0,0,0
GN9L4HKTU_5090-6006-5602-6518,0,0,0,0,0,1,0,0,0
GN9L4HKTU_5931-4370-6443-4882,0,0,0,0,0,1,0,0,0
GN9L4HKTU_5931-4882-6443-5394,0,0,0,0,0,1,0,0,0
GN9L4HKTU_6543-6128-7055-6640,0,0,0,0,0,1,0,0,0
GN9L4HKTU_6385-6368-6897-6880,0,0,0,0,0,1,0,0,0
GN9L4HKTU_5239-3930-5751-4442,0,0,0,0,0,1,0,0,0
GN9L4HKTU_6505-806-7017-1318,0,0,0,0,0,1,0,0,0
GN9L4HKTU_5931-5394-6443-5906,0,0,0,0,0,1,0,0,0
GN9L4HKTU_7267-454-7779-966,0,0,0,0,0,1,0,0,0
GN9L4HKTU_7233-798-7745-1310,0,0,0,0,0,1,0,0,0
GN9L4HKTU_6948-4941-7460-5453,0,0,0,0,0,1,0,0,0
GN9L4HKTU_6876-5692-7388-6204,0,0,0,0,0,1,0,0,0
GN9L4HKTU_6805-5347-7317-5859,0,0,0,0,0,1,0,0,0
GN9L4HKTU_6755-454-7267-966,0,0,0,0,0,1,0,0,0
GN9L4HKTU_7289-6338-7801-6850,0,0,0,0,0,1,0,0,0
GN9L4HKTU_7521-570-8033-1082,0,0,0,0,0,1,0,0,0
GN9L4HKTU_7580-4734-8092-5246,0,0,0,0,0,1,0,0,0
GN9L4HKTU_7674-791-8186-1303,0,0,0,0,0,1,0,0,0
GN9L4HKTU_7768-2446-8280-2958,0,0,0,0,0,1,0,0,0
GN9L4HKTU_7765-1484-8277-1996,0,0,0,0,0,1,0,0,0
GN9L4HKTU_7766-2001-8278-2513,0,0,0,0,0,1,0,0,0
GN9L4HKTU_7783-3409-8295-3921,0,0,0,0,0,1,0,0,0
GN9L4HKTU_7790-4600-8302-5112,0,0,0,0,0,1,0,0,0
GN9L4HKTU_7779-454-8291-966,0,0,0,0,0,1,0,0,0
GN9L4HKTU_7793-3828-8305-4340,0,0,0,0,0,1,0,0,0
GN9L4HKTU_7791-4205-8303-4717,0,0,0,0,0,1,0,0,0
GN9L4HKTU_8803-454-9315-966,0,0,0,0,0,1,0,0,0
GN9L4HKTU_8291-454-8803-966,0,0,0,0,0,1,0,0,0
GN9L4HKTU_8598-4755-9110-5267,0,0,0,0,0,1,0,0,0
GN9L4HKTU_9045-4761-9557-5273,0,0,0,0,0,1,0,0,0
GN9L4HKTU_7965-4760-8477-5272,0,0,0,0,0,1,0,0,0
GN9L4HKTU_9110-6439-9622-6951,0,0,0,0,0,1,0,0,0
GN9L4HKTU_9421-4751-9933-5263,0,0,0,0,0,1,0,0,0
GN9L4HKTU_9315-454-9827-966,0,0,0,0,0,1,0,0,0
GN9L4HKTU_9827-454-10339-966,0,0,0,0,0,1,0,0,0
GNW74N9XM_2710-1847-3222-2359,0,0,0,0,1,0,0,0,0
GNW74N9XM_2422-2105-2934-2617,0,0,0,0,1,0,0,0,0
GN9L4HKTU_9966-4731-10478-5243,0,0,0,0,0,1,0,0,0
GNW74N9XM_2292-3765-2804-4277,0,0,0,0,1,0,0,0,0
GNW74N9XM_2796-2263-3308-2775,0,0,0,0,1,0,0,0,0
GNW74N9XM_2710-793-3222-1305,0,0,0,0,1,0,0,0,0
GNW74N9XM_2713-440-3225-952,0,0,0,0,1,0,0,0,0
GNW74N9XM_2720-1494-3232-2006,0,0,0,0,1,0,0,0,0
GNW74N9XM_2882-209-3394-721,0,0,0,0,1,0,0,0,0
GNW74N9XM_3696-2844-4208-3356,0,0,0,0,1,0,0,0,0
GNW74N9XM_3858-3686-4370-4198,0,0,0,0,1,0,0,0,0
GNW74N9XM_323-3365-835-3877,0,0,0,0,1,0,0,0,0
GNW74N9XM_321-3028-833-3540,0,0,0,0,1,0,0,0,0
GNW74N9XM_359-2566-871-3078,0,0,0,0,1,0,0,0,0
GNW74N9XM_4481-3745-4993-4257,0,0,0,0,1,0,0,0,0
GNW74N9XM_4489-2264-5001-2776,0,0,0,0,1,0,0,0,0
GNW74N9XM_451-3791-963-4303,0,0,0,0,1,0,0,0,0
GNW74N9XM_4665-2982-5177-3494,0,0,0,0,1,0,0,0,0
GNW74N9XM_4828-3257-5340-3769,0,0,0,0,1,0,0,0,0
GNW74N9XM_4975-1570-5487-2082,0,0,0,0,1,0,0,0,0
GNW74N9XM_4927-1912-5439-2424,0,0,0,0,1,0,0,0,0
GNW74N9XM_4995-681-5507-1193,0,0,0,0,1,0,0,0,0
GNW74N9XM_690-2762-1202-3274,0,0,0,0,1,0,0,0,0
GNW74N9XM_4998-2437-5510-2949,0,0,0,0,1,0,0,0,0
GNW74N9XM_5043-3875-5555-4387,0,0,0,0,1,0,0,0,0
GNW74N9XM_765-3054-1277-3566,0,0,0,0,1,0,0,0,0
GQATCU1GG_1551-3608-2063-4120,0,0,1,0,0,0,0,0,0
GQATCU1GG_1877-2271-2389-2783,0,0,1,0,0,0,0,0,0
GQATCU1GG_3403-583-3915-1095,0,0,1,0,0,0,0,0,0
GQATCU1GG_2063-3608-2575-4120,0,0,1,0,0,0,0,0,0
GQPUDQWGH_1010-10910-1522-11422,1,0,0,0,0,0,0,0,0
GQPUDQWGH_1010-10398-1522-10910,1,0,0,0,0,0,0,0,0
GQPUDQWGH_1010-9374-1522-9886,1,0,0,0,0,0,0,0,0
GQPUDQWGH_1010-9886-1522-10398,1,0,0,0,0,0,0,0,0
GQPUDQWGH_1065-7282-1577-7794,1,0,0,0,0,0,0,0,0
GQPUDQWGH_1255-11906-1767-12418,1,0,0,0,0,0,0,0,0
GQPUDQWGH_1255-11394-1767-11906,1,0,0,0,0,0,0,0,0
GQPUDQWGH_1255-12418-1767-12930,1,0,0,0,0,0,0,0,0
GQPUDQWGH_1255-12930-1767-13442,1,0,0,0,0,0,0,0,0
GQPUDQWGH_1255-13442-1767-13954,1,0,0,0,0,0,0,0,0
GQPUDQWGH_1288-5642-1800-6154,1,0,0,0,0,0,0,0,0
GQPUDQWGH_1337-10409-1849-10921,1,0,0,0,0,0,0,0,0
GQPUDQWGH_1255-13954-1767-14466,1,0,0,0,0,0,0,0,0
GQPUDQWGH_1337-10921-1849-11433,1,0,0,0,0,0,0,0,0
GQPUDQWGH_1352-2207-1864-2719,1,0,0,0,0,0,0,0,0
GQPUDQWGH_1337-9897-1849-10409,1,0,0,0,0,0,0,0,0
GQPUDQWGH_1522-11422-2034-11934,1,0,0,0,0,0,0,0,0
GQPUDQWGH_1352-2719-1864-3231,1,0,0,0,0,0,0,0,0
GQPUDQWGH_1446-1974-1958-2486,1,0,0,0,0,0,0,0,0
GQPUDQWGH_1522-11934-2034-12446,1,0,0,0,0,0,0,0,0
GQPUDQWGH_1522-12446-2034-12958,1,0,0,0,0,0,0,0,0
GQPUDQWGH_1522-12958-2034-13470,1,0,0,0,0,0,0,0,0
GQPUDQWGH_1522-13470-2034-13982,1,0,0,0,0,0,0,0,0
GQPUDQWGH_1522-9374-2034-9886,1,0,0,0,0,0,0,0,0
GQPUDQWGH_1827-938-2339-1450,1,0,0,0,0,0,0,0,0
GQPUDQWGH_1864-2719-2376-3231,1,0,0,0,0,0,0,0,0
GQPUDQWGH_1864-2207-2376-2719,1,0,0,0,0,0,0,0,0
GQPUDQWGH_1522-13982-2034-14494,1,0,0,0,0,0,0,0,0
GQPUDQWGH_2034-10398-2546-10910,1,0,0,0,0,0,0,0,0
GQPUDQWGH_1958-1974-2470-2486,1,0,0,0,0,0,0,0,0
GQPUDQWGH_2034-13470-2546-13982,1,0,0,0,0,0,0,0,0
GQPUDQWGH_2034-12958-2546-13470,1,0,0,0,0,0,0,0,0
GQPUDQWGH_2456-5890-2968-6402,1,0,0,0,0,0,0,0,0
GQPUDQWGH_2034-13982-2546-14494,1,0,0,0,0,0,0,0,0
GQPUDQWGH_2034-9374-2546-9886,1,0,0,0,0,0,0,0,0
GQPUDQWGH_2034-9886-2546-10398,1,0,0,0,0,0,0,0,0
GQPUDQWGH_2456-6402-2968-6914,1,0,0,0,0,0,0,0,0
GQPUDQWGH_2470-1974-2982-2486,1,0,0,0,0,0,0,0,0
GQPUDQWGH_2546-12958-3058-13470,1,0,0,0,0,0,0,0,0
GQPUDQWGH_2546-10910-3058-11422,1,0,0,0,0,0,0,0,0
GQPUDQWGH_2546-10398-3058-10910,1,0,0,0,0,0,0,0,0
GQPUDQWGH_2546-9886-3058-10398,1,0,0,0,0,0,0,0,0
GQPUDQWGH_2758-752-3270-1264,1,0,0,0,0,0,0,0,0
GQPUDQWGH_2546-9374-3058-9886,1,0,0,0,0,0,0,0,0
GQPUDQWGH_2546-13982-3058-14494,1,0,0,0,0,0,0,0,0
GQPUDQWGH_2782-7635-3294-8147,1,0,0,0,0,0,0,0,0
GQPUDQWGH_2968-5890-3480-6402,1,0,0,0,0,0,0,0,0
GQPUDQWGH_3058-10398-3570-10910,1,0,0,0,0,0,0,0,0
GQPUDQWGH_2968-6402-3480-6914,1,0,0,0,0,0,0,0,0
GQPUDQWGH_3058-13982-3570-14494,1,0,0,0,0,0,0,0,0
GQPUDQWGH_3058-10910-3570-11422,1,0,0,0,0,0,0,0,0
GQPUDQWGH_3058-11422-3570-11934,1,0,0,0,0,0,0,0,0
GQPUDQWGH_3058-13470-3570-13982,1,0,0,0,0,0,0,0,0
GQPUDQWGH_3270-752-3782-1264,1,0,0,0,0,0,0,0,0
GQPUDQWGH_3058-12958-3570-13470,1,0,0,0,0,0,0,0,0
GQPUDQWGH_3294-7635-3806-8147,1,0,0,0,0,0,0,0,0
GQPUDQWGH_3480-5890-3992-6402,1,0,0,0,0,0,0,0,0
GQPUDQWGH_3480-6914-3992-7426,1,0,0,0,0,0,0,0,0
GQPUDQWGH_3480-6402-3992-6914,1,0,0,0,0,0,0,0,0
GQPUDQWGH_3570-11422-4082-11934,1,0,0,0,0,0,0,0,0
GQPUDQWGH_3570-11934-4082-12446,1,0,0,0,0,0,0,0,0
GQPUDQWGH_3570-10910-4082-11422,1,0,0,0,0,0,0,0,0
GQPUDQWGH_3570-13982-4082-14494,1,0,0,0,0,0,0,0,0
GQPUDQWGH_3570-12958-4082-13470,1,0,0,0,0,0,0,0,0
GQPUDQWGH_3570-13470-4082-13982,1,0,0,0,0,0,0,0,0
GQPUDQWGH_3835-10086-4347-10598,1,0,0,0,0,0,0,0,0
GQPUDQWGH_3835-8550-4347-9062,1,0,0,0,0,0,0,0,0
GQPUDQWGH_4082-10910-4594-11422,1,0,0,0,0,0,0,0,0
GQPUDQWGH_3835-9062-4347-9574,1,0,0,0,0,0,0,0,0
GQPUDQWGH_4082-11934-4594-12446,1,0,0,0,0,0,0,0,0
GQPUDQWGH_3920-1547-4432-2059,1,0,0,0,0,0,0,0,0
GQPUDQWGH_4082-12958-4594-13470,1,0,0,0,0,0,0,0,0
GQPUDQWGH_3835-9574-4347-10086,1,0,0,0,0,0,0,0,0
GQPUDQWGH_4082-13470-4594-13982,1,0,0,0,0,0,0,0,0
GQPUDQWGH_4186-10608-4698-11120,1,0,0,0,0,0,0,0,0
GQPUDQWGH_4082-9886-4594-10398,1,0,0,0,0,0,0,0,0
GQPUDQWGH_4082-9374-4594-9886,1,0,0,0,0,0,0,0,0
GQPUDQWGH_4082-13982-4594-14494,1,0,0,0,0,0,0,0,0
GQPUDQWGH_4186-12656-4698-13168,1,0,0,0,0,0,0,0,0
GQPUDQWGH_4347-9062-4859-9574,1,0,0,0,0,0,0,0,0
GQPUDQWGH_4347-10086-4859-10598,1,0,0,0,0,0,0,0,0
GQPUDQWGH_4347-8550-4859-9062,1,0,0,0,0,0,0,0,0
GQPUDQWGH_4186-11632-4698-12144,1,0,0,0,0,0,0,0,0
GQPUDQWGH_4594-10910-5106-11422,1,0,0,0,0,0,0,0,0
GQPUDQWGH_4347-9574-4859-10086,1,0,0,0,0,0,0,0,0
GQPUDQWGH_4594-12958-5106-13470,1,0,0,0,0,0,0,0,0
GQPUDQWGH_4594-12446-5106-12958,1,0,0,0,0,0,0,0,0
GQPUDQWGH_4594-9374-5106-9886,1,0,0,0,0,0,0,0,0
GQPUDQWGH_4594-13470-5106-13982,1,0,0,0,0,0,0,0,0
GQPUDQWGH_4594-9886-5106-10398,1,0,0,0,0,0,0,0,0
GQPUDQWGH_4594-13982-5106-14494,1,0,0,0,0,0,0,0,0
GQPUDQWGH_4698-11632-5210-12144,1,0,0,0,0,0,0,0,0
GQPUDQWGH_4859-9062-5371-9574,1,0,0,0,0,0,0,0,0
GQPUDQWGH_4859-10086-5371-10598,1,0,0,0,0,0,0,0,0
GQPUDQWGH_4698-10608-5210-11120,1,0,0,0,0,0,0,0,0
GQPUDQWGH_4902-5029-5414-5541,1,0,0,0,0,0,0,0,0
GQPUDQWGH_4707-1280-5219-1792,1,0,0,0,0,0,0,0,0
GQPUDQWGH_4902-5541-5414-6053,1,0,0,0,0,0,0,0,0
GQPUDQWGH_4859-9574-5371-10086,1,0,0,0,0,0,0,0,0
GQPUDQWGH_4902-6053-5414-6565,1,0,0,0,0,0,0,0,0
GQPUDQWGH_4902-6565-5414-7077,1,0,0,0,0,0,0,0,0
GQPUDQWGH_4902-7077-5414-7589,1,0,0,0,0,0,0,0,0
GQPUDQWGH_4902-8613-5414-9125,1,0,0,0,0,0,0,0,0
GQPUDQWGH_4902-8101-5414-8613,1,0,0,0,0,0,0,0,0
GQPUDQWGH_4902-7589-5414-8101,1,0,0,0,0,0,0,0,0
GQPUDQWGH_5071-13660-5583-14172,1,0,0,0,0,0,0,0,0
GQPUDQWGH_5106-10910-5618-11422,1,0,0,0,0,0,0,0,0
GQPUDQWGH_5106-12958-5618-13470,1,0,0,0,0,0,0,0,0
GQPUDQWGH_5106-12446-5618-12958,1,0,0,0,0,0,0,0,0
GQPUDQWGH_5371-9062-5883-9574,1,0,0,0,0,0,0,0,0
GQPUDQWGH_5106-9374-5618-9886,1,0,0,0,0,0,0,0,0
GQPUDQWGH_5106-13982-5618-14494,1,0,0,0,0,0,0,0,0
GQPUDQWGH_5106-9886-5618-10398,1,0,0,0,0,0,0,0,0
GQPUDQWGH_5210-12144-5722-12656,1,0,0,0,0,0,0,0,0
GQPUDQWGH_5371-10086-5883-10598,1,0,0,0,0,0,0,0,0
GQPUDQWGH_5210-11632-5722-12144,1,0,0,0,0,0,0,0,0
GQPUDQWGH_5371-9574-5883-10086,1,0,0,0,0,0,0,0,0
GQPUDQWGH_5414-4517-5926-5029,1,0,0,0,0,0,0,0,0
GQPUDQWGH_5414-5029-5926-5541,1,0,0,0,0,0,0,0,0
GQPUDQWGH_5414-5541-5926-6053,1,0,0,0,0,0,0,0,0
GQPUDQWGH_5414-8613-5926-9125,1,0,0,0,0,0,0,0,0
GQPUDQWGH_5414-6565-5926-7077,1,0,0,0,0,0,0,0,0
GQPUDQWGH_5525-10314-6037-10826,1,0,0,0,0,0,0,0,0
GQPUDQWGH_5414-6053-5926-6565,1,0,0,0,0,0,0,0,0
GQPUDQWGH_5618-12446-6130-12958,1,0,0,0,0,0,0,0,0
GQPUDQWGH_5414-8101-5926-8613,1,0,0,0,0,0,0,0,0
GQPUDQWGH_5583-13148-6095-13660,1,0,0,0,0,0,0,0,0
GQPUDQWGH_5618-13470-6130-13982,1,0,0,0,0,0,0,0,0
GQPUDQWGH_5618-13982-6130-14494,1,0,0,0,0,0,0,0,0
GQPUDQWGH_5618-9374-6130-9886,1,0,0,0,0,0,0,0,0
GQPUDQWGH_5883-9062-6395-9574,1,0,0,0,0,0,0,0,0
GQPUDQWGH_5722-12144-6234-12656,1,0,0,0,0,0,0,0,0
GQPUDQWGH_5618-9886-6130-10398,1,0,0,0,0,0,0,0,0
GQPUDQWGH_5926-4517-6438-5029,1,0,0,0,0,0,0,0,0
GQPUDQWGH_5883-9574-6395-10086,1,0,0,0,0,0,0,0,0
GQPUDQWGH_5926-5029-6438-5541,1,0,0,0,0,0,0,0,0
GQPUDQWGH_5926-6053-6438-6565,1,0,0,0,0,0,0,0,0
GQPUDQWGH_5926-8613-6438-9125,1,0,0,0,0,0,0,0,0
GQPUDQWGH_5926-6565-6438-7077,1,0,0,0,0,0,0,0,0
GQPUDQWGH_6395-8550-6907-9062,1,0,0,0,0,0,0,0,0
GQPUDQWGH_5926-8101-6438-8613,1,0,0,0,0,0,0,0,0
GQPUDQWGH_6095-13148-6607-13660,1,0,0,0,0,0,0,0,0
GQPUDQWGH_6095-13660-6607-14172,1,0,0,0,0,0,0,0,0
GQPUDQWGH_6095-12636-6607-13148,1,0,0,0,0,0,0,0,0
GQPUDQWGH_6395-9062-6907-9574,1,0,0,0,0,0,0,0,0
GQPUDQWGH_6438-6565-6950-7077,1,0,0,0,0,0,0,0,0
GQPUDQWGH_6438-4517-6950-5029,1,0,0,0,0,0,0,0,0
GQPUDQWGH_6395-9574-6907-10086,1,0,0,0,0,0,0,0,0
GQPUDQWGH_6607-13660-7119-14172,1,0,0,0,0,0,0,0,0
GQPUDQWGH_6607-13148-7119-13660,1,0,0,0,0,0,0,0,0
GQPUDQWGH_6438-8101-6950-8613,1,0,0,0,0,0,0,0,0
GQPUDQWGH_6614-5536-7126-6048,1,0,0,0,0,0,0,0,0
GQPUDQWGH_6614-5024-7126-5536,1,0,0,0,0,0,0,0,0
GQPUDQWGH_6614-6048-7126-6560,1,0,0,0,0,0,0,0,0
GQPUDQWGH_6950-5029-7462-5541,1,0,0,0,0,0,0,0,0
GQPUDQWGH_6950-8101-7462-8613,1,0,0,0,0,0,0,0,0
GQPUDQWGH_6950-8613-7462-9125,1,0,0,0,0,0,0,0,0
GQPUDQWGH_6950-5541-7462-6053,1,0,0,0,0,0,0,0,0
GQPUDQWGH_6950-4517-7462-5029,1,0,0,0,0,0,0,0,0
GQPUDQWGH_7126-6048-7638-6560,1,0,0,0,0,0,0,0,0
GQPUDQWGH_7462-5541-7974-6053,1,0,0,0,0,0,0,0,0
GQPUDQWGH_7462-6053-7974-6565,1,0,0,0,0,0,0,0,0
GQPUDQWGH_7126-6560-7638-7072,1,0,0,0,0,0,0,0,0
GQPUDQWGH_7462-8613-7974-9125,1,0,0,0,0,0,0,0,0
GQPUDQWGH_7889-6093-8401-6605,1,0,0,0,0,0,0,0,0
GQPUDQWGH_840-2719-1352-3231,1,0,0,0,0,0,0,0,0
GQPUDQWGH_7462-6565-7974-7077,1,0,0,0,0,0,0,0,0
GQPUDQWGH_840-2207-1352-2719,1,0,0,0,0,0,0,0,0
GQPUDQWGH_7889-6605-8401-7117,1,0,0,0,0,0,0,0,0
GQPUDQWGH_949-5465-1461-5977,1,0,0,0,0,0,0,0,0
GQPUDQWGH_934-1974-1446-2486,1,0,0,0,0,0,0,0,0
GQPUDQWGH_949-5977-1461-6489,1,0,0,0,0,0,0,0,0
GTLUAY7IY_10211-11574-10723-12086,0,1,0,0,0,0,0,0,0
GTLUAY7IY_10732-16181-11244-16693,0,1,0,0,0,0,0,0,0
GTLUAY7IY_10243-12715-10755-13227,0,1,0,0,0,0,0,0,0
GTLUAY7IY_10396-16326-10908-16838,0,1,0,0,0,0,0,0,0
GTLUAY7IY_10088-8549-10600-9061,0,0,0,0,0,0,0,0,1
GTLUAY7IY_10396-15814-10908-16326,0,1,0,0,0,0,0,0,0
GTLUAY7IY_10755-12715-11267-13227,0,1,0,0,0,0,0,0,0
GTLUAY7IY_10807-11217-11319-11729,0,1,0,0,0,0,0,0,0
GTLUAY7IY_10785-12176-11297-12688,0,1,0,0,0,0,0,0,0
GTLUAY7IY_11542-10115-12054-10627,0,1,0,0,0,0,0,0,0
GTLUAY7IY_11244-16181-11756-16693,0,1,0,0,0,0,0,0,0
GTLUAY7IY_11317-15556-11829-16068,0,1,0,0,0,0,0,0,0
GTLUAY7IY_11317-15044-11829-15556,0,1,0,0,0,0,0,0,0
GTLUAY7IY_10896-9951-11408-10463,0,1,0,0,0,0,0,0,0
GTLUAY7IY_10904-2201-11416-2713,0,1,0,0,0,0,0,0,0
GTLUAY7IY_11662-12218-12174-12730,0,1,0,0,0,0,0,0,0
GTLUAY7IY_12054-10115-12566-10627,0,1,0,0,0,0,0,0,0
GTLUAY7IY_12054-10627-12566-11139,0,1,0,0,0,0,0,0,0
GTLUAY7IY_12054-9091-12566-9603,0,1,0,0,0,0,0,0,0
GTLUAY7IY_12108-12177-12620-12689,0,1,0,0,0,0,0,0,0
GTLUAY7IY_12566-10115-13078-10627,0,1,0,0,0,0,0,0,0
GTLUAY7IY_12054-9603-12566-10115,0,1,0,0,0,0,0,0,0
GTLUAY7IY_12566-10627-13078-11139,0,1,0,0,0,0,0,0,0
GTLUAY7IY_12057-12747-12569-13259,0,1,0,0,0,0,0,0,0
GTLUAY7IY_12566-9091-13078-9603,0,1,0,0,0,0,0,0,0
GTLUAY7IY_12566-11139-13078-11651,0,1,0,0,0,0,0,0,0
GTLUAY7IY_12057-13259-12569-13771,0,1,0,0,0,0,0,0,0
GTLUAY7IY_1445-5634-1957-6146,0,1,0,0,0,0,0,0,0
GTLUAY7IY_1445-5122-1957-5634,0,1,0,0,0,0,0,0,0
GTLUAY7IY_12566-9603-13078-10115,0,1,0,0,0,0,0,0,0
GTLUAY7IY_1445-4610-1957-5122,0,1,0,0,0,0,0,0,0
GTLUAY7IY_1970-6230-2482-6742,0,1,0,0,0,0,0,0,0
GTLUAY7IY_1376-4243-1888-4755,0,1,0,0,0,0,0,0,0
GTLUAY7IY_2324-4332-2836-4844,0,1,0,0,0,0,0,0,0
GTLUAY7IY_2678-5159-3190-5671,0,1,0,0,0,0,0,0,0
GTLUAY7IY_2563-4567-3075-5079,0,1,0,0,0,0,0,0,0
GTLUAY7IY_1970-6742-2482-7254,0,1,0,0,0,0,0,0,0
GTLUAY7IY_2190-5628-2702-6140,0,1,0,0,0,0,0,0,0
GTLUAY7IY_3226-4707-3738-5219,0,1,0,0,0,0,0,0,0
GTLUAY7IY_3497-10460-4009-10972,0,1,0,0,0,0,0,0,0
GTLUAY7IY_3709-8580-4221-9092,0,1,0,0,0,0,0,0,0
GTLUAY7IY_3703-3515-4215-4027,0,1,0,0,0,0,0,0,0
GTLUAY7IY_3871-1552-4383-2064,0,1,0,0,0,0,0,0,0
GTLUAY7IY_2875-4596-3387-5108,0,1,0,0,0,0,0,0,0
GTLUAY7IY_3752-8972-4264-9484,0,1,0,0,0,0,0,0,0
GTLUAY7IY_4317-10585-4829-11097,0,1,0,0,0,0,0,0,0
GTLUAY7IY_3871-2576-4383-3088,0,1,0,0,0,0,0,0,0
GTLUAY7IY_3871-2064-4383-2576,0,1,0,0,0,0,0,0,0
GTLUAY7IY_4383-1552-4895-2064,0,1,0,0,0,0,0,0,0
GTLUAY7IY_4338-3021-4850-3533,0,1,0,0,0,0,0,0,0
GTLUAY7IY_4338-3533-4850-4045,0,1,0,0,0,0,0,0,0
GTLUAY7IY_4383-2064-4895-2576,0,1,0,0,0,0,0,0,0
GTLUAY7IY_4517-4717-5029-5229,0,1,0,0,0,0,0,0,0
GTLUAY7IY_4459-8089-4971-8601,0,1,0,0,0,0,0,0,0
GTLUAY7IY_4383-2576-4895-3088,0,1,0,0,0,0,0,0,0
GTLUAY7IY_4764-3371-5276-3883,0,1,0,0,0,0,0,0,0
GTLUAY7IY_4611-4348-5123-4860,0,1,0,0,0,0,0,0,0
GTLUAY7IY_4685-7054-5197-7566,0,1,0,0,0,0,0,0,0
GTLUAY7IY_4710-8003-5222-8515,0,1,0,0,0,0,0,0,0
GTLUAY7IY_4685-6542-5197-7054,0,1,0,0,0,0,0,0,0
GTLUAY7IY_4531-2250-5043-2762,0,1,0,0,0,0,0,0,0
GTLUAY7IY_4753-10751-5265-11263,0,1,0,0,0,0,0,0,0
GTLUAY7IY_4764-3883-5276-4395,0,1,0,0,0,0,0,0,0
GTLUAY7IY_5100-2206-5612-2718,0,1,0,0,0,0,0,0,0
GTLUAY7IY_5100-1694-5612-2206,0,1,0,0,0,0,0,0,0
GTLUAY7IY_5086-2814-5598-3326,0,1,0,0,0,0,0,0,0
GTLUAY7IY_5075-8654-5587-9166,0,1,0,0,0,0,0,0,0
GTLUAY7IY_5411-12012-5923-12524,0,1,0,0,0,0,0,0,0
GTLUAY7IY_5427-2706-5939-3218,0,1,0,0,0,0,0,0,0
GTLUAY7IY_5612-1694-6124-2206,0,1,0,0,0,0,0,0,0
GTLUAY7IY_6093-3675-6605-4187,0,1,0,0,0,0,0,0,0
GTLUAY7IY_5595-3787-6107-4299,0,1,0,0,0,0,0,0,0
GTLUAY7IY_5492-682-6004-1194,0,1,0,0,0,0,0,0,0
GTLUAY7IY_6093-2651-6605-3163,0,1,0,0,0,0,0,0,0
GTLUAY7IY_6113-1290-6625-1802,0,1,0,0,0,0,0,0,0
GTLUAY7IY_6005-12551-6517-13063,0,1,0,0,0,0,0,0,0
GTLUAY7IY_6093-3163-6605-3675,0,1,0,0,0,0,0,0,0
GTLUAY7IY_6113-1802-6625-2314,0,1,0,0,0,0,0,0,0
GTLUAY7IY_6093-4187-6605-4699,0,1,0,0,0,0,0,0,0
GTLUAY7IY_6113-2314-6625-2826,0,1,0,0,0,0,0,0,0
GTLUAY7IY_6113-778-6625-1290,0,1,0,0,0,0,0,0,0
GTLUAY7IY_6135-14289-6647-14801,0,1,0,0,0,0,0,0,0
GTLUAY7IY_6378-2650-6890-3162,0,1,0,0,0,0,0,0,0
GTLUAY7IY_6378-3674-6890-4186,0,1,0,0,0,0,0,0,0
GTLUAY7IY_6323-11695-6835-12207,0,1,0,0,0,0,0,0,0
GTLUAY7IY_6378-3162-6890-3674,0,1,0,0,0,0,0,0,0
GTLUAY7IY_6526-2353-7038-2865,0,1,0,0,0,0,0,0,0
GTLUAY7IY_6489-7411-7001-7923,0,1,0,0,0,0,0,0,0
GTLUAY7IY_6526-3377-7038-3889,0,1,0,0,0,0,0,0,0
GTLUAY7IY_6517-12551-7029-13063,0,1,0,0,0,0,0,0,0
GTLUAY7IY_6526-2865-7038-3377,0,1,0,0,0,0,0,0,0
GTLUAY7IY_7074-12605-7586-13117,0,1,0,0,0,0,0,0,0
GTLUAY7IY_6489-7923-7001-8435,0,1,0,0,0,0,0,0,0
GTLUAY7IY_7038-3377-7550-3889,0,1,0,0,0,0,0,0,0
GTLUAY7IY_6625-1802-7137-2314,0,1,0,0,0,0,0,0,0
GTLUAY7IY_6625-778-7137-1290,0,1,0,0,0,0,0,0,0
GTLUAY7IY_7038-2865-7550-3377,0,1,0,0,0,0,0,0,0
GTLUAY7IY_7074-13117-7586-13629,0,1,0,0,0,0,0,0,0
GTLUAY7IY_7137-1290-7649-1802,0,1,0,0,0,0,0,0,0
GTLUAY7IY_7137-1802-7649-2314,0,1,0,0,0,0,0,0,0
GTLUAY7IY_7137-778-7649-1290,0,1,0,0,0,0,0,0,0
GTLUAY7IY_7137-2314-7649-2826,0,1,0,0,0,0,0,0,0
GTLUAY7IY_7527-2583-8039-3095,0,1,0,0,0,0,0,0,0
GTLUAY7IY_7586-12605-8098-13117,0,1,0,0,0,0,0,0,0
GTLUAY7IY_7717-15113-8229-15625,0,1,0,0,0,0,0,0,0
GTLUAY7IY_7745-7365-8257-7877,0,1,0,0,0,0,0,0,0
GTLUAY7IY_7745-7877-8257-8389,0,1,0,0,0,0,0,0,0
GTLUAY7IY_7586-13117-8098-13629,0,1,0,0,0,0,0,0,0
GTLUAY7IY_7872-13534-8384-14046,0,1,0,0,0,0,0,0,0
GTLUAY7IY_7745-8389-8257-8901,0,1,0,0,0,0,0,0,0
GTLUAY7IY_7717-15625-8229-16137,0,1,0,0,0,0,0,0,0
GTLUAY7IY_8032-4565-8544-5077,0,1,0,0,0,0,0,0,0
GTLUAY7IY_8032-4053-8544-4565,0,1,0,0,0,0,0,0,0
GTLUAY7IY_7912-8699-8424-9211,0,1,0,0,0,0,0,0,0
GTLUAY7IY_7912-9211-8424-9723,0,1,0,0,0,0,0,0,0
GTLUAY7IY_8061-6818-8573-7330,0,1,0,0,0,0,0,0,0
GTLUAY7IY_8171-12998-8683-13510,0,1,0,0,0,0,0,0,0
GTLUAY7IY_8171-13510-8683-14022,0,1,0,0,0,0,0,0,0
GTLUAY7IY_8190-3404-8702-3916,0,1,0,0,0,0,0,0,0
GTLUAY7IY_8190-2892-8702-3404,0,1,0,0,0,0,0,0,0
GTLUAY7IY_8257-7365-8769-7877,0,1,0,0,0,0,0,0,0
GTLUAY7IY_8257-7877-8769-8389,0,1,0,0,0,0,0,0,0
GTLUAY7IY_8406-6541-8918-7053,0,1,0,0,0,0,0,0,0
GTLUAY7IY_8424-9211-8936-9723,0,1,0,0,0,0,0,0,0
GTLUAY7IY_8424-8699-8936-9211,0,1,0,0,0,0,0,0,0
GTLUAY7IY_8683-12998-9195-13510,0,1,0,0,0,0,0,0,0
GTLUAY7IY_8257-8389-8769-8901,0,1,0,0,0,0,0,0,0
GTLUAY7IY_8457-7738-8969-8250,0,1,0,0,0,0,0,0,0
GTLUAY7IY_8683-13510-9195-14022,0,1,0,0,0,0,0,0,0
GTLUAY7IY_8702-3404-9214-3916,0,1,0,0,0,0,0,0,0
GTLUAY7IY_9001-906-9513-1418,0,1,0,0,0,0,0,0,0
GTLUAY7IY_8702-2892-9214-3404,0,1,0,0,0,0,0,0,0
GTLUAY7IY_9035-13017-9547-13529,0,1,0,0,0,0,0,0,0
GTLUAY7IY_9035-13529-9547-14041,0,1,0,0,0,0,0,0,0
GTLUAY7IY_9149-11251-9661-11763,0,1,0,0,0,0,0,0,0
GTLUAY7IY_9320-3061-9832-3573,0,1,0,0,0,0,0,0,0
GTLUAY7IY_9149-12275-9661-12787,0,1,0,0,0,0,0,0,0
GTLUAY7IY_9149-11763-9661-12275,0,1,0,0,0,0,0,0,0
GTLUAY7IY_9035-14041-9547-14553,0,1,0,0,0,0,0,0,0
GTLUAY7IY_9661-11251-10173-11763,0,1,0,0,0,0,0,0,0
GTLUAY7IY_9334-2629-9846-3141,0,1,0,0,0,0,0,0,0
GTLUAY7IY_9576-8549-10088-9061,0,0,0,0,0,0,0,0,1
GUX4LGAQM_1132-4365-1644-4877,0,0,1,0,0,0,0,0,0
GTLUAY7IY_9661-11763-10173-12275,0,1,0,0,0,0,0,0,0
GUX4LGAQM_1161-1546-1673-2058,0,0,0,0,1,0,0,0,0
GUX4LGAQM_1108-856-1620-1368,0,0,0,0,1,0,0,0,0
GUX4LGAQM_1108-2257-1620-2769,0,0,0,0,1,0,0,0,0
GUX4LGAQM_1229-3691-1741-4203,0,0,0,0,1,0,0,0,0
GTLUAY7IY_9661-12275-10173-12787,0,1,0,0,0,0,0,0,0
GUX4LGAQM_1644-4365-2156-4877,0,0,1,0,0,0,0,0,0
GUX4LGAQM_1338-2954-1850-3466,0,0,0,0,1,0,0,0,0
GUX4LGAQM_2156-4365-2668-4877,0,0,1,0,0,0,0,0,0
GUX4LGAQM_2668-4365-3180-4877,0,0,1,0,0,0,0,0,0
GUX4LGAQM_4204-4365-4716-4877,0,0,1,0,0,0,0,0,0
GUX4LGAQM_4716-4365-5228-4877,0,0,1,0,0,0,0,0,0
GUX4LGAQM_3692-4365-4204-4877,0,0,1,0,0,0,0,0,0
GUX4LGAQM_3180-4365-3692-4877,0,0,1,0,0,0,0,0,0
GUX4LGAQM_5104-3283-5616-3795,0,0,0,0,1,0,0,0,0
GUX4LGAQM_5578-1816-6090-2328,0,0,0,0,1,0,0,0,0
GUX4LGAQM_5066-1816-5578-2328,0,0,0,0,1,0,0,0,0
GUX4LGAQM_5422-3956-5934-4468,0,0,0,0,1,0,0,0,0
GUX4LGAQM_5616-3283-6128-3795,0,0,0,0,1,0,0,0,0
GUX4LGAQM_5740-4365-6252-4877,0,0,1,0,1,0,0,0,0
GUX4LGAQM_5383-1116-5895-1628,0,0,0,0,1,0,0,0,0
GUX4LGAQM_5228-4365-5740-4877,0,0,1,0,1,0,0,0,0
GUX4LGAQM_5416-2527-5928-3039,0,0,0,0,1,0,0,0,0
GUX4LGAQM_620-4365-1132-4877,0,0,1,0,0,0,0,0,0
GUX4LGAQM_826-2954-1338-3466,0,0,0,0,1,0,0,0,0
GUX4LGAQM_717-3691-1229-4203,0,0,0,0,1,0,0,0,0
GVRYVNJLN_13916-4772-14428-5284,0,1,0,0,0,0,0,0,0
GVRYVNJLN_4692-3139-5204-3651,0,1,0,0,0,0,0,0,0
GVRYVNJLN_14940-3748-15452-4260,0,1,0,0,0,0,0,0,0
GVRYVNJLN_14428-4772-14940-5284,0,1,0,0,0,0,0,0,0
GVRYVNJLN_14428-4260-14940-4772,0,1,0,0,0,0,0,0,0
GVRYVNJLN_14940-4260-15452-4772,0,1,0,0,0,0,0,0,0
GVRYVNJLN_5217-2982-5729-3494,0,1,0,0,0,0,0,0,0
GX8FJBBUA_1012-665-1524-1177,0,0,1,0,0,0,0,0,0
GVRYVNJLN_9295-1115-9807-1627,0,1,0,0,0,0,0,0,0
GVRYVNJLN_5389-3470-5901-3982,0,1,0,0,0,0,0,0,0
GVRYVNJLN_5729-2982-6241-3494,0,1,0,0,0,0,0,0,0
GVRYVNJLN_8311-2877-8823-3389,0,1,0,0,0,0,0,0,0
GVRYVNJLN_4987-3342-5499-3854,0,1,0,0,0,0,0,0,0
GVRYVNJLN_9295-603-9807-1115,0,1,0,0,0,0,0,0,0
GX8FJBBUA_2907-2410-3419-2922,0,0,1,0,0,0,0,0,0
GX8FJBBUA_3096-722-3608-1234,0,0,1,0,0,0,0,0,0
GX8FJBBUA_3592-2272-4104-2784,0,0,1,0,0,0,0,0,0
GX8FJBBUA_3829-718-4341-1230,0,0,1,0,0,0,0,0,0
GYEP3CYKA_5850-1467-6362-1979,0,1,0,0,0,0,0,0,0
GYEP3CYKA_6362-1979-6874-2491,0,1,0,0,0,0,0,0,0
GYEP3CYKA_6602-8259-7114-8771,0,1,0,0,0,0,0,0,0
GYEP3CYKA_6362-1467-6874-1979,0,1,0,0,0,0,0,0,0
GYEP3CYKA_6383-3656-6895-4168,0,1,0,0,0,0,0,0,0
GYEP3CYKA_6372-4662-6884-5174,0,1,0,0,0,0,0,0,0
GYYW4VFTD_2172-4293-2684-4805,0,0,0,1,0,0,0,0,0
GYEP3CYKA_9047-4112-9559-4624,0,1,0,0,0,0,0,0,0
GYYW4VFTD_1656-4943-2168-5455,0,0,0,1,0,0,0,0,0
GYEP3CYKA_9047-4624-9559-5136,0,1,0,0,0,0,0,0,0
GYYW4VFTD_2289-6698-2801-7210,0,0,0,1,0,0,0,0,0
GYYW4VFTD_2289-6186-2801-6698,0,0,0,1,0,0,0,0,0
GYYW4VFTD_1859-5351-2371-5863,0,0,0,1,0,0,0,0,0
GYYW4VFTD_2180-5507-2692-6019,0,0,0,1,0,0,0,0,0
GYEP3CYKA_6749-3823-7261-4335,0,1,0,0,0,0,0,0,0
GYYW4VFTD_3057-1340-3569-1852,0,0,0,1,0,0,0,0,0
GYYW4VFTD_3057-1852-3569-2364,0,0,0,1,0,0,0,0,0
GYYW4VFTD_3057-828-3569-1340,0,0,0,1,0,0,0,0,0
GYYW4VFTD_3569-1340-4081-1852,0,0,0,1,0,0,0,0,0
GYYW4VFTD_3569-2364-4081-2876,0,0,0,1,0,0,0,0,0
GYYW4VFTD_3917-1328-4429-1840,0,0,0,1,0,0,0,0,0
GYYW4VFTD_3569-1852-4081-2364,0,0,0,1,0,0,0,0,0
GYYW4VFTD_3569-828-4081-1340,0,0,0,1,0,0,0,0,0
GYYW4VFTD_3917-1840-4429-2352,0,0,0,1,0,0,0,0,0
GYYW4VFTD_3929-7269-4441-7781,0,0,0,1,0,0,0,0,0
GYYW4VFTD_4429-1840-4941-2352,0,0,0,1,0,0,0,0,0
GYYW4VFTD_4429-5882-4941-6394,0,0,0,1,0,0,0,0,0
GYYW4VFTD_4459-7362-4971-7874,0,0,0,1,0,0,0,0,0
GYYW4VFTD_4459-6850-4971-7362,0,0,0,1,0,0,0,0,0
GYYW4VFTD_3929-6757-4441-7269,0,0,0,1,0,0,0,0,0
GYYW4VFTD_4470-4536-4982-5048,0,0,0,1,0,0,0,0,0
GYYW4VFTD_4470-5048-4982-5560,0,0,0,1,0,0,0,0,0
GYYW4VFTD_4429-1328-4941-1840,0,0,0,1,0,0,0,0,0
GYYW4VFTD_5401-1441-5913-1953,0,0,0,1,0,0,0,0,0
GYYW4VFTD_4927-5934-5439-6446,0,0,0,1,0,0,0,0,0
GYYW4VFTD_5401-1953-5913-2465,0,0,0,1,0,0,0,0,0
GYYW4VFTD_5929-1218-6441-1730,0,0,0,1,0,0,0,0,0
GYYW4VFTD_5401-929-5913-1441,0,0,0,1,0,0,0,0,0
GYYW4VFTD_6409-8420-6921-8932,0,0,0,1,0,0,0,0,0
GYYW4VFTD_6921-8420-7433-8932,0,0,0,1,0,0,0,0,0
GYYW4VFTD_5929-1730-6441-2242,0,0,0,1,0,0,0,0,0
GYYW4VFTD_8002-3202-8514-3714,0,0,0,1,0,0,0,0,0
GYYW4VFTD_8157-2975-8669-3487,0,0,0,1,0,0,0,0,0
GZ34JTZ7N_12821-1447-13333-1959,0,1,0,0,0,0,0,0,0
GZ34JTZ7N_12821-1959-13333-2471,0,1,0,0,0,0,0,0,0
GZ34JTZ7N_12480-7376-12992-7888,0,1,0,0,0,0,0,0,0
GYYW4VFTD_8198-1222-8710-1734,0,0,0,1,0,0,0,0,0
GYYW4VFTD_8002-3714-8514-4226,0,0,0,1,0,0,0,0,0
GZ34JTZ7N_12821-2471-13333-2983,0,1,0,0,0,0,0,0,0
GZ34JTZ7N_12821-3495-13333-4007,0,1,0,0,0,0,0,0,0
GZ34JTZ7N_12821-2983-13333-3495,0,1,0,0,0,0,0,0,0
GZ34JTZ7N_12821-4007-13333-4519,0,1,0,0,0,0,0,0,0
GZ34JTZ7N_12821-4519-13333-5031,0,1,0,0,0,0,0,0,0
GZ34JTZ7N_12821-5031-13333-5543,0,1,0,0,0,0,0,0,0
GZ34JTZ7N_12821-6567-13333-7079,0,1,0,0,0,0,0,0,0
GZ34JTZ7N_12821-5543-13333-6055,0,1,0,0,0,0,0,0,0
GZ34JTZ7N_12821-6055-13333-6567,0,1,0,0,0,0,0,0,0
GZ34JTZ7N_12821-7591-13333-8103,0,1,0,0,0,0,0,0,0
GZ34JTZ7N_12821-935-13333-1447,0,1,0,0,0,0,0,0,0
GZ34JTZ7N_13314-2489-13826-3001,0,1,0,0,0,0,0,0,0
GZ34JTZ7N_13314-3001-13826-3513,0,1,0,0,0,0,0,0,0
GZ34JTZ7N_13314-3513-13826-4025,0,1,0,0,0,0,0,0,0
GZ34JTZ7N_12821-7079-13333-7591,0,1,0,0,0,0,0,0,0
GZ34JTZ7N_13314-1465-13826-1977,0,1,0,0,0,0,0,0,0
GZ34JTZ7N_13314-1977-13826-2489,0,1,0,0,0,0,0,0,0
GZ34JTZ7N_13314-4537-13826-5049,0,1,0,0,0,0,0,0,0
GZ34JTZ7N_13314-4025-13826-4537,0,1,0,0,0,0,0,0,0
GZ34JTZ7N_13314-5561-13826-6073,0,1,0,0,0,0,0,0,0
GZ34JTZ7N_13314-5049-13826-5561,0,1,0,0,0,0,0,0,0
GZ34JTZ7N_13314-6585-13826-7097,0,1,0,0,0,0,0,0,0
GZ34JTZ7N_13314-6073-13826-6585,0,1,0,0,0,0,0,0,0
GZ34JTZ7N_2240-2191-2752-2703,0,0,0,0,0,0,1,0,0
GZ34JTZ7N_13314-7609-13826-8121,0,1,0,0,0,0,0,0,0
GZ34JTZ7N_13314-953-13826-1465,0,1,0,0,0,0,0,0,0
GZ34JTZ7N_13314-7097-13826-7609,0,1,0,0,0,0,0,0,0
GZ34JTZ7N_16026-1568-16538-2080,0,1,0,0,0,0,0,0,0
GZ34JTZ7N_2779-3344-3291-3856,0,0,0,0,0,0,1,0,0
GZ34JTZ7N_2779-3856-3291-4368,0,0,0,0,0,0,1,0,0
GZ34JTZ7N_5236-2919-5748-3431,0,1,0,0,0,0,0,0,0
GZ34JTZ7N_4724-2919-5236-3431,0,1,0,0,0,0,0,0,0
GZ34JTZ7N_5446-1455-5958-1967,0,0,0,0,0,0,1,0,0
GZ34JTZ7N_5748-2919-6260-3431,0,1,0,0,0,0,0,0,0
GZ34JTZ7N_4212-2407-4724-2919,0,1,0,0,0,0,0,0,0
GZ34JTZ7N_4724-2407-5236-2919,0,1,0,0,0,0,0,0,0
GZ34JTZ7N_5958-1455-6470-1967,0,0,0,0,0,0,1,0,0
H23IIUGM7_2738-2998-3250-3510,0,0,1,0,0,0,0,0,0
H23IIUGM7_4461-635-4973-1147,0,0,1,0,0,0,0,0,0
H249F7IQG_4532-10043-5044-10555,0,0,0,1,0,0,0,0,0
H249F7IQG_1888-12068-2400-12580,0,0,0,1,0,0,0,0,0
H249F7IQG_7660-8285-8172-8797,0,0,1,0,0,0,0,0,0
H249F7IQG_8403-6552-8915-7064,0,0,1,0,0,0,0,0,0
H249F7IQG_4532-9531-5044-10043,0,0,0,1,0,0,0,0,0
H249F7IQG_6551-5302-7063-5814,0,0,1,0,0,0,0,0,0
H249F7IQG_7119-5455-7631-5967,0,0,1,0,0,0,0,0,0
H2I4AU9IL_4611-8551-5123-9063,0,0,0,0,0,0,0,0,1
H249F7IQG_8683-8487-9195-8999,0,0,1,0,0,0,0,0,0
H2I4AU9IL_6492-3545-7004-4057,0,0,0,0,0,0,0,0,1
H2I4AU9IL_4344-1277-4856-1789,0,0,0,0,0,0,0,0,1
H249F7IQG_8724-8153-9236-8665,0,0,1,0,0,0,0,0,0
H2I4AU9IL_4791-2313-5303-2825,0,0,0,0,0,0,0,0,1
H2I4AU9IL_6088-923-6600-1435,0,0,0,0,0,0,0,0,1
H2I4AU9IL_721-472-1233-984,0,0,0,0,0,0,0,0,1
H2I4AU9IL_4826-4014-5338-4526,0,0,0,0,0,0,0,0,1
H2I4AU9IL_7629-3550-8141-4062,0,0,0,0,0,0,0,0,1
H2I4AU9IL_8410-1597-8922-2109,0,0,0,0,0,0,0,0,1
H2I4AU9IL_8540-8577-9052-9089,0,0,0,0,0,0,0,0,1
H2I4AU9IL_8547-1815-9059-2327,0,0,0,0,0,0,0,0,1
H323IZBNR_5362-1699-5874-2211,1,0,0,0,0,0,0,0,0
H39M7YG87_3798-1818-4310-2330,0,0,0,0,0,0,0,0,1
H323IZBNR_5362-2723-5874-3235,1,0,0,0,0,0,0,0,0
H39M7YG87_2462-1255-2974-1767,0,0,0,0,0,0,0,0,1
H323IZBNR_5362-2211-5874-2723,1,0,0,0,0,0,0,0,0
H39M7YG87_1438-743-1950-1255,0,0,0,0,0,0,0,0,1
H39M7YG87_1950-1255-2462-1767,0,0,0,0,0,0,0,0,1
H39M7YG87_1483-1999-1995-2511,0,0,0,0,0,0,0,0,1
H39M7YG87_4822-1818-5334-2330,0,0,0,0,0,0,0,0,1
H39M7YG87_4310-1818-4822-2330,0,0,0,0,0,0,0,0,1
H39M7YG87_2462-1767-2974-2279,0,0,0,0,0,0,0,0,1
H39M7YG87_6256-1795-6768-2307,0,0,0,0,0,0,0,0,1
H39M7YG87_6587-1659-7099-2171,0,0,0,0,0,0,0,0,1
H39M7YG87_7099-1147-7611-1659,0,0,0,0,0,0,0,0,1
H39M7YG87_7611-1147-8123-1659,0,0,0,0,0,0,0,0,1
H39M7YG87_7509-2084-8021-2596,0,0,0,0,0,0,0,0,1
H39M7YG87_7611-635-8123-1147,0,0,0,0,0,0,0,0,1
H39M7YG87_8128-1706-8640-2218,0,0,0,0,0,0,0,0,1
H3KVV7WRI_12344-3382-12856-3894,0,1,0,0,0,0,0,0,0
H3KVV7WRI_10209-7708-10721-8220,0,1,0,0,0,0,0,0,0
H3KVV7WRI_10209-7196-10721-7708,0,1,0,0,0,0,0,0,0
H3KVV7WRI_10330-4124-10842-4636,0,1,0,0,0,0,0,0,0
H3KVV7WRI_10330-4636-10842-5148,0,1,0,0,0,0,0,0,0
H3KVV7WRI_11832-3382-12344-3894,0,1,0,0,0,0,0,0,0
H3KVV7WRI_12344-3894-12856-4406,0,1,0,0,0,0,0,0,0
H3KVV7WRI_10209-6684-10721-7196,0,1,0,0,0,0,0,0,0
H3KVV7WRI_10330-5148-10842-5660,0,1,0,0,0,0,0,0,0
H3KVV7WRI_10330-5660-10842-6172,0,1,0,0,0,0,0,0,0
H3KVV7WRI_11832-3894-12344-4406,0,1,0,0,0,0,0,0,0
H3KVV7WRI_12856-2870-13368-3382,0,1,0,0,0,0,0,0,0
H3KVV7WRI_12856-3894-13368-4406,0,1,0,0,0,0,0,0,0
H3KVV7WRI_12856-3382-13368-3894,0,1,0,0,0,0,0,0,0
H3KVV7WRI_13368-2870-13880-3382,0,1,0,0,0,0,0,0,0
H3KVV7WRI_13368-3382-13880-3894,0,1,0,0,0,0,0,0,0
H3KVV7WRI_1393-4656-1905-5168,0,1,0,0,0,0,0,0,0
H3KVV7WRI_1393-5168-1905-5680,0,1,0,0,0,0,0,0,0
H3KVV7WRI_14648-4079-15160-4591,0,1,0,0,0,0,0,0,0
H3KVV7WRI_14648-3567-15160-4079,0,1,0,0,0,0,0,0,0
H3KVV7WRI_15160-4079-15672-4591,0,1,0,0,0,0,0,0,0
H3KVV7WRI_16184-4079-16696-4591,0,1,0,0,0,0,0,0,0
H3KVV7WRI_15160-3567-15672-4079,0,1,0,0,0,0,0,0,0
H3KVV7WRI_15672-3567-16184-4079,0,1,0,0,0,0,0,0,0
H3KVV7WRI_16696-3567-17208-4079,0,1,0,0,0,0,0,0,0
H3KVV7WRI_15672-4079-16184-4591,0,1,0,0,0,0,0,0,0
H3KVV7WRI_16696-4079-17208-4591,0,1,0,0,0,0,0,0,0
H3KVV7WRI_16184-3567-16696-4079,0,1,0,0,0,0,0,0,0
H3KVV7WRI_17208-3567-17720-4079,0,1,0,0,0,0,0,0,0
H3KVV7WRI_17208-4079-17720-4591,0,1,0,0,0,0,0,0,0
H3KVV7WRI_17607-3991-18119-4503,0,1,0,0,0,0,0,0,0
H3KVV7WRI_17607-3479-18119-3991,0,1,0,0,0,0,0,0,0
H3KVV7WRI_18119-3991-18631-4503,0,1,0,0,0,0,0,0,0
H3KVV7WRI_18119-3479-18631-3991,0,1,0,0,0,0,0,0,0
H3KVV7WRI_19278-2912-19790-3424,0,1,0,0,0,0,0,0,0
H3KVV7WRI_18631-3479-19143-3991,0,1,0,0,0,0,0,0,0
H3KVV7WRI_18766-2912-19278-3424,0,1,0,0,0,0,0,0,0
H3KVV7WRI_19278-3424-19790-3936,0,1,0,0,0,0,0,0,0
H3KVV7WRI_1905-4656-2417-5168,0,1,0,0,0,0,0,0,0
H3KVV7WRI_19278-3936-19790-4448,0,1,0,0,0,0,0,0,0
H3KVV7WRI_1905-5168-2417-5680,0,1,0,0,0,0,0,0,0
H3KVV7WRI_19790-2912-20302-3424,0,1,0,0,0,0,0,0,0
H3KVV7WRI_20537-2146-21049-2658,0,1,0,0,0,0,0,0,0
H3KVV7WRI_19790-3936-20302-4448,0,1,0,0,0,0,0,0,0
H3KVV7WRI_20537-2658-21049-3170,0,1,0,0,0,0,0,0,0
H3KVV7WRI_19790-3424-20302-3936,0,1,0,0,0,0,0,0,0
H3KVV7WRI_20537-1634-21049-2146,0,1,0,0,0,0,0,0,0
H3KVV7WRI_21049-1634-21561-2146,0,1,0,0,0,0,0,0,0
H3KVV7WRI_21561-1634-22073-2146,0,1,0,0,0,0,0,0,0
H3KVV7WRI_21049-3170-21561-3682,0,1,0,0,0,0,0,0,0
H3KVV7WRI_21561-2146-22073-2658,0,1,0,0,0,0,0,0,0
H3KVV7WRI_21561-3170-22073-3682,0,1,0,0,0,0,0,0,0
H3KVV7WRI_22073-2658-22585-3170,0,1,0,0,0,0,0,0,0
H3KVV7WRI_22328-1410-22840-1922,0,1,0,0,0,0,0,0,0
H3KVV7WRI_22073-2146-22585-2658,0,1,0,0,0,0,0,0,0
H3KVV7WRI_21816-1410-22328-1922,0,1,0,0,0,0,0,0,0
H3KVV7WRI_22073-1634-22585-2146,0,1,0,0,0,0,0,0,0
H3KVV7WRI_22328-1922-22840-2434,0,1,0,0,0,0,0,0,0
H3KVV7WRI_22073-3170-22585-3682,0,1,0,0,0,0,0,0,0
H3KVV7WRI_22646-2817-23158-3329,0,1,0,0,0,0,0,0,0
H3KVV7WRI_22646-1793-23158-2305,0,1,0,0,0,0,0,0,0
H3KVV7WRI_22840-1410-23352-1922,0,1,0,0,0,0,0,0,0
H3KVV7WRI_23158-1793-23670-2305,0,1,0,0,0,0,0,0,0
H3KVV7WRI_23352-1410-23864-1922,0,1,0,0,0,0,0,0,0
H3KVV7WRI_23158-2817-23670-3329,0,1,0,0,0,0,0,0,0
H3KVV7WRI_23670-2817-24182-3329,0,1,0,0,0,0,0,0,0
H3KVV7WRI_23670-2305-24182-2817,0,1,0,0,0,0,0,0,0
H3KVV7WRI_23670-1793-24182-2305,0,1,0,0,0,0,0,0,0
H3KVV7WRI_24182-1281-24694-1793,0,1,0,0,0,0,0,0,0
H3KVV7WRI_24182-1793-24694-2305,0,1,0,0,0,0,0,0,0
H3KVV7WRI_24694-1793-25206-2305,0,1,0,0,0,0,0,0,0
H3KVV7WRI_2432-5558-2944-6070,0,1,0,0,0,0,0,0,0
H3KVV7WRI_24887-2780-25399-3292,0,1,0,0,0,0,0,0,0
H3KVV7WRI_24887-3292-25399-3804,0,1,0,0,0,0,0,0,0
H3KVV7WRI_24182-2305-24694-2817,0,1,0,0,0,0,0,0,0
H3KVV7WRI_24887-2268-25399-2780,0,1,0,0,0,0,0,0,0
H3KVV7WRI_24694-1281-25206-1793,0,1,0,0,0,0,0,0,0
H3KVV7WRI_25770-2102-26282-2614,0,1,0,0,0,0,0,0,0
H3KVV7WRI_25770-1590-26282-2102,0,1,0,0,0,0,0,0,0
H3KVV7WRI_26794-2102-27306-2614,0,1,0,0,0,0,0,0,0
H3KVV7WRI_26794-1078-27306-1590,0,1,0,0,0,0,0,0,0
H3KVV7WRI_26282-1078-26794-1590,0,1,0,0,0,0,0,0,0
H3KVV7WRI_26282-2102-26794-2614,0,1,0,0,0,0,0,0,0
H3KVV7WRI_27306-1078-27818-1590,0,1,0,0,0,0,0,0,0
H3KVV7WRI_27306-1590-27818-2102,0,1,0,0,0,0,0,0,0
H3KVV7WRI_27306-2102-27818-2614,0,1,0,0,0,0,0,0,0
H3KVV7WRI_27914-1255-28426-1767,0,1,0,0,0,0,0,0,0
H3KVV7WRI_27914-2791-28426-3303,0,1,0,0,0,0,0,0,0
H3KVV7WRI_27914-2279-28426-2791,0,1,0,0,0,0,0,0,0
H3KVV7WRI_28426-1255-28938-1767,0,1,0,0,0,0,0,0,0
H3KVV7WRI_27818-1590-28330-2102,0,1,0,0,0,0,0,0,0
H3KVV7WRI_28938-1767-29450-2279,0,1,0,0,0,0,0,0,0
H3KVV7WRI_28426-1767-28938-2279,0,1,0,0,0,0,0,0,0
H3KVV7WRI_28938-1255-29450-1767,0,1,0,0,0,0,0,0,0
H3KVV7WRI_28426-2791-28938-3303,0,1,0,0,0,0,0,0,0
H3KVV7WRI_28426-2279-28938-2791,0,1,0,0,0,0,0,0,0
H3KVV7WRI_2944-5046-3456-5558,0,1,0,0,0,0,0,0,0
H3KVV7WRI_2944-4022-3456-4534,0,1,0,0,0,0,0,0,0
H3KVV7WRI_29450-1255-29962-1767,0,1,0,0,0,0,0,0,0
H3KVV7WRI_28938-2279-29450-2791,0,1,0,0,0,0,0,0,0
H3KVV7WRI_2944-5558-3456-6070,0,1,0,0,0,0,0,0,0
H3KVV7WRI_29962-1255-30474-1767,0,1,0,0,0,0,0,0,0
H3KVV7WRI_2960-3630-3472-4142,0,1,0,0,0,0,0,0,0
H3KVV7WRI_29450-1767-29962-2279,0,1,0,0,0,0,0,0,0
H3KVV7WRI_3456-5558-3968-6070,0,1,0,0,0,0,0,0,0
H3KVV7WRI_29962-743-30474-1255,0,1,0,0,0,0,0,0,0
H3KVV7WRI_29962-1767-30474-2279,0,1,0,0,0,0,0,0,0
H3KVV7WRI_3456-5046-3968-5558,0,1,0,0,0,0,0,0,0
H3KVV7WRI_3456-4022-3968-4534,0,1,0,0,0,0,0,0,0
H3KVV7WRI_3710-6145-4222-6657,0,1,0,0,0,0,0,0,0
H3KVV7WRI_30474-743-30986-1255,0,1,0,0,0,0,0,0,0
H3KVV7WRI_3472-3630-3984-4142,0,1,0,0,0,0,0,0,0
H3KVV7WRI_30474-1255-30986-1767,0,1,0,0,0,0,0,0,0
H3KVV7WRI_3710-6657-4222-7169,0,1,0,0,0,0,0,0,0
H3KVV7WRI_3968-4534-4480-5046,0,1,0,0,0,0,0,0,0
H3KVV7WRI_3968-4022-4480-4534,0,1,0,0,0,0,0,0,0
H3KVV7WRI_3968-5046-4480-5558,0,1,0,0,0,0,0,0,0
H3KVV7WRI_3968-5558-4480-6070,0,1,0,0,0,0,0,0,0
H3KVV7WRI_3984-3630-4496-4142,0,1,0,0,0,0,0,0,0
H3KVV7WRI_4222-7169-4734-7681,0,1,0,0,0,0,0,0,0
H3KVV7WRI_4480-4534-4992-5046,0,1,0,0,0,0,0,0,0
H3KVV7WRI_4222-6145-4734-6657,0,1,0,0,0,0,0,0,0
H3KVV7WRI_4885-3227-5397-3739,0,1,0,0,0,0,0,0,0
H3KVV7WRI_4885-4251-5397-4763,0,1,0,0,0,0,0,0,0
H3KVV7WRI_4734-7169-5246-7681,0,1,0,0,0,0,0,0,0
H3KVV7WRI_4480-5558-4992-6070,0,1,0,0,0,0,0,0,0
H3KVV7WRI_4992-4534-5504-5046,0,1,0,0,0,0,0,0,0
H3KVV7WRI_4885-6299-5397-6811,0,1,0,0,0,0,0,0,0
H3KVV7WRI_4885-5787-5397-6299,0,1,0,0,0,0,0,0,0
H3KVV7WRI_5397-3739-5909-4251,0,1,0,0,0,0,0,0,0
H3KVV7WRI_5397-3227-5909-3739,0,1,0,0,0,0,0,0,0
H3KVV7WRI_4992-5558-5504-6070,0,1,0,0,0,0,0,0,0
H3KVV7WRI_4992-3510-5504-4022,0,1,0,0,0,0,0,0,0
H3KVV7WRI_4885-6811-5397-7323,0,1,0,0,0,0,0,0,0
H3KVV7WRI_5397-5275-5909-5787,0,1,0,0,0,0,0,0,0
H3KVV7WRI_5246-7169-5758-7681,0,1,0,0,0,0,0,0,0
H3KVV7WRI_5397-4251-5909-4763,0,1,0,0,0,0,0,0,0
H3KVV7WRI_5397-6811-5909-7323,0,1,0,0,0,0,0,0,0
H3KVV7WRI_5397-5787-5909-6299,0,1,0,0,0,0,0,0,0
H3KVV7WRI_5397-6299-5909-6811,0,1,0,0,0,0,0,0,0
H3KVV7WRI_5504-4022-6016-4534,0,1,0,0,0,0,0,0,0
H3KVV7WRI_5504-5046-6016-5558,0,1,0,0,0,0,0,0,0
H3KVV7WRI_5504-5558-6016-6070,0,1,0,0,0,0,0,0,0
H3KVV7WRI_6016-4022-6528-4534,0,1,0,0,0,0,0,0,0
H3KVV7WRI_6016-3510-6528-4022,0,1,0,0,0,0,0,0,0
H3KVV7WRI_5909-3739-6421-4251,0,1,0,0,0,0,0,0,0
H3KVV7WRI_5504-3510-6016-4022,0,1,0,0,0,0,0,0,0
H3KVV7WRI_5909-4251-6421-4763,0,1,0,0,0,0,0,0,0
H3KVV7WRI_5909-5275-6421-5787,0,1,0,0,0,0,0,0,0
H3KVV7WRI_5758-7169-6270-7681,0,1,0,0,0,0,0,0,0
H3KVV7WRI_5909-4763-6421-5275,0,1,0,0,0,0,0,0,0
H3KVV7WRI_5758-6657-6270-7169,0,1,0,0,0,0,0,0,0
H3KVV7WRI_6016-4534-6528-5046,0,1,0,0,0,0,0,0,0
H3KVV7WRI_5909-3227-6421-3739,0,1,0,0,0,0,0,0,0
H3KVV7WRI_6016-5046-6528-5558,0,1,0,0,0,0,0,0,0
H3KVV7WRI_6292-8757-6804-9269,0,1,0,0,0,0,0,0,0
H3KVV7WRI_6292-9781-6804-10293,0,1,0,0,0,0,0,0,0
H3KVV7WRI_6292-9269-6804-9781,0,1,0,0,0,0,0,0,0
H3KVV7WRI_6421-5275-6933-5787,0,1,0,0,0,0,0,0,0
H3KVV7WRI_6421-4251-6933-4763,0,1,0,0,0,0,0,0,0
H3KVV7WRI_6421-7323-6933-7835,0,1,0,0,0,0,0,0,0
H3KVV7WRI_6804-9269-7316-9781,0,1,0,0,0,0,0,0,0
H3KVV7WRI_6421-3227-6933-3739,0,1,0,0,0,0,0,0,0
H3KVV7WRI_6421-4763-6933-5275,0,1,0,0,0,0,0,0,0
H3KVV7WRI_6421-5787-6933-6299,0,1,0,0,0,0,0,0,0
H3KVV7WRI_6421-3739-6933-4251,0,1,0,0,0,0,0,0,0
H3KVV7WRI_6804-10293-7316-10805,0,1,0,0,0,0,0,0,0
H3KVV7WRI_6933-3739-7445-4251,0,1,0,0,0,0,0,0,0
H3KVV7WRI_6804-11317-7316-11829,0,1,0,0,0,0,0,0,0
H3KVV7WRI_6933-3227-7445-3739,0,1,0,0,0,0,0,0,0
H3KVV7WRI_6933-4251-7445-4763,0,1,0,0,0,0,0,0,0
H3KVV7WRI_6804-9781-7316-10293,0,1,0,0,0,0,0,0,0
H3KVV7WRI_6933-5275-7445-5787,0,1,0,0,0,0,0,0,0
H3KVV7WRI_6933-5787-7445-6299,0,1,0,0,0,0,0,0,0
H3KVV7WRI_6933-6299-7445-6811,0,1,0,0,0,0,0,0,0
H3KVV7WRI_6933-6811-7445-7323,0,1,0,0,0,0,0,0,0
H3KVV7WRI_7445-5275-7957-5787,0,1,0,0,0,0,0,0,0
H3KVV7WRI_7316-10805-7828-11317,0,1,0,0,0,0,0,0,0
H3KVV7WRI_6933-7835-7445-8347,0,1,0,0,0,0,0,0,0
H3KVV7WRI_7445-4763-7957-5275,0,1,0,0,0,0,0,0,0
H3KVV7WRI_7445-4251-7957-4763,0,1,0,0,0,0,0,0,0
H3KVV7WRI_7316-9781-7828-10293,0,1,0,0,0,0,0,0,0
H3KVV7WRI_6933-7323-7445-7835,0,1,0,0,0,0,0,0,0
H3KVV7WRI_7445-7835-7957-8347,0,1,0,0,0,0,0,0,0
H3KVV7WRI_7316-11317-7828-11829,0,1,0,0,0,0,0,0,0
H3KVV7WRI_7828-11317-8340-11829,0,1,0,0,0,0,0,0,0
H3KVV7WRI_7445-7323-7957-7835,0,1,0,0,0,0,0,0,0
H3KVV7WRI_7828-10293-8340-10805,0,1,0,0,0,0,0,0,0
H3KVV7WRI_7828-9781-8340-10293,0,1,0,0,0,0,0,0,0
H3KVV7WRI_7957-4763-8469-5275,0,1,0,0,0,0,0,0,0
H3KVV7WRI_8282-4636-8794-5148,0,1,0,0,0,0,0,0,0
H3KVV7WRI_8282-5148-8794-5660,0,1,0,0,0,0,0,0,0
H3KVV7WRI_8794-4636-9306-5148,0,1,0,0,0,0,0,0,0
H3KVV7WRI_9185-7196-9697-7708,0,1,0,0,0,0,0,0,0
H3KVV7WRI_9306-4636-9818-5148,0,1,0,0,0,0,0,0,0
H3KVV7WRI_9185-7708-9697-8220,0,1,0,0,0,0,0,0,0
H3KVV7WRI_8794-5148-9306-5660,0,1,0,0,0,0,0,0,0
H3KVV7WRI_9697-6684-10209-7196,0,1,0,0,0,0,0,0,0
H3KVV7WRI_931-6163-1443-6675,0,1,0,0,0,0,0,0,0
H3KVV7WRI_9185-8220-9697-8732,0,1,0,0,0,0,0,0,0
H3KVV7WRI_9306-5660-9818-6172,0,1,0,0,0,0,0,0,0
H3KVV7WRI_9697-7196-10209-7708,0,1,0,0,0,0,0,0,0
H3KVV7WRI_9306-6172-9818-6684,0,1,0,0,0,0,0,0,0
H3KVV7WRI_9818-4636-10330-5148,0,1,0,0,0,0,0,0,0
H3KVV7WRI_931-6675-1443-7187,0,1,0,0,0,0,0,0,0
H3KVV7WRI_9306-6684-9818-7196,0,1,0,0,0,0,0,0,0
H3KVV7WRI_9818-4124-10330-4636,0,1,0,0,0,0,0,0,0
H3KVV7WRI_9697-8220-10209-8732,0,1,0,0,0,0,0,0,0
H3KVV7WRI_9818-5660-10330-6172,0,1,0,0,0,0,0,0,0
H3KVV7WRI_9818-6172-10330-6684,0,1,0,0,0,0,0,0,0
H6VL47NEA_10344-496-10856-1008,1,0,0,0,0,0,0,0,0
H6VL47NEA_1580-7141-2092-7653,1,0,0,0,0,0,0,0,0
H6VL47NEA_1580-3045-2092-3557,1,0,0,0,0,0,0,0,0
H6VL47NEA_1068-7653-1580-8165,1,0,0,0,0,0,0,0,0
H6VL47NEA_1580-3557-2092-4069,1,0,0,0,0,0,0,0,0
H6VL47NEA_1068-485-1580-997,1,0,0,0,0,0,0,0,0
H6VL47NEA_2092-2533-2604-3045,1,0,0,0,0,0,0,0,0
H6VL47NEA_1580-485-2092-997,1,0,0,0,0,0,0,0,0
H6VL47NEA_2092-3045-2604-3557,1,0,0,0,0,0,0,0,0
H6VL47NEA_1580-5605-2092-6117,1,0,0,0,0,0,0,0,0
H6VL47NEA_1580-6117-2092-6629,1,0,0,0,0,0,0,0,0
H6VL47NEA_2092-2021-2604-2533,1,0,0,0,0,0,0,0,0
H6VL47NEA_2092-3557-2604-4069,1,0,0,0,0,0,0,0,0
H6VL47NEA_2092-1509-2604-2021,1,0,0,0,0,0,0,0,0
H6VL47NEA_1580-6629-2092-7141,1,0,0,0,0,0,0,0,0
H6VL47NEA_2092-4069-2604-4581,1,0,0,0,0,0,0,0,0
H6VL47NEA_2092-4581-2604-5093,1,0,0,0,0,0,0,0,0
H6VL47NEA_2269-760-2781-1272,1,0,0,0,0,0,0,0,0
H6VL47NEA_2092-485-2604-997,1,0,0,0,0,0,0,0,0
H6VL47NEA_2269-1272-2781-1784,1,0,0,0,0,0,0,0,0
H6VL47NEA_2781-760-3293-1272,1,0,0,0,0,0,0,0,0
H6VL47NEA_2092-5093-2604-5605,1,0,0,0,0,0,0,0,0
H6VL47NEA_2604-1509-3116-2021,1,0,0,0,0,0,0,0,0
H6VL47NEA_2092-997-2604-1509,1,0,0,0,0,0,0,0,0
H6VL47NEA_2781-1272-3293-1784,1,0,0,0,0,0,0,0,0
H6VL47NEA_2781-1784-3293-2296,1,0,0,0,0,0,0,0,0
H6VL47NEA_2604-997-3116-1509,1,0,0,0,0,0,0,0,0
H6VL47NEA_2604-485-3116-997,1,0,0,0,0,0,0,0,0
H6VL47NEA_2269-1784-2781-2296,1,0,0,0,0,0,0,0,0
H6VL47NEA_3620-1387-4132-1899,1,0,0,0,0,0,0,0,0
H6VL47NEA_3293-1272-3805-1784,1,0,0,0,0,0,0,0,0
H6VL47NEA_3293-1784-3805-2296,1,0,0,0,0,0,0,0,0
H6VL47NEA_3293-760-3805-1272,1,0,0,0,0,0,0,0,0
H6VL47NEA_3620-1899-4132-2411,1,0,0,0,0,0,0,0,0
H6VL47NEA_3620-2411-4132-2923,1,0,0,0,0,0,0,0,0
H6VL47NEA_3620-3947-4132-4459,1,0,0,0,0,0,0,0,0
H6VL47NEA_3620-875-4132-1387,1,0,0,0,0,0,0,0,0
H6VL47NEA_4167-1285-4679-1797,1,0,0,0,0,0,0,0,0
H6VL47NEA_3620-4459-4132-4971,1,0,0,0,0,0,0,0,0
H6VL47NEA_3620-2923-4132-3435,1,0,0,0,0,0,0,0,0
H6VL47NEA_4167-2309-4679-2821,1,0,0,0,0,0,0,0,0
H6VL47NEA_4167-5381-4679-5893,1,0,0,0,0,0,0,0,0
H6VL47NEA_3620-3435-4132-3947,1,0,0,0,0,0,0,0,0
H6VL47NEA_4167-2821-4679-3333,1,0,0,0,0,0,0,0,0
H6VL47NEA_4167-3333-4679-3845,1,0,0,0,0,0,0,0,0
H6VL47NEA_4167-4357-4679-4869,1,0,0,0,0,0,0,0,0
H6VL47NEA_4167-4869-4679-5381,1,0,0,0,0,0,0,0,0
H6VL47NEA_4167-3845-4679-4357,1,0,0,0,0,0,0,0,0
H6VL47NEA_4167-1797-4679-2309,1,0,0,0,0,0,0,0,0
H6VL47NEA_3747-558-4259-1070,1,0,0,0,0,0,0,0,0
H6VL47NEA_4167-5893-4679-6405,1,0,0,0,0,0,0,0,0
H6VL47NEA_4167-6405-4679-6917,1,0,0,0,0,0,0,0,0
H6VL47NEA_4167-6917-4679-7429,1,0,0,0,0,0,0,0,0
H6VL47NEA_4167-773-4679-1285,1,0,0,0,0,0,0,0,0
H6VL47NEA_4167-7941-4679-8453,1,0,0,0,0,0,0,0,0
H6VL47NEA_556-2533-1068-3045,1,0,0,0,0,0,0,0,0
H6VL47NEA_5191-7941-5703-8453,1,0,0,0,0,0,0,0,0
H6VL47NEA_556-1509-1068-2021,1,0,0,0,0,0,0,0,0
H6VL47NEA_4679-7941-5191-8453,1,0,0,0,0,0,0,0,0
H6VL47NEA_5191-773-5703-1285,1,0,0,0,0,0,0,0,0
H6VL47NEA_556-2021-1068-2533,1,0,0,0,0,0,0,0,0
H6VL47NEA_4679-773-5191-1285,1,0,0,0,0,0,0,0,0
H6VL47NEA_4167-7429-4679-7941,1,0,0,0,0,0,0,0,0
H6VL47NEA_556-4069-1068-4581,1,0,0,0,0,0,0,0,0
H6VL47NEA_556-3045-1068-3557,1,0,0,0,0,0,0,0,0
H6VL47NEA_556-3557-1068-4069,1,0,0,0,0,0,0,0,0
H6VL47NEA_556-4581-1068-5093,1,0,0,0,0,0,0,0,0
H6VL47NEA_556-485-1068-997,1,0,0,0,0,0,0,0,0
H6VL47NEA_556-5093-1068-5605,1,0,0,0,0,0,0,0,0
H6VL47NEA_556-5605-1068-6117,1,0,0,0,0,0,0,0,0
H6VL47NEA_5703-2821-6215-3333,1,0,0,0,0,0,0,0,0
H6VL47NEA_556-6117-1068-6629,1,0,0,0,0,0,0,0,0
H6VL47NEA_556-6629-1068-7141,1,0,0,0,0,0,0,0,0
H6VL47NEA_556-7141-1068-7653,1,0,0,0,0,0,0,0,0
H6VL47NEA_556-7653-1068-8165,1,0,0,0,0,0,0,0,0
H6VL47NEA_5703-3845-6215-4357,1,0,0,0,0,0,0,0,0
H6VL47NEA_5703-2309-6215-2821,1,0,0,0,0,0,0,0,0
H6VL47NEA_5703-5381-6215-5893,1,0,0,0,0,0,0,0,0
H6VL47NEA_556-997-1068-1509,1,0,0,0,0,0,0,0,0
H6VL47NEA_5703-3333-6215-3845,1,0,0,0,0,0,0,0,0
H6VL47NEA_5703-4869-6215-5381,1,0,0,0,0,0,0,0,0
H6VL47NEA_5703-1285-6215-1797,1,0,0,0,0,0,0,0,0
H6VL47NEA_5703-5893-6215-6405,1,0,0,0,0,0,0,0,0
H6VL47NEA_5703-4357-6215-4869,1,0,0,0,0,0,0,0,0
H6VL47NEA_5703-1797-6215-2309,1,0,0,0,0,0,0,0,0
H6VL47NEA_5703-6405-6215-6917,1,0,0,0,0,0,0,0,0
H6VL47NEA_5703-6917-6215-7429,1,0,0,0,0,0,0,0,0
H6VL47NEA_6527-1051-7039-1563,1,0,0,0,0,0,0,0,0
H6VL47NEA_5703-773-6215-1285,1,0,0,0,0,0,0,0,0
H6VL47NEA_6527-1563-7039-2075,1,0,0,0,0,0,0,0,0
H6VL47NEA_5703-7429-6215-7941,1,0,0,0,0,0,0,0,0
H6VL47NEA_6527-3099-7039-3611,1,0,0,0,0,0,0,0,0
H6VL47NEA_6527-5659-7039-6171,1,0,0,0,0,0,0,0,0
H6VL47NEA_6527-4635-7039-5147,1,0,0,0,0,0,0,0,0
H6VL47NEA_6527-2075-7039-2587,1,0,0,0,0,0,0,0,0
H6VL47NEA_6527-3611-7039-4123,1,0,0,0,0,0,0,0,0
H6VL47NEA_6527-4123-7039-4635,1,0,0,0,0,0,0,0,0
H6VL47NEA_5703-7941-6215-8453,1,0,0,0,0,0,0,0,0
H6VL47NEA_6527-2587-7039-3099,1,0,0,0,0,0,0,0,0
H6VL47NEA_6527-6171-7039-6683,1,0,0,0,0,0,0,0,0
H6VL47NEA_6527-5147-7039-5659,1,0,0,0,0,0,0,0,0
H6VL47NEA_6527-6683-7039-7195,1,0,0,0,0,0,0,0,0
H6VL47NEA_6527-7195-7039-7707,1,0,0,0,0,0,0,0,0
H6VL47NEA_6655-475-7167-987,1,0,0,0,0,0,0,0,0
H6VL47NEA_6527-7707-7039-8219,1,0,0,0,0,0,0,0,0
H6VL47NEA_7401-2846-7913-3358,1,0,0,0,0,0,0,0,0
H6VL47NEA_7401-2334-7913-2846,1,0,0,0,0,0,0,0,0
H6VL47NEA_7401-3358-7913-3870,1,0,0,0,0,0,0,0,0
H6VL47NEA_7401-1310-7913-1822,1,0,0,0,0,0,0,0,0
H6VL47NEA_7401-798-7913-1310,1,0,0,0,0,0,0,0,0
H6VL47NEA_7401-1822-7913-2334,1,0,0,0,0,0,0,0,0
H6VL47NEA_9832-496-10344-1008,1,0,0,0,0,0,0,0,0
H76F7DR3P_1479-2707-1991-3219,0,0,0,0,0,0,1,0,0
H6VL47NEA_7401-3870-7913-4382,1,0,0,0,0,0,0,0,0
H6VL47NEA_8808-496-9320-1008,1,0,0,0,0,0,0,0,0
H6VL47NEA_8204-496-8716-1008,1,0,0,0,0,0,0,0,0
H76F7DR3P_1479-3731-1991-4243,0,0,0,0,0,0,1,0,0
H6VL47NEA_9320-496-9832-1008,1,0,0,0,0,0,0,0,0
H76F7DR3P_348-1472-860-1984,0,0,0,0,0,0,1,0,0
H76F7DR3P_1479-3219-1991-3731,0,0,0,0,0,0,1,0,0
H76F7DR3P_424-1792-936-2304,0,0,0,0,0,0,1,0,0
H76F7DR3P_860-1984-1372-2496,0,0,0,0,0,0,1,0,0
H81VDMJW3_1194-7654-1706-8166,0,0,0,0,0,0,1,0,0
H81VDMJW3_1706-7654-2218-8166,0,0,0,0,0,0,1,0,0
H81VDMJW3_1706-8678-2218-9190,0,0,0,0,0,0,1,0,0
H81VDMJW3_2218-7142-2730-7654,0,0,0,0,0,0,1,0,0
H81VDMJW3_1194-8166-1706-8678,0,0,0,0,0,0,1,0,0
H81VDMJW3_2218-8678-2730-9190,0,0,0,0,0,0,1,0,0
H81VDMJW3_3242-7142-3754-7654,0,0,0,0,0,0,1,0,0
H81VDMJW3_2218-9190-2730-9702,0,0,0,0,0,0,1,0,0
H81VDMJW3_1706-9190-2218-9702,0,0,0,0,0,0,1,0,0
H81VDMJW3_2730-7142-3242-7654,0,0,0,0,0,0,1,0,0
H81VDMJW3_1194-8678-1706-9190,0,0,0,0,0,0,1,0,0
H81VDMJW3_2218-7654-2730-8166,0,0,0,0,0,0,1,0,0
H81VDMJW3_3242-7654-3754-8166,0,0,0,0,0,0,1,0,0
H81VDMJW3_3754-7654-4266-8166,0,0,0,0,0,0,1,0,0
H81VDMJW3_3754-7142-4266-7654,0,0,0,0,0,0,1,0,0
H81VDMJW3_2730-7654-3242-8166,0,0,0,0,0,0,1,0,0
H81VDMJW3_3754-8166-4266-8678,0,0,0,0,0,0,1,0,0
H81VDMJW3_4266-7142-4778-7654,0,0,0,0,0,0,1,0,0
H81VDMJW3_4778-7142-5290-7654,0,0,0,0,0,0,1,0,0
H81VDMJW3_5802-7654-6314-8166,0,0,0,0,0,0,1,0,0
H81VDMJW3_5802-7142-6314-7654,0,0,0,0,0,0,1,0,0
H81VDMJW3_5290-7142-5802-7654,0,0,0,0,0,0,1,0,0
H81VDMJW3_682-8166-1194-8678,0,0,0,0,0,0,1,0,0
H97ZXYERT_693-3466-1205-3978,0,0,0,1,0,0,0,0,0
H81VDMJW3_682-7654-1194-8166,0,0,0,0,0,0,1,0,0
H9972QPYU_2098-7592-2610-8104,0,0,0,1,0,0,0,0,0
H9972QPYU_2787-6867-3299-7379,0,0,0,1,0,0,0,0,0
H9972QPYU_3610-6277-4122-6789,0,0,0,1,0,0,0,0,0
H9I7QHGV3_4373-4057-4885-4569,0,0,0,0,0,0,1,0,0
H81VDMJW3_6314-7654-6826-8166,0,0,0,0,0,0,1,0,0
H9I7QHGV3_4885-4057-5397-4569,0,0,0,0,0,0,1,0,0
H9I7QHGV3_5397-4057-5909-4569,0,0,0,0,0,0,1,0,0
H9972QPYU_3626-7509-4138-8021,0,0,0,1,0,0,0,0,0
H9I7QHGV3_6717-4153-7229-4665,0,0,0,0,0,0,1,0,0
H9I7QHGV3_7229-4153-7741-4665,0,0,0,0,0,0,1,0,0
HANHW9AVN_1096-799-1608-1311,0,0,0,0,0,1,0,0,0
H9I7QHGV3_7741-4153-8253-4665,0,0,0,0,0,0,1,0,0
HAQ6TBUK8_4957-12814-5469-13326,0,0,0,0,0,1,0,0,0
HANHW9AVN_587-920-1099-1432,0,0,0,0,0,1,0,0,0
HANHW9AVN_5934-4517-6446-5029,0,0,0,0,0,0,0,0,1
HAQ6TBUK8_4445-12814-4957-13326,0,0,0,0,0,1,0,0,0
HAQ6TBUK8_5469-12814-5981-13326,0,0,0,0,0,1,0,0,0
HAQ6TBUK8_7679-381-8191-893,0,0,0,0,0,1,0,0,0
HAQ6TBUK8_6655-381-7167-893,0,0,0,0,0,1,0,0,0
HAQ6TBUK8_5856-12803-6368-13315,0,0,0,0,0,1,0,0,0
HAQ6TBUK8_3779-12811-4291-13323,0,0,0,0,0,1,0,0,0
HAQ6TBUK8_8703-381-9215-893,0,0,0,0,0,1,0,0,0
HAQ6TBUK8_7167-381-7679-893,0,0,0,0,0,1,0,0,0
HAQ6TBUK8_8191-381-8703-893,0,0,0,0,0,1,0,0,0
HCPWVQWQW_4451-1405-4963-1917,0,0,0,1,0,0,0,0,0
HCPWVQWQW_7159-896-7671-1408,0,0,1,0,0,0,0,0,0
HCPWVQWQW_7483-1035-7995-1547,0,0,1,0,0,0,0,0,0
HCPWVQWQW_7636-667-8148-1179,0,0,1,0,0,0,0,0,0
HCPWVQWQW_8005-5770-8517-6282,0,0,0,1,0,0,0,0,0
HCR2GZGFR_3262-8009-3774-8521,0,0,0,0,0,0,0,0,1
HCR2GZGFR_6451-8139-6963-8651,0,0,1,0,0,0,0,0,0
HCR2GZGFR_6204-7111-6716-7623,0,0,1,0,0,0,0,0,0
HCR2GZGFR_5226-6568-5738-7080,0,0,1,0,0,0,0,0,0
HCR2GZGFR_5772-7570-6284-8082,0,0,1,0,0,0,0,0,0
HCR2GZGFR_7513-8456-8025-8968,0,0,0,0,0,0,0,0,1
HCR2GZGFR_6397-7290-6909-7802,0,0,1,0,0,0,0,0,0
HCR2GZGFR_7244-9445-7756-9957,0,0,1,0,0,0,0,0,0
HCR2GZGFR_7198-6725-7710-7237,0,0,0,0,0,0,0,0,1
HCR2GZGFR_6574-1454-7086-1966,0,0,1,0,0,0,0,0,0
HCR2GZGFR_6464-1876-6976-2388,0,0,1,0,0,0,0,0,1
HCR2GZGFR_6632-2307-7144-2819,0,0,0,0,0,0,0,0,1
HCR2GZGFR_6611-6336-7123-6848,0,0,0,0,0,0,0,0,1
HCR2GZGFR_6915-5918-7427-6430,0,0,0,0,0,0,0,0,1
HCR2GZGFR_7279-8929-7791-9441,0,0,1,0,0,0,0,0,0
HCR2GZGFR_7621-7644-8133-8156,0,0,0,0,0,0,0,0,1
HCW67KPGY_10094-1055-10606-1567,0,0,0,0,0,0,1,0,0
HCW67KPGY_10181-2063-10693-2575,0,1,0,0,0,0,0,0,0
HCR2GZGFR_8452-6072-8964-6584,0,0,0,0,0,0,0,0,1
HCW67KPGY_10443-3013-10955-3525,0,1,0,0,0,0,0,0,0
HCW67KPGY_10181-3087-10693-3599,0,1,0,0,0,0,0,0,0
HCW67KPGY_10572-1848-11084-2360,0,1,0,0,0,0,0,0,0
HCW67KPGY_10693-3087-11205-3599,0,1,0,0,0,0,0,0,0
HCW67KPGY_10693-2575-11205-3087,0,1,0,0,0,0,0,0,0
HCW67KPGY_11118-1055-11630-1567,0,0,0,0,0,0,1,0,0
HCW67KPGY_1204-2024-1716-2536,0,1,0,0,0,0,0,0,0
HCW67KPGY_1204-1512-1716-2024,0,1,0,0,0,0,0,0,0
HCW67KPGY_10443-3525-10955-4037,0,1,0,0,0,0,0,0,0
HCW67KPGY_10693-2063-11205-2575,0,1,0,0,0,0,0,0,0
HCW67KPGY_12290-1848-12802-2360,0,1,0,0,0,0,0,0,0
HCW67KPGY_10181-2575-10693-3087,0,1,0,0,0,0,0,0,0
HCW67KPGY_11084-1848-11596-2360,0,1,0,0,0,0,0,0,0
HCW67KPGY_10606-1055-11118-1567,0,0,0,0,0,0,1,0,0
HCW67KPGY_12388-2118-12900-2630,0,1,0,0,0,0,0,0,0
HCW67KPGY_12388-2630-12900-3142,0,1,0,0,0,0,0,0,0
HCW67KPGY_12388-3654-12900-4166,0,1,0,0,0,0,0,0,0
HCW67KPGY_12388-3142-12900-3654,0,1,0,0,0,0,0,0,0
HCW67KPGY_12745-3737-13257-4249,0,1,0,0,0,0,0,0,0
HCW67KPGY_12388-4166-12900-4678,0,1,0,0,0,0,0,0,0
HCW67KPGY_12745-5785-13257-6297,0,0,0,0,0,0,1,0,0
HCW67KPGY_12745-5273-13257-5785,0,0,0,0,0,0,1,0,0
HCW67KPGY_12745-4761-13257-5273,0,0,0,0,0,0,1,0,0
HCW67KPGY_12878-12677-13390-13189,0,0,0,0,0,0,1,0,0
HCW67KPGY_12869-6728-13381-7240,0,0,0,0,0,0,1,0,0
HCW67KPGY_12806-9418-13318-9930,0,0,0,0,0,0,1,0,0
HCW67KPGY_12806-8906-13318-9418,0,0,0,0,0,0,1,0,0
HCW67KPGY_12806-9930-13318-10442,0,0,0,0,0,0,1,0,0
HCW67KPGY_12745-4249-13257-4761,0,1,0,0,0,0,0,0,0
HCW67KPGY_12806-8394-13318-8906,0,0,0,0,0,0,1,0,0
HCW67KPGY_12806-7882-13318-8394,0,0,0,0,0,0,1,0,0
HCW67KPGY_12869-7240-13381-7752,0,0,0,0,0,0,1,0,0
HCW67KPGY_12900-2118-13412-2630,0,1,0,0,0,0,0,0,0
HCW67KPGY_12900-3142-13412-3654,0,1,0,0,0,0,0,0,0
HCW67KPGY_13257-3225-13769-3737,0,1,0,0,0,0,0,0,0
HCW67KPGY_13257-4761-13769-5273,0,0,0,0,0,0,1,0,0
HCW67KPGY_13381-7240-13893-7752,0,0,0,0,0,0,1,0,0
HCW67KPGY_13769-3225-14281-3737,0,0,0,0,0,0,1,0,0
HCW67KPGY_13390-12677-13902-13189,0,0,0,0,0,0,1,0,0
HCW67KPGY_13412-2118-13924-2630,0,1,0,0,0,0,0,0,0
HCW67KPGY_13064-1529-13576-2041,0,1,0,0,0,0,0,0,0
HCW67KPGY_13893-7240-14405-7752,0,0,0,0,0,0,1,0,0
HCW67KPGY_13576-1529-14088-2041,0,1,0,0,0,0,0,0,0
HCW67KPGY_13412-2630-13924-3142,0,1,0,0,0,0,0,0,0
HCW67KPGY_13412-4166-13924-4678,0,0,0,0,0,0,1,0,0
HCW67KPGY_13769-4249-14281-4761,0,0,0,0,0,0,1,0,0
HCW67KPGY_14281-3225-14793-3737,0,0,0,0,0,0,1,0,0
HCW67KPGY_13902-12677-14414-13189,0,0,0,0,0,0,1,0,0
HCW67KPGY_14119-1824-14631-2336,0,1,0,0,0,0,0,0,0
HCW67KPGY_13769-3737-14281-4249,0,0,0,0,0,0,1,0,0
HCW67KPGY_14472-1006-14984-1518,0,1,0,0,0,0,0,0,0
HCW67KPGY_14414-12677-14926-13189,0,0,0,0,0,0,1,0,0
HCW67KPGY_14405-7240-14917-7752,0,0,0,0,0,0,1,0,0
HCW67KPGY_14472-2542-14984-3054,0,1,0,0,0,0,0,0,0
HCW67KPGY_14472-1518-14984-2030,0,1,0,0,0,0,0,0,0
HCW67KPGY_14472-2030-14984-2542,0,1,0,0,0,0,0,0,0
HCW67KPGY_14917-7240-15429-7752,0,0,0,0,0,0,1,0,0
HCW67KPGY_14472-3566-14984-4078,0,1,0,0,0,0,0,0,0
HCW67KPGY_15496-1006-16008-1518,0,1,0,0,0,0,0,0,0
HCW67KPGY_14926-12677-15438-13189,0,0,0,0,0,0,1,0,0
HCW67KPGY_14984-3566-15496-4078,0,1,0,0,0,0,0,0,0
HCW67KPGY_15429-7240-15941-7752,0,0,0,0,0,0,1,0,0
HCW67KPGY_14984-4078-15496-4590,0,1,0,0,0,0,0,0,0
HCW67KPGY_14984-1006-15496-1518,0,1,0,0,0,0,0,0,0
HCW67KPGY_15496-4078-16008-4590,0,1,0,0,0,0,0,0,0
HCW67KPGY_14472-3054-14984-3566,0,1,0,0,0,0,1,0,0
HCW67KPGY_16008-1006-16520-1518,0,1,0,0,0,0,0,0,0
HCW67KPGY_15941-7240-16453-7752,0,0,0,0,0,0,1,0,0
HCW67KPGY_16520-2030-17032-2542,0,1,0,0,0,0,0,0,0
HCW67KPGY_16453-6728-16965-7240,0,1,0,0,0,0,0,0,0
HCW67KPGY_16520-1006-17032-1518,0,1,0,0,0,0,0,0,0
HCW67KPGY_16008-4078-16520-4590,0,1,0,0,0,0,0,0,0
HCW67KPGY_16520-4078-17032-4590,0,1,0,0,0,0,0,0,0
HCW67KPGY_16520-1518-17032-2030,0,1,0,0,0,0,0,0,0
HCW67KPGY_16691-6024-17203-6536,0,1,0,0,0,0,0,0,0
HCW67KPGY_16551-548-17063-1060,0,1,0,0,0,0,0,0,0
HCW67KPGY_16520-2542-17032-3054,0,1,0,0,0,0,0,0,0
HCW67KPGY_16520-3054-17032-3566,0,1,0,0,0,0,0,0,0
HCW67KPGY_16520-3566-17032-4078,0,1,0,0,0,0,0,0,0
HCW67KPGY_1716-2024-2228-2536,0,1,0,0,0,0,0,0,0
HCW67KPGY_16453-7240-16965-7752,0,1,0,0,0,0,1,0,0
HCW67KPGY_16691-6536-17203-7048,0,1,0,0,0,0,0,0,0
HCW67KPGY_16691-7048-17203-7560,0,1,0,0,0,0,1,0,0
HCW67KPGY_16691-5512-17203-6024,0,1,0,0,0,0,0,0,0
HCW67KPGY_17032-7558-17544-8070,0,1,0,0,0,0,0,0,0
HCW67KPGY_17063-548-17575-1060,0,1,0,0,0,0,0,0,0
HCW67KPGY_17544-7558-18056-8070,0,1,0,0,0,0,0,0,0
HCW67KPGY_17203-5512-17715-6024,0,1,0,0,0,0,0,0,0
HCW67KPGY_17715-5512-18227-6024,0,1,0,0,0,0,0,0,0
HCW67KPGY_17544-7046-18056-7558,0,1,0,0,0,0,0,0,0
HCW67KPGY_17203-7048-17715-7560,0,1,0,0,0,0,0,0,0
HCW67KPGY_18568-7046-19080-7558,0,1,0,0,0,0,0,0,0
HCW67KPGY_18056-7046-18568-7558,0,1,0,0,0,0,0,0,0
HCW67KPGY_18105-10389-18617-10901,0,1,0,0,0,0,0,0,0
HCW67KPGY_18982-926-19494-1438,0,1,0,0,0,0,0,0,0
HCW67KPGY_18227-5512-18739-6024,0,1,0,0,0,0,0,0,0
HCW67KPGY_18739-5512-19251-6024,0,1,0,0,0,0,0,0,0
HCW67KPGY_19098-7545-19610-8057,0,1,0,0,0,0,0,0,0
HCW67KPGY_18982-1438-19494-1950,0,1,0,0,0,0,0,0,0
HCW67KPGY_19251-7048-19763-7560,0,1,0,0,0,0,0,0,0
HCW67KPGY_18056-7558-18568-8070,0,1,0,0,0,0,0,0,0
HCW67KPGY_19251-6024-19763-6536,0,1,0,0,0,0,0,0,0
HCW67KPGY_19251-5512-19763-6024,0,1,0,0,0,0,0,0,0
HCW67KPGY_19251-6536-19763-7048,0,1,0,0,0,0,0,0,0
HCW67KPGY_19494-1438-20006-1950,0,1,0,0,0,0,0,0,0
HCW67KPGY_20006-1438-20518-1950,0,1,0,0,0,0,0,0,0
HCW67KPGY_19610-6521-20122-7033,0,1,0,0,0,0,0,0,0
HCW67KPGY_19610-7545-20122-8057,0,1,0,0,0,0,0,0,0
HCW67KPGY_20006-926-20518-1438,0,1,0,0,0,0,0,0,0
HCW67KPGY_2051-7161-2563-7673,0,1,0,0,0,0,0,0,0
HCW67KPGY_20122-6009-20634-6521,0,1,0,0,0,0,0,0,0
HCW67KPGY_20518-1438-21030-1950,0,1,0,0,0,0,0,0,0
HCW67KPGY_20122-7033-20634-7545,0,1,0,0,0,0,0,0,0
HCW67KPGY_2051-6649-2563-7161,0,1,0,0,0,0,0,0,0
HCW67KPGY_2051-7673-2563-8185,0,1,0,0,0,0,0,0,0
HCW67KPGY_19494-926-20006-1438,0,1,0,0,0,0,0,0,0
HCW67KPGY_19610-7033-20122-7545,0,1,0,0,0,0,0,0,0
HCW67KPGY_19610-6009-20122-6521,0,1,0,0,0,0,0,0,0
HCW67KPGY_2051-8185-2563-8697,0,1,0,0,0,0,0,0,0
HCW67KPGY_20518-926-21030-1438,0,1,0,0,0,0,0,0,0
HCW67KPGY_20634-6009-21146-6521,0,1,0,0,0,0,0,0,0
HCW67KPGY_20634-7033-21146-7545,0,1,0,0,0,0,0,0,0
HCW67KPGY_21658-4181-22170-4693,0,1,0,0,0,0,0,0,0
HCW67KPGY_21658-3669-22170-4181,0,1,0,0,0,0,0,0,0
HCW67KPGY_21146-6009-21658-6521,0,1,0,0,0,0,0,0,0
HCW67KPGY_21146-7033-21658-7545,0,1,0,0,0,0,0,0,0
HCW67KPGY_21658-6009-22170-6521,0,1,0,0,0,0,0,0,0
HCW67KPGY_22170-3669-22682-4181,0,1,0,0,0,0,0,0,0
HCW67KPGY_22170-4693-22682-5205,0,1,0,0,0,0,0,0,0
HCW67KPGY_22170-4181-22682-4693,0,1,0,0,0,0,0,0,0
HCW67KPGY_22170-5205-22682-5717,0,1,0,0,0,0,0,0,0
HCW67KPGY_22170-6009-22682-6521,0,1,0,0,0,0,0,0,0
HCW67KPGY_21658-4693-22170-5205,0,1,0,0,0,0,0,0,0
HCW67KPGY_22682-5205-23194-5717,0,1,0,0,0,0,0,0,0
HCW67KPGY_22682-3669-23194-4181,0,1,0,0,0,0,0,0,0
HCW67KPGY_22682-6009-23194-6521,0,1,0,0,0,0,0,0,0
HCW67KPGY_22682-4181-23194-4693,0,1,0,0,0,0,0,0,0
HCW67KPGY_2338-6913-2850-7425,0,1,0,0,0,0,0,0,0
HCW67KPGY_2338-7425-2850-7937,0,1,0,0,0,0,0,0,0
HCW67KPGY_2338-7937-2850-8449,0,1,0,0,0,0,0,0,0
HCW67KPGY_3422-2940-3934-3452,0,1,0,0,0,0,0,0,0
HCW67KPGY_3197-8211-3709-8723,0,1,0,0,0,0,0,0,0
HCW67KPGY_3648-1442-4160-1954,0,1,0,0,0,0,0,0,0
HCW67KPGY_3197-7187-3709-7699,0,1,0,0,0,0,0,0,0
HCW67KPGY_3636-3675-4148-4187,0,1,0,0,0,0,0,0,0
HCW67KPGY_3422-3452-3934-3964,0,1,0,0,0,0,0,0,0
HCW67KPGY_3197-7699-3709-8211,0,1,0,0,0,0,0,0,0
HCW67KPGY_3197-6675-3709-7187,0,1,0,0,0,0,0,0,0
HCW67KPGY_4081-6685-4593-7197,0,1,0,0,0,0,0,0,0
HCW67KPGY_2910-3452-3422-3964,0,1,0,0,0,0,0,0,0
HCW67KPGY_3636-3163-4148-3675,0,1,0,0,0,0,0,0,0
HCW67KPGY_3934-3452-4446-3964,0,1,0,0,0,0,0,0,0
HCW67KPGY_3648-1954-4160-2466,0,1,0,0,0,0,0,0,0
HCW67KPGY_2910-2940-3422-3452,0,1,0,0,0,0,0,0,0
HCW67KPGY_3934-2940-4446-3452,0,1,0,0,0,0,0,0,0
HCW67KPGY_4081-7709-4593-8221,0,1,0,0,0,0,0,0,0
HCW67KPGY_4081-7197-4593-7709,0,1,0,0,0,0,0,0,0
HCW67KPGY_4081-8221-4593-8733,0,1,0,0,0,0,0,0,0
HCW67KPGY_4160-1442-4672-1954,0,1,0,0,0,0,0,0,0
HCW67KPGY_4495-2923-5007-3435,0,1,0,0,0,0,0,0,0
HCW67KPGY_4160-1954-4672-2466,0,1,0,0,0,0,0,0,0
HCW67KPGY_4672-1442-5184-1954,0,1,0,0,0,0,0,0,0
HCW67KPGY_4495-2411-5007-2923,0,1,0,0,0,0,0,0,0
HCW67KPGY_4148-3163-4660-3675,0,1,0,0,0,0,0,0,0
HCW67KPGY_4672-1954-5184-2466,0,1,0,0,0,0,0,0,0
HCW67KPGY_4148-3675-4660-4187,0,1,0,0,0,0,0,0,0
HCW67KPGY_5007-2411-5519-2923,0,1,0,0,0,0,0,0,0
HCW67KPGY_4841-8538-5353-9050,0,0,0,0,0,0,1,0,0
HCW67KPGY_4660-3675-5172-4187,0,1,0,0,0,0,0,0,0
HCW67KPGY_5184-1442-5696-1954,0,1,0,0,0,0,0,0,0
HCW67KPGY_4660-3163-5172-3675,0,1,0,0,0,0,0,0,0
HCW67KPGY_5007-2923-5519-3435,0,1,0,0,0,0,0,0,0
HCW67KPGY_5007-1899-5519-2411,0,1,0,0,0,0,0,0,0
HCW67KPGY_5388-3192-5900-3704,0,1,0,0,0,0,0,0,0
HCW67KPGY_5353-8538-5865-9050,0,0,0,0,0,0,1,0,0
HCW67KPGY_5461-1834-5973-2346,0,1,0,0,0,0,0,0,0
HCW67KPGY_5696-1954-6208-2466,0,1,0,0,0,0,0,0,0
HCW67KPGY_5461-2346-5973-2858,0,1,0,0,0,0,0,0,0
HCW67KPGY_5865-8538-6377-9050,0,0,0,0,0,0,1,0,0
HCW67KPGY_6803-12239-7315-12751,0,0,0,0,0,0,1,0,0
HCW67KPGY_5696-1442-6208-1954,0,1,0,0,0,0,0,0,0
HCW67KPGY_6803-12751-7315-13263,0,0,0,0,0,0,1,0,0
HCW67KPGY_6208-1442-6720-1954,0,1,0,0,0,0,0,0,0
HCW67KPGY_7315-12751-7827-13263,0,0,0,0,0,0,1,0,0
HCW67KPGY_5973-2346-6485-2858,0,1,0,0,0,0,0,0,0
HCW67KPGY_6377-8538-6889-9050,0,0,0,0,0,0,1,0,0
HCW67KPGY_6291-12239-6803-12751,0,0,0,0,0,0,1,0,0
HCW67KPGY_7347-1407-7859-1919,0,1,0,0,0,0,0,0,0
HCW67KPGY_5973-1834-6485-2346,0,1,0,0,0,0,0,0,0
HCW67KPGY_6889-8538-7401-9050,0,0,0,0,0,0,1,0,0
HCW67KPGY_7347-1919-7859-2431,0,1,0,0,0,0,0,0,0
HCW67KPGY_7827-13263-8339-13775,0,0,0,0,0,0,1,0,0
HCW67KPGY_7827-12751-8339-13263,0,0,0,0,0,0,1,0,0
HCW67KPGY_7859-1407-8371-1919,0,1,0,0,0,0,0,0,0
HCW67KPGY_8046-1055-8558-1567,0,0,0,0,0,0,1,0,0
HCW67KPGY_8558-1055-9070-1567,0,0,0,0,0,0,1,0,0
HCW67KPGY_8695-13440-9207-13952,0,0,0,0,0,0,1,0,0
HCW67KPGY_8183-13440-8695-13952,0,0,0,0,0,0,1,0,0
HCW67KPGY_8907-3525-9419-4037,0,1,0,0,0,0,0,0,0
HCW67KPGY_8689-9203-9201-9715,0,0,0,0,0,0,1,0,0
HCW67KPGY_7859-1919-8371-2431,0,1,0,0,0,0,0,0,0
HCW67KPGY_9207-13952-9719-14464,0,0,0,0,0,0,1,0,0
HCW67KPGY_9419-3525-9931-4037,0,1,0,0,0,0,0,0,0
HCW67KPGY_8695-13952-9207-14464,0,0,0,0,0,0,1,0,0
HCW67KPGY_9070-1055-9582-1567,0,0,0,0,0,0,1,0,0
HCW67KPGY_9582-1055-10094-1567,0,0,0,0,0,0,1,0,0
HCW67KPGY_9669-2063-10181-2575,0,1,0,0,0,0,0,0,0
HCW67KPGY_9419-3013-9931-3525,0,1,0,0,0,0,0,0,0
HCW67KPGY_9669-2575-10181-3087,0,1,0,0,0,0,0,0,0
HCW67KPGY_9669-3087-10181-3599,0,1,0,0,0,0,0,0,0
HCW67KPGY_9931-3013-10443-3525,0,1,0,0,0,0,0,0,0
HEH22TCTL_10265-784-10777-1296,0,0,0,0,1,0,0,0,0
HEH22TCTL_10186-8522-10698-9034,0,0,0,0,0,1,0,0,0
HE4T8JBKP_923-1047-1435-1559,0,0,0,0,0,1,0,0,0
HEH22TCTL_10495-5963-11007-6475,0,0,0,0,0,1,0,0,0
HEH22TCTL_10280-9652-10792-10164,0,0,0,0,1,1,0,0,0
HCW67KPGY_9931-3525-10443-4037,0,1,0,0,0,0,0,0,0
HEH22TCTL_10622-10344-11134-10856,0,0,0,0,1,0,0,0,0
HEH22TCTL_10102-2435-10614-2947,0,0,0,0,0,1,0,0,0
HEH22TCTL_10684-13590-11196-14102,0,0,0,0,0,1,0,0,0
HEH22TCTL_10184-9921-10696-10433,0,0,0,0,1,1,0,0,0
HEH22TCTL_10398-8168-10910-8680,0,0,0,0,0,1,0,0,0
HEH22TCTL_10696-9921-11208-10433,0,0,0,0,1,1,0,0,0
HEH22TCTL_10227-9050-10739-9562,0,0,0,0,0,1,0,0,0
HEH22TCTL_10698-8522-11210-9034,0,0,0,0,0,1,0,0,0
HEH22TCTL_10739-9050-11251-9562,0,0,0,0,0,1,0,0,0
HEH22TCTL_10777-784-11289-1296,0,0,0,0,1,0,0,0,0
HEH22TCTL_10747-5308-11259-5820,0,0,0,0,0,1,0,0,0
HEH22TCTL_10786-9562-11298-10074,0,0,0,0,0,1,0,0,0
HEH22TCTL_11198-13592-11710-14104,0,0,0,0,0,1,0,0,0
HEH22TCTL_11289-784-11801-1296,0,0,0,0,1,0,0,0,0
HEH22TCTL_11134-10344-11646-10856,0,0,0,0,1,0,0,0,0
HEH22TCTL_11038-9428-11550-9940,0,0,0,0,0,1,0,0,0
HEH22TCTL_1096-12594-1608-13106,0,0,0,0,1,0,0,0,0
HEH22TCTL_10885-4793-11397-5305,0,0,0,0,0,1,0,0,0
HEH22TCTL_11187-6492-11699-7004,0,0,0,0,0,1,0,0,0
HEH22TCTL_11304-5227-11816-5739,0,0,0,0,0,1,0,0,0
HEH22TCTL_11562-1874-12074-2386,0,0,0,0,0,1,0,0,0
HEH22TCTL_11557-1399-12069-1911,0,0,0,0,0,1,0,0,0
HEH22TCTL_11556-9233-12068-9745,0,0,0,0,0,1,0,0,0
HEH22TCTL_11574-4011-12086-4523,0,0,1,0,0,1,0,0,0
HEH22TCTL_11563-2555-12075-3067,0,0,0,0,0,1,0,0,0
HEH22TCTL_11572-8467-12084-8979,0,0,0,0,0,1,0,0,0
HEH22TCTL_11575-6953-12087-7465,0,0,0,0,0,1,0,0,0
HEH22TCTL_11615-6384-12127-6896,0,0,0,0,0,1,0,0,0
HEH22TCTL_11588-7519-12100-8031,0,0,0,0,0,1,0,0,0
HEH22TCTL_11738-10034-12250-10546,0,0,0,0,0,1,0,0,0
HEH22TCTL_12079-11810-12591-12322,0,0,0,0,1,0,0,0,0
HEH22TCTL_11878-7754-12390-8266,0,0,0,0,0,1,0,0,0
HEH22TCTL_12168-8073-12680-8585,0,0,0,0,0,1,0,0,0
HEH22TCTL_11907-4375-12419-4887,0,0,1,0,0,0,0,0,0
HEH22TCTL_11860-10261-12372-10773,0,0,0,0,0,1,0,0,0
HEH22TCTL_11969-13774-12481-14286,0,0,0,0,0,1,0,0,0
HEH22TCTL_12116-842-12628-1354,0,0,0,0,0,1,0,0,0
HEH22TCTL_11800-3920-12312-4432,0,0,1,0,0,1,0,0,0
HEH22TCTL_11878-8266-12390-8778,0,0,0,0,0,1,0,0,0
HEH22TCTL_11965-5002-12477-5514,0,0,0,0,0,1,0,0,0
HEH22TCTL_12162-6522-12674-7034,0,0,0,0,0,1,0,0,0
HEH22TCTL_12250-10034-12762-10546,0,0,0,0,0,1,0,0,0
HEH22TCTL_12372-10261-12884-10773,0,0,0,0,0,1,0,0,0
HEH22TCTL_12342-9699-12854-10211,0,0,0,0,0,1,0,0,0
HEH22TCTL_1312-11267-1824-11779,0,0,0,0,1,0,0,0,0
HEH22TCTL_1341-13447-1853-13959,0,0,0,0,1,1,0,0,0
HEH22TCTL_1312-11779-1824-12291,0,0,0,0,1,0,0,0,0
HEH22TCTL_2760-9798-3272-10310,0,0,0,0,0,1,0,0,0
HEH22TCTL_4141-9624-4653-10136,0,0,1,0,0,1,0,0,0
HEH22TCTL_3437-13462-3949-13974,0,0,0,0,0,1,0,0,0
HEH22TCTL_4983-13486-5495-13998,0,0,0,0,0,1,0,0,0
HEH22TCTL_5255-9680-5767-10192,0,0,0,0,0,1,0,0,0
HEH22TCTL_5767-9680-6279-10192,0,0,0,0,0,1,0,0,0
HEH22TCTL_7455-664-7967-1176,0,0,0,0,1,0,0,0,0
HEH22TCTL_6943-664-7455-1176,0,0,0,0,1,1,0,0,0
HEH22TCTL_7430-1918-7942-2430,0,0,0,0,0,1,0,0,0
HEH22TCTL_6898-5330-7410-5842,0,0,0,0,0,1,0,0,0
HEH22TCTL_7416-1208-7928-1720,0,0,0,0,0,1,0,0,0
HEH22TCTL_7428-2412-7940-2924,0,0,0,0,0,1,0,0,0
HEH22TCTL_7377-9829-7889-10341,0,0,0,0,1,0,0,0,0
HEH22TCTL_7518-7493-8030-8005,0,0,0,0,0,1,0,0,0
HEH22TCTL_7469-4206-7981-4718,0,0,0,0,0,1,0,0,0
HEH22TCTL_7542-8647-8054-9159,0,0,0,0,0,1,0,0,0
HEH22TCTL_7666-9444-8178-9956,0,0,0,0,1,1,0,0,0
HEH22TCTL_7542-9159-8054-9671,0,0,0,0,0,1,0,0,0
HEH22TCTL_7889-9829-8401-10341,0,0,0,0,1,0,0,0,0
HEH22TCTL_800-11267-1312-11779,0,0,0,0,1,0,0,0,0
HEH22TCTL_8547-746-9059-1258,0,0,0,0,1,0,0,0,0
HEH22TCTL_800-11779-1312-12291,0,0,0,0,1,0,0,0,0
HEH22TCTL_829-13447-1341-13959,0,0,0,0,1,1,0,0,0
HEH22TCTL_8178-9444-8690-9956,0,0,0,0,0,1,0,0,0
HEH22TCTL_8492-13563-9004-14075,0,0,0,0,0,1,0,0,0
HEH22TCTL_8035-746-8547-1258,0,0,0,0,1,0,0,0,0
HEH22TCTL_8436-9944-8948-10456,0,0,0,0,1,0,0,0,0
HEH22TCTL_8690-9444-9202-9956,0,0,0,0,0,1,0,0,0
HEH22TCTL_9164-3690-9676-4202,0,0,0,0,0,1,0,0,0
HEH22TCTL_9153-803-9665-1315,0,0,0,0,1,0,0,0,0
HEH22TCTL_8948-9944-9460-10456,0,0,0,0,1,1,0,0,0
HEH22TCTL_9215-9605-9727-10117,0,0,0,0,1,1,0,0,0
HEH22TCTL_9590-2435-10102-2947,0,0,0,0,0,1,0,0,0
HEH22TCTL_9665-803-10177-1315,0,0,0,0,1,0,0,0,0
HEH22TCTL_9676-3690-10188-4202,0,0,1,0,0,1,0,0,0
HEH22TCTL_9727-9605-10239-10117,0,0,0,0,1,1,0,0,0
HEH22TCTL_9672-9921-10184-10433,0,0,0,0,1,1,0,0,0
HF6BDYVCQ_3321-7558-3833-8070,0,0,0,0,0,0,1,0,0
HF6BDYVCQ_4216-4267-4728-4779,0,0,0,0,0,0,1,0,0
HEH22TCTL_9936-13364-10448-13876,0,0,0,0,0,1,0,0,0
HF6BDYVCQ_3618-8681-4130-9193,0,0,0,0,0,0,1,0,0
HF6BDYVCQ_4642-8681-5154-9193,0,0,0,0,0,0,1,0,0
HF6BDYVCQ_4771-4946-5283-5458,0,0,0,0,0,0,1,0,0
HF6BDYVCQ_4642-8169-5154-8681,0,0,0,0,0,0,1,0,0
HF6BDYVCQ_4130-8681-4642-9193,0,0,0,0,0,0,1,0,0
HF6BDYVCQ_4728-4267-5240-4779,0,0,0,0,0,0,1,0,0
HF6BDYVCQ_3321-7046-3833-7558,0,0,0,0,0,0,1,0,0
HEH22TCTL_9983-5963-10495-6475,0,0,0,0,0,1,0,0,0
HF6BDYVCQ_4771-5970-5283-6482,0,0,0,0,0,0,1,0,0
HF6BDYVCQ_5154-8169-5666-8681,0,0,0,0,0,0,1,0,0
HF6BDYVCQ_4771-5458-5283-5970,0,0,0,0,0,0,1,0,0
HF6BDYVCQ_5666-8169-6178-8681,0,0,0,0,0,0,1,0,0
HF6BDYVCQ_6178-8169-6690-8681,0,0,0,0,0,0,1,0,0
HF6BDYVCQ_6690-8169-7202-8681,0,0,0,0,0,0,1,0,0
HF6BDYVCQ_6811-1600-7323-2112,0,0,0,0,0,0,1,0,0
HF6BDYVCQ_7530-8089-8042-8601,0,0,0,0,0,0,1,0,0
HF6BDYVCQ_7614-7153-8126-7665,0,0,0,0,0,0,1,0,0
HF6BDYVCQ_7323-1600-7835-2112,0,0,0,0,0,0,1,0,0
HF6BDYVCQ_7018-8089-7530-8601,0,0,0,0,0,0,1,0,0
HF6BDYVCQ_8042-8089-8554-8601,0,0,0,0,0,0,1,0,0
HFBKHPI4R_10631-6153-11143-6665,0,0,0,0,0,0,1,0,0
HF6BDYVCQ_7102-6641-7614-7153,0,0,0,0,0,0,1,0,0
HFBKHPI4R_10119-5641-10631-6153,0,0,0,0,0,0,1,0,0
HF6BDYVCQ_7614-6641-8126-7153,0,0,0,0,0,0,1,0,0
HF6BDYVCQ_8042-7577-8554-8089,0,0,0,0,0,0,1,0,0
HFBKHPI4R_10119-6153-10631-6665,0,0,0,0,0,0,1,0,0
HFBKHPI4R_11143-6153-11655-6665,0,0,0,0,0,0,1,0,0
HFBKHPI4R_11655-6153-12167-6665,0,0,0,0,0,0,1,0,0
HFBKHPI4R_8583-6153-9095-6665,0,0,0,0,0,0,1,0,0
HFBKHPI4R_9095-6153-9607-6665,0,0,0,0,0,0,1,0,0
HFBKHPI4R_9607-5641-10119-6153,0,0,0,0,0,0,1,0,0
HFBKHPI4R_9095-5641-9607-6153,0,0,0,0,0,0,1,0,0
HFW9P9RWL_1016-5229-1528-5741,1,0,0,0,0,0,0,0,0
HFW9P9RWL_2910-4027-3422-4539,1,0,0,0,0,0,0,0,0
HFW9P9RWL_3256-3139-3768-3651,1,0,0,0,0,0,0,0,0
HFW9P9RWL_4763-4228-5275-4740,1,0,0,0,0,0,0,0,0
HFW9P9RWL_1841-3636-2353-4148,1,0,0,0,0,0,0,0,0
HFW9P9RWL_2744-3139-3256-3651,1,0,0,0,0,0,0,0,0
HFW9P9RWL_3626-3494-4138-4006,1,0,0,0,0,0,0,0,0
HFW9P9RWL_2949-3677-3461-4189,1,0,0,0,0,0,0,0,0
HFW9P9RWL_4613-3432-5125-3944,1,0,0,0,0,0,0,0,0
HFW9P9RWL_1104-3488-1616-4000,1,0,0,0,0,0,0,0,0
HFW9P9RWL_4469-3124-4981-3636,1,0,0,0,0,0,0,0,0
HFW9P9RWL_3958-4470-4470-4982,1,0,0,0,0,0,0,0,0
HFW9P9RWL_5051-4451-5563-4963,1,0,0,0,0,0,0,0,0
HFW9P9RWL_4770-3250-5282-3762,1,0,0,0,0,0,0,0,0
HFW9P9RWL_5051-4963-5563-5475,1,0,0,0,0,0,0,0,0
HFW9P9RWL_5124-3948-5636-4460,1,0,0,0,0,0,0,0,0
HFW9P9RWL_5486-4329-5998-4841,1,0,0,0,0,0,0,0,0
HFW9P9RWL_5497-4972-6009-5484,1,0,0,0,0,0,0,0,0
HFW9P9RWL_812-3927-1324-4439,1,0,0,0,0,0,0,0,0
HFW9P9RWL_823-3621-1335-4133,1,0,0,0,0,0,0,0,0
HFW9P9RWL_625-5447-1137-5959,1,0,0,0,0,0,0,0,0
HGE9NT7KT_8475-7608-8987-8120,0,0,1,0,0,0,0,0,0
HFW9P9RWL_877-4284-1389-4796,1,0,0,0,0,0,0,0,0
HGIUEFX7R_10153-3362-10665-3874,0,0,0,0,0,0,0,0,1
HGIUEFX7R_10153-2850-10665-3362,0,0,0,0,0,0,0,0,1
HGIUEFX7R_1721-7549-2233-8061,0,0,0,0,0,0,0,0,1
HGIUEFX7R_10153-3874-10665-4386,0,0,0,0,0,0,0,0,1
HGIUEFX7R_11511-7910-12023-8422,0,0,0,0,0,0,0,0,1
HGIUEFX7R_1721-8061-2233-8573,0,0,0,0,0,0,0,0,1
HGIUEFX7R_11526-7532-12038-8044,0,0,0,0,0,0,0,0,1
HGIUEFX7R_1721-8573-2233-9085,0,0,0,0,0,0,0,0,1
HGIUEFX7R_1731-9570-2243-10082,0,0,0,0,0,0,0,0,1
HGIUEFX7R_1731-9058-2243-9570,0,0,0,0,0,0,0,0,1
HGIUEFX7R_1755-3942-2267-4454,0,0,0,0,0,0,0,0,1
HGIUEFX7R_1755-3430-2267-3942,0,0,0,0,0,0,0,0,1
HGIUEFX7R_1955-3142-2467-3654,0,0,0,0,0,0,0,0,1
HGIUEFX7R_3489-7487-4001-7999,0,0,0,0,0,0,0,0,1
HGIUEFX7R_3339-8267-3851-8779,0,0,0,0,0,0,0,0,1
HGIUEFX7R_2671-8034-3183-8546,0,0,0,0,0,0,0,0,1
HGIUEFX7R_2671-7522-3183-8034,0,0,0,0,0,0,0,0,1
HGIUEFX7R_2106-2962-2618-3474,0,0,0,0,0,0,0,0,1
HGIUEFX7R_3211-5721-3723-6233,0,0,0,0,0,0,0,0,1
HGIUEFX7R_2526-7099-3038-7611,0,0,0,0,0,0,0,0,1
HGIUEFX7R_4822-8952-5334-9464,0,0,0,0,0,0,0,0,1
HGIUEFX7R_990-9651-1502-10163,0,0,0,0,0,0,0,0,1
HGIUEFX7R_3489-6975-4001-7487,0,0,0,0,0,0,0,0,1
HGIUEFX7R_3560-8099-4072-8611,0,0,0,0,0,0,0,0,1
HGL8BA14X_5047-5730-5559-6242,0,1,0,0,0,0,0,0,0
HGL8BA14X_5952-5546-6464-6058,0,1,0,0,0,0,0,0,0
HGL8BA14X_5923-7114-6435-7626,0,1,0,0,0,0,0,0,0
HGL8BA14X_5411-7114-5923-7626,0,1,0,0,0,0,0,0,0
HH1C71Y2C_4793-3912-5305-4424,1,0,0,0,0,0,0,0,0
HH1C71Y2C_4793-3400-5305-3912,1,0,0,0,0,0,0,0,0
HH1C71Y2C_5305-3912-5817-4424,1,0,0,0,0,0,0,0,0
HH1C71Y2C_5305-5448-5817-5960,1,0,0,0,0,0,0,0,0
HH1C71Y2C_4793-5448-5305-5960,1,0,0,0,0,0,0,0,0
HH1C71Y2C_5305-4936-5817-5448,1,0,0,0,0,0,0,0,0
HH1C71Y2C_4793-5960-5305-6472,1,0,0,0,0,0,0,0,0
HH1C71Y2C_5305-4424-5817-4936,1,0,0,0,0,0,0,0,0
HH1C71Y2C_6329-4424-6841-4936,1,0,0,0,0,0,0,0,0
HH1C71Y2C_6329-2888-6841-3400,1,0,0,0,0,0,0,0,0
HH1C71Y2C_5817-4936-6329-5448,1,0,0,0,0,0,0,0,0
HH1C71Y2C_5305-2888-5817-3400,1,0,0,0,0,0,0,0,0
HH1C71Y2C_6841-2888-7353-3400,1,0,0,0,0,0,0,0,0
HH1C71Y2C_5817-2888-6329-3400,1,0,0,0,0,0,0,0,0
HH1C71Y2C_7353-3400-7865-3912,1,0,0,0,0,0,0,0,0
HH1C71Y2C_6841-3912-7353-4424,1,0,0,0,0,0,0,0,0
HH1C71Y2C_7353-2888-7865-3400,1,0,0,0,0,0,0,0,0
HH1C71Y2C_6841-4424-7353-4936,1,0,0,0,0,0,0,0,0
HH1C71Y2C_7353-3912-7865-4424,1,0,0,0,0,0,0,0,0
HH1L2XBC2_1014-2153-1526-2665,0,0,1,0,0,0,0,0,0
HH1L2XBC2_1786-4144-2298-4656,0,0,1,0,0,0,0,0,0
HH1L2XBC2_1786-2608-2298-3120,0,0,1,0,0,0,0,0,0
HH1L2XBC2_1251-1878-1763-2390,0,0,1,0,0,0,0,0,0
HH1L2XBC2_1786-2096-2298-2608,0,0,1,0,0,0,0,0,0
HH1L2XBC2_1763-854-2275-1366,0,0,1,0,0,0,0,0,0
HH1L2XBC2_1763-1366-2275-1878,0,0,1,0,0,0,0,0,0
HH1L2XBC2_1274-3632-1786-4144,0,0,1,0,0,0,0,0,0
HH1L2XBC2_1212-3906-1724-4418,0,0,1,0,0,0,0,0,0
HH1L2XBC2_1274-2608-1786-3120,0,0,1,0,0,0,0,0,0
HH1L2XBC2_1251-854-1763-1366,0,0,1,0,0,0,0,0,0
HH1L2XBC2_2275-854-2787-1366,0,0,1,0,0,0,0,0,0
HH1L2XBC2_2275-1366-2787-1878,0,0,1,0,0,0,0,0,0
HH1L2XBC2_2298-3120-2810-3632,0,0,1,0,0,0,0,0,0
HH1L2XBC2_2298-3632-2810-4144,0,0,1,0,0,0,0,0,0
HH1L2XBC2_2298-2608-2810-3120,0,0,1,0,0,0,0,0,0
HH1L2XBC2_2298-4144-2810-4656,0,0,1,0,0,0,0,0,0
HH1L2XBC2_2787-1366-3299-1878,0,0,1,0,0,0,0,0,0
HH1L2XBC2_3143-1963-3655-2475,0,0,1,0,0,0,0,0,0
HH1L2XBC2_2810-3632-3322-4144,0,0,1,0,0,0,0,0,0
HH1L2XBC2_3834-2608-4346-3120,0,0,1,0,0,0,0,0,0
HH1L2XBC2_3322-1584-3834-2096,0,0,1,0,0,0,0,0,0
HH1L2XBC2_2388-2053-2900-2565,0,0,1,0,0,0,0,0,0
HH1L2XBC2_2810-4144-3322-4656,0,0,1,0,0,0,0,0,0
HH1L2XBC2_3322-2608-3834-3120,0,0,1,0,0,0,0,0,0
HH1L2XBC2_3834-1584-4346-2096,0,0,1,0,0,0,0,0,0
HH1L2XBC2_2810-3120-3322-3632,0,0,1,0,0,0,0,0,0
HH1L2XBC2_2810-2608-3322-3120,0,0,1,0,0,0,0,0,0
HH1L2XBC2_3322-4144-3834-4656,0,0,1,0,0,0,0,0,0
HH1L2XBC2_2787-1878-3299-2390,0,0,1,0,0,0,0,0,0
HH1L2XBC2_3811-1878-4323-2390,0,0,1,0,0,0,0,0,0
HH1L2XBC2_4323-1366-4835-1878,0,0,1,0,0,0,0,0,0
HH1L2XBC2_3834-4144-4346-4656,0,0,1,0,0,0,0,0,0
HH1L2XBC2_4323-1878-4835-2390,0,0,1,0,0,0,0,0,0
HH1L2XBC2_4323-854-4835-1366,0,0,1,0,0,0,0,0,0
HH1L2XBC2_4346-3632-4858-4144,0,0,1,0,0,0,0,0,0
HH1L2XBC2_762-3632-1274-4144,0,0,1,0,0,0,0,0,0
HH1L2XBC2_4346-3120-4858-3632,0,0,1,0,0,0,0,0,0
HH1L2XBC2_739-854-1251-1366,0,0,1,0,0,0,0,0,0
HH1L2XBC2_739-1878-1251-2390,0,0,1,0,0,0,0,0,0
HH1L2XBC2_709-3908-1221-4420,0,0,1,0,0,0,0,0,0
HH1L2XBC2_4346-2608-4858-3120,0,0,1,0,0,0,0,0,0
HHEWRH664_637-3220-1149-3732,0,0,0,0,0,0,1,0,0
HHEWRH664_1149-3220-1661-3732,0,0,0,0,0,0,1,0,0
HH1L2XBC2_762-1584-1274-2096,0,0,1,0,0,0,0,0,0
HH1L2XBC2_762-2608-1274-3120,0,0,1,0,0,0,0,0,0
HH1L2XBC2_4346-4144-4858-4656,0,0,1,0,0,0,0,0,0
HH1L2XBC2_762-3120-1274-3632,0,0,1,0,0,0,0,0,0
HI8N91XYZ_1076-8337-1588-8849,0,0,0,0,0,0,1,0,0
HI8N91XYZ_10882-8266-11394-8778,0,1,0,0,0,0,0,0,0
HI8N91XYZ_10882-8778-11394-9290,0,1,0,0,0,0,0,0,0
HI8N91XYZ_1169-7959-1681-8471,0,0,0,0,0,0,1,0,0
HI8N91XYZ_1588-8337-2100-8849,0,0,0,0,0,0,1,0,0
HI8N91XYZ_2546-10784-3058-11296,0,1,0,0,0,0,0,0,0
HI8N91XYZ_3755-6030-4267-6542,0,1,0,0,0,0,0,0,0
HI8N91XYZ_3755-5518-4267-6030,0,1,0,0,0,0,0,0,0
HI8N91XYZ_6525-11978-7037-12490,0,1,0,0,0,0,0,0,0
HI8N91XYZ_3058-10784-3570-11296,0,1,0,0,0,0,0,0,0
HI8N91XYZ_3570-10784-4082-11296,0,1,0,0,0,0,0,0,0
HI8N91XYZ_6525-12490-7037-13002,0,1,0,0,0,0,0,0,0
HI8N91XYZ_2022-8437-2534-8949,0,1,0,0,0,0,1,0,0
HI8N91XYZ_2022-8949-2534-9461,0,1,0,0,0,0,0,0,0
HI8N91XYZ_3243-6030-3755-6542,0,1,0,0,0,0,0,0,0
HI8N91XYZ_3243-5518-3755-6030,0,1,0,0,0,0,0,0,0
HI8N91XYZ_6525-11466-7037-11978,0,1,0,0,0,0,0,0,0
HI8N91XYZ_4919-4118-5431-4630,0,1,0,0,0,0,0,0,0
HI8N91XYZ_8175-10894-8687-11406,0,1,0,0,0,0,0,0,0
HI8N91XYZ_6525-13002-7037-13514,0,1,0,0,0,0,0,0,0
HI8N91XYZ_7037-13002-7549-13514,0,1,0,0,0,0,0,0,0
HI8N91XYZ_8175-11406-8687-11918,0,1,0,0,0,0,0,0,0
HI8N91XYZ_8175-11918-8687-12430,0,1,0,0,0,0,0,0,0
HI8N91XYZ_8687-11406-9199-11918,0,1,0,0,0,0,0,0,0
HIE3VMQHT_3706-1412-4218-1924,0,0,1,0,0,0,0,0,0
HI8N91XYZ_8687-10382-9199-10894,0,1,0,0,0,0,0,0,0
HIE3VMQHT_4361-594-4873-1106,0,0,1,0,0,0,0,0,0
HIE3VMQHT_2648-1604-3160-2116,0,0,1,0,0,0,0,0,0
HIE3VMQHT_4258-846-4770-1358,0,0,1,0,0,0,0,0,0
HIE3VMQHT_147-1377-659-1889,0,0,1,0,0,0,0,0,0
HIE3VMQHT_2994-1934-3506-2446,0,0,1,0,0,0,0,0,0
HIFYVH9JC_3128-4424-3640-4936,0,0,0,0,0,0,0,0,1
HI8N91XYZ_8687-11918-9199-12430,0,1,0,0,0,0,0,0,0
HIFYVH9JC_672-4851-1184-5363,0,0,0,0,0,0,0,0,1
HI8N91XYZ_8687-10894-9199-11406,0,1,0,0,0,0,0,0,0
HIE3VMQHT_3353-1647-3865-2159,0,0,1,0,0,0,0,0,0
HIQ7X77LW_1159-7413-1671-7925,0,1,0,0,0,0,0,0,0
HIQ7X77LW_1459-7419-1971-7931,0,1,0,0,0,0,0,0,0
HIQ7X77LW_1188-8514-1700-9026,0,1,0,0,0,0,0,0,0
HIQ7X77LW_1821-7565-2333-8077,0,1,0,0,0,0,0,0,0
HIQ7X77LW_1768-7254-2280-7766,0,1,0,0,0,0,0,0,0
HIQ7X77LW_2049-5649-2561-6161,0,1,0,0,0,0,0,0,0
HIQ7X77LW_2050-7384-2562-7896,0,1,0,0,0,0,0,0,0
HIQ7X77LW_2031-7050-2543-7562,0,1,0,0,0,0,0,0,0
HIQ7X77LW_1875-8353-2387-8865,0,1,0,0,0,0,0,0,0
HIQ7X77LW_2387-8353-2899-8865,0,1,0,0,0,0,0,0,0
HIQ7X77LW_2624-6805-3136-7317,0,1,0,0,0,0,0,0,0
HIQ7X77LW_2424-7642-2936-8154,0,1,0,0,0,0,0,0,0
HIQ7X77LW_2624-6293-3136-6805,0,1,0,0,0,0,0,0,0
HIQ7X77LW_2202-8181-2714-8693,0,1,0,0,0,0,0,0,0
HIQ7X77LW_2668-8352-3180-8864,0,1,0,0,0,0,0,0,0
HIQ7X77LW_2514-4828-3026-5340,0,1,0,0,0,0,0,0,0
HIQ7X77LW_2424-7130-2936-7642,0,1,0,0,0,0,0,0,0
HIQ7X77LW_2724-4536-3236-5048,0,1,0,0,0,0,0,0,0
HIQ7X77LW_2774-3730-3286-4242,0,1,0,0,0,0,0,0,0
HIQ7X77LW_2897-6080-3409-6592,0,1,0,0,0,0,0,0,0
HIQ7X77LW_2774-7643-3286-8155,0,1,0,0,0,0,0,0,0
HIQ7X77LW_3001-5438-3513-5950,0,1,0,0,0,0,0,0,0
HIQ7X77LW_3001-4926-3513-5438,0,1,0,0,0,0,0,0,0
HIQ7X77LW_3136-6293-3648-6805,0,1,0,0,0,0,0,0,0
HIQ7X77LW_3132-7165-3644-7677,0,1,0,0,0,0,0,0,0
HIQ7X77LW_3002-3939-3514-4451,0,1,0,0,0,0,0,0,0
HIQ7X77LW_3167-8020-3679-8532,0,1,0,0,0,0,0,0,0
HIQ7X77LW_3409-5568-3921-6080,0,1,0,0,0,0,0,0,0
HIQ7X77LW_3180-8352-3692-8864,0,1,0,0,0,0,0,0,0
HIQ7X77LW_3136-6805-3648-7317,0,1,0,0,0,0,0,0,0
HIQ7X77LW_3132-7677-3644-8189,0,1,0,0,0,0,0,0,0
HIQ7X77LW_3559-1653-4071-2165,0,1,0,0,0,0,0,0,0
HIQ7X77LW_3409-6080-3921-6592,0,1,0,0,0,0,0,0,0
HIQ7X77LW_3513-4926-4025-5438,0,1,0,0,0,0,0,0,0
HIQ7X77LW_3674-4562-4186-5074,0,1,0,0,0,0,0,0,0
HIQ7X77LW_3701-1141-4213-1653,0,1,0,0,0,0,0,0,0
HIQ7X77LW_3916-1772-4428-2284,0,1,0,0,0,0,0,0,0
HIQ7X77LW_3768-8010-4280-8522,0,1,0,0,0,0,0,0,0
HIQ7X77LW_3986-4695-4498-5207,0,1,0,0,0,0,0,0,0
HIQ7X77LW_4105-7916-4617-8428,0,1,0,0,0,0,0,0,0
HIQ7X77LW_3999-5709-4511-6221,0,1,0,0,0,0,0,0,0
HIQ7X77LW_4172-5993-4684-6505,0,1,0,0,0,0,0,0,0
HIQ7X77LW_4132-7336-4644-7848,0,1,0,0,0,0,0,0,0
HIQ7X77LW_4105-8428-4617-8940,0,1,0,0,0,0,0,0,0
HIQ7X77LW_4473-4328-4985-4840,0,1,0,0,0,0,0,0,0
HIQ7X77LW_4102-6499-4614-7011,0,1,0,0,0,0,0,0,0
HIQ7X77LW_4134-6919-4646-7431,0,1,0,0,0,0,0,0,0
HIQ7X77LW_4198-1174-4710-1686,0,1,0,0,0,0,0,0,0
HIQ7X77LW_4661-4883-5173-5395,0,1,0,0,0,0,0,0,0
HIQ7X77LW_4732-5633-5244-6145,0,1,0,0,0,0,0,0,0
HIQ7X77LW_4462-855-4974-1367,0,1,0,0,0,0,0,0,0
HIQ7X77LW_4753-2567-5265-3079,0,1,0,0,0,0,0,0,0
HIQ7X77LW_4820-2269-5332-2781,0,1,0,0,0,0,0,0,0
HIQ7X77LW_4822-8330-5334-8842,0,1,0,0,0,0,0,0,0
HIQ7X77LW_4931-3351-5443-3863,0,1,0,0,0,0,0,0,0
HIQ7X77LW_4840-1422-5352-1934,0,1,0,0,0,0,0,0,0
HIQ7X77LW_4962-4077-5474-4589,0,1,0,0,0,0,0,0,0
HIQ7X77LW_5768-5682-6280-6194,0,1,0,0,0,0,0,0,0
HIQ7X77LW_5671-4855-6183-5367,0,1,0,0,0,0,0,0,0
HIQ7X77LW_5386-4871-5898-5383,0,1,0,0,0,0,0,0,0
HIQ7X77LW_5173-5395-5685-5907,0,1,0,0,0,0,0,0,0
HIQ7X77LW_5443-8220-5955-8732,0,1,0,0,0,0,0,0,0
HIQ7X77LW_5768-6194-6280-6706,0,1,0,0,0,0,0,0,1
HIQ7X77LW_6012-5977-6524-6489,0,1,0,0,0,0,0,0,1
HIQ7X77LW_5798-6773-6310-7285,0,1,0,0,0,0,0,0,0
HIQ7X77LW_5832-7764-6344-8276,0,1,0,0,0,0,0,0,0
HIQ7X77LW_6168-4849-6680-5361,0,1,0,0,0,0,0,0,0
HIQ7X77LW_5846-8330-6358-8842,0,1,0,0,0,0,0,0,0
HIQ7X77LW_5798-7285-6310-7797,0,1,0,0,0,0,0,0,0
HIQ7X77LW_6358-8330-6870-8842,0,1,0,0,0,0,0,0,0
HIQ7X77LW_6620-7109-7132-7621,0,1,0,0,0,0,0,0,0
HIQ7X77LW_7069-6458-7581-6970,0,1,0,0,0,0,0,0,0
HIQ7X77LW_6764-4742-7276-5254,0,1,0,0,0,0,0,0,0
HIQ7X77LW_6730-7790-7242-8302,0,1,0,0,0,0,0,0,0
HIQ7X77LW_7069-6970-7581-7482,0,1,0,0,0,0,0,0,0
HIQ7X77LW_7342-5877-7854-6389,0,1,0,0,0,0,0,0,0
HIQ7X77LW_7575-6210-8087-6722,0,1,0,0,0,0,0,0,0
HIQ7X77LW_7276-4742-7788-5254,0,1,0,0,0,0,0,0,0
HIUJW3648_2879-1905-3391-2417,0,0,0,1,0,0,0,0,0
HIQ7X77LW_7342-5365-7854-5877,0,1,0,0,0,0,0,0,0
HIQ7X77LW_7581-6970-8093-7482,0,1,0,0,0,0,0,0,0
HIQ7X77LW_7854-5365-8366-5877,0,1,0,0,0,0,0,0,0
HIQ7X77LW_7069-7482-7581-7994,0,1,0,0,0,0,0,0,0
HIQ7X77LW_7691-5080-8203-5592,0,1,0,0,0,0,0,0,0
HIQ7X77LW_982-7783-1494-8295,0,1,0,0,0,0,0,0,0
HIQ7X77LW_7616-4729-8128-5241,0,1,0,0,0,0,0,0,0
HIQ7X77LW_7854-5877-8366-6389,0,1,0,0,0,0,0,0,0
HIUJW3648_2879-2417-3391-2929,0,0,0,1,0,0,0,0,0
HIXTCNL68_10021-5955-10533-6467,0,0,0,0,0,0,1,0,0
HIXTCNL68_10021-7491-10533-8003,0,0,0,0,0,0,1,0,0
HIXTCNL68_10021-6467-10533-6979,0,0,0,0,0,0,1,0,0
HIXTCNL68_10021-6979-10533-7491,0,0,0,0,0,0,1,0,0
HIXTCNL68_10232-6145-10744-6657,0,0,0,0,0,0,1,0,0
HIXTCNL68_11039-1173-11551-1685,0,0,0,0,0,0,1,0,0
HIXTCNL68_10232-7681-10744-8193,0,0,0,0,0,0,1,0,0
HIXTCNL68_10232-6657-10744-7169,0,0,0,0,0,0,1,0,0
HIXTCNL68_10832-5327-11344-5839,0,0,0,0,0,0,1,0,0
HIXTCNL68_10232-7169-10744-7681,0,0,0,0,0,0,1,0,0
HIXTCNL68_10320-5839-10832-6351,0,0,0,0,0,0,1,0,0
HIXTCNL68_11344-5327-11856-5839,0,0,0,0,0,0,1,0,0
HIXTCNL68_11551-1173-12063-1685,0,0,0,0,0,0,1,0,0
HIXTCNL68_1145-6922-1657-7434,0,0,0,0,0,0,1,0,0
HIXTCNL68_10832-5839-11344-6351,0,0,0,0,0,0,1,0,0
HIXTCNL68_10320-5327-10832-5839,0,0,0,0,0,0,1,0,0
HIXTCNL68_11551-1685-12063-2197,0,0,0,0,0,0,1,0,0
HIXTCNL68_11748-5060-12260-5572,0,0,0,0,0,0,1,0,0
HIXTCNL68_12063-1685-12575-2197,0,0,0,0,0,0,1,0,0
HIXTCNL68_12627-5354-13139-5866,0,0,0,0,0,0,1,0,0
HIXTCNL68_12575-1685-13087-2197,0,0,0,0,0,0,1,0,0
HIXTCNL68_12260-5060-12772-5572,0,0,0,0,0,0,1,0,0
HIXTCNL68_12260-4548-12772-5060,0,0,0,0,0,0,1,0,0
HIXTCNL68_12627-6378-13139-6890,0,0,0,0,0,0,1,0,0
HIXTCNL68_12627-5866-13139-6378,0,0,0,0,0,0,1,0,0
HIXTCNL68_12627-6890-13139-7402,0,0,0,0,0,0,1,0,0
HIXTCNL68_13796-4036-14308-4548,0,0,0,0,0,0,1,0,0
HIXTCNL68_13284-4548-13796-5060,0,0,0,0,0,0,1,0,0
HIXTCNL68_12772-4548-13284-5060,0,0,0,0,0,0,1,0,0
HIXTCNL68_13284-4036-13796-4548,0,0,0,0,0,0,1,0,0
HIXTCNL68_13087-1685-13599-2197,0,0,0,0,0,0,1,0,0
HIXTCNL68_13599-2197-14111-2709,0,0,0,0,0,0,1,0,0
HIXTCNL68_12627-7402-13139-7914,0,0,0,0,0,0,1,0,0
HIXTCNL68_13087-2197-13599-2709,0,0,0,0,0,0,1,0,0
HIXTCNL68_13796-4548-14308-5060,0,0,0,0,0,0,1,0,0
HIXTCNL68_13796-5060-14308-5572,0,0,0,0,0,0,1,0,0
HIXTCNL68_14081-4752-14593-5264,0,0,0,0,0,0,1,0,0
HIXTCNL68_14081-6288-14593-6800,0,0,0,0,0,0,1,0,0
HIXTCNL68_14081-5776-14593-6288,0,0,0,0,0,0,1,0,0
HIXTCNL68_14081-6800-14593-7312,0,0,0,0,0,0,1,0,0
HIXTCNL68_14081-5264-14593-5776,0,0,0,0,0,0,1,0,0
HIXTCNL68_14308-3524-14820-4036,0,0,0,0,0,0,1,0,0
HIXTCNL68_14308-4036-14820-4548,0,0,0,0,0,0,1,0,0
HIXTCNL68_2169-7434-2681-7946,0,0,0,0,0,0,1,0,0
HIXTCNL68_1657-6922-2169-7434,0,0,0,0,0,0,1,0,0
HIXTCNL68_2681-7434-3193-7946,0,0,0,0,0,0,1,0,0
HIXTCNL68_14820-3012-15332-3524,0,0,0,0,0,0,1,0,0
HIXTCNL68_3400-7725-3912-8237,0,0,0,0,0,0,1,0,0
HIXTCNL68_14308-5060-14820-5572,0,0,0,0,0,0,1,0,0
HIXTCNL68_2888-7725-3400-8237,0,0,0,0,0,0,1,0,0
HIXTCNL68_14820-3524-15332-4036,0,0,0,0,0,0,1,0,0
HIXTCNL68_3912-7725-4424-8237,0,0,0,0,0,0,1,0,0
HIXTCNL68_4424-7725-4936-8237,0,0,0,0,0,0,1,0,0
HIXTCNL68_6949-7491-7461-8003,0,0,0,0,0,0,1,0,0
HIXTCNL68_5448-7725-5960-8237,0,0,0,0,0,0,1,0,0
HIXTCNL68_633-6922-1145-7434,0,0,0,0,0,0,1,0,0
HIXTCNL68_6949-6979-7461-7491,0,0,0,0,0,0,1,0,0
HIXTCNL68_4936-7725-5448-8237,0,0,0,0,0,0,1,0,0
HIXTCNL68_5960-7725-6472-8237,0,0,0,0,0,0,1,0,0
HIXTCNL68_7973-6467-8485-6979,0,0,0,0,0,0,1,0,0
HIXTCNL68_7820-4869-8332-5381,0,0,0,0,0,0,1,0,0
HIXTCNL68_7461-6979-7973-7491,0,0,0,0,0,0,1,0,0
HIXTCNL68_8485-6467-8997-6979,0,0,0,0,0,0,1,0,0
HIXTCNL68_7308-4869-7820-5381,0,0,0,0,0,0,1,0,0
HIXTCNL68_8332-4869-8844-5381,0,0,0,0,0,0,1,0,0
HIXTCNL68_7973-6979-8485-7491,0,0,0,0,0,0,1,0,0
HIXTCNL68_8900-5302-9412-5814,0,0,0,0,0,0,1,0,0
HIXTCNL68_9412-5302-9924-5814,0,0,0,0,0,0,1,0,0
HIXTCNL68_8997-6467-9509-6979,0,0,0,0,0,0,1,0,0
HIXTCNL68_9509-5955-10021-6467,0,0,0,0,0,0,1,0,0
HIXTCNL68_9509-6467-10021-6979,0,0,0,0,0,0,1,0,0
HJ86BIQI1_220-3614-732-4126,1,0,0,0,0,0,0,0,0
HIXTCNL68_9924-5302-10436-5814,0,0,0,0,0,0,1,0,0
HJ86BIQI1_3802-3456-4314-3968,1,0,0,0,0,0,0,0,0
HJBVTTFPX_1352-5452-1864-5964,0,0,0,0,0,0,1,0,0
HJBVTTFPX_1864-5452-2376-5964,0,0,0,0,0,0,1,0,0
HJBVTTFPX_2024-3024-2536-3536,0,0,0,0,0,0,1,0,0
HJBVTTFPX_2376-5452-2888-5964,0,0,0,0,0,0,1,0,0
HJBVTTFPX_3381-3855-3893-4367,0,0,0,0,0,0,1,0,0
HJBVTTFPX_2869-3855-3381-4367,0,0,0,0,0,0,1,0,0
HJBVTTFPX_2536-3024-3048-3536,0,0,0,0,0,0,1,0,0
HJBVTTFPX_2888-5452-3400-5964,0,0,0,0,0,0,1,0,0
HJBVTTFPX_3381-4367-3893-4879,0,0,0,0,0,0,1,0,0
HJBVTTFPX_2357-3855-2869-4367,0,0,0,0,0,0,1,0,0
HJBVTTFPX_3048-3024-3560-3536,0,0,0,0,0,0,1,0,0
HJBVTTFPX_3400-5964-3912-6476,0,0,0,0,0,0,1,0,0
HJBVTTFPX_3400-5452-3912-5964,0,0,0,0,0,0,1,0,0
HJBVTTFPX_3560-3024-4072-3536,0,0,0,0,0,0,1,0,0
HJBVTTFPX_4072-3024-4584-3536,0,0,0,0,0,0,1,0,0
HJBVTTFPX_4424-5964-4936-6476,0,0,0,0,0,0,1,0,0
HJBVTTFPX_3893-4367-4405-4879,0,0,0,0,0,0,1,0,0
HJBVTTFPX_4584-2512-5096-3024,0,0,0,0,0,0,1,0,0
HJBVTTFPX_3912-5964-4424-6476,0,0,0,0,0,0,1,0,0
HJBVTTFPX_4405-4367-4917-4879,0,0,0,0,0,0,1,0,0
HJBVTTFPX_4584-3024-5096-3536,0,0,0,0,0,0,1,0,0
HJBVTTFPX_5608-2000-6120-2512,0,0,0,0,0,0,1,0,0
HJBVTTFPX_5608-2512-6120-3024,0,0,0,0,0,0,1,0,0
HJBVTTFPX_5096-2512-5608-3024,0,0,0,0,0,0,1,0,0
HJBVTTFPX_6120-2000-6632-2512,0,0,0,0,0,0,1,0,0
HJG84GZ42_677-3400-1189-3912,0,0,1,0,0,0,0,0,0
HJG84GZ42_1189-3400-1701-3912,0,0,1,0,0,0,0,0,0
HJG84GZ42_5719-3672-6231-4184,0,0,1,0,0,0,0,0,0
HJG84GZ42_605-5894-1117-6406,0,0,1,0,0,0,0,0,0
HK291C43M_724-1725-1236-2237,0,0,0,0,0,0,0,0,1
HK291C43M_724-1213-1236-1725,0,0,0,0,0,0,0,0,1
HK291C43M_724-701-1236-1213,0,0,0,0,0,0,0,0,1
HLFDR6ALX_1143-2338-1655-2850,0,0,0,0,1,0,0,0,0
HLFDR6ALX_2150-1581-2662-2093,0,0,0,0,1,0,0,0,0
HL6MENNWH_1801-1169-2313-1681,0,0,0,0,0,0,1,0,0
HLFDR6ALX_1704-8309-2216-8821,0,0,0,0,1,0,0,0,1
HLFDR6ALX_2013-8388-2525-8900,0,0,0,0,1,0,0,0,1
HLFDR6ALX_1529-8529-2041-9041,0,0,0,0,1,0,0,0,1
HLFDR6ALX_3145-743-3657-1255,0,0,0,0,1,0,0,0,0
HLFDR6ALX_3067-6969-3579-7481,0,0,0,0,1,0,0,0,0
HLFDR6ALX_2644-1185-3156-1697,0,0,0,0,1,0,0,0,0
HLFDR6ALX_3643-680-4155-1192,0,0,0,0,1,0,0,0,0
HLFDR6ALX_3725-1045-4237-1557,0,0,0,0,1,0,0,0,0
HLFDR6ALX_2546-7658-3058-8170,0,0,0,0,1,0,0,0,0
HLFDR6ALX_3612-6230-4124-6742,0,0,0,0,1,0,0,0,0
HLFDR6ALX_4171-5360-4683-5872,0,0,0,0,1,0,0,0,0
HLFDR6ALX_4237-1045-4749-1557,0,0,0,0,1,0,0,0,0
HLFDR6ALX_4649-1464-5161-1976,0,0,0,0,1,0,0,0,0
HLFDR6ALX_4707-4597-5219-5109,0,0,0,0,1,0,0,0,0
HLFDR6ALX_4748-1827-5260-2339,0,0,0,0,1,0,0,0,0
HLL3CC7CW_2242-9077-2754-9589,1,0,0,0,0,0,0,0,0
HLFDR6ALX_5594-2193-6106-2705,0,0,0,0,1,0,0,0,0
HLFDR6ALX_5265-3877-5777-4389,0,0,0,0,1,0,0,0,0
HLFDR6ALX_5260-1827-5772-2339,0,0,0,0,1,0,0,0,0
HLL3CC7CW_2844-9774-3356-10286,1,0,0,0,0,0,0,0,0
HLFDR6ALX_5799-3122-6311-3634,0,0,0,0,1,0,0,0,0
HMIWP3ZZG_1232-4329-1744-4841,1,0,0,0,0,0,0,0,0
HMIWP3ZZG_1232-6889-1744-7401,1,0,0,0,0,0,0,0,0
HMIWP3ZZG_1232-4841-1744-5353,1,0,0,0,0,0,0,0,0
HMIWP3ZZG_1232-7401-1744-7913,1,0,0,0,0,0,0,0,0
HM8AH6P34_3842-664-4354-1176,0,0,0,1,0,0,0,0,0
HMIWP3ZZG_1232-745-1744-1257,1,0,0,0,0,0,0,0,0
HM8AH6P34_4354-664-4866-1176,0,0,0,1,0,0,0,0,0
HMIWP3ZZG_1232-8425-1744-8937,1,0,0,0,0,0,0,0,0
HMIWP3ZZG_1232-7913-1744-8425,1,0,0,0,0,0,0,0,0
HMIWP3ZZG_1232-8937-1744-9449,1,0,0,0,0,0,0,0,0
HMIWP3ZZG_1333-8656-1845-9168,1,0,0,0,0,0,0,0,0
HMIWP3ZZG_1744-7401-2256-7913,1,0,0,0,0,0,0,0,0
HMIWP3ZZG_1744-8425-2256-8937,1,0,0,0,0,0,0,0,0
HMIWP3ZZG_1389-8150-1901-8662,1,0,0,0,0,0,0,0,0
HMIWP3ZZG_1744-7913-2256-8425,1,0,0,0,0,0,0,0,0
HMIWP3ZZG_1389-7126-1901-7638,1,0,0,0,0,0,0,0,0
HMIWP3ZZG_1389-7638-1901-8150,1,0,0,0,0,0,0,0,0
HMIWP3ZZG_1744-6889-2256-7401,1,0,0,0,0,0,0,0,0
HMIWP3ZZG_2129-4439-2641-4951,1,0,0,0,0,0,0,0,0
HMIWP3ZZG_2129-3415-2641-3927,1,0,0,0,0,0,0,0,0
HMIWP3ZZG_2256-5353-2768-5865,1,0,0,0,0,0,0,0,0
HMIWP3ZZG_2129-3927-2641-4439,1,0,0,0,0,0,0,0,0
HMIWP3ZZG_2256-8937-2768-9449,1,0,0,0,0,0,0,0,0
HMIWP3ZZG_2256-4841-2768-5353,1,0,0,0,0,0,0,0,0
HMIWP3ZZG_1744-8937-2256-9449,1,0,0,0,0,0,0,0,0
HMIWP3ZZG_1845-8656-2357-9168,1,0,0,0,0,0,0,0,0
HMIWP3ZZG_2129-2903-2641-3415,1,0,0,0,0,0,0,0,0
HMIWP3ZZG_2768-4329-3280-4841,1,0,0,0,0,0,0,0,0
HMIWP3ZZG_2731-3978-3243-4490,1,0,0,0,0,0,0,0,0
HMIWP3ZZG_3243-1930-3755-2442,1,0,0,0,0,0,0,0,0
HMIWP3ZZG_2768-8937-3280-9449,1,0,0,0,0,0,0,0,0
HMIWP3ZZG_3243-3466-3755-3978,1,0,0,0,0,0,0,0,0
HMIWP3ZZG_3243-2442-3755-2954,1,0,0,0,0,0,0,0,0
HMIWP3ZZG_3243-3978-3755-4490,1,0,0,0,0,0,0,0,0
HMIWP3ZZG_3243-2954-3755-3466,1,0,0,0,0,0,0,0,0
HMIWP3ZZG_3280-4329-3792-4841,1,0,0,0,0,0,0,0,0
HMIWP3ZZG_3681-2889-4193-3401,1,0,0,0,0,0,0,0,0
HMIWP3ZZG_3280-5353-3792-5865,1,0,0,0,0,0,0,0,0
HMIWP3ZZG_3280-4841-3792-5353,1,0,0,0,0,0,0,0,0
HMIWP3ZZG_3681-4425-4193-4937,1,0,0,0,0,0,0,0,0
HMIWP3ZZG_3681-3401-4193-3913,1,0,0,0,0,0,0,0,0
HMIWP3ZZG_3681-4937-4193-5449,1,0,0,0,0,0,0,0,0
HMIWP3ZZG_3681-3913-4193-4425,1,0,0,0,0,0,0,0,0
HMIWP3ZZG_3681-1865-4193-2377,1,0,0,0,0,0,0,0,0
HMIWP3ZZG_3280-8937-3792-9449,1,0,0,0,0,0,0,0,0
HMIWP3ZZG_3681-5449-4193-5961,1,0,0,0,0,0,0,0,0
HMIWP3ZZG_3681-5961-4193-6473,1,0,0,0,0,0,0,0,0
HMIWP3ZZG_3792-1257-4304-1769,1,0,0,0,0,0,0,0,0
HMIWP3ZZG_3686-7503-4198-8015,1,0,0,0,0,0,0,0,0
HMIWP3ZZG_3792-6889-4304-7401,1,0,0,0,0,0,0,0,0
HMIWP3ZZG_3792-7913-4304-8425,1,0,0,0,0,0,0,0,0
HMIWP3ZZG_3792-2281-4304-2793,1,0,0,0,0,0,0,0,0
HMIWP3ZZG_3792-6377-4304-6889,1,0,0,0,0,0,0,0,0
HMIWP3ZZG_3792-8425-4304-8937,1,0,0,0,0,0,0,0,0
HMIWP3ZZG_4178-528-4690-1040,1,0,0,0,0,0,0,0,0
HMIWP3ZZG_4181-3143-4693-3655,1,0,0,0,0,0,0,0,0
HMIWP3ZZG_4181-5191-4693-5703,1,0,0,0,0,0,0,0,0
HMIWP3ZZG_4181-4679-4693-5191,1,0,0,0,0,0,0,0,0
HMIWP3ZZG_4181-5703-4693-6215,1,0,0,0,0,0,0,0,0
HMIWP3ZZG_4181-6727-4693-7239,1,0,0,0,0,0,0,0,0
HMIWP3ZZG_4104-1645-4616-2157,1,0,0,0,0,0,0,0,0
HMIWP3ZZG_4181-6215-4693-6727,1,0,0,0,0,0,0,0,0
HMIWP3ZZG_3792-8937-4304-9449,1,0,0,0,0,0,0,0,0
HMIWP3ZZG_4304-1257-4816-1769,1,0,0,0,0,0,0,0,0
HMIWP3ZZG_4304-2281-4816-2793,1,0,0,0,0,0,0,0,0
HMIWP3ZZG_4304-8425-4816-8937,1,0,0,0,0,0,0,0,0
HMIWP3ZZG_4304-745-4816-1257,1,0,0,0,0,0,0,0,0
HMIWP3ZZG_4304-4329-4816-4841,1,0,0,0,0,0,0,0,0
HMIWP3ZZG_4304-2793-4816-3305,1,0,0,0,0,0,0,0,0
HMIWP3ZZG_4304-3817-4816-4329,1,0,0,0,0,0,0,0,0
HMIWP3ZZG_4620-2144-5132-2656,1,0,0,0,0,0,0,0,0
HMIWP3ZZG_4304-8937-4816-9449,1,0,0,0,0,0,0,0,0
HMIWP3ZZG_4636-1456-5148-1968,1,0,0,0,0,0,0,0,0
HMIWP3ZZG_4620-2656-5132-3168,1,0,0,0,0,0,0,0,0
HMIWP3ZZG_4655-5403-5167-5915,1,0,0,0,0,0,0,0,0
HMIWP3ZZG_4620-3168-5132-3680,1,0,0,0,0,0,0,0,0
HMIWP3ZZG_4636-944-5148-1456,1,0,0,0,0,0,0,0,0
HMIWP3ZZG_4655-4891-5167-5403,1,0,0,0,0,0,0,0,0
HMIWP3ZZG_4655-4379-5167-4891,1,0,0,0,0,0,0,0,0
HMIWP3ZZG_4620-3680-5132-4192,1,0,0,0,0,0,0,0,0
HMIWP3ZZG_4655-5915-5167-6427,1,0,0,0,0,0,0,0,0
HMIWP3ZZG_4816-2793-5328-3305,1,0,0,0,0,0,0,0,0
HMIWP3ZZG_4690-528-5202-1040,1,0,0,0,0,0,0,0,0
HMIWP3ZZG_4816-1257-5328-1769,1,0,0,0,0,0,0,0,0
HMIWP3ZZG_4816-2281-5328-2793,1,0,0,0,0,0,0,0,0
HMIWP3ZZG_4816-1769-5328-2281,1,0,0,0,0,0,0,0,0
HMIWP3ZZG_4816-3305-5328-3817,1,0,0,0,0,0,0,0,0
HMIWP3ZZG_4655-6427-5167-6939,1,0,0,0,0,0,0,0,0
HMIWP3ZZG_4816-6889-5328-7401,1,0,0,0,0,0,0,0,0
HMIWP3ZZG_4816-3817-5328-4329,1,0,0,0,0,0,0,0,0
HMIWP3ZZG_5021-2040-5533-2552,1,0,0,0,0,0,0,0,0
HMIWP3ZZG_5021-1528-5533-2040,1,0,0,0,0,0,0,0,0
HMIWP3ZZG_5328-745-5840-1257,1,0,0,0,0,0,0,0,0
HMIWP3ZZG_5328-1257-5840-1769,1,0,0,0,0,0,0,0,0
HMIWP3ZZG_4816-745-5328-1257,1,0,0,0,0,0,0,0,0
HMIWP3ZZG_5202-528-5714-1040,1,0,0,0,0,0,0,0,0
HMIWP3ZZG_5328-1769-5840-2281,1,0,0,0,0,0,0,0,0
HMIWP3ZZG_4816-8937-5328-9449,1,0,0,0,0,0,0,0,0
HMIWP3ZZG_5328-2281-5840-2793,1,0,0,0,0,0,0,0,0
HMIWP3ZZG_5654-3145-6166-3657,1,0,0,0,0,0,0,0,0
HMIWP3ZZG_5654-1097-6166-1609,1,0,0,0,0,0,0,0,0
HMIWP3ZZG_5654-2633-6166-3145,1,0,0,0,0,0,0,0,0
HMIWP3ZZG_5328-8937-5840-9449,1,0,0,0,0,0,0,0,0
HMIWP3ZZG_5654-2121-6166-2633,1,0,0,0,0,0,0,0,0
HMIWP3ZZG_5654-1609-6166-2121,1,0,0,0,0,0,0,0,0
HMIWP3ZZG_5714-528-6226-1040,1,0,0,0,0,0,0,0,0
HMIWP3ZZG_5840-1769-6352-2281,1,0,0,0,0,0,0,0,0
HMIWP3ZZG_5840-1257-6352-1769,1,0,0,0,0,0,0,0,0
HMIWP3ZZG_5840-3305-6352-3817,1,0,0,0,0,0,0,0,0
HMIWP3ZZG_5840-2793-6352-3305,1,0,0,0,0,0,0,0,0
HMIWP3ZZG_6019-8228-6531-8740,1,0,0,0,0,0,0,0,0
HMIWP3ZZG_5840-745-6352-1257,1,0,0,0,0,0,0,0,0
HMIWP3ZZG_5840-8937-6352-9449,1,0,0,0,0,0,0,0,0
HMIWP3ZZG_5840-7913-6352-8425,1,0,0,0,0,0,0,0,0
HMIWP3ZZG_5840-8425-6352-8937,1,0,0,0,0,0,0,0,0
HMIWP3ZZG_6065-8835-6577-9347,1,0,0,0,0,0,0,0,0
HMIWP3ZZG_5840-2281-6352-2793,1,0,0,0,0,0,0,0,0
HMIWP3ZZG_720-1769-1232-2281,1,0,0,0,0,0,0,0,0
HMIWP3ZZG_720-1257-1232-1769,1,0,0,0,0,0,0,0,0
HMIWP3ZZG_720-3817-1232-4329,1,0,0,0,0,0,0,0,0
HMIWP3ZZG_720-2793-1232-3305,1,0,0,0,0,0,0,0,0
HMIWP3ZZG_720-2281-1232-2793,1,0,0,0,0,0,0,0,0
HMIWP3ZZG_720-3305-1232-3817,1,0,0,0,0,0,0,0,0
HMIWP3ZZG_720-4329-1232-4841,1,0,0,0,0,0,0,0,0
HMIWP3ZZG_720-4841-1232-5353,1,0,0,0,0,0,0,0,0
HMIWP3ZZG_720-6377-1232-6889,1,0,0,0,0,0,0,0,0
HMIWP3ZZG_720-7401-1232-7913,1,0,0,0,0,0,0,0,0
HMIWP3ZZG_720-5865-1232-6377,1,0,0,0,0,0,0,0,0
HMIWP3ZZG_720-5353-1232-5865,1,0,0,0,0,0,0,0,0
HMIWP3ZZG_720-7913-1232-8425,1,0,0,0,0,0,0,0,0
HMIWP3ZZG_720-745-1232-1257,1,0,0,0,0,0,0,0,0
HMIWP3ZZG_720-8425-1232-8937,1,0,0,0,0,0,0,0,0
HMIWP3ZZG_720-6889-1232-7401,1,0,0,0,0,0,0,0,0
HMIWP3ZZG_720-8937-1232-9449,1,0,0,0,0,0,0,0,0
HMIWP3ZZG_974-3526-1486-4038,1,0,0,0,0,0,0,0,0
HMQJP9FTU_0-7031-512-7543,0,1,0,0,0,0,0,0,0
HMIWP3ZZG_974-4038-1486-4550,1,0,0,0,0,0,0,0,0
HMIWP3ZZG_974-4550-1486-5062,1,0,0,0,0,0,0,0,0
HMQJP9FTU_11-6603-523-7115,0,1,0,0,0,0,0,0,0
HMQJP9FTU_0-7459-512-7971,0,1,0,0,0,0,0,0,0
HMQJP9FTU_1046-5841-1558-6353,0,1,0,0,0,0,0,0,0
HPDPWAWB1_2171-8958-2683-9470,0,1,0,0,0,0,0,0,0
HPDPWAWB1_1812-7235-2324-7747,0,1,0,0,0,0,0,0,0
HNRZ7B4X9_1543-665-2055-1177,0,1,0,0,0,0,0,0,0
HMQJP9FTU_294-6966-806-7478,0,1,0,0,0,0,0,0,0
HPDPWAWB1_2324-7235-2836-7747,0,1,0,0,0,0,0,0,0
HPDPWAWB1_2324-6723-2836-7235,0,1,0,0,0,0,0,0,0
HPDPWAWB1_1812-7747-2324-8259,0,1,0,0,0,0,0,0,0
HMQJP9FTU_294-7478-806-7990,0,1,0,0,0,0,0,0,0
HPDPWAWB1_1812-6723-2324-7235,0,1,0,0,0,0,0,0,0
HPDPWAWB1_2683-8446-3195-8958,0,1,0,0,0,0,0,0,0
HPDPWAWB1_2171-8446-2683-8958,0,1,0,0,0,0,0,0,0
HPDPWAWB1_2683-8958-3195-9470,0,1,0,0,0,0,0,0,0
HPDPWAWB1_2836-6723-3348-7235,0,1,0,0,0,0,0,0,0
HPDPWAWB1_3707-8446-4219-8958,0,1,0,0,0,0,0,0,0
HPDPWAWB1_3195-8958-3707-9470,0,1,0,0,0,0,0,0,0
HPDPWAWB1_3195-8446-3707-8958,0,1,0,0,0,0,0,0,0
HPDPWAWB1_3707-8958-4219-9470,0,1,0,0,0,0,0,0,0
HPDPWAWB1_5317-10690-5829-11202,0,1,0,0,0,0,0,0,0
HPDPWAWB1_4567-8579-5079-9091,0,1,0,0,0,0,0,0,0
HPDPWAWB1_5317-11202-5829-11714,0,1,0,0,0,0,0,0,0
HPDPWAWB1_5829-11714-6341-12226,0,1,0,0,0,0,0,0,0
HPDPWAWB1_6033-1247-6545-1759,0,1,0,0,0,0,0,0,0
HPDPWAWB1_5317-11714-5829-12226,0,1,0,0,0,0,0,0,0
HPDPWAWB1_6545-1247-7057-1759,0,1,0,0,0,0,0,0,0
HPDPWAWB1_5829-11202-6341-11714,0,1,0,0,0,0,0,0,0
HQIAQEHIP_10331-2140-10843-2652,0,0,0,0,1,1,0,0,1
HQIAQEHIP_10172-8142-10684-8654,0,0,0,0,1,1,0,0,1
HQIAQEHIP_10334-1576-10846-2088,0,0,0,0,1,1,0,0,1
HPDPWAWB1_5829-10690-6341-11202,0,1,0,0,0,0,0,0,0
HQIAQEHIP_10360-2611-10872-3123,0,0,0,0,1,1,0,0,1
HQIAQEHIP_10442-7757-10954-8269,0,0,0,0,1,1,0,0,1
HQIAQEHIP_10421-4852-10933-5364,0,0,0,0,1,1,0,0,1
HQIAQEHIP_10400-5415-10912-5927,0,0,0,0,1,1,0,0,1
HQIAQEHIP_10397-3731-10909-4243,0,0,0,0,1,1,0,0,1
HQIAQEHIP_10445-1214-10957-1726,0,0,0,0,1,1,0,0,1
HQIAQEHIP_10473-1853-10985-2365,0,0,0,0,1,1,0,0,1
HQIAQEHIP_10445-702-10957-1214,0,0,0,0,1,1,0,0,1
HQIAQEHIP_10519-2438-11031-2950,0,0,0,0,1,1,0,0,1
HQIAQEHIP_1046-7455-1558-7967,0,0,0,0,1,1,0,0,1
HQIAQEHIP_1046-5232-1558-5744,0,0,0,0,1,1,0,0,1
HQIAQEHIP_1045-1417-1557-1929,0,0,0,0,1,1,0,0,1
HQIAQEHIP_1048-6724-1560-7236,0,0,0,0,1,1,0,0,1
HQIAQEHIP_1049-7097-1561-7609,0,0,0,0,1,1,0,0,1
HQIAQEHIP_1049-2193-1561-2705,0,0,0,0,1,1,0,0,1
HQIAQEHIP_1051-7819-1563-8331,0,0,0,0,1,1,0,0,1
HQIAQEHIP_10519-2950-11031-3462,0,0,0,0,1,1,0,0,1
HQIAQEHIP_10519-3974-11031-4486,0,0,0,0,1,1,0,0,1
HQIAQEHIP_10519-3462-11031-3974,0,0,0,0,1,1,0,0,1
HQIAQEHIP_1054-4477-1566-4989,0,0,0,0,1,1,0,0,1
HQIAQEHIP_1052-1810-1564-2322,0,0,0,0,1,1,0,0,1
HQIAQEHIP_10541-6012-11053-6524,0,0,0,0,1,1,0,0,1
HQIAQEHIP_10519-4486-11031-4998,0,0,0,0,1,1,0,0,1
HQIAQEHIP_10541-6524-11053-7036,0,0,0,0,1,1,0,0,1
HQIAQEHIP_2000-1059-2512-1571,0,0,0,0,0,1,0,0,0
HQIAQEHIP_10564-6960-11076-7472,0,0,0,0,1,1,0,0,1
HQIAQEHIP_10648-529-11160-1041,0,0,0,0,0,0,0,0,1
HQIAQEHIP_1055-2573-1567-3085,0,0,0,0,1,1,0,0,1
HQIAQEHIP_1055-5605-1567-6117,0,0,0,0,1,1,0,0,1
HQIAQEHIP_10564-7984-11076-8496,0,0,0,0,1,1,0,0,1
HQIAQEHIP_10561-5605-11073-6117,0,0,0,0,1,1,0,0,1
HQIAQEHIP_1057-3340-1569-3852,0,0,0,0,1,1,0,0,1
HQIAQEHIP_10564-7472-11076-7984,0,0,0,0,1,1,0,0,1
HQIAQEHIP_1057-2954-1569-3466,0,0,0,0,1,1,0,0,1
HQIAQEHIP_1488-1059-2000-1571,0,0,0,0,0,1,0,0,0
HQIAQEHIP_4546-8268-5058-8780,0,0,0,0,0,1,0,0,0
HQIAQEHIP_2092-8213-2604-8725,0,0,0,0,1,0,0,0,0
HQIAQEHIP_6135-7706-6647-8218,0,0,0,0,0,1,0,0,1
HQIAQEHIP_5570-8268-6082-8780,0,0,0,0,0,1,0,0,0
HQIAQEHIP_5058-8268-5570-8780,0,0,0,0,0,1,0,0,0
HQIAQEHIP_6122-8147-6634-8659,0,0,0,0,0,1,0,0,1
HQIAQEHIP_6232-865-6744-1377,0,0,0,0,0,1,0,0,0
HQIAQEHIP_6198-7383-6710-7895,0,0,0,0,0,1,0,0,1
HQIAQEHIP_6469-7551-6981-8063,0,0,0,0,0,0,0,0,1
HQIAQEHIP_6744-865-7256-1377,0,0,0,0,0,1,0,0,0
HQIAQEHIP_8659-807-9171-1319,0,0,0,0,0,1,0,0,0
HQIAQEHIP_8385-8081-8897-8593,0,0,0,0,0,1,0,0,1
HQIAQEHIP_7256-865-7768-1377,0,0,0,0,0,1,0,0,0
HQIAQEHIP_8636-8142-9148-8654,0,0,0,0,0,1,0,0,1
HQIAQEHIP_8392-7539-8904-8051,0,0,0,0,0,1,0,0,1
HQIAQEHIP_879-6357-1391-6869,0,0,0,0,1,1,0,0,1
HQIAQEHIP_818-4101-1330-4613,0,0,0,0,1,1,0,0,1
HQIAQEHIP_8372-7212-8884-7724,0,0,0,0,0,1,0,0,1
HQIAQEHIP_893-4816-1405-5328,0,0,0,0,1,1,0,0,1
HQIAQEHIP_884-8558-1396-9070,0,0,0,0,1,1,0,0,1
HQIAQEHIP_903-1098-1415-1610,0,0,0,0,1,1,0,0,1
HQIAQEHIP_908-3589-1420-4101,0,0,0,0,1,1,0,0,1
HQIAQEHIP_914-5960-1426-6472,0,0,0,0,1,1,0,0,1
HQIAQEHIP_903-8076-1415-8588,0,0,0,0,1,1,0,0,1
HRBK2HHE9_3103-522-3615-1034,0,0,0,0,0,1,0,0,0
HRBK2HHE9_4657-552-5169-1064,0,0,0,0,0,1,0,0,0
HRBK2HHE9_3111-5839-3623-6351,0,0,0,0,0,1,0,0,0
HQIAQEHIP_9148-8142-9660-8654,0,0,0,0,0,1,0,0,0
HRBK2HHE9_3615-522-4127-1034,0,0,0,0,0,1,0,0,0
HRBK2HHE9_2586-534-3098-1046,0,0,0,0,0,1,0,0,0
HRBK2HHE9_4555-5840-5067-6352,0,0,0,0,0,1,0,0,0
HRBK2HHE9_4065-535-4577-1047,0,0,0,0,0,1,0,0,0
HRBK2HHE9_3623-5839-4135-6351,0,0,0,0,0,1,0,0,1
HRBK2HHE9_3907-5815-4419-6327,0,0,0,0,0,1,0,0,1
HQIAQEHIP_9660-8142-10172-8654,0,0,0,0,0,1,0,0,0
HRBK2HHE9_4900-5849-5412-6361,0,0,0,0,0,1,0,0,0
HRBK2HHE9_5224-5848-5736-6360,0,0,0,0,0,1,0,0,0
HRBK2HHE9_5169-552-5681-1064,0,0,0,0,0,1,0,0,0
HTP84QQ6J_2064-4342-2576-4854,0,0,0,0,1,0,0,0,0
HRBK2HHE9_5552-5862-6064-6374,0,0,0,0,0,1,0,0,0
HRBK2HHE9_5582-841-6094-1353,0,0,0,0,0,1,0,0,0
HTP84QQ6J_2172-3781-2684-4293,0,0,1,0,0,0,0,0,0
HTP84QQ6J_3386-471-3898-983,0,0,1,0,0,0,0,0,0
HTP84QQ6J_2572-2703-3084-3215,0,0,1,0,0,0,0,0,0
HTP84QQ6J_3059-5732-3571-6244,0,0,1,0,0,0,0,0,0
HTP84QQ6J_3636-4923-4148-5435,0,0,0,0,1,0,0,0,0
HTP84QQ6J_3571-5220-4083-5732,0,0,1,0,1,0,0,0,0
HTP84QQ6J_3818-4666-4330-5178,0,0,0,0,1,0,0,0,0
HTP84QQ6J_4234-4148-4746-4660,0,0,0,0,1,0,0,0,0
HTP84QQ6J_2387-4524-2899-5036,0,0,0,0,1,1,0,0,0
HTP84QQ6J_4509-3118-5021-3630,0,0,0,0,1,0,0,0,0
HTP84QQ6J_5795-1341-6307-1853,0,0,0,0,0,1,0,0,0
HTP84QQ6J_3059-5220-3571-5732,0,0,1,0,1,0,0,0,0
HTP84QQ6J_737-1274-1249-1786,0,0,0,0,1,1,0,0,0
HU3IM6IY6_12770-7214-13282-7726,0,0,0,0,0,1,0,0,0
HTP84QQ6J_886-1466-1398-1978,0,0,0,0,1,1,0,0,0
HUJT6Y11L_1542-1341-2054-1853,0,0,0,0,0,0,1,0,0
HUINUHBIL_11996-1365-12508-1877,0,0,1,0,0,0,0,0,0
HU3IM6IY6_13282-7214-13794-7726,0,0,0,0,0,1,0,0,0
HUJT6Y11L_1542-1853-2054-2365,0,0,0,0,0,0,1,0,0
HUP1ZU8EZ_10010-525-10522-1037,0,1,0,0,0,0,0,0,0
HUP1ZU8EZ_10522-1037-11034-1549,0,1,0,0,0,0,0,0,0
HUP1ZU8EZ_10010-1037-10522-1549,0,1,0,0,0,0,0,0,0
HUJT6Y11L_2054-1341-2566-1853,0,0,0,0,0,0,1,0,0
HUP1ZU8EZ_10522-1549-11034-2061,0,1,0,0,0,0,0,0,0
HUP1ZU8EZ_10522-525-11034-1037,0,1,0,0,0,0,0,0,0
HUP1ZU8EZ_1686-980-2198-1492,0,1,0,0,0,0,0,0,0
HUP1ZU8EZ_1686-468-2198-980,0,1,0,0,0,0,0,0,0
HUP1ZU8EZ_1174-1492-1686-2004,0,1,0,0,0,0,0,0,0
HUP1ZU8EZ_1174-468-1686-980,0,1,0,0,0,0,0,0,0
HUP1ZU8EZ_1174-980-1686-1492,0,1,0,0,0,0,0,0,0
HUP1ZU8EZ_2198-468-2710-980,0,1,0,0,0,0,0,0,0
HUP1ZU8EZ_8775-4343-9287-4855,0,1,0,0,0,0,0,0,0
HUP1ZU8EZ_9287-4343-9799-4855,0,1,0,0,0,0,0,0,0
HUP1ZU8EZ_9799-4855-10311-5367,0,1,0,0,0,0,0,0,0
HUP1ZU8EZ_9287-4855-9799-5367,0,1,0,0,0,0,0,0,0
HVTWCILD3_10138-4471-10650-4983,0,0,0,0,1,0,0,0,0
HUP1ZU8EZ_9498-525-10010-1037,0,1,0,0,0,0,0,0,0
HVTWCILD3_10266-1659-10778-2171,0,0,0,0,1,0,0,0,0
HVTWCILD3_2137-2544-2649-3056,0,0,0,0,1,0,0,0,0
HVTWCILD3_10427-2436-10939-2948,0,0,0,0,1,0,0,0,0
HVTWCILD3_3100-2868-3612-3380,0,0,0,0,1,0,0,0,0
HVTWCILD3_1709-2317-2221-2829,0,0,0,0,1,0,0,0,0
HVTWCILD3_10307-2097-10819-2609,0,0,0,0,1,0,0,0,0
HVTWCILD3_10346-1055-10858-1567,0,0,0,0,1,0,0,0,0
HVTWCILD3_4216-3560-4728-4072,0,0,0,0,1,0,0,0,0
HVTWCILD3_3632-3226-4144-3738,0,0,0,0,1,0,0,0,0
HVTWCILD3_4973-3901-5485-4413,0,0,0,0,1,0,0,0,0
HVTWCILD3_5644-4221-6156-4733,0,0,0,0,1,0,0,0,0
HVTWCILD3_773-1366-1285-1878,0,0,0,0,1,0,0,0,0
HVTWCILD3_825-2204-1337-2716,0,0,0,0,1,0,0,0,0
HVTWCILD3_793-1841-1305-2353,0,0,0,0,1,0,0,0,0
HWGDLXCLT_1733-3773-2245-4285,0,0,0,0,1,1,0,0,1
HWGDLXCLT_1300-3773-1812-4285,0,0,0,0,1,1,0,0,0
HWGDLXCLT_1615-1353-2127-1865,0,0,0,0,0,1,0,0,0
HWGDLXCLT_1080-361-1592-873,0,0,1,0,1,1,0,0,0
HWGDLXCLT_1256-745-1768-1257,0,0,1,0,0,1,0,0,1
HWGDLXCLT_1503-199-2015-711,0,0,0,0,1,1,0,0,0
HWGDLXCLT_2019-3767-2531-4279,0,0,0,0,1,1,0,0,1
HWGDLXCLT_2320-2711-2832-3223,0,0,0,0,0,1,0,0,0
HWGDLXCLT_2050-1597-2562-2109,0,0,1,0,0,1,0,0,1
HWGDLXCLT_218-3807-730-4319,0,0,0,0,1,1,0,0,0
HWGDLXCLT_2301-1520-2813-2032,0,0,1,0,0,1,0,0,0
HWGDLXCLT_2349-3819-2861-4331,0,0,0,0,1,1,0,0,0
HWGDLXCLT_2596-3755-3108-4267,0,0,0,0,1,1,0,0,0
HWGDLXCLT_3036-2728-3548-3240,0,0,0,0,0,1,0,0,0
HWGDLXCLT_2896-3755-3408-4267,0,0,0,0,1,1,0,0,0
HWGDLXCLT_3343-1243-3855-1755,0,0,1,0,0,0,0,0,0
HWGDLXCLT_3565-3798-4077-4310,0,0,0,0,1,1,0,0,0
HWGDLXCLT_3433-151-3945-663,0,0,1,0,0,1,0,0,1
HWGDLXCLT_3827-3747-4339-4259,0,0,0,0,1,0,0,0,0
HWGDLXCLT_3674-709-4186-1221,0,0,1,0,0,0,0,0,0
HWGDLXCLT_3611-319-4123-831,0,0,1,0,0,1,0,0,1
HWGDLXCLT_4369-3734-4881-4246,0,0,0,0,1,1,0,0,0
HWGDLXCLT_4737-3726-5249-4238,0,0,0,0,1,0,0,0,0
HWGDLXCLT_5105-113-5617-625,0,0,0,0,1,1,0,0,0
HWGDLXCLT_4658-130-5170-642,0,0,0,0,1,1,0,0,0
HWGDLXCLT_5363-1784-5875-2296,0,0,1,0,0,1,0,0,0
HWGDLXCLT_5403-107-5915-619,0,0,0,0,1,1,0,0,0
HWGDLXCLT_4369-132-4881-644,0,0,1,0,1,1,0,0,1
HWGDLXCLT_5848-101-6360-613,0,0,0,0,1,0,0,0,0
HWGDLXCLT_5607-2117-6119-2629,0,0,1,0,0,0,0,0,0
HWGDLXCLT_5839-3747-6351-4259,0,0,0,0,1,1,0,0,0
HWGDLXCLT_582-3791-1094-4303,0,0,0,0,1,1,0,0,0
HWGDLXCLT_6119-2117-6631-2629,0,0,1,0,0,0,0,0,0
HWGDLXCLT_6242-3741-6754-4253,0,0,0,0,1,1,0,0,0
HWGDLXCLT_6432-90-6944-602,0,0,0,0,1,0,0,0,0
HWGDLXCLT_6556-2104-7068-2616,0,0,0,0,0,1,0,0,1
HWGDLXCLT_7116-2212-7628-2724,0,0,0,0,0,1,0,0,0
HWGDLXCLT_7031-3726-7543-4238,0,0,0,0,1,1,0,0,0
HWGDLXCLT_6640-3734-7152-4246,0,0,0,0,1,1,0,0,0
HWGDLXCLT_6756-2285-7268-2797,0,0,0,0,0,1,0,0,1
HWGDLXCLT_7232-2922-7744-3434,0,0,0,0,1,0,0,0,0
HWGDLXCLT_670-214-1182-726,0,0,1,0,1,1,0,0,0
HWGDLXCLT_764-491-1276-1003,0,0,1,0,1,1,0,0,1
HWGDLXCLT_7234-3273-7746-3785,0,0,0,0,1,1,0,0,0
HWGDLXCLT_7213-2553-7725-3065,0,0,0,0,1,1,0,0,0
HXAKBCBWD_1460-2183-1972-2695,0,0,1,0,0,0,0,0,0
HXAKBCBWD_1124-3953-1636-4465,0,0,1,0,0,0,0,0,0
HXAKBCBWD_1822-472-2334-984,0,0,1,0,0,0,0,0,0
HWGDLXCLT_872-3785-1384-4297,0,0,0,0,1,1,0,0,0
HXAKBCBWD_1931-4058-2443-4570,0,0,1,0,0,0,0,0,0
HXAKBCBWD_1462-604-1974-1116,0,0,1,0,0,0,0,0,0
HXAKBCBWD_2380-1807-2892-2319,0,0,1,0,0,0,0,0,0
HXAKBCBWD_2107-1872-2619-2384,0,0,1,0,0,0,0,0,0
HXAKBCBWD_2395-460-2907-972,0,0,1,0,0,0,0,0,0
HXAKBCBWD_2443-4058-2955-4570,0,0,1,0,0,0,0,0,0
HXAKBCBWD_2850-502-3362-1014,0,0,1,0,0,0,0,0,0
HXAKBCBWD_2876-2991-3388-3503,0,0,1,0,0,0,0,0,0
HXAKBCBWD_2824-1788-3336-2300,0,0,1,0,0,0,0,0,0
HXAKBCBWD_2955-4058-3467-4570,0,0,1,0,0,0,0,0,0
HXAKBCBWD_2673-3721-3185-4233,0,0,1,0,0,0,0,0,0
HXAKBCBWD_3157-3065-3669-3577,0,0,1,0,0,0,0,0,0
HXAKBCBWD_3357-942-3869-1454,0,0,1,0,0,0,0,0,0
HXAKBCBWD_2978-3481-3490-3993,0,0,1,0,0,0,0,0,0
HXAKBCBWD_3415-574-3927-1086,0,0,1,0,0,0,0,0,0
HXAKBCBWD_3467-4058-3979-4570,0,0,1,0,0,0,0,0,0
HXAKBCBWD_3927-1086-4439-1598,0,0,1,0,0,0,0,0,0
HXAKBCBWD_3717-2368-4229-2880,0,0,1,0,0,0,0,0,0
HXAKBCBWD_3385-1800-3897-2312,0,0,1,0,0,0,0,0,0
HXAKBCBWD_3185-3721-3697-4233,0,0,1,0,0,0,0,0,0
HXAKBCBWD_3927-574-4439-1086,0,0,1,0,0,0,0,0,0
HXAKBCBWD_3932-3783-4444-4295,0,0,1,0,0,0,0,0,0
HXAKBCBWD_4444-3783-4956-4295,0,0,1,0,0,0,0,0,0
HXAKBCBWD_3932-4295-4444-4807,0,0,1,0,0,0,0,0,0
HXAKBCBWD_4035-2086-4547-2598,0,0,1,0,0,0,0,0,0
HXAKBCBWD_4094-1286-4606-1798,0,0,1,0,0,0,0,0,0
HXAKBCBWD_4439-1086-4951-1598,0,0,1,0,0,0,0,0,0
HXAKBCBWD_4439-574-4951-1086,0,0,1,0,0,0,0,0,0
HXAKBCBWD_4386-2687-4898-3199,0,0,1,0,0,0,0,0,0
HXAKBCBWD_4606-1286-5118-1798,0,0,1,0,0,0,0,0,0
HXAKBCBWD_4386-2175-4898-2687,0,0,1,0,0,0,0,0,0
HXAKBCBWD_4444-4295-4956-4807,0,0,1,0,0,0,0,0,0
HXAKBCBWD_4525-3048-5037-3560,0,0,1,0,0,0,0,0,0
HXAKBCBWD_4898-2687-5410-3199,0,0,1,0,0,0,0,0,0
HXAKBCBWD_4951-1086-5463-1598,0,0,1,0,0,0,0,0,0
HXAKBCBWD_4898-2175-5410-2687,0,0,1,0,0,0,0,0,0
HXAKBCBWD_4966-3825-5478-4337,0,0,1,0,0,0,0,0,0
HXAKBCBWD_4951-574-5463-1086,0,0,1,0,0,0,0,0,0
HXAKBCBWD_5118-1286-5630-1798,0,0,1,0,0,0,0,0,0
HXAKBCBWD_4973-3017-5485-3529,0,0,1,0,0,0,0,0,0
HXAKBCBWD_5256-3104-5768-3616,0,0,1,0,0,0,0,0,0
HXAKBCBWD_5410-2175-5922-2687,0,0,1,0,0,0,0,0,0
HXAKBCBWD_5327-3573-5839-4085,0,0,1,0,0,0,0,0,0
HXAKBCBWD_5975-574-6487-1086,0,0,1,0,0,0,0,0,0
HXAKBCBWD_5975-1086-6487-1598,0,0,1,0,0,0,0,0,0
HXAKBCBWD_5463-1086-5975-1598,0,0,1,0,0,0,0,0,0
HXAKBCBWD_5516-4062-6028-4574,0,0,1,0,0,0,0,0,0
HXAKBCBWD_6028-4062-6540-4574,0,0,1,0,0,0,0,0,0
HXAKBCBWD_5463-574-5975-1086,0,0,1,0,0,0,0,0,0
HXAKBCBWD_5555-1330-6067-1842,0,0,1,0,0,0,0,0,0
HXAKBCBWD_6067-1330-6579-1842,0,0,1,0,0,0,0,0,0
HXAKBCBWD_6067-1842-6579-2354,0,0,1,0,0,0,0,0,0
HXAKBCBWD_5410-2687-5922-3199,0,0,1,0,0,0,0,0,0
HXAKBCBWD_6386-3273-6898-3785,0,0,1,0,0,0,0,0,0
HXAKBCBWD_6241-2849-6753-3361,0,0,1,0,0,0,0,0,0
HXAKBCBWD_6411-2326-6923-2838,0,0,1,0,0,0,0,0,0
HXAKBCBWD_6487-1086-6999-1598,0,0,1,0,0,0,0,0,0
HXAKBCBWD_6487-574-6999-1086,0,0,1,0,0,0,0,0,0
HXAKBCBWD_6999-1086-7511-1598,0,0,1,0,0,0,0,0,0
HXAKBCBWD_6935-3578-7447-4090,0,0,1,0,0,0,0,0,0
HXAKBCBWD_6935-2554-7447-3066,0,0,1,0,0,0,0,0,0
HXAKBCBWD_7447-2554-7959-3066,0,0,1,0,0,0,0,0,0
HXAKBCBWD_6569-3122-7081-3634,0,0,1,0,0,0,0,0,0
HXAKBCBWD_6935-3066-7447-3578,0,0,1,0,0,0,0,0,0
HXAKBCBWD_6579-1842-7091-2354,0,0,1,0,0,0,0,0,0
HXAKBCBWD_6753-2849-7265-3361,0,0,1,0,0,0,0,0,0
HXAKBCBWD_6935-4090-7447-4602,0,0,1,0,0,0,0,0,0
HXAKBCBWD_6579-1330-7091-1842,0,0,1,0,0,0,0,0,0
HXAKBCBWD_6999-574-7511-1086,0,0,1,0,0,0,0,0,0
HXAKBCBWD_7091-1842-7603-2354,0,0,1,0,0,0,0,0,0
HXAKBCBWD_7447-3578-7959-4090,0,0,1,0,0,0,0,0,0
HXAKBCBWD_7447-3066-7959-3578,0,0,1,0,0,0,0,0,0
HXAKBCBWD_7091-1330-7603-1842,0,0,1,0,0,0,0,0,0
HXAKBCBWD_7447-4090-7959-4602,0,0,1,0,0,0,0,0,0
HXAKBCBWD_7511-1086-8023-1598,0,0,1,0,0,0,0,0,0
HXAKBCBWD_7959-2554-8471-3066,0,0,1,0,0,0,0,0,0
HXAKBCBWD_7959-3066-8471-3578,0,0,1,0,0,0,0,0,0
HXAKBCBWD_7511-574-8023-1086,0,0,1,0,0,0,0,0,0
HXAKBCBWD_8274-834-8786-1346,0,0,1,0,0,0,0,0,0
HXAKBCBWD_7959-4090-8471-4602,0,0,1,0,0,0,0,0,0
HXAKBCBWD_7603-1330-8115-1842,0,0,1,0,0,0,0,0,0
HXAKBCBWD_8471-3578-8983-4090,0,0,1,0,0,0,0,0,0
HXAKBCBWD_8471-2554-8983-3066,0,0,1,0,0,0,0,0,0
HXAKBCBWD_7920-2062-8432-2574,0,0,1,0,0,0,0,0,0
HXAKBCBWD_8157-2272-8669-2784,0,0,1,0,0,0,0,0,0
HXAKBCBWD_8023-1086-8535-1598,0,0,1,0,0,0,0,0,0
HXAKBCBWD_8023-574-8535-1086,0,0,1,0,0,0,0,0,0
HXAKBCBWD_7603-1842-8115-2354,0,0,1,0,0,0,0,0,0
HXAKBCBWD_7959-3578-8471-4090,0,0,1,0,0,0,0,0,0
HXAKBCBWD_8471-3066-8983-3578,0,0,1,0,0,0,0,0,0
HXAKBCBWD_8535-1086-9047-1598,0,0,1,0,0,0,0,0,0
HXAKBCBWD_8471-4090-8983-4602,0,0,1,0,0,0,0,0,0
HXAKBCBWD_8535-574-9047-1086,0,0,1,0,0,0,0,0,0
HXKTUXAMM_1062-2846-1574-3358,1,0,0,0,0,0,0,0,0
HXKTUXAMM_10175-8245-10687-8757,1,0,0,0,0,0,0,0,0
HXKTUXAMM_10102-1170-10614-1682,1,0,0,0,0,0,0,0,0
HXKTUXAMM_10374-3791-10886-4303,1,0,0,0,0,0,0,0,0
HXKTUXAMM_10220-2567-10732-3079,1,0,0,0,0,0,0,0,0
HXKTUXAMM_10278-3358-10790-3870,1,0,0,0,0,0,0,0,0
HXKTUXAMM_10364-4962-10876-5474,1,0,0,0,0,0,0,0,0
HXKTUXAMM_10614-1170-11126-1682,1,0,0,0,0,0,0,0,0
HXKTUXAMM_10215-5173-10727-5685,1,0,0,0,0,0,0,0,0
HXKTUXAMM_1004-2567-1516-3079,1,0,0,0,0,0,0,0,0
HXKTUXAMM_10220-3079-10732-3591,1,0,0,0,0,0,0,0,0
HXKTUXAMM_1062-3870-1574-4382,1,0,0,0,0,0,0,0,0
HXKTUXAMM_1062-4382-1574-4894,1,0,0,0,0,0,0,0,0
HXKTUXAMM_1062-3358-1574-3870,1,0,0,0,0,0,0,0,0
HXKTUXAMM_10687-8245-11199-8757,1,0,0,0,0,0,0,0,0
HXKTUXAMM_10727-5173-11239-5685,1,0,0,0,0,0,0,0,0
HXKTUXAMM_10732-2567-11244-3079,1,0,0,0,0,0,0,0,0
HXKTUXAMM_10790-3358-11302-3870,1,0,0,0,0,0,0,0,0
HXKTUXAMM_11244-2567-11756-3079,1,0,0,0,0,0,0,0,0
HXKTUXAMM_10732-3079-11244-3591,1,0,0,0,0,0,0,0,0
HXKTUXAMM_10876-4962-11388-5474,1,0,0,0,0,0,0,0,0
HXKTUXAMM_11199-8245-11711-8757,1,0,0,0,0,0,0,0,0
HXKTUXAMM_10886-3791-11398-4303,1,0,0,0,0,0,0,0,0
HXKTUXAMM_11388-4962-11900-5474,1,0,0,0,0,0,0,0,0
HXKTUXAMM_1124-971-1636-1483,1,0,0,0,0,0,0,0,0
HXKTUXAMM_11398-3791-11910-4303,1,0,0,0,0,0,0,0,0
HXKTUXAMM_11244-3079-11756-3591,1,0,0,0,0,0,0,0,0
HXKTUXAMM_1148-4962-1660-5474,1,0,0,0,0,0,0,0,0
HXKTUXAMM_11126-1170-11638-1682,1,0,0,0,0,0,0,0,0
HXKTUXAMM_11239-5173-11751-5685,1,0,0,0,0,0,0,0,0
HXKTUXAMM_11302-3358-11814-3870,1,0,0,0,0,0,0,0,0
HXKTUXAMM_11638-1170-12150-1682,1,0,0,0,0,0,0,0,0
HXKTUXAMM_11711-7733-12223-8245,1,0,0,0,0,0,0,0,0
HXKTUXAMM_11711-8245-12223-8757,1,0,0,0,0,0,0,0,0
HXKTUXAMM_11751-5173-12263-5685,1,0,0,0,0,0,0,0,0
HXKTUXAMM_12223-8245-12735-8757,1,0,0,0,0,0,0,0,0
HXKTUXAMM_11910-3791-12422-4303,1,0,0,0,0,0,0,0,0
HXKTUXAMM_11756-3079-12268-3591,1,0,0,0,0,0,0,0,0
HXKTUXAMM_11900-4450-12412-4962,1,0,0,0,0,0,0,0,0
HXKTUXAMM_11756-2567-12268-3079,1,0,0,0,0,0,0,0,0
HXKTUXAMM_11900-4962-12412-5474,1,0,0,0,0,0,0,0,0
HXKTUXAMM_11814-3358-12326-3870,1,0,0,0,0,0,0,0,0
HXKTUXAMM_12268-2567-12780-3079,1,0,0,0,0,0,0,0,0
HXKTUXAMM_12326-2846-12838-3358,1,0,0,0,0,0,0,0,0
HXKTUXAMM_12223-7733-12735-8245,1,0,0,0,0,0,0,0,0
HXKTUXAMM_12263-5173-12775-5685,1,0,0,0,0,0,0,0,0
HXKTUXAMM_12150-1170-12662-1682,1,0,0,0,0,0,0,0,0
HXKTUXAMM_12326-3358-12838-3870,1,0,0,0,0,0,0,0,0
HXKTUXAMM_12412-4450-12924-4962,1,0,0,0,0,0,0,0,0
HXKTUXAMM_12412-4962-12924-5474,1,0,0,0,0,0,0,0,0
HXKTUXAMM_12422-3791-12934-4303,1,0,0,0,0,0,0,0,0
HXKTUXAMM_12662-1170-13174-1682,1,0,0,0,0,0,0,0,0
HXKTUXAMM_12735-7733-13247-8245,1,0,0,0,0,0,0,0,0
HXKTUXAMM_12934-3791-13446-4303,1,0,0,0,0,0,0,0,0
HXKTUXAMM_12735-8245-13247-8757,1,0,0,0,0,0,0,0,0
HXKTUXAMM_12838-3358-13350-3870,1,0,0,0,0,0,0,0,0
HXKTUXAMM_12780-2567-13292-3079,1,0,0,0,0,0,0,0,0
HXKTUXAMM_12775-5173-13287-5685,1,0,0,0,0,0,0,0,0
HXKTUXAMM_1312-5199-1824-5711,1,0,0,0,0,0,0,0,0
HXKTUXAMM_13247-7733-13759-8245,1,0,0,0,0,0,0,0,0
HXKTUXAMM_12838-2846-13350-3358,1,0,0,0,0,0,0,0,0
HXKTUXAMM_12924-4450-13436-4962,1,0,0,0,0,0,0,0,0
HXKTUXAMM_13287-5173-13799-5685,1,0,0,0,0,0,0,0,0
HXKTUXAMM_13247-8245-13759-8757,1,0,0,0,0,0,0,0,0
HXKTUXAMM_13174-1170-13686-1682,1,0,0,0,0,0,0,0,0
HXKTUXAMM_12924-4962-13436-5474,1,0,0,0,0,0,0,0,0
HXKTUXAMM_13292-2567-13804-3079,1,0,0,0,0,0,0,0,0
HXKTUXAMM_13350-2846-13862-3358,1,0,0,0,0,0,0,0,0
HXKTUXAMM_13436-4962-13948-5474,1,0,0,0,0,0,0,0,0
HXKTUXAMM_13436-4450-13948-4962,1,0,0,0,0,0,0,0,0
HXKTUXAMM_13446-3279-13958-3791,1,0,0,0,0,0,0,0,0
HXKTUXAMM_13759-8245-14271-8757,1,0,0,0,0,0,0,0,0
HXKTUXAMM_13862-2846-14374-3358,1,0,0,0,0,0,0,0,0
HXKTUXAMM_13759-7733-14271-8245,1,0,0,0,0,0,0,0,0
HXKTUXAMM_13446-3791-13958-4303,1,0,0,0,0,0,0,0,0
HXKTUXAMM_14198-1170-14710-1682,1,0,0,0,0,0,0,0,0
HXKTUXAMM_14271-7733-14783-8245,1,0,0,0,0,0,0,0,0
HXKTUXAMM_13686-1170-14198-1682,1,0,0,0,0,0,0,0,0
HXKTUXAMM_13799-5173-14311-5685,1,0,0,0,0,0,0,0,0
HXKTUXAMM_13948-4962-14460-5474,1,0,0,0,0,0,0,0,0
HXKTUXAMM_13948-4450-14460-4962,1,0,0,0,0,0,0,0,0
HXKTUXAMM_13958-3791-14470-4303,1,0,0,0,0,0,0,0,0
HXKTUXAMM_13958-3279-14470-3791,1,0,0,0,0,0,0,0,0
HXKTUXAMM_13804-2567-14316-3079,1,0,0,0,0,0,0,0,0
HXKTUXAMM_14271-8245-14783-8757,1,0,0,0,0,0,0,0,0
HXKTUXAMM_14311-5173-14823-5685,1,0,0,0,0,0,0,0,0
HXKTUXAMM_14316-2567-14828-3079,1,0,0,0,0,0,0,0,0
HXKTUXAMM_14374-2846-14886-3358,1,0,0,0,0,0,0,0,0
HXKTUXAMM_1471-8245-1983-8757,1,0,0,0,0,0,0,0,0
HXKTUXAMM_1471-7733-1983-8245,1,0,0,0,0,0,0,0,0
HXKTUXAMM_14710-1170-15222-1682,1,0,0,0,0,0,0,0,0
HXKTUXAMM_14783-7733-15295-8245,1,0,0,0,0,0,0,0,0
HXKTUXAMM_14886-2846-15398-3358,1,0,0,0,0,0,0,0,0
HXKTUXAMM_14470-3279-14982-3791,1,0,0,0,0,0,0,0,0
HXKTUXAMM_14783-8245-15295-8757,1,0,0,0,0,0,0,0,0
HXKTUXAMM_14470-3791-14982-4303,1,0,0,0,0,0,0,0,0
HXKTUXAMM_14460-4450-14972-4962,1,0,0,0,0,0,0,0,0
HXKTUXAMM_14460-4962-14972-5474,1,0,0,0,0,0,0,0,0
HXKTUXAMM_14717-2036-15229-2548,1,0,0,0,0,0,0,0,0
HXKTUXAMM_14972-4450-15484-4962,1,0,0,0,0,0,0,0,0
HXKTUXAMM_14823-5173-15335-5685,1,0,0,0,0,0,0,0,0
HXKTUXAMM_14828-2567-15340-3079,1,0,0,0,0,0,0,0,0
HXKTUXAMM_14972-4962-15484-5474,1,0,0,0,0,0,0,0,0
HXKTUXAMM_14982-3279-15494-3791,1,0,0,0,0,0,0,0,0
HXKTUXAMM_1516-2567-2028-3079,1,0,0,0,0,0,0,0,0
HXKTUXAMM_14982-3791-15494-4303,1,0,0,0,0,0,0,0,0
HXKTUXAMM_15295-7733-15807-8245,1,0,0,0,0,0,0,0,0
HXKTUXAMM_15398-2846-15910-3358,1,0,0,0,0,0,0,0,0
HXKTUXAMM_15335-5173-15847-5685,1,0,0,0,0,0,0,0,0
HXKTUXAMM_15494-3279-16006-3791,1,0,0,0,0,0,0,0,0
HXKTUXAMM_15734-1170-16246-1682,1,0,0,0,0,0,0,0,0
HXKTUXAMM_15295-8245-15807-8757,1,0,0,0,0,0,0,0,0
HXKTUXAMM_15484-4962-15996-5474,1,0,0,0,0,0,0,0,0
HXKTUXAMM_15398-4382-15910-4894,1,0,0,0,0,0,0,0,0
HXKTUXAMM_15340-2567-15852-3079,1,0,0,0,0,0,0,0,0
HXKTUXAMM_15229-2036-15741-2548,1,0,0,0,0,0,0,0,0
HXKTUXAMM_15494-3791-16006-4303,1,0,0,0,0,0,0,0,0
HXKTUXAMM_15222-1170-15734-1682,1,0,0,0,0,0,0,0,0
HXKTUXAMM_1574-2846-2086-3358,1,0,0,0,0,0,0,0,0
HXKTUXAMM_1574-3870-2086-4382,1,0,0,0,0,0,0,0,0
HXKTUXAMM_1574-4382-2086-4894,1,0,0,0,0,0,0,0,0
HXKTUXAMM_15741-2036-16253-2548,1,0,0,0,0,0,0,0,0
HXKTUXAMM_15807-7733-16319-8245,1,0,0,0,0,0,0,0,0
HXKTUXAMM_15807-8245-16319-8757,1,0,0,0,0,0,0,0,0
HXKTUXAMM_16006-3279-16518-3791,1,0,0,0,0,0,0,0,0
HXKTUXAMM_15910-2846-16422-3358,1,0,0,0,0,0,0,0,0
HXKTUXAMM_15847-5173-16359-5685,1,0,0,0,0,0,0,0,0
HXKTUXAMM_15852-2567-16364-3079,1,0,0,0,0,0,0,0,0
HXKTUXAMM_15910-4382-16422-4894,1,0,0,0,0,0,0,0,0
HXKTUXAMM_16006-3791-16518-4303,1,0,0,0,0,0,0,0,0
HXKTUXAMM_16205-7933-16717-8445,1,0,0,0,0,0,0,0,0
HXKTUXAMM_16253-2036-16765-2548,1,0,0,0,0,0,0,0,0
HXKTUXAMM_15996-4962-16508-5474,1,0,0,0,0,0,0,0,0
HXKTUXAMM_16246-1170-16758-1682,1,0,0,0,0,0,0,0,0
HXKTUXAMM_16359-5173-16871-5685,1,0,0,0,0,0,0,0,0
HXKTUXAMM_1636-971-2148-1483,1,0,0,0,0,0,0,0,0
HXKTUXAMM_16364-2567-16876-3079,1,0,0,0,0,0,0,0,0
HXKTUXAMM_16422-2846-16934-3358,1,0,0,0,0,0,0,0,0
HXKTUXAMM_16422-4382-16934-4894,1,0,0,0,0,0,0,0,0
HXKTUXAMM_16508-4962-17020-5474,1,0,0,0,0,0,0,0,0
HXKTUXAMM_16518-3791-17030-4303,1,0,0,0,0,0,0,0,0
HXKTUXAMM_16518-3279-17030-3791,1,0,0,0,0,0,0,0,0
HXKTUXAMM_16871-5173-17383-5685,1,0,0,0,0,0,0,0,0
HXKTUXAMM_16934-2846-17446-3358,1,0,0,0,0,0,0,0,0
HXKTUXAMM_16934-4382-17446-4894,1,0,0,0,0,0,0,0,0
HXKTUXAMM_1660-4962-2172-5474,1,0,0,0,0,0,0,0,0
HXKTUXAMM_16765-2036-17277-2548,1,0,0,0,0,0,0,0,0
HXKTUXAMM_16758-1170-17270-1682,1,0,0,0,0,0,0,0,0
HXKTUXAMM_17020-4962-17532-5474,1,0,0,0,0,0,0,0,0
HXKTUXAMM_16876-2567-17388-3079,1,0,0,0,0,0,0,0,0
HXKTUXAMM_1670-3279-2182-3791,1,0,0,0,0,0,0,0,0
HXKTUXAMM_16717-7933-17229-8445,1,0,0,0,0,0,0,0,0
HXKTUXAMM_17030-3791-17542-4303,1,0,0,0,0,0,0,0,0
HXKTUXAMM_17030-3279-17542-3791,1,0,0,0,0,0,0,0,0
HXKTUXAMM_17229-7933-17741-8445,1,0,0,0,0,0,0,0,0
HXKTUXAMM_17270-1170-17782-1682,1,0,0,0,0,0,0,0,0
HXKTUXAMM_17446-2846-17958-3358,1,0,0,0,0,0,0,0,0
HXKTUXAMM_17388-2567-17900-3079,1,0,0,0,0,0,0,0,0
HXKTUXAMM_17277-2036-17789-2548,1,0,0,0,0,0,0,0,0
HXKTUXAMM_17383-5173-17895-5685,1,0,0,0,0,0,0,0,0
HXKTUXAMM_17741-7933-18253-8445,1,0,0,0,0,0,0,0,0
HXKTUXAMM_17542-3279-18054-3791,1,0,0,0,0,0,0,0,0
HXKTUXAMM_17542-3791-18054-4303,1,0,0,0,0,0,0,0,0
HXKTUXAMM_17900-2567-18412-3079,1,0,0,0,0,0,0,0,0
HXKTUXAMM_17782-1170-18294-1682,1,0,0,0,0,0,0,0,0
HXKTUXAMM_17789-2036-18301-2548,1,0,0,0,0,0,0,0,0
HXKTUXAMM_17532-4962-18044-5474,1,0,0,0,0,0,0,0,0
HXKTUXAMM_17958-4382-18470-4894,1,0,0,0,0,0,0,0,0
HXKTUXAMM_17895-5173-18407-5685,1,0,0,0,0,0,0,0,0
HXKTUXAMM_17958-2846-18470-3358,1,0,0,0,0,0,0,0,0
HXKTUXAMM_17446-4382-17958-4894,1,0,0,0,0,0,0,0,0
HXKTUXAMM_18044-4962-18556-5474,1,0,0,0,0,0,0,0,0
HXKTUXAMM_18054-3279-18566-3791,1,0,0,0,0,0,0,0,0
HXKTUXAMM_18054-3791-18566-4303,1,0,0,0,0,0,0,0,0
HXKTUXAMM_1824-5199-2336-5711,1,0,0,0,0,0,0,0,0
HXKTUXAMM_18294-1170-18806-1682,1,0,0,0,0,0,0,0,0
HXKTUXAMM_18301-2036-18813-2548,1,0,0,0,0,0,0,0,0
HXKTUXAMM_18253-7933-18765-8445,1,0,0,0,0,0,0,0,0
HXKTUXAMM_18690-2233-19202-2745,1,0,0,0,0,0,0,0,0
HXKTUXAMM_18412-2567-18924-3079,1,0,0,0,0,0,0,0,0
HXKTUXAMM_18470-2846-18982-3358,1,0,0,0,0,0,0,0,0
HXKTUXAMM_18556-4962-19068-5474,1,0,0,0,0,0,0,0,0
HXKTUXAMM_18470-4382-18982-4894,1,0,0,0,0,0,0,0,0
HXKTUXAMM_18765-7933-19277-8445,1,0,0,0,0,0,0,0,0
HXKTUXAMM_18407-5173-18919-5685,1,0,0,0,0,0,0,0,0
HXKTUXAMM_1872-1322-2384-1834,1,0,0,0,0,0,0,0,0
HXKTUXAMM_18566-3791-19078-4303,1,0,0,0,0,0,0,0,0
HXKTUXAMM_18690-2745-19202-3257,1,0,0,0,0,0,0,0,0
HXKTUXAMM_18806-1170-19318-1682,1,0,0,0,0,0,0,0,0
HXKTUXAMM_18690-3257-19202-3769,1,0,0,0,0,0,0,0,0
HXKTUXAMM_18919-5173-19431-5685,1,0,0,0,0,0,0,0,0
HXKTUXAMM_18982-2334-19494-2846,1,0,0,0,0,0,0,0,0
HXKTUXAMM_18982-2846-19494-3358,1,0,0,0,0,0,0,0,0
HXKTUXAMM_18982-3358-19494-3870,1,0,0,0,0,0,0,0,0
HXKTUXAMM_18982-4382-19494-4894,1,0,0,0,0,0,0,0,0
HXKTUXAMM_18982-3870-19494-4382,1,0,0,0,0,0,0,0,0
HXKTUXAMM_19202-2233-19714-2745,1,0,0,0,0,0,0,0,0
HXKTUXAMM_19068-4962-19580-5474,1,0,0,0,0,0,0,0,0
HXKTUXAMM_19277-7933-19789-8445,1,0,0,0,0,0,0,0,0
HXKTUXAMM_19789-7933-20301-8445,1,0,0,0,0,0,0,0,0
HXKTUXAMM_1983-7733-2495-8245,1,0,0,0,0,0,0,0,0
HXKTUXAMM_19202-3769-19714-4281,1,0,0,0,0,0,0,0,0
HXKTUXAMM_19318-1170-19830-1682,1,0,0,0,0,0,0,0,0
HXKTUXAMM_19714-2233-20226-2745,1,0,0,0,0,0,0,0,0
HXKTUXAMM_19431-5173-19943-5685,1,0,0,0,0,0,0,0,0
HXKTUXAMM_19714-3769-20226-4281,1,0,0,0,0,0,0,0,0
HXKTUXAMM_19202-3257-19714-3769,1,0,0,0,0,0,0,0,0
HXKTUXAMM_19580-4962-20092-5474,1,0,0,0,0,0,0,0,0
HXKTUXAMM_19943-5173-20455-5685,1,0,0,0,0,0,0,0,0
HXKTUXAMM_19830-1170-20342-1682,1,0,0,0,0,0,0,0,0
HXKTUXAMM_1983-8245-2495-8757,1,0,0,0,0,0,0,0,0
HXKTUXAMM_20142-5458-20654-5970,1,0,0,0,0,0,0,0,0
HXKTUXAMM_20226-2233-20738-2745,1,0,0,0,0,0,0,0,0
HXKTUXAMM_20142-5970-20654-6482,1,0,0,0,0,0,0,0,0
HXKTUXAMM_20226-3769-20738-4281,1,0,0,0,0,0,0,0,0
HXKTUXAMM_2086-2846-2598-3358,1,0,0,0,0,0,0,0,0
HXKTUXAMM_2148-971-2660-1483,1,0,0,0,0,0,0,0,0
HXKTUXAMM_2336-5199-2848-5711,1,0,0,0,0,0,0,0,0
HXKTUXAMM_2028-2567-2540-3079,1,0,0,0,0,0,0,0,0
HXKTUXAMM_20301-7933-20813-8445,1,0,0,0,0,0,0,0,0
HXKTUXAMM_2182-3279-2694-3791,1,0,0,0,0,0,0,0,0
HXKTUXAMM_2086-4382-2598-4894,1,0,0,0,0,0,0,0,0
HXKTUXAMM_2086-3870-2598-4382,1,0,0,0,0,0,0,0,0
HXKTUXAMM_2172-4962-2684-5474,1,0,0,0,0,0,0,0,0
HXKTUXAMM_2384-1322-2896-1834,1,0,0,0,0,0,0,0,0
HXKTUXAMM_2495-7733-3007-8245,1,0,0,0,0,0,0,0,0
HXKTUXAMM_2495-8245-3007-8757,1,0,0,0,0,0,0,0,0
HXKTUXAMM_2540-2567-3052-3079,1,0,0,0,0,0,0,0,0
HXKTUXAMM_2598-2846-3110-3358,1,0,0,0,0,0,0,0,0
HXKTUXAMM_2598-3870-3110-4382,1,0,0,0,0,0,0,0,0
HXKTUXAMM_2598-4382-3110-4894,1,0,0,0,0,0,0,0,0
HXKTUXAMM_2660-971-3172-1483,1,0,0,0,0,0,0,0,0
HXKTUXAMM_2896-1322-3408-1834,1,0,0,0,0,0,0,0,0
HXKTUXAMM_3007-8245-3519-8757,1,0,0,0,0,0,0,0,0
HXKTUXAMM_3110-2846-3622-3358,1,0,0,0,0,0,0,0,0
HXKTUXAMM_2694-3279-3206-3791,1,0,0,0,0,0,0,0,0
HXKTUXAMM_2684-4962-3196-5474,1,0,0,0,0,0,0,0,0
HXKTUXAMM_3052-2567-3564-3079,1,0,0,0,0,0,0,0,0
HXKTUXAMM_3110-4382-3622-4894,1,0,0,0,0,0,0,0,0
HXKTUXAMM_3007-7733-3519-8245,1,0,0,0,0,0,0,0,0
HXKTUXAMM_2848-5199-3360-5711,1,0,0,0,0,0,0,0,0
HXKTUXAMM_3172-971-3684-1483,1,0,0,0,0,0,0,0,0
HXKTUXAMM_3110-3870-3622-4382,1,0,0,0,0,0,0,0,0
HXKTUXAMM_3196-4962-3708-5474,1,0,0,0,0,0,0,0,0
HXKTUXAMM_3206-3279-3718-3791,1,0,0,0,0,0,0,0,0
HXKTUXAMM_3360-5199-3872-5711,1,0,0,0,0,0,0,0,0
HXKTUXAMM_3519-7733-4031-8245,1,0,0,0,0,0,0,0,0
HXKTUXAMM_3408-1322-3920-1834,1,0,0,0,0,0,0,0,0
HXKTUXAMM_3519-8245-4031-8757,1,0,0,0,0,0,0,0,0
HXKTUXAMM_3622-4382-4134-4894,1,0,0,0,0,0,0,0,0
HXKTUXAMM_3564-2567-4076-3079,1,0,0,0,0,0,0,0,0
HXKTUXAMM_3872-5199-4384-5711,1,0,0,0,0,0,0,0,0
HXKTUXAMM_3622-3870-4134-4382,1,0,0,0,0,0,0,0,0
HXKTUXAMM_3684-971-4196-1483,1,0,0,0,0,0,0,0,0
HXKTUXAMM_4031-7733-4543-8245,1,0,0,0,0,0,0,0,0
HXKTUXAMM_3564-3079-4076-3591,1,0,0,0,0,0,0,0,0
HXKTUXAMM_3708-4962-4220-5474,1,0,0,0,0,0,0,0,0
HXKTUXAMM_3718-3279-4230-3791,1,0,0,0,0,0,0,0,0
HXKTUXAMM_3920-1322-4432-1834,1,0,0,0,0,0,0,0,0
HXKTUXAMM_4031-8245-4543-8757,1,0,0,0,0,0,0,0,0
HXKTUXAMM_4076-2567-4588-3079,1,0,0,0,0,0,0,0,0
HXKTUXAMM_4076-3079-4588-3591,1,0,0,0,0,0,0,0,0
HXKTUXAMM_4134-3870-4646-4382,1,0,0,0,0,0,0,0,0
HXKTUXAMM_4230-3279-4742-3791,1,0,0,0,0,0,0,0,0
HXKTUXAMM_4134-4382-4646-4894,1,0,0,0,0,0,0,0,0
HXKTUXAMM_4196-971-4708-1483,1,0,0,0,0,0,0,0,0
HXKTUXAMM_4220-4962-4732-5474,1,0,0,0,0,0,0,0,0
HXKTUXAMM_4543-8245-5055-8757,1,0,0,0,0,0,0,0,0
HXKTUXAMM_4588-3079-5100-3591,1,0,0,0,0,0,0,0,0
HXKTUXAMM_4384-5199-4896-5711,1,0,0,0,0,0,0,0,0
HXKTUXAMM_4543-7733-5055-8245,1,0,0,0,0,0,0,0,0
HXKTUXAMM_4646-3870-5158-4382,1,0,0,0,0,0,0,0,0
HXKTUXAMM_4708-971-5220-1483,1,0,0,0,0,0,0,0,0
HXKTUXAMM_4588-2567-5100-3079,1,0,0,0,0,0,0,0,0
HXKTUXAMM_4732-4962-5244-5474,1,0,0,0,0,0,0,0,0
HXKTUXAMM_4646-4382-5158-4894,1,0,0,0,0,0,0,0,0
HXKTUXAMM_4742-3279-5254-3791,1,0,0,0,0,0,0,0,0
HXKTUXAMM_4432-1322-4944-1834,1,0,0,0,0,0,0,0,0
HXKTUXAMM_4896-5199-5408-5711,1,0,0,0,0,0,0,0,0
HXKTUXAMM_4944-1322-5456-1834,1,0,0,0,0,0,0,0,0
HXKTUXAMM_5158-3358-5670-3870,1,0,0,0,0,0,0,0,0
HXKTUXAMM_5055-7733-5567-8245,1,0,0,0,0,0,0,0,0
HXKTUXAMM_5100-3079-5612-3591,1,0,0,0,0,0,0,0,0
HXKTUXAMM_5055-8245-5567-8757,1,0,0,0,0,0,0,0,0
HXKTUXAMM_5100-2567-5612-3079,1,0,0,0,0,0,0,0,0
HXKTUXAMM_5158-3870-5670-4382,1,0,0,0,0,0,0,0,0
HXKTUXAMM_550-2846-1062-3358,1,0,0,0,0,0,0,0,0
HXKTUXAMM_550-3870-1062-4382,1,0,0,0,0,0,0,0,0
HXKTUXAMM_5244-4962-5756-5474,1,0,0,0,0,0,0,0,0
HXKTUXAMM_5220-971-5732-1483,1,0,0,0,0,0,0,0,0
HXKTUXAMM_5158-4382-5670-4894,1,0,0,0,0,0,0,0,0
HXKTUXAMM_5408-5199-5920-5711,1,0,0,0,0,0,0,0,0
HXKTUXAMM_550-3358-1062-3870,1,0,0,0,0,0,0,0,0
HXKTUXAMM_550-2334-1062-2846,1,0,0,0,0,0,0,0,0
HXKTUXAMM_550-4382-1062-4894,1,0,0,0,0,0,0,0,0
HXKTUXAMM_550-4894-1062-5406,1,0,0,0,0,0,0,0,0
HXKTUXAMM_5567-8245-6079-8757,1,0,0,0,0,0,0,0,0
HXKTUXAMM_5612-2567-6124-3079,1,0,0,0,0,0,0,0,0
HXKTUXAMM_5670-3358-6182-3870,1,0,0,0,0,0,0,0,0
HXKTUXAMM_5659-1267-6171-1779,1,0,0,0,0,0,0,0,0
HXKTUXAMM_5612-3079-6124-3591,1,0,0,0,0,0,0,0,0
HXKTUXAMM_5670-3870-6182-4382,1,0,0,0,0,0,0,0,0
HXKTUXAMM_5670-4382-6182-4894,1,0,0,0,0,0,0,0,0
HXKTUXAMM_6124-2567-6636-3079,1,0,0,0,0,0,0,0,0
HXKTUXAMM_5732-971-6244-1483,1,0,0,0,0,0,0,0,0
HXKTUXAMM_5920-5199-6432-5711,1,0,0,0,0,0,0,0,0
HXKTUXAMM_6244-971-6756-1483,1,0,0,0,0,0,0,0,0
HXKTUXAMM_6079-8245-6591-8757,1,0,0,0,0,0,0,0,0
HXKTUXAMM_6182-3358-6694-3870,1,0,0,0,0,0,0,0,0
HXKTUXAMM_5756-4962-6268-5474,1,0,0,0,0,0,0,0,0
HXKTUXAMM_6182-3870-6694-4382,1,0,0,0,0,0,0,0,0
HXKTUXAMM_6182-4382-6694-4894,1,0,0,0,0,0,0,0,0
HXKTUXAMM_6124-3079-6636-3591,1,0,0,0,0,0,0,0,0
HXKTUXAMM_6171-1267-6683-1779,1,0,0,0,0,0,0,0,0
HXKTUXAMM_6268-4962-6780-5474,1,0,0,0,0,0,0,0,0
HXKTUXAMM_6432-5199-6944-5711,1,0,0,0,0,0,0,0,0
HXKTUXAMM_6636-3079-7148-3591,1,0,0,0,0,0,0,0,0
HXKTUXAMM_6636-2567-7148-3079,1,0,0,0,0,0,0,0,0
HXKTUXAMM_6683-1267-7195-1779,1,0,0,0,0,0,0,0,0
HXKTUXAMM_6591-8245-7103-8757,1,0,0,0,0,0,0,0,0
HXKTUXAMM_6694-3358-7206-3870,1,0,0,0,0,0,0,0,0
HXKTUXAMM_6694-3870-7206-4382,1,0,0,0,0,0,0,0,0
HXKTUXAMM_6756-971-7268-1483,1,0,0,0,0,0,0,0,0
HXKTUXAMM_7103-8245-7615-8757,1,0,0,0,0,0,0,0,0
HXKTUXAMM_7030-1170-7542-1682,1,0,0,0,0,0,0,0,0
HXKTUXAMM_6780-4962-7292-5474,1,0,0,0,0,0,0,0,0
HXKTUXAMM_710-7681-1222-8193,1,0,0,0,0,0,0,0,0
HXKTUXAMM_6694-4382-7206-4894,1,0,0,0,0,0,0,0,0
HXKTUXAMM_7148-2567-7660-3079,1,0,0,0,0,0,0,0,0
HXKTUXAMM_6944-5199-7456-5711,1,0,0,0,0,0,0,0,0
HXKTUXAMM_7206-3358-7718-3870,1,0,0,0,0,0,0,0,0
HXKTUXAMM_7148-3079-7660-3591,1,0,0,0,0,0,0,0,0
HXKTUXAMM_7206-3870-7718-4382,1,0,0,0,0,0,0,0,0
HXKTUXAMM_7268-971-7780-1483,1,0,0,0,0,0,0,0,0
HXKTUXAMM_7542-1170-8054-1682,1,0,0,0,0,0,0,0,0
HXKTUXAMM_7615-8245-8127-8757,1,0,0,0,0,0,0,0,0
HXKTUXAMM_7292-4962-7804-5474,1,0,0,0,0,0,0,0,0
HXKTUXAMM_7456-5199-7968-5711,1,0,0,0,0,0,0,0,0
HXKTUXAMM_7660-3079-8172-3591,1,0,0,0,0,0,0,0,0
HXKTUXAMM_7660-2567-8172-3079,1,0,0,0,0,0,0,0,0
HXKTUXAMM_7718-3358-8230-3870,1,0,0,0,0,0,0,0,0
HXKTUXAMM_7718-3870-8230-4382,1,0,0,0,0,0,0,0,0
HXKTUXAMM_8127-8245-8639-8757,1,0,0,0,0,0,0,0,0
HXKTUXAMM_8054-1170-8566-1682,1,0,0,0,0,0,0,0,0
HXKTUXAMM_7968-5199-8480-5711,1,0,0,0,0,0,0,0,0
HXKTUXAMM_7780-971-8292-1483,1,0,0,0,0,0,0,0,0
HXKTUXAMM_7804-4962-8316-5474,1,0,0,0,0,0,0,0,0
HXKTUXAMM_8172-3079-8684-3591,1,0,0,0,0,0,0,0,0
HXKTUXAMM_800-5199-1312-5711,1,0,0,0,0,0,0,0,0
HXKTUXAMM_8172-2567-8684-3079,1,0,0,0,0,0,0,0,0
HXKTUXAMM_8230-3358-8742-3870,1,0,0,0,0,0,0,0,0
HXKTUXAMM_8480-5199-8992-5711,1,0,0,0,0,0,0,0,0
HXKTUXAMM_8292-971-8804-1483,1,0,0,0,0,0,0,0,0
HXKTUXAMM_8326-3791-8838-4303,1,0,0,0,0,0,0,0,0
HXKTUXAMM_8566-1170-9078-1682,1,0,0,0,0,0,0,0,0
HXKTUXAMM_8316-4962-8828-5474,1,0,0,0,0,0,0,0,0
HXKTUXAMM_8684-2567-9196-3079,1,0,0,0,0,0,0,0,0
HXKTUXAMM_8639-8245-9151-8757,1,0,0,0,0,0,0,0,0
HXKTUXAMM_9078-1170-9590-1682,1,0,0,0,0,0,0,0,0
HXKTUXAMM_8684-3079-9196-3591,1,0,0,0,0,0,0,0,0
HXKTUXAMM_9191-5173-9703-5685,1,0,0,0,0,0,0,0,0
HXKTUXAMM_8742-3358-9254-3870,1,0,0,0,0,0,0,0,0
HXKTUXAMM_8838-3791-9350-4303,1,0,0,0,0,0,0,0,0
HXKTUXAMM_9196-2567-9708-3079,1,0,0,0,0,0,0,0,0
HXKTUXAMM_9151-8245-9663-8757,1,0,0,0,0,0,0,0,0
HXKTUXAMM_8828-4962-9340-5474,1,0,0,0,0,0,0,0,0
HXKTUXAMM_9196-3079-9708-3591,1,0,0,0,0,0,0,0,0
HXKTUXAMM_9254-3358-9766-3870,1,0,0,0,0,0,0,0,0
HXKTUXAMM_9340-4962-9852-5474,1,0,0,0,0,0,0,0,0
HXKTUXAMM_9350-3791-9862-4303,1,0,0,0,0,0,0,0,0
HXKTUXAMM_9663-8245-10175-8757,1,0,0,0,0,0,0,0,0
HXKTUXAMM_959-8245-1471-8757,1,0,0,0,0,0,0,0,0
HXKTUXAMM_9590-1170-10102-1682,1,0,0,0,0,0,0,0,0
HXKTUXAMM_9703-5173-10215-5685,1,0,0,0,0,0,0,0,0
HXKTUXAMM_9708-2567-10220-3079,1,0,0,0,0,0,0,0,0
HXKTUXAMM_9862-3791-10374-4303,1,0,0,0,0,0,0,0,0
HXKTUXAMM_9708-3079-10220-3591,1,0,0,0,0,0,0,0,0
HXKTUXAMM_9852-4962-10364-5474,1,0,0,0,0,0,0,0,0
HYAZ7ZEAW_3124-808-3636-1320,0,0,0,0,0,1,0,0,0
HYAZ7ZEAW_2612-808-3124-1320,0,0,0,0,0,1,0,0,0
HXKTUXAMM_9766-3358-10278-3870,1,0,0,0,0,0,0,0,0
HYAZ7ZEAW_2100-808-2612-1320,0,0,0,0,0,1,0,0,0
HYAZ7ZEAW_1588-808-2100-1320,0,0,0,0,0,1,0,0,0
HYAZ7ZEAW_1834-9017-2346-9529,0,0,0,0,0,1,0,0,0
HYAZ7ZEAW_3630-8994-4142-9506,0,0,0,0,0,1,0,0,0
HYAZ7ZEAW_3636-808-4148-1320,0,0,0,0,0,1,0,0,0
I1DVC1INR_4173-838-4685-1350,0,1,0,0,0,0,0,0,0
HYAZ7ZEAW_4431-9129-4943-9641,0,0,0,0,0,1,0,0,0
HYAZ7ZEAW_4341-760-4853-1272,0,0,0,0,0,1,0,0,0
I1DVC1INR_5197-838-5709-1350,0,1,0,0,0,0,0,0,0
I1DVC1INR_4685-838-5197-1350,0,1,0,0,0,0,0,0,0
I1DVC1INR_5197-1350-5709-1862,0,1,0,0,0,0,0,0,0
I1DVC1INR_4685-1350-5197-1862,0,1,0,0,0,0,0,0,0
I1DVC1INR_584-674-1096-1186,0,1,0,0,0,0,0,0,0
I2DBV2P7J_1750-5484-2262-5996,0,0,0,1,0,0,0,0,0
I1DVC1INR_808-947-1320-1459,0,1,0,0,0,0,0,0,0
I1DVC1INR_584-1698-1096-2210,0,1,0,0,0,0,0,0,0
I1DVC1INR_584-1186-1096-1698,0,1,0,0,0,0,0,0,0
I2DBV2P7J_1238-5484-1750-5996,0,0,0,1,0,0,0,0,0
I2DBV2P7J_1921-6085-2433-6597,0,0,0,1,0,0,0,0,0
I2DBV2P7J_1238-4972-1750-5484,0,0,0,1,0,0,0,0,0
I2DBV2P7J_1921-6597-2433-7109,0,0,0,1,0,0,0,0,0
I2DBV2P7J_2433-6597-2945-7109,0,0,0,1,0,0,0,0,0
I2DBV2P7J_2670-1117-3182-1629,0,0,0,1,0,0,0,0,0
I2DBV2P7J_3182-605-3694-1117,0,0,0,1,0,0,0,0,0
I2DBV2P7J_3182-1117-3694-1629,0,0,0,1,0,0,0,0,0
I2DBV2P7J_812-2492-1324-3004,0,0,0,1,0,0,0,0,0
I2DBV2P7J_812-3004-1324-3516,0,0,0,1,0,0,0,0,0
I2DBV2P7J_2670-605-3182-1117,0,0,0,1,0,0,0,0,0
I39UXIVAJ_5282-841-5794-1353,0,0,0,0,0,1,0,0,0
I39UXIVAJ_4997-5475-5509-5987,0,0,0,0,0,1,0,0,0
I3JTFQK9H_1307-3433-1819-3945,0,0,0,0,0,0,1,0,0
I39UXIVAJ_5345-5599-5857-6111,0,0,0,0,0,1,0,0,0
I3JTFQK9H_1747-3233-2259-3745,0,0,0,0,0,0,1,0,0
I39UXIVAJ_5444-484-5956-996,0,0,0,0,0,1,0,0,0
I39UXIVAJ_5377-3518-5889-4030,0,0,0,0,0,1,0,0,0
I3JTFQK9H_1747-3745-2259-4257,0,0,0,0,0,0,1,0,0
I3JTFQK9H_1235-3745-1747-4257,0,0,0,0,0,0,1,0,0
I3JTFQK9H_2259-3233-2771-3745,0,0,0,0,0,0,1,0,0
I3JTFQK9H_2771-3233-3283-3745,0,0,0,0,0,0,1,0,0
I3JTFQK9H_3283-3233-3795-3745,0,0,0,0,0,0,1,0,0
I3JTFQK9H_3412-3632-3924-4144,0,0,0,0,0,0,1,0,0
I3JTFQK9H_3572-3134-4084-3646,0,0,0,0,0,0,1,0,0
I3JTFQK9H_3412-4656-3924-5168,0,0,0,0,0,0,1,0,0
I3JTFQK9H_3412-4144-3924-4656,0,0,0,0,0,0,1,0,0
I3JTFQK9H_3590-3849-4102-4361,0,0,0,0,0,0,1,0,0
I3JTFQK9H_3590-4361-4102-4873,0,0,0,0,0,0,1,0,0
I3JTFQK9H_3590-5385-4102-5897,0,0,0,0,0,0,1,0,0
I3JTFQK9H_3655-2674-4167-3186,0,0,0,0,0,0,1,0,0
I3JTFQK9H_3619-5114-4131-5626,0,0,0,0,0,0,1,0,0
I3JTFQK9H_3590-5897-4102-6409,0,0,0,0,0,0,1,0,0
I3JTFQK9H_3785-1366-4297-1878,0,0,0,0,0,0,1,0,0
I3JTFQK9H_3655-1650-4167-2162,0,0,0,0,0,0,1,0,0
I3JTFQK9H_3655-2162-4167-2674,0,0,0,0,0,0,1,0,0
I3JTFQK9H_4102-4361-4614-4873,0,0,0,0,0,0,1,0,0
I3JTFQK9H_3785-1878-4297-2390,0,0,0,0,0,0,1,0,0
I3JTFQK9H_4102-6409-4614-6921,0,0,0,0,0,0,1,0,0
I3JTFQK9H_4102-6921-4614-7433,0,0,0,0,0,0,1,0,0
I3JTFQK9H_4131-5114-4643-5626,0,0,0,0,0,0,1,0,0
I3JTFQK9H_4131-5626-4643-6138,0,0,0,0,0,0,1,0,0
I3JTFQK9H_4131-6138-4643-6650,0,0,0,0,0,0,1,0,0
I3JTFQK9H_4167-1650-4679-2162,0,0,0,0,0,0,1,0,0
I3JTFQK9H_4167-1138-4679-1650,0,0,0,0,0,0,1,0,0
I3JTFQK9H_4297-1878-4809-2390,0,0,0,0,0,0,1,0,0
I3JTFQK9H_4167-2162-4679-2674,0,0,0,0,0,0,1,0,0
I3JTFQK9H_4297-1366-4809-1878,0,0,0,0,0,0,1,0,0
I3JTFQK9H_4679-1138-5191-1650,0,0,0,0,0,0,1,0,0
I3JTFQK9H_4679-626-5191-1138,0,0,0,0,0,0,1,0,0
I3JTFQK9H_4614-6409-5126-6921,0,0,0,0,0,0,1,0,0
I3JTFQK9H_4297-854-4809-1366,0,0,0,0,0,0,1,0,0
I3JTFQK9H_4374-7105-4886-7617,0,0,0,0,0,0,1,0,0
I3JTFQK9H_4614-6921-5126-7433,0,0,0,0,0,0,1,0,0
I3JTFQK9H_795-3433-1307-3945,0,0,0,0,0,0,1,0,0
I4CE2LY7P_10291-2530-10803-3042,1,0,0,0,0,0,0,0,0
I4CE2LY7P_10291-3042-10803-3554,1,0,0,0,0,0,0,0,0
I4CE2LY7P_10306-2106-10818-2618,1,0,0,0,0,0,0,0,0
I4CE2LY7P_10291-3554-10803-4066,1,0,0,0,0,0,0,0,0
I4CE2LY7P_10447-2788-10959-3300,1,0,0,0,0,0,0,0,0
I4CE2LY7P_10447-7396-10959-7908,1,0,0,0,0,0,0,0,0
I4CE2LY7P_10898-1421-11410-1933,1,0,0,0,0,0,0,0,0
I4CE2LY7P_10447-7908-10959-8420,1,0,0,0,0,0,0,0,0
I4CE2LY7P_10447-3300-10959-3812,1,0,0,0,0,0,0,0,0
I4CE2LY7P_10898-909-11410-1421,1,0,0,0,0,0,0,0,0
I4CE2LY7P_10959-7396-11471-7908,1,0,0,0,0,0,0,0,0
I4CE2LY7P_2225-1824-2737-2336,1,0,0,0,0,0,0,0,0
I4CE2LY7P_10959-7908-11471-8420,1,0,0,0,0,0,0,0,0
I4CE2LY7P_1264-496-1776-1008,1,0,0,0,0,0,0,0,0
I4CE2LY7P_1703-647-2215-1159,1,0,0,0,0,0,0,0,0
I4CE2LY7P_2288-496-2800-1008,1,0,0,0,0,0,0,0,0
I4CE2LY7P_1713-2336-2225-2848,1,0,0,0,0,0,0,0,0
I4CE2LY7P_2225-2336-2737-2848,1,0,0,0,0,0,0,0,0
I4CE2LY7P_2549-1891-3061-2403,1,0,0,0,0,0,0,0,0
I4CE2LY7P_2549-2403-3061-2915,1,0,0,0,0,0,0,0,0
I4CE2LY7P_2727-647-3239-1159,1,0,0,0,0,0,0,0,0
I4CE2LY7P_3061-1891-3573-2403,1,0,0,0,0,0,0,0,0
I4CE2LY7P_3165-8179-3677-8691,1,0,0,0,0,0,0,0,0
I4CE2LY7P_3677-8179-4189-8691,1,0,0,0,0,0,0,0,0
I4CE2LY7P_3445-486-3957-998,1,0,0,0,0,0,0,0,0
I4CE2LY7P_3255-635-3767-1147,1,0,0,0,0,0,0,0,0
I4CE2LY7P_3677-7155-4189-7667,1,0,0,0,0,0,0,0,0
I4CE2LY7P_3677-7667-4189-8179,1,0,0,0,0,0,0,0,0
I4CE2LY7P_3767-635-4279-1147,1,0,0,0,0,0,0,0,0
I4CE2LY7P_4279-635-4791-1147,1,0,0,0,0,0,0,0,0
I4CE2LY7P_4150-4736-4662-5248,1,0,0,0,0,0,0,0,0
I4CE2LY7P_4189-7155-4701-7667,1,0,0,0,0,0,0,0,0
I4CE2LY7P_3957-486-4469-998,1,0,0,0,0,0,0,0,0
I4CE2LY7P_4189-8179-4701-8691,1,0,0,0,0,0,0,0,0
I4CE2LY7P_4150-4224-4662-4736,1,0,0,0,0,0,0,0,0
I4CE2LY7P_4442-1269-4954-1781,1,0,0,0,0,0,0,0,0
I4CE2LY7P_4469-486-4981-998,1,0,0,0,0,0,0,0,0
I4CE2LY7P_4662-4736-5174-5248,1,0,0,0,0,0,0,0,0
I4CE2LY7P_4662-4224-5174-4736,1,0,0,0,0,0,0,0,0
I4CE2LY7P_4701-7155-5213-7667,1,0,0,0,0,0,0,0,0
I4CE2LY7P_4701-6643-5213-7155,1,0,0,0,0,0,0,0,0
I4CE2LY7P_4701-7667-5213-8179,1,0,0,0,0,0,0,0,0
I4CE2LY7P_4955-594-5467-1106,1,0,0,0,0,0,0,0,0
I4CE2LY7P_5213-8179-5725-8691,1,0,0,0,0,0,0,0,0
I4CE2LY7P_4701-8179-5213-8691,1,0,0,0,0,0,0,0,0
I4CE2LY7P_5213-6643-5725-7155,1,0,0,0,0,0,0,0,0
I4CE2LY7P_5298-1328-5810-1840,1,0,0,0,0,0,0,0,0
I4CE2LY7P_5725-8179-6237-8691,1,0,0,0,0,0,0,0,0
I4CE2LY7P_5303-635-5815-1147,1,0,0,0,0,0,0,0,0
I4CE2LY7P_5791-5642-6303-6154,1,0,0,0,0,0,0,0,0
I4CE2LY7P_5810-1328-6322-1840,1,0,0,0,0,0,0,0,0
I4CE2LY7P_5791-5130-6303-5642,1,0,0,0,0,0,0,0,0
I4CE2LY7P_5810-1840-6322-2352,1,0,0,0,0,0,0,0,0
I4CE2LY7P_5810-2352-6322-2864,1,0,0,0,0,0,0,0,0
I4CE2LY7P_5979-594-6491-1106,1,0,0,0,0,0,0,0,0
I4CE2LY7P_6322-1328-6834-1840,1,0,0,0,0,0,0,0,0
I4CE2LY7P_5810-816-6322-1328,1,0,0,0,0,0,0,0,0
I4CE2LY7P_6370-848-6882-1360,1,0,0,0,0,0,0,0,0
I4CE2LY7P_6491-594-7003-1106,1,0,0,0,0,0,0,0,0
I4CE2LY7P_6765-4454-7277-4966,1,0,0,0,0,0,0,0,0
I4CE2LY7P_6773-2180-7285-2692,1,0,0,0,0,0,0,0,0
I4CE2LY7P_6773-1668-7285-2180,1,0,0,0,0,0,0,0,0
I4CE2LY7P_6773-1156-7285-1668,1,0,0,0,0,0,0,0,0
I4CE2LY7P_6882-848-7394-1360,1,0,0,0,0,0,0,0,0
I4CE2LY7P_6797-3793-7309-4305,1,0,0,0,0,0,0,0,0
I4CE2LY7P_7003-594-7515-1106,1,0,0,0,0,0,0,0,0
I4CE2LY7P_7285-2180-7797-2692,1,0,0,0,0,0,0,0,0
I4CE2LY7P_7394-848-7906-1360,1,0,0,0,0,0,0,0,0
I4CE2LY7P_7515-594-8027-1106,1,0,0,0,0,0,0,0,0
I4CE2LY7P_7285-1156-7797-1668,1,0,0,0,0,0,0,0,0
I4CE2LY7P_7285-1668-7797-2180,1,0,0,0,0,0,0,0,0
I4CE2LY7P_752-496-1264-1008,1,0,0,0,0,0,0,0,0
I4CE2LY7P_7797-1156-8309-1668,1,0,0,0,0,0,0,0,0
I4CE2LY7P_7797-1668-8309-2180,1,0,0,0,0,0,0,0,0
I4CE2LY7P_7797-2180-8309-2692,1,0,0,0,0,0,0,0,0
I4CE2LY7P_7887-3300-8399-3812,1,0,0,0,0,0,0,0,0
I4CE2LY7P_7797-644-8309-1156,1,0,0,0,0,0,0,0,0
I4CE2LY7P_7887-2788-8399-3300,1,0,0,0,0,0,0,0,0
I4CE2LY7P_7887-4836-8399-5348,1,0,0,0,0,0,0,0,0
I4CE2LY7P_7887-5348-8399-5860,1,0,0,0,0,0,0,0,0
I4CE2LY7P_7887-5860-8399-6372,1,0,0,0,0,0,0,0,0
I4CE2LY7P_8053-1112-8565-1624,1,0,0,0,0,0,0,0,0
I4CE2LY7P_8309-3204-8821-3716,1,0,0,0,0,0,0,0,0
I4CE2LY7P_8309-1156-8821-1668,1,0,0,0,0,0,0,0,0
I4CE2LY7P_8309-1668-8821-2180,1,0,0,0,0,0,0,0,0
I4CE2LY7P_8399-3812-8911-4324,1,0,0,0,0,0,0,0,0
I4CE2LY7P_8309-644-8821-1156,1,0,0,0,0,0,0,0,0
I4CE2LY7P_8309-2180-8821-2692,1,0,0,0,0,0,0,0,0
I4CE2LY7P_8356-2453-8868-2965,1,0,0,0,0,0,0,0,0
I4CE2LY7P_8399-4324-8911-4836,1,0,0,0,0,0,0,0,0
I4CE2LY7P_8399-5348-8911-5860,1,0,0,0,0,0,0,0,0
I4CE2LY7P_8399-4836-8911-5348,1,0,0,0,0,0,0,0,0
I4CE2LY7P_8399-5860-8911-6372,1,0,0,0,0,0,0,0,0
I4CE2LY7P_8399-6372-8911-6884,1,0,0,0,0,0,0,0,0
I4CE2LY7P_8790-717-9302-1229,1,0,0,0,0,0,0,0,0
I4CE2LY7P_8399-6884-8911-7396,1,0,0,0,0,0,0,0,0
I4CE2LY7P_8565-1112-9077-1624,1,0,0,0,0,0,0,0,0
I4CE2LY7P_8837-4023-9349-4535,1,0,0,0,0,0,0,0,0
I4CE2LY7P_8911-4324-9423-4836,1,0,0,0,0,0,0,0,0
I4CE2LY7P_8911-5860-9423-6372,1,0,0,0,0,0,0,0,0
I4CE2LY7P_8911-6372-9423-6884,1,0,0,0,0,0,0,0,0
I4CE2LY7P_9423-6372-9935-6884,1,0,0,0,0,0,0,0,0
I4CE2LY7P_8911-6884-9423-7396,1,0,0,0,0,0,0,0,0
I4CE2LY7P_8974-3430-9486-3942,1,0,0,0,0,0,0,0,0
I4CE2LY7P_8911-7396-9423-7908,1,0,0,0,0,0,0,0,0
I4CE2LY7P_9423-6884-9935-7396,1,0,0,0,0,0,0,0,0
I4CE2LY7P_9423-7396-9935-7908,1,0,0,0,0,0,0,0,0
I4CE2LY7P_9935-2788-10447-3300,1,0,0,0,0,0,0,0,0
I4CE2LY7P_9423-7908-9935-8420,1,0,0,0,0,0,0,0,0
I4CE2LY7P_9935-3300-10447-3812,1,0,0,0,0,0,0,0,0
I4CE2LY7P_9935-7396-10447-7908,1,0,0,0,0,0,0,0,0
I62VNQCU1_1018-5939-1530-6451,0,0,1,0,0,0,0,0,0
I4CE2LY7P_9935-7908-10447-8420,1,0,0,0,0,0,0,0,0
I62VNQCU1_10001-1423-10513-1935,0,0,1,0,0,0,0,0,0
I4CE2LY7P_9944-2034-10456-2546,1,0,0,0,0,0,0,0,0
I62VNQCU1_1018-5427-1530-5939,0,0,1,0,0,0,0,0,0
I62VNQCU1_1018-6451-1530-6963,0,0,1,0,0,0,0,0,0
I62VNQCU1_10248-5168-10760-5680,0,0,1,0,0,0,0,0,0
I62VNQCU1_10248-4656-10760-5168,0,0,1,0,0,0,0,0,0
I62VNQCU1_1018-6963-1530-7475,0,0,1,0,0,0,0,0,0
I62VNQCU1_10446-4497-10958-5009,0,0,1,0,0,0,0,0,0
I62VNQCU1_10760-4656-11272-5168,0,0,1,0,0,0,0,0,0
I62VNQCU1_10710-1775-11222-2287,0,0,1,0,0,0,0,0,0
I62VNQCU1_1018-7475-1530-7987,0,0,1,0,0,0,0,0,0
I62VNQCU1_10760-5168-11272-5680,0,0,1,0,0,0,0,0,0
I62VNQCU1_11775-2118-12287-2630,0,0,1,0,0,0,0,0,0
I62VNQCU1_11063-1800-11575-2312,0,0,1,0,0,0,0,0,0
I62VNQCU1_11272-4656-11784-5168,0,0,1,0,0,0,0,0,0
I62VNQCU1_11784-4656-12296-5168,0,0,1,0,0,0,0,0,0
I62VNQCU1_12070-3896-12582-4408,0,0,1,0,0,0,0,0,0
I62VNQCU1_1189-1234-1701-1746,0,0,1,0,0,0,0,0,0
I62VNQCU1_1184-5054-1696-5566,0,0,1,0,0,0,0,0,0
I62VNQCU1_12019-2259-12531-2771,0,0,1,0,0,0,0,0,0
I62VNQCU1_12287-2118-12799-2630,0,0,1,0,0,0,0,0,0
I62VNQCU1_12296-4656-12808-5168,0,0,1,0,0,0,0,0,0
I62VNQCU1_12403-2794-12915-3306,0,0,1,0,0,0,0,0,0
I62VNQCU1_12799-2118-13311-2630,0,0,1,0,0,0,0,0,0
I62VNQCU1_12607-3749-13119-4261,0,0,1,0,0,0,0,0,0
I62VNQCU1_1249-1598-1761-2110,0,0,1,0,0,0,0,0,0
I62VNQCU1_13320-4656-13832-5168,0,0,1,0,0,0,0,0,0
I62VNQCU1_1326-2362-1838-2874,0,0,1,0,0,0,0,0,0
I62VNQCU1_12808-4656-13320-5168,0,0,1,0,0,0,0,0,0
I62VNQCU1_1530-10035-2042-10547,0,0,1,0,0,0,0,0,0
I62VNQCU1_1530-8499-2042-9011,0,0,1,0,0,0,0,0,0
I62VNQCU1_1530-7987-2042-8499,0,0,1,0,0,0,0,0,0
I62VNQCU1_1530-9011-2042-9523,0,0,1,0,0,0,0,0,0
I62VNQCU1_1831-1723-2343-2235,0,0,1,0,0,0,0,0,0
I62VNQCU1_1970-2047-2482-2559,0,0,1,0,0,0,0,0,0
I62VNQCU1_1989-1270-2501-1782,0,0,1,0,0,0,0,0,0
I62VNQCU1_1530-9523-2042-10035,0,0,1,0,0,0,0,0,0
I62VNQCU1_2094-4963-2606-5475,0,0,1,0,0,0,0,0,0
I62VNQCU1_1778-8385-2290-8897,0,0,1,0,0,0,0,0,0
I62VNQCU1_1696-5054-2208-5566,0,0,1,0,0,0,0,0,0
I62VNQCU1_2343-1723-2855-2235,0,0,1,0,0,0,0,0,0
I62VNQCU1_2501-1270-3013-1782,0,0,1,0,0,0,0,0,0
I62VNQCU1_2953-8015-3465-8527,0,0,1,0,0,0,0,0,0
I62VNQCU1_3013-1270-3525-1782,0,0,1,0,0,0,0,0,0
I62VNQCU1_2855-1723-3367-2235,0,0,1,0,0,0,0,0,0
I62VNQCU1_2651-2544-3163-3056,0,0,1,0,0,0,0,0,0
I62VNQCU1_2834-2060-3346-2572,0,0,1,0,0,0,0,0,0
I62VNQCU1_3163-2544-3675-3056,0,0,1,0,0,0,0,0,0
I62VNQCU1_3525-1270-4037-1782,0,0,1,0,0,0,0,0,0
I62VNQCU1_3465-8015-3977-8527,0,0,1,0,0,0,0,0,0
I62VNQCU1_3842-9272-4354-9784,0,0,1,0,0,0,0,0,0
I62VNQCU1_4354-9272-4866-9784,0,0,1,0,0,0,0,0,0
I62VNQCU1_3675-7544-4187-8056,0,0,1,0,0,0,0,0,0
I62VNQCU1_4356-1662-4868-2174,0,0,1,0,0,0,0,0,0
I62VNQCU1_4615-3595-5127-4107,0,0,1,0,0,0,0,0,0
I62VNQCU1_4065-2000-4577-2512,0,0,1,0,0,0,0,0,0
I62VNQCU1_4615-3083-5127-3595,0,0,1,0,0,0,0,0,0
I62VNQCU1_4356-2174-4868-2686,0,0,1,0,0,0,0,0,0
I62VNQCU1_5018-2364-5530-2876,0,0,1,0,0,0,0,0,0
I62VNQCU1_4868-1662-5380-2174,0,0,1,0,0,0,0,0,0
I62VNQCU1_4714-2639-5226-3151,0,0,1,0,0,0,0,0,0
I62VNQCU1_4725-3817-5237-4329,0,0,1,0,0,0,0,0,0
I62VNQCU1_5018-1852-5530-2364,0,0,1,0,0,0,0,0,0
I62VNQCU1_4725-4329-5237-4841,0,0,1,0,0,0,0,0,0
I62VNQCU1_4868-2174-5380-2686,0,0,1,0,0,0,0,0,0
I62VNQCU1_5127-3083-5639-3595,0,0,1,0,0,0,0,0,0
I62VNQCU1_5127-3595-5639-4107,0,0,1,0,0,0,0,0,0
I62VNQCU1_5437-1525-5949-2037,0,0,1,0,0,0,0,0,0
I62VNQCU1_5530-2364-6042-2876,0,0,1,0,0,0,0,0,0
I62VNQCU1_5639-3595-6151-4107,0,0,1,0,0,0,0,0,0
I62VNQCU1_6135-2045-6647-2557,0,0,1,0,0,0,0,0,0
I62VNQCU1_5530-1852-6042-2364,0,0,1,0,0,0,0,0,0
I62VNQCU1_5639-3083-6151-3595,0,0,1,0,0,0,0,0,0
I62VNQCU1_6042-2364-6554-2876,0,0,1,0,0,0,0,0,0
I62VNQCU1_6135-1533-6647-2045,0,0,1,0,0,0,0,0,0
I62VNQCU1_6151-3083-6663-3595,0,0,1,0,0,0,0,0,0
I62VNQCU1_6317-2285-6829-2797,0,0,1,0,0,0,0,0,0
I62VNQCU1_651-2752-1163-3264,0,0,1,0,0,0,0,0,0
I62VNQCU1_651-2240-1163-2752,0,0,1,0,0,0,0,0,0
I62VNQCU1_6417-3520-6929-4032,0,0,1,0,0,0,0,0,0
I62VNQCU1_6151-3595-6663-4107,0,0,1,0,0,0,0,0,0
I62VNQCU1_6152-5168-6664-5680,0,0,1,0,0,0,0,0,0
I62VNQCU1_6396-3805-6908-4317,0,0,1,0,0,0,0,0,0
I62VNQCU1_651-3264-1163-3776,0,0,1,0,0,0,0,0,0
I62VNQCU1_6554-1852-7066-2364,0,0,1,0,0,0,0,0,0
I62VNQCU1_6554-2364-7066-2876,0,0,1,0,0,0,0,0,0
I62VNQCU1_7085-3780-7597-4292,0,0,1,0,0,0,0,0,0
I62VNQCU1_6916-8981-7428-9493,0,0,1,0,0,0,0,0,0
I62VNQCU1_7237-3335-7749-3847,0,0,1,0,0,0,0,0,0
I62VNQCU1_6929-3520-7441-4032,0,0,1,0,0,0,0,0,0
I62VNQCU1_6664-5168-7176-5680,0,0,1,0,0,0,0,0,0
I62VNQCU1_7176-5168-7688-5680,0,0,1,0,0,0,0,0,0
I62VNQCU1_6976-3131-7488-3643,0,0,1,0,0,0,0,0,0
I62VNQCU1_7272-2461-7784-2973,0,0,1,0,0,0,0,0,0
I62VNQCU1_737-1598-1249-2110,0,0,1,0,0,0,0,0,0
I62VNQCU1_7446-4116-7958-4628,0,0,1,0,0,0,0,0,0
I62VNQCU1_7272-2973-7784-3485,0,0,1,0,0,0,0,0,0
I62VNQCU1_7688-5168-8200-5680,0,0,1,0,0,0,0,0,0
I62VNQCU1_7488-3131-8000-3643,0,0,1,0,0,0,0,0,0
I62VNQCU1_7671-1533-8183-2045,0,0,1,0,0,0,0,0,0
I62VNQCU1_7671-2045-8183-2557,0,0,1,0,0,0,0,0,0
I62VNQCU1_7784-2973-8296-3485,0,0,1,0,0,0,0,0,0
I62VNQCU1_8712-4656-9224-5168,0,0,1,0,0,0,0,0,0
I62VNQCU1_8183-2045-8695-2557,0,0,1,0,0,0,0,0,0
I62VNQCU1_8296-2461-8808-2973,0,0,1,0,0,0,0,0,0
I62VNQCU1_8183-1533-8695-2045,0,0,1,0,0,0,0,0,0
I62VNQCU1_8200-5168-8712-5680,0,0,1,0,0,0,0,0,0
I62VNQCU1_7784-2461-8296-2973,0,0,1,0,0,0,0,0,0
I62VNQCU1_8712-5168-9224-5680,0,0,1,0,0,0,0,0,0
I62VNQCU1_8296-2973-8808-3485,0,0,1,0,0,0,0,0,0
I62VNQCU1_8808-2461-9320-2973,0,0,1,0,0,0,0,0,0
I62VNQCU1_8808-2973-9320-3485,0,0,1,0,0,0,0,0,0
I62VNQCU1_890-5026-1402-5538,0,0,1,0,0,0,0,0,0
I62VNQCU1_890-4514-1402-5026,0,0,1,0,0,0,0,0,0
I62VNQCU1_890-3490-1402-4002,0,0,1,0,0,0,0,0,0
I62VNQCU1_890-4002-1402-4514,0,0,1,0,0,0,0,0,0
I62VNQCU1_9224-5168-9736-5680,0,0,1,0,0,0,0,0,0
I62VNQCU1_9224-4656-9736-5168,0,0,1,0,0,0,0,0,0
I62VNQCU1_9279-7504-9791-8016,0,0,1,0,0,0,0,0,0
I62VNQCU1_9489-1423-10001-1935,0,0,1,0,0,0,0,0,0
I62VNQCU1_9736-5168-10248-5680,0,0,1,0,0,0,0,0,0
I62VNQCU1_9736-4656-10248-5168,0,0,1,0,0,0,0,0,0
I6ZWEC6FH_1427-686-1939-1198,1,0,0,0,0,0,0,0,0
I62VNQCU1_9791-7504-10303-8016,0,0,1,0,0,0,0,0,0
I62VNQCU1_9320-2973-9832-3485,0,0,1,0,0,0,0,0,0
I62VNQCU1_9934-4497-10446-5009,0,0,1,0,0,0,0,0,0
I62VNQCU1_9320-2461-9832-2973,0,0,1,0,0,0,0,0,0
I6ZWEC6FH_3176-1798-3688-2310,1,0,0,0,0,0,0,0,0
I7VYIC9GL_1116-7963-1628-8475,0,0,0,0,0,0,0,0,1
I7VYIC9GL_1127-7662-1639-8174,0,0,0,0,0,0,0,0,1
I7VYIC9GL_1149-6931-1661-7443,0,0,0,0,0,0,0,0,1
I6ZWEC6FH_4175-1389-4687-1901,1,0,0,0,0,0,0,0,0
I6ZWEC6FH_4807-2030-5319-2542,1,0,0,0,0,0,0,0,0
I6ZWEC6FH_3688-1798-4200-2310,1,0,0,0,0,0,0,0,0
I7VYIC9GL_1165-6566-1677-7078,0,0,0,0,0,0,0,0,1
I7VYIC9GL_1138-7294-1650-7806,0,0,0,0,0,0,0,0,1
I7VYIC9GL_1169-1867-1681-2379,0,0,0,0,0,0,0,0,1
I7VYIC9GL_1204-5466-1716-5978,0,0,0,0,0,0,0,0,1
I7VYIC9GL_1221-5099-1733-5611,0,0,0,0,0,0,0,0,1
I7VYIC9GL_1256-4373-1768-4885,0,0,0,0,0,0,0,0,1
I7VYIC9GL_1188-5832-1700-6344,0,0,0,0,0,0,0,0,1
I7VYIC9GL_1241-2346-1753-2858,0,0,0,0,0,0,0,0,1
I7VYIC9GL_1174-6197-1686-6709,0,0,0,0,0,0,0,0,1
I7VYIC9GL_1235-4736-1747-5248,0,0,0,0,0,0,0,0,1
I7VYIC9GL_1280-4006-1792-4518,0,0,0,0,0,0,0,0,1
I7VYIC9GL_1299-3640-1811-4152,0,0,0,0,0,0,0,0,1
I7VYIC9GL_1320-2912-1832-3424,0,0,0,0,0,0,0,0,1
I7VYIC9GL_1307-3273-1819-3785,0,0,0,0,0,0,0,0,1
I7VYIC9GL_3005-2808-3517-3320,0,0,0,0,0,0,0,0,1
I7VYIC9GL_1331-2580-1843-3092,0,0,0,0,0,0,0,0,1
I7VYIC9GL_2970-3139-3482-3651,0,0,0,0,0,0,0,0,1
I7VYIC9GL_3050-3508-3562-4020,0,0,0,0,0,0,0,0,1
I7VYIC9GL_4489-4280-5001-4792,0,0,0,0,0,0,0,0,1
I7VYIC9GL_4633-16329-5145-16841,0,0,0,0,0,0,0,0,1
I7VYIC9GL_4903-16090-5415-16602,0,0,0,0,0,0,0,0,1
I7VYIC9GL_4857-4662-5369-5174,0,0,0,0,0,0,0,0,1
I7VYIC9GL_5137-5030-5649-5542,0,0,0,0,0,0,0,0,1
I7VYIC9GL_5230-8553-5742-9065,0,0,0,0,0,0,0,0,1
I7VYIC9GL_5072-5766-5584-6278,0,0,0,0,0,0,0,0,1
I7VYIC9GL_5066-6133-5578-6645,0,0,0,0,0,0,0,0,1
I7VYIC9GL_5582-8566-6094-9078,0,0,0,0,0,0,0,0,1
I7VYIC9GL_5162-5400-5674-5912,0,0,0,0,0,0,0,0,1
I7VYIC9GL_5536-16120-6048-16632,0,0,0,0,0,0,0,0,1
I7VYIC9GL_5942-8587-6454-9099,0,0,0,0,0,0,0,0,1
I7VYIC9GL_5806-6883-6318-7395,0,0,0,0,0,0,0,0,1
I7VYIC9GL_5904-16139-6416-16651,0,0,0,0,0,0,0,0,1
I7VYIC9GL_6548-7636-7060-8148,0,0,0,0,0,0,0,0,1
I7VYIC9GL_6259-16164-6771-16676,0,0,0,0,0,0,0,0,1
I7VYIC9GL_6303-8606-6815-9118,0,0,0,0,0,0,0,0,1
I7VYIC9GL_6239-7264-6751-7776,0,0,0,0,0,0,0,0,1
I7VYIC9GL_6669-8622-7181-9134,0,0,0,0,0,0,0,0,1
I7VYIC9GL_6627-16178-7139-16690,0,0,0,0,0,0,0,0,1
I7VYIC9GL_7365-16211-7877-16723,0,0,0,0,0,0,0,0,1
I7VYIC9GL_6993-16193-7505-16705,0,0,0,0,0,0,0,0,1
I7VYIC9GL_7712-10719-8224-11231,0,0,0,0,0,0,0,0,1
I7VYIC9GL_8097-16257-8609-16769,0,0,0,0,0,0,0,0,1
I7VYIC9GL_7729-16230-8241-16742,0,0,0,0,0,0,0,0,1
I7VYIC9GL_8407-10720-8919-11232,0,0,0,0,0,0,0,0,1
I7VYIC9GL_8077-10811-8589-11323,0,0,0,0,0,0,0,0,1
I7VYIC9GL_6994-8637-7506-9149,0,0,0,0,0,0,0,0,1
I9CE1N2GR_2011-4928-2523-5440,1,0,0,0,0,0,0,0,0
I9CE1N2GR_2642-7648-3154-8160,1,0,0,0,0,0,0,0,0
I7VYIC9GL_8583-16408-9095-16920,0,0,0,0,0,0,0,0,1
I9CJQBB88_10090-2880-10602-3392,0,0,0,0,1,1,0,0,0
I7VYIC9GL_8724-16654-9236-17166,0,0,0,0,0,0,0,0,1
I9CJQBB88_10430-2894-10942-3406,0,0,0,0,1,1,0,0,0
I9CJQBB88_10327-8310-10839-8822,0,0,0,0,1,1,0,0,0
I9CJQBB88_1059-3293-1571-3805,0,0,0,0,0,1,0,0,0
I9CJQBB88_1059-3805-1571-4317,0,0,0,0,0,1,0,0,0
I9CJQBB88_10798-1148-11310-1660,0,0,0,0,0,1,0,0,0
I9CJQBB88_10798-1660-11310-2172,0,0,0,0,0,1,0,0,0
I9CJQBB88_10972-5361-11484-5873,0,0,0,0,0,1,0,0,0
I9CJQBB88_10798-636-11310-1148,0,0,0,0,0,1,0,0,0
I9CJQBB88_1127-4091-1639-4603,0,0,0,0,0,1,0,0,0
I9CJQBB88_1438-6924-1950-7436,0,0,0,0,0,1,0,0,0
I9CJQBB88_1082-6221-1594-6733,0,0,0,0,0,1,0,0,1
I9CJQBB88_10936-2824-11448-3336,0,0,0,0,1,1,0,0,0
I9CJQBB88_1438-7436-1950-7948,0,0,0,0,1,1,0,0,0
I9CJQBB88_1571-3805-2083-4317,0,0,0,0,1,1,0,0,0
I9CJQBB88_1950-6924-2462-7436,0,0,0,0,0,1,0,0,0
I9CJQBB88_1639-4091-2151-4603,0,0,0,0,1,1,0,0,0
I9CJQBB88_2151-4091-2663-4603,0,0,0,0,1,1,0,0,0
I9CJQBB88_2083-3805-2595-4317,0,0,0,0,1,1,0,0,0
I9CJQBB88_2339-7304-2851-7816,0,0,0,0,0,1,0,0,0
I9CJQBB88_1950-7436-2462-7948,0,0,0,0,0,1,0,0,0
I9CJQBB88_2595-3805-3107-4317,0,0,0,0,0,1,0,0,0
I9CJQBB88_2431-4229-2943-4741,0,0,0,0,1,1,0,0,0
I9CJQBB88_2421-3022-2933-3534,0,0,0,0,0,1,0,0,0
I9CJQBB88_3107-3293-3619-3805,0,0,0,0,0,1,0,0,0
I9CJQBB88_2982-7299-3494-7811,0,0,0,0,1,1,0,0,1
I9CJQBB88_3455-8453-3967-8965,0,0,0,0,0,0,0,0,1
I9CJQBB88_2933-3022-3445-3534,0,0,0,0,0,1,0,0,0
I9CJQBB88_2943-4229-3455-4741,0,0,0,0,1,1,0,0,0
I9CJQBB88_3107-3805-3619-4317,0,0,0,0,1,1,0,0,0
I9CJQBB88_3445-3022-3957-3534,0,0,0,0,0,1,0,0,0
I9CJQBB88_3494-7299-4006-7811,0,0,0,0,1,1,0,0,0
I9CJQBB88_3619-3293-4131-3805,0,0,0,0,0,1,0,0,0
I9CJQBB88_3829-2908-4341-3420,0,0,0,0,0,1,0,0,0
I9CJQBB88_3619-3805-4131-4317,0,0,0,0,1,0,0,0,0
I9CJQBB88_4065-8314-4577-8826,0,0,0,0,1,1,0,0,0
I9CJQBB88_4195-2778-4707-3290,0,0,0,0,0,1,0,0,0
I9CJQBB88_4038-7544-4550-8056,0,0,0,0,0,1,0,0,0
I9CJQBB88_3974-3736-4486-4248,0,0,0,0,1,1,0,0,0
I9CJQBB88_4225-3561-4737-4073,0,0,0,0,1,1,0,0,0
I9CJQBB88_4216-473-4728-985,0,0,0,0,0,1,0,0,0
I9CJQBB88_4221-8083-4733-8595,0,0,0,0,1,1,0,0,0
I9CJQBB88_4512-2075-5024-2587,0,0,0,0,0,0,0,0,1
I9CJQBB88_4452-1185-4964-1697,0,0,0,0,0,1,0,0,1
I9CJQBB88_4470-1524-4982-2036,0,0,0,0,0,1,0,0,0
I9CJQBB88_4707-2778-5219-3290,0,0,0,0,0,1,0,0,0
I9CJQBB88_4577-8314-5089-8826,0,0,0,0,1,1,0,0,0
I9CJQBB88_4737-3561-5249-4073,0,0,0,0,1,1,0,0,0
I9CJQBB88_5183-3577-5695-4089,0,0,0,0,0,1,0,0,0
I9CJQBB88_4920-8292-5432-8804,0,0,0,0,1,1,0,0,0
I9CJQBB88_5219-2778-5731-3290,0,0,0,0,0,1,0,0,0
I9CJQBB88_5731-2778-6243-3290,0,0,0,0,0,1,0,0,0
I9CJQBB88_5255-8271-5767-8783,0,0,0,0,1,1,0,0,1
I9CJQBB88_5805-3576-6317-4088,0,0,0,0,0,1,0,0,0
I9CJQBB88_5875-8309-6387-8821,0,0,0,0,1,1,0,0,0
I9CJQBB88_615-4091-1127-4603,0,0,0,0,0,1,0,0,0
I9CJQBB88_589-6193-1101-6705,0,0,0,0,0,0,0,0,1
I9CJQBB88_6243-2778-6755-3290,0,0,0,0,0,1,0,0,0
I9CJQBB88_6358-3503-6870-4015,0,0,0,0,1,1,0,0,0
I9CJQBB88_6358-2991-6870-3503,0,0,0,0,0,1,0,0,0
I9CJQBB88_6755-2778-7267-3290,0,0,0,0,0,1,0,0,0
I9CJQBB88_7382-2991-7894-3503,0,0,0,0,1,1,0,0,0
I9CJQBB88_6387-8309-6899-8821,0,0,0,0,1,1,0,0,0
I9CJQBB88_6878-8276-7390-8788,0,0,0,0,1,1,0,0,0
I9CJQBB88_6870-3503-7382-4015,0,0,0,0,1,1,0,0,0
I9CJQBB88_7214-950-7726-1462,0,0,0,0,0,0,0,0,1
I9CJQBB88_697-7313-1209-7825,0,0,0,0,1,1,0,0,1
I9CJQBB88_7382-3503-7894-4015,0,0,0,0,0,1,0,0,0
I9CJQBB88_7845-8281-8357-8793,0,0,0,0,1,0,0,0,0
I9CJQBB88_8357-8281-8869-8793,0,0,0,0,1,0,0,0,0
I9CJQBB88_7894-2991-8406-3503,0,0,0,0,1,1,0,0,0
I9CJQBB88_8622-2920-9134-3432,0,0,0,0,1,1,0,0,0
I9CJQBB88_7390-8276-7902-8788,0,0,0,0,1,0,0,0,0
I9CJQBB88_8537-2150-9049-2662,0,0,0,0,0,1,0,0,0
I9CJQBB88_8704-1023-9216-1535,0,0,0,0,0,0,0,0,1
I9CJQBB88_8791-8310-9303-8822,0,0,0,0,1,1,0,0,0
I9CJQBB88_9049-2150-9561-2662,0,0,0,0,0,1,0,0,0
I9CJQBB88_9134-2920-9646-3432,0,0,0,0,1,1,0,0,0
I9CJQBB88_9561-2150-10073-2662,0,0,0,0,0,1,0,0,0
I9CJQBB88_9303-8310-9815-8822,0,0,0,0,1,1,0,0,0
I9CJQBB88_9578-2880-10090-3392,0,0,0,0,1,1,0,0,0
I9CJQBB88_926-7436-1438-7948,0,0,0,0,1,0,0,0,1
I9E973RZV_10157-2008-10669-2520,1,0,0,0,0,0,0,0,0
I9E973RZV_10157-1496-10669-2008,1,0,0,0,0,0,0,0,0
I9E973RZV_10157-7640-10669-8152,1,0,0,0,0,0,0,0,0
I9CJQBB88_9815-8310-10327-8822,0,0,0,0,1,1,0,0,0
I9E973RZV_10157-984-10669-1496,1,0,0,0,0,0,0,0,0
I9E973RZV_10669-3032-11181-3544,1,0,0,0,0,0,0,0,0
I9E973RZV_10669-3544-11181-4056,1,0,0,0,0,0,0,0,0
I9E973RZV_10669-4568-11181-5080,1,0,0,0,0,0,0,0,0
I9E973RZV_10669-4056-11181-4568,1,0,0,0,0,0,0,0,0
I9E973RZV_10669-2520-11181-3032,1,0,0,0,0,0,0,0,0
I9E973RZV_10669-5080-11181-5592,1,0,0,0,0,0,0,0,0
I9E973RZV_10669-5592-11181-6104,1,0,0,0,0,0,0,0,0
I9E973RZV_10669-6104-11181-6616,1,0,0,0,0,0,0,0,0
I9E973RZV_10669-6616-11181-7128,1,0,0,0,0,0,0,0,0
I9E973RZV_1412-6352-1924-6864,1,0,0,0,0,0,0,0,0
I9E973RZV_14841-6977-15353-7489,1,0,0,0,0,0,0,0,0
I9E973RZV_10669-7128-11181-7640,1,0,0,0,0,0,0,0,0
I9E973RZV_14841-7489-15353-8001,1,0,0,0,0,0,0,0,0
I9E973RZV_10669-7640-11181-8152,1,0,0,0,0,0,0,0,0
I9E973RZV_14841-8001-15353-8513,1,0,0,0,0,0,0,0,0
I9E973RZV_15353-6977-15865-7489,1,0,0,0,0,0,0,0,0
I9E973RZV_1503-5248-2015-5760,1,0,0,0,0,0,0,0,0
I9E973RZV_15765-6377-16277-6889,1,0,0,0,0,0,0,0,0
I9E973RZV_15353-8001-15865-8513,1,0,0,0,0,0,0,0,0
I9E973RZV_15353-7489-15865-8001,1,0,0,0,0,0,0,0,0
I9E973RZV_15765-6889-16277-7401,1,0,0,0,0,0,0,0,0
I9E973RZV_15765-5865-16277-6377,1,0,0,0,0,0,0,0,0
I9E973RZV_15765-5353-16277-5865,1,0,0,0,0,0,0,0,0
I9E973RZV_15765-7401-16277-7913,1,0,0,0,0,0,0,0,0
I9E973RZV_3117-1637-3629-2149,1,0,0,0,0,0,0,0,0
I9E973RZV_2605-2149-3117-2661,1,0,0,0,0,0,0,0,0
I9E973RZV_2605-1637-3117-2149,1,0,0,0,0,0,0,0,0
I9E973RZV_3381-6816-3893-7328,1,0,0,0,0,0,0,0,0
I9E973RZV_3117-2149-3629-2661,1,0,0,0,0,0,0,0,0
I9E973RZV_3334-7428-3846-7940,1,0,0,0,0,0,0,0,0
I9E973RZV_3381-6304-3893-6816,1,0,0,0,0,0,0,0,0
I9E973RZV_3403-4838-3915-5350,1,0,0,0,0,0,0,0,0
I9E973RZV_3117-2661-3629-3173,1,0,0,0,0,0,0,0,0
I9E973RZV_3331-4165-3843-4677,1,0,0,0,0,0,0,0,0
I9E973RZV_3403-5350-3915-5862,1,0,0,0,0,0,0,0,0
I9E973RZV_3843-4165-4355-4677,1,0,0,0,0,0,0,0,0
I9E973RZV_3450-2846-3962-3358,1,0,0,0,0,0,0,0,0
I9E973RZV_3403-5862-3915-6374,1,0,0,0,0,0,0,0,0
I9E973RZV_3450-2334-3962-2846,1,0,0,0,0,0,0,0,0
I9E973RZV_3440-1737-3952-2249,1,0,0,0,0,0,0,0,0
I9E973RZV_3843-4677-4355-5189,1,0,0,0,0,0,0,0,0
I9E973RZV_3962-3358-4474-3870,1,0,0,0,0,0,0,0,0
I9E973RZV_3843-5189-4355-5701,1,0,0,0,0,0,0,0,0
I9E973RZV_4355-5189-4867-5701,1,0,0,0,0,0,0,0,0
I9E973RZV_3962-2846-4474-3358,1,0,0,0,0,0,0,0,0
I9E973RZV_4427-4838-4939-5350,1,0,0,0,0,0,0,0,0
I9E973RZV_4537-2174-5049-2686,1,0,0,0,0,0,0,0,0
I9E973RZV_4474-3870-4986-4382,1,0,0,0,0,0,0,0,0
I9E973RZV_4474-3358-4986-3870,1,0,0,0,0,0,0,0,0
I9E973RZV_4474-2846-4986-3358,1,0,0,0,0,0,0,0,0
I9E973RZV_4551-1242-5063-1754,1,0,0,0,0,0,0,0,0
I9E973RZV_4551-1754-5063-2266,1,0,0,0,0,0,0,0,0
I9E973RZV_4667-592-5179-1104,1,0,0,0,0,0,0,0,0
I9E973RZV_4986-3358-5498-3870,1,0,0,0,0,0,0,0,0
I9E973RZV_4867-5189-5379-5701,1,0,0,0,0,0,0,0,0
I9E973RZV_4986-3870-5498-4382,1,0,0,0,0,0,0,0,0
I9E973RZV_4939-4838-5451-5350,1,0,0,0,0,0,0,0,0
I9E973RZV_4986-2846-5498-3358,1,0,0,0,0,0,0,0,0
I9E973RZV_5063-1242-5575-1754,1,0,0,0,0,0,0,0,0
I9E973RZV_5451-4838-5963-5350,1,0,0,0,0,0,0,0,0
I9E973RZV_5063-1754-5575-2266,1,0,0,0,0,0,0,0,0
I9E973RZV_5379-5189-5891-5701,1,0,0,0,0,0,0,0,0
I9E973RZV_5379-5701-5891-6213,1,0,0,0,0,0,0,0,0
I9E973RZV_5498-2846-6010-3358,1,0,0,0,0,0,0,0,0
I9E973RZV_5891-4677-6403-5189,1,0,0,0,0,0,0,0,0
I9E973RZV_5498-3358-6010-3870,1,0,0,0,0,0,0,0,0
I9E973RZV_5594-1773-6106-2285,1,0,0,0,0,0,0,0,0
I9E973RZV_5891-5701-6403-6213,1,0,0,0,0,0,0,0,0
I9E973RZV_6088-2532-6600-3044,1,0,0,0,0,0,0,0,0
I9E973RZV_5891-5189-6403-5701,1,0,0,0,0,0,0,0,0
I9E973RZV_6403-5701-6915-6213,1,0,0,0,0,0,0,0,0
I9E973RZV_6088-3044-6600-3556,1,0,0,0,0,0,0,0,0
I9E973RZV_6915-4677-7427-5189,1,0,0,0,0,0,0,0,0
I9E973RZV_6403-5189-6915-5701,1,0,0,0,0,0,0,0,0
I9E973RZV_6915-5701-7427-6213,1,0,0,0,0,0,0,0,0
I9E973RZV_6403-4677-6915-5189,1,0,0,0,0,0,0,0,0
I9E973RZV_7035-5017-7547-5529,1,0,0,0,0,0,0,0,0
I9E973RZV_7427-5701-7939-6213,1,0,0,0,0,0,0,0,0
I9E973RZV_7547-5017-8059-5529,1,0,0,0,0,0,0,0,0
I9E973RZV_7427-4677-7939-5189,1,0,0,0,0,0,0,0,0
I9E973RZV_7895-7440-8407-7952,1,0,0,0,0,0,0,0,0
I9E973RZV_7939-4677-8451-5189,1,0,0,0,0,0,0,0,0
I9E973RZV_7939-5701-8451-6213,1,0,0,0,0,0,0,0,0
I9E973RZV_8059-5017-8571-5529,1,0,0,0,0,0,0,0,0
I9E973RZV_8621-1496-9133-2008,1,0,0,0,0,0,0,0,0
I9E973RZV_8292-2412-8804-2924,1,0,0,0,0,0,0,0,0
I9E973RZV_8621-2520-9133-3032,1,0,0,0,0,0,0,0,0
I9E973RZV_8621-2008-9133-2520,1,0,0,0,0,0,0,0,0
I9E973RZV_8621-4568-9133-5080,1,0,0,0,0,0,0,0,0
I9E973RZV_8621-4056-9133-4568,1,0,0,0,0,0,0,0,0
I9E973RZV_8621-3032-9133-3544,1,0,0,0,0,0,0,0,0
I9E973RZV_8621-3544-9133-4056,1,0,0,0,0,0,0,0,0
I9E973RZV_8621-5080-9133-5592,1,0,0,0,0,0,0,0,0
I9E973RZV_8621-5592-9133-6104,1,0,0,0,0,0,0,0,0
I9E973RZV_8621-984-9133-1496,1,0,0,0,0,0,0,0,0
I9E973RZV_900-6352-1412-6864,1,0,0,0,0,0,0,0,0
I9E973RZV_9133-6616-9645-7128,1,0,0,0,0,0,0,0,0
I9E973RZV_9133-6104-9645-6616,1,0,0,0,0,0,0,0,0
I9E973RZV_9133-7128-9645-7640,1,0,0,0,0,0,0,0,0
I9E973RZV_9645-7640-10157-8152,1,0,0,0,0,0,0,0,0
I9E973RZV_9133-7640-9645-8152,1,0,0,0,0,0,0,0,0
I9E973RZV_9133-984-9645-1496,1,0,0,0,0,0,0,0,0
I9E973RZV_9645-984-10157-1496,1,0,0,0,0,0,0,0,0
I9E973RZV_991-5248-1503-5760,1,0,0,0,0,0,0,0,0
I9K7R67WY_726-3428-1238-3940,0,0,0,0,0,0,0,0,1
I9K7R67WY_719-4027-1231-4539,0,0,0,0,0,0,0,0,1
I9K7R67WY_742-1308-1254-1820,0,0,0,0,0,0,0,0,1
I9K7R67WY_737-1689-1249-2201,0,0,0,0,0,0,0,0,1
I9K7R67WY_729-2526-1241-3038,0,0,0,0,0,0,0,0,1
I9YDYV3PC_2147-5570-2659-6082,0,0,0,0,0,0,1,0,0
I9YDYV3PC_1635-5570-2147-6082,0,0,0,0,0,0,1,0,0
I9YDR2VGT_4006-5519-4518-6031,1,0,0,0,0,0,0,0,0
I9YDYV3PC_2659-5570-3171-6082,0,0,0,0,0,0,1,0,0
I9YDYV3PC_3683-5058-4195-5570,0,0,0,0,0,0,1,0,0
I9YDYV3PC_3171-5058-3683-5570,0,0,0,0,0,0,1,0,0
I9YDYV3PC_3171-5570-3683-6082,0,0,0,0,0,0,1,0,0
I9YDYV3PC_4195-5058-4707-5570,0,0,0,0,0,0,1,0,0
IA2R87QB2_1327-3313-1839-3825,0,0,1,0,0,0,0,0,0
IA2R87QB2_1233-402-1745-914,0,0,1,0,0,0,0,0,0
I9YDYV3PC_5219-5058-5731-5570,0,0,0,0,0,0,1,0,0
IA2R87QB2_1787-412-2299-924,0,0,1,0,0,0,0,0,0
IA2R87QB2_1015-2840-1527-3352,0,0,1,0,0,0,0,0,0
I9YDYV3PC_4707-5058-5219-5570,0,0,0,0,0,0,1,0,0
IA2R87QB2_1186-2322-1698-2834,0,0,1,0,0,0,0,0,0
IA2R87QB2_1844-3195-2356-3707,0,0,1,0,0,0,0,0,0
IA2R87QB2_1844-2171-2356-2683,0,0,1,0,0,0,0,0,0
IA2R87QB2_1844-2683-2356-3195,0,0,1,0,0,0,0,0,0
IA2R87QB2_2109-2253-2621-2765,0,0,1,0,0,0,0,0,0
IA2R87QB2_1936-1766-2448-2278,0,0,1,0,0,0,0,0,0
IA2R87QB2_2433-429-2945-941,0,0,1,0,0,0,0,0,0
IA2R87QB2_4638-3335-5150-3847,0,0,1,0,0,0,0,0,0
IA2R87QB2_2569-954-3081-1466,0,0,1,0,0,0,0,0,0
IA2R87QB2_4689-3814-5201-4326,0,0,1,0,0,0,0,0,0
IA2R87QB2_4692-2231-5204-2743,0,0,1,0,0,0,0,0,0
IA2R87QB2_957-1696-1469-2208,0,0,1,0,0,0,0,0,0
IA2R87QB2_957-2208-1469-2720,0,0,1,0,0,0,0,0,0
IA2R87QB2_4757-3558-5269-4070,0,0,1,0,0,0,0,0,0
IA2R87QB2_4786-1782-5298-2294,0,0,1,0,0,0,0,0,0
IA2R87QB2_4757-3046-5269-3558,0,0,1,0,0,0,0,0,0
IA2R87QB2_4717-2679-5229-3191,0,0,1,0,0,0,0,0,0
IA2R87QB2_4757-4070-5269-4582,0,0,1,0,0,0,0,0,0
IAD6QTEK6_1011-1925-1523-2437,1,0,0,0,0,0,0,0,0
IAD6QTEK6_1011-2437-1523-2949,1,0,0,0,0,0,0,0,0
IAD6QTEK6_1154-1620-1666-2132,1,0,0,0,0,0,0,0,0
IAD6QTEK6_1115-1241-1627-1753,1,0,0,0,0,0,0,0,0
IAD6QTEK6_1523-1925-2035-2437,1,0,0,0,0,0,0,0,0
IAD6QTEK6_1523-2437-2035-2949,1,0,0,0,0,0,0,0,0
IAD6QTEK6_1676-1406-2188-1918,1,0,0,0,0,0,0,0,0
IAD6QTEK6_2035-1925-2547-2437,1,0,0,0,0,0,0,0,0
IAD6QTEK6_1805-1726-2317-2238,1,0,0,0,0,0,0,0,0
IAD6QTEK6_2029-1262-2541-1774,1,0,0,0,0,0,0,0,0
IAD6QTEK6_2035-2437-2547-2949,1,0,0,0,0,0,0,0,0
IAD6QTEK6_3134-1453-3646-1965,1,0,0,0,0,0,0,0,0
IAD6QTEK6_2279-2288-2791-2800,1,0,0,0,0,0,0,0,0
IAD6QTEK6_2178-1066-2690-1578,1,0,0,0,0,0,0,0,0
IAD6QTEK6_2348-1227-2860-1739,1,0,0,0,0,0,0,0,0
IAD6QTEK6_2862-995-3374-1507,1,0,0,0,0,0,0,0,0
IAD6QTEK6_2115-1648-2627-2160,1,0,0,0,0,0,0,0,0
IAD6QTEK6_3235-1802-3747-2314,1,0,0,0,0,0,0,0,0
IAD6QTEK6_2791-2288-3303-2800,1,0,0,0,0,0,0,0,0
IAD6QTEK6_3387-547-3899-1059,1,0,0,0,0,0,0,0,0
IAD6QTEK6_3402-1621-3914-2133,1,0,0,0,0,0,0,0,0
IAD6QTEK6_3479-1256-3991-1768,1,0,0,0,0,0,0,0,0
IAD6QTEK6_3600-1473-4112-1985,1,0,0,0,0,0,0,0,0
IAD6QTEK6_3603-2165-4115-2677,1,0,0,0,0,0,0,0,0
IAD6QTEK6_4098-687-4610-1199,1,0,0,0,0,0,0,0,0
IAD6QTEK6_4352-342-4864-854,1,0,0,0,0,0,0,0,0
IAD6QTEK6_4582-2188-5094-2700,1,0,0,0,0,0,0,0,0
IAD6QTEK6_4198-1280-4710-1792,1,0,0,0,0,0,0,0,0
IAD6QTEK6_4352-620-4864-1132,1,0,0,0,0,0,0,0,0
IAD6QTEK6_4735-1124-5247-1636,1,0,0,0,0,0,0,0,0
IAD6QTEK6_4915-705-5427-1217,1,0,0,0,0,0,0,0,0
IAD6QTEK6_4637-1629-5149-2141,1,0,0,0,0,0,0,0,0
IAD6QTEK6_499-2437-1011-2949,1,0,0,0,0,0,0,0,0
IAD6QTEK6_499-1925-1011-2437,1,0,0,0,0,0,0,0,0
IAD6QTEK6_687-2247-1199-2759,1,0,0,0,0,0,0,0,0
IAKEC2VUR_10005-3868-10517-4380,0,0,1,0,0,0,0,0,0
IAD6QTEK6_857-1423-1369-1935,1,0,0,0,0,0,0,0,0
IAKEC2VUR_10176-1360-10688-1872,0,0,1,0,0,0,0,0,0
IAKEC2VUR_10404-5970-10916-6482,0,0,1,0,0,0,0,0,0
IAKEC2VUR_10248-6242-10760-6754,0,0,1,0,0,0,0,0,0
IAKEC2VUR_10404-6482-10916-6994,0,0,1,0,0,0,0,0,0
IAKEC2VUR_10499-3924-11011-4436,0,0,1,0,0,0,0,0,0
IAKEC2VUR_10514-4584-11026-5096,0,0,1,0,0,0,0,0,0
IAKEC2VUR_10514-5096-11026-5608,0,0,1,0,0,0,0,0,0
IAKEC2VUR_10582-3011-11094-3523,0,0,1,0,0,0,0,0,0
IAKEC2VUR_10514-5608-11026-6120,0,0,1,0,0,0,0,0,0
IAKEC2VUR_10607-2738-11119-3250,0,0,1,0,0,0,0,0,0
IAKEC2VUR_11099-4270-11611-4782,0,0,1,0,0,0,0,0,0
IAKEC2VUR_10839-881-11351-1393,0,0,1,0,0,0,0,0,0
IAKEC2VUR_10618-1972-11130-2484,0,0,1,0,0,0,0,0,0
IAKEC2VUR_10869-1743-11381-2255,0,0,1,0,0,0,0,0,0
IAKEC2VUR_11160-792-11672-1304,0,0,1,0,0,0,0,0,0
IAKEC2VUR_10979-3873-11491-4385,0,0,1,0,0,0,0,0,0
IAKEC2VUR_10891-2957-11403-3469,0,0,1,0,0,0,0,0,0
IAKEC2VUR_10869-1231-11381-1743,0,0,1,0,0,0,0,0,0
IAKEC2VUR_11381-1231-11893-1743,0,0,1,0,0,0,0,0,0
IAKEC2VUR_11418-3943-11930-4455,0,0,1,0,0,0,0,0,0
IAKEC2VUR_11163-1590-11675-2102,0,0,1,0,0,0,0,0,0
IAKEC2VUR_11381-1743-11893-2255,0,0,1,0,0,0,0,0,0
IAKEC2VUR_11611-3758-12123-4270,0,0,1,0,0,0,0,0,0
IAKEC2VUR_11611-4270-12123-4782,0,0,1,0,0,0,0,0,0
IAKEC2VUR_12016-3697-12528-4209,0,0,1,0,0,0,0,0,0
IAKEC2VUR_12123-4270-12635-4782,0,0,1,0,0,0,0,0,0
IAKEC2VUR_11893-719-12405-1231,0,0,1,0,0,0,0,0,0
IAKEC2VUR_12153-958-12665-1470,0,0,1,0,0,0,0,0,0
IAKEC2VUR_1267-5209-1779-5721,0,0,1,0,0,0,0,0,0
IAKEC2VUR_12220-3460-12732-3972,0,0,1,0,0,0,0,0,0
IAKEC2VUR_12343-2114-12855-2626,0,0,1,0,0,0,0,0,0
IAKEC2VUR_12342-3201-12854-3713,0,0,1,0,0,0,0,0,0
IAKEC2VUR_12405-719-12917-1231,0,0,1,0,0,0,0,0,0
IAKEC2VUR_12405-1231-12917-1743,0,0,1,0,0,0,0,0,0
IAKEC2VUR_12405-1743-12917-2255,0,0,1,0,0,0,0,0,0
IAKEC2VUR_12530-3051-13042-3563,0,0,1,0,0,0,0,0,0
IAKEC2VUR_1267-5721-1779-6233,0,0,1,0,0,0,0,0,0
IAKEC2VUR_12917-719-13429-1231,0,0,1,0,0,0,0,0,0
IAKEC2VUR_12710-2460-13222-2972,0,0,1,0,0,0,0,0,0
IAKEC2VUR_1267-6233-1779-6745,0,0,1,0,0,0,0,0,0
IAKEC2VUR_2085-6592-2597-7104,0,0,1,0,0,0,0,0,0
IAKEC2VUR_1992-5224-2504-5736,0,0,1,0,0,0,0,0,0
IAKEC2VUR_2622-5347-3134-5859,0,0,1,0,0,0,0,0,0
IAKEC2VUR_3627-5342-4139-5854,0,0,1,0,0,0,0,0,0
IAKEC2VUR_1465-6549-1977-7061,0,0,1,0,0,0,0,0,0
IAKEC2VUR_3412-5124-3924-5636,0,0,1,0,0,0,0,0,0
IAKEC2VUR_3905-4179-4417-4691,0,0,1,0,0,0,0,0,0
IAKEC2VUR_3748-4887-4260-5399,0,0,1,0,0,0,0,0,0
IAKEC2VUR_3782-5587-4294-6099,0,0,1,0,0,0,0,0,0
IAKEC2VUR_3905-4691-4417-5203,0,0,1,0,0,0,0,0,0
IAKEC2VUR_4196-4665-4708-5177,0,0,1,0,0,0,0,0,0
IAKEC2VUR_4417-4179-4929-4691,0,0,1,0,0,0,0,0,0
IAKEC2VUR_4091-4935-4603-5447,0,0,1,0,0,0,0,0,0
IAKEC2VUR_4507-4549-5019-5061,0,0,1,0,0,0,0,0,0
IAKEC2VUR_4929-4691-5441-5203,0,0,1,0,0,0,0,0,0
IAKEC2VUR_6000-4381-6512-4893,0,0,1,0,0,0,0,0,0
IAKEC2VUR_5073-4256-5585-4768,0,0,1,0,0,0,0,0,0
IAKEC2VUR_4821-4361-5333-4873,0,0,1,0,0,0,0,0,0
IAKEC2VUR_7239-3841-7751-4353,0,0,1,0,0,0,0,0,0
IAKEC2VUR_6512-4381-7024-4893,0,0,1,0,0,0,0,0,0
IAKEC2VUR_7177-3422-7689-3934,0,0,1,0,0,0,0,0,0
IAKEC2VUR_7177-2910-7689-3422,0,0,1,0,0,0,0,0,0
IAKEC2VUR_6278-5233-6790-5745,0,0,1,0,0,0,0,0,0
IAKEC2VUR_7071-5883-7583-6395,0,0,1,0,0,0,0,0,0
IAKEC2VUR_7466-1797-7978-2309,0,0,1,0,0,0,0,0,0
IAKEC2VUR_7365-2023-7877-2535,0,0,1,0,0,0,0,0,0
IAKEC2VUR_7324-3178-7836-3690,0,0,1,0,0,0,0,0,0
IAKEC2VUR_7253-4219-7765-4731,0,0,1,0,0,0,0,0,0
IAKEC2VUR_7289-2574-7801-3086,0,0,1,0,0,0,0,0,0
IAKEC2VUR_7477-2309-7989-2821,0,0,1,0,0,0,0,0,0
IAKEC2VUR_755-5721-1267-6233,0,0,1,0,0,0,0,0,0
IAKEC2VUR_755-5209-1267-5721,0,0,1,0,0,0,0,0,0
IAKEC2VUR_7745-1452-8257-1964,0,0,1,0,0,0,0,0,0
IAKEC2VUR_7794-1709-8306-2221,0,0,1,0,0,0,0,0,0
IAKEC2VUR_7996-1326-8508-1838,0,0,1,0,0,0,0,0,0
IAKEC2VUR_8127-2679-8639-3191,0,0,1,1,0,0,0,0,0
IAKEC2VUR_8676-6310-9188-6822,0,0,1,0,0,0,0,0,0
IAKEC2VUR_8651-1306-9163-1818,0,0,1,0,0,0,0,0,0
IAKEC2VUR_9099-2839-9611-3351,0,0,1,0,0,0,0,0,0
IAKEC2VUR_8419-6351-8931-6863,0,0,1,0,0,0,0,0,0
IAKEC2VUR_8811-6775-9323-7287,0,0,1,0,0,0,0,0,0
IAKEC2VUR_8771-5686-9283-6198,0,0,1,0,0,0,0,0,0
IAKEC2VUR_9698-1056-10210-1568,0,0,1,0,0,0,0,0,0
IAKEC2VUR_9323-6775-9835-7287,0,0,1,0,0,0,0,0,0
IAKEC2VUR_9127-2547-9639-3059,0,0,1,0,0,0,0,0,0
IAKEC2VUR_9611-2839-10123-3351,0,0,1,0,0,0,0,0,0
IAKEC2VUR_946-6302-1458-6814,0,0,1,0,0,0,0,0,0
IAKEC2VUR_9163-1306-9675-1818,0,0,1,0,0,0,0,0,0
IAKEC2VUR_9698-544-10210-1056,0,0,1,0,0,0,0,0,0
IAKEC2VUR_9998-1811-10510-2323,0,0,1,0,0,0,0,0,0
IB8I82CIA_11432-735-11944-1247,0,0,0,0,1,0,0,0,0
IB8I82CIA_10920-735-11432-1247,0,0,0,0,1,0,0,0,0
IB8I82CIA_11864-724-12376-1236,0,0,0,0,1,0,0,0,0
IB8I82CIA_12376-724-12888-1236,0,0,0,0,1,0,0,0,0
IB8I82CIA_13367-735-13879-1247,0,0,0,0,1,0,0,0,0
IB8I82CIA_14033-8213-14545-8725,0,0,0,0,1,0,0,0,0
IB8I82CIA_13100-8250-13612-8762,0,0,0,0,1,0,0,0,0
IB8I82CIA_12855-735-13367-1247,0,0,0,0,1,0,0,0,0
IB8I82CIA_13612-8250-14124-8762,0,0,0,0,1,0,0,0,0
IB8I82CIA_1379-8245-1891-8757,0,0,0,0,1,0,0,0,0
IB8I82CIA_1449-738-1961-1250,0,0,0,0,1,0,0,0,0
IB8I82CIA_14992-8228-15504-8740,0,0,0,0,1,0,0,0,0
IB8I82CIA_15504-8228-16016-8740,0,0,0,0,1,0,0,0,0
IB8I82CIA_14545-8213-15057-8725,0,0,0,0,1,0,0,0,0
IB8I82CIA_1891-8245-2403-8757,0,0,0,0,1,0,0,0,0
IB8I82CIA_2533-8313-3045-8825,0,0,0,0,1,0,0,0,0
IB8I82CIA_1961-738-2473-1250,0,0,0,0,1,0,0,0,0
IB8I82CIA_2473-738-2985-1250,0,0,0,0,1,0,0,0,0
IB8I82CIA_2985-738-3497-1250,0,0,0,0,1,0,0,0,0
IB8I82CIA_2899-7399-3411-7911,0,0,0,0,1,0,0,0,0
IB8I82CIA_3497-738-4009-1250,0,0,0,0,1,0,0,0,0
IB8I82CIA_3411-7399-3923-7911,0,0,0,0,1,0,0,0,0
IB8I82CIA_7361-8301-7873-8813,0,0,0,0,1,0,0,0,0
IB8I82CIA_6056-741-6568-1253,0,0,0,0,1,0,0,0,0
IB8I82CIA_5544-741-6056-1253,0,0,0,0,1,0,0,0,0
IB8I82CIA_7020-747-7532-1259,0,0,0,0,1,0,0,0,0
IB8I82CIA_6864-8240-7376-8752,0,0,0,0,1,0,0,0,0
IB8I82CIA_4009-738-4521-1250,0,0,0,0,1,0,0,0,0
IB8I82CIA_7532-747-8044-1259,0,0,0,0,1,0,0,0,0
IB8I82CIA_8336-8295-8848-8807,0,0,0,0,1,0,0,0,0
IB8I82CIA_7873-8301-8385-8813,0,0,0,0,1,0,0,0,0
IB8I82CIA_7963-753-8475-1265,0,0,0,0,1,0,0,0,0
IB8I82CIA_8475-753-8987-1265,0,0,0,0,1,0,0,0,0
IB8I82CIA_845-8288-1357-8800,0,0,0,0,1,0,0,0,0
IB8I82CIA_8898-752-9410-1264,0,0,0,0,1,0,0,0,0
IB8I82CIA_8848-8295-9360-8807,0,0,0,0,1,0,0,0,0
IB8I82CIA_9457-8311-9969-8823,0,0,0,0,1,0,0,0,0
IB8I82CIA_9410-752-9922-1264,0,0,0,0,1,0,0,0,0
IC9ZYC6RB_10361-2003-10873-2515,1,0,0,0,0,0,0,0,0
IC9ZYC6RB_10361-2515-10873-3027,1,0,0,0,0,0,0,0,0
IC9ZYC6RB_10361-4051-10873-4563,1,0,0,0,0,0,0,0,0
IC9ZYC6RB_10361-3539-10873-4051,1,0,0,0,0,0,0,0,0
IC9ZYC6RB_10361-3027-10873-3539,1,0,0,0,0,0,0,0,0
IC9ZYC6RB_1145-4051-1657-4563,1,0,0,0,0,0,0,0,0
IC9ZYC6RB_1145-2003-1657-2515,1,0,0,0,0,0,0,0,0
IC9ZYC6RB_1145-3027-1657-3539,1,0,0,0,0,0,1,0,0
IC9ZYC6RB_1657-3027-2169-3539,1,0,0,0,0,0,1,0,0
IC9ZYC6RB_1657-2003-2169-2515,1,0,0,0,0,0,0,0,0
IC9ZYC6RB_1657-3539-2169-4051,1,0,0,0,0,0,1,0,0
IC9ZYC6RB_1145-979-1657-1491,1,0,0,0,0,0,0,0,0
IC9ZYC6RB_2169-2003-2681-2515,1,0,0,0,0,0,0,0,0
IC9ZYC6RB_1657-979-2169-1491,1,0,0,0,0,0,0,0,0
IC9ZYC6RB_1657-4051-2169-4563,1,0,0,0,0,0,0,0,0
IC9ZYC6RB_2169-3539-2681-4051,1,0,0,0,0,0,1,0,0
IC9ZYC6RB_2169-979-2681-1491,1,0,0,0,0,0,0,0,0
IC9ZYC6RB_2169-4051-2681-4563,1,0,0,0,0,0,0,0,0
IC9ZYC6RB_2681-2003-3193-2515,1,0,0,0,0,0,0,0,0
IC9ZYC6RB_2681-3027-3193-3539,1,0,0,0,0,0,1,0,0
IC9ZYC6RB_2681-979-3193-1491,1,0,0,0,0,0,0,0,0
IC9ZYC6RB_2681-4051-3193-4563,1,0,0,0,0,0,0,0,0
IC9ZYC6RB_3193-3027-3705-3539,1,0,0,0,0,0,1,0,0
IC9ZYC6RB_3193-2003-3705-2515,1,0,0,0,0,0,0,0,0
IC9ZYC6RB_3193-3539-3705-4051,1,0,0,0,0,0,1,0,0
IC9ZYC6RB_2681-3539-3193-4051,1,0,0,0,0,0,1,0,0
IC9ZYC6RB_3193-4051-3705-4563,1,0,0,0,0,0,0,0,0
IC9ZYC6RB_3705-2003-4217-2515,1,0,0,0,0,0,0,0,0
IC9ZYC6RB_3193-979-3705-1491,1,0,0,0,0,0,0,0,0
IC9ZYC6RB_3705-2515-4217-3027,1,0,0,0,0,0,1,0,0
IC9ZYC6RB_3705-3027-4217-3539,1,0,0,0,0,0,1,0,0
IC9ZYC6RB_3705-4051-4217-4563,1,0,0,0,0,0,0,0,0
IC9ZYC6RB_3705-979-4217-1491,1,0,0,0,0,0,0,0,0
IC9ZYC6RB_4217-2003-4729-2515,1,0,0,0,0,0,1,0,0
IC9ZYC6RB_4217-4051-4729-4563,1,0,0,0,0,0,0,0,0
IC9ZYC6RB_4217-2515-4729-3027,1,0,0,0,0,0,1,0,0
IC9ZYC6RB_4217-979-4729-1491,1,0,0,0,0,0,0,0,0
IC9ZYC6RB_4729-979-5241-1491,1,0,0,0,0,0,0,0,0
IC9ZYC6RB_5241-979-5753-1491,1,0,0,0,0,0,0,0,0
IC9ZYC6RB_4729-4051-5241-4563,1,0,0,0,0,0,0,0,0
IC9ZYC6RB_5241-4051-5753-4563,1,0,0,0,0,0,0,0,0
IC9ZYC6RB_4729-2003-5241-2515,1,0,0,0,0,0,1,0,0
IC9ZYC6RB_5753-2003-6265-2515,1,0,0,0,0,0,1,0,0
IC9ZYC6RB_5241-2003-5753-2515,1,0,0,0,0,0,1,0,0
IC9ZYC6RB_5753-979-6265-1491,1,0,0,0,0,0,0,0,0
IC9ZYC6RB_5753-2515-6265-3027,1,0,0,0,0,0,1,0,0
IC9ZYC6RB_5753-4051-6265-4563,1,0,0,0,0,0,0,0,0
IC9ZYC6RB_6265-2003-6777-2515,1,0,0,0,0,0,1,0,0
IC9ZYC6RB_6265-979-6777-1491,1,0,0,0,0,0,0,0,0
IC9ZYC6RB_6265-2515-6777-3027,1,0,0,0,0,0,1,0,0
IC9ZYC6RB_6265-4051-6777-4563,1,0,0,0,0,0,0,0,0
IC9ZYC6RB_6265-3027-6777-3539,1,0,0,0,0,0,1,0,0
IC9ZYC6RB_633-2003-1145-2515,1,0,0,0,0,0,0,0,0
IC9ZYC6RB_633-2515-1145-3027,1,0,0,0,0,0,0,0,0
IC9ZYC6RB_6777-2003-7289-2515,1,0,0,0,0,0,1,0,0
IC9ZYC6RB_633-3539-1145-4051,1,0,0,0,0,0,0,0,0
IC9ZYC6RB_633-4051-1145-4563,1,0,0,0,0,0,0,0,0
IC9ZYC6RB_6777-4051-7289-4563,1,0,0,0,0,0,0,0,0
IC9ZYC6RB_6777-2515-7289-3027,1,0,0,0,0,0,1,0,0
IC9ZYC6RB_633-3027-1145-3539,1,0,0,0,0,0,0,0,0
IC9ZYC6RB_7289-1491-7801-2003,0,0,0,0,0,0,1,0,0
IC9ZYC6RB_6777-979-7289-1491,1,0,0,0,0,0,0,0,0
IC9ZYC6RB_7289-4051-7801-4563,1,0,0,0,0,0,0,0,0
IC9ZYC6RB_7801-1491-8313-2003,0,0,0,0,0,0,1,0,0
IC9ZYC6RB_7289-2003-7801-2515,1,0,0,0,0,0,1,0,0
IC9ZYC6RB_7289-979-7801-1491,1,0,0,0,0,0,0,0,0
IC9ZYC6RB_7801-979-8313-1491,1,0,0,0,0,0,0,0,0
IC9ZYC6RB_8313-1491-8825-2003,0,0,0,0,0,0,1,0,0
IC9ZYC6RB_7801-4051-8313-4563,1,0,0,0,0,0,0,0,0
IC9ZYC6RB_7801-2003-8313-2515,1,0,0,0,0,0,1,0,0
IC9ZYC6RB_8313-4051-8825-4563,1,0,0,0,0,0,0,0,0
IC9ZYC6RB_8313-2003-8825-2515,1,0,0,0,0,0,0,0,0
IC9ZYC6RB_8825-4051-9337-4563,1,0,0,0,0,0,0,0,0
IC9ZYC6RB_8313-979-8825-1491,1,0,0,0,0,0,1,0,0
IC9ZYC6RB_8825-1491-9337-2003,0,0,0,0,0,0,1,0,0
IC9ZYC6RB_9337-2003-9849-2515,1,0,0,0,0,0,0,0,0
IC9ZYC6RB_8825-2003-9337-2515,1,0,0,0,0,0,0,0,0
IC9ZYC6RB_8825-979-9337-1491,1,0,0,0,0,0,1,0,0
IC9ZYC6RB_9337-979-9849-1491,1,0,0,0,0,0,0,0,0
IC9ZYC6RB_9337-4051-9849-4563,1,0,0,0,0,0,0,0,0
ICENPPRIH_3335-2379-3847-2891,0,0,0,0,0,0,0,0,1
IC9ZYC6RB_9849-4051-10361-4563,1,0,0,0,0,0,0,0,0
IC9ZYC6RB_9849-2003-10361-2515,1,0,0,0,0,0,0,0,0
ICENPPRIH_3572-2104-4084-2616,0,0,0,0,0,0,0,0,1
ICENPPRIH_5326-12773-5838-13285,0,0,0,0,0,0,0,0,1
ICENPPRIH_5208-1571-5720-2083,0,0,0,0,0,0,0,0,1
ICENPPRIH_4695-1361-5207-1873,0,0,0,0,0,0,0,0,1
ICENPPRIH_5503-12599-6015-13111,0,0,0,0,0,0,0,0,1
ICI7E4W2M_571-3434-1083-3946,0,0,0,0,0,1,0,0,0
ICENPPRIH_6374-2271-6886-2783,0,0,0,0,0,0,0,0,1
ICN7A13F3_1706-9795-2218-10307,0,0,0,0,0,0,0,0,1
ICXTAL13I_2915-7007-3427-7519,0,0,0,0,0,0,0,0,1
ICXTAL13I_12994-1998-13506-2510,0,0,0,0,0,0,0,0,1
ICJPDCRNV_8970-7565-9482-8077,0,0,0,0,0,0,0,0,1
ICXTAL13I_13858-8377-14370-8889,0,0,0,0,0,0,0,0,1
ICN7A13F3_1177-9954-1689-10466,0,0,0,0,0,0,0,0,1
ICXTAL13I_14741-6885-15253-7397,0,0,0,0,0,0,0,0,1
ICXTAL13I_4706-2079-5218-2591,0,0,0,0,0,0,0,0,1
ICXTAL13I_5477-3819-5989-4331,0,0,0,0,0,0,0,0,1
ICXTAL13I_6527-1170-7039-1682,0,0,0,0,0,0,0,0,1
ICXTAL13I_779-7221-1291-7733,0,0,0,0,0,0,0,0,1
ICXTAL13I_8544-3086-9056-3598,0,0,0,0,0,0,0,0,1
IDCYXE6BX_1238-4860-1750-5372,0,1,0,0,0,0,0,0,0
ICXTAL13I_8678-1158-9190-1670,0,0,0,0,0,0,0,0,1
IDCYXE6BX_1238-5884-1750-6396,0,1,0,0,0,0,0,0,0
IDCYXE6BX_1238-5372-1750-5884,0,1,0,0,0,0,0,0,0
IDCYXE6BX_1451-890-1963-1402,0,1,0,0,0,0,0,0,0
IDCYXE6BX_2630-1804-3142-2316,0,1,0,0,0,0,0,0,0
IDCYXE6BX_1238-6396-1750-6908,0,1,0,0,0,0,0,0,0
IDCYXE6BX_2630-780-3142-1292,0,1,0,0,0,0,0,0,0
IDCYXE6BX_3654-1804-4166-2316,0,1,0,0,0,0,0,0,0
IDCYXE6BX_2630-1292-3142-1804,0,1,0,0,0,0,0,0,0
IDCYXE6BX_3154-7611-3666-8123,0,1,0,0,0,0,0,0,0
IDCYXE6BX_3142-1804-3654-2316,0,1,0,0,0,0,0,0,0
IDCYXE6BX_3654-2316-4166-2828,0,1,0,0,0,0,0,0,0
IDCYXE6BX_3654-3340-4166-3852,0,1,0,0,0,0,0,0,0
IDCYXE6BX_3666-7611-4178-8123,0,1,0,0,0,0,0,0,0
IDCYXE6BX_3654-2828-4166-3340,0,1,0,0,0,0,0,0,0
IDCYXE6BX_902-10175-1414-10687,0,1,0,0,0,0,0,0,0
IDCYXE6BX_939-890-1451-1402,0,1,0,0,0,0,0,0,0
IEECX7GXC_10460-1181-10972-1693,0,1,0,0,0,0,0,0,0
IEECX7GXC_10008-2767-10520-3279,0,1,0,0,0,0,0,0,0
IEECX7GXC_10460-1693-10972-2205,0,1,0,0,0,0,0,0,0
IEECX7GXC_10460-2205-10972-2717,0,1,0,0,0,0,0,0,0
IEECX7GXC_10460-2717-10972-3229,0,1,0,0,0,0,0,0,0
IEECX7GXC_10972-1693-11484-2205,0,1,0,0,0,0,0,0,0
IEECX7GXC_10972-1181-11484-1693,0,1,0,0,0,0,0,0,0
IEECX7GXC_10460-669-10972-1181,0,1,0,0,0,0,0,0,0
IEECX7GXC_10602-394-11114-906,0,1,0,0,0,0,0,0,0
IEECX7GXC_10972-669-11484-1181,0,1,0,0,0,0,0,0,0
IEECX7GXC_10972-2717-11484-3229,0,1,0,0,0,0,0,0,0
IEECX7GXC_11114-394-11626-906,0,1,0,0,0,0,0,0,0
IEECX7GXC_11782-574-12294-1086,0,1,0,0,0,0,0,0,0
IEECX7GXC_1211-2750-1723-3262,0,1,0,0,0,0,0,0,0
IEECX7GXC_11782-1086-12294-1598,0,1,0,0,0,0,0,0,0
IEECX7GXC_11782-2110-12294-2622,0,1,0,0,0,0,0,0,0
IEECX7GXC_1211-2238-1723-2750,0,1,0,0,0,0,0,0,0
IEECX7GXC_1211-1726-1723-2238,0,1,0,0,0,0,0,0,0
IEECX7GXC_1214-1150-1726-1662,0,1,0,0,0,0,0,0,0
IEECX7GXC_1214-638-1726-1150,0,1,0,0,0,0,0,0,0
IEECX7GXC_12294-1086-12806-1598,0,1,0,0,0,0,0,0,0
IEECX7GXC_12294-1598-12806-2110,0,1,0,0,0,0,0,0,0
IEECX7GXC_12806-2110-13318-2622,0,1,0,0,0,0,0,0,0
IEECX7GXC_12294-2110-12806-2622,0,1,0,0,0,0,0,0,0
IEECX7GXC_12806-1598-13318-2110,0,1,0,0,0,0,0,0,0
IEECX7GXC_12294-2622-12806-3134,0,1,0,0,0,0,0,0,0
IEECX7GXC_12294-574-12806-1086,0,1,0,0,0,0,0,0,0
IEECX7GXC_13318-1086-13830-1598,0,1,0,0,0,0,0,0,0
IEECX7GXC_12806-574-13318-1086,0,1,0,0,0,0,0,0,0
IEECX7GXC_12806-2622-13318-3134,0,1,0,0,0,0,0,0,0
IEECX7GXC_13318-2622-13830-3134,0,1,0,0,0,0,0,0,0
IEECX7GXC_13318-574-13830-1086,0,1,0,0,0,0,0,0,0
IEECX7GXC_13318-1598-13830-2110,0,1,0,0,0,0,0,0,0
IEECX7GXC_13830-2622-14342-3134,0,1,0,0,0,0,0,0,0
IEECX7GXC_13830-2110-14342-2622,0,1,0,0,0,0,0,0,0
IEECX7GXC_13830-574-14342-1086,0,1,0,0,0,0,0,0,0
IEECX7GXC_14342-1598-14854-2110,0,1,0,0,0,0,0,0,0
IEECX7GXC_14342-2622-14854-3134,0,1,0,0,0,0,0,0,0
IEECX7GXC_14342-1086-14854-1598,0,1,0,0,0,0,0,0,0
IEECX7GXC_14342-2110-14854-2622,0,1,0,0,0,0,0,0,0
IEECX7GXC_14854-1598-15366-2110,0,1,0,0,0,0,0,0,0
IEECX7GXC_14342-574-14854-1086,0,1,0,0,0,0,0,0,0
IEECX7GXC_14854-2110-15366-2622,0,1,0,0,0,0,0,0,0
IEECX7GXC_14854-2622-15366-3134,0,1,0,0,0,0,0,0,0
IEECX7GXC_14854-574-15366-1086,0,1,0,0,0,0,0,0,0
IEECX7GXC_14918-869-15430-1381,0,1,0,0,0,0,0,0,0
IEECX7GXC_15430-1381-15942-1893,0,1,0,0,0,0,0,0,0
IEECX7GXC_15366-2110-15878-2622,0,1,0,0,0,0,0,0,0
IEECX7GXC_15366-574-15878-1086,0,1,0,0,0,0,0,0,0
IEECX7GXC_15942-869-16454-1381,0,1,0,0,0,0,0,0,0
IEECX7GXC_15430-869-15942-1381,0,1,0,0,0,0,0,0,0
IEECX7GXC_1723-2238-2235-2750,0,1,0,0,0,0,0,0,0
IEECX7GXC_16996-542-17508-1054,0,1,0,0,0,0,0,0,0
IEECX7GXC_15942-1381-16454-1893,0,1,0,0,0,0,0,0,0
IEECX7GXC_17724-2273-18236-2785,0,1,0,0,0,0,0,0,0
IEECX7GXC_17508-542-18020-1054,0,1,0,0,0,0,0,0,0
IEECX7GXC_1723-2750-2235-3262,0,1,0,0,0,0,0,0,0
IEECX7GXC_1726-638-2238-1150,0,1,0,0,0,0,0,0,0
IEECX7GXC_17840-1477-18352-1989,0,1,0,0,0,0,0,0,0
IEECX7GXC_18020-542-18532-1054,0,1,0,0,0,0,0,0,0
IEECX7GXC_18236-2273-18748-2785,0,1,0,0,0,0,0,0,0
IEECX7GXC_17724-2785-18236-3297,0,1,0,0,0,0,0,0,0
IEECX7GXC_18748-2785-19260-3297,0,1,0,0,0,0,0,0,0
IEECX7GXC_18932-1346-19444-1858,0,1,0,0,0,0,0,0,0
IEECX7GXC_18236-2785-18748-3297,0,1,0,0,0,0,0,0,0
IEECX7GXC_18748-2273-19260-2785,0,1,0,0,0,0,0,0,0
IEECX7GXC_18932-1858-19444-2370,0,1,0,0,0,0,0,0,0
IEECX7GXC_18532-542-19044-1054,0,1,0,0,0,0,0,0,0
IEECX7GXC_18352-1477-18864-1989,0,1,0,0,0,0,0,0,0
IEECX7GXC_2235-2238-2747-2750,0,1,0,0,0,0,0,0,0
IEECX7GXC_2574-969-3086-1481,0,1,0,0,0,0,0,0,0
IEECX7GXC_2677-490-3189-1002,0,1,0,0,0,0,0,0,0
IEECX7GXC_2856-1519-3368-2031,0,1,0,0,0,0,0,0,0
IEECX7GXC_3368-1519-3880-2031,0,1,0,0,0,0,0,0,0
IEECX7GXC_3481-2610-3993-3122,0,1,0,0,0,0,0,0,0
IEECX7GXC_3516-1024-4028-1536,0,1,0,0,0,0,0,0,0
IEECX7GXC_3516-512-4028-1024,0,1,0,0,0,0,0,0,0
IEECX7GXC_3993-2610-4505-3122,0,1,0,0,0,0,0,0,0
IEECX7GXC_4028-1024-4540-1536,0,1,0,0,0,0,0,0,0
IEECX7GXC_3993-1586-4505-2098,0,1,0,0,0,0,0,0,0
IEECX7GXC_4392-1519-4904-2031,0,1,0,0,0,0,0,0,0
IEECX7GXC_4505-2098-5017-2610,0,1,0,0,0,0,0,0,0
IEECX7GXC_4028-512-4540-1024,0,1,0,0,0,0,0,0,0
IEECX7GXC_4505-562-5017-1074,0,1,0,0,0,0,0,0,0
IEECX7GXC_4505-2610-5017-3122,0,1,0,0,0,0,0,0,0
IEECX7GXC_5017-1586-5529-2098,0,1,0,0,0,0,0,0,0
IEECX7GXC_5017-1074-5529-1586,0,1,0,0,0,0,0,0,0
IEECX7GXC_4540-1024-5052-1536,0,1,0,0,0,0,0,0,0
IEECX7GXC_5017-2098-5529-2610,0,1,0,0,0,0,0,0,0
IEECX7GXC_5340-669-5852-1181,0,1,0,0,0,0,0,0,0
IEECX7GXC_5017-2610-5529-3122,0,1,0,0,0,0,0,0,0
IEECX7GXC_5052-512-5564-1024,0,1,0,0,0,0,0,0,0
IEECX7GXC_5340-2205-5852-2717,0,1,0,0,0,0,0,0,0
IEECX7GXC_5340-1181-5852-1693,0,1,0,0,0,0,0,0,0
IEECX7GXC_5852-1693-6364-2205,0,1,0,0,0,0,0,0,0
IEECX7GXC_5529-2610-6041-3122,0,1,0,0,0,0,0,0,0
IEECX7GXC_5852-1181-6364-1693,0,1,0,0,0,0,0,0,0
IEECX7GXC_5529-1586-6041-2098,0,1,0,0,0,0,0,0,0
IEECX7GXC_6133-586-6645-1098,0,1,0,0,0,0,0,0,0
IEECX7GXC_6364-669-6876-1181,0,1,0,0,0,0,0,0,0
IEECX7GXC_6645-586-7157-1098,0,1,0,0,0,0,0,0,0
IEECX7GXC_6364-1181-6876-1693,0,1,0,0,0,0,0,0,0
IEECX7GXC_5852-2717-6364-3229,0,1,0,0,0,0,0,0,0
IEECX7GXC_6876-2205-7388-2717,0,1,0,0,0,0,0,0,0
IEECX7GXC_6876-669-7388-1181,0,1,0,0,0,0,0,0,0
IEECX7GXC_6876-1181-7388-1693,0,1,0,0,0,0,0,0,0
IEECX7GXC_5852-2205-6364-2717,0,1,0,0,0,0,0,0,0
IEECX7GXC_699-2750-1211-3262,0,1,0,0,0,0,0,0,0
IEECX7GXC_699-1726-1211-2238,0,1,0,0,0,0,0,0,0
IEECX7GXC_699-2238-1211-2750,0,1,0,0,0,0,0,0,0
IEECX7GXC_702-638-1214-1150,0,1,0,0,0,0,0,0,0
IEECX7GXC_702-1150-1214-1662,0,1,0,0,0,0,0,0,0
IEECX7GXC_7900-2205-8412-2717,0,1,0,0,0,0,0,0,0
IEECX7GXC_7388-2205-7900-2717,0,1,0,0,0,0,0,0,0
IEECX7GXC_7900-1181-8412-1693,0,1,0,0,0,0,0,0,0
IEECX7GXC_8412-2205-8924-2717,0,1,0,0,0,0,0,0,0
IEECX7GXC_8924-2717-9436-3229,0,1,0,0,0,0,0,0,0
IEECX7GXC_7900-669-8412-1181,0,1,0,0,0,0,0,0,0
IEECX7GXC_8412-2717-8924-3229,0,1,0,0,0,0,0,0,0
IEECX7GXC_7388-669-7900-1181,0,1,0,0,0,0,0,0,0
IEECX7GXC_8412-1181-8924-1693,0,1,0,0,0,0,0,0,0
IEECX7GXC_8412-669-8924-1181,0,1,0,0,0,0,0,0,0
IEECX7GXC_8924-669-9436-1181,0,1,0,0,0,0,0,0,0
IEECX7GXC_7900-2717-8412-3229,0,1,0,0,0,0,0,0,0
IEECX7GXC_8924-1181-9436-1693,0,1,0,0,0,0,0,0,0
IEECX7GXC_9429-426-9941-938,0,1,0,0,0,0,0,0,0
IEECX7GXC_9436-1181-9948-1693,0,1,0,0,0,0,0,0,0
IEECX7GXC_9436-2205-9948-2717,0,1,0,0,0,0,0,0,0
IEECX7GXC_9436-2717-9948-3229,0,1,0,0,0,0,0,0,0
IEECX7GXC_9941-426-10453-938,0,1,0,0,0,0,0,0,0
IEECX7GXC_9948-1181-10460-1693,0,1,0,0,0,0,0,0,0
IEGL3JTPD_2284-296-2796-808,0,0,0,0,0,1,0,0,0
IEX3T6WM9_2226-1567-2738-2079,0,1,0,0,0,0,0,0,0
IEECX7GXC_9948-2205-10460-2717,0,1,0,0,0,0,0,0,0
IEGL3JTPD_818-4743-1330-5255,0,0,0,0,0,1,0,0,0
IEX3T6WM9_1449-1311-1961-1823,0,1,0,0,0,0,0,0,0
IEX3T6WM9_1449-1823-1961-2335,0,1,0,0,0,0,0,0,0
IEX3T6WM9_1961-1311-2473-1823,0,1,0,0,0,0,0,0,0
IEX3T6WM9_1961-1823-2473-2335,0,1,0,0,0,0,0,0,0
IFIR9B3PA_10274-6061-10786-6573,0,0,1,0,0,0,0,0,0
IFIR9B3PA_1017-1941-1529-2453,0,0,1,0,0,0,0,0,0
IFIR9B3PA_10275-460-10787-972,0,0,0,0,1,0,0,0,0
IFIR9B3PA_10196-7593-10708-8105,0,0,0,0,1,0,0,0,0
IFIR9B3PA_1058-6573-1570-7085,0,0,1,0,0,0,0,0,0
IFIR9B3PA_10484-961-10996-1473,0,0,1,0,0,0,0,0,0
IFIR9B3PA_10786-6061-11298-6573,0,0,1,0,0,0,0,0,0
IFIR9B3PA_1524-612-2036-1124,0,0,0,0,1,1,0,0,0
IFIR9B3PA_1200-486-1712-998,0,0,0,0,1,1,0,0,0
IFIR9B3PA_1570-6573-2082-7085,0,0,1,0,0,0,0,0,0
IFIR9B3PA_2082-7597-2594-8109,0,0,0,0,0,1,0,0,0
IFIR9B3PA_2553-1941-3065-2453,0,0,1,0,0,0,0,0,0
IFIR9B3PA_2082-6573-2594-7085,0,0,1,0,0,0,0,0,0
IFIR9B3PA_2082-7085-2594-7597,0,0,1,0,0,1,0,0,0
IFIR9B3PA_1878-465-2390-977,0,0,0,0,1,1,0,0,0
IFIR9B3PA_2041-2453-2553-2965,0,0,1,0,0,0,0,0,0
IFIR9B3PA_1529-1941-2041-2453,0,0,1,0,0,0,0,0,0
IFIR9B3PA_2171-475-2683-987,0,0,0,0,1,1,0,0,0
IFIR9B3PA_2553-2453-3065-2965,0,0,1,0,0,0,0,0,0
IFIR9B3PA_2452-470-2964-982,0,0,0,0,1,1,0,0,0
IFIR9B3PA_2041-1941-2553-2453,0,0,1,0,0,0,0,0,0
IFIR9B3PA_1570-7085-2082-7597,0,0,1,0,0,0,0,0,0
IFIR9B3PA_2594-7085-3106-7597,0,0,1,0,0,0,0,0,0
IFIR9B3PA_2594-6573-3106-7085,0,0,1,0,0,0,0,0,0
IFIR9B3PA_3065-2453-3577-2965,0,0,1,0,0,0,0,0,0
IFIR9B3PA_2748-471-3260-983,0,0,0,0,1,1,0,0,0
IFIR9B3PA_3042-468-3554-980,0,0,0,0,1,1,0,0,0
IFIR9B3PA_3618-6061-4130-6573,0,0,1,0,0,1,0,0,0
IFIR9B3PA_4130-7597-4642-8109,0,0,0,0,0,1,0,0,0
IFIR9B3PA_3106-6573-3618-7085,0,0,1,0,0,0,0,0,0
IFIR9B3PA_3577-2453-4089-2965,0,0,1,0,0,0,0,0,0
IFIR9B3PA_3618-7597-4130-8109,0,0,0,0,0,1,0,0,0
IFIR9B3PA_4089-2453-4601-2965,0,0,1,0,0,0,0,0,0
IFIR9B3PA_4202-587-4714-1099,0,0,0,0,1,1,0,0,0
IFIR9B3PA_3618-6573-4130-7085,0,0,1,0,0,0,0,0,0
IFIR9B3PA_3827-7805-4339-8317,0,0,0,0,0,1,0,0,0
IFIR9B3PA_3610-469-4122-981,0,0,0,0,1,1,0,0,0
IFIR9B3PA_4130-6061-4642-6573,0,0,1,0,0,0,0,0,0
IFIR9B3PA_3106-6061-3618-6573,0,0,1,0,0,1,0,0,0
IFIR9B3PA_4505-475-5017-987,0,0,0,0,1,1,0,0,0
IFIR9B3PA_4642-6061-5154-6573,0,0,1,0,0,0,0,0,0
IFIR9B3PA_4601-2453-5113-2965,0,0,1,0,0,0,0,0,0
IFIR9B3PA_505-1941-1017-2453,0,0,1,0,0,0,0,0,0
IFIR9B3PA_4642-7597-5154-8109,0,0,0,0,0,1,0,0,0
IFIR9B3PA_4794-487-5306-999,0,0,0,0,1,1,0,0,0
IFIR9B3PA_5063-2411-5575-2923,0,0,1,0,0,0,0,0,0
IFIR9B3PA_5154-7597-5666-8109,0,0,0,0,0,1,0,0,0
IFIR9B3PA_546-6573-1058-7085,0,0,1,0,0,0,0,0,0
IFIR9B3PA_5444-7724-5956-8236,0,0,0,0,0,1,0,0,0
IFIR9B3PA_546-6061-1058-6573,0,0,1,0,0,0,0,0,0
IFIR9B3PA_5666-6061-6178-6573,0,0,1,0,0,0,0,0,0
IFIR9B3PA_6178-6061-6690-6573,0,0,1,0,0,0,0,0,0
IFIR9B3PA_5666-7597-6178-8109,0,0,0,0,0,1,0,0,0
IFIR9B3PA_5154-6061-5666-6573,0,0,1,0,0,0,0,0,0
IFIR9B3PA_5876-2497-6388-3009,0,0,1,0,0,0,0,0,0
IFIR9B3PA_5083-491-5595-1003,0,0,0,0,1,1,0,0,0
IFIR9B3PA_606-570-1118-1082,0,0,0,0,0,1,0,0,0
IFIR9B3PA_5575-2411-6087-2923,0,0,1,0,0,0,0,0,0
IFIR9B3PA_6388-1985-6900-2497,0,0,1,0,0,0,0,0,0
IFIR9B3PA_6388-2497-6900-3009,0,0,1,0,0,0,0,0,0
IFIR9B3PA_6690-6061-7202-6573,0,0,1,0,0,0,0,0,0
IFIR9B3PA_6690-5549-7202-6061,0,0,1,0,0,0,0,0,0
IFIR9B3PA_6900-1985-7412-2497,0,0,1,0,0,0,0,0,0
IFIR9B3PA_7202-6061-7714-6573,0,0,1,0,0,0,0,0,0
IFIR9B3PA_7202-5549-7714-6061,0,0,1,0,0,0,0,0,0
IFIR9B3PA_7412-1473-7924-1985,0,0,1,0,0,0,0,0,0
IFIR9B3PA_7714-7597-8226-8109,0,0,0,0,1,0,0,0,0
IFIR9B3PA_7412-1985-7924-2497,0,0,1,0,0,0,0,0,0
IFIR9B3PA_7714-5549-8226-6061,0,0,1,0,0,0,0,0,0
IFIR9B3PA_8153-7706-8665-8218,0,0,0,0,1,0,0,0,0
IFIR9B3PA_8448-7706-8960-8218,0,0,0,0,1,0,0,0,0
IFIR9B3PA_7924-1473-8436-1985,0,0,1,0,0,0,0,0,0
IFIR9B3PA_8226-5549-8738-6061,0,0,1,0,0,0,0,0,0
IFIR9B3PA_8436-1473-8948-1985,0,0,1,0,0,0,0,0,0
IFIR9B3PA_7714-6061-8226-6573,0,0,1,0,0,0,0,0,0
IFIR9B3PA_8738-5549-9250-6061,0,0,1,0,0,0,0,0,0
IFIR9B3PA_8948-1473-9460-1985,0,0,1,0,0,0,0,0,0
IFIR9B3PA_8738-7597-9250-8109,0,0,0,0,1,0,0,0,0
IFIR9B3PA_9250-5549-9762-6061,0,0,1,0,0,0,0,0,0
IFIR9B3PA_8948-961-9460-1473,0,0,1,0,0,0,0,0,0
IFIR9B3PA_9395-454-9907-966,0,0,0,0,1,0,0,0,0
IFIR9B3PA_9762-7597-10274-8109,0,0,0,0,1,0,0,0,0
IFIR9B3PA_9460-1473-9972-1985,0,0,1,0,0,0,0,0,0
IFIR9B3PA_9762-6061-10274-6573,0,0,1,0,0,0,0,0,0
IFIR9B3PA_9460-961-9972-1473,0,0,1,0,0,0,0,0,0
IFRUJ72X6_1637-3877-2149-4389,0,0,1,0,0,0,0,0,0
IFIR9B3PA_9762-5549-10274-6061,0,0,1,0,0,0,0,0,0
IFIR9B3PA_9972-961-10484-1473,0,0,1,0,0,0,0,0,0
IFRUJ72X6_2149-3365-2661-3877,0,0,1,0,0,0,0,0,0
IFRUJ72X6_1125-3365-1637-3877,0,0,1,0,0,0,0,0,0
IFRUJ72X6_1637-3365-2149-3877,0,0,1,0,0,0,0,0,0
IFRUJ72X6_1125-3877-1637-4389,0,0,1,0,0,0,0,0,0
IFIR9B3PA_9697-465-10209-977,0,0,0,0,1,0,0,0,0
IFRUJ72X6_2661-3365-3173-3877,0,0,1,0,0,0,0,0,0
IFRUJ72X6_3075-3457-3587-3969,0,0,1,0,0,0,0,0,0
IFRUJ72X6_3014-3059-3526-3571,0,0,1,0,0,0,0,0,0
IFRUJ72X6_3614-3860-4126-4372,0,0,1,0,0,0,0,0,0
IFRUJ72X6_3307-2541-3819-3053,0,0,1,0,0,0,0,0,0
IFRUJ72X6_3307-3053-3819-3565,0,0,1,0,0,0,0,0,0
IFRUJ72X6_3819-2029-4331-2541,0,0,1,0,0,0,0,0,0
IFRUJ72X6_514-423-1026-935,0,0,1,0,0,0,0,0,0
IFRUJ72X6_3819-1517-4331-2029,0,0,1,0,0,0,0,0,0
IFRUJ72X6_3819-1005-4331-1517,0,0,1,0,0,0,0,0,0
IFRUJ72X6_4961-2170-5473-2682,0,0,1,0,0,0,0,0,0
IFRUJ72X6_613-2341-1125-2853,0,0,1,0,0,0,0,0,0
IFRUJ72X6_613-2853-1125-3365,0,0,1,0,0,0,0,0,0
IFRUJ72X6_4331-2541-4843-3053,0,0,1,0,0,0,0,0,0
IFRUJ72X6_4331-3053-4843-3565,0,0,1,0,0,0,0,0,0
IFRUJ72X6_613-3365-1125-3877,0,0,1,0,0,0,0,0,0
IFRUJ72X6_3819-3053-4331-3565,0,0,1,0,0,0,0,0,0
IFRUJ72X6_613-3877-1125-4389,0,0,1,0,0,0,0,0,0
IFRUJ72X6_613-4389-1125-4901,0,0,1,0,0,0,0,0,0
IFRUJ72X6_749-1225-1261-1737,0,0,1,0,0,0,0,0,0
IFRUJ72X6_914-1033-1426-1545,0,0,1,0,0,0,0,0,0
IGMLL2MLA_5359-932-5871-1444,0,0,0,0,1,0,0,0,0
IGRQE2X1G_1040-646-1552-1158,1,0,0,0,0,0,0,0,0
IGMLL2MLA_4847-932-5359-1444,0,0,0,0,1,0,0,0,0
IGRQE2X1G_1644-1911-2156-2423,1,0,0,0,0,0,0,0,0
IGRQE2X1G_1230-4743-1742-5255,1,0,0,0,0,0,0,0,0
IGRQE2X1G_1898-5196-2410-5708,1,0,0,0,0,0,0,0,0
IGWXLQBD1_1142-5744-1654-6256,1,0,0,0,0,0,0,0,0
IGWXLQBD1_1142-5232-1654-5744,1,0,0,0,0,0,0,0,0
IGRQE2X1G_4151-4745-4663-5257,1,0,0,0,0,0,0,0,0
IGWXLQBD1_1142-4720-1654-5232,1,0,0,0,0,0,0,0,0
IGWXLQBD1_1142-6256-1654-6768,1,0,0,0,0,0,0,0,0
IGWXLQBD1_1142-6768-1654-7280,1,0,0,0,0,0,0,0,0
IGWXLQBD1_1142-4208-1654-4720,1,0,0,0,0,0,0,0,0
IGRQE2X1G_4039-1542-4551-2054,1,0,0,0,0,0,0,0,0
IGWXLQBD1_1142-7280-1654-7792,1,0,0,0,0,0,0,0,0
IGWXLQBD1_1142-7792-1654-8304,1,0,0,0,0,0,0,0,0
IGWXLQBD1_15216-959-15728-1471,1,0,0,0,0,0,0,0,0
IGWXLQBD1_15216-447-15728-959,1,0,0,0,0,0,0,0,0
IGWXLQBD1_16240-447-16752-959,1,0,0,0,0,0,0,0,0
IGWXLQBD1_15728-447-16240-959,1,0,0,0,0,0,0,0,0
IGWXLQBD1_15728-959-16240-1471,1,0,0,0,0,0,0,0,0
IGWXLQBD1_16240-959-16752-1471,1,0,0,0,0,0,0,0,0
IGWXLQBD1_1654-7792-2166-8304,1,0,0,0,0,0,0,0,0
IGWXLQBD1_17264-959-17776-1471,1,0,0,0,0,0,0,0,0
IGWXLQBD1_17264-447-17776-959,1,0,0,0,0,0,0,0,0
IGWXLQBD1_17776-959-18288-1471,1,0,0,0,0,0,0,0,0
IGWXLQBD1_16752-959-17264-1471,1,0,0,0,0,0,0,0,0
IGWXLQBD1_16752-447-17264-959,1,0,0,0,0,0,0,0,0
IGWXLQBD1_17776-447-18288-959,1,0,0,0,0,0,0,0,0
IGWXLQBD1_18288-447-18800-959,1,0,0,0,0,0,0,0,0
IGWXLQBD1_18800-447-19312-959,1,0,0,0,0,0,0,0,0
IGWXLQBD1_18288-959-18800-1471,1,0,0,0,0,0,0,0,0
IGWXLQBD1_18800-959-19312-1471,1,0,0,0,0,0,0,0,0
IGWXLQBD1_19312-447-19824-959,1,0,0,0,0,0,0,0,0
IGWXLQBD1_19312-959-19824-1471,1,0,0,0,0,0,0,0,0
IGWXLQBD1_19824-1471-20336-1983,1,0,0,0,0,0,0,0,0
IGWXLQBD1_19824-3519-20336-4031,1,0,0,0,0,0,0,0,0
IGWXLQBD1_19824-1983-20336-2495,1,0,0,0,0,0,0,0,0
IGWXLQBD1_19824-2495-20336-3007,1,0,0,0,0,0,0,0,0
IGWXLQBD1_19824-4543-20336-5055,1,0,0,0,0,0,0,0,0
IGWXLQBD1_19824-3007-20336-3519,1,0,0,0,0,0,0,0,0
IGWXLQBD1_20336-1471-20848-1983,1,0,0,0,0,0,0,0,0
IGWXLQBD1_20336-1983-20848-2495,1,0,0,0,0,0,0,0,0
IGWXLQBD1_19824-447-20336-959,1,0,0,0,0,0,0,0,0
IGWXLQBD1_19824-4031-20336-4543,1,0,0,0,0,0,0,0,0
IGWXLQBD1_20336-2495-20848-3007,1,0,0,0,0,0,0,0,0
IGWXLQBD1_19824-959-20336-1471,1,0,0,0,0,0,0,0,0
IGWXLQBD1_20336-3007-20848-3519,1,0,0,0,0,0,0,0,0
IGWXLQBD1_20336-4031-20848-4543,1,0,0,0,0,0,0,0,0
IGWXLQBD1_20336-3519-20848-4031,1,0,0,0,0,0,0,0,0
IGWXLQBD1_20336-447-20848-959,1,0,0,0,0,0,0,0,0
IGWXLQBD1_20336-4543-20848-5055,1,0,0,0,0,0,0,0,0
IGWXLQBD1_20336-959-20848-1471,1,0,0,0,0,0,0,0,0
IGWXLQBD1_20848-4031-21360-4543,1,0,0,0,0,0,0,0,0
IGWXLQBD1_21360-4543-21872-5055,1,0,0,0,0,0,0,0,0
IGWXLQBD1_20848-4543-21360-5055,1,0,0,0,0,0,0,0,0
IGWXLQBD1_4539-7754-5051-8266,1,0,0,0,0,0,0,0,0
IGWXLQBD1_21360-4031-21872-4543,1,0,0,0,0,0,0,0,0
IGWXLQBD1_3141-7499-3653-8011,1,0,0,0,0,0,0,0,0
IGWXLQBD1_2166-7792-2678-8304,1,0,0,0,0,0,0,0,0
IGWXLQBD1_3515-7754-4027-8266,1,0,0,0,0,0,0,0,0
IGWXLQBD1_4027-7754-4539-8266,1,0,0,0,0,0,0,0,0
IGWXLQBD1_21872-4031-22384-4543,1,0,0,0,0,0,0,0,0
IGWXLQBD1_21872-4543-22384-5055,1,0,0,0,0,0,0,0,0
IGWXLQBD1_5563-7754-6075-8266,1,0,0,0,0,0,0,0,0
IGWXLQBD1_5051-7754-5563-8266,1,0,0,0,0,0,0,0,0
IGWXLQBD1_6075-8266-6587-8778,1,0,0,0,0,0,0,0,0
IGWXLQBD1_6075-7754-6587-8266,1,0,0,0,0,0,0,0,0
IGWXLQBD1_630-1136-1142-1648,1,0,0,0,0,0,0,0,0
IGWXLQBD1_630-2160-1142-2672,1,0,0,0,0,0,0,0,0
IGWXLQBD1_630-1648-1142-2160,1,0,0,0,0,0,0,0,0
IGWXLQBD1_630-4208-1142-4720,1,0,0,0,0,0,0,0,0
IGWXLQBD1_630-2672-1142-3184,1,0,0,0,0,0,0,0,0
IGWXLQBD1_630-5232-1142-5744,1,0,0,0,0,0,0,0,0
IGWXLQBD1_630-4720-1142-5232,1,0,0,0,0,0,0,0,0
IGWXLQBD1_630-7280-1142-7792,1,0,0,0,0,0,0,0,0
IGWXLQBD1_630-6768-1142-7280,1,0,0,0,0,0,0,0,0
IGWXLQBD1_630-3184-1142-3696,1,0,0,0,0,0,0,0,0
IGWXLQBD1_630-3696-1142-4208,1,0,0,0,0,0,0,0,0
IGWXLQBD1_630-5744-1142-6256,1,0,0,0,0,0,0,0,0
IGWXLQBD1_630-6256-1142-6768,1,0,0,0,0,0,0,0,0
IGWXLQBD1_630-7792-1142-8304,1,0,0,0,0,0,0,0,0
IGWXLQBD1_6587-7754-7099-8266,1,0,0,0,0,0,0,0,0
IGWXLQBD1_6587-8266-7099-8778,1,0,0,0,0,0,0,0,0
IGWXLQBD1_6961-1538-7473-2050,1,0,0,0,0,0,0,0,0
IGWXLQBD1_6961-1026-7473-1538,1,0,0,0,0,0,0,0,0
IGWXLQBD1_6961-2562-7473-3074,1,0,0,0,0,0,0,0,0
IGWXLQBD1_6961-2050-7473-2562,1,0,0,0,0,0,0,0,0
IGWXLQBD1_6961-3074-7473-3586,1,0,0,0,0,0,0,0,0
IGWXLQBD1_7099-7754-7611-8266,1,0,0,0,0,0,0,0,0
IGWXLQBD1_7473-6146-7985-6658,1,0,0,0,0,0,0,0,0
IGWXLQBD1_7473-5634-7985-6146,1,0,0,0,0,0,0,0,0
IGWXLQBD1_6961-3586-7473-4098,1,0,0,0,0,0,0,0,0
IGWXLQBD1_7473-7170-7985-7682,1,0,0,0,0,0,0,0,0
IGWXLQBD1_6961-4098-7473-4610,1,0,0,0,0,0,0,0,0
IGWXLQBD1_7473-1026-7985-1538,1,0,0,0,0,0,0,0,0
IGWXLQBD1_7611-7754-8123-8266,1,0,0,0,0,0,0,0,0
IGWXLQBD1_7099-8266-7611-8778,1,0,0,0,0,0,0,0,0
IGWXLQBD1_6961-4610-7473-5122,1,0,0,0,0,0,0,0,0
IGWXLQBD1_7473-6658-7985-7170,1,0,0,0,0,0,0,0,0
IGWXLQBD1_7611-8266-8123-8778,1,0,0,0,0,0,0,0,0
IGWXLQBD1_7985-1026-8497-1538,1,0,0,0,0,0,0,0,0
IGWXLQBD1_7985-1538-8497-2050,1,0,0,0,0,0,0,0,0
IGWXLQBD1_7985-2050-8497-2562,1,0,0,0,0,0,0,0,0
IGWXLQBD1_7985-3074-8497-3586,1,0,0,0,0,0,0,0,0
IGWXLQBD1_7985-2562-8497-3074,1,0,0,0,0,0,0,0,0
IGWXLQBD1_7985-3586-8497-4098,1,0,0,0,0,0,0,0,0
IGWXLQBD1_7985-5122-8497-5634,1,0,0,0,0,0,0,0,0
IGWXLQBD1_7985-4098-8497-4610,1,0,0,0,0,0,0,0,0
IGWXLQBD1_7985-6146-8497-6658,1,0,0,0,0,0,0,0,0
IGWXLQBD1_7985-6658-8497-7170,1,0,0,0,0,0,0,0,0
IGWXLQBD1_7985-4610-8497-5122,1,0,0,0,0,0,0,0,0
IGWXLQBD1_7985-7682-8497-8194,1,0,0,0,0,0,0,0,0
IGWXLQBD1_7985-5634-8497-6146,1,0,0,0,0,0,0,0,0
IGWXLQBD1_7985-7170-8497-7682,1,0,0,0,0,0,0,0,0
IHFEFLRV9_1381-4751-1893-5263,1,0,0,0,0,0,0,0,0
IHFEFLRV9_1345-587-1857-1099,1,0,0,0,0,0,0,0,0
IHFEFLRV9_1381-4239-1893-4751,1,0,0,0,0,0,0,0,0
IHFEFLRV9_148-1538-660-2050,1,0,0,0,0,0,0,0,0
IHFEFLRV9_148-2050-660-2562,1,0,0,0,0,0,0,0,0
IHFEFLRV9_1893-4239-2405-4751,1,0,0,0,0,0,0,0,0
IHFEFLRV9_1720-2089-2232-2601,1,0,0,0,0,0,0,0,0
IHFEFLRV9_1893-4751-2405-5263,1,0,0,0,0,0,0,0,0
IHFEFLRV9_1949-3952-2461-4464,1,0,0,0,0,0,0,0,0
IHFEFLRV9_2232-2089-2744-2601,1,0,0,0,0,0,0,0,0
IHFEFLRV9_225-3658-737-4170,1,0,0,0,0,0,0,0,0
IHFEFLRV9_321-1099-833-1611,1,0,0,0,0,0,0,0,0
IHFEFLRV9_2497-2243-3009-2755,1,0,0,0,0,0,0,0,0
IHFEFLRV9_2744-2089-3256-2601,1,0,0,0,0,0,0,0,0
IHFEFLRV9_2917-4751-3429-5263,1,0,0,0,0,0,0,0,0
IHFEFLRV9_2405-4751-2917-5263,1,0,0,0,0,0,0,0,0
IHFEFLRV9_2405-4239-2917-4751,1,0,0,0,0,0,0,0,0
IHFEFLRV9_2917-4239-3429-4751,1,0,0,0,0,0,0,0,0
IHFEFLRV9_3009-2243-3521-2755,1,0,0,0,0,0,0,0,0
IHFEFLRV9_321-587-833-1099,1,0,0,0,0,0,0,0,0
IHFEFLRV9_357-4239-869-4751,1,0,0,0,0,0,0,0,0
IHFEFLRV9_357-4751-869-5263,1,0,0,0,0,0,0,0,0
IHFEFLRV9_590-4459-1102-4971,1,0,0,0,0,0,0,0,0
IHFEFLRV9_833-1099-1345-1611,1,0,0,0,0,0,0,0,0
IHFEFLRV9_833-587-1345-1099,1,0,0,0,0,0,0,0,0
IHFEFLRV9_929-4413-1441-4925,1,0,0,0,0,0,0,0,0
IIJ8AKZA1_4986-1650-5498-2162,1,0,0,0,0,0,0,0,0
IHFEFLRV9_869-4751-1381-5263,1,0,0,0,0,0,0,0,0
IIJ8AKZA1_5187-1905-5699-2417,1,0,0,0,0,0,0,0,0
IIJ8AKZA1_5054-2488-5566-3000,1,0,0,0,0,0,0,0,0
IIJ8AKZA1_5614-969-6126-1481,1,0,0,0,0,0,0,0,0
IIJ8AKZA1_5167-1018-5679-1530,1,0,0,0,0,0,0,0,0
IJJLHXPG8_1332-5052-1844-5564,0,1,0,0,0,0,0,0,0
IJJLHXPG8_1844-4540-2356-5052,0,1,0,0,0,0,0,0,0
IJJLHXPG8_1487-7872-1999-8384,0,1,0,0,0,0,0,0,0
IIJ8AKZA1_5166-1340-5678-1852,1,0,0,0,0,0,0,0,0
IJJLHXPG8_1844-5052-2356-5564,0,1,0,0,0,0,0,0,0
IJJLHXPG8_1999-7872-2511-8384,0,1,0,0,0,0,0,0,0
IJJLHXPG8_1999-7360-2511-7872,0,1,0,0,0,0,0,0,0
IJJLHXPG8_2265-3671-2777-4183,0,1,0,0,0,0,0,0,0
IJJLHXPG8_2356-4540-2868-5052,0,1,0,0,0,0,0,0,0
IJJLHXPG8_3018-4499-3530-5011,0,1,0,0,0,0,0,0,0
IJJLHXPG8_2777-3671-3289-4183,0,1,0,0,0,0,0,0,0
IJJLHXPG8_4155-759-4667-1271,0,1,0,0,0,0,0,0,0
IJJLHXPG8_4667-759-5179-1271,0,1,0,0,0,0,0,0,0
IJYP8YLRY_1360-5902-1872-6414,0,1,0,0,0,0,0,0,0
IJYP8YLRY_1360-8974-1872-9486,0,1,0,0,0,0,0,0,0
IJJLHXPG8_3643-759-4155-1271,0,1,0,0,0,0,0,0,0
IJJLHXPG8_5418-7816-5930-8328,0,1,0,0,0,0,0,0,0
IJYP8YLRY_1618-1535-2130-2047,0,1,0,0,0,0,0,0,0
IJJLHXPG8_975-7872-1487-8384,0,1,0,0,0,0,0,0,0
IJYP8YLRY_1618-3071-2130-3583,0,1,0,0,0,0,0,0,0
IJJLHXPG8_5418-7304-5930-7816,0,1,0,0,0,0,0,0,0
IJYP8YLRY_1618-2047-2130-2559,0,1,0,0,0,0,0,0,0
IJYP8YLRY_1618-2559-2130-3071,0,1,0,0,0,0,0,0,0
IJYP8YLRY_1618-4095-2130-4607,0,1,0,0,0,0,0,0,0
IJYP8YLRY_1618-3583-2130-4095,0,1,0,0,0,0,0,0,0
IJYP8YLRY_1618-4607-2130-5119,0,1,0,0,0,0,0,0,0
IJYP8YLRY_1618-5119-2130-5631,0,1,0,0,0,0,0,0,0
IJYP8YLRY_1872-5902-2384-6414,0,1,0,0,0,0,0,0,0
IJYP8YLRY_1872-8974-2384-9486,0,1,0,0,0,0,0,0,0
IJYP8YLRY_2130-2559-2642-3071,0,1,0,0,0,0,0,0,0
IJYP8YLRY_2130-4607-2642-5119,0,1,0,0,0,0,0,0,0
IJYP8YLRY_2130-1535-2642-2047,0,1,0,0,0,0,0,0,0
IJYP8YLRY_2130-2047-2642-2559,0,1,0,0,0,0,0,0,0
IJYP8YLRY_2130-4095-2642-4607,0,1,0,0,0,0,0,0,0
IJYP8YLRY_2384-5902-2896-6414,0,1,0,0,0,0,0,0,0
IJYP8YLRY_2384-8462-2896-8974,0,1,0,0,0,0,0,0,0
IJYP8YLRY_2384-6414-2896-6926,0,1,0,0,0,0,0,0,0
IJYP8YLRY_2130-3583-2642-4095,0,1,0,0,0,0,0,0,0
IJYP8YLRY_2130-3071-2642-3583,0,1,0,0,0,0,0,0,0
IJYP8YLRY_2130-5119-2642-5631,0,1,0,0,0,0,0,0,0
IJYP8YLRY_2384-8974-2896-9486,0,1,0,0,0,0,0,0,0
IJYP8YLRY_2724-3945-3236-4457,0,1,0,0,0,0,0,0,0
IJYP8YLRY_2724-4457-3236-4969,0,1,0,0,0,0,0,0,0
IJYP8YLRY_2896-7438-3408-7950,0,1,0,0,0,0,0,0,0
IJYP8YLRY_2896-6926-3408-7438,0,1,0,0,0,0,0,0,0
IJYP8YLRY_2896-7950-3408-8462,0,1,0,0,0,0,0,0,0
IJYP8YLRY_2896-8462-3408-8974,0,1,0,0,0,0,0,0,0
IJYP8YLRY_3236-3945-3748-4457,0,1,0,0,0,0,0,0,0
IJYP8YLRY_3236-4457-3748-4969,0,1,0,0,0,0,0,0,0
IJYP8YLRY_3408-7438-3920-7950,0,1,0,0,0,0,0,0,0
IJYP8YLRY_3236-3433-3748-3945,0,1,0,0,0,0,0,0,0
IJYP8YLRY_4180-6886-4692-7398,0,1,0,0,0,0,0,0,0
IJYP8YLRY_3748-2921-4260-3433,0,1,0,0,0,0,0,0,0
IJYP8YLRY_3748-2409-4260-2921,0,1,0,0,0,0,0,0,0
IJYP8YLRY_4159-1366-4671-1878,0,1,0,0,0,0,0,0,0
IJYP8YLRY_3748-3433-4260-3945,0,1,0,0,0,0,0,0,0
IJYP8YLRY_3408-7950-3920-8462,0,1,0,0,0,0,0,0,0
IJYP8YLRY_4260-1897-4772-2409,0,1,0,0,0,0,0,0,0
IJYP8YLRY_4260-2409-4772-2921,0,1,0,0,0,0,0,0,0
IJYP8YLRY_4260-873-4772-1385,0,1,0,0,0,0,0,0,0
IJYP8YLRY_4692-6886-5204-7398,0,1,0,0,0,0,0,0,0
IJYP8YLRY_4772-1897-5284-2409,0,1,0,0,0,0,0,0,0
IJYP8YLRY_4772-873-5284-1385,0,1,0,0,0,0,0,0,0
IJYP8YLRY_4772-1385-5284-1897,0,1,0,0,0,0,0,0,0
IJYP8YLRY_5204-6886-5716-7398,0,1,0,0,0,0,0,0,0
IJYP8YLRY_5284-1385-5796-1897,0,1,0,0,0,0,0,0,0
IJYP8YLRY_5796-873-6308-1385,0,1,0,0,0,0,0,0,0
IJYP8YLRY_6308-873-6820-1385,0,1,0,0,0,0,0,0,0
IJYP8YLRY_5284-873-5796-1385,0,1,0,0,0,0,0,0,0
IJYP8YLRY_5716-6886-6228-7398,0,1,0,0,0,0,0,0,0
IJYP8YLRY_848-5902-1360-6414,0,1,0,0,0,0,0,0,0
IJYP8YLRY_6228-7398-6740-7910,0,1,0,0,0,0,0,0,0
IJYP8YLRY_5796-1385-6308-1897,0,1,0,0,0,0,0,0,0
IJYP8YLRY_5716-7398-6228-7910,0,1,0,0,0,0,0,0,0
IJYP8YLRY_848-6414-1360-6926,0,1,0,0,0,0,0,0,0
IJYP8YLRY_848-6926-1360-7438,0,1,0,0,0,0,0,0,0
IJYP8YLRY_848-7438-1360-7950,0,1,0,0,0,0,0,0,0
IJYP8YLRY_848-7950-1360-8462,0,1,0,0,0,0,0,0,0
IJYP8YLRY_848-8462-1360-8974,0,1,0,0,0,0,0,0,0
IJYP8YLRY_848-8974-1360-9486,0,1,0,0,0,0,0,0,0
IJYP8YLRY_972-3228-1484-3740,0,1,0,0,0,0,0,0,0
IL7FPUC8I_2019-4235-2531-4747,0,0,0,1,0,0,0,0,0
IL9J963RJ_2894-4190-3406-4702,0,0,0,0,0,1,0,0,0
IL7FPUC8I_554-4056-1066-4568,0,0,1,0,0,0,0,0,0
IL9J963RJ_1050-4164-1562-4676,0,0,0,0,0,1,0,0,0
IL9J963RJ_365-3832-877-4344,0,0,0,0,0,1,0,0,0
IL9J963RJ_2875-1617-3387-2129,0,0,0,0,0,1,0,0,0
IL9J963RJ_4769-1636-5281-2148,0,0,0,0,0,1,0,0,0
IL9J963RJ_1073-1655-1585-2167,0,0,0,0,0,1,0,0,0
IL9J963RJ_360-4221-872-4733,0,0,0,0,0,1,0,0,0
IL9J963RJ_3581-1724-4093-2236,0,0,0,0,0,1,0,0,0
IL9J963RJ_4761-4000-5273-4512,0,0,0,0,0,1,0,0,0
IL9J963RJ_363-5034-875-5546,0,0,0,0,0,1,0,0,0
IL9J963RJ_5455-4194-5967-4706,0,0,0,0,0,1,0,0,0
IL9J963RJ_6286-3895-6798-4407,0,0,0,0,0,1,0,0,0
IL9J963RJ_5474-1707-5986-2219,0,0,0,0,0,1,0,0,0
IL9J963RJ_5748-2860-6260-3372,0,0,0,0,0,1,0,0,0
IL9J963RJ_6303-375-6815-887,0,0,0,0,0,1,0,0,0
IL9J963RJ_6373-5393-6885-5905,0,0,0,0,0,1,0,0,0
ILLCWAI1T_10118-13189-10630-13701,1,0,0,0,0,0,0,0,0
ILLCWAI1T_10509-12798-11021-13310,1,0,0,0,0,0,0,0,0
ILLCWAI1T_10511-4877-11023-5389,1,0,0,0,0,0,0,0,0
ILLCWAI1T_11021-12798-11533-13310,1,0,0,0,0,0,0,0,0
ILLCWAI1T_11021-7166-11533-7678,1,0,0,0,0,0,0,0,0
ILLCWAI1T_10511-5389-11023-5901,1,0,0,0,0,0,0,0,0
ILLCWAI1T_10509-6654-11021-7166,1,0,0,0,0,0,0,0,0
ILLCWAI1T_10509-9214-11021-9726,1,0,0,0,0,0,0,0,0
ILLCWAI1T_10852-13428-11364-13940,1,0,0,0,0,0,0,0,0
ILLCWAI1T_11021-6654-11533-7166,1,0,0,0,0,0,0,0,0
ILLCWAI1T_11533-12286-12045-12798,1,0,0,0,0,0,0,0,0
ILLCWAI1T_11107-5185-11619-5697,1,0,0,0,0,0,0,0,0
ILLCWAI1T_11533-7166-12045-7678,1,0,0,0,0,0,0,0,0
ILLCWAI1T_11876-12404-12388-12916,1,0,0,0,0,0,0,0,0
ILLCWAI1T_11619-4673-12131-5185,1,0,0,0,0,0,0,0,0
ILLCWAI1T_11619-5185-12131-5697,1,0,0,0,0,0,0,0,0
ILLCWAI1T_12045-6654-12557-7166,1,0,0,0,0,0,0,0,0
ILLCWAI1T_12045-6142-12557-6654,1,0,0,0,0,0,0,0,0
ILLCWAI1T_12045-7166-12557-7678,1,0,0,0,0,0,0,0,0
ILLCWAI1T_12131-1089-12643-1601,1,0,0,0,0,0,0,0,0
ILLCWAI1T_12131-1601-12643-2113,1,0,0,0,0,0,0,0,0
ILLCWAI1T_12131-2113-12643-2625,1,0,0,0,0,0,0,0,0
ILLCWAI1T_12131-3137-12643-3649,1,0,0,0,0,0,0,0,0
ILLCWAI1T_12131-4161-12643-4673,1,0,0,0,0,0,0,0,0
ILLCWAI1T_12131-2625-12643-3137,1,0,0,0,0,0,0,0,0
ILLCWAI1T_12131-3649-12643-4161,1,0,0,0,0,0,0,0,0
ILLCWAI1T_12131-4673-12643-5185,1,0,0,0,0,0,0,0,0
ILLCWAI1T_12131-5185-12643-5697,1,0,0,0,0,0,0,0,0
ILLCWAI1T_12388-12404-12900-12916,1,0,0,0,0,0,0,0,0
ILLCWAI1T_12131-577-12643-1089,1,0,0,0,0,0,0,0,0
ILLCWAI1T_12643-4161-13155-4673,1,0,0,0,0,0,0,0,0
ILLCWAI1T_12643-577-13155-1089,1,0,0,0,0,0,0,0,0
ILLCWAI1T_12557-6142-13069-6654,1,0,0,0,0,0,0,0,0
ILLCWAI1T_12643-4673-13155-5185,1,0,0,0,0,0,0,0,0
ILLCWAI1T_12900-13428-13412-13940,1,0,0,0,0,0,0,0,0
ILLCWAI1T_1313-5143-1825-5655,1,0,0,0,0,0,0,0,0
ILLCWAI1T_13069-6142-13581-6654,1,0,0,0,0,0,0,0,0
ILLCWAI1T_13069-12798-13581-13310,1,0,0,0,0,0,0,0,0
ILLCWAI1T_13155-2625-13667-3137,1,0,0,0,0,0,0,0,0
ILLCWAI1T_1313-4631-1825-5143,1,0,0,0,0,0,0,0,0
ILLCWAI1T_13155-577-13667-1089,1,0,0,0,0,0,0,0,0
ILLCWAI1T_1321-6023-1833-6535,1,0,0,0,0,0,0,0,0
ILLCWAI1T_12900-12404-13412-12916,1,0,0,0,0,0,0,0,0
ILLCWAI1T_13155-4161-13667-4673,1,0,0,0,0,0,0,0,0
ILLCWAI1T_1321-6535-1833-7047,1,0,0,0,0,0,0,0,0
ILLCWAI1T_1321-5511-1833-6023,1,0,0,0,0,0,0,0,0
ILLCWAI1T_1321-7047-1833-7559,1,0,0,0,0,0,0,0,0
ILLCWAI1T_13581-12286-14093-12798,1,0,0,0,0,0,0,0,0
ILLCWAI1T_13581-7678-14093-8190,1,0,0,0,0,0,0,0,0
ILLCWAI1T_13581-8190-14093-8702,1,0,0,0,0,0,0,0,0
ILLCWAI1T_13581-7166-14093-7678,1,0,0,0,0,0,0,0,0
ILLCWAI1T_13581-6654-14093-7166,1,0,0,0,0,0,0,0,0
ILLCWAI1T_13667-577-14179-1089,1,0,0,0,0,0,0,0,0
ILLCWAI1T_14603-12003-15115-12515,1,0,0,0,0,0,0,0,0
ILLCWAI1T_13667-3649-14179-4161,1,0,0,0,0,0,0,0,0
ILLCWAI1T_13581-8702-14093-9214,1,0,0,0,0,0,0,0,0
ILLCWAI1T_14093-12286-14605-12798,1,0,0,0,0,0,0,0,0
ILLCWAI1T_13667-3137-14179-3649,1,0,0,0,0,0,0,0,0
ILLCWAI1T_13667-4161-14179-4673,1,0,0,0,0,0,0,0,0
ILLCWAI1T_13667-2625-14179-3137,1,0,0,0,0,0,0,0,0
ILLCWAI1T_14179-3649-14691-4161,1,0,0,0,0,0,0,0,0
ILLCWAI1T_14093-9214-14605-9726,1,0,0,0,0,0,0,0,0
ILLCWAI1T_14603-5347-15115-5859,1,0,0,0,0,0,0,0,0
ILLCWAI1T_14603-5859-15115-6371,1,0,0,0,0,0,0,0,0
ILLCWAI1T_14179-577-14691-1089,1,0,0,0,0,0,0,0,0
ILLCWAI1T_14603-6883-15115-7395,1,0,0,0,0,0,0,0,0
ILLCWAI1T_14605-12286-15117-12798,1,0,0,0,0,0,0,0,0
ILLCWAI1T_14605-7166-15117-7678,1,0,0,0,0,0,0,0,0
ILLCWAI1T_14603-8931-15115-9443,1,0,0,0,0,0,0,0,0
ILLCWAI1T_14605-9214-15117-9726,1,0,0,0,0,0,0,0,0
ILLCWAI1T_14691-3649-15203-4161,1,0,0,0,0,0,0,0,0
ILLCWAI1T_15115-4835-15627-5347,1,0,0,0,0,0,0,0,0
ILLCWAI1T_14691-577-15203-1089,1,0,0,0,0,0,0,0,0
ILLCWAI1T_15115-6883-15627-7395,1,0,0,0,0,0,0,0,0
ILLCWAI1T_15117-12286-15629-12798,1,0,0,0,0,0,0,0,0
ILLCWAI1T_15115-12003-15627-12515,1,0,0,0,0,0,0,0,0
ILLCWAI1T_15115-7395-15627-7907,1,0,0,0,0,0,0,0,0
ILLCWAI1T_15115-8931-15627-9443,1,0,0,0,0,0,0,0,0
ILLCWAI1T_15115-5859-15627-6371,1,0,0,0,0,0,0,0,0
ILLCWAI1T_15117-6142-15629-6654,1,0,0,0,0,0,0,0,0
ILLCWAI1T_15203-3649-15715-4161,1,0,0,0,0,0,0,0,0
ILLCWAI1T_15117-9214-15629-9726,1,0,0,0,0,0,0,0,0
ILLCWAI1T_15117-7678-15629-8190,1,0,0,0,0,0,0,0,0
ILLCWAI1T_15203-5185-15715-5697,1,0,0,0,0,0,0,0,0
ILLCWAI1T_15627-12003-16139-12515,1,0,0,0,0,0,0,0,0
ILLCWAI1T_15627-4323-16139-4835,1,0,0,0,0,0,0,0,0
ILLCWAI1T_15203-577-15715-1089,1,0,0,0,0,0,0,0,0
ILLCWAI1T_15627-8419-16139-8931,1,0,0,0,0,0,0,0,0
ILLCWAI1T_15629-6142-16141-6654,1,0,0,0,0,0,0,0,0
ILLCWAI1T_15627-7395-16139-7907,1,0,0,0,0,0,0,0,0
ILLCWAI1T_15715-577-16227-1089,1,0,0,0,0,0,0,0,0
ILLCWAI1T_15629-6654-16141-7166,1,0,0,0,0,0,0,0,0
ILLCWAI1T_15715-4673-16227-5185,1,0,0,0,0,0,0,0,0
ILLCWAI1T_15629-7678-16141-8190,1,0,0,0,0,0,0,0,0
ILLCWAI1T_15715-1089-16227-1601,1,0,0,0,0,0,0,0,0
ILLCWAI1T_15715-3137-16227-3649,1,0,0,0,0,0,0,0,0
ILLCWAI1T_15629-8702-16141-9214,1,0,0,0,0,0,0,0,0
ILLCWAI1T_15629-12286-16141-12798,1,0,0,0,0,0,0,0,0
ILLCWAI1T_16139-7395-16651-7907,1,0,0,0,0,0,0,0,0
ILLCWAI1T_16139-4323-16651-4835,1,0,0,0,0,0,0,0,0
ILLCWAI1T_16139-6371-16651-6883,1,0,0,0,0,0,0,0,0
ILLCWAI1T_16139-7907-16651-8419,1,0,0,0,0,0,0,0,0
ILLCWAI1T_16141-8190-16653-8702,1,0,0,0,0,0,0,0,0
ILLCWAI1T_16141-6654-16653-7166,1,0,0,0,0,0,0,0,0
ILLCWAI1T_16141-12286-16653-12798,1,0,0,0,0,0,0,0,0
ILLCWAI1T_16653-11774-17165-12286,1,0,0,0,0,0,0,0,0
ILLCWAI1T_16227-2113-16739-2625,1,0,0,0,0,0,0,0,0
ILLCWAI1T_16651-7907-17163-8419,1,0,0,0,0,0,0,0,0
ILLCWAI1T_16227-1601-16739-2113,1,0,0,0,0,0,0,0,0
ILLCWAI1T_16227-3137-16739-3649,1,0,0,0,0,0,0,0,0
ILLCWAI1T_16651-11491-17163-12003,1,0,0,0,0,0,0,0,0
ILLCWAI1T_16653-6654-17165-7166,1,0,0,0,0,0,0,0,0
ILLCWAI1T_16701-12802-17213-13314,1,0,0,0,0,0,0,0,0
ILLCWAI1T_16653-7166-17165-7678,1,0,0,0,0,0,0,0,0
ILLCWAI1T_16701-13314-17213-13826,1,0,0,0,0,0,0,0,0
ILLCWAI1T_16701-13826-17213-14338,1,0,0,0,0,0,0,0,0
ILLCWAI1T_16701-12290-17213-12802,1,0,0,0,0,0,0,0,0
ILLCWAI1T_16739-2625-17251-3137,1,0,0,0,0,0,0,0,0
ILLCWAI1T_16739-2113-17251-2625,1,0,0,0,0,0,0,0,0
ILLCWAI1T_16739-3137-17251-3649,1,0,0,0,0,0,0,0,0
ILLCWAI1T_16739-4161-17251-4673,1,0,0,0,0,0,0,0,0
ILLCWAI1T_17163-4323-17675-4835,1,0,0,0,0,0,0,0,0
ILLCWAI1T_17163-10979-17675-11491,1,0,0,0,0,0,0,0,0
ILLCWAI1T_17163-6883-17675-7395,1,0,0,0,0,0,0,0,0
ILLCWAI1T_17163-7907-17675-8419,1,0,0,0,0,0,0,0,0
ILLCWAI1T_17163-4835-17675-5347,1,0,0,0,0,0,0,0,0
ILLCWAI1T_17163-9955-17675-10467,1,0,0,0,0,0,0,0,0
ILLCWAI1T_17213-12290-17725-12802,1,0,0,0,0,0,0,0,0
ILLCWAI1T_17163-8419-17675-8931,1,0,0,0,0,0,0,0,0
ILLCWAI1T_17165-10238-17677-10750,1,0,0,0,0,0,0,0,0
ILLCWAI1T_17165-7166-17677-7678,1,0,0,0,0,0,0,0,0
ILLCWAI1T_17213-13826-17725-14338,1,0,0,0,0,0,0,0,0
ILLCWAI1T_17675-5347-18187-5859,1,0,0,0,0,0,0,0,0
ILLCWAI1T_17675-8931-18187-9443,1,0,0,0,0,0,0,0,0
ILLCWAI1T_17675-8419-18187-8931,1,0,0,0,0,0,0,0,0
ILLCWAI1T_17677-12286-18189-12798,1,0,0,0,0,0,0,0,0
ILLCWAI1T_17677-7166-18189-7678,1,0,0,0,0,0,0,0,0
ILLCWAI1T_17677-7678-18189-8190,1,0,0,0,0,0,0,0,0
ILLCWAI1T_18187-5347-18699-5859,1,0,0,0,0,0,0,0,0
ILLCWAI1T_17725-13826-18237-14338,1,0,0,0,0,0,0,0,0
ILLCWAI1T_17677-9214-18189-9726,1,0,0,0,0,0,0,0,0
ILLCWAI1T_18699-5347-19211-5859,1,0,0,0,0,0,0,0,0
ILLCWAI1T_18237-13826-18749-14338,1,0,0,0,0,0,0,0,0
ILLCWAI1T_19211-12003-19723-12515,1,0,0,0,0,0,0,0,0
ILLCWAI1T_18187-7907-18699-8419,1,0,0,0,0,0,0,0,0
ILLCWAI1T_18749-13826-19261-14338,1,0,0,0,0,0,0,0,0
ILLCWAI1T_18749-12290-19261-12802,1,0,0,0,0,0,0,0,0
ILLCWAI1T_19261-12290-19773-12802,1,0,0,0,0,0,0,0,0
ILLCWAI1T_18237-12290-18749-12802,1,0,0,0,0,0,0,0,0
ILLCWAI1T_19211-5347-19723-5859,1,0,0,0,0,0,0,0,0
ILLCWAI1T_1931-8182-2443-8694,1,0,0,0,0,0,0,0,0
ILLCWAI1T_19261-13826-19773-14338,1,0,0,0,0,0,0,0,0
ILLCWAI1T_1931-8694-2443-9206,1,0,0,0,0,0,0,0,0
ILLCWAI1T_1971-4680-2483-5192,1,0,0,0,0,0,0,0,0
ILLCWAI1T_1971-5192-2483-5704,1,0,0,0,0,0,0,0,0
ILLCWAI1T_1971-5704-2483-6216,1,0,0,0,0,0,0,0,0
ILLCWAI1T_1971-6216-2483-6728,1,0,0,0,0,0,0,0,0
ILLCWAI1T_19723-12003-20235-12515,1,0,0,0,0,0,0,0,0
ILLCWAI1T_1971-6728-2483-7240,1,0,0,0,0,0,0,0,0
ILLCWAI1T_19773-12290-20285-12802,1,0,0,0,0,0,0,0,0
ILLCWAI1T_20235-5859-20747-6371,1,0,0,0,0,0,0,0,0
ILLCWAI1T_20235-12003-20747-12515,1,0,0,0,0,0,0,0,0
ILLCWAI1T_19723-7395-20235-7907,1,0,0,0,0,0,0,0,0
ILLCWAI1T_19723-7907-20235-8419,1,0,0,0,0,0,0,0,0
ILLCWAI1T_19723-5347-20235-5859,1,0,0,0,0,0,0,0,0
ILLCWAI1T_20235-6883-20747-7395,1,0,0,0,0,0,0,0,0
ILLCWAI1T_19773-13826-20285-14338,1,0,0,0,0,0,0,0,0
ILLCWAI1T_20285-12290-20797-12802,1,0,0,0,0,0,0,0,0
ILLCWAI1T_20235-5347-20747-5859,1,0,0,0,0,0,0,0,0
ILLCWAI1T_20285-13826-20797-14338,1,0,0,0,0,0,0,0,0
ILLCWAI1T_20235-7907-20747-8419,1,0,0,0,0,0,0,0,0
ILLCWAI1T_20747-6371-21259-6883,1,0,0,0,0,0,0,0,0
ILLCWAI1T_20747-12003-21259-12515,1,0,0,0,0,0,0,0,0
ILLCWAI1T_20797-13826-21309-14338,1,0,0,0,0,0,0,0,0
ILLCWAI1T_20797-12290-21309-12802,1,0,0,0,0,0,0,0,0
ILLCWAI1T_20747-7907-21259-8419,1,0,0,0,0,0,0,0,0
ILLCWAI1T_21259-12003-21771-12515,1,0,0,0,0,0,0,0,0
ILLCWAI1T_21259-7907-21771-8419,1,0,0,0,0,0,0,0,0
ILLCWAI1T_21259-8419-21771-8931,1,0,0,0,0,0,0,0,0
ILLCWAI1T_21771-12003-22283-12515,1,0,0,0,0,0,0,0,0
ILLCWAI1T_21821-13826-22333-14338,1,0,0,0,0,0,0,0,0
ILLCWAI1T_21309-12290-21821-12802,1,0,0,0,0,0,0,0,0
ILLCWAI1T_21771-8419-22283-8931,1,0,0,0,0,0,0,0,0
ILLCWAI1T_21309-13826-21821-14338,1,0,0,0,0,0,0,0,0
ILLCWAI1T_21821-12290-22333-12802,1,0,0,0,0,0,0,0,0
ILLCWAI1T_22333-12290-22845-12802,1,0,0,0,0,0,0,0,0
ILLCWAI1T_22283-12003-22795-12515,1,0,0,0,0,0,0,0,0
ILLCWAI1T_22283-8419-22795-8931,1,0,0,0,0,0,0,0,0
ILLCWAI1T_22333-13826-22845-14338,1,0,0,0,0,0,0,0,0
ILLCWAI1T_22795-10467-23307-10979,1,0,0,0,0,0,0,0,0
ILLCWAI1T_22795-10979-23307-11491,1,0,0,0,0,0,0,0,0
ILLCWAI1T_22795-11491-23307-12003,1,0,0,0,0,0,0,0,0
ILLCWAI1T_22795-12003-23307-12515,1,0,0,0,0,0,0,0,0
ILLCWAI1T_22795-8419-23307-8931,1,0,0,0,0,0,0,0,0
ILLCWAI1T_22795-8931-23307-9443,1,0,0,0,0,0,0,0,0
ILLCWAI1T_22795-9955-23307-10467,1,0,0,0,0,0,0,0,0
ILLCWAI1T_22795-9443-23307-9955,1,0,0,0,0,0,0,0,0
ILLCWAI1T_22845-12290-23357-12802,1,0,0,0,0,0,0,0,0
ILLCWAI1T_22845-13826-23357-14338,1,0,0,0,0,0,0,0,0
ILLCWAI1T_22845-12802-23357-13314,1,0,0,0,0,0,0,0,0
ILLCWAI1T_22845-13314-23357-13826,1,0,0,0,0,0,0,0,0
ILLCWAI1T_2483-4680-2995-5192,1,0,0,0,0,0,0,0,0
ILLCWAI1T_2443-8182-2955-8694,1,0,0,0,0,0,0,0,0
ILLCWAI1T_2483-6728-2995-7240,1,0,0,0,0,0,0,0,0
ILLCWAI1T_2955-8182-3467-8694,1,0,0,0,0,0,0,0,0
ILLCWAI1T_2443-8694-2955-9206,1,0,0,0,0,0,0,0,0
ILLCWAI1T_2955-8694-3467-9206,1,0,0,0,0,0,0,0,0
ILLCWAI1T_2995-4680-3507-5192,1,0,0,0,0,0,0,0,0
ILLCWAI1T_2995-5192-3507-5704,1,0,0,0,0,0,0,0,0
ILLCWAI1T_2995-5704-3507-6216,1,0,0,0,0,0,0,0,0
ILLCWAI1T_2995-6728-3507-7240,1,0,0,0,0,0,0,0,0
ILLCWAI1T_3399-7748-3911-8260,1,0,0,0,0,0,0,0,0
ILLCWAI1T_2995-6216-3507-6728,1,0,0,0,0,0,0,0,0
ILLCWAI1T_4019-4680-4531-5192,1,0,0,0,0,0,0,0,0
ILLCWAI1T_3507-6216-4019-6728,1,0,0,0,0,0,0,0,0
ILLCWAI1T_3467-8182-3979-8694,1,0,0,0,0,0,0,0,0
ILLCWAI1T_3399-8772-3911-9284,1,0,0,0,0,0,0,0,0
ILLCWAI1T_3507-4680-4019-5192,1,0,0,0,0,0,0,0,0
ILLCWAI1T_3911-7748-4423-8260,1,0,0,0,0,0,0,0,0
ILLCWAI1T_3911-8772-4423-9284,1,0,0,0,0,0,0,0,0
ILLCWAI1T_4423-8772-4935-9284,1,0,0,0,0,0,0,0,0
ILLCWAI1T_4019-6216-4531-6728,1,0,0,0,0,0,0,0,0
ILLCWAI1T_4423-7748-4935-8260,1,0,0,0,0,0,0,0,0
ILLCWAI1T_4531-4680-5043-5192,1,0,0,0,0,0,0,0,0
ILLCWAI1T_4531-5192-5043-5704,1,0,0,0,0,0,0,0,0
ILLCWAI1T_4531-6216-5043-6728,1,0,0,0,0,0,0,0,0
ILLCWAI1T_4531-5704-5043-6216,1,0,0,0,0,0,0,0,0
ILLCWAI1T_4931-5139-5443-5651,1,0,0,0,0,0,0,0,0
ILLCWAI1T_4931-6163-5443-6675,1,0,0,0,0,0,0,0,0
ILLCWAI1T_4931-4627-5443-5139,1,0,0,0,0,0,0,0,0
ILLCWAI1T_4931-5651-5443-6163,1,0,0,0,0,0,0,0,0
ILLCWAI1T_5356-8659-5868-9171,1,0,0,0,0,0,0,0,0
ILLCWAI1T_4935-8772-5447-9284,1,0,0,0,0,0,0,0,0
ILLCWAI1T_4935-7748-5447-8260,1,0,0,0,0,0,0,0,0
ILLCWAI1T_5955-4627-6467-5139,1,0,0,0,0,0,0,0,0
ILLCWAI1T_5447-7748-5959-8260,1,0,0,0,0,0,0,0,0
ILLCWAI1T_5443-6675-5955-7187,1,0,0,0,0,0,0,0,0
ILLCWAI1T_5443-4627-5955-5139,1,0,0,0,0,0,0,0,0
ILLCWAI1T_5868-7635-6380-8147,1,0,0,0,0,0,0,0,0
ILLCWAI1T_5868-8659-6380-9171,1,0,0,0,0,0,0,0,0
ILLCWAI1T_5447-8260-5959-8772,1,0,0,0,0,0,0,0,0
ILLCWAI1T_5955-5139-6467-5651,1,0,0,0,0,0,0,0,0
ILLCWAI1T_5955-5651-6467-6163,1,0,0,0,0,0,0,0,0
ILLCWAI1T_5955-6675-6467-7187,1,0,0,0,0,0,0,0,0
ILLCWAI1T_5955-6163-6467-6675,1,0,0,0,0,0,0,0,0
ILLCWAI1T_6413-10238-6925-10750,1,0,0,0,0,0,0,0,0
ILLCWAI1T_6413-11262-6925-11774,1,0,0,0,0,0,0,0,0
ILLCWAI1T_6413-10750-6925-11262,1,0,0,0,0,0,0,0,0
ILLCWAI1T_6413-11774-6925-12286,1,0,0,0,0,0,0,0,0
ILLCWAI1T_6490-5854-7002-6366,1,0,0,0,0,0,0,0,0
ILLCWAI1T_6413-12286-6925-12798,1,0,0,0,0,0,0,0,0
ILLCWAI1T_6413-9726-6925-10238,1,0,0,0,0,0,0,0,0
ILLCWAI1T_6413-12798-6925-13310,1,0,0,0,0,0,0,0,0
ILLCWAI1T_6490-4830-7002-5342,1,0,0,0,0,0,0,0,0
ILLCWAI1T_6413-6142-6925-6654,1,0,0,0,0,0,0,0,0
ILLCWAI1T_6490-5342-7002-5854,1,0,0,0,0,0,0,0,0
ILLCWAI1T_6534-13189-7046-13701,1,0,0,0,0,0,0,0,0
ILLCWAI1T_6575-8219-7087-8731,1,0,0,0,0,0,0,0,0
ILLCWAI1T_6575-7707-7087-8219,1,0,0,0,0,0,0,0,0
ILLCWAI1T_6575-8731-7087-9243,1,0,0,0,0,0,0,0,0
ILLCWAI1T_6925-12798-7437-13310,1,0,0,0,0,0,0,0,0
ILLCWAI1T_6925-6654-7437-7166,1,0,0,0,0,0,0,0,0
ILLCWAI1T_6925-7678-7437-8190,1,0,0,0,0,0,0,0,0
ILLCWAI1T_7002-6366-7514-6878,1,0,0,0,0,0,0,0,0
ILLCWAI1T_6925-9726-7437-10238,1,0,0,0,0,0,0,0,0
ILLCWAI1T_6925-8702-7437-9214,1,0,0,0,0,0,0,0,0
ILLCWAI1T_7002-4830-7514-5342,1,0,0,0,0,0,0,0,0
ILLCWAI1T_7046-13189-7558-13701,1,0,0,0,0,0,0,0,0
ILLCWAI1T_7437-8702-7949-9214,1,0,0,0,0,0,0,0,0
ILLCWAI1T_7437-12798-7949-13310,1,0,0,0,0,0,0,0,0
ILLCWAI1T_7437-9214-7949-9726,1,0,0,0,0,0,0,0,0
ILLCWAI1T_7087-8219-7599-8731,1,0,0,0,0,0,0,0,0
ILLCWAI1T_7437-9726-7949-10238,1,0,0,0,0,0,0,0,0
ILLCWAI1T_7437-6654-7949-7166,1,0,0,0,0,0,0,0,0
ILLCWAI1T_7437-8190-7949-8702,1,0,0,0,0,0,0,0,0
ILLCWAI1T_7514-6366-8026-6878,1,0,0,0,0,0,0,0,0
ILLCWAI1T_7514-4830-8026-5342,1,0,0,0,0,0,0,0,0
ILLCWAI1T_7558-13189-8070-13701,1,0,0,0,0,0,0,0,0
ILLCWAI1T_7949-12798-8461-13310,1,0,0,0,0,0,0,0,0
ILLCWAI1T_7949-6142-8461-6654,1,0,0,0,0,0,0,0,0
ILLCWAI1T_7949-6654-8461-7166,1,0,0,0,0,0,0,0,0
ILLCWAI1T_7949-7678-8461-8190,1,0,0,0,0,0,0,0,0
ILLCWAI1T_801-4631-1313-5143,1,0,0,0,0,0,0,0,0
ILLCWAI1T_7949-8190-8461-8702,1,0,0,0,0,0,0,0,0
ILLCWAI1T_7949-9214-8461-9726,1,0,0,0,0,0,0,0,0
ILLCWAI1T_8026-4830-8538-5342,1,0,0,0,0,0,0,0,0
ILLCWAI1T_8026-5854-8538-6366,1,0,0,0,0,0,0,0,0
ILLCWAI1T_809-7047-1321-7559,1,0,0,0,0,0,0,0,0
ILLCWAI1T_8070-13189-8582-13701,1,0,0,0,0,0,0,0,0
ILLCWAI1T_8461-12798-8973-13310,1,0,0,0,0,0,0,0,0
ILLCWAI1T_809-6023-1321-6535,1,0,0,0,0,0,0,0,0
ILLCWAI1T_809-6535-1321-7047,1,0,0,0,0,0,0,0,0
ILLCWAI1T_801-5143-1313-5655,1,0,0,0,0,0,0,0,0
ILLCWAI1T_8461-7678-8973-8190,1,0,0,0,0,0,0,0,0
ILLCWAI1T_809-5511-1321-6023,1,0,0,0,0,0,0,0,0
ILLCWAI1T_8461-8702-8973-9214,1,0,0,0,0,0,0,0,0
ILLCWAI1T_8538-5342-9050-5854,1,0,0,0,0,0,0,0,0
ILLCWAI1T_8461-9214-8973-9726,1,0,0,0,0,0,0,0,0
ILLCWAI1T_8973-12798-9485-13310,1,0,0,0,0,0,0,0,0
ILLCWAI1T_8582-13189-9094-13701,1,0,0,0,0,0,0,0,0
ILLCWAI1T_8538-5854-9050-6366,1,0,0,0,0,0,0,0,0
ILLCWAI1T_8538-4830-9050-5342,1,0,0,0,0,0,0,0,0
ILLCWAI1T_8973-7166-9485-7678,1,0,0,0,0,0,0,0,0
ILLCWAI1T_8975-4877-9487-5389,1,0,0,0,0,0,0,0,0
ILLCWAI1T_9487-4877-9999-5389,1,0,0,0,0,0,0,0,0
ILLCWAI1T_9485-9214-9997-9726,1,0,0,0,0,0,0,0,0
ILLCWAI1T_9485-12798-9997-13310,1,0,0,0,0,0,0,0,0
ILLCWAI1T_9094-13189-9606-13701,1,0,0,0,0,0,0,0,0
ILLCWAI1T_9485-6654-9997-7166,1,0,0,0,0,0,0,0,0
ILLCWAI1T_8973-9214-9485-9726,1,0,0,0,0,0,0,0,0
ILLCWAI1T_8975-5389-9487-5901,1,0,0,0,0,0,0,0,0
ILLCWAI1T_9487-5389-9999-5901,1,0,0,0,0,0,0,0,0
ILLCWAI1T_9606-13189-10118-13701,1,0,0,0,0,0,0,0,0
ILLCWAI1T_9997-12798-10509-13310,1,0,0,0,0,0,0,0,0
ILLCWAI1T_9997-6654-10509-7166,1,0,0,0,0,0,0,0,0
ILLCWAI1T_9997-9214-10509-9726,1,0,0,0,0,0,0,0,0
ILLCWAI1T_9999-4877-10511-5389,1,0,0,0,0,0,0,0,0
ILLCWAI1T_9999-5389-10511-5901,1,0,0,0,0,0,0,0,0
ILMFGQICC_10125-6300-10637-6812,1,0,0,0,0,0,0,0,0
ILMFGQICC_10125-5788-10637-6300,1,0,0,0,0,0,0,0,0
ILMFGQICC_10125-8860-10637-9372,1,0,0,0,0,0,0,0,0
ILMFGQICC_10125-7324-10637-7836,1,0,0,0,0,0,0,0,0
ILMFGQICC_10125-8348-10637-8860,1,0,0,0,0,0,0,0,0
ILMFGQICC_10637-7324-11149-7836,1,0,0,0,0,0,0,0,0
ILMFGQICC_10125-6812-10637-7324,1,0,0,0,0,0,0,0,0
ILMFGQICC_1100-2363-1612-2875,1,0,0,0,0,0,0,0,0
ILMFGQICC_10637-8860-11149-9372,1,0,0,0,0,0,0,0,0
ILMFGQICC_1100-2875-1612-3387,1,0,0,0,0,0,0,0,0
ILMFGQICC_1100-3387-1612-3899,1,0,0,0,0,0,0,0,0
ILMFGQICC_10637-6812-11149-7324,1,0,0,0,0,0,0,0,0
ILMFGQICC_11243-7225-11755-7737,1,0,0,0,0,0,0,0,0
ILMFGQICC_11755-7225-12267-7737,1,0,0,0,0,0,0,0,0
ILMFGQICC_11755-7737-12267-8249,1,0,0,0,0,0,0,0,0
ILMFGQICC_12267-7225-12779-7737,1,0,0,0,0,0,0,0,0
ILMFGQICC_12865-10011-13377-10523,1,0,0,0,0,0,0,0,0
ILMFGQICC_12267-7737-12779-8249,1,0,0,0,0,0,0,0,0
ILMFGQICC_12865-10523-13377-11035,1,0,0,0,0,0,0,0,0
ILMFGQICC_12779-7225-13291-7737,1,0,0,0,0,0,1,0,0
ILMFGQICC_12865-11035-13377-11547,1,0,0,0,0,0,0,0,0
ILMFGQICC_12779-7737-13291-8249,1,0,0,0,0,0,1,0,0
ILMFGQICC_12865-11547-13377-12059,1,0,0,0,0,0,0,0,0
ILMFGQICC_12865-9499-13377-10011,1,0,0,0,0,0,0,0,0
ILMFGQICC_13377-11547-13889-12059,1,0,0,0,0,0,0,0,0
ILMFGQICC_13377-10523-13889-11035,1,0,0,0,0,0,0,0,0
ILMFGQICC_13377-10011-13889-10523,1,0,0,0,0,0,0,0,0
ILMFGQICC_13889-10011-14401-10523,1,0,0,0,0,0,0,0,0
ILMFGQICC_13377-8987-13889-9499,1,0,0,0,0,0,0,0,0
ILMFGQICC_13889-10523-14401-11035,1,0,0,0,0,0,0,0,0
ILMFGQICC_13377-9499-13889-10011,1,0,0,0,0,0,0,0,0
ILMFGQICC_14401-10523-14913-11035,1,0,0,0,0,0,0,0,0
ILMFGQICC_13889-11547-14401-12059,1,0,0,0,0,0,0,0,0
ILMFGQICC_14401-10011-14913-10523,1,0,0,0,0,0,0,0,0
ILMFGQICC_13889-8987-14401-9499,1,0,0,0,0,0,0,0,0
ILMFGQICC_14401-8475-14913-8987,1,0,0,0,0,0,0,0,0
ILMFGQICC_13889-11035-14401-11547,1,0,0,0,0,0,0,0,0
ILMFGQICC_15425-12059-15937-12571,1,0,0,0,0,0,0,0,0
ILMFGQICC_14401-12059-14913-12571,1,0,0,0,0,0,0,0,0
ILMFGQICC_14913-12571-15425-13083,1,0,0,0,0,0,0,0,0
ILMFGQICC_14913-12059-15425-12571,1,0,0,0,0,0,0,0,0
ILMFGQICC_14913-13083-15425-13595,1,0,0,0,0,0,0,0,0
ILMFGQICC_14913-8475-15425-8987,1,0,0,0,0,0,0,0,0
ILMFGQICC_14913-8987-15425-9499,1,0,0,0,0,0,0,0,0
ILMFGQICC_14401-8987-14913-9499,1,0,0,0,0,0,0,0,0
ILMFGQICC_15425-13083-15937-13595,1,0,0,0,0,0,0,0,0
ILMFGQICC_15425-8475-15937-8987,1,0,0,0,0,0,0,0,0
ILMFGQICC_15937-12059-16449-12571,1,0,0,0,0,0,0,0,0
ILMFGQICC_15425-12571-15937-13083,1,0,0,0,0,0,0,0,0
ILMFGQICC_1612-1851-2124-2363,1,0,0,0,0,0,0,0,0
ILMFGQICC_16961-12059-17473-12571,1,0,0,0,0,0,0,0,0
ILMFGQICC_1612-827-2124-1339,1,0,0,0,0,0,0,0,0
ILMFGQICC_15937-12571-16449-13083,1,0,0,0,0,0,0,0,0
ILMFGQICC_15937-13083-16449-13595,1,0,0,0,0,0,0,0,0
ILMFGQICC_15937-8475-16449-8987,1,0,0,0,0,0,0,0,0
ILMFGQICC_16449-13083-16961-13595,1,0,0,0,0,0,0,0,0
ILMFGQICC_16449-12059-16961-12571,1,0,0,0,0,0,0,0,0
ILMFGQICC_16961-13083-17473-13595,1,0,0,0,0,0,0,0,0
ILMFGQICC_16449-8475-16961-8987,1,0,0,0,0,0,0,0,0
ILMFGQICC_17473-10011-17985-10523,1,0,0,0,0,0,0,0,0
ILMFGQICC_16961-12571-17473-13083,1,0,0,0,0,0,0,0,0
ILMFGQICC_17473-10523-17985-11035,1,0,0,0,0,0,0,0,0
ILMFGQICC_1612-1339-2124-1851,1,0,0,0,0,0,0,0,0
ILMFGQICC_17473-12059-17985-12571,1,0,0,0,0,0,0,0,0
ILMFGQICC_17473-11547-17985-12059,1,0,0,0,0,0,0,0,0
ILMFGQICC_17473-11035-17985-11547,1,0,0,0,0,0,0,0,0
ILMFGQICC_17473-12571-17985-13083,1,0,0,0,0,0,0,0,0
ILMFGQICC_17473-13083-17985-13595,1,0,0,0,0,0,0,0,0
ILMFGQICC_3660-2363-4172-2875,1,0,0,0,0,0,0,0,0
ILMFGQICC_2636-4923-3148-5435,1,0,0,0,0,0,0,0,0
ILMFGQICC_17473-9499-17985-10011,1,0,0,0,0,0,0,0,0
ILMFGQICC_3148-827-3660-1339,1,0,0,0,0,0,0,0,0
ILMFGQICC_2636-827-3148-1339,1,0,0,0,0,0,0,0,0
ILMFGQICC_3148-4923-3660-5435,1,0,0,0,0,0,0,0,0
ILMFGQICC_3660-2875-4172-3387,1,0,0,0,0,0,1,0,0
ILMFGQICC_3660-3387-4172-3899,1,0,0,0,0,0,1,0,0
ILMFGQICC_4172-1851-4684-2363,1,0,0,0,0,0,1,0,0
ILMFGQICC_3148-4411-3660-4923,1,0,0,0,0,0,0,0,0
ILMFGQICC_3660-827-4172-1339,1,0,0,0,0,0,0,0,0
ILMFGQICC_4172-2875-4684-3387,0,0,0,0,0,0,1,0,0
ILMFGQICC_3148-3899-3660-4411,1,0,0,0,0,0,0,0,0
ILMFGQICC_4172-2363-4684-2875,1,0,0,0,0,0,1,0,0
ILMFGQICC_4172-827-4684-1339,1,0,0,0,0,0,0,0,0
ILMFGQICC_4684-1339-5196-1851,1,0,0,0,0,0,1,0,0
ILMFGQICC_4684-1851-5196-2363,1,0,0,0,0,0,1,0,0
ILMFGQICC_5864-5250-6376-5762,1,0,0,0,0,0,0,0,0
ILMFGQICC_4840-5250-5352-5762,1,0,0,0,0,0,0,0,0
ILMFGQICC_5352-5250-5864-5762,1,0,0,0,0,0,0,0,0
ILMFGQICC_588-3899-1100-4411,1,0,0,0,0,0,0,0,0
ILMFGQICC_6376-4738-6888-5250,1,0,0,0,0,0,0,0,0
ILMFGQICC_588-4411-1100-4923,1,0,0,0,0,0,0,0,0
ILMFGQICC_5864-4738-6376-5250,1,0,0,0,0,0,0,0,0
ILMFGQICC_6888-4738-7400-5250,1,0,0,0,0,0,0,0,0
ILMFGQICC_5235-1379-5747-1891,0,0,0,0,0,0,1,0,0
ILMFGQICC_588-3387-1100-3899,1,0,0,0,0,0,0,0,0
ILMFGQICC_588-4923-1100-5435,1,0,0,0,0,0,0,0,0
ILMFGQICC_6888-5250-7400-5762,1,0,0,0,0,0,0,0,0
ILMFGQICC_6376-5250-6888-5762,1,0,0,0,0,0,0,0,0
ILMFGQICC_7400-5250-7912-5762,1,0,0,0,0,0,0,0,0
ILMFGQICC_8077-5788-8589-6300,1,0,0,0,0,0,0,0,0
ILMFGQICC_8077-7836-8589-8348,1,0,0,0,0,0,0,0,0
ILMFGQICC_8077-7324-8589-7836,1,0,0,0,0,0,0,0,0
ILMFGQICC_8077-8860-8589-9372,1,0,0,0,0,0,0,0,0
ILMFGQICC_8589-5788-9101-6300,1,0,0,0,0,0,0,0,0
ILMFGQICC_9613-5788-10125-6300,1,0,0,0,0,0,0,0,0
ILMFGQICC_8589-6300-9101-6812,1,0,0,0,0,0,0,0,0
ILMFGQICC_8589-7836-9101-8348,1,0,0,0,0,0,0,0,0
ILMFGQICC_9101-8860-9613-9372,1,0,0,0,0,0,0,0,0
ILMFGQICC_8589-8348-9101-8860,1,0,0,0,0,0,0,0,0
ILMFGQICC_9613-8348-10125-8860,1,0,0,0,0,0,0,0,0
ILMFGQICC_8589-8860-9101-9372,1,0,0,0,0,0,0,0,0
ILMFGQICC_8589-6812-9101-7324,1,0,0,0,0,0,0,0,0
ILMFGQICC_9613-8860-10125-9372,1,0,0,0,0,0,0,0,0
ILMFGQICC_9101-5788-9613-6300,1,0,0,0,0,0,0,0,0
ILMFGQICC_9101-8348-9613-8860,1,0,0,0,0,0,0,0,0
INA7P6P8K_5939-6092-6451-6604,0,0,0,0,0,0,0,0,1
ILVM1FABB_3678-518-4190-1030,0,0,1,0,0,0,0,0,0
ILMFGQICC_8589-7324-9101-7836,1,0,0,0,0,0,0,0,0
INA7P6P8K_6184-6334-6696-6846,0,0,0,0,0,0,0,0,1
INA7P6P8K_6352-6499-6864-7011,0,0,0,0,0,0,0,0,1
INA7P6P8K_6680-6808-7192-7320,0,0,0,0,0,0,0,0,1
IPEQEUHWR_1328-1435-1840-1947,0,1,0,0,0,0,0,0,0
IPEQEUHWR_1164-487-1676-999,0,1,0,0,0,0,0,0,0
INFPD1A7Z_1111-2408-1623-2920,0,0,0,1,0,0,0,0,0
IPEQEUHWR_1676-487-2188-999,0,1,0,0,0,0,0,0,0
IPEQEUHWR_1270-5445-1782-5957,0,1,0,0,0,0,0,0,0
IPEQEUHWR_2188-487-2700-999,0,1,0,0,0,0,0,0,0
IPEQEUHWR_1367-1090-1879-1602,0,1,0,0,0,0,0,0,0
IPEQEUHWR_3454-1480-3966-1992,0,1,0,0,0,0,0,0,0
IPEQEUHWR_1270-5957-1782-6469,0,1,0,0,0,0,0,0,0
IPEQEUHWR_1840-1435-2352-1947,0,1,0,0,0,0,0,0,0
INFPD1A7Z_1111-1896-1623-2408,0,0,0,1,0,0,0,0,0
IPEQEUHWR_3966-1480-4478-1992,0,1,0,0,0,0,0,0,0
IPEQEUHWR_3454-968-3966-1480,0,1,0,0,0,0,0,0,0
IPEQEUHWR_3966-1992-4478-2504,0,1,0,0,0,0,0,0,0
IPEQEUHWR_2700-487-3212-999,0,1,0,0,0,0,0,0,0
IPEQEUHWR_4478-1480-4990-1992,0,1,0,0,0,0,0,0,0
IPEQEUHWR_758-5445-1270-5957,0,1,0,0,0,0,0,0,0
IPEQEUHWR_855-1090-1367-1602,0,1,0,0,0,0,0,0,0
IPEQEUHWR_758-5957-1270-6469,0,1,0,0,0,0,0,0,0
IPEQEUHWR_789-2178-1301-2690,0,1,0,0,0,0,0,0,0
IPMWYDNUA_3356-2176-3868-2688,0,0,0,0,0,0,0,0,1
IPMWYDNUA_721-3995-1233-4507,0,0,0,0,0,0,0,0,1
IPMWYDNUA_3808-1802-4320-2314,0,0,0,0,0,0,0,0,1
IPMWYDNUA_3530-1996-4042-2508,0,0,0,0,0,0,0,0,1
IPMWYDNUA_3999-573-4511-1085,0,0,0,0,0,0,0,0,1
IPMWYDNUA_4238-1463-4750-1975,0,0,0,0,0,0,0,0,1
IPMWYDNUA_804-1113-1316-1625,0,0,0,0,0,0,0,0,1
IPMWYDNUA_768-2584-1280-3096,0,0,0,0,0,0,0,0,1
IPMWYDNUA_4402-1286-4914-1798,0,0,0,0,0,0,0,0,1
IPMWYDNUA_755-2954-1267-3466,0,0,0,0,0,0,0,0,1
IPMWYDNUA_792-1485-1304-1997,0,0,0,0,0,0,0,0,1
IPMWYDNUA_3018-2709-3530-3221,0,0,0,0,0,0,0,0,1
IPMWYDNUA_4040-1644-4552-2156,0,0,0,0,0,0,0,0,1
IPMWYDNUA_823-1850-1335-2362,0,0,0,0,0,0,0,0,1
IPMWYDNUA_817-752-1329-1264,0,0,0,0,0,0,0,0,1
IQ6VZWA72_2250-1241-2762-1753,1,0,0,0,0,0,0,0,0
IQ6VZWA72_2250-2777-2762-3289,1,0,0,0,0,0,0,0,0
IQ6VZWA72_2250-1753-2762-2265,1,0,0,0,0,0,0,0,0
IQ6VZWA72_2510-826-3022-1338,1,0,0,0,0,0,0,0,0
IQ6VZWA72_2433-495-2945-1007,1,0,0,0,0,0,0,0,0
IQ6VZWA72_4229-1811-4741-2323,1,0,0,0,0,0,0,0,0
IQ6VZWA72_2762-2265-3274-2777,1,0,0,0,0,0,0,0,0
IQ6VZWA72_2762-1753-3274-2265,1,0,0,0,0,0,0,0,0
IQ6VZWA72_2762-2777-3274-3289,1,0,0,0,0,0,0,0,0
IQ6VZWA72_2762-1241-3274-1753,1,0,0,0,0,0,0,0,0
IQ6VZWA72_2250-2265-2762-2777,1,0,0,0,0,0,0,0,0
IQ6VZWA72_5154-2906-5666-3418,1,0,0,0,0,0,0,0,0
IQ6VZWA72_3906-452-4418-964,1,0,0,0,0,0,0,0,0
IQ6VZWA72_4418-452-4930-964,1,0,0,0,0,0,0,0,0
IRGLNUWG4_10005-10678-10517-11190,0,0,1,0,0,1,0,0,0
IQ6VZWA72_4741-1811-5253-2323,1,0,0,0,0,0,0,0,0
IRGLNUWG4_10251-627-10763-1139,0,0,0,0,0,1,0,0,0
IRGLNUWG4_10015-4752-10527-5264,0,0,0,0,0,0,0,0,1
IRGLNUWG4_11027-2553-11539-3065,0,0,1,0,0,0,0,0,0
IRGLNUWG4_10629-600-11141-1112,0,0,0,0,0,1,0,0,0
IRGLNUWG4_10353-6449-10865-6961,0,0,0,0,0,0,0,0,1
IRGLNUWG4_3044-4222-3556-4734,0,0,0,0,0,0,0,0,1
IRGLNUWG4_3059-2683-3571-3195,0,0,0,0,0,0,0,0,1
IRGLNUWG4_13026-9473-13538-9985,0,0,0,0,0,0,0,0,1
IRGLNUWG4_13179-12513-13691-13025,0,0,0,0,0,1,0,0,1
IRGLNUWG4_12136-11905-12648-12417,0,0,1,0,0,0,0,0,0
IRGLNUWG4_13327-8820-13839-9332,0,0,0,0,0,0,0,0,1
IRGLNUWG4_4426-1763-4938-2275,0,0,0,0,0,0,0,0,1
IRGLNUWG4_11975-10793-12487-11305,0,0,0,0,0,1,0,0,0
IRGLNUWG4_4402-3111-4914-3623,0,0,0,0,0,0,0,0,1
IRGLNUWG4_12820-12520-13332-13032,0,0,0,0,0,1,0,0,1
IRGLNUWG4_7059-3442-7571-3954,0,0,0,0,0,0,0,0,1
IRGLNUWG4_6715-4587-7227-5099,0,0,0,0,0,0,0,0,1
IRGLNUWG4_7068-2688-7580-3200,0,0,1,0,0,0,0,0,1
IRGLNUWG4_7295-1005-7807-1517,0,0,0,0,0,0,0,0,1
IRGLNUWG4_7078-1717-7590-2229,0,0,0,0,0,0,0,0,1
IRGLNUWG4_7295-1517-7807-2029,0,0,0,0,0,0,0,0,1
IRGLNUWG4_7295-493-7807-1005,0,0,1,0,1,0,0,0,1
IRGLNUWG4_7295-4589-7807-5101,0,0,0,0,0,0,0,0,1
IRGLNUWG4_7295-2029-7807-2541,0,0,0,0,0,0,0,0,1
IRGLNUWG4_7295-2541-7807-3053,0,0,0,0,0,0,0,0,1
IRGLNUWG4_7295-3053-7807-3565,0,0,1,0,0,0,0,0,1
IRGLNUWG4_7704-5049-8216-5561,0,0,1,0,0,0,0,0,1
IRGLNUWG4_7732-1791-8244-2303,0,0,0,0,0,0,0,0,1
IRGLNUWG4_7295-5101-7807-5613,0,0,1,0,0,0,0,0,1
IRGLNUWG4_7648-4766-8160-5278,0,0,1,0,0,0,0,0,1
IRGLNUWG4_7295-4077-7807-4589,0,0,1,0,0,0,0,0,1
IRGLNUWG4_7295-3565-7807-4077,0,0,0,0,0,0,0,0,1
IRGLNUWG4_7807-1005-8319-1517,0,0,0,0,0,0,0,0,1
IRGLNUWG4_7807-4589-8319-5101,0,0,1,0,0,0,0,0,0
IRGLNUWG4_7807-2029-8319-2541,0,0,0,0,0,0,0,0,1
IRGLNUWG4_7807-1517-8319-2029,0,0,0,0,0,0,0,0,1
IRGLNUWG4_8072-872-8584-1384,0,0,0,0,0,0,0,0,1
IRGLNUWG4_7807-493-8319-1005,0,0,1,0,1,0,0,0,1
IRQCQA7P4_1831-2584-2343-3096,0,1,0,0,0,0,0,0,0
IRGLNUWG4_9695-5022-10207-5534,0,0,0,0,0,0,0,0,1
IRQCQA7P4_1271-2560-1783-3072,0,1,0,0,0,0,0,0,0
IRGLNUWG4_8346-6100-8858-6612,0,0,0,0,0,0,0,0,1
IRGLNUWG4_8848-9091-9360-9603,0,0,1,0,0,0,0,0,0
IRQCQA7P4_1048-738-1560-1250,0,1,0,0,0,0,0,0,0
IRQCQA7P4_1048-1250-1560-1762,0,1,0,0,0,0,0,0,0
ITAKPFBFV_498-6278-1010-6790,0,0,0,1,0,0,0,0,0
IRQCQA7P4_1782-1703-2294-2215,0,1,0,0,0,0,0,0,0
IRQCQA7P4_1271-3072-1783-3584,0,1,0,0,0,0,0,0,0
IRGLNUWG4_9331-10741-9843-11253,0,0,0,0,1,1,0,0,0
IRQCQA7P4_1782-2215-2294-2727,0,1,0,0,0,0,0,0,0
IRQCQA7P4_1831-3096-2343-3608,0,1,0,0,0,0,0,0,0
ITAQF473Q_1140-10138-1652-10650,1,0,0,0,0,0,0,0,0
ITAQF473Q_1312-8885-1824-9397,1,0,0,0,0,0,0,0,0
ITAQF473Q_1140-9626-1652-10138,1,0,0,0,0,0,0,0,0
ITAQF473Q_1963-7646-2475-8158,1,0,0,0,0,0,0,0,0
ITAQF473Q_1312-9397-1824-9909,1,0,0,0,0,0,0,0,0
ITAQF473Q_341-4851-853-5363,1,0,0,0,0,0,0,0,0
ITAQF473Q_678-10107-1190-10619,1,0,0,0,0,0,0,0,0
ITAQF473Q_2213-8852-2725-9364,1,0,0,0,0,0,0,0,0
ITAQF473Q_201-1109-713-1621,1,0,0,0,0,0,0,0,0
ITAQF473Q_2185-9509-2697-10021,1,0,0,0,0,0,0,0,0
ITQ4DXY1X_1610-444-2122-956,0,0,1,0,0,0,0,0,0
ITQ4DXY1X_2634-444-3146-956,0,0,1,0,0,0,0,0,0
ITAQF473Q_2257-1724-2769-2236,1,0,0,0,0,0,0,0,0
ITQ4DXY1X_2122-444-2634-956,0,0,1,0,0,0,0,0,0
ITQ4DXY1X_1098-444-1610-956,0,0,1,0,0,0,0,0,0
ITQ4DXY1X_3146-444-3658-956,0,0,1,0,0,0,0,0,0
ITAQF473Q_2213-8340-2725-8852,1,0,0,0,0,0,0,0,0
ITQ4DXY1X_4170-444-4682-956,0,0,1,0,0,0,0,0,0
ITQ4DXY1X_5194-444-5706-956,0,0,1,0,0,0,0,0,0
ITQ4DXY1X_3658-444-4170-956,0,0,1,0,0,0,0,0,0
ITQ4DXY1X_4682-444-5194-956,0,0,1,0,0,0,0,0,0
ITQ4DXY1X_586-444-1098-956,0,0,1,0,0,0,0,0,0
ITQ4DXY1X_5706-444-6218-956,0,0,1,0,0,0,0,0,0
ITQ4DXY1X_7866-1977-8378-2489,0,0,1,0,0,0,0,0,0
ITQ4DXY1X_6730-444-7242-956,0,0,1,0,0,0,0,0,0
ITQ4DXY1X_9594-1971-10106-2483,0,0,1,0,0,0,0,0,0
ITQ4DXY1X_9688-330-10200-842,0,0,1,0,0,0,0,0,0
ITQ4DXY1X_9082-1971-9594-2483,0,0,1,0,0,0,0,0,0
ITQ4DXY1X_9688-842-10200-1354,0,0,1,0,0,0,0,0,0
ITQ4DXY1X_8378-1977-8890-2489,0,0,1,0,0,0,0,0,0
IUBMKKNMT_2897-8225-3409-8737,0,0,0,0,0,0,0,0,1
ITQ4DXY1X_6218-444-6730-956,0,0,1,0,0,0,0,0,0
IUBMKKNMT_10130-8509-10642-9021,0,0,0,0,0,0,0,0,1
IUBMKKNMT_14444-1627-14956-2139,0,0,0,0,0,0,0,0,1
IUBMKKNMT_3096-8409-3608-8921,0,0,0,0,0,0,0,0,1
IUBMKKNMT_4370-2535-4882-3047,0,0,0,0,0,0,0,0,1
IUBMKKNMT_3934-8434-4446-8946,0,0,0,0,0,0,0,0,1
IUBMKKNMT_4182-3543-4694-4055,0,0,0,0,0,0,0,0,1
IUBMKKNMT_4459-5711-4971-6223,0,0,0,0,0,0,0,0,1
IUBMKKNMT_6052-5922-6564-6434,0,0,0,0,0,0,0,0,1
IUBMKKNMT_6252-13033-6764-13545,0,0,0,0,0,0,0,0,1
IVX6I8HZ1_10300-3572-10812-4084,0,1,0,0,0,0,0,0,0
IV9DJTJ28_8353-4447-8865-4959,0,0,0,0,0,0,0,0,1
IVX6I8HZ1_11324-4084-11836-4596,0,1,0,0,0,0,0,0,0
IUBMKKNMT_9423-8376-9935-8888,0,0,0,0,0,0,0,0,1
IVX6I8HZ1_10300-4084-10812-4596,0,1,0,0,0,0,0,0,0
IUBMKKNMT_9618-8509-10130-9021,0,0,0,0,0,0,0,0,1
IUBMKKNMT_6621-12702-7133-13214,0,0,0,0,0,0,0,0,1
IVX6I8HZ1_11324-3572-11836-4084,0,1,0,0,0,0,0,0,0
IVX6I8HZ1_10812-4084-11324-4596,0,1,0,0,0,0,0,0,0
IVX6I8HZ1_10812-3572-11324-4084,0,1,0,0,0,0,0,0,0
IVX6I8HZ1_11836-3572-12348-4084,0,1,0,0,0,0,0,0,0
IVX6I8HZ1_11836-4084-12348-4596,0,1,0,0,0,0,0,0,0
IVX6I8HZ1_12568-5191-13080-5703,0,0,0,0,0,0,0,0,1
IVX6I8HZ1_12348-3572-12860-4084,0,1,0,0,0,0,0,0,0
IVX6I8HZ1_12348-4084-12860-4596,0,1,0,0,0,0,0,0,0
IVX6I8HZ1_1440-3559-1952-4071,0,1,0,0,0,0,0,0,0
IVX6I8HZ1_1952-3559-2464-4071,0,1,0,0,0,0,0,0,0
IVX6I8HZ1_1440-4071-1952-4583,0,1,0,0,0,0,0,0,0
IVX6I8HZ1_2464-3559-2976-4071,0,1,0,0,0,0,0,0,0
IVX6I8HZ1_2976-4071-3488-4583,0,1,0,0,0,0,0,0,0
IVX6I8HZ1_1952-4071-2464-4583,0,1,0,0,0,0,0,0,0
IVX6I8HZ1_4000-4071-4512-4583,0,1,0,0,0,0,0,0,0
IVX6I8HZ1_4512-4071-5024-4583,0,1,0,0,0,0,0,0,0
IVX6I8HZ1_2976-3559-3488-4071,0,1,0,0,0,0,0,0,0
IVX6I8HZ1_4512-3559-5024-4071,0,1,0,0,0,0,0,0,0
IVX6I8HZ1_2464-4071-2976-4583,0,1,0,0,0,0,0,0,0
IVX6I8HZ1_3488-3559-4000-4071,0,1,0,0,0,0,0,0,0
IVX6I8HZ1_4000-3559-4512-4071,0,1,0,0,0,0,0,0,0
IVX6I8HZ1_3488-4071-4000-4583,0,1,0,0,0,0,0,0,0
IVX6I8HZ1_5024-3559-5536-4071,0,1,0,0,0,0,0,0,0
IVX6I8HZ1_4625-1215-5137-1727,0,0,0,0,0,0,0,0,1
IVX6I8HZ1_5024-4071-5536-4583,0,1,0,0,0,0,0,0,0
IVX6I8HZ1_5536-3559-6048-4071,0,1,0,0,0,0,0,0,0
IVX6I8HZ1_5536-4071-6048-4583,0,1,0,0,0,0,0,0,0
IVX6I8HZ1_6048-3559-6560-4071,0,1,0,0,0,0,0,0,0
IVX6I8HZ1_6560-4071-7072-4583,0,1,0,0,0,0,0,0,0
IVX6I8HZ1_6560-3559-7072-4071,0,1,0,0,0,0,0,0,0
IVX6I8HZ1_8764-3572-9276-4084,0,1,0,0,0,0,0,0,0
IVX6I8HZ1_7072-4071-7584-4583,0,1,0,0,0,0,0,0,0
IVX6I8HZ1_7072-3559-7584-4071,0,1,0,0,0,0,0,0,0
IVX6I8HZ1_7584-4071-8096-4583,0,1,0,0,0,0,0,0,0
IVX6I8HZ1_7584-3559-8096-4071,0,1,0,0,0,0,0,0,0
IVX6I8HZ1_8252-4084-8764-4596,0,1,0,0,0,0,0,0,0
IVX6I8HZ1_9276-3572-9788-4084,0,1,0,0,0,0,0,0,0
IVX6I8HZ1_6048-4071-6560-4583,0,1,0,0,0,0,0,0,0
IVX6I8HZ1_8252-3572-8764-4084,0,1,0,0,0,0,0,0,0
IVX6I8HZ1_8764-4084-9276-4596,0,1,0,0,0,0,0,0,0
IVX6I8HZ1_928-3559-1440-4071,0,1,0,0,0,0,0,0,0
IVX6I8HZ1_9276-4084-9788-4596,0,1,0,0,0,0,0,0,0
IVX6I8HZ1_928-4071-1440-4583,0,1,0,0,0,0,0,0,0
IVX6I8HZ1_9788-3572-10300-4084,0,1,0,0,0,0,0,0,1
IVX6I8HZ1_9788-4084-10300-4596,0,1,0,0,0,0,0,0,0
IWNWN43AX_2557-985-3069-1497,0,1,0,0,0,0,0,0,0
IWNWN43AX_3448-1577-3960-2089,0,1,0,0,0,0,0,0,0
IWNWN43AX_4824-1356-5336-1868,0,1,0,0,0,0,0,0,0
IWNWN43AX_3960-1577-4472-2089,0,1,0,0,0,0,0,0,0
IWNWN43AX_5848-1356-6360-1868,0,1,0,0,0,0,0,0,0
IWNWN43AX_4312-1356-4824-1868,0,1,0,0,0,0,0,0,0
IWNWN43AX_6360-1356-6872-1868,0,1,0,0,0,0,0,0,0
IWNWN43AX_5336-1356-5848-1868,0,1,0,0,0,0,0,0,0
IWTJRCKCW_3697-2214-4209-2726,0,0,0,0,0,0,0,0,1
IX1CW8BE8_1101-1003-1613-1515,1,0,0,0,0,0,0,0,0
IWNWN43AX_6872-1356-7384-1868,0,1,0,0,0,0,0,0,0
IWTJRCKCW_4818-2857-5330-3369,0,0,0,0,0,0,0,0,1
IWTJRCKCW_7520-5059-8032-5571,0,0,0,0,0,0,0,0,1
IX1CW8BE8_1141-3241-1653-3753,1,0,0,0,0,0,0,0,0
IX1CW8BE8_1141-3753-1653-4265,1,0,0,0,0,0,0,0,0
IX1CW8BE8_1141-4265-1653-4777,1,0,0,0,0,0,0,0,0
IX1CW8BE8_1141-4777-1653-5289,1,0,0,0,0,0,0,0,0
IX1CW8BE8_1141-5801-1653-6313,1,0,0,0,0,0,0,0,0
IX1CW8BE8_1292-7423-1804-7935,1,0,0,0,0,0,0,0,0
IX1CW8BE8_1141-5289-1653-5801,1,0,0,0,0,0,0,0,0
IX1CW8BE8_1369-3975-1881-4487,1,0,0,0,0,0,0,0,0
IX1CW8BE8_1369-3463-1881-3975,1,0,0,0,0,0,0,0,0
IX1CW8BE8_1369-2951-1881-3463,1,0,0,0,0,0,0,0,0
IX1CW8BE8_1292-6911-1804-7423,1,0,0,0,0,0,0,0,0
IX1CW8BE8_1369-2439-1881-2951,1,0,0,0,0,0,0,0,0
IX1CW8BE8_1313-1510-1825-2022,1,0,0,0,0,0,0,0,0
IX1CW8BE8_1396-7939-1908-8451,1,0,0,0,0,0,0,0,0
IX1CW8BE8_1440-5900-1952-6412,1,0,0,0,0,0,0,0,0
IX1CW8BE8_1440-4876-1952-5388,1,0,0,0,0,0,0,0,0
IX1CW8BE8_1440-5388-1952-5900,1,0,0,0,0,0,0,0,0
IX1CW8BE8_1477-8237-1989-8749,1,0,0,0,0,0,0,0,0
IX1CW8BE8_1573-3187-2085-3699,1,0,0,0,0,0,0,0,0
IX1CW8BE8_1573-4211-2085-4723,1,0,0,0,0,0,0,0,0
IX1CW8BE8_1573-3699-2085-4211,1,0,0,0,0,0,0,0,0
IX1CW8BE8_1643-5216-2155-5728,1,0,0,0,0,0,0,0,0
IX1CW8BE8_1848-8181-2360-8693,1,0,0,0,0,0,0,0,0
IX1CW8BE8_1643-5728-2155-6240,1,0,0,0,0,0,0,0,0
IX1CW8BE8_1823-2692-2335-3204,1,0,0,0,0,0,0,0,0
IX1CW8BE8_1804-7423-2316-7935,1,0,0,0,0,0,0,0,0
IX1CW8BE8_1655-1330-2167-1842,1,0,0,0,0,0,0,0,0
IX1CW8BE8_2034-2219-2546-2731,1,0,0,0,0,0,0,0,0
IX1CW8BE8_1804-6911-2316-7423,1,0,0,0,0,0,0,0,0
IX1CW8BE8_1655-1842-2167-2354,1,0,0,0,0,0,0,0,0
IX1CW8BE8_2059-1430-2571-1942,1,0,0,0,0,0,0,0,0
IX1CW8BE8_1930-5722-2442-6234,1,0,0,0,0,0,0,0,0
IX1CW8BE8_1930-5210-2442-5722,1,0,0,0,0,0,0,0,0
IX1CW8BE8_2085-3699-2597-4211,1,0,0,0,0,0,0,0,0
IX1CW8BE8_2085-3187-2597-3699,1,0,0,0,0,0,0,0,0
IX1CW8BE8_2085-4211-2597-4723,1,0,0,0,0,0,0,0,0
IX1CW8BE8_2206-1243-2718-1755,1,0,0,0,0,0,0,0,0
IX1CW8BE8_2206-1755-2718-2267,1,0,0,0,0,0,0,0,0
IX1CW8BE8_2339-4382-2851-4894,1,0,0,0,0,0,0,0,0
IX1CW8BE8_2339-3870-2851-4382,1,0,0,0,0,0,0,0,0
IX1CW8BE8_3050-6780-3562-7292,1,0,0,0,0,0,0,0,0
IX1CW8BE8_2714-2042-3226-2554,1,0,0,0,0,0,0,0,0
IX1CW8BE8_2360-8181-2872-8693,1,0,0,0,0,0,0,0,0
IX1CW8BE8_3061-4279-3573-4791,1,0,0,0,0,0,0,0,0
IX1CW8BE8_3061-3767-3573-4279,1,0,0,0,0,0,0,0,0
IX1CW8BE8_2985-1546-3497-2058,1,0,0,0,0,0,0,0,0
IX1CW8BE8_2339-5406-2851-5918,1,0,0,0,0,0,0,0,0
IX1CW8BE8_2742-8031-3254-8543,1,0,0,0,0,0,0,0,0
IX1CW8BE8_2985-2058-3497-2570,1,0,0,0,0,0,0,0,0
IX1CW8BE8_2379-2994-2891-3506,1,0,0,0,0,0,0,0,0
IX1CW8BE8_3061-4791-3573-5303,1,0,0,0,0,0,0,0,0
IX1CW8BE8_2379-2482-2891-2994,1,0,0,0,0,0,0,0,0
IX1CW8BE8_2339-4894-2851-5406,1,0,0,0,0,0,0,0,0
IX1CW8BE8_3120-8018-3632-8530,1,0,0,0,0,0,0,0,0
IX1CW8BE8_3366-5874-3878-6386,1,0,0,0,0,0,0,0,0
IX1CW8BE8_3366-5362-3878-5874,1,0,0,0,0,0,0,0,0
IX1CW8BE8_3371-6816-3883-7328,1,0,0,0,0,0,0,0,0
IX1CW8BE8_3153-8372-3665-8884,1,0,0,0,0,0,0,0,0
IX1CW8BE8_3378-2055-3890-2567,1,0,0,0,0,0,0,0,0
IX1CW8BE8_3735-2550-4247-3062,1,0,0,0,0,0,0,0,0
IX1CW8BE8_3667-3517-4179-4029,1,0,0,0,0,0,0,0,0
IX1CW8BE8_4247-2550-4759-3062,1,0,0,0,0,0,0,0,0
IX1CW8BE8_3407-8124-3919-8636,1,0,0,0,0,0,0,0,0
IX1CW8BE8_3735-2038-4247-2550,1,0,0,0,0,0,0,0,0
IX1CW8BE8_3780-6870-4292-7382,1,0,0,0,0,0,0,0,0
IX1CW8BE8_4303-7896-4815-8408,1,0,0,0,0,0,0,0,0
IX1CW8BE8_4247-2038-4759-2550,1,0,0,0,0,0,0,0,0
IX1CW8BE8_3919-8124-4431-8636,1,0,0,0,0,0,0,0,0
IX1CW8BE8_3795-5310-4307-5822,1,0,0,0,0,0,0,0,0
IX1CW8BE8_3667-4029-4179-4541,1,0,0,0,0,0,0,0,0
IX1CW8BE8_3795-5822-4307-6334,1,0,0,0,0,0,0,0,0
IX1CW8BE8_4307-5310-4819-5822,1,0,0,0,0,0,0,0,0
IX1CW8BE8_4307-5822-4819-6334,1,0,0,0,0,0,0,0,0
IX1CW8BE8_4384-3606-4896-4118,1,0,0,0,0,0,0,0,0
IX1CW8BE8_4384-3094-4896-3606,1,0,0,0,0,0,0,0,0
IX1CW8BE8_4387-1649-4899-2161,1,0,0,0,0,0,0,0,0
IX1CW8BE8_4431-8124-4943-8636,1,0,0,0,0,0,0,0,0
IX1CW8BE8_4721-2426-5233-2938,1,0,0,0,0,0,0,0,0
IX1CW8BE8_4896-3094-5408-3606,1,0,0,0,0,0,0,0,0
IX1CW8BE8_4389-7403-4901-7915,1,0,0,0,0,0,0,0,0
IX1CW8BE8_4896-2582-5408-3094,1,0,0,0,0,0,0,0,0
IX1CW8BE8_5023-3507-5535-4019,1,0,0,0,0,0,0,0,0
IX1CW8BE8_5023-6579-5535-7091,1,0,0,0,0,0,0,0,0
IX1CW8BE8_5023-5555-5535-6067,1,0,0,0,0,0,0,0,0
IX1CW8BE8_5042-8016-5554-8528,1,0,0,0,0,0,0,0,0
IX1CW8BE8_5023-6067-5535-6579,1,0,0,0,0,0,0,0,0
IX1CW8BE8_5330-841-5842-1353,1,0,0,0,0,0,0,0,0
IX1CW8BE8_5023-4019-5535-4531,1,0,0,0,0,0,0,0,0
IX1CW8BE8_5419-7329-5931-7841,1,0,0,0,0,0,0,0,0
IX1CW8BE8_5419-7841-5931-8353,1,0,0,0,0,0,0,0,0
IX1CW8BE8_5535-4531-6047-5043,1,0,0,0,0,0,0,0,0
IX1CW8BE8_5535-2995-6047-3507,1,0,0,0,0,0,0,0,0
IX1CW8BE8_5535-5043-6047-5555,1,0,0,0,0,0,0,0,0
IX1CW8BE8_5535-5555-6047-6067,1,0,0,0,0,0,0,0,0
IX1CW8BE8_5931-6817-6443-7329,1,0,0,0,0,0,0,0,0
IX1CW8BE8_5702-2784-6214-3296,1,0,0,0,0,0,0,0,0
IX1CW8BE8_5643-1307-6155-1819,1,0,0,0,0,0,0,0,0
IX1CW8BE8_5535-6067-6047-6579,1,0,0,0,0,0,0,0,0
IX1CW8BE8_5643-795-6155-1307,1,0,0,0,0,0,0,0,0
IX1CW8BE8_5702-1760-6214-2272,1,0,0,0,0,0,0,0,0
IX1CW8BE8_5702-2272-6214-2784,1,0,0,0,0,0,0,0,0
IX1CW8BE8_6047-3507-6559-4019,1,0,0,0,0,0,0,0,0
IX1CW8BE8_5643-3867-6155-4379,1,0,0,0,0,0,0,0,0
IX1CW8BE8_5643-3355-6155-3867,1,0,0,0,0,0,0,0,0
IX1CW8BE8_6047-4531-6559-5043,1,0,0,0,0,0,0,0,0
IX1CW8BE8_5931-7841-6443-8353,1,0,0,0,0,0,0,0,0
IX1CW8BE8_6047-6067-6559-6579,1,0,0,0,0,0,0,0,0
IX1CW8BE8_6047-6579-6559-7091,1,0,0,0,0,0,0,0,0
IX1CW8BE8_6155-3867-6667-4379,1,0,0,0,0,0,0,0,0
IX1CW8BE8_6155-2331-6667-2843,1,0,0,0,0,0,0,0,0
IX1CW8BE8_6155-795-6667-1307,1,0,0,0,0,0,0,0,0
IX1CW8BE8_6443-6817-6955-7329,1,0,0,0,0,0,0,0,0
IX1CW8BE8_6559-2995-7071-3507,1,0,0,0,0,0,0,0,0
IX1CW8BE8_6559-6067-7071-6579,1,0,0,0,0,0,0,0,0
IX1CW8BE8_6667-795-7179-1307,1,0,0,0,0,0,0,0,0
IX1CW8BE8_6443-7841-6955-8353,1,0,0,0,0,0,0,0,0
IX1CW8BE8_6559-3507-7071-4019,1,0,0,0,0,0,0,0,0
IX1CW8BE8_6667-2331-7179-2843,1,0,0,0,0,0,0,0,0
IX1CW8BE8_6214-1760-6726-2272,1,0,0,0,0,0,0,0,0
IX1CW8BE8_6214-2784-6726-3296,1,0,0,0,0,0,0,0,0
IX1CW8BE8_6559-6579-7071-7091,1,0,0,0,0,0,0,0,0
IX1CW8BE8_6559-4019-7071-4531,1,0,0,0,0,0,0,0,0
IX1CW8BE8_6667-1819-7179-2331,1,0,0,0,0,0,0,0,0
IX1CW8BE8_6726-2784-7238-3296,1,0,0,0,0,0,0,0,0
IX1CW8BE8_6955-6817-7467-7329,1,0,0,0,0,0,0,0,0
IX1CW8BE8_6955-8353-7467-8865,1,0,0,0,0,0,0,0,0
IX1CW8BE8_7071-3507-7583-4019,1,0,0,0,0,0,0,0,0
IX1CW8BE8_7071-2995-7583-3507,1,0,0,0,0,0,0,0,0
IX1CW8BE8_7071-6067-7583-6579,1,0,0,0,0,0,0,0,0
IX1CW8BE8_7071-5555-7583-6067,1,0,0,0,0,0,0,0,0
IX1CW8BE8_7071-4531-7583-5043,1,0,0,0,0,0,0,0,0
IX1CW8BE8_7467-7841-7979-8353,1,0,0,0,0,0,0,0,0
IX1CW8BE8_7179-3867-7691-4379,1,0,0,0,0,0,0,0,0
IX1CW8BE8_7071-5043-7583-5555,1,0,0,0,0,0,0,0,0
IX1CW8BE8_7179-1819-7691-2331,1,0,0,0,0,0,0,0,0
IX1CW8BE8_7179-1307-7691-1819,1,0,0,0,0,0,0,0,0
IX1CW8BE8_7071-6579-7583-7091,1,0,0,0,0,0,0,0,0
IX1CW8BE8_7179-2331-7691-2843,1,0,0,0,0,0,0,0,0
IX1CW8BE8_7179-795-7691-1307,1,0,0,0,0,0,0,0,0
IX1CW8BE8_7467-6817-7979-7329,1,0,0,0,0,0,0,0,0
IX1CW8BE8_7467-7329-7979-7841,1,0,0,0,0,0,0,0,0
IX1CW8BE8_7467-8353-7979-8865,1,0,0,0,0,0,0,0,0
IX1CW8BE8_827-3828-1339-4340,1,0,0,0,0,0,0,0,0
IX1CW8BE8_827-4340-1339-4852,1,0,0,0,0,0,0,0,0
IX1CW8BE8_827-4852-1339-5364,1,0,0,0,0,0,0,0,0
IX1CW8BE8_827-5364-1339-5876,1,0,0,0,0,0,0,0,0
IX1CW8BE8_854-3513-1366-4025,1,0,0,0,0,0,0,0,0
IX1CW8BE8_854-1977-1366-2489,1,0,0,0,0,0,0,0,0
IX1CW8BE8_854-3001-1366-3513,1,0,0,0,0,0,0,0,0
IX1CW8BE8_965-7725-1477-8237,1,0,0,0,0,0,0,0,0
IXHC6W1C6_969-266-1481-778,0,0,0,0,1,0,0,0,0
IX1CW8BE8_854-2489-1366-3001,1,0,0,0,0,0,0,0,0
IXHC6W1C6_550-259-1062-771,0,0,0,0,1,0,0,0,0
IX1CW8BE8_965-8237-1477-8749,1,0,0,0,0,0,0,0,0
IXP288CVN_2199-11356-2711-11868,0,0,0,1,0,0,0,0,0
IXP288CVN_2199-10332-2711-10844,0,0,0,1,0,0,0,0,0
IXP288CVN_2199-10844-2711-11356,0,0,0,1,0,0,0,0,0
IXP288CVN_2199-11868-2711-12380,0,0,0,1,0,0,0,0,0
IXP288CVN_2199-12380-2711-12892,0,0,0,1,0,0,0,0,0
IXP288CVN_2199-12892-2711-13404,0,0,0,1,0,0,0,0,0
IXP288CVN_2199-13404-2711-13916,0,0,0,1,0,0,0,0,0
IXP288CVN_2199-4700-2711-5212,0,0,0,1,0,0,0,0,0
IXP288CVN_2199-13916-2711-14428,0,0,0,1,0,0,0,0,0
IXP288CVN_2199-7260-2711-7772,0,0,0,1,0,0,0,0,0
IXP288CVN_2199-5212-2711-5724,0,0,0,1,0,0,0,0,0
IXP288CVN_2199-9308-2711-9820,0,0,0,1,0,0,0,0,0
IXP288CVN_2199-5724-2711-6236,0,0,0,1,0,0,0,0,0
IXP288CVN_2199-6236-2711-6748,0,0,0,1,0,0,0,0,0
IXP288CVN_2199-8284-2711-8796,0,0,0,1,0,0,0,0,0
IXP288CVN_2199-6748-2711-7260,0,0,0,1,0,0,0,0,0
IXP288CVN_2199-9820-2711-10332,0,0,0,1,0,0,0,0,0
IXP288CVN_2419-4548-2931-5060,0,0,0,1,0,0,0,0,0
IXQ8VGEM7_1414-7851-1926-8363,0,0,0,0,0,0,1,0,0
IXP288CVN_2199-7772-2711-8284,0,0,0,1,0,0,0,0,0
IXP288CVN_2199-8796-2711-9308,0,0,0,1,0,0,0,0,0
IXQ8VGEM7_1414-8363-1926-8875,0,0,0,0,0,0,1,0,0
IXQ8VGEM7_1414-8875-1926-9387,0,0,0,0,0,0,1,0,0
IXQ8VGEM7_1926-7851-2438-8363,0,0,0,0,0,0,1,0,0
IXQ8VGEM7_1926-8875-2438-9387,0,0,0,0,0,0,1,0,0
IXQ8VGEM7_2438-9387-2950-9899,0,0,0,0,0,0,1,0,0
IXQ8VGEM7_2438-7851-2950-8363,0,0,0,0,0,0,1,0,0
IXQ8VGEM7_1926-9899-2438-10411,0,0,0,0,0,0,1,0,0
IXQ8VGEM7_1926-9387-2438-9899,0,0,0,0,0,0,1,0,0
IXQ8VGEM7_2950-7851-3462-8363,0,0,0,0,0,0,1,0,0
IXQ8VGEM7_2950-7339-3462-7851,0,0,0,0,0,0,1,0,0
IXQ8VGEM7_3462-7339-3974-7851,0,0,0,0,0,0,1,0,0
IXQ8VGEM7_3974-8363-4486-8875,0,0,0,0,0,0,1,0,0
IXQ8VGEM7_3462-8363-3974-8875,0,0,0,0,0,0,1,0,0
IXQ8VGEM7_4486-7339-4998-7851,0,0,0,0,0,0,1,0,0
IXQ8VGEM7_2438-9899-2950-10411,0,0,0,0,0,0,1,0,0
IXQ8VGEM7_3974-7339-4486-7851,0,0,0,0,0,0,1,0,0
IXQ8VGEM7_2950-9899-3462-10411,0,0,0,0,0,0,1,0,0
IXQ8VGEM7_2950-8363-3462-8875,0,0,0,0,0,0,1,0,0
IXQ8VGEM7_4998-7339-5510-7851,0,0,0,0,0,0,1,0,0
IXQ8VGEM7_5510-7339-6022-7851,0,0,0,0,0,0,1,0,0
IXQ8VGEM7_5510-7851-6022-8363,0,0,0,0,0,0,1,0,0
IZA39KEB4_1314-2123-1826-2635,1,0,0,0,0,0,0,0,0
IXQ8VGEM7_6534-7851-7046-8363,0,0,0,0,0,0,1,0,0
IXQ8VGEM7_902-7851-1414-8363,0,0,0,0,0,0,1,0,0
IZA39KEB4_1476-1262-1988-1774,1,0,0,0,0,0,0,0,0
IXQ8VGEM7_902-8875-1414-9387,0,0,0,0,0,0,1,0,0
IZA39KEB4_1476-750-1988-1262,1,0,0,0,0,0,0,0,0
IZA39KEB4_1368-2643-1880-3155,1,0,0,0,0,0,0,0,0
IZA39KEB4_1314-1611-1826-2123,1,0,0,0,0,0,0,0,0
IXQ8VGEM7_6534-8363-7046-8875,0,0,0,0,0,0,1,0,0
IXQ8VGEM7_902-8363-1414-8875,0,0,0,0,0,0,1,0,0
IXQ8VGEM7_6022-7851-6534-8363,0,0,0,0,0,0,1,0,0
IZA39KEB4_1826-1611-2338-2123,1,0,0,0,0,0,0,0,0
IZA39KEB4_1826-2635-2338-3147,1,0,0,0,0,0,0,0,0
IZA39KEB4_1368-3155-1880-3667,1,0,0,0,0,0,0,0,0
IZA39KEB4_1826-2123-2338-2635,1,0,0,0,0,0,0,0,0
IZA39KEB4_1880-3155-2392-3667,1,0,0,0,0,0,0,0,0
IZA39KEB4_1988-1262-2500-1774,1,0,0,0,0,0,0,0,0
IZA39KEB4_2338-1611-2850-2123,1,0,0,0,0,0,0,0,0
IZA39KEB4_2338-2123-2850-2635,1,0,0,0,0,0,0,0,0
IZA39KEB4_1988-750-2500-1262,1,0,0,0,0,0,0,0,0
IZA39KEB4_2338-2635-2850-3147,1,0,0,0,0,0,0,0,0
IZA39KEB4_2845-2024-3357-2536,1,0,0,0,0,0,0,0,0
IZA39KEB4_2627-2451-3139-2963,1,0,0,0,0,0,0,0,0
IZA39KEB4_2392-3155-2904-3667,1,0,0,0,0,0,0,0,0
IZA39KEB4_2904-3667-3416-4179,1,0,0,0,0,0,0,0,0
IZA39KEB4_2850-1611-3362-2123,1,0,0,0,0,0,0,0,0
IZA39KEB4_2500-1262-3012-1774,1,0,0,0,0,0,0,0,0
IZA39KEB4_2845-1000-3357-1512,1,0,0,0,0,0,0,0,0
IZA39KEB4_2500-750-3012-1262,1,0,0,0,0,0,0,0,0
IZA39KEB4_2392-3667-2904-4179,1,0,0,0,0,0,0,0,0
IZA39KEB4_3012-1262-3524-1774,1,0,0,0,0,0,0,0,0
IZA39KEB4_2850-2635-3362-3147,1,0,0,0,0,0,0,0,0
IZA39KEB4_3012-750-3524-1262,1,0,0,0,0,0,0,0,0
IZA39KEB4_3357-1000-3869-1512,1,0,0,0,0,0,0,0,0
IZA39KEB4_3357-1512-3869-2024,1,0,0,0,0,0,0,0,0
IZA39KEB4_3416-2643-3928-3155,1,0,0,0,0,0,0,0,0
IZA39KEB4_3524-750-4036-1262,1,0,0,0,0,0,0,0,0
IZA39KEB4_3416-3667-3928-4179,1,0,0,0,0,0,0,0,0
IZA39KEB4_3869-1000-4381-1512,1,0,0,0,0,0,0,0,0
IZA39KEB4_3928-3667-4440-4179,1,0,0,0,0,0,0,0,0
IZA39KEB4_4381-1000-4893-1512,1,0,0,0,0,0,0,0,0
IZA39KEB4_3357-2024-3869-2536,1,0,0,0,0,0,0,0,0
IZA39KEB4_3509-2246-4021-2758,1,0,0,0,0,0,0,0,0
IZA39KEB4_3869-2024-4381-2536,1,0,0,0,0,0,0,0,0
IZA39KEB4_3869-1512-4381-2024,1,0,0,0,0,0,0,0,0
IZA39KEB4_4021-2246-4533-2758,1,0,0,0,0,0,0,0,0
IZA39KEB4_3928-2643-4440-3155,1,0,0,0,0,0,0,0,0
IZA39KEB4_3524-1262-4036-1774,1,0,0,0,0,0,0,0,0
IZA39KEB4_4381-2024-4893-2536,1,0,0,0,0,0,0,0,0
IZA39KEB4_4440-2643-4952-3155,1,0,0,0,0,0,0,0,0
IZA39KEB4_4440-3667-4952-4179,1,0,0,0,0,0,0,0,0
IZA39KEB4_4893-1000-5405-1512,1,0,0,0,0,0,0,0,0
IZA39KEB4_4893-2024-5405-2536,1,0,0,0,0,0,0,0,0
IZA39KEB4_4952-2643-5464-3155,1,0,0,0,0,0,0,0,0
IZA39KEB4_4952-3667-5464-4179,1,0,0,0,0,0,0,0,0
IZA39KEB4_964-1262-1476-1774,1,0,0,0,0,0,0,0,0
IZA39KEB4_4952-3155-5464-3667,1,0,0,0,0,0,0,0,0
IZLRHDP6P_1838-1607-2350-2119,0,0,0,0,0,0,1,0,0
IZA39KEB4_964-750-1476-1262,1,0,0,0,0,0,0,0,0
IZA39KEB4_4893-1512-5405-2024,1,0,0,0,0,0,0,0,0
IZLRHDP6P_1326-1095-1838-1607,0,0,0,0,0,0,1,0,0
IZLRHDP6P_2691-1430-3203-1942,0,0,0,0,0,0,1,0,0
IZLRHDP6P_2350-1607-2862-2119,0,0,0,0,0,0,1,0,0
IZLRHDP6P_2179-1430-2691-1942,0,0,0,0,0,0,1,0,0
IZLRHDP6P_2350-2119-2862-2631,0,0,0,0,0,0,1,0,0
IZLRHDP6P_2179-1942-2691-2454,0,0,0,0,0,0,1,0,0
IZLRHDP6P_2691-1942-3203-2454,0,0,0,0,0,0,1,0,0
IZLRHDP6P_2691-2454-3203-2966,0,0,0,0,0,0,1,0,0
IZLRHDP6P_2862-1607-3374-2119,0,0,0,0,0,0,1,0,0
IZLRHDP6P_2862-2119-3374-2631,0,0,0,0,0,0,1,0,0
IZLRHDP6P_3203-1942-3715-2454,0,0,0,0,0,0,1,0,0
IZLRHDP6P_3374-3143-3886-3655,0,0,0,0,0,0,1,0,0
IZLRHDP6P_3203-2966-3715-3478,0,0,0,0,0,0,1,0,0
IZLRHDP6P_3374-4679-3886-5191,0,0,0,0,0,0,1,0,0
IZLRHDP6P_3374-1607-3886-2119,0,0,0,0,0,0,1,0,0
IZLRHDP6P_3203-2454-3715-2966,0,0,0,0,0,0,1,0,0
IZLRHDP6P_3886-2119-4398-2631,0,0,0,0,0,0,1,0,0
IZLRHDP6P_3374-4167-3886-4679,0,0,0,0,0,0,1,0,0
IZLRHDP6P_2862-2631-3374-3143,0,0,0,0,0,0,1,0,0
IZLRHDP6P_3374-3655-3886-4167,0,0,0,0,0,0,1,0,0
IZLRHDP6P_3715-1942-4227-2454,0,0,0,0,0,0,1,0,0
IZLRHDP6P_3374-2119-3886-2631,0,0,0,0,0,0,1,0,0
IZLRHDP6P_3374-2631-3886-3143,0,0,0,0,0,0,1,0,0
IZLRHDP6P_3374-5191-3886-5703,0,0,0,0,0,0,1,0,0
IZLRHDP6P_3886-5703-4398-6215,0,0,0,0,0,0,1,0,0
IZLRHDP6P_3886-5191-4398-5703,0,0,0,0,0,0,1,0,0
IZLRHDP6P_3886-6215-4398-6727,0,0,0,0,0,0,1,0,0
IZLRHDP6P_4398-2119-4910-2631,0,0,0,0,0,0,1,0,0
IZLRHDP6P_4227-1942-4739-2454,0,0,0,0,0,0,1,0,0
IZLRHDP6P_4910-7751-5422-8263,0,0,0,0,0,0,1,0,0
IZLRHDP6P_4910-2119-5422-2631,0,0,0,0,0,0,1,0,0
IZLRHDP6P_5251-1942-5763-2454,0,0,0,0,0,0,1,0,0
IZLRHDP6P_5422-2119-5934-2631,0,0,0,0,0,0,1,0,0
IZLRHDP6P_4910-6727-5422-7239,0,0,0,0,0,0,1,0,0
IZLRHDP6P_4398-6727-4910-7239,0,0,0,0,0,0,1,0,0
IZLRHDP6P_5422-7239-5934-7751,0,0,0,0,0,0,1,0,0
IZLRHDP6P_4739-1942-5251-2454,0,0,0,0,0,0,1,0,0
IZLRHDP6P_5422-7751-5934-8263,0,0,0,0,0,0,1,0,0
IZLRHDP6P_4398-6215-4910-6727,0,0,0,0,0,0,1,0,0
IZLRHDP6P_4910-8263-5422-8775,0,0,0,0,0,0,1,0,0
IZLRHDP6P_4910-7239-5422-7751,0,0,0,0,0,0,1,0,0
IZLRHDP6P_5763-1942-6275-2454,0,0,0,0,0,0,1,0,0
IZLRHDP6P_5763-2454-6275-2966,0,0,0,0,0,0,1,0,0
IZLRHDP6P_6275-2454-6787-2966,0,0,0,0,0,0,1,0,0
IZLRHDP6P_6787-2454-7299-2966,0,0,0,0,0,0,1,0,0
IZLRHDP6P_814-583-1326-1095,0,0,0,0,0,0,1,0,0
J16UF9JI2_15931-6340-16443-6852,1,0,0,0,0,0,0,0,0
IZLRHDP6P_8323-2966-8835-3478,0,0,0,0,0,0,1,0,0
J16UF9JI2_15931-6852-16443-7364,1,0,0,0,0,0,0,0,0
IZLRHDP6P_9859-2966-10371-3478,0,0,0,0,0,0,1,0,0
J16UF9JI2_16355-6279-16867-6791,1,0,0,0,0,0,0,0,0
IZLRHDP6P_8835-2966-9347-3478,0,0,0,0,0,0,1,0,0
IZLRHDP6P_9347-2966-9859-3478,0,0,0,0,0,0,1,0,0
J16UF9JI2_16826-6177-17338-6689,1,0,0,0,0,0,0,0,0
J16UF9JI2_16355-6791-16867-7303,1,0,0,0,0,0,0,0,0
IZLRHDP6P_7811-2966-8323-3478,0,0,0,0,0,0,1,0,0
IZLRHDP6P_7299-2966-7811-3478,0,0,0,0,0,0,1,0,0
IZLRHDP6P_7299-2454-7811-2966,0,0,0,0,0,0,1,0,0
J16UF9JI2_16826-6689-17338-7201,1,0,0,0,0,0,0,0,0
J16UF9JI2_17227-5893-17739-6405,1,0,0,0,0,0,0,0,0
J16UF9JI2_17227-6405-17739-6917,1,0,0,0,0,0,0,0,0
J1H3P1LDC_1357-7495-1869-8007,0,1,0,0,0,0,0,0,0
J1H3P1LDC_1946-8103-2458-8615,0,0,0,0,0,0,0,0,1
J1H3P1LDC_2516-5612-3028-6124,0,1,0,0,0,0,0,0,0
J1H3P1LDC_3576-5204-4088-5716,0,1,0,0,0,0,0,0,0
J1H3P1LDC_3028-5612-3540-6124,0,1,0,0,0,0,0,0,0
J1H3P1LDC_3152-4976-3664-5488,0,1,0,0,0,0,0,0,0
J1H3P1LDC_4088-5716-4600-6228,0,1,0,0,0,0,0,0,0
J1H3P1LDC_2620-6047-3132-6559,0,0,0,0,0,0,0,0,1
J1H3P1LDC_4023-6924-4535-7436,0,0,0,0,0,0,0,0,1
J1H3P1LDC_2869-5267-3381-5779,0,1,0,0,0,0,0,0,0
J1H3P1LDC_3927-6157-4439-6669,0,1,0,0,0,0,0,0,0
J1H3P1LDC_2826-7196-3338-7708,0,0,0,0,0,0,0,0,1
J1H3P1LDC_3436-5793-3948-6305,0,1,0,0,0,0,0,0,1
J1H3P1LDC_3415-6157-3927-6669,0,1,0,0,0,0,0,0,1
J1H3P1LDC_4204-3358-4716-3870,0,1,0,0,0,0,0,0,0
J1H3P1LDC_4220-2694-4732-3206,0,0,0,0,0,0,0,0,1
J1H3P1LDC_757-6973-1269-7485,0,1,0,0,0,0,0,0,0
J2FN2Z9MI_2674-4850-3186-5362,0,0,0,0,0,1,0,0,0
J2FN2Z9MI_4047-8142-4559-8654,0,0,0,0,0,1,0,0,0
J2FN2Z9MI_4893-8150-5405-8662,0,0,0,0,0,1,0,0,0
J2J2E6UE9_1905-1047-2417-1559,0,1,0,0,0,0,0,0,0
J2FN2Z9MI_5405-8150-5917-8662,0,0,0,0,0,1,0,0,0
J2J2E6UE9_1571-1594-2083-2106,0,1,0,0,0,0,0,0,0
J2J2E6UE9_1059-2106-1571-2618,0,1,0,0,0,0,0,0,0
J2J2E6UE9_2083-1594-2595-2106,0,1,0,0,0,0,0,0,0
J2FN2Z9MI_5731-3837-6243-4349,0,0,0,0,0,1,0,0,0
J2J2E6UE9_1059-3130-1571-3642,0,1,0,0,0,0,0,0,0
J2J2E6UE9_1059-2618-1571-3130,0,1,0,0,0,0,0,0,0
J2J2E6UE9_1571-3130-2083-3642,0,1,0,0,0,0,0,0,0
J2J2E6UE9_1393-1047-1905-1559,0,1,0,0,0,0,0,0,0
J2J2E6UE9_1995-632-2507-1144,0,1,0,0,0,0,0,0,0
J2J2E6UE9_2083-2618-2595-3130,0,1,0,0,0,0,0,0,0
J2J2E6UE9_2595-1594-3107-2106,0,1,0,0,0,0,0,0,0
J2J2E6UE9_2083-3130-2595-3642,0,1,0,0,0,0,0,0,0
J2J2E6UE9_2595-2106-3107-2618,0,1,0,0,0,0,0,0,0
J2J2E6UE9_2595-2618-3107-3130,0,1,0,0,0,0,0,0,0
J2J2E6UE9_6068-4540-6580-5052,0,1,0,0,0,0,0,0,0
J2J2E6UE9_6636-3510-7148-4022,0,1,0,0,0,0,0,0,0
J2J2E6UE9_6866-423-7378-935,0,1,0,0,0,0,0,0,0
J392BQF6Z_1710-5429-2222-5941,0,0,0,0,0,0,1,0,0
J392BQF6Z_1710-4917-2222-5429,0,0,0,0,0,0,1,0,0
J3A872DCA_2519-3291-3031-3803,0,0,0,0,0,1,0,0,0
J392BQF6Z_5583-6901-6095-7413,0,0,0,0,0,0,1,0,0
J392BQF6Z_5583-6389-6095-6901,0,0,0,0,0,0,1,0,0
J392BQF6Z_1198-4405-1710-4917,0,0,0,0,0,0,1,0,0
J392BQF6Z_1198-4917-1710-5429,0,0,0,0,0,0,1,0,0
J392BQF6Z_6095-6389-6607-6901,0,0,0,0,0,0,1,0,0
J392BQF6Z_6095-5877-6607-6389,0,0,0,0,0,0,1,0,0
J392BQF6Z_6095-5365-6607-5877,0,0,0,0,0,0,1,0,0
J3HIDEB3G_1661-3712-2173-4224,0,0,0,0,0,0,1,0,0
J3A872DCA_537-3506-1049-4018,0,0,0,0,0,1,0,0,0
J3HIDEB3G_1661-4224-2173-4736,0,0,0,0,0,0,1,0,0
J3HIDEB3G_1987-1976-2499-2488,0,0,0,0,0,0,1,0,0
J4IXXECHN_1074-3640-1586-4152,0,0,1,0,0,0,0,0,0
J3HIDEB3G_2499-1976-3011-2488,0,0,0,0,0,0,1,0,0
J4IXXECHN_1147-3053-1659-3565,0,0,1,0,0,0,0,0,0
J4IXXECHN_2327-1502-2839-2014,0,0,1,0,0,0,0,0,0
J4IXXECHN_2433-819-2945-1331,0,0,1,0,0,0,0,0,0
J4IXXECHN_1963-4314-2475-4826,0,0,1,0,0,0,0,0,0
J4IXXECHN_1437-4401-1949-4913,0,0,1,0,0,0,0,0,0
J4IXXECHN_2019-4604-2531-5116,0,0,1,0,0,0,0,0,0
J4IXXECHN_2079-2117-2591-2629,0,0,1,0,0,0,0,0,0
J4IXXECHN_1248-4559-1760-5071,0,0,1,0,0,0,0,0,0
J4IXXECHN_1760-4559-2272-5071,0,0,1,0,0,0,0,0,0
J4IXXECHN_2319-4391-2831-4903,0,0,1,0,0,0,0,0,0
J4IXXECHN_2305-2016-2817-2528,0,0,1,0,0,0,0,0,0
J4IXXECHN_1894-2331-2406-2843,0,0,1,0,0,0,0,0,0
J4IXXECHN_808-2573-1320-3085,0,0,1,0,0,0,0,0,0
J4IXXECHN_754-2319-1266-2831,0,0,1,0,0,0,0,0,0
J4IXXECHN_2441-1281-2953-1793,0,0,1,0,0,0,0,0,0
J4IXXECHN_964-2746-1476-3258,0,0,1,0,0,0,0,0,0
J4IXXECHN_890-3453-1402-3965,0,0,1,0,0,0,0,0,0
J4IXXECHN_925-4401-1437-4913,0,0,1,0,0,0,0,0,0
J4IXXECHN_964-4660-1476-5172,0,0,1,0,0,0,0,0,0
J4KVX69E1_214-401-726-913,0,0,0,0,0,1,0,0,0
J4LXU3PCV_1881-820-2393-1332,0,0,1,0,0,0,0,0,0
J4LXU3PCV_1369-308-1881-820,0,0,1,0,0,0,0,0,0
J4KVX69E1_2733-10562-3245-11074,0,0,0,0,0,1,0,0,0
J4LXU3PCV_1369-1332-1881-1844,0,0,1,0,0,0,0,0,0
J4KVX69E1_1972-517-2484-1029,0,0,0,0,0,1,0,0,0
J4KVX69E1_3023-10481-3535-10993,0,0,0,0,0,1,0,0,0
J4KVX69E1_2816-515-3328-1027,0,0,0,0,0,1,0,0,0
J4KVX69E1_1495-517-2007-1029,0,0,0,0,0,1,0,0,0
J4LXU3PCV_1881-308-2393-820,0,0,1,0,0,0,0,0,0
J4LXU3PCV_345-1332-857-1844,0,0,1,0,0,0,0,0,0
J4LXU3PCV_345-820-857-1332,0,0,1,0,0,0,0,0,0
J4LXU3PCV_857-820-1369-1332,0,0,1,0,0,0,0,0,0
J4LXU3PCV_857-1332-1369-1844,0,0,1,0,0,0,0,0,0
J4RQGR18T_3152-1292-3664-1804,0,0,1,0,0,0,0,0,0
J4RQGR18T_3739-1312-4251-1824,0,0,1,0,0,0,0,0,0
J4RQGR18T_3904-581-4416-1093,0,0,1,0,0,0,0,0,0
J4RQGR18T_3739-800-4251-1312,0,0,1,0,0,0,0,0,0
J4RQGR18T_4251-800-4763-1312,0,0,1,0,0,0,0,0,0
J4RQGR18T_4763-1312-5275-1824,0,0,1,0,0,0,0,0,0
J4RQGR18T_4416-581-4928-1093,0,0,1,0,0,0,0,0,0
J4RQGR18T_4251-1312-4763-1824,0,0,1,0,0,0,0,0,0
J4RQGR18T_5275-1824-5787-2336,0,0,1,0,0,0,0,0,0
J4RQGR18T_4763-800-5275-1312,0,0,1,0,0,0,0,0,0
J4RQGR18T_4763-2336-5275-2848,0,0,1,0,0,0,0,0,0
J4RQGR18T_5105-3637-5617-4149,0,0,1,0,0,0,0,0,0
J4RQGR18T_4763-2848-5275-3360,0,0,1,0,0,0,0,0,0
J4RQGR18T_4763-1824-5275-2336,0,0,1,0,0,0,0,0,0
J4RQGR18T_5275-2336-5787-2848,0,0,1,0,0,0,0,0,0
J4RQGR18T_5275-3360-5787-3872,0,0,1,0,0,0,0,0,0
J4RQGR18T_5617-3637-6129-4149,0,0,1,0,0,0,0,0,0
J4RQGR18T_5275-2848-5787-3360,0,0,1,0,0,0,0,0,0
J4RQGR18T_6185-4111-6697-4623,0,0,1,0,0,0,0,0,0
J4RQGR18T_9841-1135-10353-1647,0,0,1,0,0,0,0,0,0
J4RQGR18T_740-1972-1252-2484,0,0,1,0,0,0,0,0,0
J4RQGR18T_5673-4111-6185-4623,0,0,1,0,0,0,0,0,0
J4RQGR18T_9841-1647-10353-2159,0,0,1,0,0,0,0,0,0
J67M313AF_2861-2694-3373-3206,0,0,0,0,0,1,0,0,0
J67M313AF_3670-5185-4182-5697,0,0,0,0,0,1,0,0,0
J67M313AF_3158-5185-3670-5697,0,0,0,0,0,1,0,0,0
J67M313AF_1052-403-1564-915,0,0,0,0,0,1,0,0,0
J67M313AF_394-355-906-867,0,0,0,0,0,1,0,0,0
J67M313AF_298-1730-810-2242,0,0,0,0,0,1,0,0,0
J67M313AF_5204-5301-5716-5813,0,0,0,0,0,1,0,0,0
J67M313AF_979-1821-1491-2333,0,0,0,0,0,1,0,0,0
J67M313AF_5181-477-5693-989,0,0,0,0,0,1,0,0,0
J6MTDIKBW_1315-3344-1827-3856,0,0,1,0,0,0,0,0,0
J6MTDIKBW_1049-432-1561-944,0,0,0,0,0,1,0,0,0
J6MTDIKBW_1439-2794-1951-3306,0,0,1,0,0,0,0,0,0
J6MTDIKBW_1435-4392-1947-4904,0,0,1,0,0,0,0,0,0
J6MTDIKBW_1476-264-1988-776,0,0,1,0,0,1,0,0,0
J6MTDIKBW_1777-2888-2289-3400,0,0,1,0,0,0,0,0,0
J6MTDIKBW_1505-4889-2017-5401,0,0,1,0,0,1,0,0,0
J6MTDIKBW_1445-4073-1957-4585,0,0,1,0,0,0,0,0,0
J6MTDIKBW_1864-4149-2376-4661,0,0,1,0,0,0,0,0,0
J6MTDIKBW_1830-3230-2342-3742,0,0,1,0,0,0,0,0,0
J6MTDIKBW_1961-1352-2473-1864,0,0,1,0,0,0,0,0,0
J6MTDIKBW_2000-5009-2512-5521,0,0,1,0,0,1,0,0,0
J6MTDIKBW_1961-328-2473-840,0,0,1,0,0,1,0,0,0
J6MTDIKBW_212-323-724-835,0,0,0,0,0,1,0,0,0
J6MTDIKBW_2075-2404-2587-2916,0,0,1,0,0,0,0,0,0
J6MTDIKBW_2070-1724-2582-2236,0,0,1,0,0,0,0,0,0
J6MTDIKBW_2109-3157-2621-3669,0,0,1,0,0,0,0,0,0
J6MTDIKBW_2072-643-2584-1155,0,0,1,0,0,1,0,0,0
J6MTDIKBW_2313-1493-2825-2005,0,0,1,0,0,0,0,0,0
J6MTDIKBW_2225-5115-2737-5627,0,0,1,0,0,1,0,0,0
J6MTDIKBW_2297-474-2809-986,0,0,1,0,0,1,0,0,0
J6MTDIKBW_2570-1757-3082-2269,0,0,1,0,0,0,0,0,0
J6MTDIKBW_314-3636-826-4148,0,0,0,0,0,1,0,0,0
J6MTDIKBW_323-1106-835-1618,0,0,0,0,0,1,0,0,0
J6MTDIKBW_323-1618-835-2130,0,0,0,0,0,1,0,0,0
J6MTDIKBW_314-4148-826-4660,0,0,0,0,0,1,0,0,0
J6MTDIKBW_351-3344-863-3856,0,0,0,0,0,1,0,0,0
J6MTDIKBW_351-2320-863-2832,0,0,0,0,0,1,0,0,0
J6MTDIKBW_351-2832-863-3344,0,0,0,0,0,1,0,0,0
J6X9NAPG4_2558-5505-3070-6017,0,0,0,0,0,1,0,0,0
J6MTDIKBW_402-4959-914-5471,0,0,0,0,0,1,0,0,0
J6MTDIKBW_346-1984-858-2496,0,0,0,0,0,1,0,0,0
J6MTDIKBW_537-432-1049-944,0,0,0,0,0,1,0,0,0
J6X9NAPG4_243-304-755-816,0,0,0,0,0,1,0,0,0
J6MTDIKBW_889-3630-1401-4142,0,0,1,0,0,1,0,0,0
J6MTDIKBW_803-3344-1315-3856,0,0,1,0,0,1,0,0,0
J6X9NAPG4_2871-5697-3383-6209,0,0,0,0,0,1,0,0,0
J6X9NAPG4_2786-5307-3298-5819,0,0,0,0,0,1,0,0,0
J6X9NAPG4_2786-4795-3298-5307,0,0,0,0,0,1,0,0,0
J6X9NAPG4_3407-3989-3919-4501,0,0,0,0,0,1,0,0,0
J6X9NAPG4_430-4844-942-5356,0,0,0,0,0,1,0,0,0
J6X9NAPG4_3407-4501-3919-5013,0,0,0,0,0,1,0,0,0
J6X9NAPG4_3691-4738-4203-5250,0,0,0,0,0,1,0,0,0
J7JDTYZ8X_12111-796-12623-1308,0,0,0,0,0,0,0,0,1
J7JDTYZ8X_12216-567-12728-1079,0,0,0,0,0,0,0,0,1
J7JDTYZ8X_12360-1691-12872-2203,0,0,0,0,0,0,0,0,1
J7JDTYZ8X_1277-15949-1789-16461,0,0,0,0,0,0,0,0,1
J7JDTYZ8X_1365-15703-1877-16215,0,0,0,0,0,0,0,0,1
J7JDTYZ8X_15639-11818-16151-12330,0,0,0,0,0,0,0,0,1
J7JDTYZ8X_14486-10282-14998-10794,0,0,0,0,0,0,0,0,1
J7JDTYZ8X_14848-11478-15360-11990,0,0,0,0,0,0,0,0,1
J7JDTYZ8X_15515-16314-16027-16826,0,0,0,0,0,0,0,0,1
J7JDTYZ8X_14959-11700-15471-12212,0,0,0,0,0,0,0,0,1
J7JDTYZ8X_2488-11259-3000-11771,0,0,0,0,0,0,0,0,1
J7JDTYZ8X_4513-720-5025-1232,0,0,0,0,0,0,0,0,1
J7JDTYZ8X_4863-722-5375-1234,0,0,0,0,0,0,0,0,1
J7JDTYZ8X_5349-8533-5861-9045,0,0,0,0,0,0,0,0,1
J7JDTYZ8X_6473-16053-6985-16565,0,0,0,0,0,0,0,0,1
J7JDTYZ8X_797-8033-1309-8545,0,0,0,0,0,0,0,0,1
J7JDTYZ8X_6968-1623-7480-2135,0,0,0,0,0,0,0,0,1
J7JDTYZ8X_7912-8444-8424-8956,0,0,0,0,0,0,0,0,1
J7JDTYZ8X_684-16010-1196-16522,0,0,0,0,0,0,0,0,1
J817UQYZZ_10160-511-10672-1023,0,0,0,0,0,1,0,0,0
J7JDTYZ8X_9226-5195-9738-5707,0,0,0,0,0,0,0,0,1
J7JDTYZ8X_9751-516-10263-1028,0,0,0,0,0,0,0,0,1
J817UQYZZ_10523-669-11035-1181,0,0,0,0,0,1,0,0,0
J7JDTYZ8X_997-532-1509-1044,0,0,0,0,0,0,0,0,1
J7JDTYZ8X_829-11075-1341-11587,0,0,0,0,0,0,0,0,1
J817UQYZZ_11184-511-11696-1023,0,0,0,0,0,1,0,0,0
J817UQYZZ_11095-6833-11607-7345,0,0,0,0,0,1,0,0,1
J817UQYZZ_11405-7017-11917-7529,0,0,0,0,0,1,0,0,1
J817UQYZZ_11478-6014-11990-6526,0,0,0,0,0,1,0,0,0
J817UQYZZ_2904-1402-3416-1914,0,0,0,0,0,1,0,0,0
J817UQYZZ_1519-2654-2031-3166,0,0,0,0,0,1,0,0,0
J817UQYZZ_2633-1439-3145-1951,0,0,0,0,0,1,0,0,0
J817UQYZZ_2947-2945-3459-3457,0,0,0,0,0,1,0,0,0
J817UQYZZ_3294-7169-3806-7681,0,0,0,0,0,1,0,0,0
J817UQYZZ_3487-4472-3999-4984,0,0,0,0,0,1,0,0,0
J817UQYZZ_3099-7493-3611-8005,0,0,0,0,0,1,0,0,0
J817UQYZZ_3515-1389-4027-1901,0,0,0,0,0,1,0,0,0
J817UQYZZ_5178-6848-5690-7360,0,0,0,0,0,1,0,0,0
J817UQYZZ_9397-6949-9909-7461,0,0,0,0,0,1,0,0,0
J817UQYZZ_7802-6819-8314-7331,0,0,0,0,0,1,0,0,0
J817UQYZZ_7704-7184-8216-7696,0,0,0,0,0,1,0,0,0
J8XMNNEBP_1588-4890-2100-5402,0,0,0,1,0,0,0,0,0
J817UQYZZ_9648-511-10160-1023,0,0,0,0,0,1,0,0,0
J817UQYZZ_9577-4726-10089-5238,0,0,0,0,0,1,0,0,0
J8XMNNEBP_1588-5402-2100-5914,0,0,0,1,0,0,0,0,0
J8XMNNEBP_1602-4288-2114-4800,0,0,0,1,0,0,0,0,0
J8XMNNEBP_2015-4577-2527-5089,0,0,0,1,0,0,0,0,0
J8XMNNEBP_2015-4065-2527-4577,0,0,0,1,0,0,0,0,0
J8XMNNEBP_1788-1406-2300-1918,0,0,0,1,0,0,0,0,0
J8XMNNEBP_1788-894-2300-1406,0,0,0,1,0,0,0,0,0
J8XMNNEBP_2015-5089-2527-5601,0,0,0,1,0,0,0,0,0
J8XMNNEBP_2413-5228-2925-5740,0,0,0,1,0,0,0,0,0
J8XMNNEBP_2413-4716-2925-5228,0,0,0,1,0,0,0,0,0
J8XMNNEBP_2653-4528-3165-5040,0,0,0,1,0,0,0,0,0
J8XMNNEBP_2653-5040-3165-5552,0,0,0,1,0,0,0,0,0
J8XMNNEBP_2676-2864-3188-3376,0,0,0,1,0,0,0,0,0
J8XMNNEBP_2912-2232-3424-2744,0,0,0,1,0,0,0,0,0
J8XMNNEBP_2653-5552-3165-6064,0,0,0,1,0,0,0,0,0
J8XMNNEBP_2676-2352-3188-2864,0,0,0,1,0,0,0,0,0
J8XMNNEBP_2912-2744-3424-3256,0,0,0,1,0,0,0,0,0
J8Z2LZCY1_3382-4880-3894-5392,0,0,0,0,0,0,1,0,0
J8XMNNEBP_2912-3256-3424-3768,0,0,0,1,0,0,0,0,0
J8Z2LZCY1_3557-5592-4069-6104,0,0,0,0,0,0,1,0,0
J8Z2LZCY1_3894-4880-4406-5392,0,0,0,0,0,0,1,0,0
J8Z2LZCY1_4113-4001-4625-4513,0,0,0,0,0,0,1,0,0
J8Z2LZCY1_3899-6036-4411-6548,0,0,0,0,0,0,1,0,0
J9ENNT1WF_2307-2155-2819-2667,1,0,0,0,0,0,0,0,0
J8Z2LZCY1_4113-3489-4625-4001,0,0,0,0,0,0,1,0,0
J9ENNT1WF_2413-1225-2925-1737,1,0,0,0,0,0,0,0,0
J9ENNT1WF_2307-2667-2819-3179,1,0,0,0,0,0,0,0,0
J9PK1M3HW_1062-4831-1574-5343,0,0,1,0,0,0,0,0,0
J9ENNT1WF_4039-382-4551-894,1,0,0,0,0,0,0,0,0
J9ENNT1WF_2407-868-2919-1380,1,0,0,0,0,0,0,0,0
J9ENNT1WF_2413-1737-2925-2249,1,0,0,0,0,0,0,0,0
J9PK1M3HW_1049-2923-1561-3435,0,0,1,0,0,0,0,0,0
J9PK1M3HW_1198-3409-1710-3921,0,0,1,0,0,0,0,0,0
J9PK1M3HW_1165-6104-1677-6616,0,0,1,0,0,0,0,0,0
J9PK1M3HW_1217-5591-1729-6103,0,0,1,0,0,0,0,0,0
J9PK1M3HW_1091-4548-1603-5060,0,0,1,0,0,0,0,0,0
J9PK1M3HW_1225-2175-1737-2687,0,0,1,0,0,0,0,0,0
J9PK1M3HW_1252-1644-1764-2156,0,0,1,0,0,0,0,0,0
J9PK1M3HW_1920-7697-2432-8209,0,0,1,0,0,0,0,0,0
J9PK1M3HW_2017-8013-2529-8525,0,0,1,0,0,0,0,0,0
J9PK1M3HW_1398-4475-1910-4987,0,0,1,0,0,0,0,0,0
J9PK1M3HW_1485-8045-1997-8557,0,0,1,0,0,0,0,0,0
J9PK1M3HW_1804-6212-2316-6724,0,0,1,0,0,0,0,0,0
J9PK1M3HW_2714-7222-3226-7734,0,0,1,0,0,0,0,0,0
J9PK1M3HW_2786-4868-3298-5380,0,0,1,0,0,0,0,0,0
J9PK1M3HW_2502-7666-3014-8178,0,0,1,0,0,0,0,0,0
J9PK1M3HW_2353-2935-2865-3447,0,0,1,0,0,0,0,0,0
J9PK1M3HW_3014-6130-3526-6642,0,0,1,0,0,0,0,0,0
J9PK1M3HW_3014-7666-3526-8178,0,0,1,0,0,0,0,0,0
J9PK1M3HW_2432-8209-2944-8721,0,0,1,0,0,0,0,0,0
J9PK1M3HW_3014-8178-3526-8690,0,0,1,0,0,0,0,0,0
J9PK1M3HW_2042-6708-2554-7220,0,0,1,0,0,0,0,0,0
J9PK1M3HW_3014-6642-3526-7154,0,0,1,0,0,0,0,0,0
J9PK1M3HW_3117-7050-3629-7562,0,0,1,0,0,0,0,0,0
J9PK1M3HW_3196-6414-3708-6926,0,0,1,0,0,0,0,0,0
J9PK1M3HW_3526-6130-4038-6642,0,0,1,0,0,0,0,0,0
J9PK1M3HW_3526-6642-4038-7154,0,0,1,0,0,0,0,0,0
J9PK1M3HW_3526-7154-4038-7666,0,0,1,0,0,0,0,0,0
J9PK1M3HW_3291-7938-3803-8450,0,0,1,0,0,0,0,0,0
J9PK1M3HW_3769-7661-4281-8173,0,0,1,0,0,0,0,0,0
J9PK1M3HW_3526-8178-4038-8690,0,0,1,0,0,0,0,0,0
J9PK1M3HW_4038-8178-4550-8690,0,0,1,0,0,0,0,0,0
J9PK1M3HW_4140-5723-4652-6235,0,0,1,0,0,0,0,0,0
J9PK1M3HW_3823-2240-4335-2752,0,0,1,0,0,0,0,0,0
J9PK1M3HW_4038-6130-4550-6642,0,0,1,0,0,0,0,0,0
J9PK1M3HW_4038-6642-4550-7154,0,0,1,0,0,0,0,0,0
J9PK1M3HW_4038-7154-4550-7666,0,0,1,0,0,0,0,0,0
J9PK1M3HW_4255-6461-4767-6973,0,0,1,0,0,0,0,0,0
J9PK1M3HW_4195-7823-4707-8335,0,0,1,0,0,0,0,0,0
J9PK1M3HW_4303-3787-4815-4299,0,0,1,0,0,0,0,0,0
J9PK1M3HW_4204-4930-4716-5442,0,0,1,0,0,0,0,0,0
J9PK1M3HW_4384-5557-4896-6069,0,0,1,0,0,0,0,0,0
J9PK1M3HW_4372-2935-4884-3447,0,0,1,0,0,0,0,0,0
J9PK1M3HW_4390-5120-4902-5632,0,0,1,0,0,0,0,0,0
J9PK1M3HW_4428-2394-4940-2906,0,0,1,0,0,0,0,0,0
J9PK1M3HW_4518-2717-5030-3229,0,0,1,0,0,0,0,0,0
J9PK1M3HW_4523-1146-5035-1658,0,0,1,0,0,0,0,0,0
J9PK1M3HW_4508-4388-5020-4900,0,0,1,0,0,0,0,0,0
J9PK1M3HW_4550-6130-5062-6642,0,0,1,0,0,0,0,0,0
J9PK1M3HW_4550-7154-5062-7666,0,0,1,0,0,0,0,0,0
J9PK1M3HW_637-6094-1149-6606,0,0,1,0,0,0,0,0,0
J9PK1M3HW_4569-4809-5081-5321,0,0,1,0,0,0,0,0,0
J9PK1M3HW_4550-7666-5062-8178,0,0,1,0,0,0,0,0,0
J9PK1M3HW_4550-8178-5062-8690,0,0,1,0,0,0,0,0,0
J9PK1M3HW_4550-6642-5062-7154,0,0,1,0,0,0,0,0,0
J9PK1M3HW_4577-3990-5089-4502,0,0,1,0,0,0,0,0,0
J9PK1M3HW_656-8022-1168-8534,0,0,1,0,0,0,0,0,0
J9PK1M3HW_4562-5362-5074-5874,0,0,1,0,0,0,0,0,0
J9PK1M3HW_761-4726-1273-5238,0,0,1,0,0,0,0,0,0
J9PK1M3HW_848-5119-1360-5631,0,0,1,0,0,0,0,0,0
J9PK1M3HW_838-1966-1350-2478,0,0,1,0,0,0,0,0,0
J9PK1M3HW_848-5631-1360-6143,0,0,1,0,0,0,0,0,0
J9PK1M3HW_900-1627-1412-2139,0,0,1,0,0,0,0,0,0
J9PK1M3HW_932-2626-1444-3138,0,0,1,0,0,0,0,0,0
J9PK1M3HW_902-4399-1414-4911,0,0,1,0,0,0,0,0,0
J9PK1M3HW_904-4004-1416-4516,0,0,1,0,0,0,0,0,0
J9PK1M3HW_932-3138-1444-3650,0,0,1,0,0,0,0,0,0
J9PK1M3HW_942-2235-1454-2747,0,0,1,0,0,0,0,0,0
J9PK1M3HW_952-853-1464-1365,0,0,1,0,0,0,0,0,0
JAY2MCPJW_2319-3407-2831-3919,0,0,0,1,0,0,0,0,0
JAY2MCPJW_2319-3919-2831-4431,0,0,0,1,0,0,0,0,0
JAY2MCPJW_2831-3407-3343-3919,0,0,0,1,0,0,0,0,0
JAY2MCPJW_1807-3407-2319-3919,0,0,0,1,0,0,0,0,0
JAY2MCPJW_1807-3919-2319-4431,0,0,0,1,0,0,0,0,0
JAY2MCPJW_1769-3051-2281-3563,0,0,0,1,0,0,0,0,0
JAY2MCPJW_2831-3919-3343-4431,0,0,0,1,0,0,0,0,0
JAY2MCPJW_3126-5513-3638-6025,0,0,0,1,0,0,0,0,0
JAY2MCPJW_3343-3407-3855-3919,0,0,0,1,0,0,0,0,0
JAY2MCPJW_3258-2714-3770-3226,0,0,0,1,0,0,0,0,0
JBUXHWQL8_10014-699-10526-1211,0,0,0,0,0,1,0,0,0
JAY2MCPJW_3855-3919-4367-4431,0,0,0,1,0,0,0,0,0
JAY2MCPJW_4231-4026-4743-4538,0,0,0,1,0,0,0,0,0
JAY2MCPJW_4031-4312-4543-4824,0,0,0,1,0,0,0,0,0
JAY2MCPJW_3343-3919-3855-4431,0,0,0,1,0,0,0,0,0
JBUXHWQL8_1007-8762-1519-9274,0,0,0,0,0,1,0,0,0
JBUXHWQL8_10115-5696-10627-6208,0,0,0,0,0,1,0,0,0
JBUXHWQL8_10160-2800-10672-3312,0,0,0,0,0,1,0,0,0
JBUXHWQL8_1091-7985-1603-8497,0,0,0,0,0,1,0,0,0
JBUXHWQL8_10526-699-11038-1211,0,0,0,0,0,1,0,0,0
JBUXHWQL8_10324-5326-10836-5838,0,0,0,0,0,1,0,0,0
JBUXHWQL8_1091-8497-1603-9009,0,0,0,0,0,1,0,0,0
JBUXHWQL8_10324-5838-10836-6350,0,0,0,0,0,1,0,0,0
JBUXHWQL8_10836-5326-11348-5838,0,0,0,0,0,1,0,0,0
JBUXHWQL8_1118-7679-1630-8191,0,0,0,0,0,1,0,0,0
JBUXHWQL8_11234-2881-11746-3393,0,0,0,0,0,1,0,0,0
JBUXHWQL8_11348-5326-11860-5838,0,0,0,0,0,1,0,0,0
JBUXHWQL8_11636-2762-12148-3274,0,0,0,0,0,1,0,0,0
JBUXHWQL8_12107-2237-12619-2749,0,0,0,0,0,1,0,0,0
JBUXHWQL8_12062-960-12574-1472,0,0,0,0,0,1,0,0,0
JBUXHWQL8_12148-2762-12660-3274,0,0,0,0,0,1,0,0,0
JBUXHWQL8_12107-1725-12619-2237,0,0,0,0,0,1,0,0,0
JBUXHWQL8_12524-752-13036-1264,0,0,0,0,0,1,0,0,0
JBUXHWQL8_1442-7199-1954-7711,0,0,0,0,0,1,0,0,0
JBUXHWQL8_15098-2201-15610-2713,0,0,0,0,0,1,0,0,0
JBUXHWQL8_15392-895-15904-1407,0,0,0,0,0,1,0,0,0
JBUXHWQL8_15183-1886-15695-2398,0,0,0,0,0,1,0,0,0
JBUXHWQL8_1954-7199-2466-7711,0,0,0,0,0,1,0,0,0
JBUXHWQL8_15130-2551-15642-3063,0,0,0,0,0,1,0,0,0
JBUXHWQL8_15340-1233-15852-1745,0,0,0,0,0,1,0,0,0
JBUXHWQL8_2466-7199-2978-7711,0,0,0,0,0,1,0,0,0
JBUXHWQL8_3148-6797-3660-7309,0,0,0,0,0,1,0,0,0
JBUXHWQL8_3660-6797-4172-7309,0,0,0,0,0,1,0,0,0
JBUXHWQL8_3006-8156-3518-8668,0,0,0,0,0,1,0,0,0
JBUXHWQL8_4208-3378-4720-3890,0,0,0,0,0,1,0,0,0
JBUXHWQL8_3660-7309-4172-7821,0,0,0,0,0,1,0,0,0
JBUXHWQL8_4458-4252-4970-4764,0,0,0,0,0,1,0,0,0
JBUXHWQL8_4259-3867-4771-4379,0,0,0,0,0,1,0,0,0
JBUXHWQL8_4587-2312-5099-2824,0,0,0,0,0,1,0,0,0
JBUXHWQL8_4372-4786-4884-5298,0,0,0,0,0,1,0,0,0
JBUXHWQL8_4615-4508-5127-5020,0,0,0,0,0,1,0,0,0
JBUXHWQL8_5578-3454-6090-3966,0,0,0,0,0,1,0,0,0
JBUXHWQL8_5134-6883-5646-7395,0,0,0,0,0,1,0,0,0
JBUXHWQL8_5191-2941-5703-3453,0,0,0,0,0,1,0,0,0
JBUXHWQL8_5646-6883-6158-7395,0,0,0,0,0,1,0,0,0
JBUXHWQL8_4901-2634-5413-3146,0,0,0,0,0,1,0,0,0
JBUXHWQL8_5737-3677-6249-4189,0,0,0,0,0,1,0,0,0
JBUXHWQL8_6158-6371-6670-6883,0,0,0,0,0,1,0,0,0
JBUXHWQL8_5134-7395-5646-7907,0,0,0,0,0,1,0,0,0
JBUXHWQL8_7161-2997-7673-3509,0,0,0,0,0,1,0,0,0
JBUXHWQL8_7182-5859-7694-6371,0,0,0,0,0,1,0,0,0
JBUXHWQL8_6670-5859-7182-6371,0,0,0,0,0,1,0,0,0
JBUXHWQL8_7465-3431-7977-3943,0,0,0,0,0,1,0,0,0
JBUXHWQL8_7689-963-8201-1475,0,0,0,0,0,1,0,0,0
JBUXHWQL8_8669-1507-9181-2019,0,0,0,0,0,1,0,0,0
JBUXHWQL8_8719-2255-9231-2767,0,0,0,0,0,1,0,0,0
JBUXHWQL8_8663-1873-9175-2385,0,0,0,0,0,1,0,0,0
JBUXHWQL8_7694-5859-8206-6371,0,0,0,0,0,1,0,0,0
JBUXHWQL8_9300-5838-9812-6350,0,0,0,0,0,1,0,0,0
JBUXHWQL8_8961-878-9473-1390,0,0,0,0,0,1,0,0,0
JBUXHWQL8_9300-6350-9812-6862,0,0,0,0,0,1,0,0,0
JBUXHWQL8_9812-5838-10324-6350,0,0,0,0,0,1,0,0,0
JBUXHWQL8_9300-5326-9812-5838,0,0,0,0,0,1,0,0,0
JBUXHWQL8_8807-1152-9319-1664,0,0,0,0,0,1,0,0,0
JBUXHWQL8_9289-712-9801-1224,0,0,0,0,0,1,0,0,0
JCHQBRVZN_10624-8372-11136-8884,0,0,0,0,0,0,0,0,1
JBUXHWQL8_9812-5326-10324-5838,0,0,0,0,0,1,0,0,0
JCQYLM8Q8_2435-1513-2947-2025,0,0,1,0,0,0,0,0,0
JCQYLM8Q8_1053-1546-1565-2058,0,0,1,0,0,0,0,0,0
JCHQBRVZN_839-8074-1351-8586,0,0,0,0,0,0,0,0,1
JCQYLM8Q8_1923-1513-2435-2025,0,0,1,0,0,0,0,0,0
JCQYLM8Q8_2947-1513-3459-2025,0,0,1,0,0,0,0,0,0
JCQYLM8Q8_4236-1621-4748-2133,0,0,1,0,0,0,0,0,0
JCQYLM8Q8_3971-1513-4483-2025,0,0,1,0,0,0,0,0,0
JCQYLM8Q8_3459-1513-3971-2025,0,0,1,0,0,0,0,0,0
JCQYLM8Q8_4236-2133-4748-2645,0,0,1,0,0,0,0,0,0
JCVIPGTTH_1006-4641-1518-5153,1,0,0,0,0,0,0,0,0
JCVIPGTTH_1303-3900-1815-4412,1,0,0,0,0,0,0,0,0
JCVIPGTTH_2155-4226-2667-4738,1,0,0,0,0,0,0,0,0
JCVIPGTTH_1427-4513-1939-5025,1,0,0,0,0,0,0,0,0
JCVIPGTTH_1427-5025-1939-5537,1,0,0,0,0,0,0,0,0
JCVIPGTTH_2115-5783-2627-6295,1,0,0,0,0,0,0,0,0
JCVIPGTTH_2155-3714-2667-4226,1,0,0,0,0,0,0,0,0
JCQYLM8Q8_678-1680-1190-2192,0,0,1,0,0,0,0,0,0
JCVIPGTTH_1723-4319-2235-4831,1,0,0,0,0,0,0,0,0
JCVIPGTTH_3126-4575-3638-5087,1,0,0,0,0,0,0,0,0
JCVIPGTTH_3126-4063-3638-4575,1,0,0,0,0,0,0,0,0
JCVIPGTTH_2374-6125-2886-6637,1,0,0,0,0,0,0,0,0
JCVIPGTTH_2155-4738-2667-5250,1,0,0,0,0,0,0,0,0
JCVIPGTTH_3467-6035-3979-6547,1,0,0,0,0,0,0,0,0
JCVIPGTTH_3976-6032-4488-6544,1,0,0,0,0,0,0,0,0
JCVIPGTTH_3976-5008-4488-5520,1,0,0,0,0,0,0,0,0
JCVIPGTTH_3638-4575-4150-5087,1,0,0,0,0,0,0,0,0
JCVIPGTTH_3979-5523-4491-6035,1,0,0,0,0,0,0,0,0
JCVIPGTTH_4488-5520-5000-6032,1,0,0,0,0,0,0,0,0
JCYE3U2UL_7305-1873-7817-2385,0,0,0,0,0,0,1,0,0
JCVIPGTTH_4488-6032-5000-6544,1,0,0,0,0,0,0,0,0
JCYE3U2UL_8329-849-8841-1361,0,0,0,0,0,0,1,0,0
JCVIPGTTH_5000-6032-5512-6544,1,0,0,0,0,0,0,0,0
JDYF18DFY_189-5046-701-5558,0,0,0,0,0,1,0,0,0
JCYE3U2UL_7305-2385-7817-2897,0,0,0,0,0,0,1,0,0
JDYF18DFY_3275-4855-3787-5367,0,0,0,0,0,1,0,0,0
JCYE3U2UL_7817-1361-8329-1873,0,0,0,0,0,0,1,0,0
JF3Q148XN_10639-519-11151-1031,0,0,0,0,0,1,0,0,0
JF3Q148XN_10319-8952-10831-9464,0,0,0,0,0,1,0,0,0
JDYF18DFY_4391-4930-4903-5442,0,0,0,0,0,1,0,0,0
JF3Q148XN_11061-9272-11573-9784,0,0,0,0,0,1,0,0,0
JF3Q148XN_11254-680-11766-1192,0,0,0,0,0,1,0,0,0
JF3Q148XN_11221-2059-11733-2571,0,0,0,0,0,1,0,0,0
JF3Q148XN_1437-11089-1949-11601,0,0,0,0,0,1,0,0,0
JF3Q148XN_1196-1607-1708-2119,0,0,0,0,0,1,0,0,0
JF3Q148XN_1437-11601-1949-12113,0,0,0,0,0,1,0,0,0
JF3Q148XN_1441-13369-1953-13881,0,0,0,0,0,1,0,0,0
JF3Q148XN_1437-12113-1949-12625,0,0,0,0,0,1,0,0,0
JF3Q148XN_1493-15654-2005-16166,0,0,0,0,0,1,0,0,0
JF3Q148XN_1441-12857-1953-13369,0,0,0,0,0,1,0,0,0
JF3Q148XN_1441-13881-1953-14393,0,0,0,0,0,1,0,0,0
JF3Q148XN_1637-15294-2149-15806,0,0,0,0,0,1,0,0,0
JF3Q148XN_1441-14393-1953-14905,0,0,0,0,0,1,0,0,0
JF3Q148XN_2093-1506-2605-2018,0,0,0,0,0,1,0,0,0
JF3Q148XN_2277-3402-2789-3914,0,0,0,0,0,1,0,0,0
JF3Q148XN_3097-15312-3609-15824,0,0,0,0,0,1,0,0,0
JF3Q148XN_3009-4467-3521-4979,0,0,0,0,0,1,0,0,0
JF3Q148XN_2585-15312-3097-15824,0,0,0,0,0,1,0,0,0
JF3Q148XN_2726-7410-3238-7922,0,0,1,0,0,0,0,0,0
JF3Q148XN_3253-1404-3765-1916,0,0,0,0,0,1,0,0,0
JF3Q148XN_3162-7434-3674-7946,0,0,1,0,0,0,0,0,0
JF3Q148XN_3426-1209-3938-1721,0,0,0,0,0,1,0,0,0
JF3Q148XN_3426-4716-3938-5228,0,0,0,0,0,1,0,0,0
JF3Q148XN_3968-856-4480-1368,0,0,0,0,0,1,0,0,0
JF3Q148XN_4195-13877-4707-14389,0,0,0,0,0,1,0,0,0
JF3Q148XN_4197-7051-4709-7563,0,0,0,0,0,1,0,0,0
JF3Q148XN_4480-856-4992-1368,0,0,0,0,0,1,0,0,0
JF3Q148XN_4376-15286-4888-15798,0,0,0,0,0,1,0,0,0
JF3Q148XN_4173-3048-4685-3560,0,0,0,0,0,1,0,0,0
JF3Q148XN_3864-15286-4376-15798,0,0,0,0,0,1,0,0,0
JF3Q148XN_4707-13877-5219-14389,0,0,0,0,0,1,0,0,0
JF3Q148XN_4903-13267-5415-13779,0,0,0,0,0,1,0,0,0
JF3Q148XN_4932-15286-5444-15798,0,0,0,0,0,1,0,0,0
JF3Q148XN_4761-3470-5273-3982,0,0,0,0,0,1,0,0,0
JF3Q148XN_5028-1591-5540-2103,0,0,0,0,0,1,0,0,0
JF3Q148XN_5142-15704-5654-16216,0,0,0,0,0,1,0,0,0
JF3Q148XN_5219-688-5731-1200,0,0,0,0,0,1,0,0,0
JF3Q148XN_5354-1329-5866-1841,0,0,0,0,0,1,0,0,0
JF3Q148XN_5347-9310-5859-9822,0,0,0,0,0,1,0,0,0
JF3Q148XN_5427-1088-5939-1600,0,0,0,0,0,1,0,0,0
JF3Q148XN_5442-8992-5954-9504,0,0,0,0,0,1,0,0,0
JF3Q148XN_5587-836-6099-1348,0,0,0,0,0,1,0,0,0
JF3Q148XN_5771-1411-6283-1923,0,0,0,0,0,1,0,0,0
JF3Q148XN_5674-15637-6186-16149,0,0,0,0,0,1,0,0,0
JF3Q148XN_5859-9310-6371-9822,0,0,0,0,0,1,0,0,0
JF3Q148XN_5939-1088-6451-1600,0,0,0,0,0,1,0,0,0
JF3Q148XN_5444-15286-5956-15798,0,0,0,0,0,1,0,0,0
JF3Q148XN_6198-915-6710-1427,0,0,0,0,0,1,0,0,0
JF3Q148XN_6468-1111-6980-1623,0,0,0,0,0,1,0,0,0
JF3Q148XN_6505-5801-7017-6313,0,0,0,0,0,1,0,0,0
JF3Q148XN_6283-1411-6795-1923,0,0,0,0,0,1,0,0,0
JF3Q148XN_6548-6371-7060-6883,0,0,0,0,0,1,0,0,0
JF3Q148XN_6386-632-6898-1144,0,0,0,0,0,1,0,0,0
JF3Q148XN_6898-632-7410-1144,0,0,0,0,0,1,0,0,0
JF3Q148XN_6374-8951-6886-9463,0,0,0,0,0,1,0,0,0
JF3Q148XN_6944-1407-7456-1919,0,0,0,0,0,1,0,0,0
JF3Q148XN_7098-6113-7610-6625,0,0,1,0,0,0,0,0,0
JF3Q148XN_7456-1407-7968-1919,0,0,0,0,0,1,0,0,0
JF3Q148XN_7129-7145-7641-7657,0,0,1,0,0,0,0,0,0
JF3Q148XN_7542-6017-8054-6529,0,0,1,0,0,0,0,0,0
JF3Q148XN_8044-6082-8556-6594,0,0,1,0,0,0,0,0,0
JF3Q148XN_7693-6404-8205-6916,0,0,1,0,0,0,0,0,0
JF3Q148XN_7466-5285-7978-5797,0,0,1,0,0,0,0,0,0
JF3Q148XN_7942-6607-8454-7119,0,0,1,0,0,0,0,0,0
JF3Q148XN_7986-1178-8498-1690,0,0,0,0,0,1,0,0,0
JF3Q148XN_8226-2320-8738-2832,0,0,0,0,0,1,0,0,0
JF3Q148XN_9207-843-9719-1355,0,0,0,0,0,1,0,0,0
JF3Q148XN_9128-2320-9640-2832,0,0,0,0,0,1,0,0,0
JF3Q148XN_8324-1474-8836-1986,0,0,0,0,0,1,0,0,0
JF3Q148XN_846-5784-1358-6296,0,0,0,0,0,1,0,0,0
JF3Q148XN_8977-1095-9489-1607,0,0,0,0,0,1,0,0,0
JF3Q148XN_8249-2048-8761-2560,0,0,0,0,0,1,0,0,0
JF3Q148XN_9247-2057-9759-2569,0,0,0,0,0,1,0,0,0
JF3Q148XN_9445-589-9957-1101,0,0,0,0,0,1,0,0,0
JF3Q148XN_9302-8954-9814-9466,0,0,0,0,0,1,0,0,0
JF3Q148XN_9626-1335-10138-1847,0,0,0,0,0,1,0,0,0
JF3Q148XN_974-15417-1486-15929,0,0,0,0,0,1,0,0,0
JF3Q148XN_9861-676-10373-1188,0,0,0,0,0,1,0,0,0
JF3Q148XN_995-1274-1507-1786,0,0,0,0,0,1,0,0,0
JF3Q148XN_9766-1963-10278-2475,0,0,0,0,0,1,0,0,0
JI72EYP3V_11811-1850-12323-2362,0,0,1,0,1,0,0,0,0
JF3Q148XN_9954-2218-10466-2730,0,0,0,0,0,1,0,0,0
JI72EYP3V_10365-2394-10877-2906,0,0,1,0,0,0,0,0,0
JI72EYP3V_11240-852-11752-1364,0,0,0,0,1,0,0,0,0
JI72EYP3V_12008-1524-12520-2036,0,0,0,0,1,0,0,0,0
JI72EYP3V_12558-13038-13070-13550,0,0,0,0,1,0,0,0,0
JI72EYP3V_12356-972-12868-1484,0,0,0,0,1,1,0,0,0
JI72EYP3V_12864-982-13376-1494,0,0,0,0,1,1,0,0,0
JI72EYP3V_12632-869-13144-1381,0,0,0,0,1,1,0,0,0
JI72EYP3V_12233-13005-12745-13517,0,0,0,0,1,1,0,0,0
JI72EYP3V_12120-869-12632-1381,0,0,0,0,1,1,0,0,0
JI72EYP3V_13144-869-13656-1381,0,0,0,0,1,1,0,0,0
JI72EYP3V_13170-13035-13682-13547,0,0,0,0,1,0,0,0,0
JI72EYP3V_13729-13046-14241-13558,0,0,0,0,1,1,0,0,0
JI72EYP3V_13375-979-13887-1491,0,0,0,0,1,1,0,0,0
JI72EYP3V_14770-822-15282-1334,0,0,0,0,1,1,0,0,0
JI72EYP3V_14258-822-14770-1334,0,0,0,0,1,1,0,0,0
JI72EYP3V_14509-977-15021-1489,0,0,0,0,1,1,0,0,0
JI72EYP3V_14561-13041-15073-13553,0,0,0,0,1,1,0,0,0
JI72EYP3V_13878-981-14390-1493,0,0,0,0,1,1,0,0,0
JI72EYP3V_14335-8741-14847-9253,0,0,0,0,0,0,0,0,1
JI72EYP3V_14241-13046-14753-13558,0,0,0,0,1,1,0,0,0
JI72EYP3V_16103-13082-16615-13594,0,0,0,0,1,0,0,0,0
JI72EYP3V_15088-834-15600-1346,0,0,0,0,1,1,0,0,0
JI72EYP3V_15331-12951-15843-13463,0,0,0,0,1,1,0,0,0
JI72EYP3V_16158-860-16670-1372,0,0,0,0,1,0,0,0,0
JI72EYP3V_15600-834-16112-1346,0,0,0,0,1,0,0,0,0
JI72EYP3V_15591-13082-16103-13594,0,0,0,0,1,1,0,0,0
JI72EYP3V_15073-13041-15585-13553,0,0,0,0,1,1,0,0,0
JI72EYP3V_16670-860-17182-1372,0,0,0,0,1,0,0,0,0
JI72EYP3V_16469-13083-16981-13595,0,0,0,0,1,0,0,0,0
JI72EYP3V_17182-860-17694-1372,0,0,0,0,1,0,0,0,0
JI72EYP3V_17673-862-18185-1374,0,0,0,0,1,0,0,0,0
JI72EYP3V_18686-790-19198-1302,0,0,0,0,1,0,0,0,0
JI72EYP3V_18607-13031-19119-13543,0,0,0,0,1,0,0,0,0
JI72EYP3V_18095-13031-18607-13543,0,0,0,0,1,0,0,0,0
JI72EYP3V_18185-862-18697-1374,0,0,0,0,1,0,0,0,0
JI72EYP3V_19367-8400-19879-8912,0,0,0,0,0,0,0,0,1
JI72EYP3V_19617-13048-20129-13560,0,0,0,0,1,0,0,0,0
JI72EYP3V_19198-790-19710-1302,0,0,0,0,1,0,0,0,0
JI72EYP3V_19695-827-20207-1339,0,0,0,0,1,0,0,0,0
JI72EYP3V_21013-13024-21525-13536,0,0,0,0,1,0,0,0,0
JI72EYP3V_20129-13048-20641-13560,0,0,0,0,1,0,0,0,0
JI72EYP3V_21198-816-21710-1328,0,0,0,0,1,0,0,0,0
JI72EYP3V_20525-6041-21037-6553,0,0,0,0,1,0,0,0,0
JI72EYP3V_20768-821-21280-1333,0,0,0,0,1,1,0,0,0
JI72EYP3V_20207-827-20719-1339,0,0,0,0,1,0,0,0,0
JI72EYP3V_21710-816-22222-1328,0,0,0,0,1,0,0,0,0
JI72EYP3V_21624-13026-22136-13538,0,0,0,0,1,0,0,0,0
JI72EYP3V_22055-809-22567-1321,0,0,0,0,1,0,0,0,0
JI72EYP3V_22136-13026-22648-13538,0,0,0,0,1,0,0,0,0
JI72EYP3V_9579-652-10091-1164,0,0,1,0,0,0,0,0,0
JI72EYP3V_770-2536-1282-3048,0,0,0,0,0,1,0,0,0
JIMEI4DP4_4192-2937-4704-3449,0,0,0,0,0,0,1,0,0
JI72EYP3V_22629-799-23141-1311,0,0,0,0,1,0,0,0,0
JI72EYP3V_22839-7745-23351-8257,0,0,0,0,0,1,0,0,0
JI72EYP3V_2946-2273-3458-2785,0,0,0,0,1,0,0,0,0
JI72EYP3V_2599-1206-3111-1718,0,0,0,0,1,0,0,0,0
JIMEI4DP4_6452-2810-6964-3322,0,0,0,0,0,0,1,0,0
JIRGBCCB1_257-721-769-1233,0,0,1,0,0,0,0,0,0
JIMEI4DP4_6316-2205-6828-2717,0,0,0,0,0,0,1,0,0
JIMEI4DP4_6452-3322-6964-3834,0,0,0,0,0,0,1,0,0
JIMEI4DP4_7187-5672-7699-6184,0,0,0,0,0,0,1,0,0
JIRGBCCB1_692-824-1204-1336,0,0,1,0,0,1,0,0,0
JIRGBCCB1_558-1378-1070-1890,0,0,1,0,0,1,0,0,0
JIRGBCCB1_747-263-1259-775,0,0,1,0,0,0,0,0,0
JIRGBCCB1_889-455-1401-967,0,0,1,0,0,0,0,0,0
JITKAXKIE_413-4582-925-5094,0,0,1,0,0,0,0,0,0
JITKAXKIE_4433-841-4945-1353,0,0,1,0,0,0,0,0,0
JITKAXKIE_453-5036-965-5548,0,0,1,0,0,0,0,0,0
JJ2LQRUJL_10716-1329-11228-1841,0,0,0,0,1,0,0,0,0
JJ2LQRUJL_10314-2050-10826-2562,0,0,0,0,1,0,0,0,0
JJ2LQRUJL_4813-7830-5325-8342,0,0,0,0,1,0,0,0,0
JJ2LQRUJL_10047-2772-10559-3284,0,0,0,0,1,0,0,0,0
JITKAXKIE_529-4794-1041-5306,0,0,1,0,0,0,0,0,0
JJ2LQRUJL_5112-7106-5624-7618,0,0,0,0,1,0,0,0,0
JJ2LQRUJL_6764-4936-7276-5448,0,0,0,0,1,0,0,0,0
JJ2LQRUJL_5784-6367-6296-6879,0,0,0,0,1,0,0,0,0
JJ2LQRUJL_6403-5653-6915-6165,0,0,0,0,1,0,0,0,0
JJ2LQRUJL_779-1705-1291-2217,0,0,0,0,1,0,0,0,0
JJ2LQRUJL_732-2416-1244-2928,0,0,0,0,1,0,0,0,0
JJ2LQRUJL_7276-4936-7788-5448,0,0,0,0,1,0,0,0,0
JJ2LQRUJL_7364-4207-7876-4719,0,0,0,0,1,0,0,0,0
JJ2LQRUJL_7876-4207-8388-4719,0,0,0,0,1,0,0,0,0
JJ2LQRUJL_780-990-1292-1502,0,0,0,0,1,0,0,0,0
JJ2LQRUJL_800-3124-1312-3636,0,0,0,0,1,0,0,0,0
JJ2LQRUJL_790-4554-1302-5066,0,0,0,0,1,0,0,0,0
JJ2LQRUJL_9791-3534-10303-4046,0,0,0,0,1,0,0,0,0
JJ2LQRUJL_811-3853-1323-4365,0,0,0,0,1,0,0,0,0
JJ2LQRUJL_821-5280-1333-5792,0,0,0,0,1,0,0,0,0
JJ2LQRUJL_849-7449-1361-7961,0,0,0,0,1,0,0,0,0
JJ2LQRUJL_9279-3534-9791-4046,0,0,0,0,1,0,0,0,0
JJ2LQRUJL_856-6003-1368-6515,0,0,0,0,1,0,0,0,0
JJ7XAXWH4_4458-3620-4970-4132,0,0,0,1,0,0,0,0,0
JJ7XAXWH4_4970-3620-5482-4132,0,0,0,1,0,0,0,0,0
JJ7XAXWH4_4458-4132-4970-4644,0,0,0,1,0,0,0,0,0
JKAV13DXT_3965-831-4477-1343,0,0,0,0,0,0,1,0,0
JJ7XAXWH4_4981-3942-5493-4454,0,0,0,1,0,0,0,0,0
JKAV13DXT_3453-1343-3965-1855,0,0,0,0,0,0,1,0,0
JKAV13DXT_3453-831-3965-1343,0,0,0,0,0,0,1,0,0
JKAV13DXT_4315-460-4827-972,0,0,0,0,0,0,1,0,0
JKAV13DXT_5377-3927-5889-4439,0,0,0,0,0,0,1,0,0
JKAV13DXT_5889-3927-6401-4439,0,0,0,0,0,0,1,0,0
JKAV13DXT_6913-3415-7425-3927,0,0,0,0,0,0,1,0,0
JKAV13DXT_7425-3415-7937-3927,0,0,0,0,0,0,1,0,0
JKAV13DXT_6401-3927-6913-4439,0,0,0,0,0,0,1,0,0
JKBRP4912_655-2603-1167-3115,0,0,0,1,0,0,0,0,0
JKBRP4912_1337-2130-1849-2642,0,0,0,1,0,0,0,0,0
JKAV13DXT_6913-3927-7425-4439,0,0,0,0,0,0,1,0,0
JNBVWBWB6_1006-2407-1518-2919,0,1,0,0,0,0,0,0,0
JNBVWBWB6_1129-3542-1641-4054,0,1,0,0,0,0,0,0,0
JNBVWBWB6_1792-2253-2304-2765,0,1,0,0,0,0,0,0,0
JNBVWBWB6_4068-2173-4580-2685,0,1,0,0,0,0,0,0,0
JNBVWBWB6_3154-1755-3666-2267,0,1,0,0,0,0,0,0,0
JNBVWBWB6_3633-1966-4145-2478,0,1,0,0,0,0,0,0,0
JNBVWBWB6_2226-1340-2738-1852,0,1,0,0,0,0,0,0,0
JNBVWBWB6_2304-2253-2816-2765,0,1,0,0,0,0,0,0,0
JNBVWBWB6_1280-2253-1792-2765,0,1,0,0,0,0,0,0,0
JNBVWBWB6_4174-2401-4686-2913,0,1,0,0,0,0,0,0,0
JNBVWBWB6_4174-2913-4686-3425,0,1,0,0,0,0,0,0,0
JNBVWBWB6_4686-2401-5198-2913,0,1,0,0,0,0,0,0,0
JNBVWBWB6_5831-1098-6343-1610,0,1,0,0,0,0,0,0,0
JNBVWBWB6_5865-1551-6377-2063,0,1,0,0,0,0,0,0,0
JNBVWBWB6_5950-1952-6462-2464,0,1,0,0,0,0,0,0,0
JNBVWBWB6_5438-2976-5950-3488,0,1,0,0,0,0,0,0,0
JNBVWBWB6_5438-2464-5950-2976,0,1,0,0,0,0,0,0,0
JNBVWBWB6_4686-2913-5198-3425,0,1,0,0,0,0,0,0,0
JNBVWBWB6_5753-800-6265-1312,0,1,0,0,0,0,0,0,0
JNBVWBWB6_5950-2976-6462-3488,0,1,0,0,0,0,0,0,0
JNBVWBWB6_6141-1366-6653-1878,0,1,0,0,0,0,0,0,0
JNBVWBWB6_6974-1952-7486-2464,0,1,0,0,0,0,0,0,0
JNBVWBWB6_6653-1366-7165-1878,0,1,0,0,0,0,0,0,0
JNBVWBWB6_6974-2464-7486-2976,0,1,0,0,0,0,0,0,0
JNBVWBWB6_6462-1952-6974-2464,0,1,0,0,0,0,0,0,0
JNBVWBWB6_6974-2976-7486-3488,0,1,0,0,0,0,0,0,0
JNBVWBWB6_6462-2976-6974-3488,0,1,0,0,0,0,0,0,0
JNBVWBWB6_6974-3488-7486-4000,0,1,0,0,0,0,0,0,0
JNBVWBWB6_7377-3487-7889-3999,0,1,0,0,0,0,0,0,0
JNBVWBWB6_7464-1820-7976-2332,0,1,0,0,0,0,0,0,0
JNBVWBWB6_7998-2464-8510-2976,0,1,0,0,0,0,0,0,0
JNBVWBWB6_7486-2464-7998-2976,0,1,0,0,0,0,0,0,0
JNBVWBWB6_7998-1952-8510-2464,0,1,0,0,0,0,0,0,0
JNBVWBWB6_7998-3488-8510-4000,0,1,0,0,0,0,0,0,0
JNBVWBWB6_7998-2976-8510-3488,0,1,0,0,0,0,0,0,0
JNBVWBWB6_7486-2976-7998-3488,0,1,0,0,0,0,0,0,0
JNBVWBWB6_8510-3488-9022-4000,0,1,0,0,0,0,0,0,0
JNBVWBWB6_8510-2976-9022-3488,0,1,0,0,0,0,0,0,0
JNBVWBWB6_8510-2464-9022-2976,0,1,0,0,0,0,0,0,0
JNBVWBWB6_8442-1585-8954-2097,0,1,0,0,0,0,0,0,0
JNBVWBWB6_8784-2641-9296-3153,0,1,0,0,0,0,0,0,0
JNBVWBWB6_9166-2422-9678-2934,0,1,0,0,0,0,0,0,0
JNBVWBWB6_8954-1585-9466-2097,0,1,0,0,0,0,0,0,0
JNBVWBWB6_919-1487-1431-1999,0,1,0,0,0,0,0,0,0
JNBVWBWB6_8954-1073-9466-1585,0,1,0,0,0,0,0,0,0
JNBVWBWB6_9275-3461-9787-3973,0,1,0,0,0,0,0,0,0
JNBVWBWB6_9372-1756-9884-2268,0,1,0,0,0,0,0,0,0
JNBVWBWB6_9466-1073-9978-1585,0,1,0,0,0,0,0,0,0
JNBVWBWB6_9551-2635-10063-3147,0,1,0,0,0,0,0,0,0
JNBVWBWB6_9573-2943-10085-3455,0,1,0,0,0,0,0,0,0
JNBVWBWB6_9818-1788-10330-2300,0,1,0,0,0,0,0,0,0
JNBVWBWB6_9517-1941-10029-2453,0,1,0,0,0,0,0,0,0
JNBVWBWB6_970-1958-1482-2470,0,1,0,0,0,0,0,0,0
JNV1LU89G_2133-781-2645-1293,0,0,0,1,0,0,0,0,0
JPGAD7HZP_2036-5799-2548-6311,0,1,0,0,0,0,0,0,0
JQ3IIMYWU_1037-3109-1549-3621,0,1,0,0,0,0,0,0,0
JQ3IIMYWU_1132-4442-1644-4954,0,1,0,0,0,0,0,0,0
JPGAD7HZP_3203-8517-3715-9029,0,1,0,0,0,0,0,0,0
JPGAD7HZP_797-1559-1309-2071,0,1,0,0,0,0,0,0,0
JQ3IIMYWU_1045-3410-1557-3922,0,1,0,0,0,0,0,0,0
JPGAD7HZP_3715-8517-4227-9029,0,1,0,0,0,0,0,0,0
JQ3IIMYWU_1404-1048-1916-1560,0,1,0,0,0,0,0,0,0
JQ3IIMYWU_1076-3854-1588-4366,0,1,0,0,0,0,0,0,0
JQ3IIMYWU_1420-3924-1932-4436,0,1,0,0,0,0,0,0,0
JQ3IIMYWU_1442-4472-1954-4984,0,1,0,0,0,0,0,0,0
JQ3IIMYWU_1427-2395-1939-2907,0,1,0,0,0,0,0,0,0
JQ3IIMYWU_2693-3932-3205-4444,0,1,0,0,0,0,0,0,0
JQ3IIMYWU_2247-4239-2759-4751,0,1,0,0,0,0,0,0,0
JQ3IIMYWU_1464-1766-1976-2278,0,1,0,0,0,0,0,0,0
JQ3IIMYWU_2510-4365-3022-4877,0,1,0,0,0,0,0,0,0
JQ3IIMYWU_1737-4379-2249-4891,0,1,0,0,0,0,0,0,0
JQ3IIMYWU_2759-4239-3271-4751,0,1,0,0,0,0,0,0,0
JQ3IIMYWU_4073-1000-4585-1512,0,1,0,0,0,0,0,0,0
JQ3IIMYWU_4373-2085-4885-2597,0,1,0,0,0,0,0,0,0
JQ3IIMYWU_4287-2329-4799-2841,0,1,0,0,0,0,0,0,0
JQ3IIMYWU_4373-1573-4885-2085,0,1,0,0,0,0,0,0,0
JQ3IIMYWU_4287-2841-4799-3353,0,1,0,0,0,0,0,0,0
JQ3IIMYWU_4799-2841-5311-3353,0,1,0,0,0,0,0,0,0
JQ3IIMYWU_3849-1155-4361-1667,0,1,0,0,0,0,0,0,0
JQ3IIMYWU_4799-3353-5311-3865,0,1,0,0,0,0,0,0,0
JQ3IIMYWU_3561-1000-4073-1512,0,1,0,0,0,0,0,0,0
JQ3IIMYWU_4885-1573-5397-2085,0,1,0,0,0,0,0,0,0
JQ3IIMYWU_4885-1061-5397-1573,0,1,0,0,0,0,0,0,0
JQ3IIMYWU_5116-3562-5628-4074,0,1,0,0,0,0,0,0,0
JQ3IIMYWU_5366-3723-5878-4235,0,1,0,0,0,0,0,0,0
JQ3IIMYWU_5628-3562-6140-4074,0,1,0,0,0,0,0,0,0
JQ3IIMYWU_5666-3269-6178-3781,0,1,0,0,0,0,0,0,0
JQ3IIMYWU_5154-3269-5666-3781,0,1,0,0,0,0,0,0,0
JQ3IIMYWU_5291-623-5803-1135,0,1,0,0,0,0,0,0,0
JQ3IIMYWU_5714-827-6226-1339,0,1,0,0,0,0,0,0,0
JQ3IIMYWU_6690-3269-7202-3781,0,1,0,0,0,0,0,0,0
JQ3IIMYWU_6320-3415-6832-3927,0,1,0,0,0,0,0,0,0
JQ3IIMYWU_6226-827-6738-1339,0,1,0,0,0,0,0,0,0
JQ3IIMYWU_6394-3882-6906-4394,0,1,0,0,0,0,0,0,0
JQ3IIMYWU_5732-3843-6244-4355,0,1,0,0,0,0,0,0,0
JQ3IIMYWU_5826-4444-6338-4956,0,1,0,0,0,0,0,0,0
JQ3IIMYWU_6092-3679-6604-4191,0,1,0,0,0,0,0,0,0
JQ3IIMYWU_6738-827-7250-1339,0,1,0,0,0,0,0,0,0
JQ3IIMYWU_6349-1296-6861-1808,0,1,0,0,0,0,0,0,0
JQ3IIMYWU_700-1923-1212-2435,0,1,0,0,0,0,0,0,0
JQ3IIMYWU_6847-3706-7359-4218,0,1,0,0,0,0,0,0,0
JQ3IIMYWU_7146-3058-7658-3570,0,1,0,0,0,0,0,0,0
JQ3IIMYWU_758-2887-1270-3399,0,1,0,0,0,0,0,0,0
JQ3IIMYWU_7250-827-7762-1339,0,1,0,0,0,0,0,0,0
JQ3IIMYWU_7510-2757-8022-3269,0,1,0,0,0,0,0,0,0
JQ3IIMYWU_740-2334-1252-2846,0,1,0,0,0,0,0,0,0
JQ3IIMYWU_7246-1538-7758-2050,0,1,0,0,0,0,0,0,0
JQ3IIMYWU_7663-637-8175-1149,0,1,0,0,0,0,0,0,0
JQ3IIMYWU_8177-4146-8689-4658,0,1,0,0,0,0,0,0,0
JQ3IIMYWU_820-871-1332-1383,0,1,0,0,0,0,0,0,0
JQ3IIMYWU_820-1383-1332-1895,0,1,0,0,0,0,0,0,0
JQ3IIMYWU_955-3638-1467-4150,0,1,0,0,0,0,0,0,0
JQ3IIMYWU_916-4317-1428-4829,0,1,0,0,0,0,0,0,0
JQ3IIMYWU_980-1634-1492-2146,0,1,0,0,0,0,0,0,0
JQ3IIMYWU_8408-3973-8920-4485,0,1,0,0,0,0,0,0,0
JQ3IIMYWU_7923-2518-8435-3030,0,1,0,0,0,0,0,0,0
JQPPLYDA2_1142-700-1654-1212,0,0,0,0,1,0,0,0,0
JQPPLYDA2_1641-630-2153-1142,0,0,0,0,1,0,0,0,0
JRALMMAL2_1091-8777-1603-9289,1,0,0,0,0,0,0,0,0
JRALMMAL2_1106-12100-1618-12612,1,0,0,0,0,0,0,0,0
JRALMMAL2_1131-9409-1643-9921,1,0,0,0,0,0,0,0,0
JRALMMAL2_1284-8957-1796-9469,1,0,0,0,0,0,0,0,0
JRALMMAL2_1265-8553-1777-9065,1,0,0,0,0,0,0,0,0
JRALMMAL2_1526-9491-2038-10003,1,0,0,0,0,0,0,0,0
JRALMMAL2_1237-9695-1749-10207,1,0,0,0,0,0,0,0,0
JRJ43GRJR_2991-2691-3503-3203,0,0,1,0,0,0,0,0,0
JRALMMAL2_387-11679-899-12191,1,0,0,0,0,0,0,0,0
JRJ43GRJR_3503-2691-4015-3203,0,0,1,0,0,0,0,0,0
JRALMMAL2_4287-7186-4799-7698,1,0,0,0,0,0,0,0,0
JRALMMAL2_1612-8530-2124-9042,1,0,0,0,0,0,0,0,0
JRALMMAL2_898-9239-1410-9751,1,0,0,0,0,0,0,0,0
JRJ43GRJR_1032-2118-1544-2630,0,0,1,0,0,0,0,0,0
JRALMMAL2_2053-8460-2565-8972,1,0,0,0,0,0,0,0,0
JRALMMAL2_455-9049-967-9561,1,0,0,0,0,0,0,0,0
JRJ43GRJR_1544-2118-2056-2630,0,0,1,0,0,0,0,0,0
JRJ43GRJR_4234-3010-4746-3522,0,0,1,0,0,0,0,0,0
JRJ43GRJR_4136-2460-4648-2972,0,0,1,0,0,0,0,0,0
JRJ43GRJR_3788-2855-4300-3367,0,0,1,0,0,0,0,0,0
JRJ43GRJR_5873-3549-6385-4061,0,0,1,0,0,0,0,0,0
JRJ43GRJR_6350-3239-6862-3751,0,0,1,0,0,0,0,0,0
JRWPNXPIC_11190-758-11702-1270,0,0,0,0,1,0,0,0,0
JRWPNXPIC_10769-784-11281-1296,0,0,0,0,1,0,0,0,0
JRJ43GRJR_968-1848-1480-2360,0,0,1,0,0,0,0,0,0
JRWPNXPIC_12891-698-13403-1210,0,0,0,0,1,0,0,0,0
JRWPNXPIC_4131-2910-4643-3422,0,0,0,0,1,0,0,0,0
JRWPNXPIC_12982-10804-13494-11316,0,0,0,0,1,0,0,0,0
JRWPNXPIC_13431-10269-13943-10781,0,0,0,0,1,0,0,0,0
JRWPNXPIC_11605-735-12117-1247,0,0,0,0,1,0,0,0,0
JRWPNXPIC_13754-672-14266-1184,0,0,0,0,1,0,0,0,0
JRWPNXPIC_12468-728-12980-1240,0,0,0,0,1,0,0,0,0
JRWPNXPIC_13867-9706-14379-10218,0,0,0,0,1,0,0,0,0
JRWPNXPIC_4643-2910-5155-3422,0,0,0,0,1,0,0,0,0
JRWPNXPIC_12031-730-12543-1242,0,0,0,0,1,0,0,0,0
JRWPNXPIC_8608-2921-9120-3433,0,0,0,0,1,0,0,0,0
JRWPNXPIC_6930-2922-7442-3434,0,0,0,0,1,0,0,0,0
JRWPNXPIC_9885-2922-10397-3434,0,0,0,0,1,0,0,0,0
JRWPNXPIC_9468-2943-9980-3455,0,0,0,0,1,0,0,0,0
JRWPNXPIC_5235-2918-5747-3430,0,0,0,0,1,0,0,0,0
JT8KL2CCJ_10003-5645-10515-6157,1,0,0,0,0,0,0,0,0
JRWPNXPIC_9051-2943-9563-3455,0,0,0,0,1,0,0,0,0
JT8KL2CCJ_10003-6157-10515-6669,1,0,0,0,0,0,0,0,0
JT8KL2CCJ_10458-1032-10970-1544,1,0,0,0,0,0,0,0,0
JT8KL2CCJ_10501-7500-11013-8012,1,0,0,0,0,0,0,0,0
JT8KL2CCJ_11013-6988-11525-7500,1,0,0,0,0,0,0,0,0
JT8KL2CCJ_10501-6988-11013-7500,1,0,0,0,0,0,0,0,0
JT8KL2CCJ_1768-4198-2280-4710,1,0,0,0,0,0,0,0,0
JT8KL2CCJ_11013-8012-11525-8524,1,0,0,0,0,0,0,0,0
JT8KL2CCJ_1768-3174-2280-3686,1,0,0,0,0,0,0,0,0
JT8KL2CCJ_11013-7500-11525-8012,1,0,0,0,0,0,0,0,0
JT8KL2CCJ_1768-3686-2280-4198,1,0,0,0,0,0,0,0,0
JT8KL2CCJ_10896-1246-11408-1758,1,0,0,0,0,0,0,0,0
JT8KL2CCJ_1768-5222-2280-5734,1,0,0,0,0,0,0,0,0
JT8KL2CCJ_1768-4710-2280-5222,1,0,0,0,0,0,0,0,0
JT8KL2CCJ_1768-6246-2280-6758,1,0,0,0,0,0,0,0,0
JT8KL2CCJ_1768-5734-2280-6246,1,0,0,0,0,0,0,0,0
JT8KL2CCJ_1768-6758-2280-7270,1,0,0,0,0,0,0,0,0
JT8KL2CCJ_1768-7270-2280-7782,1,0,0,0,0,0,0,0,0
JT8KL2CCJ_1768-7782-2280-8294,1,0,0,0,0,0,0,0,0
JT8KL2CCJ_2280-3174-2792-3686,1,0,0,0,0,0,0,0,0
JT8KL2CCJ_2280-3686-2792-4198,1,0,0,0,0,0,0,0,0
JT8KL2CCJ_2280-4710-2792-5222,1,0,0,0,0,0,0,0,0
JT8KL2CCJ_2478-1195-2990-1707,1,0,0,0,0,0,0,0,0
JT8KL2CCJ_2280-5222-2792-5734,1,0,0,0,0,0,0,0,0
JT8KL2CCJ_2280-7270-2792-7782,1,0,0,0,0,0,0,0,0
JT8KL2CCJ_2280-6758-2792-7270,1,0,0,0,0,0,0,0,0
JT8KL2CCJ_2280-4198-2792-4710,1,0,0,0,0,0,0,0,0
JT8KL2CCJ_2280-7782-2792-8294,1,0,0,0,0,0,0,0,0
JT8KL2CCJ_2792-5222-3304-5734,1,0,0,0,0,0,0,0,0
JT8KL2CCJ_2280-6246-2792-6758,1,0,0,0,0,0,0,0,0
JT8KL2CCJ_2792-6758-3304-7270,1,0,0,0,0,0,0,0,0
JT8KL2CCJ_3304-6246-3816-6758,1,0,0,0,0,0,0,0,0
JT8KL2CCJ_2792-6246-3304-6758,1,0,0,0,0,0,0,0,0
JT8KL2CCJ_2942-7820-3454-8332,1,0,0,0,0,0,0,0,0
JT8KL2CCJ_2990-1195-3502-1707,1,0,0,0,0,0,0,0,0
JT8KL2CCJ_3304-5222-3816-5734,1,0,0,0,0,0,0,0,0
JT8KL2CCJ_2990-1707-3502-2219,1,0,0,0,0,0,0,0,0
JT8KL2CCJ_3304-7270-3816-7782,1,0,0,0,0,0,0,0,0
JT8KL2CCJ_4014-1707-4526-2219,1,0,0,0,0,0,0,0,0
JT8KL2CCJ_4328-6246-4840-6758,1,0,0,0,0,0,0,0,0
JT8KL2CCJ_4014-1195-4526-1707,1,0,0,0,0,0,0,0,0
JT8KL2CCJ_3502-1195-4014-1707,1,0,0,0,0,0,0,0,0
JT8KL2CCJ_3816-6246-4328-6758,1,0,0,0,0,0,0,0,0
JT8KL2CCJ_3502-1707-4014-2219,1,0,0,0,0,0,0,0,0
JT8KL2CCJ_3304-7782-3816-8294,1,0,0,0,0,0,0,0,0
JT8KL2CCJ_3816-5222-4328-5734,1,0,0,0,0,0,0,0,0
JT8KL2CCJ_4328-5222-4840-5734,1,0,0,0,0,0,0,0,0
JT8KL2CCJ_4526-1195-5038-1707,1,0,0,0,0,0,0,0,0
JT8KL2CCJ_4840-6246-5352-6758,1,0,0,0,0,0,0,0,0
JT8KL2CCJ_4840-5222-5352-5734,1,0,0,0,0,0,0,0,0
JT8KL2CCJ_5038-1195-5550-1707,1,0,0,0,0,0,0,0,0
JT8KL2CCJ_4526-1707-5038-2219,1,0,0,0,0,0,0,0,0
JT8KL2CCJ_5352-5222-5864-5734,1,0,0,0,0,0,0,0,0
JT8KL2CCJ_4840-6758-5352-7270,1,0,0,0,0,0,0,0,0
JT8KL2CCJ_5352-6246-5864-6758,1,0,0,0,0,0,0,0,0
JT8KL2CCJ_6888-5222-7400-5734,1,0,0,0,0,0,0,0,0
JT8KL2CCJ_5864-5222-6376-5734,1,0,0,0,0,0,0,0,0
JT8KL2CCJ_5864-6246-6376-6758,1,0,0,0,0,0,0,0,0
JT8KL2CCJ_6376-5222-6888-5734,1,0,0,0,0,0,0,0,0
JT8KL2CCJ_7400-6246-7912-6758,1,0,0,0,0,0,0,0,0
JT8KL2CCJ_6888-6246-7400-6758,1,0,0,0,0,0,0,0,0
JT8KL2CCJ_6807-7779-7319-8291,1,0,0,0,0,0,0,0,0
JT8KL2CCJ_6058-1201-6570-1713,1,0,0,0,0,0,0,0,0
JT8KL2CCJ_6376-6246-6888-6758,1,0,0,0,0,0,0,0,0
JT8KL2CCJ_7400-5222-7912-5734,1,0,0,0,0,0,0,0,0
JT8KL2CCJ_7400-6758-7912-7270,1,0,0,0,0,0,0,0,0
JT8KL2CCJ_7912-4710-8424-5222,1,0,0,0,0,0,0,0,0
JT8KL2CCJ_7912-5222-8424-5734,1,0,0,0,0,0,0,0,0
JT8KL2CCJ_7912-6246-8424-6758,1,0,0,0,0,0,0,0,0
JT8KL2CCJ_7659-2074-8171-2586,1,0,0,0,0,0,0,0,0
JT8KL2CCJ_7912-5734-8424-6246,1,0,0,0,0,0,0,0,0
JT8KL2CCJ_7659-1562-8171-2074,1,0,0,0,0,0,0,0,0
JT8KL2CCJ_8171-1562-8683-2074,1,0,0,0,0,0,0,0,0
JT8KL2CCJ_8227-4541-8739-5053,1,0,0,0,0,0,0,0,0
JT8KL2CCJ_8928-1948-9440-2460,1,0,0,0,0,0,0,0,0
JT8KL2CCJ_8171-2074-8683-2586,1,0,0,0,0,0,0,0,0
JT8KL2CCJ_8636-2953-9148-3465,1,0,0,0,0,0,0,0,0
JT8KL2CCJ_9148-2953-9660-3465,1,0,0,0,0,0,0,0,0
JT8KL2CCJ_8636-3465-9148-3977,1,0,0,0,0,0,0,0,0
JT8KL2CCJ_8928-2460-9440-2972,1,0,0,0,0,0,0,0,0
JT8KL2CCJ_9148-3465-9660-3977,1,0,0,0,0,0,0,0,0
JT8KL2CCJ_8247-1116-8759-1628,1,0,0,0,0,0,0,0,0
JT8KL2CCJ_9440-1948-9952-2460,1,0,0,0,0,0,0,0,0
JT8KL2CCJ_9440-2460-9952-2972,1,0,0,0,0,0,0,0,0
JT8KL2CCJ_9491-5645-10003-6157,1,0,0,0,0,0,0,0,0
JT8KL2CCJ_9477-8012-9989-8524,1,0,0,0,0,0,0,0,0
JT8KL2CCJ_9491-6157-10003-6669,1,0,0,0,0,0,0,0,0
JT8KL2CCJ_9952-2460-10464-2972,1,0,0,0,0,0,0,0,0
JT8KL2CCJ_9660-2953-10172-3465,1,0,0,0,0,0,0,0,0
JT8KL2CCJ_9660-3465-10172-3977,1,0,0,0,0,0,0,0,0
JT8KL2CCJ_9952-1948-10464-2460,1,0,0,0,0,0,0,0,0
JUD3MGNZT_1080-723-1592-1235,0,0,1,0,0,0,0,0,0
JUD3MGNZT_11266-2324-11778-2836,0,0,0,0,0,1,0,0,0
JUD3MGNZT_11266-4372-11778-4884,0,0,0,0,0,1,0,0,0
JUD3MGNZT_11266-3860-11778-4372,0,0,0,0,0,1,0,0,0
JUD3MGNZT_11266-1300-11778-1812,0,0,0,0,0,1,0,0,0
JUD3MGNZT_11266-2836-11778-3348,0,0,0,0,0,1,0,0,0
JUD3MGNZT_11266-3348-11778-3860,0,0,0,0,0,1,0,0,0
JT8KL2CCJ_9989-8012-10501-8524,1,0,0,0,0,0,0,0,0
JT8KL2CCJ_9989-7500-10501-8012,1,0,0,0,0,0,0,0,0
JUD3MGNZT_11266-1812-11778-2324,0,0,0,0,0,1,0,0,0
JUD3MGNZT_1592-723-2104-1235,0,0,1,0,0,0,0,0,0
JUD3MGNZT_11266-788-11778-1300,0,0,0,0,0,1,0,0,0
JUD3MGNZT_3128-723-3640-1235,0,0,1,0,0,0,0,0,0
JUD3MGNZT_3640-723-4152-1235,0,0,1,0,0,0,0,0,0
JUD3MGNZT_2616-723-3128-1235,0,0,1,0,0,0,0,0,0
JUD3MGNZT_2104-723-2616-1235,0,0,1,0,0,0,0,0,0
JUD3MGNZT_4152-723-4664-1235,0,0,1,0,0,0,0,0,0
JUD3MGNZT_4664-723-5176-1235,0,0,1,0,0,0,0,0,0
JUD3MGNZT_5176-723-5688-1235,0,0,1,0,0,0,0,0,0
JUD3MGNZT_568-723-1080-1235,0,0,1,0,0,0,0,0,0
JUD3MGNZT_6200-723-6712-1235,0,0,1,0,0,0,0,0,0
JUD3MGNZT_6712-723-7224-1235,0,0,1,0,0,0,0,0,0
JUD3MGNZT_7736-723-8248-1235,0,0,1,0,0,0,0,0,0
JUD3MGNZT_5688-723-6200-1235,0,0,1,0,0,0,0,0,0
JUD3MGNZT_8248-723-8760-1235,0,0,1,0,0,0,0,0,0
JUD3MGNZT_7224-723-7736-1235,0,0,1,0,0,0,0,0,0
JUD3MGNZT_9272-723-9784-1235,0,0,1,0,0,0,0,0,0
JUD3MGNZT_8760-723-9272-1235,0,0,1,0,0,0,0,0,0
JUJ4E8WNT_3351-2631-3863-3143,0,1,0,0,0,0,0,0,0
JUJ4E8WNT_3829-3112-4341-3624,0,1,0,0,0,0,0,0,0
JUJ4E8WNT_3011-2002-3523-2514,0,1,0,0,0,0,0,0,0
JUJ4E8WNT_3523-2002-4035-2514,0,1,0,0,0,0,0,0,0
JUD3MGNZT_9784-723-10296-1235,0,0,1,0,0,0,0,0,0
JUGTAJTFJ_4240-6317-4752-6829,0,0,0,0,0,0,0,0,1
JUGTAJTFJ_4848-7645-5360-8157,0,0,0,0,0,0,0,0,1
JUJ4E8WNT_3560-633-4072-1145,0,1,0,0,0,0,0,0,0
JUJ4E8WNT_3863-2631-4375-3143,0,1,0,0,0,0,0,0,0
JUJ4E8WNT_6813-1400-7325-1912,0,1,0,0,0,0,0,0,0
JUJ4E8WNT_4298-609-4810-1121,0,1,0,0,0,0,0,0,0
JUJ4E8WNT_4341-2600-4853-3112,0,1,0,0,0,0,0,0,0
JUJ4E8WNT_4341-3112-4853-3624,0,1,0,0,0,0,0,0,0
JUJ4E8WNT_7170-3770-7682-4282,0,1,0,0,0,0,0,0,0
JUJ4E8WNT_4826-721-5338-1233,0,1,0,0,0,0,0,0,0
JUJ4E8WNT_7130-648-7642-1160,0,1,0,0,0,0,0,0,0
JUJ4E8WNT_6813-888-7325-1400,0,1,0,0,0,0,0,0,0
JUJ4E8WNT_7189-1610-7701-2122,0,1,0,0,0,0,0,0,0
JUJ4E8WNT_7192-2053-7704-2565,0,1,0,0,0,0,0,0,0
JUJ4E8WNT_7769-559-8281-1071,0,1,0,0,0,0,0,0,0
JUJ4E8WNT_7325-1400-7837-1912,0,1,0,0,0,0,0,0,0
JUJ4E8WNT_7837-1400-8349-1912,0,1,0,0,0,0,0,0,0
JUJ4E8WNT_7192-3077-7704-3589,0,1,0,0,0,0,0,0,0
JUJ4E8WNT_7192-2565-7704-3077,0,1,0,0,0,0,0,0,0
JUJ4E8WNT_7325-888-7837-1400,0,1,0,0,0,0,0,0,0
JUJ4E8WNT_7597-3880-8109-4392,0,1,0,0,0,0,0,0,0
JUJ4E8WNT_7837-888-8349-1400,0,1,0,0,0,0,0,0,0
JWRGLMHP8_394-824-906-1336,0,0,0,0,0,1,0,0,0
JUVLDM9J4_6655-795-7167-1307,0,0,0,0,0,0,0,0,1
JUQDG1YED_294-3810-806-4322,0,0,0,0,0,0,0,0,1
JUQDG1YED_2073-2017-2585-2529,0,0,0,0,0,0,0,0,1
JWRGLMHP8_3867-1076-4379-1588,0,0,0,0,0,1,0,0,0
JUQDG1YED_3910-467-4422-979,0,0,0,0,0,1,0,0,1
JUQDG1YED_1921-1019-2433-1531,0,0,0,0,0,1,0,0,1
JUVLDM9J4_7231-830-7743-1342,0,0,0,0,0,0,0,0,1
JUQDG1YED_2135-815-2647-1327,0,0,0,0,0,1,0,0,1
JWU9BIUGR_5266-800-5778-1312,0,0,0,1,0,0,0,0,0
JWRGLMHP8_4379-1076-4891-1588,0,0,0,0,0,1,0,0,0
JWRGLMHP8_405-1402-917-1914,0,0,0,0,0,1,0,0,0
JWU9BIUGR_6162-779-6674-1291,0,0,0,1,0,0,0,0,0
JWU9BIUGR_2383-3237-2895-3749,0,0,0,1,0,0,0,0,0
JWRGLMHP8_5168-1229-5680-1741,0,0,0,0,0,1,0,0,0
JWRGLMHP8_5168-1741-5680-2253,0,0,0,0,0,1,0,0,0
JWU9BIUGR_6674-1291-7186-1803,0,0,0,1,0,0,0,0,0
JWU9BIUGR_7333-1510-7845-2022,0,0,0,1,0,0,0,0,0
JWU9BIUGR_7698-1291-8210-1803,0,0,0,1,0,0,0,0,0
JWU9BIUGR_7186-779-7698-1291,0,0,0,1,0,0,0,0,0
JXJ2WJ71P_8703-722-9215-1234,0,0,0,0,0,1,0,0,0
JWU9BIUGR_6674-779-7186-1291,0,0,0,1,0,0,0,0,0
JWU9BIUGR_8517-790-9029-1302,0,0,0,1,0,0,0,0,0
JWU9BIUGR_7186-1291-7698-1803,0,0,0,1,0,0,0,0,0
JWU9BIUGR_7698-779-8210-1291,0,0,0,1,0,0,0,0,0
JYT4QKJ82_1612-7728-2124-8240,0,0,0,0,0,0,0,0,1
JXJ2WJ71P_9549-768-10061-1280,0,0,0,0,0,1,0,0,0
JYYQB2VPL_1463-8450-1975-8962,0,0,0,0,1,1,0,0,0
JYT4QKJ82_3215-869-3727-1381,0,0,0,0,0,0,0,0,1
JYT4QKJ82_858-453-1370-965,0,0,0,0,0,0,0,0,1
JYT4QKJ82_3301-8081-3813-8593,0,0,0,0,0,0,0,0,1
JYYQB2VPL_1951-758-2463-1270,0,0,0,0,1,0,0,0,0
JYYQB2VPL_1933-8480-2445-8992,0,0,0,0,1,1,0,0,0
JYYQB2VPL_2435-8459-2947-8971,0,0,0,0,1,1,0,0,0
JYYQB2VPL_4003-8301-4515-8813,0,0,0,0,0,1,0,0,0
JYYQB2VPL_4478-8285-4990-8797,0,0,0,0,0,1,0,0,0
JYYQB2VPL_2979-8301-3491-8813,0,0,0,0,0,1,0,0,0
JYYQB2VPL_4367-643-4879-1155,0,0,0,0,1,0,0,0,0
JYYQB2VPL_5688-1468-6200-1980,0,0,0,0,1,1,0,0,0
JYYQB2VPL_4990-8285-5502-8797,0,0,0,0,1,1,0,0,0
JYYQB2VPL_5502-8285-6014-8797,0,0,0,0,1,1,0,0,0
JYYQB2VPL_5331-1569-5843-2081,0,0,0,0,1,0,0,0,0
JYYQB2VPL_5684-8010-6196-8522,0,0,0,0,0,1,0,0,0
JYYQB2VPL_5823-8394-6335-8906,0,0,0,0,1,0,0,0,0
JYYQB2VPL_6215-8361-6727-8873,0,0,0,0,1,1,0,0,0
JYYQB2VPL_7263-8332-7775-8844,0,0,0,0,1,1,0,0,0
JYYQB2VPL_7701-584-8213-1096,0,0,0,0,1,0,0,0,0
JYYQB2VPL_8189-561-8701-1073,0,0,0,0,1,0,0,0,0
JYYQB2VPL_6327-1565-6839-2077,0,0,0,0,0,1,0,0,0
JYYQB2VPL_7775-8332-8287-8844,0,0,0,0,1,1,0,0,0
JYYQB2VPL_6727-8361-7239-8873,0,0,0,0,1,1,0,0,0
JYYQB2VPL_6471-8245-6983-8757,0,0,0,0,1,1,0,0,0
JZBLF4LA7_10274-13061-10786-13573,0,1,0,0,0,0,0,0,0
JZBLF4LA7_10786-13061-11298-13573,0,1,0,0,0,0,0,0,0
JZBLF4LA7_10274-13573-10786-14085,0,1,0,0,0,0,0,0,0
JZBLF4LA7_10718-524-11230-1036,0,1,0,0,0,0,0,0,0
JZBLF4LA7_11298-12549-11810-13061,0,1,0,0,0,0,0,0,0
JZBLF4LA7_10786-12549-11298-13061,0,1,0,0,0,0,0,0,0
JZBLF4LA7_11230-524-11742-1036,0,1,0,0,0,0,0,0,0
JZBLF4LA7_5514-1078-6026-1590,0,1,0,0,0,0,0,0,0
JZBLF4LA7_11298-13061-11810-13573,0,1,0,0,0,0,0,0,0
JZBLF4LA7_5582-1462-6094-1974,0,1,0,0,0,0,0,0,0
JZBLF4LA7_5514-566-6026-1078,0,1,0,0,0,0,0,0,0
JZBLF4LA7_673-657-1185-1169,0,1,0,0,0,0,0,0,0
JZBLF4LA7_7260-1151-7772-1663,0,1,0,0,0,0,0,0,0
JZBLF4LA7_7260-1663-7772-2175,0,1,0,0,0,0,0,0,0
JZBLF4LA7_5582-1974-6094-2486,0,1,0,0,0,0,0,0,0
JZBLF4LA7_7260-639-7772-1151,0,1,0,0,0,0,0,0,0
JZBLF4LA7_6748-2175-7260-2687,0,1,0,0,0,0,0,0,0
JZBLF4LA7_7260-2175-7772-2687,0,1,0,0,0,0,0,0,0
JZBLF4LA7_8226-11525-8738-12037,0,1,0,0,0,0,0,0,0
JZBLF4LA7_8226-12037-8738-12549,0,1,0,0,0,0,0,0,0
JZBLF4LA7_8738-11525-9250-12037,0,1,0,0,0,0,0,0,0
JZBLF4LA7_8738-12549-9250-13061,0,1,0,0,0,0,0,0,0
JZBLF4LA7_8738-12037-9250-12549,0,1,0,0,0,0,0,0,0
JZBLF4LA7_8226-12549-8738-13061,0,1,0,0,0,0,0,0,0
JZBLF4LA7_8738-13061-9250-13573,0,1,0,0,0,0,0,0,0
JZBLF4LA7_8949-588-9461-1100,0,1,0,0,0,0,0,0,0
JZBLF4LA7_9250-12549-9762-13061,0,1,0,0,0,0,0,0,0
JZBLF4LA7_9250-13573-9762-14085,0,1,0,0,0,0,0,0,0
JZBLF4LA7_9250-13061-9762-13573,0,1,0,0,0,0,0,0,0
JZBLF4LA7_9762-13573-10274-14085,0,1,0,0,0,0,0,0,0
JZBLF4LA7_9461-588-9973-1100,0,1,0,0,0,0,0,0,0
JZIPCKHK9_1003-1121-1515-1633,0,0,0,0,0,1,0,0,0
JZBLF4LA7_9762-13061-10274-13573,0,1,0,0,0,0,0,0,0
JZIPCKHK9_1003-1633-1515-2145,0,0,0,0,0,1,0,0,0
JZIPCKHK9_1003-2657-1515-3169,0,0,0,0,0,1,0,0,0
JZIPCKHK9_1003-2145-1515-2657,0,0,0,0,0,1,0,0,0
JZIPCKHK9_1003-3681-1515-4193,0,0,0,0,0,1,0,0,0
JZIPCKHK9_1003-3169-1515-3681,0,0,0,0,0,1,0,0,0
JZIPCKHK9_10378-667-10890-1179,0,0,0,0,1,0,0,0,0
JZIPCKHK9_10494-8335-11006-8847,0,0,0,0,1,1,0,0,0
JZIPCKHK9_2029-724-2541-1236,0,0,0,0,1,0,0,0,0
JZIPCKHK9_10927-8523-11439-9035,0,0,0,0,0,1,0,0,0
JZIPCKHK9_1765-8286-2277-8798,0,0,0,0,1,1,0,0,1
JZIPCKHK9_2277-8286-2789-8798,0,0,0,0,1,1,0,0,0
JZIPCKHK9_2541-724-3053-1236,0,0,0,0,1,0,0,0,0
JZIPCKHK9_3016-719-3528-1231,0,0,0,0,1,0,0,0,0
JZIPCKHK9_2700-8264-3212-8776,0,0,0,0,1,1,0,0,0
JZIPCKHK9_4227-8262-4739-8774,0,0,0,0,1,1,0,0,0
JZIPCKHK9_3528-719-4040-1231,0,0,0,0,1,0,0,0,0
JZIPCKHK9_3212-8264-3724-8776,0,0,0,0,1,1,0,0,0
JZIPCKHK9_4509-709-5021-1221,0,0,0,0,1,0,0,0,0
JZIPCKHK9_3997-709-4509-1221,0,0,0,0,1,0,0,0,0
JZIPCKHK9_3715-8262-4227-8774,0,0,0,0,1,1,0,0,0
JZIPCKHK9_4538-8234-5050-8746,0,0,0,0,1,1,0,0,0
JZIPCKHK9_6077-8312-6589-8824,0,0,0,0,1,0,0,0,0
JZIPCKHK9_5938-714-6450-1226,0,0,0,0,1,0,0,0,1
JZIPCKHK9_5050-8234-5562-8746,0,0,0,0,1,1,0,0,0
JZIPCKHK9_6450-714-6962-1226,0,0,0,0,1,1,0,0,0
JZIPCKHK9_4972-699-5484-1211,0,0,0,0,1,0,0,0,0
JZIPCKHK9_5484-699-5996-1211,0,0,0,0,1,0,0,0,1
JZIPCKHK9_5565-8312-6077-8824,0,0,0,0,1,1,0,0,0
JZIPCKHK9_6526-8319-7038-8831,0,0,0,0,1,0,0,0,0
JZIPCKHK9_6923-732-7435-1244,0,0,0,0,1,1,0,0,0
JZIPCKHK9_7038-8319-7550-8831,0,0,0,0,1,0,0,0,0
JZIPCKHK9_7435-732-7947-1244,0,0,0,0,1,0,0,0,0
JZIPCKHK9_8419-695-8931-1207,0,0,0,0,1,0,0,0,0
JZIPCKHK9_7907-695-8419-1207,0,0,0,0,1,0,0,0,0
JZIPCKHK9_8473-8314-8985-8826,0,0,0,0,1,0,0,0,0
JZIPCKHK9_8018-8329-8530-8841,0,0,0,0,1,0,0,0,0
JZIPCKHK9_7506-8329-8018-8841,0,0,0,0,1,0,0,0,0
JZIPCKHK9_885-596-1397-1108,0,0,0,0,0,1,0,0,0
JZIPCKHK9_9409-672-9921-1184,0,0,0,0,1,0,0,0,0
JZIPCKHK9_8985-8314-9497-8826,0,0,0,0,1,0,0,0,0
JZIPCKHK9_985-6636-1497-7148,0,0,0,0,0,1,0,0,0
JZIPCKHK9_8897-672-9409-1184,0,0,0,0,1,0,0,0,0
JZIPCKHK9_9470-8335-9982-8847,0,0,0,0,1,0,0,0,0
JZIPCKHK9_940-8324-1452-8836,0,0,0,0,0,1,0,0,0
JZIPCKHK9_985-7148-1497-7660,0,0,0,0,0,1,0,0,0
JZIPCKHK9_979-4921-1491-5433,0,0,0,0,0,1,0,0,0
JZIPCKHK9_979-4409-1491-4921,0,0,0,0,0,1,0,0,0
JZIPCKHK9_991-7429-1503-7941,0,0,0,0,0,1,0,0,0
JZIPCKHK9_9866-667-10378-1179,0,0,0,0,1,0,0,0,0
JZIPCKHK9_991-7941-1503-8453,0,0,0,0,0,1,0,0,0
JZK83CJWD_4491-3369-5003-3881,0,0,1,0,0,0,0,0,0
JZK83CJWD_4498-3788-5010-4300,0,0,1,0,0,0,0,0,0
JZIPCKHK9_9982-8335-10494-8847,0,0,0,0,1,1,0,0,0
JZK83CJWD_3939-1899-4451-2411,0,0,1,0,0,0,0,0,0
JZK83CJWD_3866-3299-4378-3811,0,0,1,0,0,0,0,0,0
JZK83CJWD_2761-2843-3273-3355,0,0,1,0,0,0,0,0,0
JZK83CJWD_4595-4280-5107-4792,0,0,1,0,0,0,0,0,0
JZK83CJWD_4509-1659-5021-2171,0,0,1,0,0,0,0,0,0
JZK83CJWD_4621-2551-5133-3063,0,0,1,0,0,0,0,0,0
JZK83CJWD_4702-3648-5214-4160,0,0,1,0,0,0,0,0,0
JZK83CJWD_5004-1463-5516-1975,0,0,1,0,0,0,0,0,0
JZK83CJWD_4621-2039-5133-2551,0,0,1,0,0,0,0,0,0
JZK83CJWD_6689-3338-7201-3850,0,0,1,0,0,0,0,0,0
JZK83CJWD_5259-4292-5771-4804,0,0,1,0,0,0,0,0,0
JZK83CJWD_4660-1242-5172-1754,0,0,1,0,0,0,0,0,0
JZK83CJWD_7790-3386-8302-3898,0,0,1,0,0,0,0,0,0
JZK83CJWD_8058-3466-8570-3978,0,0,1,0,0,0,0,0,0
JZK83CJWD_7955-3143-8467-3655,0,0,1,0,0,0,0,0,0
JZK83CJWD_8210-2622-8722-3134,0,0,1,0,0,0,0,0,0
JZK83CJWD_8192-3792-8704-4304,0,0,1,0,0,0,0,0,0
JZK83CJWD_7094-3311-7606-3823,0,0,1,0,0,0,0,0,0
K142YM2IK_2526-2981-3038-3493,0,0,0,0,0,1,0,0,0
JZK83CJWD_8275-1923-8787-2435,0,0,1,0,0,0,0,0,0
JZK83CJWD_8255-3003-8767-3515,0,0,1,0,0,0,0,0,0
K19M4XVDI_1911-7167-2423-7679,0,0,0,0,1,0,0,0,0
K142YM2IK_2602-1200-3114-1712,0,0,0,0,0,1,0,0,0
K142YM2IK_2749-446-3261-958,0,0,0,0,0,1,0,0,0
K19M4XVDI_1050-3700-1562-4212,0,0,0,0,1,0,0,0,0
K142YM2IK_5613-2879-6125-3391,0,0,0,0,0,1,0,0,0
K19M4XVDI_1406-3719-1918-4231,0,0,0,0,1,0,0,0,0
K19M4XVDI_1030-5197-1542-5709,0,0,0,0,1,0,0,0,0
K19M4XVDI_1818-3758-2330-4270,0,0,0,0,1,0,0,0,0
K19M4XVDI_2238-3803-2750-4315,0,0,0,0,1,0,0,0,0
K19M4XVDI_2645-3835-3157-4347,0,0,0,0,1,0,0,0,0
K19M4XVDI_2587-7185-3099-7697,0,0,0,0,1,0,0,0,0
K19M4XVDI_2999-7229-3511-7741,0,0,0,0,1,0,0,0,0
K19M4XVDI_3656-179-4168-691,0,0,0,0,1,0,0,0,0
K19M4XVDI_2956-3848-3468-4360,0,0,0,0,1,0,0,0,0
K19M4XVDI_4202-7368-4714-7880,0,0,0,0,1,0,0,0,0
K19M4XVDI_4395-210-4907-722,0,0,1,0,1,0,0,0,0
K19M4XVDI_4667-719-5179-1231,0,0,0,0,1,0,0,0,0
K19M4XVDI_4929-665-5441-1177,0,0,0,0,1,0,0,0,0
K1G39DKT3_10819-3246-11331-3758,1,0,0,0,0,0,0,0,0
K19M4XVDI_5030-7441-5542-7953,0,0,0,0,1,0,0,0,0
K19M4XVDI_5552-7492-6064-8004,0,0,0,0,1,0,0,0,0
K19M4XVDI_636-3914-1148-4426,0,0,0,0,1,0,0,0,0
K19M4XVDI_602-4648-1114-5160,0,0,0,0,1,0,0,0,0
K1G39DKT3_10850-5972-11362-6484,1,0,0,0,0,0,0,0,0
K19M4XVDI_865-4944-1377-5456,0,0,0,0,1,0,0,0,0
K1G39DKT3_11605-2624-12117-3136,1,0,0,0,0,0,0,0,0
K19M4XVDI_820-5383-1332-5895,0,0,0,0,1,0,0,0,0
K1RNFLP9R_737-7467-1249-7979,0,0,0,0,0,0,1,0,0
K1K3HEYFT_2350-1798-2862-2310,0,0,1,0,0,0,0,0,0
K1K3HEYFT_1065-2451-1577-2963,0,0,1,0,0,0,0,0,0
K1K3HEYFT_1900-1837-2412-2349,0,0,1,0,0,0,0,0,0
K1K3HEYFT_2609-2113-3121-2625,0,0,1,0,0,0,0,0,0
K1YZ7MURB_1165-7337-1677-7849,0,0,0,0,0,0,0,0,1
K1K3HEYFT_299-1470-811-1982,0,0,1,0,0,0,0,0,0
K1YZ7MURB_1828-7333-2340-7845,0,0,0,0,0,0,0,0,1
K1YZ7MURB_2340-7333-2852-7845,0,0,0,0,0,0,0,0,1
K1YZ7MURB_2852-7333-3364-7845,0,0,0,0,0,0,0,0,1
K1YZ7MURB_3364-7333-3876-7845,0,0,0,0,0,0,0,0,1
K1YZ7MURB_7115-7160-7627-7672,0,0,0,0,0,0,0,0,1
K1YZ7MURB_7482-8320-7994-8832,0,0,0,0,0,0,0,0,1
K1YZ7MURB_6666-8520-7178-9032,0,0,0,0,0,0,0,0,1
K1YZ7MURB_5120-640-5632-1152,0,0,0,0,0,0,0,0,1
K1YZ7MURB_7127-8397-7639-8909,0,0,0,0,0,0,0,0,1
K1YZ7MURB_7263-6925-7775-7437,0,0,0,0,0,0,0,0,1
K1YZ7MURB_7583-6869-8095-7381,0,0,0,0,0,0,0,0,1
K1YZ7MURB_8227-3363-8739-3875,0,0,0,0,0,0,0,0,1
K1YZ7MURB_8224-3730-8736-4242,0,0,0,0,0,0,0,0,1
K1YZ7MURB_7962-6856-8474-7368,0,0,0,0,0,0,0,0,1
K1YZ7MURB_7720-8403-8232-8915,0,0,0,0,0,0,0,0,1
K1YZ7MURB_7720-7891-8232-8403,0,0,0,0,0,0,0,0,1
K1YZ7MURB_8244-2631-8756-3143,0,0,0,0,0,0,0,0,1
K1YZ7MURB_8216-4107-8728-4619,0,0,0,0,0,0,0,0,1
K1YZ7MURB_8232-2992-8744-3504,0,0,0,0,0,0,0,0,1
K229F1T2R_1006-1761-1518-2273,1,0,0,0,0,0,0,0,0
K229F1T2R_1518-1761-2030-2273,1,0,0,0,0,0,0,0,0
K229F1T2R_1006-1249-1518-1761,1,0,0,0,0,0,0,0,0
K229F1T2R_1934-2112-2446-2624,1,0,0,0,0,0,0,0,0
K1YZ7MURB_8438-7552-8950-8064,0,0,0,0,0,0,0,0,1
K229F1T2R_2850-783-3362-1295,1,0,0,0,0,0,0,0,0
K229F1T2R_2850-1295-3362-1807,1,0,0,0,0,0,0,0,0
K229F1T2R_2969-2003-3481-2515,1,0,0,0,0,0,0,0,0
K229F1T2R_3084-676-3596-1188,1,0,0,0,0,0,0,0,0
K229F1T2R_1006-737-1518-1249,1,0,0,0,0,0,0,0,0
K229F1T2R_3481-2003-3993-2515,1,0,0,0,0,0,0,0,0
K229F1T2R_3918-2278-4430-2790,1,0,0,0,0,0,0,0,0
K229F1T2R_478-2119-990-2631,1,0,0,0,0,0,0,0,0
K229F1T2R_3362-783-3874-1295,1,0,0,0,0,0,0,0,0
K229F1T2R_494-1249-1006-1761,1,0,0,0,0,0,0,0,0
K229F1T2R_478-2631-990-3143,1,0,0,0,0,0,0,0,0
K229F1T2R_3362-1295-3874-1807,1,0,0,0,0,0,0,0,0
K229F1T2R_3596-676-4108-1188,1,0,0,0,0,0,0,0,0
K2BATWHAU_1327-10034-1839-10546,1,0,0,0,0,0,0,0,0
K229F1T2R_494-737-1006-1249,1,0,0,0,0,0,0,0,0
K229F1T2R_494-1761-1006-2273,1,0,0,0,0,0,0,0,0
K229F1T2R_990-2631-1502-3143,1,0,0,0,0,0,0,0,0
K2BATWHAU_1327-9522-1839-10034,1,0,0,0,0,0,0,0,0
K229F1T2R_990-2119-1502-2631,1,0,0,0,0,0,0,0,0
K2BATWHAU_1839-10034-2351-10546,1,0,0,0,0,0,0,0,0
K2BATWHAU_1327-818-1839-1330,1,0,0,0,0,0,0,0,0
K2BATWHAU_1839-818-2351-1330,1,0,0,0,0,0,0,0,0
K2BATWHAU_1839-9522-2351-10034,1,0,0,0,0,0,0,0,0
K2BATWHAU_3887-1330-4399-1842,1,0,0,0,0,0,0,0,0
K2BATWHAU_3887-1842-4399-2354,1,0,0,0,0,0,0,0,0
K2BATWHAU_2351-818-2863-1330,1,0,0,0,0,0,0,0,0
K2BATWHAU_2863-818-3375-1330,1,0,0,0,0,0,0,0,0
K2BATWHAU_3375-818-3887-1330,1,0,0,0,0,0,0,0,0
K2BATWHAU_4399-1330-4911-1842,1,0,0,0,0,0,0,0,0
K2BATWHAU_3887-2354-4399-2866,1,0,0,0,0,0,0,0,0
K2BATWHAU_3887-818-4399-1330,1,0,0,0,0,0,0,0,0
K2BATWHAU_4399-4914-4911-5426,1,0,0,0,0,0,0,0,0
K2BATWHAU_4399-1842-4911-2354,1,0,0,0,0,0,0,0,0
K2BATWHAU_4399-3890-4911-4402,1,0,0,0,0,0,0,0,0
K2BATWHAU_4399-2866-4911-3378,1,0,0,0,0,0,0,0,0
K2BATWHAU_4399-3378-4911-3890,1,0,0,0,0,0,0,0,0
K2BATWHAU_4399-4402-4911-4914,1,0,0,0,0,0,0,0,0
K2BATWHAU_4773-1274-5285-1786,1,0,0,0,0,0,0,0,0
K2BATWHAU_4773-1786-5285-2298,1,0,0,0,0,0,0,0,0
K2BATWHAU_4399-818-4911-1330,1,0,0,0,0,0,0,0,0
K2BATWHAU_4773-4858-5285-5370,1,0,0,0,0,0,0,0,0
K2BATWHAU_4773-6394-5285-6906,1,0,0,0,0,0,0,0,0
K2BATWHAU_4911-2354-5423-2866,1,0,0,0,0,0,0,0,0
K2BATWHAU_4773-5882-5285-6394,1,0,0,0,0,0,0,0,0
K2BATWHAU_4773-5370-5285-5882,1,0,0,0,0,0,0,0,0
K2BATWHAU_4911-2866-5423-3378,1,0,0,0,0,0,0,0,0
K2BATWHAU_4911-3378-5423-3890,1,0,0,0,0,0,0,0,0
K2BATWHAU_4911-3890-5423-4402,1,0,0,0,0,0,0,0,0
K2BATWHAU_4911-4402-5423-4914,1,0,0,0,0,0,0,0,0
K2BATWHAU_4911-818-5423-1330,1,0,0,0,0,0,0,0,0
K2BATWHAU_4911-6962-5423-7474,1,0,0,0,0,0,0,0,0
K2BATWHAU_5285-7418-5797-7930,1,0,0,0,0,0,0,0,0
K2BATWHAU_5285-4346-5797-4858,1,0,0,0,0,0,0,0,0
K2BATWHAU_5423-10034-5935-10546,1,0,0,0,0,0,0,0,0
K2BATWHAU_5285-10490-5797-11002,1,0,0,0,0,0,0,0,0
K2BATWHAU_5423-5426-5935-5938,1,0,0,0,0,0,0,0,0
K2BATWHAU_5285-4858-5797-5370,1,0,0,0,0,0,0,0,0
K2BATWHAU_5423-5938-5935-6450,1,0,0,0,0,0,0,0,0
K2BATWHAU_5423-818-5935-1330,1,0,0,0,0,0,0,0,0
K2BATWHAU_5423-6450-5935-6962,1,0,0,0,0,0,0,0,0
K2BATWHAU_5423-7986-5935-8498,1,0,0,0,0,0,0,0,0
K2BATWHAU_5797-2298-6309-2810,1,0,0,0,0,0,0,0,0
K2BATWHAU_5423-6962-5935-7474,1,0,0,0,0,0,0,0,0
K2BATWHAU_5423-9522-5935-10034,1,0,0,0,0,0,0,0,0
K2BATWHAU_5797-10490-6309-11002,1,0,0,0,0,0,0,0,0
K2BATWHAU_5797-1274-6309-1786,1,0,0,0,0,0,0,0,0
K2BATWHAU_5797-1786-6309-2298,1,0,0,0,0,0,0,0,0
K2BATWHAU_5797-8954-6309-9466,1,0,0,0,0,0,0,0,0
K2BATWHAU_5797-4858-6309-5370,1,0,0,0,0,0,0,0,0
K2BATWHAU_5797-7418-6309-7930,1,0,0,0,0,0,0,0,0
K2BATWHAU_5797-3322-6309-3834,1,0,0,0,0,0,0,0,0
K2BATWHAU_5797-8442-6309-8954,1,0,0,0,0,0,0,0,0
K2BATWHAU_5797-7930-6309-8442,1,0,0,0,0,0,0,0,0
K2BATWHAU_5797-2810-6309-3322,1,0,0,0,0,0,0,0,0
K2BATWHAU_5797-762-6309-1274,1,0,0,0,0,0,0,0,0
K2BATWHAU_5797-9466-6309-9978,1,0,0,0,0,0,0,0,0
K2BATWHAU_6098-10364-6610-10876,1,0,0,0,0,0,0,0,0
K2BATWHAU_5797-9978-6309-10490,1,0,0,0,0,0,0,0,0
K2BATWHAU_6098-8828-6610-9340,1,0,0,0,0,0,0,0,0
K2BATWHAU_6098-9340-6610-9852,1,0,0,0,0,0,0,0,0
K2BATWHAU_6309-1786-6821-2298,1,0,0,0,0,0,0,0,0
K2BATWHAU_6098-9852-6610-10364,1,0,0,0,0,0,0,0,0
K2BATWHAU_6309-1274-6821-1786,1,0,0,0,0,0,0,0,0
K2BATWHAU_6309-10490-6821-11002,1,0,0,0,0,0,0,0,0
K2BATWHAU_6309-2298-6821-2810,1,0,0,0,0,0,0,0,0
K2BATWHAU_6309-2810-6821-3322,1,0,0,0,0,0,0,0,0
K2BATWHAU_6309-5370-6821-5882,1,0,0,0,0,0,0,0,0
K2BATWHAU_6309-4858-6821-5370,1,0,0,0,0,0,0,0,0
K2BATWHAU_6309-4346-6821-4858,1,0,0,0,0,0,0,0,0
K2BATWHAU_6309-5882-6821-6394,1,0,0,0,0,0,0,0,0
K2BATWHAU_6309-3834-6821-4346,1,0,0,0,0,0,0,0,0
K2BATWHAU_6309-3322-6821-3834,1,0,0,0,0,0,0,0,0
K2BATWHAU_6309-762-6821-1274,1,0,0,0,0,0,0,0,0
K2BATWHAU_6309-7418-6821-7930,1,0,0,0,0,0,0,0,0
K2BATWHAU_6309-9978-6821-10490,1,0,0,0,0,0,0,0,0
K2BATWHAU_6309-7930-6821-8442,1,0,0,0,0,0,0,0,0
K2BATWHAU_815-10546-1327-11058,1,0,0,0,0,0,0,0,0
K2BATWHAU_815-10034-1327-10546,1,0,0,0,0,0,0,0,0
K2BATWHAU_6309-9466-6821-9978,1,0,0,0,0,0,0,0,0
K2BATWHAU_815-2354-1327-2866,1,0,0,0,0,0,0,0,0
K2BATWHAU_815-1842-1327-2354,1,0,0,0,0,0,0,0,0
K2BATWHAU_815-1330-1327-1842,1,0,0,0,0,0,0,0,0
K2BATWHAU_815-2866-1327-3378,1,0,0,0,0,0,0,0,0
K2BATWHAU_815-3378-1327-3890,1,0,0,0,0,0,0,0,0
K2BATWHAU_815-5938-1327-6450,1,0,0,0,0,0,0,0,0
K2BATWHAU_815-6962-1327-7474,1,0,0,0,0,0,0,0,0
K2BATWHAU_815-3890-1327-4402,1,0,0,0,0,0,0,0,0
K2BATWHAU_815-6450-1327-6962,1,0,0,0,0,0,0,0,0
K2BATWHAU_815-7986-1327-8498,1,0,0,0,0,0,0,0,0
K32HT2QHY_7925-6014-8437-6526,0,0,0,1,0,0,0,0,0
K2BATWHAU_815-7474-1327-7986,1,0,0,0,0,0,0,0,0
K3378IK43_1024-864-1536-1376,0,0,0,0,1,0,0,0,1
K3378IK43_6651-2311-7163-2823,0,0,0,0,0,1,0,0,0
K3378IK43_6952-1397-7464-1909,0,0,0,0,1,0,0,0,0
K3378IK43_6952-1086-7464-1598,0,0,0,0,1,0,0,0,0
K3378IK43_6944-755-7456-1267,0,0,0,0,1,0,0,0,0
K3378IK43_6977-1738-7489-2250,0,0,0,0,1,0,0,0,0
K3378IK43_963-1584-1475-2096,0,0,0,0,1,0,0,0,0
K3378IK43_947-1242-1459-1754,0,0,0,0,1,0,0,0,0
K3378IK43_873-592-1385-1104,0,0,0,0,1,0,0,0,1
K3378IK43_980-1938-1492-2450,0,0,0,0,1,0,0,0,0
K39WRR6FK_16594-4563-17106-5075,0,0,0,0,0,0,1,0,0
K39WRR6FK_11334-8108-11846-8620,0,0,0,0,0,0,1,0,0
K39WRR6FK_16601-8032-17113-8544,0,0,0,0,0,0,1,0,0
K39WRR6FK_17106-5587-17618-6099,0,0,0,0,0,0,1,0,0
K39WRR6FK_17106-5075-17618-5587,0,0,0,0,0,0,1,0,0
K39WRR6FK_17113-8032-17625-8544,0,0,0,0,0,0,1,0,0
K39WRR6FK_17625-8032-18137-8544,0,0,0,0,0,0,1,0,0
K39WRR6FK_17618-5587-18130-6099,0,0,0,0,0,0,1,0,0
K39WRR6FK_18130-6099-18642-6611,0,0,0,0,0,0,1,0,0
K39WRR6FK_18130-6611-18642-7123,0,0,0,0,0,0,1,0,0
K39WRR6FK_17618-7635-18130-8147,0,0,0,0,0,0,1,0,0
K39WRR6FK_18137-8032-18649-8544,0,0,0,0,0,0,1,0,0
K39WRR6FK_17618-6099-18130-6611,0,0,0,0,0,0,1,0,0
K39WRR6FK_18130-7635-18642-8147,0,0,0,0,0,0,1,0,0
K39WRR6FK_19154-7123-19666-7635,0,0,0,0,0,0,1,0,0
K39WRR6FK_18642-7123-19154-7635,0,0,0,0,0,0,1,0,0
K39WRR6FK_18642-6611-19154-7123,0,0,0,0,0,0,1,0,0
K3CCYNP2E_384-687-896-1199,0,0,0,1,0,0,0,0,0
K3NGWHK9C_10077-10279-10589-10791,0,1,0,0,0,0,0,0,0
K39WRR6FK_19154-7635-19666-8147,0,0,0,0,0,0,1,0,0
K3EWRIMFT_5003-1286-5515-1798,0,0,0,0,0,0,0,0,1
K3NGWHK9C_10077-10791-10589-11303,0,1,0,0,0,0,0,0,0
K39WRR6FK_19666-7635-20178-8147,0,0,0,0,0,0,1,0,0
K3NGWHK9C_10283-6279-10795-6791,0,1,0,0,0,0,0,0,0
K3NGWHK9C_10087-8585-10599-9097,0,1,0,0,0,0,0,0,0
K3NGWHK9C_10324-3112-10836-3624,0,1,0,0,0,0,0,0,0
K3NGWHK9C_10247-11666-10759-12178,0,1,0,0,0,0,0,0,0
K3NGWHK9C_10365-7077-10877-7589,0,1,0,0,0,0,0,0,0
K3NGWHK9C_10324-4648-10836-5160,0,1,0,0,0,0,0,0,0
K3NGWHK9C_10365-7589-10877-8101,0,1,0,0,0,0,0,0,0
K3NGWHK9C_10371-3923-10883-4435,0,1,0,0,0,0,0,0,0
K3NGWHK9C_10371-4947-10883-5459,0,1,0,0,0,0,0,0,0
K3NGWHK9C_10451-1480-10963-1992,0,1,0,0,0,0,0,0,0
K3NGWHK9C_10451-1992-10963-2504,0,1,0,0,0,0,0,0,0
K3NGWHK9C_10371-5971-10883-6483,0,1,0,0,0,0,0,0,0
K3NGWHK9C_10589-10279-11101-10791,0,1,0,0,0,0,0,0,0
K3NGWHK9C_10451-456-10963-968,0,1,0,0,0,0,0,0,0
K3NGWHK9C_10451-968-10963-1480,0,1,0,0,0,0,0,0,0
K3NGWHK9C_10451-2504-10963-3016,0,1,0,0,0,0,0,0,0
K3NGWHK9C_10599-8585-11111-9097,0,1,0,0,0,0,0,0,0
K3NGWHK9C_10759-11666-11271-12178,0,1,0,0,0,0,0,0,0
K3NGWHK9C_10836-4648-11348-5160,0,1,0,0,0,0,0,0,0
K3NGWHK9C_10795-6279-11307-6791,0,1,0,0,0,0,0,0,0
K3NGWHK9C_10836-3624-11348-4136,0,1,0,0,0,0,0,0,0
K3NGWHK9C_10877-7589-11389-8101,0,1,0,0,0,0,0,0,0
K3NGWHK9C_10883-4947-11395-5459,0,1,0,0,0,0,0,0,0
K3NGWHK9C_10836-3112-11348-3624,0,1,0,0,0,0,0,0,0
K3NGWHK9C_10877-7077-11389-7589,0,1,0,0,0,0,0,0,0
K3NGWHK9C_10883-3923-11395-4435,0,1,0,0,0,0,0,0,0
K3NGWHK9C_10883-5971-11395-6483,0,1,0,0,0,0,0,0,0
K3NGWHK9C_11101-10279-11613-10791,0,1,0,0,0,0,0,0,0
K3NGWHK9C_11271-11666-11783-12178,0,1,0,0,0,0,0,0,0
K3NGWHK9C_11111-8585-11623-9097,0,1,0,0,0,0,0,0,0
K3NGWHK9C_11348-4648-11860-5160,0,1,0,0,0,0,0,0,0
K3NGWHK9C_11348-2600-11860-3112,0,1,0,0,0,0,0,0,0
K3NGWHK9C_11348-3112-11860-3624,0,1,0,0,0,0,0,0,0
K3NGWHK9C_11348-3624-11860-4136,0,1,0,0,0,0,0,0,0
K3NGWHK9C_11389-7077-11901-7589,0,1,0,0,0,0,0,0,0
K3NGWHK9C_11814-6085-12326-6597,0,1,0,0,0,0,0,0,0
K3NGWHK9C_11783-11666-12295-12178,0,1,0,0,0,0,0,0,0
K3NGWHK9C_11395-5971-11907-6483,0,1,0,0,0,0,0,0,0
K3NGWHK9C_11395-3923-11907-4435,0,1,0,0,0,0,0,0,0
K3NGWHK9C_11860-2600-12372-3112,0,1,0,0,0,0,0,0,0
K3NGWHK9C_11860-3624-12372-4136,0,1,0,0,0,0,0,0,0
K3NGWHK9C_11814-6597-12326-7109,0,1,0,0,0,0,0,0,0
K3NGWHK9C_11860-3112-12372-3624,0,1,0,0,0,0,0,0,0
K3NGWHK9C_11613-10279-12125-10791,0,1,0,0,0,0,0,0,0
K3NGWHK9C_11860-4136-12372-4648,0,1,0,0,0,0,0,0,0
K3NGWHK9C_11907-5459-12419-5971,0,1,0,0,0,0,0,0,0
K3NGWHK9C_11860-4648-12372-5160,0,1,0,0,0,0,0,0,0
K3NGWHK9C_11907-4947-12419-5459,0,1,0,0,0,0,0,0,0
K3NGWHK9C_1402-8218-1914-8730,0,1,0,0,0,0,0,0,0
K3NGWHK9C_1418-10108-1930-10620,0,1,0,0,0,0,0,0,0
K3NGWHK9C_1402-7706-1914-8218,0,1,0,0,0,0,0,0,0
K3NGWHK9C_1418-11132-1930-11644,0,1,0,0,0,0,0,0,0
K3NGWHK9C_1418-11644-1930-12156,0,1,0,0,0,0,0,0,0
K3NGWHK9C_1418-8572-1930-9084,0,1,0,0,0,0,0,0,0
K3NGWHK9C_1418-12156-1930-12668,0,1,0,0,0,0,0,0,0
K3NGWHK9C_1930-10620-2442-11132,0,1,0,0,0,0,0,0,0
K3NGWHK9C_1418-9596-1930-10108,0,1,0,0,0,0,0,0,0
K3NGWHK9C_1914-7194-2426-7706,0,1,0,0,0,0,0,0,0
K3NGWHK9C_1914-7706-2426-8218,0,1,0,0,0,0,0,0,0
K3NGWHK9C_1914-8218-2426-8730,0,1,0,0,0,0,0,0,0
K3NGWHK9C_1930-11132-2442-11644,0,1,0,0,0,0,0,0,0
K3NGWHK9C_1930-12156-2442-12668,0,1,0,0,0,0,0,0,0
K3NGWHK9C_1930-8572-2442-9084,0,1,0,0,0,0,0,0,0
K3NGWHK9C_1930-9084-2442-9596,0,1,0,0,0,0,0,0,0
K3NGWHK9C_1930-9596-2442-10108,0,1,0,0,0,0,0,0,0
K3NGWHK9C_2426-7194-2938-7706,0,1,0,0,0,0,0,0,0
K3NGWHK9C_2426-7706-2938-8218,0,1,0,0,0,0,0,0,0
K3NGWHK9C_2442-10108-2954-10620,0,1,0,0,0,0,0,0,0
K3NGWHK9C_2426-8218-2938-8730,0,1,0,0,0,0,0,0,0
K3NGWHK9C_2442-11644-2954-12156,0,1,0,0,0,0,0,0,0
K3NGWHK9C_2442-8572-2954-9084,0,1,0,0,0,0,0,0,0
K3NGWHK9C_2938-7706-3450-8218,0,1,0,0,0,0,0,0,0
K3NGWHK9C_2837-527-3349-1039,0,1,0,0,0,0,0,0,0
K3NGWHK9C_2954-10108-3466-10620,0,1,0,0,0,0,0,0,0
K3NGWHK9C_2938-7194-3450-7706,0,1,0,0,0,0,0,0,0
K3NGWHK9C_2954-10620-3466-11132,0,1,0,0,0,0,0,0,0
K3NGWHK9C_2938-8218-3450-8730,0,1,0,0,0,0,0,0,0
K3NGWHK9C_2947-1146-3459-1658,0,1,0,0,0,0,0,0,0
K3NGWHK9C_2442-9596-2954-10108,0,1,0,0,0,0,0,0,0
K3NGWHK9C_2954-11132-3466-11644,0,1,0,0,0,0,0,0,0
K3NGWHK9C_2954-9596-3466-10108,0,1,0,0,0,0,0,0,0
K3NGWHK9C_3450-7194-3962-7706,0,1,0,0,0,0,0,0,0
K3NGWHK9C_2954-11644-3466-12156,0,1,0,0,0,0,0,0,0
K3NGWHK9C_3459-1146-3971-1658,0,1,0,0,0,0,0,0,0
K3NGWHK9C_3459-1658-3971-2170,0,1,0,0,0,0,0,0,0
K3NGWHK9C_3466-10108-3978-10620,0,1,0,0,0,0,0,0,0
K3NGWHK9C_3459-2170-3971-2682,0,1,0,0,0,0,0,0,0
K3NGWHK9C_3466-8060-3978-8572,0,1,0,0,0,0,0,0,0
K3NGWHK9C_3466-10620-3978-11132,0,1,0,0,0,0,0,0,0
K3NGWHK9C_3962-7194-4474-7706,0,1,0,0,0,0,0,0,0
K3NGWHK9C_3971-1146-4483-1658,0,1,0,0,0,0,0,0,0
K3NGWHK9C_3971-1658-4483-2170,0,1,0,0,0,0,0,0,0
K3NGWHK9C_3962-7706-4474-8218,0,1,0,0,0,0,0,0,0
K3NGWHK9C_3466-8572-3978-9084,0,1,0,0,0,0,0,0,0
K3NGWHK9C_3466-9596-3978-10108,0,1,0,0,0,0,0,0,0
K3NGWHK9C_3971-2170-4483-2682,0,1,0,0,0,0,0,0,0
K3NGWHK9C_3978-10620-4490-11132,0,1,0,0,0,0,0,0,0
K3NGWHK9C_3978-8572-4490-9084,0,1,0,0,0,0,0,0,0
K3NGWHK9C_3978-8060-4490-8572,0,1,0,0,0,0,0,0,0
K3NGWHK9C_3978-9596-4490-10108,0,1,0,0,0,0,0,0,0
K3NGWHK9C_3978-9084-4490-9596,0,1,0,0,0,0,0,0,0
K3NGWHK9C_4087-12166-4599-12678,0,1,0,0,0,0,0,0,0
K3NGWHK9C_4483-1658-4995-2170,0,1,0,0,0,0,0,0,0
K3NGWHK9C_4474-7194-4986-7706,0,1,0,0,0,0,0,0,0
K3NGWHK9C_4474-7706-4986-8218,0,1,0,0,0,0,0,0,0
K3NGWHK9C_4490-10108-5002-10620,0,1,0,0,0,0,0,0,0
K3NGWHK9C_4483-2170-4995-2682,0,1,0,0,0,0,0,0,0
K3NGWHK9C_4599-11654-5111-12166,0,1,0,0,0,0,0,0,0
K3NGWHK9C_4490-9084-5002-9596,0,1,0,0,0,0,0,0,0
K3NGWHK9C_4490-10620-5002-11132,0,1,0,0,0,0,0,0,0
K3NGWHK9C_4490-12156-5002-12668,0,1,0,0,0,0,0,0,0
K3NGWHK9C_4490-8572-5002-9084,0,1,0,0,0,0,0,0,0
K3NGWHK9C_4986-7194-5498-7706,0,1,0,0,0,0,0,0,0
K3NGWHK9C_5002-10620-5514-11132,0,1,0,0,0,0,0,0,0
K3NGWHK9C_4986-8218-5498-8730,0,1,0,0,0,0,0,0,0
K3NGWHK9C_5501-10176-6013-10688,0,1,0,0,0,0,0,0,0
K3NGWHK9C_5002-11644-5514-12156,0,1,0,0,0,0,0,0,0
K3NGWHK9C_5501-8128-6013-8640,0,1,0,0,0,0,0,0,0
K3NGWHK9C_5002-11132-5514-11644,0,1,0,0,0,0,0,0,0
K3NGWHK9C_5002-8572-5514-9084,0,1,0,0,0,0,0,0,0
K3NGWHK9C_5514-8572-6026-9084,0,1,0,0,0,0,0,0,0
K3NGWHK9C_5514-10620-6026-11132,0,1,0,0,0,0,0,0,0
K3NGWHK9C_5514-11132-6026-11644,0,1,0,0,0,0,0,0,0
K3NGWHK9C_6013-10176-6525-10688,0,1,0,0,0,0,0,0,0
K3NGWHK9C_5982-7080-6494-7592,0,1,0,0,0,0,0,0,0
K3NGWHK9C_6013-7616-6525-8128,0,1,0,0,0,0,0,0,0
K3NGWHK9C_6013-8640-6525-9152,0,1,0,0,0,0,0,0,0
K3NGWHK9C_6013-9152-6525-9664,0,1,0,0,0,0,0,0,0
K3NGWHK9C_6013-6592-6525-7104,0,1,0,0,0,0,0,0,0
K3NGWHK9C_6013-9664-6525-10176,0,1,0,0,0,0,0,0,0
K3NGWHK9C_6060-4311-6572-4823,0,1,0,0,0,0,0,0,0
K3NGWHK9C_6023-3931-6535-4443,0,1,0,0,0,0,0,0,0
K3NGWHK9C_6060-4823-6572-5335,0,1,0,0,0,0,0,0,0
K3NGWHK9C_6525-10176-7037-10688,0,1,0,0,0,0,0,0,0
K3NGWHK9C_6092-2233-6604-2745,0,1,0,0,0,0,0,0,0
K3NGWHK9C_6149-12171-6661-12683,0,1,0,0,0,0,0,0,0
K3NGWHK9C_6149-11659-6661-12171,0,1,0,0,0,0,0,0,0
K3NGWHK9C_6060-5335-6572-5847,0,1,0,0,0,0,0,0,0
K3NGWHK9C_6525-7104-7037-7616,0,1,0,0,0,0,0,0,0
K3NGWHK9C_6525-7616-7037-8128,0,1,0,0,0,0,0,0,0
K3NGWHK9C_6525-6592-7037-7104,0,1,0,0,0,0,0,0,0
K3NGWHK9C_6525-8640-7037-9152,0,1,0,0,0,0,0,0,0
K3NGWHK9C_6525-9152-7037-9664,0,1,0,0,0,0,0,0,0
K3NGWHK9C_6572-5335-7084-5847,0,1,0,0,0,0,0,0,0
K3NGWHK9C_6572-4823-7084-5335,0,1,0,0,0,0,0,0,0
K3NGWHK9C_6604-1721-7116-2233,0,1,0,0,0,0,0,0,0
K3NGWHK9C_6525-9664-7037-10176,0,1,0,0,0,0,0,0,0
K3NGWHK9C_6604-2233-7116-2745,0,1,0,0,0,0,0,0,0
K3NGWHK9C_7037-6592-7549-7104,0,1,0,0,0,0,0,0,0
K3NGWHK9C_6661-12171-7173-12683,0,1,0,0,0,0,0,0,0
K3NGWHK9C_6661-11659-7173-12171,0,1,0,0,0,0,0,0,0
K3NGWHK9C_7058-11320-7570-11832,0,1,0,0,0,0,0,0,0
K3NGWHK9C_7084-4823-7596-5335,0,1,0,0,0,0,0,0,0
K3NGWHK9C_7084-4311-7596-4823,0,1,0,0,0,0,0,0,0
K3NGWHK9C_7037-8128-7549-8640,0,1,0,0,0,0,0,0,0
K3NGWHK9C_7037-8640-7549-9152,0,1,0,0,0,0,0,0,0
K3NGWHK9C_7084-5335-7596-5847,0,1,0,0,0,0,0,0,0
K3NGWHK9C_721-2069-1233-2581,0,1,0,0,0,0,0,0,0
K3NGWHK9C_721-1557-1233-2069,0,1,0,0,0,0,0,0,0
K3NGWHK9C_7523-1109-8035-1621,0,1,0,0,0,0,0,0,0
K3NGWHK9C_7517-9767-8029-10279,0,1,0,0,0,0,0,0,0
K3NGWHK9C_7549-6080-8061-6592,0,1,0,0,0,0,0,0,0
K3NGWHK9C_7517-10791-8029-11303,0,1,0,0,0,0,0,0,0
K3NGWHK9C_7523-597-8035-1109,0,1,0,0,0,0,0,0,0
K3NGWHK9C_7549-10176-8061-10688,0,1,0,0,0,0,0,0,0
K3NGWHK9C_7570-11832-8082-12344,0,1,0,0,0,0,0,0,0
K3NGWHK9C_7549-7616-8061-8128,0,1,0,0,0,0,0,0,0
K3NGWHK9C_7570-11320-8082-11832,0,1,0,0,0,0,0,0,0
K3NGWHK9C_7596-4311-8108-4823,0,1,0,0,0,0,0,0,0
K3NGWHK9C_7684-1474-8196-1986,0,1,0,0,0,0,0,0,0
K3NGWHK9C_7596-5335-8108-5847,0,1,0,0,0,0,0,0,0
K3NGWHK9C_7684-1986-8196-2498,0,1,0,0,0,0,0,0,0
K3NGWHK9C_8029-10791-8541-11303,0,1,0,0,0,0,0,0,0
K3NGWHK9C_7684-2498-8196-3010,0,1,0,0,0,0,0,0,0
K3NGWHK9C_8029-9767-8541-10279,0,1,0,0,0,0,0,0,0
K3NGWHK9C_8035-597-8547-1109,0,1,0,0,0,0,0,0,0
K3NGWHK9C_8035-1109-8547-1621,0,1,0,0,0,0,0,0,0
K3NGWHK9C_8039-9097-8551-9609,0,1,0,0,0,0,0,0,0
K3NGWHK9C_8061-7616-8573-8128,0,1,0,0,0,0,0,0,0
K3NGWHK9C_8061-6080-8573-6592,0,1,0,0,0,0,0,0,0
K3NGWHK9C_8061-8128-8573-8640,0,1,0,0,0,0,0,0,0
K3NGWHK9C_8061-7104-8573-7616,0,1,0,0,0,0,0,0,0
K3NGWHK9C_8061-6592-8573-7104,0,1,0,0,0,0,0,0,0
K3NGWHK9C_8082-11832-8594-12344,0,1,0,0,0,0,0,0,0
K3NGWHK9C_8108-4311-8620-4823,0,1,0,0,0,0,0,0,0
K3NGWHK9C_8082-11320-8594-11832,0,1,0,0,0,0,0,0,0
K3NGWHK9C_8061-8640-8573-9152,0,1,0,0,0,0,0,0,0
K3NGWHK9C_8196-1474-8708-1986,0,1,0,0,0,0,0,0,0
K3NGWHK9C_8108-4823-8620-5335,0,1,0,0,0,0,0,0,0
K3NGWHK9C_8196-1986-8708-2498,0,1,0,0,0,0,0,0,0
K3NGWHK9C_8541-10791-9053-11303,0,1,0,0,0,0,0,0,0
K3NGWHK9C_8196-2498-8708-3010,0,1,0,0,0,0,0,0,0
K3NGWHK9C_8551-8073-9063-8585,0,1,0,0,0,0,0,0,0
K3NGWHK9C_8541-9767-9053-10279,0,1,0,0,0,0,0,0,0
K3NGWHK9C_8551-9097-9063-9609,0,1,0,0,0,0,0,0,0
K3NGWHK9C_8594-11832-9106-12344,0,1,0,0,0,0,0,0,0
K3NGWHK9C_8788-3624-9300-4136,0,1,0,0,0,0,0,0,0
K3NGWHK9C_890-7706-1402-8218,0,1,0,0,0,0,0,0,0
K3NGWHK9C_8788-4136-9300-4648,0,1,0,0,0,0,0,0,0
K3NGWHK9C_8594-11320-9106-11832,0,1,0,0,0,0,0,0,0
K3NGWHK9C_8830-7814-9342-8326,0,1,0,0,0,0,0,0,0
K3NGWHK9C_8915-1480-9427-1992,0,1,0,0,0,0,0,0,0
K3NGWHK9C_8919-5937-9431-6449,0,1,0,0,0,0,0,0,0
K3NGWHK9C_8915-1992-9427-2504,0,1,0,0,0,0,0,0,0
K3NGWHK9C_906-12156-1418-12668,0,1,0,0,0,0,0,0,0
K3NGWHK9C_8915-968-9427-1480,0,1,0,0,0,0,0,0,0
K3NGWHK9C_906-10108-1418-10620,0,1,0,0,0,0,0,0,0
K3NGWHK9C_906-11644-1418-12156,0,1,0,0,0,0,0,0,0
K3NGWHK9C_9053-10791-9565-11303,0,1,0,0,0,0,0,0,0
K3NGWHK9C_9053-9767-9565-10279,0,1,0,0,0,0,0,0,0
K3NGWHK9C_906-8572-1418-9084,0,1,0,0,0,0,0,0,0
K3NGWHK9C_906-8060-1418-8572,0,1,0,0,0,0,0,0,0
K3NGWHK9C_906-9596-1418-10108,0,1,0,0,0,0,0,0,0
K3NGWHK9C_9063-8073-9575-8585,0,1,0,0,0,0,0,0,0
K3NGWHK9C_9300-3624-9812-4136,0,1,0,0,0,0,0,0,0
K3NGWHK9C_9063-8585-9575-9097,0,1,0,0,0,0,0,0,0
K3NGWHK9C_9300-3112-9812-3624,0,1,0,0,0,0,0,0,0
K3NGWHK9C_9063-9097-9575-9609,0,1,0,0,0,0,0,0,0
K3NGWHK9C_9341-7589-9853-8101,0,1,0,0,0,0,0,0,0
K3NGWHK9C_9345-11246-9857-11758,0,1,0,0,0,0,0,0,0
K3NGWHK9C_9345-11758-9857-12270,0,1,0,0,0,0,0,0,0
K3NGWHK9C_9347-4435-9859-4947,0,1,0,0,0,0,0,0,0
K3NGWHK9C_9427-2504-9939-3016,0,1,0,0,0,0,0,0,0
K3NGWHK9C_9347-4947-9859-5459,0,1,0,0,0,0,0,0,0
K3NGWHK9C_9427-968-9939-1480,0,1,0,0,0,0,0,0,0
K3NGWHK9C_9565-10279-10077-10791,0,1,0,0,0,0,0,0,0
K3NGWHK9C_9347-5459-9859-5971,0,1,0,0,0,0,0,0,0
K3NGWHK9C_9427-456-9939-968,0,1,0,0,0,0,0,0,0
K3NGWHK9C_9575-8585-10087-9097,0,1,0,0,0,0,0,0,0
K3NGWHK9C_9565-10791-10077-11303,0,1,0,0,0,0,0,0,0
K3NGWHK9C_9575-8073-10087-8585,0,1,0,0,0,0,0,0,0
K3NGWHK9C_9857-11758-10369-12270,0,1,0,0,0,0,0,0,0
K3NGWHK9C_9853-7589-10365-8101,0,1,0,0,0,0,0,0,0
K3NGWHK9C_9771-6279-10283-6791,0,1,0,0,0,0,0,0,0
K3NGWHK9C_9857-11246-10369-11758,0,1,0,0,0,0,0,0,0
K3NGWHK9C_9812-3112-10324-3624,0,1,0,0,0,0,0,0,0
K3NGWHK9C_9859-3923-10371-4435,0,1,0,0,0,0,0,0,0
K3NGWHK9C_9859-4435-10371-4947,0,1,0,0,0,0,0,0,0
K3NGWHK9C_9859-4947-10371-5459,0,1,0,0,0,0,0,0,0
K3NGWHK9C_9939-2504-10451-3016,0,1,0,0,0,0,0,0,0
K3NGWHK9C_9859-5459-10371-5971,0,1,0,0,0,0,0,0,0
K3QUFY3Q9_1424-1930-1936-2442,0,0,0,1,0,0,0,0,0
K3NGWHK9C_9939-456-10451-968,0,1,0,0,0,0,0,0,0
K4P8YFHJ7_11854-2388-12366-2900,0,0,0,0,1,0,0,0,0
K4P8YFHJ7_11837-1803-12349-2315,0,0,0,0,1,0,0,0,0
K4P8YFHJ7_11845-1468-12357-1980,0,0,0,0,1,0,0,0,0
K4P8YFHJ7_11863-3392-12375-3904,0,0,0,0,1,0,0,0,0
K4P8YFHJ7_11855-3055-12367-3567,0,0,0,0,1,0,0,0,0
K4P8YFHJ7_11857-2721-12369-3233,0,0,0,0,1,0,0,0,0
K4PLDBDZZ_2355-551-2867-1063,0,0,0,0,1,0,0,0,0
K4P8YFHJ7_249-2748-761-3260,0,0,0,0,1,0,0,0,0
K4P8YFHJ7_241-3422-753-3934,0,0,0,0,1,0,0,0,0
K4PLDBDZZ_2939-4334-3451-4846,0,0,0,0,1,0,0,0,0
K4PLDBDZZ_1398-558-1910-1070,0,0,0,0,1,0,0,0,0
K4PLDBDZZ_3358-557-3870-1069,0,0,0,0,1,0,0,0,0
K4PLDBDZZ_924-664-1436-1176,0,0,0,0,1,0,0,0,0
K4PLDBDZZ_3281-4321-3793-4833,0,0,0,0,1,0,0,0,0
K8IRGRJAR_10271-1989-10783-2501,0,0,0,0,0,1,0,0,0
K4PLDBDZZ_3334-2417-3846-2929,0,0,0,0,0,0,0,0,1
K8IRGRJAR_1033-2280-1545-2792,0,0,0,0,1,1,0,0,0
K8IRGRJAR_1033-1768-1545-2280,0,0,0,0,1,1,0,0,0
K8IRGRJAR_10425-1302-10937-1814,0,0,0,0,0,1,0,0,0
K8IRGRJAR_10783-1989-11295-2501,0,0,0,0,0,1,0,0,0
K8IRGRJAR_10425-790-10937-1302,0,0,0,0,0,0,0,0,1
K8IRGRJAR_11295-1989-11807-2501,0,0,0,0,0,1,0,0,0
K8IRGRJAR_10937-1302-11449-1814,0,0,0,0,0,1,0,0,0
K8IRGRJAR_11128-817-11640-1329,0,0,0,0,0,1,0,0,1
K8IRGRJAR_11807-1989-12319-2501,0,0,0,0,0,1,0,0,0
K8IRGRJAR_11449-790-11961-1302,0,0,0,0,0,1,0,0,1
K8IRGRJAR_11449-1302-11961-1814,0,0,0,0,0,1,0,0,0
K8IRGRJAR_1172-972-1684-1484,0,0,0,0,1,1,0,0,1
K8IRGRJAR_12116-847-12628-1359,0,0,0,0,0,1,0,0,0
K8IRGRJAR_12664-1329-13176-1841,0,0,0,0,0,1,0,0,0
K8IRGRJAR_12628-847-13140-1359,0,0,0,0,0,1,0,0,0
K8IRGRJAR_12152-1329-12664-1841,0,0,0,0,0,1,0,0,0
K8IRGRJAR_12319-1989-12831-2501,0,0,0,0,0,1,0,0,0
K8IRGRJAR_12831-1989-13343-2501,0,0,0,0,0,1,0,0,0
K8IRGRJAR_13176-817-13688-1329,0,0,0,0,0,1,0,0,0
K8IRGRJAR_13343-1989-13855-2501,0,0,0,0,0,1,0,0,0
K8IRGRJAR_13176-1329-13688-1841,0,0,0,0,0,1,0,0,0
K8IRGRJAR_13688-1329-14200-1841,0,0,0,0,0,1,0,0,0
K8IRGRJAR_13688-817-14200-1329,0,0,0,0,0,1,0,0,0
K8IRGRJAR_13855-1989-14367-2501,0,0,0,0,0,1,0,0,0
K8IRGRJAR_1400-1329-1912-1841,0,0,0,0,0,1,0,0,1
K8IRGRJAR_1400-1841-1912-2353,0,0,0,0,0,1,0,0,0
K8IRGRJAR_1400-2353-1912-2865,0,0,0,0,0,1,0,0,0
K8IRGRJAR_14200-1329-14712-1841,0,0,0,0,0,1,0,0,0
K8IRGRJAR_1400-817-1912-1329,0,0,0,0,0,1,0,0,0
K8IRGRJAR_14200-817-14712-1329,0,0,0,0,0,1,0,0,0
K8IRGRJAR_14712-817-15224-1329,0,0,0,0,0,1,0,0,0
K8IRGRJAR_14712-1841-15224-2353,0,0,0,0,0,1,0,0,0
K8IRGRJAR_14367-1989-14879-2501,0,0,0,0,0,1,0,0,0
K8IRGRJAR_1429-3132-1941-3644,0,0,0,0,1,1,0,0,0
K8IRGRJAR_14712-1329-15224-1841,0,0,0,0,0,1,0,0,0
K8IRGRJAR_15391-1477-15903-1989,0,0,0,0,0,1,0,0,0
K8IRGRJAR_15224-817-15736-1329,0,0,0,0,0,1,0,0,0
K8IRGRJAR_15224-1841-15736-2353,0,0,0,0,0,1,0,0,0
K8IRGRJAR_15736-1841-16248-2353,0,0,0,0,0,1,0,0,0
K8IRGRJAR_15736-817-16248-1329,0,0,0,0,0,1,0,0,0
K8IRGRJAR_15903-1477-16415-1989,0,0,0,0,0,1,0,0,0
K8IRGRJAR_16248-817-16760-1329,0,0,0,0,0,1,0,0,0
K8IRGRJAR_16248-1841-16760-2353,0,0,0,0,0,1,0,0,0
K8IRGRJAR_16415-1477-16927-1989,0,0,0,0,0,1,0,0,0
K8IRGRJAR_16760-1841-17272-2353,0,0,0,0,0,1,0,0,0
K8IRGRJAR_16760-817-17272-1329,0,0,0,0,0,1,0,0,0
K8IRGRJAR_16415-2501-16927-3013,0,0,0,0,0,1,0,0,0
K8IRGRJAR_1684-2787-2196-3299,0,0,0,0,1,1,0,0,0
K8IRGRJAR_16927-1477-17439-1989,0,0,0,0,0,1,0,0,0
K8IRGRJAR_1684-4323-2196-4835,0,0,0,0,0,1,0,0,0
K8IRGRJAR_16927-2501-17439-3013,0,0,0,0,1,1,0,0,0
K8IRGRJAR_1684-3811-2196-4323,0,0,0,0,1,1,0,0,0
K8IRGRJAR_1684-3299-2196-3811,0,0,0,0,1,1,0,0,0
K8IRGRJAR_17067-2972-17579-3484,0,0,0,0,1,1,0,0,0
K8IRGRJAR_1721-1302-2233-1814,0,0,0,0,0,0,0,0,1
K8IRGRJAR_17270-2587-17782-3099,0,0,0,0,1,1,0,0,0
K8IRGRJAR_17272-1841-17784-2353,0,0,0,0,0,1,0,0,0
K8IRGRJAR_17439-1477-17951-1989,0,0,0,0,0,1,0,0,0
K8IRGRJAR_17272-817-17784-1329,0,0,0,0,0,1,0,0,0
K8IRGRJAR_1746-6445-2258-6957,0,0,0,0,0,1,0,0,0
K8IRGRJAR_17550-3278-18062-3790,0,0,0,0,0,1,0,0,0
K8IRGRJAR_17467-2422-17979-2934,0,0,0,0,1,1,0,0,0
K8IRGRJAR_17550-3790-18062-4302,0,0,0,0,0,1,0,0,0
K8IRGRJAR_17550-4302-18062-4814,0,0,0,0,0,1,0,0,0
K8IRGRJAR_17784-1841-18296-2353,0,0,0,0,0,1,0,0,0
K8IRGRJAR_18296-1841-18808-2353,0,0,0,0,0,1,0,0,0
K8IRGRJAR_17951-1477-18463-1989,0,0,0,0,0,1,0,0,0
K8IRGRJAR_17784-2353-18296-2865,0,0,0,0,0,1,0,0,0
K8IRGRJAR_18296-817-18808-1329,0,0,0,0,0,1,0,0,0
K8IRGRJAR_17784-817-18296-1329,0,0,0,0,0,1,0,0,0
K8IRGRJAR_18463-1477-18975-1989,0,0,0,0,0,1,0,0,0
K8IRGRJAR_18808-817-19320-1329,0,0,0,0,0,1,0,0,0
K8IRGRJAR_18808-1841-19320-2353,0,0,0,0,0,1,0,0,0
K8IRGRJAR_18975-1477-19487-1989,0,0,0,0,0,1,0,0,0
K8IRGRJAR_1912-1841-2424-2353,0,0,0,0,0,1,0,0,0
K8IRGRJAR_19341-769-19853-1281,0,0,0,0,0,1,0,0,0
K8IRGRJAR_1912-2353-2424-2865,0,0,0,0,0,1,0,0,0
K8IRGRJAR_19870-6381-20382-6893,0,0,0,0,1,0,0,0,0
K8IRGRJAR_19487-1477-19999-1989,0,0,0,0,1,1,0,0,0
K8IRGRJAR_19748-761-20260-1273,0,0,0,0,1,1,0,0,0
K8IRGRJAR_19891-3875-20403-4387,0,0,0,0,1,0,0,0,0
K8IRGRJAR_19912-1441-20424-1953,0,0,0,0,1,1,0,0,0
K8IRGRJAR_19912-929-20424-1441,0,0,0,0,1,1,0,0,0
K8IRGRJAR_19950-2476-20462-2988,0,0,0,0,1,0,0,0,0
K8IRGRJAR_19952-3180-20464-3692,0,0,0,0,1,0,0,0,0
K8IRGRJAR_19940-1789-20452-2301,0,0,0,0,1,1,0,0,0
K8IRGRJAR_20151-655-20663-1167,0,0,0,0,0,1,0,0,0
K8IRGRJAR_2079-1477-2591-1989,0,0,0,0,0,1,0,0,1
K8IRGRJAR_2424-1841-2936-2353,0,0,0,0,0,1,0,0,0
K8IRGRJAR_2407-4662-2919-5174,0,0,0,0,0,1,0,0,0
K8IRGRJAR_2224-3188-2736-3700,0,0,0,0,0,1,0,0,0
K8IRGRJAR_2591-1477-3103-1989,0,0,0,0,0,1,0,0,1
K8IRGRJAR_2233-1302-2745-1814,0,0,0,0,0,0,0,0,1
K8IRGRJAR_2591-2501-3103-3013,0,0,0,0,0,1,0,0,0
K8IRGRJAR_2718-3791-3230-4303,0,0,0,0,0,1,0,0,0
K8IRGRJAR_2736-3188-3248-3700,0,0,0,0,0,1,0,0,0
K8IRGRJAR_2718-4303-3230-4815,0,0,0,0,0,1,0,0,0
K8IRGRJAR_2745-1302-3257-1814,0,0,0,0,0,0,0,0,1
K8IRGRJAR_2936-1841-3448-2353,0,0,0,0,0,1,0,0,0
K8IRGRJAR_3103-1477-3615-1989,0,0,0,0,0,1,0,0,1
K8IRGRJAR_3103-2501-3615-3013,0,0,0,0,0,1,0,0,0
K8IRGRJAR_3448-1841-3960-2353,0,0,0,0,0,1,0,0,0
K8IRGRJAR_3257-1302-3769-1814,0,0,0,0,0,1,0,0,1
K8IRGRJAR_3615-2501-4127-3013,0,0,0,0,0,1,0,0,0
K8IRGRJAR_3448-817-3960-1329,0,0,0,0,0,0,0,0,1
K8IRGRJAR_3615-1477-4127-1989,0,0,0,0,0,1,0,0,1
K8IRGRJAR_3616-6412-4128-6924,0,0,0,0,0,1,0,0,0
K8IRGRJAR_3960-817-4472-1329,0,0,0,0,0,0,0,0,1
K8IRGRJAR_3769-1302-4281-1814,0,0,0,0,0,1,0,0,1
K8IRGRJAR_3960-1841-4472-2353,0,0,0,0,0,1,0,0,0
K8IRGRJAR_4127-1477-4639-1989,0,0,0,0,0,1,0,0,0
K8IRGRJAR_4127-2501-4639-3013,0,0,0,0,0,1,0,0,0
K8IRGRJAR_4128-6412-4640-6924,0,0,0,0,0,1,0,0,0
K8IRGRJAR_4472-1841-4984-2353,0,0,0,0,0,1,0,0,0
K8IRGRJAR_4472-817-4984-1329,0,0,0,0,0,0,0,0,1
K8IRGRJAR_4281-1302-4793-1814,0,0,0,0,0,1,0,0,1
K8IRGRJAR_4639-1477-5151-1989,0,0,0,0,0,1,0,0,0
K8IRGRJAR_4639-2501-5151-3013,0,0,0,0,0,1,0,0,0
K8IRGRJAR_4793-1302-5305-1814,0,0,0,0,0,1,0,0,1
K8IRGRJAR_4959-4269-5471-4781,0,0,0,0,0,1,0,0,0
K8IRGRJAR_4844-6211-5356-6723,0,0,0,0,0,1,0,0,0
K8IRGRJAR_4844-6723-5356-7235,0,0,0,0,0,1,0,0,0
K8IRGRJAR_4984-1841-5496-2353,0,0,0,0,0,1,0,0,0
K8IRGRJAR_4959-4781-5471-5293,0,0,0,0,0,1,0,0,0
K8IRGRJAR_5151-2501-5663-3013,0,0,0,0,0,1,0,0,0
K8IRGRJAR_5471-4269-5983-4781,0,0,0,0,0,1,0,0,0
K8IRGRJAR_4984-817-5496-1329,0,0,0,0,0,0,0,0,1
K8IRGRJAR_5151-1477-5663-1989,0,0,0,0,0,1,0,0,0
K8IRGRJAR_5305-1302-5817-1814,0,0,0,0,0,1,0,0,1
K8IRGRJAR_5496-1841-6008-2353,0,0,0,0,0,1,0,0,0
K8IRGRJAR_5496-2353-6008-2865,0,0,0,0,0,1,0,0,0
K8IRGRJAR_5571-4872-6083-5384,0,0,0,0,0,1,0,0,0
K8IRGRJAR_5571-3848-6083-4360,0,0,0,0,0,1,0,0,0
K8IRGRJAR_5496-817-6008-1329,0,0,0,0,0,0,0,0,1
K8IRGRJAR_5784-6325-6296-6837,0,0,0,0,0,1,0,0,0
K8IRGRJAR_6008-1841-6520-2353,0,0,0,0,0,1,0,0,0
K8IRGRJAR_5663-1477-6175-1989,0,0,0,0,0,1,0,0,0
K8IRGRJAR_5784-5813-6296-6325,0,0,0,0,0,1,0,0,0
K8IRGRJAR_5784-5301-6296-5813,0,0,0,0,0,1,0,0,0
K8IRGRJAR_5817-1302-6329-1814,0,0,0,0,0,1,0,0,1
K8IRGRJAR_5983-4269-6495-4781,0,0,0,0,0,1,0,0,0
K8IRGRJAR_6008-2353-6520-2865,0,0,0,0,0,1,0,0,0
K8IRGRJAR_6083-4872-6595-5384,0,0,0,0,0,1,0,0,0
K8IRGRJAR_6083-3848-6595-4360,0,0,0,0,0,1,0,0,0
K8IRGRJAR_6329-1302-6841-1814,0,0,0,0,0,1,0,0,1
K8IRGRJAR_6008-817-6520-1329,0,0,0,0,0,0,0,0,1
K8IRGRJAR_6495-3757-7007-4269,0,0,0,0,0,1,0,0,0
K8IRGRJAR_6495-4781-7007-5293,0,0,0,0,0,1,0,0,0
K8IRGRJAR_6520-2353-7032-2865,0,0,0,0,0,1,0,0,0
K8IRGRJAR_6595-3336-7107-3848,0,0,0,0,0,1,0,0,0
K8IRGRJAR_6595-4360-7107-4872,0,0,0,0,0,1,0,0,0
K8IRGRJAR_6520-817-7032-1329,0,0,0,0,0,0,0,0,1
K8IRGRJAR_7007-4269-7519-4781,0,0,0,0,0,1,0,0,0
K8IRGRJAR_6687-1989-7199-2501,0,0,0,0,0,1,0,0,0
K8IRGRJAR_7032-2353-7544-2865,0,0,0,0,0,1,0,0,0
K8IRGRJAR_6841-1302-7353-1814,0,0,0,0,0,1,0,0,1
K8IRGRJAR_7032-817-7544-1329,0,0,0,0,0,0,0,0,1
K8IRGRJAR_7107-3848-7619-4360,0,0,0,0,0,1,0,0,0
K8IRGRJAR_7007-3245-7519-3757,0,0,0,0,0,1,0,0,0
K8IRGRJAR_7199-1989-7711-2501,0,0,0,0,0,1,0,0,0
K8IRGRJAR_7544-2353-8056-2865,0,0,0,0,0,1,0,0,0
K8IRGRJAR_7353-1302-7865-1814,0,0,0,0,0,1,0,0,1
K8IRGRJAR_7619-3336-8131-3848,0,0,0,0,0,1,0,0,0
K8IRGRJAR_7544-817-8056-1329,0,0,0,0,0,0,0,0,1
K8IRGRJAR_7619-3848-8131-4360,0,0,0,0,0,1,0,0,0
K8IRGRJAR_7711-1989-8223-2501,0,0,0,0,0,1,0,0,0
K8IRGRJAR_784-5592-1296-6104,0,0,0,0,1,0,0,0,0
K8IRGRJAR_787-6662-1299-7174,0,0,0,0,1,0,0,0,0
K8IRGRJAR_7865-790-8377-1302,0,0,0,0,0,0,0,0,1
K8IRGRJAR_7865-1302-8377-1814,0,0,0,0,0,1,0,0,0
K8IRGRJAR_810-7315-1322-7827,0,0,0,0,1,0,0,0,0
K8IRGRJAR_808-4540-1320-5052,0,0,0,0,1,0,0,0,0
K8IRGRJAR_8056-2353-8568-2865,0,0,0,0,0,1,0,0,0
K8IRGRJAR_822-1091-1334-1603,0,0,0,0,1,0,0,0,0
K8IRGRJAR_810-7827-1322-8339,0,0,0,0,1,0,0,0,0
K8IRGRJAR_822-579-1334-1091,0,0,0,0,1,1,0,0,0
K8IRGRJAR_822-1603-1334-2115,0,0,0,0,1,1,0,0,0
K8IRGRJAR_8735-1989-9247-2501,0,0,0,0,0,1,0,0,0
K8IRGRJAR_8377-790-8889-1302,0,0,0,0,0,0,0,0,1
K8IRGRJAR_8568-2353-9080-2865,0,0,0,0,0,1,0,0,0
K8IRGRJAR_8377-1302-8889-1814,0,0,0,0,0,1,0,0,0
K8IRGRJAR_8223-1989-8735-2501,0,0,0,0,0,1,0,0,0
K8IRGRJAR_8889-790-9401-1302,0,0,0,0,0,0,0,0,1
K8IRGRJAR_8889-1302-9401-1814,0,0,0,0,0,1,0,0,0
K8IRGRJAR_9080-2353-9592-2865,0,0,0,0,0,1,0,0,0
K8IRGRJAR_9401-790-9913-1302,0,0,0,0,0,0,0,0,1
K8IRGRJAR_9759-1989-10271-2501,0,0,0,0,0,1,0,0,0
K8IRGRJAR_9401-1302-9913-1814,0,0,0,0,0,1,0,0,0
K8IRGRJAR_9247-1989-9759-2501,0,0,0,0,0,1,0,0,0
K8IRGRJAR_9913-790-10425-1302,0,0,0,0,0,0,0,0,1
K8IRGRJAR_9913-1302-10425-1814,0,0,0,0,0,1,0,0,0
K97G8AY82_1107-13044-1619-13556,0,0,0,0,1,1,0,0,0
K97G8AY82_1234-9358-1746-9870,0,0,0,0,0,1,0,0,0
K97G8AY82_1309-8347-1821-8859,0,0,0,0,0,1,0,0,0
K97G8AY82_1424-651-1936-1163,0,0,0,0,1,1,0,0,0
K97G8AY82_2010-13022-2522-13534,0,0,0,0,1,1,0,0,0
K97G8AY82_1442-7199-1954-7711,0,0,0,0,0,1,0,0,0
K97G8AY82_1936-651-2448-1163,0,0,0,0,1,1,0,0,0
K97G8AY82_2448-651-2960-1163,0,0,0,0,1,1,0,0,0
K97G8AY82_1619-13044-2131-13556,0,0,0,0,1,1,0,0,0
K97G8AY82_2522-13022-3034-13534,0,0,0,0,1,1,0,0,0
K97G8AY82_2960-651-3472-1163,0,0,0,0,1,1,0,0,0
K97G8AY82_2968-12997-3480-13509,0,0,0,0,1,1,0,0,0
K97G8AY82_3984-651-4496-1163,0,0,0,0,1,1,0,0,0
K97G8AY82_4183-12978-4695-13490,0,0,0,0,1,1,0,0,0
K97G8AY82_3480-12997-3992-13509,0,0,0,0,1,1,0,0,0
K97G8AY82_4633-670-5145-1182,0,0,0,0,1,1,0,0,0
K97G8AY82_3472-651-3984-1163,0,0,0,0,1,1,0,0,0
K97G8AY82_4695-12978-5207-13490,0,0,0,0,1,1,0,0,0
K97G8AY82_5145-670-5657-1182,0,0,0,0,1,1,0,0,0
K97G8AY82_5435-1657-5947-2169,0,0,0,0,0,1,0,0,0
K97G8AY82_5207-12978-5719-13490,0,0,0,0,1,1,0,0,0
K97G8AY82_5874-12920-6386-13432,0,0,0,0,1,1,0,0,0
K97G8AY82_830-8301-1342-8813,0,0,0,0,0,1,0,0,0
K97G8AY82_5657-670-6169-1182,0,0,0,0,1,1,0,0,0
K9IMJKK4Z_4579-2930-5091-3442,0,0,1,0,0,0,0,0,0
K9IIQYTBG_978-1389-1490-1901,0,0,0,0,0,0,0,0,1
K97G8AY82_912-651-1424-1163,0,0,0,0,1,1,0,0,0
K9IMJKK4Z_4776-2259-5288-2771,0,0,1,0,0,0,0,0,0
K9IMJKK4Z_4639-2645-5151-3157,0,0,1,0,0,0,0,0,0
K9IMJKK4Z_4949-773-5461-1285,0,0,1,0,0,0,0,0,0
K9IMJKK4Z_5663-4337-6175-4849,0,0,1,0,0,0,0,0,0
K9IMJKK4Z_4947-3496-5459-4008,0,0,1,0,0,0,0,0,0
K9IMJKK4Z_5663-4849-6175-5361,0,0,1,0,0,0,0,0,0
K9IMJKK4Z_6175-4337-6687-4849,0,0,1,0,0,0,0,0,0
K9IMJKK4Z_6175-4849-6687-5361,0,0,1,0,0,0,0,0,0
K9IMJKK4Z_4898-3894-5410-4406,0,0,1,0,0,0,0,0,0
KAW6W2TAI_1347-3775-1859-4287,1,0,0,0,0,0,0,0,0
K9IMJKK4Z_4917-1075-5429-1587,0,0,1,0,0,0,0,0,0
KAW6W2TAI_1043-1436-1555-1948,1,0,0,0,0,0,0,0,0
KAW6W2TAI_2721-467-3233-979,1,0,0,0,0,0,0,0,0
KAW6W2TAI_1803-4844-2315-5356,1,0,0,0,0,0,0,0,0
KAW6W2TAI_1520-3542-2032-4054,1,0,0,0,0,0,0,0,0
KAW6W2TAI_1532-4903-2044-5415,1,0,0,0,0,0,0,0,0
KAW6W2TAI_1772-1164-2284-1676,1,0,0,0,0,0,0,0,0
KAW6W2TAI_2400-1594-2912-2106,1,0,0,0,0,0,0,0,0
KAW6W2TAI_2862-4390-3374-4902,1,0,0,0,0,0,0,0,0
KAW6W2TAI_3055-1618-3567-2130,1,0,0,0,0,0,0,0,0
KAW6W2TAI_2800-2316-3312-2828,1,0,0,0,0,0,0,0,0
KAW6W2TAI_702-4854-1214-5366,1,0,0,0,0,0,0,0,0
KBNQQADRJ_1156-868-1668-1380,0,1,0,0,0,0,0,0,0
KAW6W2TAI_336-4755-848-5267,1,0,0,0,0,0,0,0,0
KAW6W2TAI_540-3975-1052-4487,1,0,0,0,0,0,0,0,0
KAW6W2TAI_494-2066-1006-2578,1,0,0,0,0,0,0,0,0
KAW6W2TAI_4944-303-5456-815,1,0,0,0,0,0,0,0,0
KAW6W2TAI_3277-2860-3789-3372,1,0,0,0,0,0,0,0,0
KAW6W2TAI_781-914-1293-1426,1,0,0,0,0,0,0,0,0
KAW6W2TAI_826-4236-1338-4748,1,0,0,0,0,0,0,0,0
KBTBXQRTX_1540-1155-2052-1667,0,1,0,0,0,0,0,0,0
KBNQQADRJ_1254-3950-1766-4462,0,1,0,0,0,0,0,0,0
KBNQQADRJ_859-895-1371-1407,0,1,0,0,0,0,0,0,0
KBTBXQRTX_1346-793-1858-1305,0,1,0,0,0,0,0,0,0
KBTBXQRTX_2052-1155-2564-1667,0,1,0,0,0,0,0,0,0
KBTBXQRTX_1183-1048-1695-1560,0,1,0,0,0,0,0,0,0
KBTBXQRTX_3076-667-3588-1179,0,1,0,0,0,0,0,0,0
KBTBXQRTX_3588-1179-4100-1691,0,1,0,0,0,0,0,0,0
KBTBXQRTX_2564-1155-3076-1667,0,1,0,0,0,0,0,0,0
KBTBXQRTX_3076-1155-3588-1667,0,1,0,0,0,0,0,0,0
KC8NUWLYQ_2089-1237-2601-1749,0,1,0,0,0,0,0,0,0
KBTBXQRTX_4100-1179-4612-1691,0,1,0,0,0,0,0,0,0
KC8NUWLYQ_2170-652-2682-1164,0,1,0,0,0,0,0,0,0
KC8NUWLYQ_2455-8400-2967-8912,0,1,0,0,0,0,0,0,0
KC8NUWLYQ_1055-8857-1567-9369,0,1,0,0,0,0,0,0,0
KC8NUWLYQ_1658-652-2170-1164,0,1,0,0,0,0,0,0,0
KBTBXQRTX_4338-676-4850-1188,0,1,0,0,0,0,0,0,0
KBTBXQRTX_685-1017-1197-1529,0,1,0,0,0,0,0,0,1
KC8NUWLYQ_2601-1237-3113-1749,0,1,0,0,0,0,0,0,0
KC8NUWLYQ_3055-8122-3567-8634,0,1,0,0,0,0,0,0,0
KC8NUWLYQ_2967-8912-3479-9424,0,1,0,0,0,0,0,0,0
KC8NUWLYQ_2455-8912-2967-9424,0,1,0,0,0,0,0,0,0
KC8NUWLYQ_2869-3764-3381-4276,0,1,0,0,0,0,0,0,0
KC8NUWLYQ_2967-8400-3479-8912,0,1,0,0,0,0,0,0,0
KC8NUWLYQ_3335-4779-3847-5291,0,1,0,0,0,0,0,0,0
KC8NUWLYQ_3335-4267-3847-4779,0,1,0,0,0,0,0,0,0
KC8NUWLYQ_3557-8639-4069-9151,0,1,0,0,0,0,0,0,0
KC8NUWLYQ_3098-3292-3610-3804,0,1,0,0,0,0,0,0,0
KC8NUWLYQ_3791-1980-4303-2492,0,1,0,0,0,0,0,0,0
KC8NUWLYQ_4226-8952-4738-9464,0,1,0,0,0,0,0,0,0
KC8NUWLYQ_3714-8952-4226-9464,0,1,0,0,0,0,0,0,0
KC8NUWLYQ_4090-8005-4602-8517,0,1,0,0,0,0,0,0,0
KC8NUWLYQ_3602-8267-4114-8779,0,1,0,0,0,0,0,0,0
KC8NUWLYQ_4409-910-4921-1422,0,1,0,0,0,0,0,0,0
KC8NUWLYQ_4630-2040-5142-2552,0,1,0,0,0,0,0,0,0
KC8NUWLYQ_3610-3292-4122-3804,0,1,0,0,0,0,0,0,0
KC8NUWLYQ_6090-1621-6602-2133,0,1,0,0,0,0,0,0,0
KC8NUWLYQ_5691-2205-6203-2717,0,1,0,0,0,0,0,0,0
KC8NUWLYQ_5762-8952-6274-9464,0,1,0,0,0,0,0,0,0
KC8NUWLYQ_5250-8952-5762-9464,0,1,0,0,0,0,0,0,0
KC8NUWLYQ_6090-1109-6602-1621,0,1,0,0,0,0,0,0,0
KC8NUWLYQ_4738-8952-5250-9464,0,1,0,0,0,0,0,0,0
KC8NUWLYQ_6274-8952-6786-9464,0,1,0,0,0,0,0,0,0
KC8NUWLYQ_6786-8952-7298-9464,0,1,0,0,0,0,0,0,0
KC8NUWLYQ_7277-3319-7789-3831,0,1,0,0,0,0,0,0,0
KC8NUWLYQ_7277-2807-7789-3319,0,1,0,0,0,0,0,0,0
KC8NUWLYQ_7350-1832-7862-2344,0,1,0,0,0,0,0,0,0
KC8NUWLYQ_6852-502-7364-1014,0,1,0,0,0,0,0,0,0
KC8NUWLYQ_7630-3933-8142-4445,0,1,0,0,0,0,0,0,0
KC8NUWLYQ_6222-4083-6734-4595,0,1,0,0,0,0,0,0,0
KC8NUWLYQ_7511-791-8023-1303,0,1,0,0,0,0,0,0,0
KDAU9YH1U_3915-1155-4427-1667,0,1,0,0,0,0,0,0,0
KC8NUWLYQ_7906-2029-8418-2541,0,1,0,0,0,0,0,0,0
KDAU9YH1U_4180-584-4692-1096,0,0,0,0,0,0,0,0,1
KDAU9YH1U_4419-2465-4931-2977,0,1,0,0,0,0,0,0,0
KDAU9YH1U_4302-2707-4814-3219,0,1,0,0,0,0,0,0,0
KDAU9YH1U_4427-1155-4939-1667,0,1,0,0,0,0,0,0,0
KDAU9YH1U_4592-2905-5104-3417,0,1,0,0,0,0,0,0,0
KDAU9YH1U_4692-584-5204-1096,0,0,0,0,0,0,0,0,1
KDAU9YH1U_5104-2905-5616-3417,0,1,0,0,0,0,0,0,0
KDAU9YH1U_7452-901-7964-1413,0,1,0,0,0,0,0,0,0
KDAU9YH1U_6605-748-7117-1260,0,1,0,0,0,0,0,0,0
KDAU9YH1U_6093-1260-6605-1772,0,1,0,0,0,0,0,0,0
KDAU9YH1U_706-332-1218-844,0,0,0,0,0,0,0,0,1
KDAU9YH1U_6742-3245-7254-3757,0,1,0,0,0,0,0,0,0
KDAU9YH1U_5814-615-6326-1127,0,0,0,0,0,0,0,0,1
KDAU9YH1U_5204-584-5716-1096,0,0,0,0,0,0,0,0,1
KDAU9YH1U_6093-748-6605-1260,0,1,0,0,0,0,0,0,1
KDAU9YH1U_6940-1413-7452-1925,0,1,0,0,0,0,0,0,0
KDAU9YH1U_6940-901-7452-1413,0,1,0,0,0,0,0,0,0
KDAU9YH1U_6605-1260-7117-1772,0,1,0,0,0,0,0,0,0
KDAU9YH1U_7964-901-8476-1413,0,1,0,0,0,0,0,0,0
KDWEVLH7Z_1210-2948-1722-3460,0,1,0,0,0,0,0,0,0
KDWEVLH7Z_1058-8936-1570-9448,0,1,0,0,0,0,0,0,0
KDAU9YH1U_969-465-1481-977,0,0,0,0,0,0,0,0,1
KDWEVLH7Z_1058-8424-1570-8936,0,1,0,0,0,0,0,0,0
KDWEVLH7Z_1058-7912-1570-8424,0,1,0,0,0,0,0,0,0
KDWEVLH7Z_1431-5224-1943-5736,0,1,0,0,0,0,0,0,0
KDWEVLH7Z_1539-3898-2051-4410,0,1,0,0,0,0,0,0,0
KDWEVLH7Z_1431-6248-1943-6760,0,1,0,0,0,0,0,0,0
KDWEVLH7Z_1431-6760-1943-7272,0,1,0,0,0,0,0,0,0
KDWEVLH7Z_1465-10371-1977-10883,0,1,0,0,0,0,0,0,0
KDWEVLH7Z_1431-7272-1943-7784,0,1,0,0,0,0,0,0,0
KDWEVLH7Z_1682-3298-2194-3810,0,1,0,0,0,0,0,0,0
KDWEVLH7Z_1431-7784-1943-8296,0,1,0,0,0,0,0,0,0
KDWEVLH7Z_1570-8424-2082-8936,0,1,0,0,0,0,0,0,0
KDWEVLH7Z_1465-9347-1977-9859,0,1,0,0,0,0,0,0,0
KDWEVLH7Z_1570-8936-2082-9448,0,1,0,0,0,0,0,0,0
KDWEVLH7Z_1465-9859-1977-10371,0,1,0,0,0,0,0,0,1
KDWEVLH7Z_1943-5736-2455-6248,0,1,0,0,0,0,0,0,0
KDWEVLH7Z_1943-6760-2455-7272,0,1,0,0,0,0,0,0,0
KDWEVLH7Z_1943-6248-2455-6760,0,1,0,0,0,0,0,0,0
KDWEVLH7Z_1977-10371-2489-10883,0,1,0,0,0,0,0,0,0
KDWEVLH7Z_1977-10883-2489-11395,0,1,0,0,0,0,0,0,0
KDWEVLH7Z_1943-7272-2455-7784,0,1,0,0,0,0,0,0,0
KDWEVLH7Z_2350-7720-2862-8232,0,1,0,0,0,0,0,0,0
KDWEVLH7Z_2239-1861-2751-2373,0,1,0,0,0,0,0,0,0
KDWEVLH7Z_2115-7058-2627-7570,0,1,0,0,0,0,0,0,0
KDWEVLH7Z_2350-10331-2862-10843,0,1,0,0,0,0,0,0,0
KDWEVLH7Z_1977-9859-2489-10371,0,1,0,0,0,0,0,0,1
KDWEVLH7Z_2353-5793-2865-6305,0,1,0,0,0,0,0,0,1
KDWEVLH7Z_2296-6737-2808-7249,0,1,0,0,0,0,0,0,1
KDWEVLH7Z_2436-2883-2948-3395,0,1,0,0,0,0,0,0,0
KDWEVLH7Z_2406-6330-2918-6842,0,1,0,0,0,0,0,0,0
KDWEVLH7Z_2436-2371-2948-2883,0,1,0,0,0,0,0,0,0
KDWEVLH7Z_2436-3395-2948-3907,0,1,0,0,0,0,0,0,0
KDWEVLH7Z_2436-3907-2948-4419,0,1,0,0,0,0,0,0,0
KDWEVLH7Z_2489-9859-3001-10371,0,1,0,0,0,0,0,0,0
KDWEVLH7Z_2505-4811-3017-5323,0,1,0,0,0,0,0,0,1
KDWEVLH7Z_2489-9347-3001-9859,0,1,0,0,0,0,0,0,1
KDWEVLH7Z_2489-10883-3001-11395,0,1,0,0,0,0,0,0,0
KDWEVLH7Z_2572-2007-3084-2519,0,1,0,0,0,0,0,0,0
KDWEVLH7Z_2567-5938-3079-6450,0,1,0,0,0,0,0,0,1
KDWEVLH7Z_2819-5135-3331-5647,0,1,0,0,0,0,0,0,0
KDWEVLH7Z_2831-8127-3343-8639,0,1,0,0,0,0,0,0,0
KDWEVLH7Z_2862-7720-3374-8232,0,1,0,0,0,0,0,0,0
KDWEVLH7Z_2862-10331-3374-10843,0,1,0,0,0,0,0,0,0
KDWEVLH7Z_2745-2898-3257-3410,0,1,0,0,0,0,0,0,1
KDWEVLH7Z_2929-6828-3441-7340,0,1,0,0,0,0,0,0,0
KDWEVLH7Z_2831-8639-3343-9151,0,1,0,0,0,0,0,0,0
KDWEVLH7Z_2948-2371-3460-2883,0,1,0,0,0,0,0,0,0
KDWEVLH7Z_2948-3907-3460-4419,0,1,0,0,0,0,0,0,0
KDWEVLH7Z_2627-7058-3139-7570,0,1,0,0,0,0,0,0,0
KDWEVLH7Z_2948-3395-3460-3907,0,1,0,0,0,0,0,0,0
KDWEVLH7Z_2948-4419-3460-4931,0,1,0,0,0,0,0,0,0
KDWEVLH7Z_2963-4928-3475-5440,0,1,0,0,0,0,0,0,0
KDWEVLH7Z_3001-10883-3513-11395,0,1,0,0,0,0,0,0,0
KDWEVLH7Z_2978-2044-3490-2556,0,1,0,0,0,0,0,0,0
KDWEVLH7Z_3001-9347-3513-9859,0,1,0,0,0,0,0,0,0
KDWEVLH7Z_2990-3041-3502-3553,0,1,0,0,0,0,0,0,1
KDWEVLH7Z_3001-9859-3513-10371,0,1,0,0,0,0,0,0,0
KDWEVLH7Z_3090-5417-3602-5929,0,1,0,0,0,0,0,0,0
KDWEVLH7Z_3041-2622-3553-3134,0,1,0,0,0,0,0,0,0
KDWEVLH7Z_3334-10765-3846-11277,0,1,0,0,0,0,0,0,0
KDWEVLH7Z_3154-800-3666-1312,0,0,0,0,0,0,0,0,1
KDWEVLH7Z_3240-7131-3752-7643,0,1,0,0,0,0,0,0,0
KDWEVLH7Z_3231-2849-3743-3361,0,1,0,0,0,0,0,0,1
KDWEVLH7Z_3343-8127-3855-8639,0,1,0,0,0,0,0,0,0
KDWEVLH7Z_3047-7270-3559-7782,0,1,0,0,0,0,0,0,0
KDWEVLH7Z_3343-8639-3855-9151,0,1,0,0,0,0,0,0,0
KDWEVLH7Z_3290-3845-3802-4357,0,1,0,0,0,0,0,0,0
KDWEVLH7Z_3246-3518-3758-4030,0,1,0,0,0,0,0,0,0
KDWEVLH7Z_3348-3254-3860-3766,0,1,0,0,0,0,0,0,0
KDWEVLH7Z_3501-4691-4013-5203,0,1,0,0,0,0,0,0,0
KDWEVLH7Z_3350-1610-3862-2122,0,1,0,0,0,0,0,0,0
KDWEVLH7Z_3374-9307-3886-9819,0,1,0,0,0,0,0,0,0
KDWEVLH7Z_3402-10134-3914-10646,0,1,0,0,0,0,0,0,0
KDWEVLH7Z_3501-4179-4013-4691,0,1,0,0,0,0,0,0,0
KDWEVLH7Z_3374-9819-3886-10331,0,1,0,0,0,0,0,0,0
KDWEVLH7Z_3624-5686-4136-6198,0,1,0,0,0,0,0,0,0
KDWEVLH7Z_3785-5922-4297-6434,0,1,0,0,0,0,0,0,0
KDWEVLH7Z_3517-11113-4029-11625,0,1,0,0,0,0,0,0,0
KDWEVLH7Z_3533-9516-4045-10028,0,1,0,0,0,0,0,0,0
KDWEVLH7Z_3690-9306-4202-9818,0,1,0,0,0,0,0,0,0
KDWEVLH7Z_3732-10454-4244-10966,0,1,0,0,0,0,0,0,0
KDWEVLH7Z_3690-9818-4202-10330,0,1,0,0,0,0,0,0,0
KDWEVLH7Z_3567-3897-4079-4409,0,1,0,0,0,0,0,0,0
KDWEVLH7Z_3785-4282-4297-4794,0,1,0,0,0,0,0,0,0
KDWEVLH7Z_3645-718-4157-1230,0,1,0,0,0,0,0,0,1
KDWEVLH7Z_3788-7422-4300-7934,0,1,0,0,0,0,0,0,0
KDWEVLH7Z_3834-944-4346-1456,0,1,0,0,0,0,0,0,1
KDWEVLH7Z_4056-2588-4568-3100,0,1,0,0,0,0,0,0,0
KDWEVLH7Z_3910-5721-4422-6233,0,1,0,0,0,0,0,0,0
KDWEVLH7Z_4163-8409-4675-8921,0,1,0,0,0,0,0,0,0
KDWEVLH7Z_3950-4688-4462-5200,0,1,0,0,0,0,0,0,0
KDWEVLH7Z_4057-6637-4569-7149,0,1,0,0,0,0,0,0,0
KDWEVLH7Z_4078-6923-4590-7435,0,1,0,0,0,0,0,0,0
KDWEVLH7Z_817-7616-1329-8128,0,1,0,0,0,0,0,0,0
KDWEVLH7Z_4373-5616-4885-6128,0,1,0,0,0,0,0,0,0
KDWEVLH7Z_4340-6289-4852-6801,0,1,0,0,0,0,0,0,0
KDWEVLH7Z_4408-3180-4920-3692,0,1,0,0,0,0,0,0,0
KDWEVLH7Z_4498-7351-5010-7863,0,1,0,0,0,0,0,0,0
KDWEVLH7Z_4408-2668-4920-3180,0,1,0,0,0,0,0,0,0
KDWEVLH7Z_919-5736-1431-6248,0,1,0,0,0,0,0,0,0
KDWEVLH7Z_817-8128-1329-8640,0,1,0,0,0,0,0,0,0
KDWEVLH7Z_4380-6832-4892-7344,0,1,0,0,0,0,0,0,0
KDWEVLH7Z_919-5224-1431-5736,0,1,0,0,0,0,0,0,0
KDWEVLH7Z_919-6248-1431-6760,0,1,0,0,0,0,0,0,0
KDWEVLH7Z_919-7272-1431-7784,0,1,0,0,0,0,0,0,0
KDWEVLH7Z_919-6760-1431-7272,0,1,0,0,0,0,0,0,0
KECBTPM4L_1034-7172-1546-7684,0,0,0,0,0,0,1,0,0
KDWEVLH7Z_923-10019-1435-10531,0,1,0,0,0,0,0,0,0
KDWEVLH7Z_923-9507-1435-10019,0,1,0,0,0,0,0,0,0
KDWEVLH7Z_923-10531-1435-11043,0,1,0,0,0,0,0,0,0
KECBTPM4L_1034-6660-1546-7172,0,0,0,0,0,0,1,0,0
KECBTPM4L_1546-7172-2058-7684,0,0,0,0,0,0,1,0,0
KECBTPM4L_2058-6660-2570-7172,0,0,0,0,0,0,1,0,0
KECBTPM4L_3034-8165-3546-8677,0,0,0,0,0,0,1,0,0
KECBTPM4L_2570-5636-3082-6148,0,0,0,0,0,0,1,0,0
KECBTPM4L_2058-7172-2570-7684,0,0,0,0,0,0,1,0,0
KECBTPM4L_3034-8677-3546-9189,0,0,0,0,0,0,1,0,0
KECBTPM4L_2570-5124-3082-5636,0,0,0,0,0,0,1,0,0
KECBTPM4L_1546-6660-2058-7172,0,0,0,0,0,0,1,0,0
KECBTPM4L_2945-5247-3457-5759,0,0,0,0,0,0,1,0,0
KECBTPM4L_2570-6660-3082-7172,0,0,0,0,0,0,1,0,0
KECBTPM4L_3082-4612-3594-5124,0,0,0,0,0,0,1,0,0
KECBTPM4L_3457-3711-3969-4223,0,0,0,0,0,0,1,0,0
KECBTPM4L_3594-4100-4106-4612,0,0,0,0,0,0,1,0,0
KECBTPM4L_3082-6660-3594-7172,0,0,0,0,0,0,1,0,0
KECBTPM4L_3457-4735-3969-5247,0,0,0,0,0,0,1,0,0
KECBTPM4L_3969-2687-4481-3199,0,0,0,0,0,0,1,0,0
KECBTPM4L_3969-3199-4481-3711,0,0,0,0,0,0,1,0,0
KECBTPM4L_3594-6660-4106-7172,0,0,0,0,0,0,1,0,0
KECBTPM4L_5130-6660-5642-7172,0,0,0,0,0,0,1,0,0
KECBTPM4L_4993-2175-5505-2687,0,0,0,0,0,0,1,0,0
KECBTPM4L_3969-4223-4481-4735,0,0,0,0,0,0,1,0,0
KECBTPM4L_4481-2175-4993-2687,0,0,0,0,0,0,1,0,0
KECBTPM4L_4481-2687-4993-3199,0,0,0,0,0,0,1,0,0
KECBTPM4L_4106-6660-4618-7172,0,0,0,0,0,0,1,0,0
KECBTPM4L_4481-3199-4993-3711,0,0,0,0,0,0,1,0,0
KECBTPM4L_3969-3711-4481-4223,0,0,0,0,0,0,1,0,0
KECBTPM4L_4618-6660-5130-7172,0,0,0,0,0,0,1,0,0
KECBTPM4L_4993-1663-5505-2175,0,0,0,0,0,0,1,0,0
KECBTPM4L_5505-1151-6017-1663,0,0,0,0,0,0,1,0,0
KECBTPM4L_6154-6660-6666-7172,0,0,0,0,0,0,1,0,0
KECBTPM4L_6017-639-6529-1151,0,0,0,0,0,0,1,0,0
KECBTPM4L_5642-7172-6154-7684,0,0,0,0,0,0,1,0,0
KECBTPM4L_6154-7172-6666-7684,0,0,0,0,0,0,1,0,0
KECBTPM4L_6017-1151-6529-1663,0,0,0,0,0,0,1,0,0
KECBTPM4L_5505-1663-6017-2175,0,0,0,0,0,0,1,0,0
KECBTPM4L_5642-6660-6154-7172,0,0,0,0,0,0,1,0,0
KECBTPM4L_7178-7172-7690-7684,0,0,0,0,0,0,1,0,0
KECBTPM4L_7178-7684-7690-8196,0,0,0,0,0,0,1,0,0
KECBTPM4L_6666-7172-7178-7684,0,0,0,0,0,0,1,0,0
KECBTPM4L_6529-639-7041-1151,0,0,0,0,0,0,1,0,0
KECBTPM4L_7041-639-7553-1151,0,0,0,0,0,0,1,0,0
KECBTPM4L_7178-6660-7690-7172,0,0,0,0,0,0,1,0,0
KECBTPM4L_7690-5636-8202-6148,0,0,0,0,0,0,1,0,0
KECBTPM4L_7690-6148-8202-6660,0,0,0,0,0,0,1,0,0
KECBTPM4L_7690-7172-8202-7684,0,0,0,0,0,0,1,0,0
KECBTPM4L_7553-639-8065-1151,0,0,0,0,0,0,1,0,0
KECBTPM4L_7690-6660-8202-7172,0,0,0,0,0,0,1,0,0
KECBTPM4L_8202-4612-8714-5124,0,0,0,0,0,0,1,0,0
KECBTPM4L_7948-2452-8460-2964,0,0,0,0,0,0,1,0,0
KECBTPM4L_7690-7684-8202-8196,0,0,0,0,0,0,1,0,0
KECBTPM4L_8202-5636-8714-6148,0,0,0,0,0,0,1,0,0
KECBTPM4L_8202-6148-8714-6660,0,0,0,0,0,0,1,0,0
KECBTPM4L_7948-1940-8460-2452,0,0,0,0,0,0,1,0,0
KECBTPM4L_8202-5124-8714-5636,0,0,0,0,0,0,1,0,0
KEE8TE127_4333-3713-4845-4225,0,0,0,1,0,0,0,0,0
KEE8TE127_3423-4155-3935-4667,0,0,0,1,0,0,0,0,0
KECBTPM4L_8714-4612-9226-5124,0,0,0,0,0,0,1,0,0
KECBTPM4L_9226-7684-9738-8196,0,0,0,0,0,0,1,0,0
KECBTPM4L_8202-7684-8714-8196,0,0,0,0,0,0,1,0,0
KECBTPM4L_9226-4100-9738-4612,0,0,0,0,0,0,1,0,0
KEE8TE127_3828-4089-4340-4601,0,0,0,1,0,0,0,0,0
KECBTPM4L_8714-4100-9226-4612,0,0,0,0,0,0,1,0,0
KEE8TE127_3821-3713-4333-4225,0,0,0,1,0,0,0,0,0
KECBTPM4L_8714-7684-9226-8196,0,0,0,0,0,0,1,0,0
KEE8TE127_5821-1085-6333-1597,0,0,0,1,0,0,0,0,0
KEE8TE127_5821-2109-6333-2621,0,0,0,1,0,0,0,0,0
KEE8TE127_5821-1597-6333-2109,0,0,0,1,0,0,0,0,0
KEE8TE127_6116-3211-6628-3723,0,0,0,1,0,0,0,0,0
KEE8TE127_5821-573-6333-1085,0,0,0,1,0,0,0,0,0
KEE8TE127_6333-1085-6845-1597,0,0,0,1,0,0,0,0,0
KEE8TE127_6116-3723-6628-4235,0,0,0,1,0,0,0,0,0
KEE8TE127_5821-2621-6333-3133,0,0,0,1,0,0,0,0,0
KEE8TE127_682-3276-1194-3788,0,0,0,1,0,0,0,0,0
KEE8TE127_6628-4235-7140-4747,0,0,0,1,0,0,0,0,0
KEE8TE127_6333-2109-6845-2621,0,0,0,1,0,0,0,0,0
KEE8TE127_6845-2109-7357-2621,0,0,0,1,0,0,0,0,0
KEE8TE127_6628-3723-7140-4235,0,0,0,1,0,0,0,0,0
KEE8TE127_6333-1597-6845-2109,0,0,0,1,0,0,0,0,0
KEE8TE127_6628-2699-7140-3211,0,0,0,1,0,0,0,0,0
KEE8TE127_6628-3211-7140-3723,0,0,0,1,0,0,0,0,0
KEE8TE127_7140-2699-7652-3211,0,0,0,1,0,0,0,0,0
KEE8TE127_6333-2621-6845-3133,0,0,0,1,0,0,0,0,0
KEE8TE127_7140-3211-7652-3723,0,0,0,1,0,0,0,0,0
KEE8TE127_7140-3723-7652-4235,0,0,0,1,0,0,0,0,0
KEP4MBVE7_1039-2866-1551-3378,0,0,1,0,0,0,0,0,0
KEP4MBVE7_1039-3378-1551-3890,0,0,1,0,0,0,0,0,0
KEP4MBVE7_1502-1281-2014-1793,0,0,1,0,0,0,0,0,0
KEP4MBVE7_1039-3890-1551-4402,0,0,1,0,0,0,0,0,0
KEE8TE127_7140-4235-7652-4747,0,0,0,1,0,0,0,0,0
KEP4MBVE7_1311-3443-1823-3955,0,0,1,0,0,0,0,0,0
KEP4MBVE7_1502-1793-2014-2305,0,0,1,0,0,0,0,0,0
KEP4MBVE7_1820-1974-2332-2486,0,0,1,0,0,0,0,0,0
KEP4MBVE7_2332-1974-2844-2486,0,0,1,0,0,0,0,0,0
KEP4MBVE7_2332-2486-2844-2998,0,0,1,0,0,0,0,0,0
KEP4MBVE7_1502-769-2014-1281,0,0,1,0,0,0,0,0,0
KEP4MBVE7_2014-769-2526-1281,0,0,1,0,0,0,0,0,0
KEP4MBVE7_2014-1793-2526-2305,0,0,1,0,0,0,0,0,0
KEP4MBVE7_2014-1281-2526-1793,0,0,1,0,0,0,0,0,0
KEP4MBVE7_2526-1281-3038-1793,0,0,1,0,0,0,0,0,0
KEP4MBVE7_1820-2486-2332-2998,0,0,1,0,0,0,0,0,0
KEP4MBVE7_2526-1793-3038-2305,0,0,1,0,0,0,0,0,0
KEP4MBVE7_2526-769-3038-1281,0,0,1,0,0,0,0,0,0
KEP4MBVE7_2844-1974-3356-2486,0,0,1,0,0,0,0,0,0
KEP4MBVE7_2844-2486-3356-2998,0,0,1,0,0,0,0,0,0
KEP4MBVE7_757-2962-1269-3474,0,0,1,0,0,0,0,0,0
KFK97F7D8_1264-346-1776-858,0,0,0,0,0,1,0,0,0
KEP4MBVE7_543-506-1055-1018,0,0,1,0,0,0,0,0,0
KFK97F7D8_1567-464-2079-976,0,0,0,0,0,1,0,0,0
KFK97F7D8_3452-1417-3964-1929,0,0,0,0,0,1,0,0,0
KGGLXAGXJ_10527-6909-11039-7421,0,0,0,0,0,0,1,0,0
KG7Y6Z6M4_7281-2299-7793-2811,0,0,0,1,0,0,0,0,0
KG7Y6Z6M4_7281-1787-7793-2299,0,0,0,1,0,0,0,0,0
KGGLXAGXJ_1248-4933-1760-5445,0,0,0,0,0,0,1,0,0
KGGLXAGXJ_10015-5373-10527-5885,0,0,0,0,0,0,1,0,0
KFK97F7D8_4890-6056-5402-6568,0,0,0,0,0,1,0,0,0
KGGLXAGXJ_10015-5885-10527-6397,0,0,0,0,0,0,1,0,0
KGGLXAGXJ_10527-6397-11039-6909,0,0,0,0,0,0,1,0,0
KGGLXAGXJ_10015-6397-10527-6909,0,0,0,0,0,0,1,0,0
KGGLXAGXJ_1545-5215-2057-5727,0,0,0,0,0,0,1,0,0
KGGLXAGXJ_7063-8107-7575-8619,0,0,0,0,0,0,1,0,0
KGGLXAGXJ_7575-7595-8087-8107,0,0,0,0,0,0,1,0,0
KGGLXAGXJ_1545-5727-2057-6239,0,0,0,0,0,0,1,0,0
KGGLXAGXJ_8599-7083-9111-7595,0,0,0,0,0,0,1,0,0
KGGLXAGXJ_8087-7083-8599-7595,0,0,0,0,0,0,1,0,0
KGGLXAGXJ_8087-7595-8599-8107,0,0,0,0,0,0,1,0,0
KGGLXAGXJ_7575-8107-8087-8619,0,0,0,0,0,0,1,0,0
KGGLXAGXJ_9503-6909-10015-7421,0,0,0,0,0,0,1,0,0
KGGLXAGXJ_9111-7083-9623-7595,0,0,0,0,0,0,1,0,0
KIEYM7TBK_5338-6172-5850-6684,0,0,0,0,0,0,1,0,0
KGGLXAGXJ_9712-7769-10224-8281,0,0,0,0,0,0,1,0,0
KGGLXAGXJ_9503-5373-10015-5885,0,0,0,0,0,0,1,0,0
KIEYM7TBK_4199-5903-4711-6415,0,0,0,0,0,0,1,0,0
KIEYM7TBK_5608-1793-6120-2305,0,0,0,1,0,0,0,0,0
KGGLXAGXJ_9623-8107-10135-8619,0,0,0,0,0,0,1,0,0
KIEYM7TBK_5796-1133-6308-1645,0,0,0,1,0,0,0,0,0
KGGLXAGXJ_9712-7257-10224-7769,0,0,0,0,0,0,1,0,0
KIEYM7TBK_6314-1499-6826-2011,0,0,0,1,0,0,0,0,0
KIVXW9Y1P_8574-8047-9086-8559,0,0,0,0,0,1,0,0,0
KIVXW9Y1P_7135-2470-7647-2982,0,0,0,0,0,0,0,0,1
KIVXW9Y1P_8708-2669-9220-3181,0,0,1,0,0,0,0,0,0
KIVXW9Y1P_738-7653-1250-8165,0,0,0,0,0,0,0,0,1
KIVXW9Y1P_772-4747-1284-5259,0,0,0,0,0,1,0,0,0
KIVXW9Y1P_9006-2175-9518-2687,0,0,1,0,0,0,0,0,0
KIVXW9Y1P_4285-9102-4797-9614,0,0,0,0,0,0,0,0,1
KIVXW9Y1P_9047-7738-9559-8250,0,0,0,0,0,1,0,0,0
KIVXW9Y1P_9146-2696-9658-3208,0,0,1,0,0,0,0,0,0
KJJIILQZN_1244-4356-1756-4868,0,1,0,0,0,0,0,0,0
KIVXW9Y1P_9483-4904-9995-5416,0,0,0,0,0,1,0,0,0
KJJIILQZN_1152-7616-1664-8128,0,1,0,0,0,0,0,0,0
KJJIILQZN_1244-3844-1756-4356,0,1,0,0,0,0,0,0,0
KJJIILQZN_1152-8128-1664-8640,0,1,0,0,0,0,0,0,0
KJJIILQZN_1244-4868-1756-5380,0,1,0,0,0,0,0,0,0
KJJIILQZN_1051-642-1563-1154,0,1,0,0,0,0,0,0,1
KJJIILQZN_1244-5380-1756-5892,0,1,0,0,0,0,0,0,0
KJJIILQZN_1495-1540-2007-2052,0,1,0,0,0,0,0,0,0
KJJIILQZN_1321-3117-1833-3629,0,1,0,0,0,0,0,0,0
KJJIILQZN_1495-2052-2007-2564,0,1,0,0,0,0,0,0,0
KJJIILQZN_1495-1028-2007-1540,0,1,0,0,0,0,0,0,0
KJJIILQZN_1247-1265-1759-1777,0,1,0,0,0,0,0,0,0
KJJIILQZN_1495-2564-2007-3076,0,1,0,0,0,0,0,0,0
KJJIILQZN_1664-7616-2176-8128,0,1,0,0,0,0,0,0,0
KJJIILQZN_1563-642-2075-1154,0,1,0,0,0,0,0,0,0
KJJIILQZN_1664-8128-2176-8640,0,1,0,0,0,0,0,0,0
KJJIILQZN_1825-4227-2337-4739,0,1,0,0,0,0,0,0,0
KJJIILQZN_1825-3715-2337-4227,0,1,0,0,0,0,0,0,0
KJJIILQZN_2007-1540-2519-2052,0,1,0,0,0,0,0,0,0
KJJIILQZN_2007-3076-2519-3588,0,1,0,0,0,0,0,0,0
KJJIILQZN_2007-2564-2519-3076,0,1,0,0,0,0,0,0,0
KJJIILQZN_2047-8183-2559-8695,0,1,0,0,0,0,0,0,1
KJJIILQZN_2007-2052-2519-2564,0,1,0,0,0,0,0,0,0
KJJIILQZN_2033-1219-2545-1731,0,1,0,0,0,0,0,0,0
KJJIILQZN_2077-4173-2589-4685,0,1,0,0,0,0,0,0,0
KJJIILQZN_2286-1609-2798-2121,0,1,0,0,0,0,0,0,0
KJJIILQZN_2503-5218-3015-5730,0,1,0,0,0,0,0,0,0
KJJIILQZN_2176-7104-2688-7616,0,1,0,0,0,0,0,0,0
KJJIILQZN_2286-1097-2798-1609,0,1,0,0,0,0,0,0,0
KJJIILQZN_2469-2168-2981-2680,0,1,0,0,0,0,0,0,0
KJJIILQZN_2254-692-2766-1204,0,1,0,0,0,0,0,0,0
KJJIILQZN_2176-7616-2688-8128,0,1,0,0,0,0,0,0,0
KJJIILQZN_2503-5730-3015-6242,0,1,0,0,0,0,0,0,0
KJJIILQZN_2642-4344-3154-4856,0,1,0,0,0,0,0,0,0
KJJIILQZN_2688-7104-3200-7616,0,1,0,0,0,0,0,0,0
KJJIILQZN_2688-7616-3200-8128,0,1,0,0,0,0,0,0,0
KJJIILQZN_2642-3320-3154-3832,0,1,0,0,0,0,0,0,0
KJJIILQZN_2861-7922-3373-8434,0,1,0,0,0,0,0,0,0
KJJIILQZN_2688-8128-3200-8640,0,1,0,0,0,0,0,0,0
KJJIILQZN_2680-2608-3192-3120,0,1,0,0,0,0,0,0,1
KJJIILQZN_2642-3832-3154-4344,0,1,0,0,0,0,0,0,0
KJJIILQZN_2981-1656-3493-2168,0,1,0,0,0,0,0,0,0
KJJIILQZN_2766-692-3278-1204,0,1,0,0,0,0,0,0,1
KJJIILQZN_2981-2168-3493-2680,0,1,0,0,0,0,0,0,0
KJJIILQZN_3305-7445-3817-7957,0,1,0,0,0,0,0,0,0
KJJIILQZN_3305-7957-3817-8469,0,1,0,0,0,0,0,0,0
KJJIILQZN_3438-1529-3950-2041,0,1,0,0,0,0,0,0,0
KJJIILQZN_3438-2041-3950-2553,0,1,0,0,0,0,0,0,0
KJJIILQZN_2981-2680-3493-3192,0,1,0,0,0,0,0,0,1
KJJIILQZN_3438-2553-3950-3065,0,1,0,0,0,0,0,0,0
KJJIILQZN_3477-1253-3989-1765,0,1,0,0,0,0,0,0,1
KJJIILQZN_3814-8033-4326-8545,0,1,0,0,0,0,0,0,0
KJJIILQZN_3746-2659-4258-3171,0,1,0,0,0,0,0,0,0
KJJIILQZN_3746-2147-4258-2659,0,1,0,0,0,0,0,0,0
KJJIILQZN_3746-1635-4258-2147,0,1,0,0,0,0,0,0,0
KJJIILQZN_3528-930-4040-1442,0,1,0,0,0,0,0,0,0
KJJIILQZN_3814-7009-4326-7521,0,1,0,0,0,0,0,0,0
KJJIILQZN_3771-1207-4283-1719,0,1,0,0,0,0,0,0,1
KJJIILQZN_3915-5164-4427-5676,0,1,0,0,0,0,0,0,0
KJJIILQZN_3814-7521-4326-8033,0,1,0,0,0,0,0,0,0
KJJIILQZN_3915-4652-4427-5164,0,1,0,0,0,0,0,0,0
KJJIILQZN_3929-795-4441-1307,0,1,0,0,0,0,0,0,0
KJJIILQZN_4039-6155-4551-6667,0,1,0,0,0,0,0,0,0
KJJIILQZN_4039-5643-4551-6155,0,1,0,0,0,0,0,0,0
KJJIILQZN_4006-3712-4518-4224,0,1,0,0,0,0,0,0,0
KJJIILQZN_4208-4274-4720-4786,0,1,0,0,0,0,0,0,0
KJJIILQZN_4378-3842-4890-4354,0,1,0,0,0,0,0,0,0
KJJIILQZN_4420-7012-4932-7524,0,1,0,0,0,0,0,0,0
KJJIILQZN_4485-4737-4997-5249,0,1,0,0,0,0,0,0,0
KJJIILQZN_640-7616-1152-8128,0,1,0,0,0,0,0,0,0
KJJIILQZN_4420-8036-4932-8548,0,1,0,0,0,0,0,0,0
KJJIILQZN_4485-5249-4997-5761,0,1,0,0,0,0,0,0,0
KJJIILQZN_4485-5761-4997-6273,0,1,0,0,0,0,0,0,0
KJJIILQZN_4420-7524-4932-8036,0,1,0,0,0,0,0,0,0
KJJIILQZN_732-3844-1244-4356,0,1,0,0,0,0,0,0,0
KJJIILQZN_640-8128-1152-8640,0,1,0,0,0,0,0,0,0
KJJIILQZN_732-4356-1244-4868,0,1,0,0,0,0,0,0,0
KJJIILQZN_732-4868-1244-5380,0,1,0,0,0,0,0,0,0
KJJIILQZN_732-5380-1244-5892,0,1,0,0,0,0,0,0,0
KJJIILQZN_809-1581-1321-2093,0,1,0,0,0,0,0,0,0
KJJIILQZN_809-2605-1321-3117,0,1,0,0,0,0,0,0,0
KJJIILQZN_735-753-1247-1265,0,1,0,0,0,0,0,0,0
KJJIILQZN_735-1265-1247-1777,0,1,0,0,0,0,0,0,0
KJJIILQZN_809-2093-1321-2605,0,1,0,0,0,0,0,0,0
KJJIILQZN_809-3117-1321-3629,0,1,0,0,0,0,0,0,0
KJJIILQZN_822-442-1334-954,0,1,0,0,0,0,0,0,1
KJPWKHME9_3093-3301-3605-3813,1,0,0,0,0,0,0,0,0
KJPWKHME9_2043-2419-2555-2931,1,0,0,0,0,0,0,0,0
KJQB97LNW_10049-6166-10561-6678,0,1,0,0,0,0,0,0,0
KJPWKHME9_1918-587-2430-1099,1,0,0,0,0,0,0,0,0
KJPWKHME9_974-2168-1486-2680,1,0,0,0,0,0,0,0,0
KJQB97LNW_10765-5018-11277-5530,0,1,0,0,0,0,0,0,0
KJQB97LNW_10365-5452-10877-5964,0,1,0,0,0,0,0,0,0
KJQB97LNW_10253-5018-10765-5530,0,1,0,0,0,0,0,0,0
KJQB97LNW_10566-7068-11078-7580,0,1,0,0,0,0,0,0,0
KJQB97LNW_10542-6007-11054-6519,0,1,0,0,0,0,0,0,0
KJQB97LNW_11054-6007-11566-6519,0,1,0,0,0,0,0,0,0
KJQB97LNW_11566-6007-12078-6519,0,1,0,0,0,0,0,0,0
KJQB97LNW_11277-5018-11789-5530,0,1,0,0,0,0,0,0,0
KJQB97LNW_11058-5515-11570-6027,0,1,0,0,0,0,0,0,0
KJQB97LNW_11570-5515-12082-6027,0,1,0,0,0,0,0,0,0
KJQB97LNW_11078-7068-11590-7580,0,1,0,0,0,0,0,0,0
KJQB97LNW_11789-5018-12301-5530,0,1,0,0,0,0,0,0,0
KJQB97LNW_1189-1318-1701-1830,0,1,0,0,0,0,0,0,0
KJQB97LNW_12733-2463-13245-2975,0,1,0,0,0,0,0,0,0
KJQB97LNW_1189-1830-1701-2342,0,1,0,0,0,0,0,0,0
KJQB97LNW_1189-2854-1701-3366,0,1,0,0,0,0,0,0,0
KJQB97LNW_12221-2975-12733-3487,0,1,0,0,0,0,0,0,0
KJQB97LNW_13631-3830-14143-4342,0,1,0,0,0,0,0,0,0
KJQB97LNW_13631-3318-14143-3830,0,1,0,0,0,0,0,0,0
KJQB97LNW_12733-2975-13245-3487,0,1,0,0,0,0,0,0,0
KJQB97LNW_12936-5423-13448-5935,0,1,0,0,0,0,0,0,0
KJQB97LNW_1189-2342-1701-2854,0,1,0,0,0,0,0,0,0
KJQB97LNW_14143-3318-14655-3830,0,1,0,0,0,0,0,0,0
KJQB97LNW_14143-3830-14655-4342,0,1,0,0,0,0,0,0,0
KJQB97LNW_1701-2342-2213-2854,0,1,0,0,0,0,0,0,0
KJQB97LNW_14655-3830-15167-4342,0,1,0,0,0,0,0,0,0
KJQB97LNW_14655-3318-15167-3830,0,1,0,0,0,0,0,0,0
KJQB97LNW_1701-3366-2213-3878,0,1,0,0,0,0,0,0,0
KJQB97LNW_1701-3878-2213-4390,0,1,0,0,0,0,0,0,0
KJQB97LNW_1899-1870-2411-2382,0,1,0,0,0,0,0,0,0
KJQB97LNW_2213-3878-2725-4390,0,1,0,0,0,0,0,0,0
KJQB97LNW_2213-3366-2725-3878,0,1,0,0,0,0,0,0,0
KJQB97LNW_2411-2894-2923-3406,0,1,0,0,0,0,0,0,0
KJQB97LNW_1899-2894-2411-3406,0,1,0,0,0,0,0,0,0
KJQB97LNW_2411-2382-2923-2894,0,1,0,0,0,0,0,0,0
KJQB97LNW_2411-1358-2923-1870,0,1,0,0,0,0,0,0,0
KJQB97LNW_2411-1870-2923-2382,0,1,0,0,0,0,0,0,0
KJQB97LNW_2725-2342-3237-2854,0,1,0,0,0,0,0,0,0
KJQB97LNW_2725-3366-3237-3878,0,1,0,0,0,0,0,0,0
KJQB97LNW_2725-2854-3237-3366,0,1,0,0,0,0,0,0,0
KJQB97LNW_2725-3878-3237-4390,0,1,0,0,0,0,0,0,0
KJQB97LNW_3435-1358-3947-1870,0,1,0,0,0,0,0,0,0
KJQB97LNW_2923-1358-3435-1870,0,1,0,0,0,0,0,0,0
KJQB97LNW_3435-2894-3947-3406,0,1,0,0,0,0,0,0,0
KJQB97LNW_3947-1870-4459-2382,0,1,0,0,0,0,0,0,0
KJQB97LNW_3947-1358-4459-1870,0,1,0,0,0,0,0,0,0
KJQB97LNW_3947-2382-4459-2894,0,1,0,0,0,0,0,0,0
KJQB97LNW_3947-2894-4459-3406,0,1,0,0,0,0,0,0,0
KJQB97LNW_4723-3231-5235-3743,0,1,0,0,0,0,0,0,0
KJQB97LNW_4211-3743-4723-4255,0,1,0,0,0,0,0,0,0
KJQB97LNW_5964-3774-6476-4286,0,1,0,0,0,0,0,0,0
KJQB97LNW_4971-2382-5483-2894,0,1,0,0,0,0,0,0,0
KJQB97LNW_4723-3743-5235-4255,0,1,0,0,0,0,0,0,0
KJQB97LNW_5235-3743-5747-4255,0,1,0,0,0,0,0,0,0
KJQB97LNW_5235-3231-5747-3743,0,1,0,0,0,0,0,0,0
KJQB97LNW_4459-1870-4971-2382,0,1,0,0,0,0,0,0,0
KJQB97LNW_4971-1870-5483-2382,0,1,0,0,0,0,0,0,0
KJQB97LNW_4459-2382-4971-2894,0,1,0,0,0,0,0,0,0
KJQB97LNW_5992-2328-6504-2840,0,1,0,0,0,0,0,0,0
KJQB97LNW_5992-3352-6504-3864,0,1,0,0,0,0,0,0,0
KJQB97LNW_6504-2328-7016-2840,0,1,0,0,0,0,0,0,0
KJQB97LNW_5992-2840-6504-3352,0,1,0,0,0,0,0,0,0
KJQB97LNW_6476-3774-6988-4286,0,1,0,0,0,0,0,0,0
KJQB97LNW_6504-2840-7016-3352,0,1,0,0,0,0,0,0,0
KJQB97LNW_677-2342-1189-2854,0,1,0,0,0,0,0,0,0
KJQB97LNW_6504-3352-7016-3864,0,1,0,0,0,0,0,0,0
KJQB97LNW_677-1830-1189-2342,0,1,0,0,0,0,0,0,0
KJQB97LNW_677-2854-1189-3366,0,1,0,0,0,0,0,0,0
KJQB97LNW_6520-6069-7032-6581,0,1,0,0,0,0,0,0,0
KJQB97LNW_677-1318-1189-1830,0,1,0,0,0,0,0,0,0
KJQB97LNW_6988-3774-7500-4286,0,1,0,0,0,0,0,0,0
KJQB97LNW_7016-2840-7528-3352,0,1,0,0,0,0,0,0,0
KJQB97LNW_7016-2328-7528-2840,0,1,0,0,0,0,0,0,0
KJQB97LNW_6956-5373-7468-5885,0,1,0,0,0,0,0,0,0
KJQB97LNW_677-3366-1189-3878,0,1,0,0,0,0,0,0,0
KJQB97LNW_7016-3352-7528-3864,0,1,0,0,0,0,0,0,0
KJQB97LNW_7032-6069-7544-6581,0,1,0,0,0,0,0,0,0
KJQB97LNW_7528-2328-8040-2840,0,1,0,0,0,0,0,0,0
KJQB97LNW_7468-5373-7980-5885,0,1,0,0,0,0,0,0,0
KJQB97LNW_7528-2840-8040-3352,0,1,0,0,0,0,0,0,0
KJQB97LNW_7044-4605-7556-5117,0,1,0,0,0,0,0,0,0
KJQB97LNW_7500-3774-8012-4286,0,1,0,0,0,0,0,0,0
KJQB97LNW_7556-4605-8068-5117,0,1,0,0,0,0,0,0,0
KJQB97LNW_8442-6052-8954-6564,0,1,0,0,0,0,0,0,0
KJQB97LNW_8865-3804-9377-4316,0,1,0,0,0,0,0,0,0
KJQB97LNW_7930-6052-8442-6564,0,1,0,0,0,0,0,0,0
KJQB97LNW_8442-6564-8954-7076,0,1,0,0,0,0,0,0,0
KJQB97LNW_7980-5373-8492-5885,0,1,0,0,0,0,0,0,0
KJQB97LNW_7528-3352-8040-3864,0,1,0,0,0,0,0,0,0
KJQB97LNW_8954-6564-9466-7076,0,1,0,0,0,0,0,0,0
KJQB97LNW_9193-7494-9705-8006,0,1,0,0,0,0,0,0,0
KJQB97LNW_9193-6982-9705-7494,0,1,0,0,0,0,0,0,0
KJQB97LNW_8068-4605-8580-5117,0,1,0,0,0,0,0,0,0
KJQB97LNW_9341-5452-9853-5964,0,1,0,0,0,0,0,0,0
KJQB97LNW_9377-3804-9889-4316,0,1,0,0,0,0,0,0,0
KJQB97LNW_9853-5452-10365-5964,0,1,0,0,0,0,0,0,0
KJQB97LNW_9889-3804-10401-4316,0,1,0,0,0,0,0,0,0
KJQB97LNW_9537-6166-10049-6678,0,1,0,0,0,0,0,0,0
KJQB97LNW_9705-6982-10217-7494,0,1,0,0,0,0,0,0,0
KJQB97LNW_9705-7494-10217-8006,0,1,0,0,0,0,0,0,0
KKANN6XNE_2887-4221-3399-4733,0,0,0,1,0,0,0,0,0
KJYY3C447_3731-8202-4243-8714,0,0,0,0,0,0,0,0,1
KJYY3C447_3241-8223-3753-8735,0,0,0,0,0,0,0,0,1
KJYY3C447_410-3307-922-3819,0,0,0,0,0,0,0,0,1
KJYY3C447_2852-789-3364-1301,0,0,0,0,0,0,0,0,1
KKEWVMQFG_1570-2243-2082-2755,0,0,0,1,0,0,0,0,0
KJYY3C447_3344-776-3856-1288,0,0,0,0,0,0,0,0,1
KJYY3C447_3833-760-4345-1272,0,0,0,0,0,0,0,0,1
KKEWVMQFG_1570-2755-2082-3267,0,0,0,1,0,0,0,0,0
KKEWVMQFG_2082-1219-2594-1731,0,0,0,1,0,0,0,0,0
KKEWVMQFG_1048-3569-1560-4081,0,0,0,1,0,0,0,0,0
KKEWVMQFG_2082-1731-2594-2243,0,0,0,1,0,0,0,0,0
KKEWVMQFG_2082-2243-2594-2755,0,0,0,1,0,0,0,0,0
KL1UIGQ3I_5931-1102-6443-1614,0,0,0,0,0,0,0,0,1
KL1UIGQ3I_5931-1614-6443-2126,0,0,0,0,0,0,0,0,1
KL1UIGQ3I_2420-888-2932-1400,0,0,0,0,0,0,0,0,1
KL1UIGQ3I_5931-2126-6443-2638,0,0,0,0,0,0,0,0,1
KL1UIGQ3I_5830-1323-6342-1835,0,0,0,0,0,0,0,0,1
KL1UIGQ3I_6954-2902-7466-3414,0,0,0,0,0,0,0,0,1
KL1UIGQ3I_6954-4438-7466-4950,0,0,0,0,0,0,0,0,1
KL1UIGQ3I_5931-3662-6443-4174,0,0,0,0,0,0,0,0,1
KL1UIGQ3I_5931-2638-6443-3150,0,0,0,0,0,0,0,0,1
KL1UIGQ3I_5931-3150-6443-3662,0,0,0,0,0,0,0,0,1
KL1UIGQ3I_6954-3926-7466-4438,0,0,0,0,0,0,0,0,1
KL1UIGQ3I_6954-3414-7466-3926,0,0,0,0,0,0,0,0,1
KL1UIGQ3I_6954-2390-7466-2902,0,0,0,0,0,0,0,0,1
KL1UIGQ3I_6954-5974-7466-6486,0,0,0,0,0,0,0,0,1
KL1UIGQ3I_6954-5462-7466-5974,0,0,0,0,0,0,0,0,1
KL1UIGQ3I_6954-4950-7466-5462,0,0,0,0,0,0,0,0,1
KL1UIGQ3I_843-1991-1355-2503,0,0,0,0,0,0,0,0,1
KLI6KFNEY_1702-1218-2214-1730,0,0,1,0,0,0,0,0,0
KL1UIGQ3I_843-2503-1355-3015,0,0,0,0,0,0,0,0,1
KLI6KFNEY_1084-798-1596-1310,0,0,1,0,0,0,0,0,0
KLI6KFNEY_1521-1052-2033-1564,0,0,1,0,0,0,0,0,0
KLI6KFNEY_1439-596-1951-1108,0,0,1,0,0,0,0,0,0
KLI6KFNEY_1742-773-2254-1285,0,0,1,0,0,0,0,0,0
KLI6KFNEY_534-771-1046-1283,0,0,1,0,0,0,0,0,0
KLI6KFNEY_790-850-1302-1362,0,0,1,0,0,0,0,0,0
KLI6KFNEY_927-1108-1439-1620,0,0,1,0,0,0,0,0,0
KLI6KFNEY_415-1108-927-1620,0,0,1,0,0,0,0,0,0
KM3E3DIHU_1068-1824-1580-2336,0,0,0,1,0,0,0,0,0
KM3E3DIHU_1801-6068-2313-6580,0,0,0,1,0,0,0,0,0
KLI6KFNEY_927-596-1439-1108,0,0,1,0,0,0,0,0,0
KM3E3DIHU_1289-6580-1801-7092,0,0,0,1,0,0,0,0,0
KM3E3DIHU_2313-5044-2825-5556,0,0,0,1,0,0,0,0,0
KM3E3DIHU_2313-5556-2825-6068,0,0,0,1,0,0,0,0,0
KM3E3DIHU_2825-5044-3337-5556,0,0,0,1,0,0,0,0,0
KM3E3DIHU_3337-5044-3849-5556,0,0,0,1,0,0,0,0,0
KM3E3DIHU_4361-5044-4873-5556,0,0,0,1,0,0,0,0,0
KM3E3DIHU_4361-4020-4873-4532,0,0,0,1,0,0,0,0,0
KM3E3DIHU_4361-4532-4873-5044,0,0,0,1,0,0,0,0,0
KM3E3DIHU_3849-5044-4361-5556,0,0,0,1,0,0,0,0,0
KM3E3DIHU_4449-2407-4961-2919,0,0,0,1,0,0,0,0,0
KM3E3DIHU_777-6580-1289-7092,0,0,0,1,0,0,0,0,0
KMMMFZ4VK_2919-5269-3431-5781,0,0,0,0,0,1,0,0,0
KMMMFZ4VK_2829-2689-3341-3201,0,0,0,0,0,1,0,0,0
KMMMFZ4VK_4729-2352-5241-2864,0,0,0,0,0,1,0,0,0
KMMMFZ4VK_4217-2352-4729-2864,0,0,0,0,0,1,0,0,0
KMMMFZ4VK_5277-1671-5789-2183,0,0,0,0,0,1,0,0,0
KMMMFZ4VK_5311-5254-5823-5766,0,0,0,0,0,1,0,0,0
KNE19GFGP_2909-1592-3421-2104,0,1,0,0,0,0,0,0,0
KNE19GFGP_3421-1592-3933-2104,0,1,0,0,0,0,0,0,0
KMN3PIZI9_4560-17246-5072-17758,0,0,0,1,0,0,0,0,0
KMN3PIZI9_2333-13781-2845-14293,0,0,0,1,0,0,0,0,0
KMN3PIZI9_2845-13781-3357-14293,0,0,0,1,0,0,0,0,0
KNE19GFGP_3933-1592-4445-2104,0,1,0,0,0,0,0,0,0
KNE19GFGP_4792-1222-5304-1734,0,1,0,0,0,0,0,0,0
KNE19GFGP_4280-1222-4792-1734,0,1,0,0,0,0,0,0,0
KNE19GFGP_5304-1222-5816-1734,0,1,0,0,0,0,0,0,0
KNE19GFGP_4280-710-4792-1222,0,1,0,0,0,0,0,0,0
KNE19GFGP_4792-710-5304-1222,0,1,0,0,0,0,0,0,0
KNE19GFGP_648-560-1160-1072,0,1,0,0,0,0,0,0,0
KNE19GFGP_648-1072-1160-1584,0,1,0,0,0,0,0,0,0
KNE19GFGP_5304-710-5816-1222,0,1,0,0,0,0,0,0,0
KNE19GFGP_8917-1572-9429-2084,0,1,0,0,0,0,0,0,0
KNE19GFGP_9211-1696-9723-2208,0,1,0,0,0,0,0,0,0
KNE19GFGP_8405-1572-8917-2084,0,1,0,0,0,0,0,0,0
KNFD83D7B_2897-6693-3409-7205,0,0,0,0,0,0,0,0,1
KNFD83D7B_878-1668-1390-2180,0,0,0,0,0,0,0,0,1
KNFD83D7B_878-1156-1390-1668,0,0,0,0,0,0,0,0,1
KNFD83D7B_878-3204-1390-3716,0,0,0,0,0,0,0,0,1
KNFD83D7B_878-2180-1390-2692,0,0,0,0,0,0,0,0,1
KNFD83D7B_878-2692-1390-3204,0,0,0,0,0,0,0,0,1
KNL67NTND_2135-5332-2647-5844,0,1,0,0,0,0,0,0,0
KNFD83D7B_878-3716-1390-4228,0,0,0,0,0,0,0,0,1
KNL67NTND_2135-4820-2647-5332,0,1,0,0,0,0,0,0,0
KNL67NTND_1382-4933-1894-5445,0,1,0,0,0,0,0,0,0
KNL67NTND_1623-4820-2135-5332,0,1,0,0,0,0,0,0,0
KNGFCM8BU_531-4065-1043-4577,0,0,0,0,0,0,0,0,1
KNL67NTND_689-6149-1201-6661,0,1,0,0,0,0,0,0,0
KNL67NTND_2578-4120-3090-4632,0,1,0,0,0,0,0,0,0
KNL67NTND_2209-4326-2721-4838,0,1,0,0,0,0,0,0,0
KNL67NTND_755-5241-1267-5753,0,1,0,0,0,0,0,0,0
KNL67NTND_3216-3255-3728-3767,0,1,0,0,0,0,0,0,0
KNL67NTND_870-4933-1382-5445,0,1,0,0,0,0,0,0,0
KNVI338JH_2054-4209-2566-4721,0,0,0,1,0,0,0,0,0
KNVI338JH_3576-743-4088-1255,0,0,0,1,0,0,0,0,0
KNVI338JH_3002-3021-3514-3533,0,0,0,1,0,0,0,0,0
KNVI338JH_3470-3065-3982-3577,0,0,0,1,0,0,0,0,0
KNVI338JH_2333-4997-2845-5509,0,0,0,1,0,0,0,0,0
KNVI338JH_3061-6118-3573-6630,0,0,0,1,0,0,0,0,0
KNVI338JH_682-3616-1194-4128,0,0,0,1,0,0,0,0,0
KQBPPJJPT_10130-727-10642-1239,0,0,1,0,0,0,0,0,0
KQBPPJJPT_10192-10040-10704-10552,0,0,1,0,0,0,0,0,0
KNVI338JH_5309-2126-5821-2638,0,0,0,1,0,0,0,0,0
KPAEPLEQC_6225-2282-6737-2794,0,0,0,1,0,0,0,0,0
KQBPPJJPT_10163-458-10675-970,0,0,1,0,0,0,0,0,0
KQBPPJJPT_10232-2533-10744-3045,0,0,1,0,0,0,0,0,0
KQBPPJJPT_10232-1509-10744-2021,0,0,1,0,0,0,0,0,0
KQBPPJJPT_10381-1073-10893-1585,0,0,1,0,0,0,0,0,0
KQBPPJJPT_10381-561-10893-1073,0,0,1,0,0,0,0,0,0
KQBPPJJPT_10192-10552-10704-11064,0,0,1,0,0,0,0,0,0
KQBPPJJPT_10232-4581-10744-5093,0,0,1,0,0,0,0,0,0
KQBPPJJPT_10381-2097-10893-2609,0,0,1,0,0,0,0,0,0
KQBPPJJPT_10764-599-11276-1111,0,0,1,0,0,0,0,0,0
KQBPPJJPT_10744-5093-11256-5605,0,0,1,0,0,0,0,0,0
KQBPPJJPT_10381-5681-10893-6193,0,0,1,0,0,0,0,0,0
KQBPPJJPT_10490-6272-11002-6784,0,0,1,0,0,0,0,0,0
KQBPPJJPT_10893-1073-11405-1585,0,0,1,0,0,0,0,0,0
KQBPPJJPT_10893-4657-11405-5169,0,0,1,0,0,0,0,0,0
KQBPPJJPT_10893-1585-11405-2097,0,0,1,0,0,0,0,0,0
KQBPPJJPT_10893-6193-11405-6705,0,0,1,0,0,0,0,0,0
KQBPPJJPT_10977-737-11489-1249,0,0,1,0,0,0,0,0,0
KQBPPJJPT_10893-5681-11405-6193,0,0,1,0,0,0,0,0,0
KQBPPJJPT_10893-2097-11405-2609,0,0,1,0,0,0,0,0,0
KQBPPJJPT_1106-8217-1618-8729,0,0,1,0,0,0,0,0,0
KQBPPJJPT_1121-11499-1633-12011,0,0,0,0,0,1,0,0,0
KQBPPJJPT_11332-673-11844-1185,0,0,1,0,0,0,0,0,0
KQBPPJJPT_11405-4657-11917-5169,0,0,1,0,0,0,0,0,0
KQBPPJJPT_11405-1073-11917-1585,0,0,1,0,0,0,0,0,0
KQBPPJJPT_11405-5681-11917-6193,0,0,1,0,0,0,0,0,0
KQBPPJJPT_11256-5093-11768-5605,0,0,1,0,0,0,0,0,0
KQBPPJJPT_11768-2021-12280-2533,0,0,1,0,0,0,0,0,0
KQBPPJJPT_11768-2533-12280-3045,0,0,1,0,0,0,0,0,0
KQBPPJJPT_11405-6193-11917-6705,0,0,1,0,0,0,0,0,0
KQBPPJJPT_11768-1509-12280-2021,0,0,1,0,0,0,0,0,0
KQBPPJJPT_11768-3045-12280-3557,0,0,1,0,0,0,0,0,0
KQBPPJJPT_11768-4069-12280-4581,0,0,1,0,0,0,0,0,0
KQBPPJJPT_11768-5093-12280-5605,0,0,1,0,0,0,0,0,0
KQBPPJJPT_11768-3557-12280-4069,0,0,1,0,0,0,0,0,0
KQBPPJJPT_11768-4581-12280-5093,0,0,1,0,0,0,0,0,0
KQBPPJJPT_11768-997-12280-1509,0,0,1,0,0,0,0,0,0
KQBPPJJPT_11803-5895-12315-6407,0,0,1,0,0,0,0,0,0
KQBPPJJPT_11800-612-12312-1124,0,0,1,0,0,0,0,0,0
KQBPPJJPT_11917-5681-12429-6193,0,0,1,0,0,0,0,0,0
KQBPPJJPT_11803-5383-12315-5895,0,0,1,0,0,0,0,0,0
KQBPPJJPT_11917-6193-12429-6705,0,0,1,0,0,0,0,0,0
KQBPPJJPT_1196-7776-1708-8288,0,0,1,0,0,0,0,0,0
KQBPPJJPT_1618-8217-2130-8729,0,0,1,0,0,0,0,0,0
KQBPPJJPT_1252-5270-1764-5782,0,0,0,0,0,1,0,0,0
KQBPPJJPT_1708-7776-2220-8288,0,0,1,0,0,0,0,0,0
KQBPPJJPT_1931-8203-2443-8715,0,0,1,0,0,0,0,0,0
KQBPPJJPT_2220-7776-2732-8288,0,0,1,0,0,0,0,0,0
KQBPPJJPT_1625-11547-2137-12059,0,0,0,0,0,1,0,0,0
KQBPPJJPT_2443-8203-2955-8715,0,0,1,0,0,0,0,0,0
KQBPPJJPT_6048-10542-6560-11054,0,0,1,0,0,0,0,0,0
KQBPPJJPT_2905-7885-3417-8397,0,0,1,0,0,0,0,0,0
KQBPPJJPT_6048-10030-6560-10542,0,0,1,0,0,0,0,0,0
KQBPPJJPT_6048-11566-6560-12078,0,0,1,0,0,0,0,0,0
KQBPPJJPT_6048-5934-6560-6446,0,0,1,0,0,0,0,0,0
KQBPPJJPT_6048-12078-6560-12590,0,0,1,0,0,0,0,0,0
KQBPPJJPT_2746-5213-3258-5725,0,0,0,0,0,1,0,0,0
KQBPPJJPT_2762-8239-3274-8751,0,0,1,0,0,0,0,0,0
KQBPPJJPT_6048-6446-6560-6958,0,0,1,0,0,0,0,0,0
KQBPPJJPT_6048-6958-6560-7470,0,0,1,0,0,0,0,0,0
KQBPPJJPT_6048-11054-6560-11566,0,0,1,0,0,0,0,0,0
KQBPPJJPT_6048-7982-6560-8494,0,0,1,0,0,0,0,0,0
KQBPPJJPT_6048-7470-6560-7982,0,0,1,0,0,0,0,0,0
KQBPPJJPT_6048-9518-6560-10030,0,0,1,0,0,0,0,0,0
KQBPPJJPT_6048-9006-6560-9518,0,0,1,0,0,0,0,0,0
KQBPPJJPT_6048-8494-6560-9006,0,0,1,0,0,0,0,0,0
KQBPPJJPT_6285-1073-6797-1585,0,0,1,0,0,0,0,0,0
KQBPPJJPT_6285-2609-6797-3121,0,0,1,0,0,0,0,0,0
KQBPPJJPT_6285-4145-6797-4657,0,0,1,0,0,0,0,0,0
KQBPPJJPT_6285-561-6797-1073,0,0,1,0,0,0,0,0,0
KQBPPJJPT_6560-5934-7072-6446,0,0,1,0,0,0,0,0,0
KQBPPJJPT_6560-10030-7072-10542,0,0,1,0,0,0,0,0,0
KQBPPJJPT_6560-11566-7072-12078,0,0,1,0,0,0,0,0,0
KQBPPJJPT_6285-5681-6797-6193,0,0,1,0,0,0,0,0,0
KQBPPJJPT_6285-3633-6797-4145,0,0,1,0,0,0,0,0,0
KQBPPJJPT_6560-10542-7072-11054,0,0,1,0,0,0,0,0,0
KQBPPJJPT_6560-6446-7072-6958,0,0,1,0,0,0,0,0,0
KQBPPJJPT_6560-12078-7072-12590,0,0,1,0,0,0,0,0,0
KQBPPJJPT_6560-11054-7072-11566,0,0,1,0,0,0,0,0,0
KQBPPJJPT_6383-4828-6895-5340,0,0,0,0,0,1,0,0,0
KQBPPJJPT_6560-6958-7072-7470,0,0,1,0,0,0,0,0,0
KQBPPJJPT_6560-7470-7072-7982,0,0,1,0,0,0,0,0,0
KQBPPJJPT_6560-8494-7072-9006,0,0,1,0,0,0,0,0,0
KQBPPJJPT_6560-7982-7072-8494,0,0,1,0,0,0,0,0,0
KQBPPJJPT_6560-9006-7072-9518,0,0,1,0,0,0,0,0,0
KQBPPJJPT_6797-2097-7309-2609,0,0,1,0,0,0,0,0,0
KQBPPJJPT_6797-4145-7309-4657,0,0,1,0,0,0,0,0,0
KQBPPJJPT_6779-1618-7291-2130,0,0,1,0,0,0,0,0,0
KQBPPJJPT_6797-1073-7309-1585,0,0,1,0,0,0,0,0,0
KQBPPJJPT_6560-9518-7072-10030,0,0,1,0,0,0,0,0,0
KQBPPJJPT_6797-3633-7309-4145,0,0,1,0,0,0,0,0,0
KQBPPJJPT_6797-2609-7309-3121,0,0,1,0,0,0,0,0,0
KQBPPJJPT_6919-2398-7431-2910,0,0,1,0,0,0,0,0,0
KQBPPJJPT_6797-6193-7309-6705,0,0,1,0,0,0,0,0,0
KQBPPJJPT_6919-2910-7431-3422,0,0,1,0,0,0,0,0,0
KQBPPJJPT_6797-3121-7309-3633,0,0,1,0,0,0,0,0,0
KQBPPJJPT_6802-597-7314-1109,0,0,1,0,0,0,0,0,0
KQBPPJJPT_6797-5681-7309-6193,0,0,1,0,0,0,0,0,0
KQBPPJJPT_6959-1285-7471-1797,0,0,1,0,0,0,0,0,0
KQBPPJJPT_7160-2533-7672-3045,0,0,1,0,0,0,0,0,0
KQBPPJJPT_7160-4069-7672-4581,0,0,1,0,0,0,0,0,0
KQBPPJJPT_7160-1509-7672-2021,0,0,1,0,0,0,0,0,0
KQBPPJJPT_7160-4581-7672-5093,0,0,1,0,0,0,0,0,0
KQBPPJJPT_7471-8231-7983-8743,0,0,1,0,0,0,0,0,0
KQBPPJJPT_7309-3633-7821-4145,0,0,1,0,0,0,0,0,0
KQBPPJJPT_724-5078-1236-5590,0,0,0,0,0,1,0,0,0
KQBPPJJPT_7309-3121-7821-3633,0,0,1,0,0,0,0,0,0
KQBPPJJPT_7672-4581-8184-5093,0,0,1,0,0,0,0,0,0
KQBPPJJPT_7672-3557-8184-4069,0,0,1,0,0,0,0,0,0
KQBPPJJPT_7590-545-8102-1057,0,0,1,0,0,0,0,0,0
KQBPPJJPT_7309-561-7821-1073,0,0,1,0,0,0,0,0,0
KQBPPJJPT_7215-10295-7727-10807,0,0,1,0,0,0,0,0,0
KQBPPJJPT_7679-8787-8191-9299,0,0,1,0,0,0,0,0,0
KQBPPJJPT_7679-9299-8191-9811,0,0,1,0,0,0,0,0,0
KQBPPJJPT_7727-10295-8239-10807,0,0,1,0,0,0,0,0,0
KQBPPJJPT_7821-2609-8333-3121,0,0,1,0,0,0,0,0,0
KQBPPJJPT_8184-1509-8696-2021,0,0,1,0,0,0,0,0,0
KQBPPJJPT_7821-4145-8333-4657,0,0,1,0,0,0,0,0,0
KQBPPJJPT_8304-9128-8816-9640,0,0,1,0,0,0,0,0,0
KQBPPJJPT_8184-4581-8696-5093,0,0,1,0,0,0,0,0,0
KQBPPJJPT_8333-2609-8845-3121,0,0,1,0,0,0,0,0,0
KQBPPJJPT_8367-9519-8879-10031,0,0,1,0,0,0,0,0,0
KQBPPJJPT_8333-4145-8845-4657,0,0,1,0,0,0,0,0,0
KQBPPJJPT_8477-631-8989-1143,0,0,1,0,0,0,0,0,0
KQBPPJJPT_8696-4581-9208-5093,0,0,1,0,0,0,0,0,0
KQBPPJJPT_8696-1509-9208-2021,0,0,1,0,0,0,0,0,0
KQBPPJJPT_8845-4145-9357-4657,0,0,1,0,0,0,0,0,0
KQBPPJJPT_8879-10031-9391-10543,0,0,1,0,0,0,0,0,0
KQBPPJJPT_8385-1651-8897-2163,0,0,1,0,0,0,0,0,0
KQBPPJJPT_8803-10963-9315-11475,0,0,1,0,0,0,0,0,0
KQBPPJJPT_8879-9519-9391-10031,0,0,1,0,0,0,0,0,0
KQBPPJJPT_8367-10031-8879-10543,0,0,1,0,0,0,0,0,0
KQBPPJJPT_8845-2609-9357-3121,0,0,1,0,0,0,0,0,0
KQBPPJJPT_8367-10543-8879-11055,0,0,1,0,0,0,0,0,0
KQBPPJJPT_9097-8478-9609-8990,0,0,1,0,0,0,0,0,0
KQBPPJJPT_9208-4069-9720-4581,0,0,1,0,0,0,0,0,0
KQBPPJJPT_8989-631-9501-1143,0,0,1,0,0,0,0,0,0
KQBPPJJPT_9097-8990-9609-9502,0,0,1,0,0,0,0,0,0
KQBPPJJPT_9208-4581-9720-5093,0,0,1,0,0,0,0,0,0
KQBPPJJPT_9611-8394-10123-8906,0,0,1,0,0,0,0,0,0
KQBPPJJPT_9208-997-9720-1509,0,0,1,0,0,0,0,0,0
KQBPPJJPT_9357-2609-9869-3121,0,0,1,0,0,0,0,0,0
KQBPPJJPT_9357-561-9869-1073,0,0,1,0,0,0,0,0,0
KQBPPJJPT_9432-5909-9944-6421,0,0,1,0,0,0,0,0,0
KQBPPJJPT_9611-7882-10123-8394,0,0,1,0,0,0,0,0,0
KQBPPJJPT_9545-10215-10057-10727,0,0,1,0,0,0,0,0,0
KQBPPJJPT_9869-1585-10381-2097,0,0,1,0,0,0,0,0,0
KQBPPJJPT_9641-597-10153-1109,0,0,1,0,0,0,0,0,0
KQBPPJJPT_9357-6193-9869-6705,0,0,1,0,0,0,0,0,0
KQBPPJJPT_9545-9703-10057-10215,0,0,1,0,0,0,0,0,0
KQBPPJJPT_9869-1073-10381-1585,0,0,1,0,0,0,0,0,0
KQBPPJJPT_9720-2533-10232-3045,0,0,1,0,0,0,0,0,0
KQBPPJJPT_9869-4657-10381-5169,0,0,1,0,0,0,0,0,0
KQBPPJJPT_9869-5169-10381-5681,0,0,1,0,0,0,0,0,0
KQBPPJJPT_9869-4145-10381-4657,0,0,1,0,0,0,0,0,0
KQBPPJJPT_9869-6193-10381-6705,0,0,1,0,0,0,0,0,0
KQBPPJJPT_9944-5909-10456-6421,0,0,1,0,0,0,0,0,0
KQCM7EWV9_1872-6119-2384-6631,1,0,0,0,0,0,0,0,0
KQBPPJJPT_9949-1946-10461-2458,0,0,1,0,0,0,0,0,0
KRU1FK94V_2101-5479-2613-5991,0,1,0,0,0,0,0,0,0
KRU1FK94V_2109-4891-2621-5403,0,1,0,0,0,0,0,0,0
KRU1FK94V_2087-7097-2599-7609,0,1,0,0,0,0,0,0,0
KRU1FK94V_2257-1236-2769-1748,0,1,0,0,0,0,0,0,0
KRU1FK94V_2112-4303-2624-4815,0,1,0,0,0,0,0,0,0
KRU1FK94V_2624-465-3136-977,0,0,0,0,0,0,0,0,1
KRU1FK94V_2101-5991-2613-6503,0,1,0,0,0,0,0,0,0
KRU1FK94V_2239-844-2751-1356,0,1,0,0,0,0,0,0,0
KT8FVK2N4_1384-782-1896-1294,0,0,1,0,0,0,0,0,0
KT8FVK2N4_528-2438-1040-2950,0,0,1,0,0,0,0,0,0
KRU1FK94V_949-8159-1461-8671,0,0,0,0,0,0,0,0,1
KT8FVK2N4_8700-2100-9212-2612,0,0,1,0,0,0,0,0,0
KT8FVK2N4_536-3104-1048-3616,0,0,1,0,0,0,0,0,0
KT8FVK2N4_547-2740-1059-3252,0,0,1,0,0,0,0,0,0
KT8FVK2N4_8343-1725-8855-2237,0,0,1,0,0,0,0,0,0
KT8FVK2N4_8769-5821-9281-6333,0,0,1,0,0,0,0,0,0
KT8FVK2N4_8749-5216-9261-5728,0,0,1,0,0,0,0,0,0
KTJRTW94V_3492-8910-4004-9422,0,0,0,1,0,0,0,0,0
KT8FVK2N4_872-782-1384-1294,0,0,1,0,0,0,0,0,0
KTJRTW94V_3850-1773-4362-2285,0,0,0,1,0,0,0,0,0
KTJRTW94V_2015-14689-2527-15201,0,0,0,1,0,0,0,0,0
KTJRTW94V_3835-9021-4347-9533,0,0,0,1,0,0,0,0,0
KTJRTW94V_3692-6532-4204-7044,0,0,0,1,0,0,0,0,0
KTJRTW94V_3492-9422-4004-9934,0,0,0,1,0,0,0,0,0
KTJRTW94V_3850-1261-4362-1773,0,0,0,1,0,0,0,0,0
KTJRTW94V_3850-749-4362-1261,0,0,0,1,0,0,0,0,0
KTJRTW94V_4362-1773-4874-2285,0,0,0,1,0,0,0,0,0
KTJRTW94V_4362-749-4874-1261,0,0,0,1,0,0,0,0,0
KTJRTW94V_4874-1773-5386-2285,0,0,0,1,0,0,0,0,0
KUBPIC2R4_11189-3175-11701-3687,0,0,0,0,0,1,0,0,0
KTJRTW94V_927-16063-1439-16575,0,0,0,1,0,0,0,0,0
KTJRTW94V_4874-749-5386-1261,0,0,0,1,0,0,0,0,0
KUBPIC2R4_11701-3175-12213-3687,0,0,0,0,0,1,0,0,0
KUBPIC2R4_9249-623-9761-1135,0,0,0,0,0,1,0,0,0
KUBPIC2R4_2802-5041-3314-5553,0,0,1,0,0,0,0,0,0
KUBPIC2R4_2661-4539-3173-5051,0,0,1,0,0,0,0,0,0
KUBPIC2R4_1665-2458-2177-2970,0,0,1,0,0,0,0,0,0
KUBPIC2R4_2119-1710-2631-2222,0,0,1,0,0,0,0,0,0
KUBPIC2R4_9524-985-10036-1497,0,0,0,0,0,1,0,0,0
KUBPIC2R4_1827-6205-2339-6717,0,0,1,0,0,0,0,0,0
KUBPIC2R4_9524-1497-10036-2009,0,0,0,0,0,1,0,0,0
KUBPIC2R4_2113-1987-2625-2499,0,0,1,0,0,0,0,0,0
KUBPIC2R4_2269-2724-2781-3236,0,0,1,0,0,0,0,0,0
KUBPIC2R4_2612-4101-3124-4613,0,0,1,0,0,0,0,0,0
KUIXDGMGE_3780-537-4292-1049,0,1,0,0,0,0,0,0,0
KUIXDGMGE_3268-537-3780-1049,0,1,0,0,0,0,0,0,0
KUMNFJ39J_10673-601-11185-1113,0,0,0,0,0,1,0,0,0
KUMNFJ39J_2094-2942-2606-3454,0,0,0,0,0,1,0,0,0
KUMNFJ39J_2295-3386-2807-3898,0,0,0,0,0,1,0,0,0
KUMNFJ39J_1905-690-2417-1202,0,0,0,0,0,1,0,0,0
KUMNFJ39J_2447-3693-2959-4205,0,0,0,0,0,1,0,0,0
KVYXUMZUJ_1269-3181-1781-3693,1,0,0,0,0,0,0,0,0
KVYXUMZUJ_1269-3693-1781-4205,1,0,0,0,0,0,0,0,0
KUMNFJ39J_4395-1715-4907-2227,0,0,0,0,0,0,0,0,1
KUMNFJ39J_4907-1715-5419-2227,0,0,0,0,0,0,0,0,1
KUMNFJ39J_876-862-1388-1374,0,0,0,0,0,1,0,0,0
KVYXUMZUJ_1269-2669-1781-3181,1,0,0,0,0,0,0,0,0
KVYXUMZUJ_1269-2157-1781-2669,1,0,0,0,0,0,0,0,0
KVHL19FX1_932-8186-1444-8698,0,0,0,0,0,0,1,0,0
KVHL19FX1_1444-8186-1956-8698,0,0,0,0,0,0,1,0,0
KUMNFJ39J_3902-1807-4414-2319,0,0,0,0,0,1,0,0,0
KVYXUMZUJ_1269-621-1781-1133,1,0,0,0,0,0,0,0,0
KVYXUMZUJ_1781-3181-2293-3693,1,0,0,0,0,0,0,0,0
KVYXUMZUJ_1781-1133-2293-1645,1,0,0,0,0,0,0,0,0
KVYXUMZUJ_1269-7789-1781-8301,1,0,0,0,0,0,0,0,0
KVYXUMZUJ_1781-3693-2293-4205,1,0,0,0,0,0,0,0,0
KVYXUMZUJ_1781-5741-2293-6253,1,0,0,0,0,0,0,0,0
KVYXUMZUJ_1781-6253-2293-6765,1,0,0,0,0,0,0,0,0
KVYXUMZUJ_1781-6765-2293-7277,1,0,0,0,0,0,0,0,0
KVYXUMZUJ_2293-621-2805-1133,1,0,0,0,0,0,0,0,0
KVYXUMZUJ_2293-5229-2805-5741,1,0,0,0,0,0,0,0,0
KVYXUMZUJ_2293-6765-2805-7277,1,0,0,0,0,0,0,0,0
KVYXUMZUJ_2805-5229-3317-5741,1,0,0,0,0,0,0,0,0
KVYXUMZUJ_2293-5741-2805-6253,1,0,0,0,0,0,0,0,0
KVYXUMZUJ_1781-7789-2293-8301,1,0,0,0,0,0,0,0,0
KVYXUMZUJ_2293-8301-2805-8813,1,0,0,0,0,0,0,0,0
KVYXUMZUJ_2805-5741-3317-6253,1,0,0,0,0,0,0,0,0
KVYXUMZUJ_2805-621-3317-1133,1,0,0,0,0,0,0,0,0
KVYXUMZUJ_2805-6765-3317-7277,1,0,0,0,0,0,0,0,0
KVYXUMZUJ_2805-8301-3317-8813,1,0,0,0,0,0,0,0,0
KVYXUMZUJ_3317-4717-3829-5229,1,0,0,0,0,0,0,0,0
KVYXUMZUJ_3317-5229-3829-5741,1,0,0,0,0,0,0,0,0
KVYXUMZUJ_3317-4205-3829-4717,1,0,0,0,0,0,0,0,0
KVYXUMZUJ_3317-621-3829-1133,1,0,0,0,0,0,0,0,0
KVYXUMZUJ_3317-6253-3829-6765,1,0,0,0,0,0,0,0,0
KVYXUMZUJ_3317-6765-3829-7277,1,0,0,0,0,0,0,0,0
KVYXUMZUJ_3317-8301-3829-8813,1,0,0,0,0,0,0,0,0
KVYXUMZUJ_3829-4205-4341-4717,1,0,0,0,0,0,0,0,0
KVYXUMZUJ_3829-5741-4341-6253,1,0,0,0,0,0,0,0,0
KVYXUMZUJ_3829-4717-4341-5229,1,0,0,0,0,0,0,0,0
KVYXUMZUJ_3829-8301-4341-8813,1,0,0,0,0,0,0,0,0
KVYXUMZUJ_3829-5229-4341-5741,1,0,0,0,0,0,0,0,0
KVYXUMZUJ_4341-2157-4853-2669,1,0,0,0,0,0,0,0,0
KVYXUMZUJ_3829-621-4341-1133,1,0,0,0,0,0,0,0,0
KVYXUMZUJ_4341-2669-4853-3181,1,0,0,0,0,0,0,0,0
KVYXUMZUJ_4341-1645-4853-2157,1,0,0,0,0,0,0,0,0
KVYXUMZUJ_3829-6253-4341-6765,1,0,0,0,0,0,0,0,0
KVYXUMZUJ_4341-4205-4853-4717,1,0,0,0,0,0,0,0,0
KVYXUMZUJ_4341-4717-4853-5229,1,0,0,0,0,0,0,0,0
KVYXUMZUJ_4341-5229-4853-5741,1,0,0,0,0,0,0,0,0
KVYXUMZUJ_4341-5741-4853-6253,1,0,0,0,0,0,0,0,0
KVYXUMZUJ_4341-621-4853-1133,1,0,0,0,0,0,0,0,0
KVYXUMZUJ_4853-2157-5365-2669,1,0,0,0,0,0,0,0,0
KVYXUMZUJ_4853-7789-5365-8301,1,0,0,0,0,0,0,0,0
KVYXUMZUJ_4341-8301-4853-8813,1,0,0,0,0,0,0,0,0
KVYXUMZUJ_4853-4205-5365-4717,1,0,0,0,0,0,0,0,0
KVYXUMZUJ_4853-4717-5365-5229,1,0,0,0,0,0,0,0,0
KVYXUMZUJ_4853-1645-5365-2157,1,0,0,0,0,0,0,0,0
KVYXUMZUJ_4853-5229-5365-5741,1,0,0,0,0,0,0,0,0
KVYXUMZUJ_4853-621-5365-1133,1,0,0,0,0,0,0,0,0
KVYXUMZUJ_4853-5741-5365-6253,1,0,0,0,0,0,0,0,0
KVYXUMZUJ_4853-2669-5365-3181,1,0,0,0,0,0,0,0,0
KVYXUMZUJ_4853-8301-5365-8813,1,0,0,0,0,0,0,0,0
KVYXUMZUJ_4853-3693-5365-4205,1,0,0,0,0,0,0,0,0
KVYXUMZUJ_5365-1133-5877-1645,1,0,0,0,0,0,0,0,0
KVYXUMZUJ_5365-1645-5877-2157,1,0,0,0,0,0,0,0,0
KVYXUMZUJ_5365-3181-5877-3693,1,0,0,0,0,0,0,0,0
KVYXUMZUJ_5365-2157-5877-2669,1,0,0,0,0,0,0,0,0
KVYXUMZUJ_5365-2669-5877-3181,1,0,0,0,0,0,0,0,0
KVYXUMZUJ_5365-5229-5877-5741,1,0,0,0,0,0,0,0,0
KVYXUMZUJ_5365-5741-5877-6253,1,0,0,0,0,0,0,0,0
KVYXUMZUJ_5365-621-5877-1133,1,0,0,0,0,0,0,0,0
KVYXUMZUJ_5365-4205-5877-4717,1,0,0,0,0,0,0,0,0
KVYXUMZUJ_5365-3693-5877-4205,1,0,0,0,0,0,0,0,0
KVYXUMZUJ_5365-4717-5877-5229,1,0,0,0,0,0,0,0,0
KVYXUMZUJ_5877-1133-6389-1645,1,0,0,0,0,0,0,0,0
KVYXUMZUJ_5877-1645-6389-2157,1,0,0,0,0,0,0,0,0
KVYXUMZUJ_5365-7789-5877-8301,1,0,0,0,0,0,0,0,0
KVYXUMZUJ_5877-2157-6389-2669,1,0,0,0,0,0,0,0,0
KVYXUMZUJ_5877-3181-6389-3693,1,0,0,0,0,0,0,0,0
KVYXUMZUJ_5365-8301-5877-8813,1,0,0,0,0,0,0,0,0
KVYXUMZUJ_5877-2669-6389-3181,1,0,0,0,0,0,0,0,0
KVYXUMZUJ_5877-3693-6389-4205,1,0,0,0,0,0,0,0,0
KVYXUMZUJ_5877-5741-6389-6253,1,0,0,0,0,0,0,0,0
KVYXUMZUJ_5877-4205-6389-4717,1,0,0,0,0,0,0,0,0
KVYXUMZUJ_5877-5229-6389-5741,1,0,0,0,0,0,0,0,0
KVYXUMZUJ_5877-4717-6389-5229,1,0,0,0,0,0,0,0,0
KVYXUMZUJ_6389-2157-6901-2669,1,0,0,0,0,0,0,0,0
KVYXUMZUJ_5877-6253-6389-6765,1,0,0,0,0,0,0,0,0
KVYXUMZUJ_5877-621-6389-1133,1,0,0,0,0,0,0,0,0
KVYXUMZUJ_5877-7789-6389-8301,1,0,0,0,0,0,0,0,0
KVYXUMZUJ_6389-1133-6901-1645,1,0,0,0,0,0,0,0,0
KVYXUMZUJ_6389-2669-6901-3181,1,0,0,0,0,0,0,0,0
KVYXUMZUJ_6389-1645-6901-2157,1,0,0,0,0,0,0,0,0
KVYXUMZUJ_6389-4717-6901-5229,1,0,0,0,0,0,0,0,0
KVYXUMZUJ_6389-3181-6901-3693,1,0,0,0,0,0,0,0,0
KVYXUMZUJ_6389-3693-6901-4205,1,0,0,0,0,0,0,0,0
KVYXUMZUJ_6389-4205-6901-4717,1,0,0,0,0,0,0,0,0
KVYXUMZUJ_6389-5229-6901-5741,1,0,0,0,0,0,0,0,0
KVYXUMZUJ_6389-5741-6901-6253,1,0,0,0,0,0,0,0,0
KVYXUMZUJ_6389-621-6901-1133,1,0,0,0,0,0,0,0,0
KVYXUMZUJ_6389-7789-6901-8301,1,0,0,0,0,0,0,0,0
KVYXUMZUJ_6901-1645-7413-2157,1,0,0,0,0,0,0,0,0
KVYXUMZUJ_6901-1133-7413-1645,1,0,0,0,0,0,0,0,0
KVYXUMZUJ_6389-6253-6901-6765,1,0,0,0,0,0,0,0,0
KVYXUMZUJ_6901-3181-7413-3693,1,0,0,0,0,0,0,0,0
KVYXUMZUJ_6901-4717-7413-5229,1,0,0,0,0,0,0,0,0
KVYXUMZUJ_6901-2157-7413-2669,1,0,0,0,0,0,0,0,0
KVYXUMZUJ_6901-5229-7413-5741,1,0,0,0,0,0,0,0,0
KVYXUMZUJ_6901-2669-7413-3181,1,0,0,0,0,0,0,0,0
KVYXUMZUJ_6901-4205-7413-4717,1,0,0,0,0,0,0,0,0
KVYXUMZUJ_6901-3693-7413-4205,1,0,0,0,0,0,0,0,0
KVYXUMZUJ_6901-6253-7413-6765,1,0,0,0,0,0,0,0,0
KVYXUMZUJ_6901-7277-7413-7789,1,0,0,0,0,0,0,0,0
KVYXUMZUJ_6901-5741-7413-6253,1,0,0,0,0,0,0,0,0
KVYXUMZUJ_6901-6765-7413-7277,1,0,0,0,0,0,0,0,0
KVYXUMZUJ_6901-621-7413-1133,1,0,0,0,0,0,0,0,0
KVYXUMZUJ_6901-7789-7413-8301,1,0,0,0,0,0,0,0,0
KVYXUMZUJ_757-1133-1269-1645,1,0,0,0,0,0,0,0,0
KVYXUMZUJ_757-2669-1269-3181,1,0,0,0,0,0,0,0,0
KVYXUMZUJ_757-2157-1269-2669,1,0,0,0,0,0,0,0,0
KVYXUMZUJ_757-1645-1269-2157,1,0,0,0,0,0,0,0,0
KVYXUMZUJ_757-3181-1269-3693,1,0,0,0,0,0,0,0,0
KVYXUMZUJ_757-4205-1269-4717,1,0,0,0,0,0,0,0,0
KVYXUMZUJ_757-5741-1269-6253,1,0,0,0,0,0,0,0,0
KVYXUMZUJ_757-4717-1269-5229,1,0,0,0,0,0,0,0,0
KVYXUMZUJ_757-5229-1269-5741,1,0,0,0,0,0,0,0,0
KVYXUMZUJ_757-6253-1269-6765,1,0,0,0,0,0,0,0,0
KVYXUMZUJ_757-7277-1269-7789,1,0,0,0,0,0,0,0,0
KVYXUMZUJ_757-7789-1269-8301,1,0,0,0,0,0,0,0,0
KVYXUMZUJ_757-6765-1269-7277,1,0,0,0,0,0,0,0,0
KWCUKVTJ4_1580-1384-2092-1896,0,0,0,1,0,0,0,0,0
KVYXUMZUJ_757-621-1269-1133,1,0,0,0,0,0,0,0,0
KWCUKVTJ4_3512-997-4024-1509,0,0,0,1,0,0,0,0,0
KWCUKVTJ4_3886-1691-4398-2203,0,0,0,1,0,0,0,0,0
KWCUKVTJ4_830-1355-1342-1867,0,0,0,1,0,0,0,0,0
KWCUKVTJ4_4212-3433-4724-3945,0,0,0,1,0,0,0,0,0
KWWC3J1HY_1759-2452-2271-2964,0,0,0,0,0,0,1,0,0
KWWC3J1HY_1280-1905-1792-2417,0,0,0,0,0,0,1,0,0
KWWC3J1HY_1882-2753-2394-3265,0,0,0,0,0,0,1,0,0
KWWC3J1HY_2356-3068-2868-3580,0,0,0,0,0,0,1,0,0
KXJUDXKZF_1690-2099-2202-2611,0,0,1,0,0,0,0,0,0
KXJUDXKZF_1334-5617-1846-6129,0,0,1,0,0,0,1,0,0
KWWC3J1HY_3066-3537-3578-4049,0,0,0,0,0,0,1,0,0
KWWC3J1HY_2597-3208-3109-3720,0,0,0,0,0,0,1,0,0
KWWC3J1HY_3578-3537-4090-4049,0,0,0,0,0,0,1,0,0
KXJUDXKZF_1334-6129-1846-6641,0,0,1,0,0,0,1,0,0
KXJUDXKZF_2009-4443-2521-4955,0,0,1,0,0,0,0,0,0
KXJUDXKZF_1842-4245-2354-4757,0,0,1,0,0,0,0,0,0
KXJUDXKZF_1495-5882-2007-6394,0,0,1,0,0,0,1,0,0
KXJUDXKZF_2189-6225-2701-6737,0,0,1,0,0,0,0,0,0
KXJUDXKZF_2518-2982-3030-3494,0,0,1,0,0,0,1,0,0
KXJUDXKZF_2551-1200-3063-1712,0,0,1,0,0,0,0,0,0
KXJUDXKZF_2593-934-3105-1446,0,0,1,0,0,0,0,0,0
KXJUDXKZF_2619-2749-3131-3261,0,0,1,0,0,0,1,0,0
KXJUDXKZF_2689-4905-3201-5417,0,0,0,0,0,0,1,0,0
KXJUDXKZF_3088-1478-3600-1990,0,0,1,0,0,0,0,0,0
KXJUDXKZF_2973-5710-3485-6222,0,0,1,0,0,0,0,0,0
KXJUDXKZF_3278-2189-3790-2701,0,0,1,0,0,0,1,0,0
KXJUDXKZF_3752-1811-4264-2323,0,0,1,0,0,0,0,0,0
KXJUDXKZF_3489-2431-4001-2943,0,0,1,0,0,0,1,0,0
KXJUDXKZF_3575-5629-4087-6141,0,0,1,0,0,0,1,0,0
KXJUDXKZF_3575-6141-4087-6653,0,0,0,0,0,0,1,0,0
KXJUDXKZF_3674-2615-4186-3127,0,0,1,0,0,0,1,0,0
KXJUDXKZF_3977-2050-4489-2562,0,0,1,0,0,0,0,0,0
KXJUDXKZF_4087-5629-4599-6141,0,0,0,0,0,0,1,0,0
KXJUDXKZF_3752-2323-4264-2835,0,0,1,0,0,0,1,0,0
KXJUDXKZF_697-5408-1209-5920,0,0,1,0,0,0,1,0,0
KXJUDXKZF_822-5617-1334-6129,0,0,1,0,0,0,1,0,0
KXJUDXKZF_618-5953-1130-6465,0,0,0,0,0,0,1,0,0
KXJUDXKZF_822-6129-1334-6641,0,0,0,0,0,0,1,0,0
KXP66LEK3_8222-4822-8734-5334,0,0,0,0,0,0,0,0,1
KXP66LEK3_974-4860-1486-5372,0,0,0,0,0,0,0,0,1
KXQBHBPCW_3360-579-3872-1091,1,0,0,0,0,0,0,0,0
KXP66LEK3_6646-8330-7158-8842,0,0,0,0,0,0,0,0,1
KXQBHBPCW_3961-586-4473-1098,1,0,0,0,0,0,0,0,0
KXRJVPFEJ_1076-3603-1588-4115,0,0,1,0,0,0,0,0,0
KXRJVPFEJ_3028-2366-3540-2878,0,0,1,0,0,0,0,0,0
KXRJVPFEJ_2911-3329-3423-3841,0,0,1,0,0,0,0,0,0
KXRJVPFEJ_2113-498-2625-1010,0,0,1,0,0,0,0,0,0
KXRJVPFEJ_3643-3885-4155-4397,0,0,1,0,0,0,0,0,0
KXRJVPFEJ_260-3849-772-4361,0,0,1,0,0,0,0,0,0
KXRJVPFEJ_3131-3885-3643-4397,0,0,1,0,0,0,0,0,0
KXRJVPFEJ_3062-3526-3574-4038,0,0,1,0,0,0,0,0,0
KXRJVPFEJ_3313-3474-3825-3986,0,0,1,0,0,0,0,0,0
KXRJVPFEJ_4335-2325-4847-2837,0,0,1,0,0,0,0,0,0
KXRJVPFEJ_3843-2211-4355-2723,0,0,1,0,0,0,0,0,0
KXRJVPFEJ_3825-3474-4337-3986,0,0,1,0,0,0,0,0,0
KXRJVPFEJ_540-3887-1052-4399,0,0,1,0,0,0,0,0,0
KXU1VVZKG_1041-4128-1553-4640,0,1,0,0,0,0,0,0,0
KXU1VVZKG_1019-898-1531-1410,0,1,0,0,0,0,0,0,0
KXU1VVZKG_1212-2232-1724-2744,0,1,0,0,0,0,0,0,1
KXRJVPFEJ_762-2222-1274-2734,0,0,1,0,0,0,0,0,0
KXU1VVZKG_1024-4459-1536-4971,0,1,0,0,0,0,0,0,1
KXU1VVZKG_1403-886-1915-1398,0,1,0,0,0,0,0,0,0
KXU1VVZKG_1536-4459-2048-4971,0,1,0,0,0,0,0,0,0
KXU1VVZKG_1438-3027-1950-3539,0,1,0,0,0,0,0,0,0
KXU1VVZKG_1537-3898-2049-4410,0,1,0,0,0,0,0,0,0
KXU1VVZKG_1443-2580-1955-3092,0,1,0,0,0,0,0,0,1
KXU1VVZKG_3276-821-3788-1333,0,1,0,0,0,0,0,0,0
KXU1VVZKG_2749-4547-3261-5059,0,1,0,0,0,0,0,0,0
KXU1VVZKG_3261-4547-3773-5059,0,1,0,0,0,0,0,0,0
KXU1VVZKG_1915-886-2427-1398,0,1,0,0,0,0,0,0,0
KXU1VVZKG_4285-4035-4797-4547,0,1,0,0,0,0,0,0,0
KXU1VVZKG_4285-4547-4797-5059,0,1,0,0,0,0,0,0,0
KXU1VVZKG_3773-4547-4285-5059,0,1,0,0,0,0,0,0,0
KXU1VVZKG_507-1410-1019-1922,0,1,0,0,0,0,0,0,0
KXU1VVZKG_4797-3523-5309-4035,0,1,0,0,0,0,0,0,0
KXU1VVZKG_4797-4035-5309-4547,0,1,0,0,0,0,0,0,0
KXU1VVZKG_507-898-1019-1410,0,1,0,0,0,0,0,0,0
KXU1VVZKG_529-4128-1041-4640,0,1,0,0,0,0,0,0,1
KXU1VVZKG_529-4640-1041-5152,0,1,0,0,0,0,0,0,1
KXU1VVZKG_5908-733-6420-1245,0,1,0,0,0,0,0,0,0
KXU1VVZKG_5396-733-5908-1245,0,1,0,0,0,0,0,0,0
KXU1VVZKG_6339-2831-6851-3343,0,1,0,0,0,0,0,0,0
KXU1VVZKG_5827-3343-6339-3855,0,1,0,0,0,0,0,0,0
KXU1VVZKG_5315-3343-5827-3855,0,1,0,0,0,0,0,0,0
KXU1VVZKG_6339-3343-6851-3855,0,1,0,0,0,0,0,0,0
KXU1VVZKG_6420-733-6932-1245,0,1,0,0,0,0,0,0,0
KXU1VVZKG_685-2211-1197-2723,0,1,0,0,0,0,0,0,1
KXU1VVZKG_6851-2831-7363-3343,0,1,0,0,0,0,0,0,0
KXU1VVZKG_7218-2974-7730-3486,0,1,0,0,0,0,0,0,0
KXU1VVZKG_6932-733-7444-1245,0,1,0,0,0,0,0,0,0
KXU1VVZKG_7444-733-7956-1245,0,1,0,0,0,0,0,0,0
KXU1VVZKG_7956-733-8468-1245,0,1,0,0,0,0,0,0,0
KXU1VVZKG_8266-4452-8778-4964,0,0,0,0,0,0,0,0,1
KXU1VVZKG_7890-3426-8402-3938,0,1,0,0,0,0,0,0,0
KXZPERJAI_2342-3088-2854-3600,0,0,0,0,0,0,1,0,0
KXZPERJAI_2565-7869-3077-8381,0,0,0,0,0,0,1,0,0
KXZPERJAI_2565-7357-3077-7869,0,0,0,0,0,0,1,0,0
KXZPERJAI_3958-4659-4470-5171,0,0,0,0,0,0,1,0,0
KXZPERJAI_3151-6482-3663-6994,0,0,0,0,0,0,1,0,0
KXZPERJAI_4059-6096-4571-6608,0,0,0,0,0,0,1,0,0
KXZPERJAI_4038-4920-4550-5432,0,0,0,0,0,0,1,0,0
KXZPERJAI_3422-3063-3934-3575,0,0,0,0,0,0,1,0,0
KXZPERJAI_3968-5716-4480-6228,0,0,0,0,0,0,1,0,0
KXZPERJAI_3310-5371-3822-5883,0,0,0,0,0,0,1,0,0
KXZPERJAI_4793-8042-5305-8554,0,0,0,0,0,0,1,0,0
KXZPERJAI_4550-4920-5062-5432,0,0,0,0,0,0,1,0,0
KYIMQZV4N_1546-527-2058-1039,0,1,0,0,0,0,0,0,0
KYIMQZV4N_1622-6319-2134-6831,0,1,0,0,0,0,0,0,0
KXZPERJAI_5062-4920-5574-5432,0,0,0,0,0,0,1,0,0
KYIMQZV4N_1622-6831-2134-7343,0,1,0,0,0,0,0,0,0
KYIMQZV4N_2666-4959-3178-5471,0,1,0,0,0,0,0,0,0
KYIMQZV4N_3178-4959-3690-5471,0,1,0,0,0,0,0,0,0
KYIMQZV4N_3489-4904-4001-5416,0,1,0,0,0,0,0,0,0
KYIMQZV4N_3439-6778-3951-7290,0,0,0,0,0,0,0,0,1
KYIMQZV4N_3625-6527-4137-7039,0,0,0,0,0,0,0,0,1
KYIMQZV4N_5524-7640-6036-8152,0,1,0,0,0,0,0,0,0
KYIMQZV4N_4919-6216-5431-6728,0,0,0,0,0,0,0,0,1
KYIMQZV4N_3625-7039-4137-7551,0,0,0,0,0,0,0,0,1
KYIMQZV4N_3693-1852-4205-2364,0,0,0,0,0,0,0,0,1
KYIMQZV4N_5849-5394-6361-5906,0,0,0,0,0,0,0,0,1
KYIMQZV4N_3843-533-4355-1045,0,0,0,0,0,0,0,0,1
KYIMQZV4N_5849-5906-6361-6418,0,0,0,0,0,0,0,0,1
KYIMQZV4N_792-3992-1304-4504,0,1,0,0,0,0,0,0,0
KYNDHU2YU_10107-13915-10619-14427,0,0,1,0,0,0,0,0,0
KYNDHU2YU_10127-13618-10639-14130,0,0,1,0,0,0,0,0,0
KYNDHU2YU_10107-14939-10619-15451,0,0,1,0,0,0,0,0,0
KYNDHU2YU_10107-14427-10619-14939,0,0,1,0,0,0,0,0,0
KYNDHU2YU_10128-11921-10640-12433,0,0,1,0,0,0,0,0,0
KYNDHU2YU_10478-12211-10990-12723,0,0,1,0,0,0,0,0,0
KYNDHU2YU_10478-13747-10990-14259,0,0,1,0,0,0,0,0,0
KYNDHU2YU_10640-12433-11152-12945,0,0,1,0,0,0,0,0,0
KYNDHU2YU_10619-13403-11131-13915,0,0,1,0,0,0,0,0,0
KYNDHU2YU_10619-14427-11131-14939,0,0,1,0,0,0,0,0,0
KYNDHU2YU_10640-13969-11152-14481,0,0,1,0,0,0,0,0,0
KYNDHU2YU_10957-14780-11469-15292,0,0,1,0,0,0,0,0,0
KYNDHU2YU_1081-12243-1593-12755,0,0,1,0,0,0,0,0,0
KYNDHU2YU_10990-12723-11502-13235,0,0,1,0,0,0,0,0,0
KYNDHU2YU_10990-13235-11502-13747,0,0,1,0,0,0,0,0,0
KYNDHU2YU_11152-13457-11664-13969,0,0,1,0,0,0,0,0,0
KYNDHU2YU_11131-14427-11643-14939,0,0,1,0,0,0,0,0,0
KYNDHU2YU_11502-12723-12014-13235,0,0,1,0,0,0,0,0,0
KYNDHU2YU_11469-14780-11981-15292,0,0,1,0,0,0,0,0,0
KYNDHU2YU_11643-13403-12155-13915,0,0,1,0,0,0,0,0,0
KYNDHU2YU_11643-14939-12155-15451,0,0,1,0,0,0,0,0,0
KYNDHU2YU_11643-14427-12155-14939,0,0,1,0,0,0,0,0,0
KYNDHU2YU_13200-657-13712-1169,0,0,1,0,0,0,0,0,0
KYNDHU2YU_13550-13235-14062-13747,0,0,1,0,0,0,0,0,0
KYNDHU2YU_12014-12723-12526-13235,0,0,1,0,0,0,0,0,0
KYNDHU2YU_11664-12945-12176-13457,0,0,1,0,0,0,0,0,0
KYNDHU2YU_12176-12945-12688-13457,0,0,1,0,0,0,0,0,0
KYNDHU2YU_13200-2193-13712-2705,0,0,1,0,0,0,0,0,0
KYNDHU2YU_13712-2193-14224-2705,0,0,1,0,0,0,0,0,0
KYNDHU2YU_13691-15451-14203-15963,0,0,1,0,0,0,0,0,0
KYNDHU2YU_1357-15421-1869-15933,0,0,1,0,0,0,0,0,0
KYNDHU2YU_13691-15963-14203-16475,0,0,1,0,0,0,0,0,0
KYNDHU2YU_13712-2705-14224-3217,0,0,1,0,0,1,0,0,0
KYNDHU2YU_13960-15740-14472-16252,0,0,1,0,0,0,0,0,0
KYNDHU2YU_1403-14427-1915-14939,0,0,1,0,0,1,0,0,0
KYNDHU2YU_1403-14939-1915-15451,0,0,1,0,0,1,0,0,0
KYNDHU2YU_14203-15451-14715-15963,0,0,1,0,0,0,0,0,0
KYNDHU2YU_14209-1487-14721-1999,0,0,1,0,0,0,0,0,0
KYNDHU2YU_14203-15963-14715-16475,0,0,1,0,0,0,0,0,0
KYNDHU2YU_14224-1169-14736-1681,0,0,1,0,0,0,0,0,0
KYNDHU2YU_14224-657-14736-1169,0,0,1,0,0,0,0,0,0
KYNDHU2YU_1464-13336-1976-13848,0,0,1,0,0,0,0,0,0
KYNDHU2YU_1424-11921-1936-12433,0,0,1,0,0,1,0,0,0
KYNDHU2YU_1464-12824-1976-13336,0,0,1,0,0,0,0,0,0
KYNDHU2YU_14224-2705-14736-3217,0,0,1,0,0,0,0,0,0
KYNDHU2YU_1464-13848-1976-14360,0,0,1,0,0,0,0,0,0
KYNDHU2YU_14721-1487-15233-1999,0,0,1,0,0,0,0,0,0
KYNDHU2YU_14736-1169-15248-1681,0,0,1,0,0,0,0,0,0
KYNDHU2YU_14736-2193-15248-2705,0,0,1,0,0,0,0,0,0
KYNDHU2YU_14736-657-15248-1169,0,0,1,0,0,0,0,0,0
KYNDHU2YU_15227-14257-15739-14769,0,0,1,0,0,0,0,0,0
KYNDHU2YU_15227-13403-15739-13915,0,0,1,0,0,0,0,0,0
KYNDHU2YU_15248-13969-15760-14481,0,0,1,0,0,0,0,0,0
KYNDHU2YU_15598-13235-16110-13747,0,0,1,0,0,0,0,0,0
KYNDHU2YU_15248-657-15760-1169,0,0,1,0,0,0,0,0,0
KYNDHU2YU_15760-13457-16272-13969,0,0,1,0,0,0,0,0,0
KYNDHU2YU_15760-13969-16272-14481,0,0,1,0,0,0,0,0,0
KYNDHU2YU_15760-1169-16272-1681,0,0,1,0,0,0,0,0,0
KYNDHU2YU_15760-1681-16272-2193,0,0,1,0,0,0,0,0,0
KYNDHU2YU_16110-13235-16622-13747,0,0,1,0,0,0,0,0,0
KYNDHU2YU_15760-657-16272-1169,0,0,1,0,0,0,0,0,0
KYNDHU2YU_15760-2193-16272-2705,0,0,1,0,0,0,0,0,0
KYNDHU2YU_16110-13747-16622-14259,0,0,1,0,0,0,0,0,0
KYNDHU2YU_1593-12243-2105-12755,0,0,1,0,0,0,0,0,0
KYNDHU2YU_16272-2193-16784-2705,0,0,1,0,0,0,0,0,0
KYNDHU2YU_16251-14939-16763-15451,0,0,1,0,0,0,0,0,0
KYNDHU2YU_16272-13457-16784-13969,0,0,1,0,0,0,0,0,0
KYNDHU2YU_16251-15451-16763-15963,0,0,1,0,0,0,0,0,0
KYNDHU2YU_16272-2705-16784-3217,0,0,1,0,0,0,0,0,0
KYNDHU2YU_16435-15205-16947-15717,0,0,1,0,0,0,0,0,0
KYNDHU2YU_16763-14939-17275-15451,0,0,1,0,0,0,0,0,0
KYNDHU2YU_16950-15492-17462-16004,0,0,1,0,0,0,0,0,0
KYNDHU2YU_16784-13457-17296-13969,0,0,1,0,0,0,0,0,0
KYNDHU2YU_17296-13457-17808-13969,0,0,1,0,0,0,0,0,0
KYNDHU2YU_17462-15492-17974-16004,0,0,1,0,0,0,0,0,0
KYNDHU2YU_17275-14939-17787-15451,0,0,1,0,0,0,0,0,0
KYNDHU2YU_17787-14939-18299-15451,0,0,1,0,0,0,0,0,0
KYNDHU2YU_17787-13403-18299-13915,0,0,1,0,0,0,0,0,0
KYNDHU2YU_17974-15492-18486-16004,0,0,1,0,0,0,0,0,0
KYNDHU2YU_18299-13403-18811-13915,0,0,1,0,0,0,0,0,0
KYNDHU2YU_18299-14939-18811-15451,0,0,1,0,0,0,0,0,0
KYNDHU2YU_18486-15492-18998-16004,0,0,1,0,0,0,0,0,0
KYNDHU2YU_18998-15492-19510-16004,0,0,1,0,0,0,0,0,0
KYNDHU2YU_18698-15230-19210-15742,0,0,1,0,0,0,0,0,0
KYNDHU2YU_18811-13403-19323-13915,0,0,1,0,0,0,0,0,0
KYNDHU2YU_18811-14939-19323-15451,0,0,1,0,0,0,0,0,0
KYNDHU2YU_1915-13915-2427-14427,0,0,1,0,0,0,0,0,0
KYNDHU2YU_1915-14427-2427-14939,0,0,1,0,0,0,0,0,0
KYNDHU2YU_1915-14939-2427-15451,0,0,1,0,0,0,0,0,0
KYNDHU2YU_19210-15230-19722-15742,0,0,1,0,0,0,0,0,0
KYNDHU2YU_19323-14939-19835-15451,0,0,1,0,0,0,0,0,0
KYNDHU2YU_19344-13969-19856-14481,0,0,1,0,0,0,0,0,0
KYNDHU2YU_19510-15492-20022-16004,0,0,1,0,0,0,0,0,0
KYNDHU2YU_1936-11921-2448-12433,0,0,1,0,0,0,0,0,0
KYNDHU2YU_1976-15384-2488-15896,0,0,1,0,0,0,0,0,0
KYNDHU2YU_19835-13915-20347-14427,0,0,1,0,0,0,0,0,0
KYNDHU2YU_19722-15230-20234-15742,0,0,1,0,0,0,0,0,0
KYNDHU2YU_1976-13336-2488-13848,0,0,1,0,0,0,0,0,0
KYNDHU2YU_20022-15492-20534-16004,0,0,1,0,0,0,0,0,0
KYNDHU2YU_19835-14939-20347-15451,0,0,1,0,0,0,0,0,0
KYNDHU2YU_20234-15230-20746-15742,0,0,1,0,0,0,0,0,0
KYNDHU2YU_20347-14939-20859-15451,0,0,1,0,0,0,0,0,0
KYNDHU2YU_20368-13969-20880-14481,0,0,1,0,0,0,0,0,0
KYNDHU2YU_20368-5777-20880-6289,0,0,1,0,0,0,0,0,0
KYNDHU2YU_20534-15492-21046-16004,0,0,1,0,0,0,0,0,0
KYNDHU2YU_20859-13915-21371-14427,0,0,1,0,0,0,0,0,0
KYNDHU2YU_20746-15230-21258-15742,0,0,1,0,0,0,0,0,0
KYNDHU2YU_20859-15451-21371-15963,0,0,1,0,0,1,0,0,0
KYNDHU2YU_20859-14939-21371-15451,0,0,1,0,0,0,0,0,0
KYNDHU2YU_21258-15230-21770-15742,0,0,1,0,0,0,0,0,0
KYNDHU2YU_21371-13915-21883-14427,0,0,1,0,0,0,0,0,0
KYNDHU2YU_2105-12243-2617-12755,0,0,1,0,0,0,0,0,0
KYNDHU2YU_21371-14939-21883-15451,0,0,1,0,0,0,0,0,0
KYNDHU2YU_21392-6801-21904-7313,0,0,1,0,0,0,0,0,0
KYNDHU2YU_21371-15451-21883-15963,0,0,1,0,0,0,0,0,0
KYNDHU2YU_21392-7313-21904-7825,0,0,1,0,0,0,0,0,0
KYNDHU2YU_2427-14939-2939-15451,0,0,1,0,0,0,0,0,0
KYNDHU2YU_2381-15421-2893-15933,0,0,1,0,0,0,0,0,0
KYNDHU2YU_2427-14427-2939-14939,0,0,1,0,0,0,0,0,0
KYNDHU2YU_2432-12573-2944-13085,0,0,1,0,0,0,0,0,0
KYNDHU2YU_2448-11921-2960-12433,0,0,1,0,0,0,0,0,0
KYNDHU2YU_2617-12243-3129-12755,0,0,1,0,0,0,0,0,0
KYNDHU2YU_2944-12573-3456-13085,0,0,1,0,0,0,0,0,0
KYNDHU2YU_2960-11921-3472-12433,0,0,1,0,0,0,0,0,0
KYNDHU2YU_2488-12824-3000-13336,0,0,1,0,0,0,0,0,0
KYNDHU2YU_3000-12824-3512-13336,0,0,1,0,0,0,0,0,0
KYNDHU2YU_3000-15384-3512-15896,0,0,1,0,0,0,0,0,0
KYNDHU2YU_3129-12243-3641-12755,0,0,1,0,0,0,0,0,0
KYNDHU2YU_3451-14939-3963-15451,0,0,1,0,0,0,0,0,0
KYNDHU2YU_3472-11921-3984-12433,0,0,1,0,0,0,0,0,0
KYNDHU2YU_3472-12433-3984-12945,0,0,1,0,0,0,0,0,0
KYNDHU2YU_3472-12945-3984-13457,0,0,1,0,0,0,0,0,0
KYNDHU2YU_3512-15384-4024-15896,0,0,1,0,0,0,0,0,0
KYNDHU2YU_3641-12243-4153-12755,0,0,1,0,0,0,0,0,0
KYNDHU2YU_3963-14939-4475-15451,0,0,1,0,0,0,0,0,0
KYNDHU2YU_3822-11699-4334-12211,0,0,1,0,0,0,0,0,0
KYNDHU2YU_3984-12433-4496-12945,0,0,1,0,0,0,0,0,0
KYNDHU2YU_3984-11921-4496-12433,0,0,1,0,0,0,0,0,0
KYNDHU2YU_3822-12723-4334-13235,0,0,1,0,0,0,0,0,0
KYNDHU2YU_4334-11699-4846-12211,0,0,1,0,0,0,0,0,0
KYNDHU2YU_4024-15384-4536-15896,0,0,1,0,0,0,0,0,0
KYNDHU2YU_4176-12939-4688-13451,0,0,1,0,0,0,0,0,0
KYNDHU2YU_3984-13457-4496-13969,0,0,1,0,0,0,0,0,0
KYNDHU2YU_4496-13457-5008-13969,0,0,1,0,0,0,0,0,0
KYNDHU2YU_4496-11921-5008-12433,0,0,1,0,0,0,0,0,0
KYNDHU2YU_4536-12824-5048-13336,0,0,1,0,0,0,0,0,0
KYNDHU2YU_4536-14360-5048-14872,0,0,1,0,0,0,0,0,0
KYNDHU2YU_4536-13848-5048-14360,0,0,1,0,0,0,0,0,0
KYNDHU2YU_4536-15384-5048-15896,0,0,1,0,0,0,0,0,0
KYNDHU2YU_4846-11699-5358-12211,0,0,1,0,0,0,0,0,0
KYNDHU2YU_4846-13747-5358-14259,0,0,1,0,0,0,0,0,0
KYNDHU2YU_4941-15421-5453-15933,0,0,1,0,0,0,0,0,0
KYNDHU2YU_5048-13336-5560-13848,0,0,1,0,0,0,0,0,0
KYNDHU2YU_4987-14939-5499-15451,0,0,1,0,0,0,0,0,0
KYNDHU2YU_5008-11921-5520-12433,0,0,1,0,0,0,0,0,0
KYNDHU2YU_5008-13969-5520-14481,0,0,1,0,0,0,0,0,0
KYNDHU2YU_4987-14427-5499-14939,0,0,1,0,0,0,0,0,0
KYNDHU2YU_5358-11699-5870-12211,0,0,1,0,0,0,0,0,0
KYNDHU2YU_5520-11921-6032-12433,0,0,1,0,0,0,0,0,0
KYNDHU2YU_5358-13747-5870-14259,0,0,1,0,0,0,0,0,0
KYNDHU2YU_5453-15421-5965-15933,0,0,1,0,0,0,0,0,0
KYNDHU2YU_5520-13969-6032-14481,0,0,1,0,0,0,0,0,0
KYNDHU2YU_5560-13336-6072-13848,0,0,1,0,0,0,0,0,0
KYNDHU2YU_5870-13747-6382-14259,0,0,1,0,0,0,0,0,0
KYNDHU2YU_5870-13235-6382-13747,0,0,1,0,0,0,0,0,0
KYNDHU2YU_5870-11699-6382-12211,0,0,1,0,0,0,0,0,0
KYNDHU2YU_6032-13457-6544-13969,0,0,1,0,0,0,0,0,0
KYNDHU2YU_6032-11921-6544-12433,0,0,1,0,0,0,0,0,0
KYNDHU2YU_6382-13235-6894-13747,0,0,1,0,0,0,0,0,1
KYNDHU2YU_6544-11921-7056-12433,0,0,1,0,0,0,0,0,0
KYNDHU2YU_6382-11699-6894-12211,0,0,1,0,0,0,0,0,0
KYNDHU2YU_6382-13747-6894-14259,0,0,1,0,0,0,0,0,0
KYNDHU2YU_6032-13969-6544-14481,0,0,1,0,0,0,0,0,0
KYNDHU2YU_6544-13969-7056-14481,0,0,1,0,0,0,0,0,0
KYNDHU2YU_6544-13457-7056-13969,0,0,1,0,0,0,0,0,1
KYNDHU2YU_7056-11409-7568-11921,0,0,1,0,0,0,0,0,0
KYNDHU2YU_6894-13747-7406-14259,0,0,1,0,0,0,0,0,0
KYNDHU2YU_7035-13403-7547-13915,0,0,1,0,0,0,0,0,0
KYNDHU2YU_6894-11699-7406-12211,0,0,1,0,0,0,0,0,0
KYNDHU2YU_7056-11921-7568-12433,0,0,1,0,0,0,0,0,0
KYNDHU2YU_7056-13969-7568-14481,0,0,1,0,0,0,0,0,0
KYNDHU2YU_7568-11409-8080-11921,0,0,1,0,0,0,0,0,0
KYNDHU2YU_7406-11187-7918-11699,0,0,1,0,0,0,0,0,0
KYNDHU2YU_7406-11699-7918-12211,0,0,1,0,0,0,0,0,0
KYNDHU2YU_7568-11921-8080-12433,0,0,1,0,0,0,0,0,0
KYNDHU2YU_7918-13747-8430-14259,0,0,1,0,0,0,0,0,0
KYNDHU2YU_7918-11699-8430-12211,0,0,1,0,0,0,0,0,0
KYNDHU2YU_8080-11921-8592-12433,0,0,1,0,0,0,0,0,0
KYNDHU2YU_8430-11187-8942-11699,0,0,1,0,0,0,0,0,0
KYNDHU2YU_8080-11409-8592-11921,0,0,1,0,0,0,0,0,0
KYNDHU2YU_8080-13969-8592-14481,0,0,1,0,0,0,0,0,0
KYNDHU2YU_8430-11699-8942-12211,0,0,1,0,0,0,0,0,0
KYNDHU2YU_8571-13915-9083-14427,0,0,1,0,0,0,0,0,0
KYNDHU2YU_8942-11699-9454-12211,0,0,1,0,0,0,0,0,0
KYNDHU2YU_8592-11409-9104-11921,0,0,1,0,0,0,0,0,0
KYNDHU2YU_9083-13915-9595-14427,0,0,1,0,0,0,0,0,0
KYNDHU2YU_8592-11921-9104-12433,0,0,1,0,0,0,0,0,0
KYNDHU2YU_891-14427-1403-14939,0,0,1,0,0,1,0,0,0
KYNDHU2YU_8591-13618-9103-14130,0,0,1,0,0,0,0,0,0
KYNDHU2YU_9103-13618-9615-14130,0,0,1,0,0,0,0,0,0
KYNDHU2YU_912-11921-1424-12433,0,0,1,0,0,1,0,0,0
KYNDHU2YU_912-2193-1424-2705,0,0,1,0,0,0,0,0,0
KYNDHU2YU_912-2705-1424-3217,0,0,1,0,0,0,0,0,0
KYNDHU2YU_912-5777-1424-6289,0,0,1,0,0,0,0,0,0
KYNDHU2YU_912-4241-1424-4753,0,0,1,0,0,0,0,0,0
KYNDHU2YU_912-3217-1424-3729,0,0,1,0,0,0,0,0,0
KYNDHU2YU_912-4753-1424-5265,0,0,1,0,0,0,0,0,0
KYNDHU2YU_912-5265-1424-5777,0,0,1,0,0,0,0,0,0
KYNDHU2YU_912-3729-1424-4241,0,0,1,0,0,0,0,0,0
KYNDHU2YU_912-6801-1424-7313,0,0,1,0,0,0,0,0,0
KYNDHU2YU_912-6289-1424-6801,0,0,1,0,0,0,0,0,0
KYNDHU2YU_912-7313-1424-7825,0,0,1,0,0,0,0,0,0
KYNDHU2YU_912-8849-1424-9361,0,0,1,0,0,0,0,0,0
KYNDHU2YU_912-8337-1424-8849,0,0,1,0,0,0,0,0,0
KYNDHU2YU_912-9873-1424-10385,0,0,1,0,0,0,0,0,0
KYNDHU2YU_912-7825-1424-8337,0,0,1,0,0,0,0,0,0
KYNDHU2YU_912-9361-1424-9873,0,0,1,0,0,0,0,0,0
KYNDHU2YU_952-13848-1464-14360,0,0,1,0,0,0,0,0,0
KYNDHU2YU_952-13336-1464-13848,0,0,1,0,0,0,0,0,0
KYNDHU2YU_9595-13915-10107-14427,0,0,1,0,0,0,0,0,0
KYNDHU2YU_952-15384-1464-15896,0,0,1,0,0,0,0,0,0
KYNDHU2YU_9615-13618-10127-14130,0,0,1,0,0,0,0,0,0
KYNDHU2YU_9933-14780-10445-15292,0,0,1,0,0,0,0,0,0
KYNDHU2YU_9595-14939-10107-15451,0,0,1,0,0,0,0,0,0
KYNDHU2YU_952-14872-1464-15384,0,0,1,0,0,1,0,0,0
KYNDHU2YU_9966-11699-10478-12211,0,0,1,0,0,0,0,0,0
KYV2E3U9F_1415-8986-1927-9498,0,1,0,0,0,0,0,0,0
KYV2E3U9F_1927-8986-2439-9498,0,1,0,0,0,0,0,0,0
KYV2E3U9F_2439-8986-2951-9498,0,1,0,0,0,0,0,0,0
KYV2E3U9F_5155-1261-5667-1773,0,1,0,0,0,0,0,0,0
KYV2E3U9F_4843-7136-5355-7648,0,1,0,0,0,0,0,0,0
KZQW2VB7A_1079-4634-1591-5146,0,0,1,0,0,0,0,0,0
KYV2E3U9F_3463-8986-3975-9498,0,1,0,0,0,0,0,0,0
KYV2E3U9F_5155-749-5667-1261,0,1,0,0,0,0,0,0,0
KYV2E3U9F_2951-8986-3463-9498,0,1,0,0,0,0,0,0,0
KZQW2VB7A_1243-4155-1755-4667,0,0,1,0,0,0,0,0,0
KZQW2VB7A_1497-1906-2009-2418,0,0,1,0,0,0,0,0,0
KZQW2VB7A_1183-1492-1695-2004,0,0,1,0,0,0,0,0,0
KZQW2VB7A_1732-6180-2244-6692,0,0,1,0,0,0,0,0,0
KZQW2VB7A_2118-3116-2630-3628,0,0,1,0,0,0,0,0,0
KZQW2VB7A_1733-2349-2245-2861,0,0,1,0,0,0,0,0,0
KZQW2VB7A_2776-6077-3288-6589,0,0,1,0,0,0,0,0,0
KZQW2VB7A_3000-6176-3512-6688,0,0,1,0,0,0,0,0,0
KZQW2VB7A_3678-5619-4190-6131,0,0,1,0,0,0,0,0,0
KZQW2VB7A_3241-4934-3753-5446,0,0,1,0,0,0,0,0,0
KZQW2VB7A_3047-4553-3559-5065,0,0,1,0,0,0,0,0,0
KZQW2VB7A_3427-5094-3939-5606,0,0,1,0,0,0,0,0,0
KZQW2VB7A_666-6265-1178-6777,0,0,1,0,0,0,0,0,0
KZQW2VB7A_683-2844-1195-3356,0,0,1,0,0,0,0,0,0
KZQW2VB7A_4438-6245-4950-6757,0,0,1,0,0,0,0,0,0
KZQW2VB7A_608-5040-1120-5552,0,0,1,0,0,0,0,0,0
KZQW2VB7A_635-3823-1147-4335,0,0,1,0,0,0,0,0,0
KZQW2VB7A_635-4335-1147-4847,0,0,1,0,0,0,0,0,0
KZQW2VB7A_873-1106-1385-1618,0,0,1,0,0,0,0,0,0
L1YTJ3FMG_643-4455-1155-4967,0,0,0,0,0,1,0,0,0
KZQW2VB7A_703-1824-1215-2336,0,0,1,0,0,0,0,0,0
L1YTJ3FMG_292-525-804-1037,0,0,0,0,0,1,0,0,0
KZQW2VB7A_892-2498-1404-3010,0,0,1,0,0,0,0,0,0
KZQW2VB7A_973-3469-1485-3981,0,0,1,0,0,0,0,0,0
L1YTJ3FMG_5036-808-5548-1320,0,0,0,0,0,0,0,0,1
L1YTJ3FMG_987-4451-1499-4963,0,0,0,0,0,1,0,0,0
L22F87PKD_2155-1110-2667-1622,0,0,1,0,0,0,0,0,0
L22F87PKD_1740-1308-2252-1820,0,0,1,0,0,0,0,0,0
L22F87PKD_1421-1535-1933-2047,0,0,1,0,0,0,0,0,0
L22F87PKD_2433-975-2945-1487,0,0,1,0,0,0,0,0,0
L22F87PKD_3796-226-4308-738,0,0,1,0,0,0,0,0,0
L22F87PKD_429-1536-941-2048,0,0,1,0,0,0,0,0,0
L22F87PKD_2755-640-3267-1152,0,0,1,0,0,0,0,0,0
L22F87PKD_4599-395-5111-907,0,0,1,0,0,0,0,0,0
L22F87PKD_3380-150-3892-662,0,0,1,0,0,0,0,0,0
L22F87PKD_2883-398-3395-910,0,0,1,0,0,0,0,0,0
L24AEPLAK_4345-8670-4857-9182,0,0,0,0,0,0,1,0,0
L22F87PKD_909-1535-1421-2047,0,0,1,0,0,0,0,0,0
L24AEPLAK_6327-8997-6839-9509,0,0,0,0,0,0,1,0,0
L24AEPLAK_3321-8670-3833-9182,0,0,0,0,0,0,1,0,0
L22F87PKD_4900-479-5412-991,0,0,1,0,0,0,0,0,0
L24AEPLAK_3833-8670-4345-9182,0,0,0,0,0,0,1,0,0
L24AEPLAK_6454-8285-6966-8797,0,0,0,0,0,0,1,0,0
L24AEPLAK_6565-7042-7077-7554,0,0,0,0,0,0,1,0,0
L24AEPLAK_6839-8997-7351-9509,0,0,0,0,0,0,1,0,0
L24AEPLAK_6565-7554-7077-8066,0,0,0,0,0,0,1,0,0
L24AEPLAK_7077-6530-7589-7042,0,0,0,0,0,0,1,0,0
L24AEPLAK_6454-8797-6966-9309,0,0,0,0,0,0,1,0,0
L24AEPLAK_7351-8997-7863-9509,0,0,0,0,0,0,1,0,0
L2U7Z1X2Y_1166-421-1678-933,0,0,0,0,0,1,0,0,0
L24AEPLAK_7589-6530-8101-7042,0,0,0,0,0,0,1,0,0
L24AEPLAK_7077-7042-7589-7554,0,0,0,0,0,0,1,0,0
L24AEPLAK_7589-6018-8101-6530,0,0,0,0,0,0,1,0,0
L24AEPLAK_8101-6018-8613-6530,0,0,0,0,0,0,1,0,0
L2UMNENPK_12706-5649-13218-6161,0,0,0,0,0,0,1,0,0
L2UMNENPK_13218-6161-13730-6673,0,0,0,0,0,0,1,0,0
L6AHNQV6P_2155-461-2667-973,0,0,0,0,0,1,0,0,0
L6AHNQV6P_319-3576-831-4088,0,0,0,0,0,1,0,0,0
L6XXX6YRH_2728-2491-3240-3003,0,0,0,0,0,0,0,0,1
L6XXX6YRH_3506-7943-4018-8455,0,0,0,0,0,0,0,0,1
L6XXX6YRH_3414-2003-3926-2515,0,0,0,0,0,0,0,0,1
L6XXX6YRH_3307-5212-3819-5724,0,0,0,0,0,0,0,0,1
L6XXX6YRH_3528-6882-4040-7394,0,0,0,0,0,0,0,0,1
L6XXX6YRH_3529-2448-4041-2960,0,0,0,0,0,0,0,0,1
L6XXX6YRH_3569-814-4081-1326,0,0,0,0,0,0,0,0,1
L6XXX6YRH_3678-6362-4190-6874,0,0,0,0,0,0,0,0,1
L6XXX6YRH_3964-7723-4476-8235,0,0,0,0,0,0,0,0,1
L6XXX6YRH_3728-7803-4240-8315,0,0,0,0,0,0,0,0,1
L6XXX6YRH_4001-2829-4513-3341,0,0,0,0,0,0,0,0,1
L6XXX6YRH_3851-2135-4363-2647,0,0,0,0,0,0,0,0,1
L7GKBVV9C_1062-704-1574-1216,0,0,0,0,0,1,0,0,0
L7GKBVV9C_1574-704-2086-1216,0,0,0,0,0,1,0,0,0
L7GKBVV9C_1958-606-2470-1118,0,0,0,0,0,1,0,0,0
L7GKBVV9C_240-5258-752-5770,0,0,0,0,0,1,0,0,0
L7GKBVV9C_2470-606-2982-1118,0,0,0,0,0,1,0,0,0
L7GKBVV9C_1999-5032-2511-5544,0,0,0,0,0,1,0,0,0
L7GKBVV9C_1621-5065-2133-5577,0,0,0,0,0,1,0,0,0
L7GKBVV9C_249-780-761-1292,0,0,0,0,0,1,0,0,0
L7GKBVV9C_3803-4906-4315-5418,0,0,0,0,0,1,0,0,0
L7GKBVV9C_2971-4920-3483-5432,0,0,0,0,0,1,0,0,0
L7GKBVV9C_3299-474-3811-986,0,0,0,0,0,1,0,0,0
L7GKBVV9C_3291-4906-3803-5418,0,0,0,0,0,1,0,0,0
L7GKBVV9C_3811-474-4323-986,0,0,0,0,0,1,0,0,0
L7GKBVV9C_592-777-1104-1289,0,0,0,0,0,1,0,0,0
L7GXD8Q2Q_2466-1852-2978-2364,0,0,0,0,0,0,1,0,0
L7GXD8Q2Q_1954-1852-2466-2364,0,0,0,0,0,0,1,0,0
L7GXD8Q2Q_4943-5443-5455-5955,0,0,0,0,0,0,1,0,0
L7GXD8Q2Q_1442-1852-1954-2364,0,0,0,0,0,0,1,0,0
L7GXD8Q2Q_2978-1852-3490-2364,0,0,0,0,0,0,1,0,0
L7GXD8Q2Q_418-1852-930-2364,0,0,0,0,0,0,1,0,0
L7GXD8Q2Q_5243-5482-5755-5994,0,0,0,0,0,0,1,0,0
L7GXD8Q2Q_5203-2466-5715-2978,0,0,0,0,0,0,1,0,0
L7JRR88T6_1128-4232-1640-4744,0,0,0,0,0,0,0,0,1
L7GXD8Q2Q_930-1852-1442-2364,0,0,0,0,0,0,1,0,0
L7JRR88T6_1256-1665-1768-2177,0,0,0,0,0,0,0,0,1
L7JRR88T6_1396-688-1908-1200,0,0,0,0,0,0,0,0,1
L7JRR88T6_2666-4229-3178-4741,0,0,0,0,0,0,0,0,1
L7JRR88T6_1514-1790-2026-2302,0,0,0,0,0,0,0,0,1
L7JRR88T6_1565-4233-2077-4745,0,0,0,0,0,0,0,0,1
L7JRR88T6_1811-1648-2323-2160,0,0,0,0,0,0,0,0,1
L7JRR88T6_2240-4225-2752-4737,0,0,0,0,0,0,0,0,1
L7JRR88T6_2280-1352-2792-1864,0,0,0,0,0,0,0,0,1
L7JRR88T6_4175-2509-4687-3021,0,0,0,0,0,0,0,0,1
L7JRR88T6_3932-3705-4444-4217,0,0,0,0,0,0,0,0,1
L7JRR88T6_3776-3886-4288-4398,0,0,0,0,0,0,0,0,1
L7JRR88T6_3025-2785-3537-3297,0,0,0,0,0,0,0,0,1
L7JRR88T6_2835-2982-3347-3494,0,0,0,0,0,0,0,0,1
L7JRR88T6_3331-2698-3843-3210,0,0,0,0,0,0,0,0,1
L7JRR88T6_588-625-1100-1137,0,0,0,0,0,0,0,0,1
L7JRR88T6_964-709-1476-1221,0,0,0,0,0,0,0,0,1
L7MN9K2J4_5765-4044-6277-4556,0,0,0,0,0,0,1,0,0
L7JRR88T6_4176-1408-4688-1920,0,0,0,0,0,0,0,0,1
L7JRR88T6_651-4237-1163-4749,0,0,0,0,0,0,0,0,1
L83L99ECH_3809-826-4321-1338,1,0,0,0,0,0,0,0,0
L83L99ECH_4321-826-4833-1338,1,0,0,0,0,0,0,0,0
L7MN9K2J4_6336-641-6848-1153,0,0,0,0,0,0,1,0,0
L7MN9K2J4_6336-2177-6848-2689,0,0,0,0,0,0,1,0,0
L7MN9K2J4_6336-1665-6848-2177,0,0,0,0,0,0,1,0,0
L7MN9K2J4_6336-1153-6848-1665,0,0,0,0,0,0,1,0,0
L7ZVALDVB_3200-3435-3712-3947,0,0,0,0,0,0,0,0,1
L8H19QDM6_10329-3594-10841-4106,0,0,0,1,0,0,0,0,0
L83L99ECH_5345-826-5857-1338,1,0,0,0,0,0,0,0,0
L8H19QDM6_2376-3584-2888-4096,0,0,0,1,0,0,0,0,0
L8H19QDM6_2376-4096-2888-4608,0,0,0,1,0,0,0,0,0
L8H19QDM6_10329-4106-10841-4618,0,0,0,1,0,0,0,0,0
L83L99ECH_4833-826-5345-1338,1,0,0,0,0,0,0,0,0
L8H19QDM6_4250-2318-4762-2830,0,0,0,1,0,0,0,0,0
L8H19QDM6_2454-3089-2966-3601,0,0,0,1,0,0,0,0,0
L8H19QDM6_2454-2577-2966-3089,0,0,0,1,0,0,0,0,0
L8H19QDM6_4250-1806-4762-2318,0,0,0,1,0,0,0,0,0
L8H19QDM6_4762-1806-5274-2318,0,0,0,1,0,0,0,0,0
L8H19QDM6_4762-2318-5274-2830,0,0,0,1,0,0,0,0,0
L8H19QDM6_7122-619-7634-1131,0,0,0,1,0,0,0,0,0
L8H19QDM6_7110-4145-7622-4657,0,0,0,1,0,0,0,0,0
L8H19QDM6_7380-1255-7892-1767,0,0,0,1,0,0,0,0,0
L8H19QDM6_7380-743-7892-1255,0,0,0,1,0,0,0,0,0
L8H19QDM6_6868-743-7380-1255,0,0,0,1,0,0,0,0,0
L8H19QDM6_6868-1255-7380-1767,0,0,0,1,0,0,0,0,0
L8H19QDM6_9774-3047-10286-3559,0,0,0,1,0,0,0,0,0
L8H19QDM6_7492-2649-8004-3161,0,0,0,1,0,0,0,0,0
L8H19QDM6_7492-3161-8004-3673,0,0,0,1,0,0,0,0,0
L8H19QDM6_7595-4282-8107-4794,0,0,0,1,0,0,0,0,0
L8H19QDM6_9552-3314-10064-3826,0,0,0,1,0,0,0,0,0
L8H19QDM6_9817-4106-10329-4618,0,0,0,1,0,0,0,0,0
L8H19QDM6_9863-3412-10375-3924,0,0,0,1,0,0,0,0,0
L8IJ1LHRL_2135-1233-2647-1745,0,0,1,0,0,0,0,0,0
L8IJ1LHRL_2522-1765-3034-2277,0,0,1,0,0,0,0,0,0
L8IJ1LHRL_2345-1517-2857-2029,0,0,1,0,0,0,0,0,0
L8JY8U3IN_1224-435-1736-947,1,0,0,0,0,0,0,0,0
L8JY8U3IN_1224-4019-1736-4531,1,0,0,0,0,0,0,0,0
L8JY8U3IN_1355-2904-1867-3416,1,0,0,0,0,0,0,0,0
L8JY8U3IN_1355-3416-1867-3928,1,0,0,0,0,0,0,0,0
L8JY8U3IN_1736-4019-2248-4531,1,0,0,0,0,0,0,0,0
L8JY8U3IN_1355-2392-1867-2904,1,0,0,0,0,0,0,0,0
L8JY8U3IN_1736-2995-2248-3507,1,0,0,0,0,0,0,0,0
L8JY8U3IN_1625-2561-2137-3073,1,0,0,0,0,0,0,0,0
L8JY8U3IN_1867-1880-2379-2392,1,0,0,0,0,0,0,0,0
L8JY8U3IN_1867-3416-2379-3928,1,0,0,0,0,0,0,0,0
L8JY8U3IN_200-1459-712-1971,1,0,0,0,0,0,0,0,0
L8JY8U3IN_1867-1368-2379-1880,1,0,0,0,0,0,0,0,0
L8JY8U3IN_1736-435-2248-947,1,0,0,0,0,0,0,0,0
L8JY8U3IN_200-1971-712-2483,1,0,0,0,0,0,0,0,0
L8JY8U3IN_200-2995-712-3507,1,0,0,0,0,0,0,0,0
L8JY8U3IN_200-3507-712-4019,1,0,0,0,0,0,0,0,0
L8JY8U3IN_200-2483-712-2995,1,0,0,0,0,0,0,0,0
L8JY8U3IN_200-4019-712-4531,1,0,0,0,0,0,0,0,0
L8JY8U3IN_2059-4051-2571-4563,1,0,0,0,0,0,0,0,0
L8JY8U3IN_200-435-712-947,1,0,0,0,0,0,0,0,0
L8JY8U3IN_2137-2049-2649-2561,1,0,0,0,0,0,0,0,0
L8JY8U3IN_2379-2392-2891-2904,1,0,0,0,0,0,0,0,0
L8JY8U3IN_2137-3585-2649-4097,1,0,0,0,0,0,0,0,0
L8JY8U3IN_200-947-712-1459,1,0,0,0,0,0,0,0,0
L8JY8U3IN_2137-2561-2649-3073,1,0,0,0,0,0,0,0,0
L8JY8U3IN_2379-2904-2891-3416,1,0,0,0,0,0,0,0,0
L8JY8U3IN_2649-513-3161-1025,1,0,0,0,0,0,0,0,0
L8JY8U3IN_2379-344-2891-856,1,0,0,0,0,0,0,0,0
L8JY8U3IN_2379-3416-2891-3928,1,0,0,0,0,0,0,0,0
L8JY8U3IN_2571-4051-3083-4563,1,0,0,0,0,0,0,0,0
L8JY8U3IN_2742-1926-3254-2438,1,0,0,0,0,0,0,0,0
L8JY8U3IN_2742-2950-3254-3462,1,0,0,0,0,0,0,0,0
L8JY8U3IN_2742-2438-3254-2950,1,0,0,0,0,0,0,0,0
L8JY8U3IN_3161-3585-3673-4097,1,0,0,0,0,0,0,0,0
L8JY8U3IN_3083-4051-3595-4563,1,0,0,0,0,0,0,0,0
L8JY8U3IN_3161-513-3673-1025,1,0,0,0,0,0,0,0,0
L8JY8U3IN_3673-3073-4185-3585,1,0,0,0,0,0,0,0,0
L8JY8U3IN_3595-4051-4107-4563,1,0,0,0,0,0,0,0,0
L8JY8U3IN_3673-1025-4185-1537,1,0,0,0,0,0,0,0,0
L8JY8U3IN_3595-3539-4107-4051,1,0,0,0,0,0,0,0,0
L8JY8U3IN_3673-513-4185-1025,1,0,0,0,0,0,0,0,0
L8JY8U3IN_712-3507-1224-4019,1,0,0,0,0,0,0,0,0
L8JY8U3IN_712-4019-1224-4531,1,0,0,0,0,0,0,0,0
L8JY8U3IN_712-435-1224-947,1,0,0,0,0,0,0,0,0
L99A1EFQ6_2019-769-2531-1281,0,0,0,0,0,1,0,0,0
L99A1EFQ6_5348-7207-5860-7719,0,0,0,0,0,1,0,0,0
L99A1EFQ6_1760-7687-2272-8199,0,0,0,0,0,0,0,0,1
L99A1EFQ6_3580-7072-4092-7584,0,0,0,0,0,1,0,0,0
L99A1EFQ6_5509-10479-6021-10991,0,0,0,0,0,1,0,0,0
L9WB8LI6U_1026-4400-1538-4912,0,0,1,0,0,0,0,0,0
L9WB8LI6U_1049-5989-1561-6501,0,0,1,0,0,0,0,0,0
L9DED9EQE_12467-580-12979-1092,0,0,0,0,0,0,0,0,1
L9WB8LI6U_1054-3818-1566-4330,0,0,1,0,0,0,0,0,0
L9WB8LI6U_1081-4888-1593-5400,0,0,1,0,0,0,0,0,0
L9WB8LI6U_1340-2068-1852-2580,0,0,1,0,0,0,0,0,0
L9WB8LI6U_1249-1527-1761-2039,0,0,1,0,0,0,0,0,0
L9WB8LI6U_1108-3565-1620-4077,0,0,1,0,0,0,0,0,0
L9WB8LI6U_1449-7413-1961-7925,0,0,1,0,0,0,0,0,0
L9WB8LI6U_1340-2580-1852-3092,0,0,1,0,0,0,0,0,0
L9WB8LI6U_1352-7169-1864-7681,0,0,1,0,0,0,0,0,0
L9WB8LI6U_1485-6657-1997-7169,0,0,1,0,0,0,0,0,0
L9WB8LI6U_1761-1527-2273-2039,0,0,1,0,0,0,0,0,0
L9WB8LI6U_1575-5411-2087-5923,0,0,1,0,0,0,0,0,0
L9WB8LI6U_1841-2699-2353-3211,0,0,1,0,0,0,0,0,0
L9WB8LI6U_1841-2187-2353-2699,0,0,1,0,0,0,0,0,0
L9WB8LI6U_1521-4239-2033-4751,0,0,1,0,0,0,0,0,0
L9WB8LI6U_1882-554-2394-1066,0,0,1,0,0,0,0,0,0
L9WB8LI6U_1873-8168-2385-8680,0,0,1,0,0,0,0,0,0
L9WB8LI6U_1844-3408-2356-3920,0,0,1,0,0,0,0,0,0
L9WB8LI6U_1973-4750-2485-5262,0,0,1,0,0,0,0,0,0
L9WB8LI6U_1887-3985-2399-4497,0,0,1,0,0,0,0,0,0
L9WB8LI6U_2143-6549-2655-7061,0,0,1,0,0,0,0,0,0
L9WB8LI6U_1973-5262-2485-5774,0,0,1,0,0,0,0,0,0
L9WB8LI6U_1973-5774-2485-6286,0,0,1,0,0,0,0,0,0
L9WB8LI6U_2080-2048-2592-2560,0,0,1,0,0,0,0,0,0
L9WB8LI6U_2000-6952-2512-7464,0,0,1,0,0,0,0,0,0
L9WB8LI6U_2277-5930-2789-6442,0,0,1,0,0,0,0,0,0
L9WB8LI6U_2286-5467-2798-5979,0,0,1,0,0,0,0,0,0
L9WB8LI6U_2328-3170-2840-3682,0,0,1,0,0,0,0,0,0
L9WB8LI6U_2445-6930-2957-7442,0,0,1,0,0,0,0,0,0
L9WB8LI6U_2677-7728-3189-8240,0,0,1,0,0,0,0,0,0
L9WB8LI6U_2677-7216-3189-7728,0,0,1,0,0,0,0,0,0
L9WB8LI6U_2600-3865-3112-4377,0,0,1,0,0,0,0,0,0
L9WB8LI6U_2389-7445-2901-7957,0,0,1,0,0,0,0,0,0
L9WB8LI6U_2689-2746-3201-3258,0,0,1,0,0,0,0,0,0
L9WB8LI6U_2677-8240-3189-8752,0,0,1,0,0,0,0,0,0
L9WB8LI6U_2678-2086-3190-2598,0,0,1,0,0,0,0,0,0
L9WB8LI6U_2807-6217-3319-6729,0,0,1,0,0,0,0,0,0
L9WB8LI6U_2722-6934-3234-7446,0,0,1,0,0,0,0,0,0
L9WB8LI6U_2996-2220-3508-2732,0,0,1,0,0,0,0,0,0
L9WB8LI6U_3021-1580-3533-2092,0,0,1,0,0,0,0,0,0
L9WB8LI6U_2908-1932-3420-2444,0,0,1,0,0,0,0,0,0
L9WB8LI6U_2970-6006-3482-6518,0,0,1,0,0,0,0,0,0
L9WB8LI6U_2983-582-3495-1094,0,0,1,0,0,0,0,0,0
L9WB8LI6U_3044-876-3556-1388,0,0,1,0,0,0,0,0,0
L9WB8LI6U_3268-5607-3780-6119,0,0,1,0,0,0,0,0,0
L9WB8LI6U_3654-1250-4166-1762,0,0,1,0,0,0,0,0,0
L9WB8LI6U_3419-969-3931-1481,0,0,1,0,0,0,0,0,0
L9WB8LI6U_3527-2249-4039-2761,0,0,1,0,0,0,0,0,0
L9WB8LI6U_3444-1368-3956-1880,0,0,1,0,0,0,0,0,0
L9WB8LI6U_3527-1737-4039-2249,0,0,1,0,0,0,0,0,0
L9WB8LI6U_3455-656-3967-1168,0,0,1,0,0,0,0,0,0
L9WB8LI6U_3954-1086-4466-1598,0,0,1,0,0,0,0,0,0
L9WB8LI6U_3780-2143-4292-2655,0,0,1,0,0,0,0,0,0
L9WB8LI6U_3673-3737-4185-4249,0,0,1,0,0,0,0,0,0
L9WB8LI6U_3738-600-4250-1112,0,0,1,0,0,0,0,0,0
L9WB8LI6U_3976-1443-4488-1955,0,0,1,0,0,0,0,0,0
L9WB8LI6U_4004-6428-4516-6940,0,0,1,0,0,0,0,0,0
L9WB8LI6U_4120-5300-4632-5812,0,0,1,0,0,0,0,0,0
L9WB8LI6U_4087-7415-4599-7927,0,0,1,0,0,0,0,0,0
L9WB8LI6U_4066-8339-4578-8851,0,0,1,0,0,0,0,0,0
L9WB8LI6U_4130-4655-4642-5167,0,0,1,0,0,0,0,0,0
L9WB8LI6U_4131-4297-4643-4809,0,0,1,0,0,0,0,0,0
L9WB8LI6U_4225-3332-4737-3844,0,0,1,0,0,0,0,0,0
L9WB8LI6U_4133-7152-4645-7664,0,0,1,0,0,0,0,0,0
L9WB8LI6U_4157-2780-4669-3292,0,0,1,0,0,0,0,0,0
L9WB8LI6U_4242-1823-4754-2335,0,0,1,0,0,0,0,0,0
L9WB8LI6U_4225-3844-4737-4356,0,0,1,0,0,0,0,0,0
L9WB8LI6U_4299-6782-4811-7294,0,0,1,0,0,0,0,0,0
L9WB8LI6U_4237-2465-4749-2977,0,0,1,0,0,0,0,0,0
L9WB8LI6U_4382-7335-4894-7847,0,0,1,0,0,0,0,0,0
L9WB8LI6U_4374-4515-4886-5027,0,0,1,0,0,0,0,0,0
L9WB8LI6U_4373-6489-4885-7001,0,0,1,0,0,0,0,0,0
L9WB8LI6U_4403-1474-4915-1986,0,0,1,0,0,0,0,0,0
L9WB8LI6U_4443-732-4955-1244,0,0,1,0,0,0,0,0,0
L9WB8LI6U_4514-3230-5026-3742,0,0,1,0,0,0,0,0,0
L9WB8LI6U_4510-2543-5022-3055,0,0,1,0,0,0,0,0,0
L9WB8LI6U_4477-2249-4989-2761,0,0,1,0,0,0,0,0,0
L9WB8LI6U_640-7998-1152-8510,0,0,1,0,0,0,0,0,0
L9WB8LI6U_664-5269-1176-5781,0,0,1,0,0,0,0,0,0
L9WB8LI6U_953-5698-1465-6210,0,0,1,0,0,0,0,0,0
L9WB8LI6U_786-1995-1298-2507,0,0,1,0,0,0,0,0,0
L9WB8LI6U_831-1459-1343-1971,0,0,1,0,0,0,0,0,0
L9WB8LI6U_920-5214-1432-5726,0,0,1,0,0,0,0,0,0
L9WB8LI6U_928-6207-1440-6719,0,0,1,0,0,0,0,0,0
L9WB8LI6U_997-547-1509-1059,0,0,1,0,0,0,0,0,0
L9WB8LI6U_926-4655-1438-5167,0,0,1,0,0,0,0,0,0
L9WB8LI6U_797-1158-1309-1670,0,0,1,0,0,0,0,0,0
LAQC7ZJ8Z_2291-2808-2803-3320,0,0,1,0,0,0,0,0,0
LAQC7ZJ8Z_1779-4344-2291-4856,0,0,1,0,0,0,0,0,0
LAQC7ZJ8Z_1779-3320-2291-3832,0,0,1,0,0,0,0,0,0
LAQC7ZJ8Z_1779-3832-2291-4344,0,0,1,0,0,0,0,0,0
LAQC7ZJ8Z_2291-2296-2803-2808,0,0,1,0,0,0,0,0,0
LAQC7ZJ8Z_2291-4344-2803-4856,0,0,1,0,0,0,0,0,0
LAQC7ZJ8Z_2803-1784-3315-2296,0,0,1,0,0,0,0,0,0
LAQC7ZJ8Z_2291-3320-2803-3832,0,0,1,0,0,0,0,0,0
LAQC7ZJ8Z_2803-2296-3315-2808,0,0,1,0,0,0,0,0,0
LAQC7ZJ8Z_2803-2808-3315-3320,0,0,1,0,0,0,0,0,0
LAQC7ZJ8Z_2803-3320-3315-3832,0,0,1,0,0,0,0,0,0
LAQC7ZJ8Z_2909-9411-3421-9923,0,0,1,0,0,0,0,0,0
LAQC7ZJ8Z_3315-1784-3827-2296,0,0,1,0,0,0,0,0,0
LAQC7ZJ8Z_3010-13593-3522-14105,0,0,1,0,0,0,0,0,0
LAQC7ZJ8Z_2803-3832-3315-4344,0,0,1,0,0,0,0,0,0
LAQC7ZJ8Z_3315-2296-3827-2808,0,0,1,0,0,0,0,0,0
LAQC7ZJ8Z_3352-3976-3864-4488,0,0,1,0,0,0,0,0,0
LAQC7ZJ8Z_3315-2808-3827-3320,0,0,1,0,0,0,0,0,0
LAQC7ZJ8Z_3406-5078-3918-5590,0,0,1,0,0,0,0,0,0
LAQC7ZJ8Z_3406-4566-3918-5078,0,0,1,0,0,0,0,0,0
LAQC7ZJ8Z_3421-9411-3933-9923,0,0,1,0,0,0,0,0,0
LAQC7ZJ8Z_3522-12569-4034-13081,0,0,1,0,0,0,0,0,0
LAQC7ZJ8Z_3421-9923-3933-10435,0,0,1,0,0,0,0,0,0
LAQC7ZJ8Z_3522-13593-4034-14105,0,0,1,0,0,0,0,0,0
LAQC7ZJ8Z_3793-9199-4305-9711,0,0,1,0,0,0,0,0,0
LAQC7ZJ8Z_3522-13081-4034-13593,0,0,1,0,0,0,0,0,0
LAQC7ZJ8Z_3827-1784-4339-2296,0,0,1,0,0,0,0,0,0
LAQC7ZJ8Z_3827-2296-4339-2808,0,0,1,0,0,0,0,0,0
LAQC7ZJ8Z_3918-5078-4430-5590,0,0,1,0,0,0,0,0,0
LAQC7ZJ8Z_3933-9411-4445-9923,0,0,1,0,0,0,0,0,0
LAQC7ZJ8Z_3864-3976-4376-4488,0,0,1,0,0,0,0,0,0
LAQC7ZJ8Z_4034-12057-4546-12569,0,0,1,0,0,0,0,0,0
LAQC7ZJ8Z_3933-9923-4445-10435,0,0,1,0,0,0,0,0,0
LAQC7ZJ8Z_3918-4566-4430-5078,0,0,1,0,0,0,0,0,0
LAQC7ZJ8Z_4034-13081-4546-13593,0,0,1,0,0,0,0,0,0
LAQC7ZJ8Z_4034-12569-4546-13081,0,0,1,0,0,0,0,0,0
LAQC7ZJ8Z_4339-1784-4851-2296,0,0,1,0,0,0,0,0,0
LAQC7ZJ8Z_4034-13593-4546-14105,0,0,1,0,0,0,0,0,0
LAQC7ZJ8Z_4376-3976-4888-4488,0,0,1,0,0,0,0,0,0
LAQC7ZJ8Z_4305-9199-4817-9711,0,0,1,0,0,0,0,0,0
LAQC7ZJ8Z_4339-2296-4851-2808,0,0,1,0,0,0,0,0,0
LAQC7ZJ8Z_4430-5078-4942-5590,0,0,1,0,0,0,0,0,0
LAQC7ZJ8Z_4430-4566-4942-5078,0,0,1,0,0,0,0,0,0
LAQC7ZJ8Z_4445-9411-4957-9923,0,0,1,0,0,0,0,0,0
LAQC7ZJ8Z_4445-9923-4957-10435,0,0,1,0,0,0,0,0,0
LAQC7ZJ8Z_4546-11545-5058-12057,0,0,1,0,0,0,0,0,0
LAQC7ZJ8Z_4784-10111-5296-10623,0,0,1,0,0,0,0,0,0
LAQC7ZJ8Z_4817-9199-5329-9711,0,0,1,0,0,0,0,0,0
LAQC7ZJ8Z_4851-1784-5363-2296,0,0,1,0,0,0,0,0,0
LAQC7ZJ8Z_4546-12057-5058-12569,0,0,1,0,0,0,0,0,0
LAQC7ZJ8Z_4546-13593-5058-14105,0,0,1,0,0,0,0,0,0
LAQC7ZJ8Z_4546-13081-5058-13593,0,0,1,0,0,0,0,0,0
LAQC7ZJ8Z_4851-2296-5363-2808,0,0,1,0,0,0,0,0,0
LAQC7ZJ8Z_4851-3832-5363-4344,0,0,1,0,0,0,0,0,0
LAQC7ZJ8Z_5058-11033-5570-11545,0,0,1,0,0,0,0,0,0
LAQC7ZJ8Z_4894-8610-5406-9122,0,0,1,0,0,0,0,0,0
LAQC7ZJ8Z_4942-5078-5454-5590,0,0,1,0,0,0,0,0,0
LAQC7ZJ8Z_5058-11545-5570-12057,0,0,1,0,0,0,0,0,0
LAQC7ZJ8Z_4942-4566-5454-5078,0,0,1,0,0,0,0,0,0
LAQC7ZJ8Z_5058-13593-5570-14105,0,0,1,0,0,0,0,0,0
LAQC7ZJ8Z_5058-12057-5570-12569,0,0,1,0,0,0,0,0,0
LAQC7ZJ8Z_5058-13081-5570-13593,0,0,1,0,0,0,0,0,0
LAQC7ZJ8Z_5091-9803-5603-10315,0,0,1,0,0,0,0,0,0
LAQC7ZJ8Z_5293-714-5805-1226,0,0,1,0,0,0,0,0,0
LAQC7ZJ8Z_5329-9199-5841-9711,0,0,1,0,0,0,0,0,0
LAQC7ZJ8Z_5570-13081-6082-13593,0,0,1,0,0,0,0,0,0
LAQC7ZJ8Z_5293-1226-5805-1738,0,0,1,0,0,0,0,0,0
LAQC7ZJ8Z_5296-10111-5808-10623,0,0,1,0,0,0,0,0,0
LAQC7ZJ8Z_5805-1738-6317-2250,0,0,1,0,0,0,0,0,0
LAQC7ZJ8Z_5570-11545-6082-12057,0,0,1,0,0,0,0,0,0
LAQC7ZJ8Z_5603-9803-6115-10315,0,0,1,0,0,0,0,0,0
LAQC7ZJ8Z_5570-11033-6082-11545,0,0,1,0,0,0,0,0,0
LAQC7ZJ8Z_5841-9199-6353-9711,0,0,1,0,0,0,0,0,0
LAQC7ZJ8Z_5842-7812-6354-8324,0,0,1,0,0,0,0,0,0
LAQC7ZJ8Z_5805-714-6317-1226,0,0,1,0,0,0,0,0,0
LAQC7ZJ8Z_5808-10111-6320-10623,0,0,1,0,0,0,0,0,0
LAQC7ZJ8Z_5842-8324-6354-8836,0,0,1,0,0,0,0,0,0
LAQC7ZJ8Z_6047-362-6559-874,0,0,1,0,0,0,0,0,0
LAQC7ZJ8Z_6082-11033-6594-11545,0,0,1,0,0,0,0,0,0
LAQC7ZJ8Z_5842-8836-6354-9348,0,0,1,0,0,0,0,0,0
LAQC7ZJ8Z_6354-7812-6866-8324,0,0,1,0,0,0,0,0,0
LAQC7ZJ8Z_6317-1738-6829-2250,0,0,1,0,0,0,0,0,0
LAQC7ZJ8Z_6273-9083-6785-9595,0,0,1,0,0,0,0,0,0
LAQC7ZJ8Z_6354-7300-6866-7812,0,0,1,0,0,0,0,0,0
LAQC7ZJ8Z_6273-10107-6785-10619,0,0,1,0,0,0,0,0,0
LAQC7ZJ8Z_6317-1226-6829-1738,0,0,1,0,0,0,0,0,0
LAQC7ZJ8Z_6082-13081-6594-13593,0,0,1,0,0,0,0,0,0
LAQC7ZJ8Z_6317-714-6829-1226,0,0,1,0,0,0,0,0,0
LAQC7ZJ8Z_6354-8324-6866-8836,0,0,1,0,0,0,0,0,0
LAQC7ZJ8Z_6354-8836-6866-9348,0,0,1,0,0,0,0,0,0
LAQC7ZJ8Z_6559-362-7071-874,0,0,1,0,0,0,0,0,0
LAQC7ZJ8Z_6594-11033-7106-11545,0,0,1,0,0,0,0,0,0
LAQC7ZJ8Z_6471-9513-6983-10025,0,0,1,0,0,0,0,0,0
LAQC7ZJ8Z_6594-12057-7106-12569,0,0,1,0,0,0,0,0,0
LAQC7ZJ8Z_6594-12569-7106-13081,0,0,1,0,0,0,0,0,0
LAQC7ZJ8Z_6785-10107-7297-10619,0,0,1,0,0,0,0,0,0
LAQC7ZJ8Z_6785-9083-7297-9595,0,0,1,0,0,0,0,0,0
LAQC7ZJ8Z_6785-9595-7297-10107,0,0,1,0,0,0,0,0,0
LAQC7ZJ8Z_6829-1226-7341-1738,0,0,1,0,0,0,0,0,0
LAQC7ZJ8Z_6866-7812-7378-8324,0,0,1,0,0,0,0,0,0
LAQC7ZJ8Z_6829-714-7341-1226,0,0,1,0,0,0,0,0,0
LAQC7ZJ8Z_6829-1738-7341-2250,0,0,1,0,0,0,0,0,0
LAQC7ZJ8Z_6866-8836-7378-9348,0,0,1,0,0,0,0,0,0
LAQC7ZJ8Z_6866-7300-7378-7812,0,0,1,0,0,0,0,0,0
LAQC7ZJ8Z_6866-8324-7378-8836,0,0,1,0,0,0,0,0,0
LAQC7ZJ8Z_7071-362-7583-874,0,0,1,0,0,0,0,0,0
LAQC7ZJ8Z_7106-11033-7618-11545,0,0,1,0,0,0,0,0,0
LAQC7ZJ8Z_7106-11545-7618-12057,0,0,1,0,0,0,0,0,0
LAQC7ZJ8Z_7297-9595-7809-10107,0,0,1,0,0,0,0,0,0
LAQC7ZJ8Z_7297-10107-7809-10619,0,0,1,0,0,0,0,0,0
LAQC7ZJ8Z_7106-12569-7618-13081,0,0,1,0,0,0,0,0,0
LAQC7ZJ8Z_7106-12057-7618-12569,0,0,1,0,0,0,0,0,0
LAQC7ZJ8Z_7297-9083-7809-9595,0,0,1,0,0,0,0,0,0
LAQC7ZJ8Z_7378-8324-7890-8836,0,0,1,0,0,0,0,0,0
LAQC7ZJ8Z_7450-1769-7962-2281,0,0,1,0,0,0,0,0,0
LAQC7ZJ8Z_7378-8836-7890-9348,0,0,1,0,0,0,0,0,0
LAQC7ZJ8Z_7618-13081-8130-13593,0,0,1,0,0,0,0,0,0
LAQC7ZJ8Z_7544-12222-8056-12734,0,0,1,0,0,0,0,0,0
LAQC7ZJ8Z_7618-11545-8130-12057,0,0,1,0,0,0,0,0,0
LAQC7ZJ8Z_7544-12734-8056-13246,0,0,1,0,0,0,0,0,0
LAQC7ZJ8Z_7583-362-8095-874,0,0,1,0,0,0,0,0,0
LAQC7ZJ8Z_7809-10107-8321-10619,0,0,1,0,0,0,0,0,0
LAQC7ZJ8Z_7652-10841-8164-11353,0,0,1,0,0,0,0,0,0
LAQC7ZJ8Z_7951-11998-8463-12510,0,0,1,0,0,0,0,0,0
LAQC7ZJ8Z_7809-9595-8321-10107,0,0,1,0,0,0,0,0,0
LAQC7ZJ8Z_7809-9083-8321-9595,0,0,1,0,0,0,0,0,0
LAQC7ZJ8Z_7962-1769-8474-2281,0,0,1,0,0,0,0,0,0
LAQC7ZJ8Z_8005-10535-8517-11047,0,0,1,0,0,0,0,0,0
LAQC7ZJ8Z_8005-11047-8517-11559,0,0,1,0,0,0,0,0,0
LAQC7ZJ8Z_8014-6088-8526-6600,0,0,1,0,0,0,0,0,0
LAQC7ZJ8Z_8005-11559-8517-12071,0,0,1,0,0,0,0,0,0
LAQC7ZJ8Z_8056-12734-8568-13246,0,0,1,0,0,0,0,0,0
LAQC7ZJ8Z_8304-313-8816-825,0,0,1,0,0,0,0,0,0
LAQC7ZJ8Z_8056-12222-8568-12734,0,0,1,0,0,0,0,0,0
LAQC7ZJ8Z_8321-9595-8833-10107,0,0,1,0,0,0,0,0,0
LAQC7ZJ8Z_8504-12581-9016-13093,0,0,1,0,0,0,0,0,0
LAQC7ZJ8Z_8321-10107-8833-10619,0,0,1,0,0,0,0,0,0
LAQC7ZJ8Z_8504-13605-9016-14117,0,0,1,0,0,0,0,0,0
LAQC7ZJ8Z_8504-13093-9016-13605,0,0,1,0,0,0,0,0,0
LAQC7ZJ8Z_8504-12069-9016-12581,0,0,1,0,0,0,0,0,0
LAQC7ZJ8Z_8504-14117-9016-14629,0,0,1,0,0,0,0,0,0
LAQC7ZJ8Z_8517-10535-9029-11047,0,0,1,0,0,0,0,0,0
LAQC7ZJ8Z_8517-11559-9029-12071,0,0,1,0,0,0,0,0,0
LAQC7ZJ8Z_8517-11047-9029-11559,0,0,1,0,0,0,0,0,0
LAQC7ZJ8Z_8685-6256-9197-6768,0,0,1,0,0,0,0,0,0
LAQC7ZJ8Z_8613-9993-9125-10505,0,0,1,0,0,0,0,0,0
LAQC7ZJ8Z_8717-2029-9229-2541,0,0,1,0,0,0,0,0,0
LAQC7ZJ8Z_8717-2541-9229-3053,0,0,1,0,0,0,0,0,0
LAQC7ZJ8Z_8685-6768-9197-7280,0,0,1,0,0,0,0,0,0
LAY3XZB8N_2383-4092-2895-4604,0,0,0,0,0,0,1,0,0
LAY3XZB8N_1359-4092-1871-4604,0,0,0,0,0,0,1,0,0
LAY3XZB8N_1871-4092-2383-4604,0,0,0,0,0,0,1,0,0
LAY3XZB8N_2895-4092-3407-4604,0,0,0,0,0,0,1,0,0
LAY3XZB8N_4431-4092-4943-4604,0,0,0,0,0,0,1,0,0
LAY3XZB8N_5455-4092-5967-4604,0,0,0,0,0,0,1,0,0
LAY3XZB8N_3407-4092-3919-4604,0,0,0,0,0,0,1,0,0
LAY3XZB8N_3919-4092-4431-4604,0,0,0,0,0,0,1,0,0
LAY3XZB8N_4943-4092-5455-4604,0,0,0,0,0,0,1,0,0
LAY3XZB8N_5967-4092-6479-4604,0,0,0,0,0,0,1,0,0
LAY3XZB8N_847-4092-1359-4604,0,0,0,0,0,0,1,0,0
LCFPKN7DX_2761-2827-3273-3339,0,0,1,0,0,0,0,0,0
LCFPKN7DX_3180-3811-3692-4323,0,0,1,0,0,0,0,0,0
LCGMXFR8K_3491-605-4003-1117,0,0,1,0,0,0,0,0,0
LCFPKN7DX_3238-2908-3750-3420,0,0,1,0,0,0,0,0,0
LCFPKN7DX_3222-3223-3734-3735,0,0,1,0,0,0,0,0,0
LCFPKN7DX_3204-3509-3716-4021,0,0,1,0,0,0,0,0,0
LCGMXFR8K_3149-480-3661-992,0,0,1,0,0,0,0,0,0
LCGMXFR8K_3562-903-4074-1415,0,0,1,0,0,0,0,0,0
LCGMXFR8K_3871-602-4383-1114,0,0,1,0,0,0,0,0,0
LCGMXFR8K_4047-1205-4559-1717,0,0,1,0,0,0,0,0,0
LCGMXFR8K_4947-592-5459-1104,0,0,1,0,0,0,0,0,0
LCGMXFR8K_4158-461-4670-973,0,0,1,0,0,0,0,0,0
LCGMXFR8K_4361-654-4873-1166,0,0,1,0,0,0,0,0,0
LCGMXFR8K_5071-1205-5583-1717,0,0,1,0,0,0,0,0,0
LCGMXFR8K_4705-1205-5217-1717,0,0,1,0,0,0,0,0,0
LCGMXFR8K_4638-564-5150-1076,0,0,1,0,0,0,0,0,0
LEA3Y3ZYD_1123-10213-1635-10725,0,0,0,0,1,0,0,0,0
LEA3Y3ZYD_1174-7201-1686-7713,0,0,0,0,1,0,0,0,0
LEA3Y3ZYD_1310-11243-1822-11755,0,0,0,0,0,1,0,0,0
LEA3Y3ZYD_1391-6088-1903-6600,0,0,0,0,1,0,0,0,0
LEA3Y3ZYD_1686-7201-2198-7713,0,0,0,0,1,0,0,0,0
LEA3Y3ZYD_1635-10213-2147-10725,0,0,0,0,1,0,0,0,0
LEA3Y3ZYD_1492-1593-2004-2105,0,0,0,0,0,1,0,0,0
LEA3Y3ZYD_1391-6600-1903-7112,0,0,0,0,1,0,0,0,0
LEA3Y3ZYD_1822-11243-2334-11755,0,0,0,0,0,1,0,0,0
LEA3Y3ZYD_1894-9906-2406-10418,0,0,0,0,1,0,0,0,0
LEA3Y3ZYD_1963-10711-2475-11223,0,0,0,0,1,0,0,0,0
LEA3Y3ZYD_2004-1593-2516-2105,0,0,0,0,0,1,0,0,0
LEA3Y3ZYD_2025-6625-2537-7137,0,0,0,0,1,0,0,0,0
LEA3Y3ZYD_2406-9906-2918-10418,0,0,0,0,1,0,0,0,0
LEA3Y3ZYD_2475-10711-2987-11223,0,0,0,0,1,1,0,0,0
LEA3Y3ZYD_2214-775-2726-1287,0,0,0,0,1,0,0,0,0
LEA3Y3ZYD_2586-11156-3098-11668,0,0,0,0,0,1,0,0,0
LEA3Y3ZYD_2260-7442-2772-7954,0,0,0,0,1,0,0,0,0
LEA3Y3ZYD_2759-730-3271-1242,0,0,0,0,1,0,0,0,0
LEA3Y3ZYD_2721-6748-3233-7260,0,0,0,0,1,0,0,0,0
LEA3Y3ZYD_2772-7442-3284-7954,0,0,0,0,1,0,0,0,0
LEA3Y3ZYD_2785-10598-3297-11110,0,0,0,0,0,1,0,0,0
LEA3Y3ZYD_3181-14395-3693-14907,0,0,0,0,1,0,0,0,0
LEA3Y3ZYD_3120-10262-3632-10774,0,0,0,0,1,1,0,0,0
LEA3Y3ZYD_3139-14960-3651-15472,0,0,0,0,0,1,0,0,0
LEA3Y3ZYD_3098-11156-3610-11668,0,0,0,0,0,1,0,0,0
LEA3Y3ZYD_3138-13156-3650-13668,0,0,0,0,1,0,0,0,0
LEA3Y3ZYD_3271-730-3783-1242,0,0,0,0,1,0,0,0,0
LEA3Y3ZYD_3199-11999-3711-12511,0,0,0,0,1,0,0,0,0
LEA3Y3ZYD_3197-13660-3709-14172,0,0,0,0,1,0,0,0,0
LEA3Y3ZYD_3196-7376-3708-7888,0,0,0,0,1,0,0,0,0
LEA3Y3ZYD_3233-6748-3745-7260,0,0,0,0,1,0,0,0,0
LEA3Y3ZYD_3310-9372-3822-9884,0,0,0,0,1,0,0,0,0
LEA3Y3ZYD_3310-8860-3822-9372,0,0,0,0,1,0,0,0,0
LEA3Y3ZYD_3297-10598-3809-11110,0,0,0,0,1,1,0,0,0
LEA3Y3ZYD_3346-15163-3858-15675,0,0,0,0,0,1,0,0,0
LEA3Y3ZYD_3610-11156-4122-11668,0,0,0,0,0,1,0,0,0
LEA3Y3ZYD_3632-10262-4144-10774,0,0,0,0,1,1,0,0,0
LEA3Y3ZYD_3632-9750-4144-10262,0,0,0,0,1,0,0,0,0
LEA3Y3ZYD_4046-9375-4558-9887,0,0,0,0,1,0,0,0,0
LEA3Y3ZYD_4071-8599-4583-9111,0,0,0,0,1,0,0,0,0
LEA3Y3ZYD_3708-7376-4220-7888,0,0,0,0,1,0,0,0,0
LEA3Y3ZYD_3666-725-4178-1237,0,0,0,0,1,0,0,0,0
LEA3Y3ZYD_4144-9750-4656-10262,0,0,0,0,1,0,0,0,0
LEA3Y3ZYD_4071-8087-4583-8599,0,0,0,0,1,0,0,0,0
LEA3Y3ZYD_4156-6697-4668-7209,0,0,0,0,1,1,0,0,0
LEA3Y3ZYD_4178-725-4690-1237,0,0,0,0,1,0,0,0,0
LEA3Y3ZYD_4413-16736-4925-17248,0,0,0,0,0,1,0,0,0
LEA3Y3ZYD_4558-9375-5070-9887,0,0,0,0,1,0,0,0,0
LEA3Y3ZYD_5025-3303-5537-3815,0,0,0,0,1,1,0,0,0
LEA3Y3ZYD_4628-6634-5140-7146,0,0,0,0,1,1,0,0,0
LEA3Y3ZYD_4894-756-5406-1268,0,0,0,0,1,0,0,0,0
LEA3Y3ZYD_4628-3269-5140-3781,0,0,0,0,1,1,0,0,0
LEA3Y3ZYD_4966-4530-5478-5042,0,0,0,0,0,1,0,0,0
LEA3Y3ZYD_5140-6634-5652-7146,0,0,0,0,1,1,0,0,0
LEA3Y3ZYD_5242-3174-5754-3686,0,0,0,0,0,1,0,0,0
LEA3Y3ZYD_5194-15590-5706-16102,0,0,0,0,1,0,0,0,0
LEA3Y3ZYD_5350-8083-5862-8595,0,0,0,0,1,1,0,0,0
LEA3Y3ZYD_5582-10551-6094-11063,0,0,0,0,0,1,0,0,0
LEA3Y3ZYD_5454-3314-5966-3826,0,0,0,0,0,1,0,0,0
LEA3Y3ZYD_5760-10294-6272-10806,0,0,0,0,0,1,0,0,0
LEA3Y3ZYD_5420-725-5932-1237,0,0,0,0,1,0,0,0,0
LEA3Y3ZYD_5751-8028-6263-8540,0,0,0,0,1,1,0,0,0
LEA3Y3ZYD_5898-14152-6410-14664,0,0,0,0,1,0,0,0,0
LEA3Y3ZYD_5841-11458-6353-11970,0,0,0,0,1,0,0,0,0
LEA3Y3ZYD_5898-12104-6410-12616,0,0,0,0,1,0,0,0,0
LEA3Y3ZYD_5827-8937-6339-9449,0,0,0,0,1,0,0,0,0
LEA3Y3ZYD_5827-9449-6339-9961,0,0,0,0,1,0,0,0,0
LEA3Y3ZYD_5898-12616-6410-13128,0,0,0,0,1,0,0,0,0
LEA3Y3ZYD_5898-13640-6410-14152,0,0,0,0,1,0,0,0,0
LEA3Y3ZYD_5898-14664-6410-15176,0,0,0,0,1,0,0,0,0
LEA3Y3ZYD_5898-13128-6410-13640,0,0,0,0,1,0,0,0,0
LEA3Y3ZYD_5898-16200-6410-16712,0,0,0,0,1,0,0,0,0
LEA3Y3ZYD_5898-15176-6410-15688,0,0,0,0,1,0,0,0,0
LEA3Y3ZYD_5898-15688-6410-16200,0,0,0,0,1,0,0,0,0
LEA3Y3ZYD_955-15364-1467-15876,0,0,0,0,1,0,0,0,0
LEA3Y3ZYD_5915-16612-6427-17124,0,0,0,0,1,0,0,0,0
LEA3Y3ZYD_5915-17124-6427-17636,0,0,0,0,1,1,0,0,0
LEA3Y3ZYD_6014-10519-6526-11031,0,0,0,0,0,1,0,0,0
LEA3Y3ZYD_994-15780-1506-16292,0,0,0,0,1,0,0,0,0
LEQMGQ4MT_708-2668-1220-3180,1,0,0,0,0,0,0,0,0
LEQMGQ4MT_532-2473-1044-2985,1,0,0,0,0,0,0,0,0
LEA3Y3ZYD_898-9852-1410-10364,0,0,0,0,1,0,0,0,0
LFC7JUMM4_10247-2463-10759-2975,0,0,0,1,0,0,0,0,0
LEXG7BWRH_1766-4209-2278-4721,0,0,0,0,0,0,0,0,1
LFC7JUMM4_10247-1951-10759-2463,0,0,0,1,0,0,0,0,0
LFC7JUMM4_10759-2463-11271-2975,0,0,0,1,0,0,0,0,0
LFC7JUMM4_10367-4565-10879-5077,0,0,0,1,0,0,0,0,0
LFC7JUMM4_10759-1951-11271-2463,0,0,0,1,0,0,0,0,0
LFC7JUMM4_10367-5077-10879-5589,0,0,0,1,0,0,0,0,0
LFC7JUMM4_1174-2147-1686-2659,0,0,0,1,0,0,0,0,0
LFC7JUMM4_1174-1635-1686-2147,0,0,0,1,0,0,0,0,0
LFC7JUMM4_10858-3890-11370-4402,0,0,0,1,0,0,0,0,0
LFC7JUMM4_662-1123-1174-1635,0,0,0,1,0,0,0,0,0
LFC7JUMM4_1174-2659-1686-3171,0,0,0,1,0,0,0,0,0
LFC7JUMM4_662-2659-1174-3171,0,0,0,1,0,0,0,0,0
LFC7JUMM4_662-1635-1174-2147,0,0,0,1,0,0,0,0,0
LFC7JUMM4_662-2147-1174-2659,0,0,0,1,0,0,0,0,0
LFZUT6C9H_1099-1020-1611-1532,0,1,0,0,0,0,0,0,0
LFZUT6C9H_1099-1532-1611-2044,0,1,0,0,0,0,0,0,0
LFZUT6C9H_2967-4393-3479-4905,0,1,0,0,0,0,0,0,0
LFZUT6C9H_1099-2556-1611-3068,0,1,0,0,0,0,0,0,0
LFZUT6C9H_3641-557-4153-1069,0,1,0,0,0,0,0,0,0
LFZUT6C9H_1099-2044-1611-2556,0,1,0,0,0,0,0,0,0
LFZUT6C9H_2455-4393-2967-4905,0,1,0,0,0,0,0,0,0
LFC7JUMM4_662-611-1174-1123,0,0,0,1,0,0,0,0,0
LFZUT6C9H_3787-4459-4299-4971,0,1,0,0,0,0,0,0,0
LFZUT6C9H_3787-3947-4299-4459,0,1,0,0,0,0,0,0,0
LFZUT6C9H_4299-3947-4811-4459,0,1,0,0,0,0,0,0,0
LFZUT6C9H_4299-4459-4811-4971,0,1,0,0,0,0,0,0,0
LFZUT6C9H_4153-557-4665-1069,0,1,0,0,0,0,0,0,0
LFZUT6C9H_587-1532-1099-2044,0,1,0,0,0,0,0,0,0
LGUWBQDBF_1321-1372-1833-1884,0,1,0,0,0,0,0,0,0
LFZUT6C9H_587-1020-1099-1532,0,1,0,0,0,0,0,0,0
LFZUT6C9H_587-2556-1099-3068,0,1,0,0,0,0,0,0,0
LGUWBQDBF_1312-1737-1824-2249,0,1,0,0,0,0,0,0,0
LGUWBQDBF_1348-5461-1860-5973,0,1,0,0,0,0,0,0,0
LGUWBQDBF_1860-5461-2372-5973,0,1,0,0,0,0,0,0,0
LGUWBQDBF_1833-1372-2345-1884,0,1,0,0,0,0,0,0,0
LGUWBQDBF_1348-5973-1860-6485,0,1,0,0,0,0,0,0,0
LGUWBQDBF_1824-1737-2336-2249,0,1,0,0,0,0,0,0,0
LGUWBQDBF_1860-5973-2372-6485,0,1,0,0,0,0,0,0,0
LGUWBQDBF_1859-2865-2371-3377,0,1,0,0,0,0,0,0,0
LGUWBQDBF_1377-2112-1889-2624,0,1,0,0,0,0,0,0,0
LGUWBQDBF_2369-1730-2881-2242,0,1,0,0,0,0,0,0,0
LGUWBQDBF_2369-2242-2881-2754,0,1,0,0,0,0,0,0,0
LGUWBQDBF_2670-9316-3182-9828,0,1,0,0,0,0,0,0,0
LGUWBQDBF_2881-1730-3393-2242,0,1,0,0,0,0,0,0,0
LGUWBQDBF_2670-9828-3182-10340,0,1,0,0,0,0,0,0,0
LGUWBQDBF_3182-9316-3694-9828,0,1,0,0,0,0,0,0,0
LGUWBQDBF_2969-2944-3481-3456,0,1,0,0,0,0,0,0,0
LGUWBQDBF_3182-8804-3694-9316,0,1,0,0,0,0,0,0,0
LGUWBQDBF_2881-2242-3393-2754,0,1,0,0,0,0,0,0,0
LGUWBQDBF_4206-8292-4718-8804,0,1,0,0,0,0,0,0,0
LGUWBQDBF_3393-1730-3905-2242,0,1,0,0,0,0,0,0,0
LGUWBQDBF_3694-8804-4206-9316,0,1,0,0,0,0,0,0,0
LGUWBQDBF_3694-9316-4206-9828,0,1,0,0,0,0,0,0,0
LGUWBQDBF_3905-1730-4417-2242,0,1,0,0,0,0,0,0,0
LGUWBQDBF_3481-2944-3993-3456,0,1,0,0,0,0,0,0,0
LGUWBQDBF_3393-2242-3905-2754,0,1,0,0,0,0,0,0,0
LGUWBQDBF_3905-2242-4417-2754,0,1,0,0,0,0,0,0,0
LGUWBQDBF_4206-8804-4718-9316,0,1,0,0,0,0,0,0,0
LGUWBQDBF_4718-8292-5230-8804,0,1,0,0,0,0,0,0,0
LGUWBQDBF_4718-8804-5230-9316,0,1,0,0,0,0,0,0,0
LGUWBQDBF_6813-7483-7325-7995,0,1,0,0,0,0,0,0,0
LGUWBQDBF_6301-7483-6813-7995,0,1,0,0,0,0,0,0,0
LGUWBQDBF_6813-6971-7325-7483,0,1,0,0,0,0,0,0,0
LGUWBQDBF_7325-5947-7837-6459,0,1,0,0,0,0,0,0,0
LGUWBQDBF_7325-7483-7837-7995,0,1,0,0,0,0,0,0,0
LGUWBQDBF_7325-6459-7837-6971,0,1,0,0,0,0,0,0,0
LGUWBQDBF_7325-6971-7837-7483,0,1,0,0,0,0,0,0,0
LGUWBQDBF_8321-4539-8833-5051,0,1,0,0,0,0,0,0,0
LGUWBQDBF_7837-5947-8349-6459,0,1,0,0,0,0,0,0,0
LGUWBQDBF_7837-6459-8349-6971,0,1,0,0,0,0,0,0,0
LGUWBQDBF_836-5973-1348-6485,0,1,0,0,0,0,0,0,0
LGUWBQDBF_7837-6971-8349-7483,0,1,0,0,0,0,0,0,0
LGUWBQDBF_800-1737-1312-2249,0,1,0,0,0,0,0,0,0
LGUWBQDBF_836-5461-1348-5973,0,1,0,0,0,0,0,0,0
LGUWBQDBF_8321-3515-8833-4027,0,1,0,0,0,0,0,0,0
LGUWBQDBF_8321-4027-8833-4539,0,1,0,0,0,0,0,0,0
LGUWBQDBF_865-2624-1377-3136,0,1,0,0,0,0,0,0,0
LGUWBQDBF_865-2112-1377-2624,0,1,0,0,0,0,0,0,0
LGUWBQDBF_8833-2491-9345-3003,0,1,0,0,0,0,0,0,0
LGUWBQDBF_8833-3003-9345-3515,0,1,0,0,0,0,0,0,0
LGUWBQDBF_8833-3515-9345-4027,0,1,0,0,0,0,0,0,0
LHE21QVHU_2317-3845-2829-4357,0,0,0,0,0,0,1,0,0
LHE21QVHU_2217-7270-2729-7782,0,0,0,0,0,0,1,0,0
LHE21QVHU_2217-7782-2729-8294,0,0,0,0,0,0,1,0,0
LHE21QVHU_1805-3845-2317-4357,0,0,0,0,0,0,1,0,0
LHE21QVHU_3241-8294-3753-8806,0,0,0,0,0,0,1,0,0
LHE21QVHU_5219-3003-5731-3515,0,0,0,0,0,0,1,0,0
LHE21QVHU_2729-7782-3241-8294,0,0,0,0,0,0,1,0,0
LHE21QVHU_2729-8294-3241-8806,0,0,0,0,0,0,1,0,0
LHE21QVHU_4902-1347-5414-1859,0,0,0,0,0,0,1,0,0
LHE21QVHU_5299-4335-5811-4847,0,0,0,0,0,0,1,0,0
LHE21QVHU_3134-4824-3646-5336,0,0,0,0,0,0,1,0,0
LHE21QVHU_3134-5336-3646-5848,0,0,0,0,0,0,1,0,0
LHE21QVHU_3241-8806-3753-9318,0,0,0,0,0,0,1,0,0
LHE21QVHU_5414-1347-5926-1859,0,0,0,0,0,0,1,0,0
LHE21QVHU_5414-1859-5926-2371,0,0,0,0,0,0,1,0,0
LHE21QVHU_5926-1859-6438-2371,0,0,0,0,0,0,1,0,0
LHE21QVHU_5414-2371-5926-2883,0,0,0,0,0,0,1,0,0
LHE21QVHU_5926-2371-6438-2883,0,0,0,0,0,0,1,0,0
LHE21QVHU_6438-2371-6950-2883,0,0,0,0,0,0,1,0,0
LHFJWGWW4_2296-1551-2808-2063,0,0,1,0,0,0,0,0,0
LHFJWGWW4_3769-1533-4281-2045,0,0,1,0,0,0,0,0,0
LHFJWGWW4_3769-2045-4281-2557,0,0,1,0,0,0,0,0,0
LHFJWGWW4_590-1258-1102-1770,0,0,1,0,0,0,0,0,0
LHFJWGWW4_3790-1143-4302-1655,0,0,1,0,0,0,0,0,0
LHFJWGWW4_3813-612-4325-1124,0,0,1,0,0,0,0,0,0
LHQUGL2K7_5464-10592-5976-11104,0,1,0,0,0,0,0,0,0
LHQUGL2K7_10289-6926-10801-7438,0,1,0,0,0,0,0,0,0
LHQUGL2K7_2890-3696-3402-4208,0,1,0,0,0,0,0,0,0
LHQUGL2K7_1389-1608-1901-2120,0,1,0,0,0,0,0,0,0
LHQUGL2K7_10141-1291-10653-1803,0,1,0,0,0,0,0,0,0
LHQUGL2K7_2890-4208-3402-4720,0,1,0,0,0,0,0,0,0
LHQUGL2K7_7854-9087-8366-9599,0,1,0,0,0,0,0,0,0
LHQUGL2K7_7854-9599-8366-10111,0,1,0,0,0,0,0,0,0
LHQUGL2K7_8366-9599-8878-10111,0,1,0,0,0,0,0,0,0
LHQUGL2K7_8557-5997-9069-6509,0,1,0,0,0,0,0,0,0
LHQUGL2K7_8366-9087-8878-9599,0,1,0,0,0,0,0,0,0
LHQUGL2K7_8605-1291-9117-1803,0,1,0,0,0,0,0,0,0
LHQUGL2K7_9629-1291-10141-1803,0,1,0,0,0,0,0,0,0
LHQUGL2K7_9117-1291-9629-1803,0,1,0,0,0,0,0,0,0
LIIHBYY4C_10611-5587-11123-6099,1,0,0,0,0,0,0,0,0
LIIHBYY4C_10611-5075-11123-5587,1,0,0,0,0,0,0,0,0
LIIHBYY4C_10471-8077-10983-8589,1,0,0,0,0,0,0,0,0
LIIHBYY4C_10471-2957-10983-3469,1,0,0,0,0,0,0,0,0
LIIHBYY4C_10611-6611-11123-7123,1,0,0,0,0,0,0,0,0
LIIHBYY4C_10611-6099-11123-6611,1,0,0,0,0,0,0,0,0
LIE4JRAG1_846-1545-1358-2057,0,0,1,0,0,0,0,0,0
LIIHBYY4C_10611-7635-11123-8147,1,0,0,0,0,0,0,0,0
LIIHBYY4C_10864-6713-11376-7225,1,0,0,0,0,0,0,0,0
LIIHBYY4C_10611-7123-11123-7635,1,0,0,0,0,0,0,0,0
LIIHBYY4C_10864-7225-11376-7737,1,0,0,0,0,0,0,0,0
LIIHBYY4C_10983-2957-11495-3469,1,0,0,0,0,0,0,0,0
LIIHBYY4C_10983-8077-11495-8589,1,0,0,0,0,0,0,0,0
LIIHBYY4C_10983-7565-11495-8077,1,0,0,0,0,0,0,0,0
LIIHBYY4C_10983-6029-11495-6541,1,0,0,0,0,0,0,0,0
LIIHBYY4C_11376-6713-11888-7225,1,0,0,0,0,0,0,0,0
LIIHBYY4C_11495-7053-12007-7565,1,0,0,0,0,0,0,0,0
LIIHBYY4C_1161-4902-1673-5414,1,0,0,0,0,0,0,0,0
LIIHBYY4C_11495-2957-12007-3469,1,0,0,0,0,0,0,0,0
LIIHBYY4C_1161-7974-1673-8486,1,0,0,0,0,0,0,0,0
LIIHBYY4C_11888-6201-12400-6713,1,0,0,0,0,0,0,0,0
LIIHBYY4C_11888-6713-12400-7225,1,0,0,0,0,0,0,0,0
LIIHBYY4C_11495-8077-12007-8589,1,0,0,0,0,0,0,0,0
LIIHBYY4C_11888-7225-12400-7737,1,0,0,0,0,0,0,0,0
LIIHBYY4C_11495-7565-12007-8077,1,0,0,0,0,0,0,0,0
LIIHBYY4C_12007-3981-12519-4493,1,0,0,0,0,0,0,0,0
LIIHBYY4C_12007-3469-12519-3981,1,0,0,0,0,0,0,0,0
LIIHBYY4C_12007-2957-12519-3469,1,0,0,0,0,0,0,0,0
LIIHBYY4C_12007-4493-12519-5005,1,0,0,0,0,0,0,0,0
LIIHBYY4C_12007-5005-12519-5517,1,0,0,0,0,0,0,0,0
LIIHBYY4C_12007-7565-12519-8077,1,0,0,0,0,0,0,0,0
LIIHBYY4C_12007-5517-12519-6029,1,0,0,0,0,0,0,0,0
LIIHBYY4C_12007-8077-12519-8589,1,0,0,0,0,0,0,0,0
LIIHBYY4C_12138-6548-12650-7060,1,0,0,0,0,0,0,0,0
LIIHBYY4C_12138-1428-12650-1940,1,0,0,0,0,0,0,0,0
LIIHBYY4C_12138-2452-12650-2964,1,0,0,0,0,0,0,0,0
LIIHBYY4C_12138-1940-12650-2452,1,0,0,0,0,0,0,0,0
LIIHBYY4C_12138-6036-12650-6548,1,0,0,0,0,0,0,0,0
LIIHBYY4C_12138-7060-12650-7572,1,0,0,0,0,0,0,0,0
LIIHBYY4C_12650-1940-13162-2452,1,0,0,0,0,0,0,0,0
LIIHBYY4C_12650-2452-13162-2964,1,0,0,0,0,0,0,0,0
LIIHBYY4C_12536-599-13048-1111,1,0,0,0,0,0,0,0,0
LIIHBYY4C_12650-1428-13162-1940,1,0,0,0,0,0,0,0,0
LIIHBYY4C_12650-2964-13162-3476,1,0,0,0,0,0,0,0,0
LIIHBYY4C_12650-3476-13162-3988,1,0,0,0,0,0,0,0,0
LIIHBYY4C_12650-3988-13162-4500,1,0,0,0,0,0,0,0,0
LIIHBYY4C_12650-5012-13162-5524,1,0,0,0,0,0,0,0,0
LIIHBYY4C_12650-4500-13162-5012,1,0,0,0,0,0,0,0,0
LIIHBYY4C_12650-6036-13162-6548,1,0,0,0,0,0,0,0,0
LIIHBYY4C_12650-5524-13162-6036,1,0,0,0,0,0,0,0,0
LIIHBYY4C_12650-6548-13162-7060,1,0,0,0,0,0,0,0,0
LIIHBYY4C_13330-2504-13842-3016,1,0,0,0,0,0,0,0,0
LIIHBYY4C_13048-1111-13560-1623,1,0,0,0,0,0,0,0,0
LIIHBYY4C_12650-7060-13162-7572,1,0,0,0,0,0,0,0,0
LIIHBYY4C_12650-8084-13162-8596,1,0,0,0,0,0,0,0,0
LIIHBYY4C_13330-3016-13842-3528,1,0,0,0,0,0,0,0,0
LIIHBYY4C_13048-599-13560-1111,1,0,0,0,0,0,0,0,0
LIIHBYY4C_13330-1992-13842-2504,1,0,0,0,0,0,0,0,0
LIIHBYY4C_12650-7572-13162-8084,1,0,0,0,0,0,0,0,0
LIIHBYY4C_13330-4552-13842-5064,1,0,0,0,0,0,0,0,0
LIIHBYY4C_13330-4040-13842-4552,1,0,0,0,0,0,0,0,0
LIIHBYY4C_13330-3528-13842-4040,1,0,0,0,0,0,0,0,0
LIIHBYY4C_13330-5576-13842-6088,1,0,0,0,0,0,0,0,0
LIIHBYY4C_13330-5064-13842-5576,1,0,0,0,0,0,0,0,0
LIIHBYY4C_13330-6088-13842-6600,1,0,0,0,0,0,0,0,0
LIIHBYY4C_13330-7112-13842-7624,1,0,0,0,0,0,0,0,0
LIIHBYY4C_13330-6600-13842-7112,1,0,0,0,0,0,0,0,0
LIIHBYY4C_13560-1111-14072-1623,1,0,0,0,0,0,0,0,0
LIIHBYY4C_13560-599-14072-1111,1,0,0,0,0,0,0,0,0
LIIHBYY4C_13826-1145-14338-1657,1,0,0,0,0,0,0,0,0
LIIHBYY4C_13826-6265-14338-6777,1,0,0,0,0,0,0,0,0
LIIHBYY4C_13826-1657-14338-2169,1,0,0,0,0,0,0,0,0
LIIHBYY4C_13826-4217-14338-4729,1,0,0,0,0,0,0,0,0
LIIHBYY4C_13826-5753-14338-6265,1,0,0,0,0,0,0,0,0
LIIHBYY4C_13826-3705-14338-4217,1,0,0,0,0,0,0,0,0
LIIHBYY4C_13826-5241-14338-5753,1,0,0,0,0,0,0,0,0
LIIHBYY4C_13826-4729-14338-5241,1,0,0,0,0,0,0,0,0
LIIHBYY4C_13826-2169-14338-2681,1,0,0,0,0,0,0,0,0
LIIHBYY4C_13826-3193-14338-3705,1,0,0,0,0,0,0,0,0
LIIHBYY4C_13826-2681-14338-3193,1,0,0,0,0,0,0,0,0
LIIHBYY4C_13826-6777-14338-7289,1,0,0,0,0,0,0,0,0
LIIHBYY4C_13826-633-14338-1145,1,0,0,0,0,0,0,0,0
LIIHBYY4C_13826-7801-14338-8313,1,0,0,0,0,0,0,0,0
LIIHBYY4C_13826-7289-14338-7801,1,0,0,0,0,0,0,0,0
LIIHBYY4C_13826-8313-14338-8825,1,0,0,0,0,0,0,0,0
LIIHBYY4C_14317-2286-14829-2798,1,0,0,0,0,0,0,0,0
LIIHBYY4C_14317-2798-14829-3310,1,0,0,0,0,0,0,0,0
LIIHBYY4C_14317-4334-14829-4846,1,0,0,0,0,0,0,0,0
LIIHBYY4C_14317-3822-14829-4334,1,0,0,0,0,0,0,0,0
LIIHBYY4C_14317-1774-14829-2286,1,0,0,0,0,0,0,0,0
LIIHBYY4C_14317-4846-14829-5358,1,0,0,0,0,0,0,0,0
LIIHBYY4C_14317-3310-14829-3822,1,0,0,0,0,0,0,0,0
LIIHBYY4C_14317-5870-14829-6382,1,0,0,0,0,0,0,0,0
LIIHBYY4C_14317-1262-14829-1774,1,0,0,0,0,0,0,0,0
LIIHBYY4C_14317-5358-14829-5870,1,0,0,0,0,0,0,0,0
LIIHBYY4C_14317-6382-14829-6894,1,0,0,0,0,0,0,0,0
LIIHBYY4C_14317-7406-14829-7918,1,0,0,0,0,0,0,0,0
LIIHBYY4C_14317-6894-14829-7406,1,0,0,0,0,0,0,0,0
LIIHBYY4C_14829-4846-15341-5358,1,0,0,0,0,0,0,0,0
LIIHBYY4C_14317-750-14829-1262,1,0,0,0,0,0,0,0,0
LIIHBYY4C_15341-3310-15853-3822,1,0,0,0,0,0,0,0,0
LIIHBYY4C_14829-750-15341-1262,1,0,0,0,0,0,0,0,0
LIIHBYY4C_15341-3822-15853-4334,1,0,0,0,0,0,0,0,0
LIIHBYY4C_16365-3310-16877-3822,1,0,0,0,0,0,0,0,0
LIIHBYY4C_16365-2286-16877-2798,1,0,0,0,0,0,0,0,0
LIIHBYY4C_15853-750-16365-1262,1,0,0,0,0,0,0,0,0
LIIHBYY4C_16365-1774-16877-2286,1,0,0,0,0,0,0,0,0
LIIHBYY4C_1673-6438-2185-6950,1,0,0,0,0,0,0,0,0
LIIHBYY4C_15341-4334-15853-4846,1,0,0,0,0,0,0,0,0
LIIHBYY4C_16365-750-16877-1262,1,0,0,0,0,0,0,0,0
LIIHBYY4C_15341-750-15853-1262,1,0,0,0,0,0,0,0,0
LIIHBYY4C_1673-5414-2185-5926,1,0,0,0,0,0,0,0,0
LIIHBYY4C_1673-5926-2185-6438,1,0,0,0,0,0,0,0,0
LIIHBYY4C_15853-2798-16365-3310,1,0,0,0,0,0,0,0,0
LIIHBYY4C_1673-4902-2185-5414,1,0,0,0,0,0,0,0,0
LIIHBYY4C_1673-6950-2185-7462,1,0,0,0,0,0,0,0,0
LIIHBYY4C_1673-7974-2185-8486,1,0,0,0,0,0,0,0,0
LIIHBYY4C_1673-7462-2185-7974,1,0,0,0,0,0,0,0,0
LIIHBYY4C_16877-750-17389-1262,1,0,0,0,0,0,0,0,0
LIIHBYY4C_16877-1774-17389-2286,1,0,0,0,0,0,0,0,0
LIIHBYY4C_1922-2306-2434-2818,1,0,0,0,0,0,0,0,0
LIIHBYY4C_16877-1262-17389-1774,1,0,0,0,0,0,0,0,0
LIIHBYY4C_16877-2286-17389-2798,1,0,0,0,0,0,0,0,0
LIIHBYY4C_16877-2798-17389-3310,1,0,0,0,0,0,0,0,0
LIIHBYY4C_2183-445-2695-957,1,0,0,0,0,0,0,0,0
LIIHBYY4C_1922-3330-2434-3842,1,0,0,0,0,0,0,0,0
LIIHBYY4C_2183-1469-2695-1981,1,0,0,0,0,0,0,0,0
LIIHBYY4C_2434-2306-2946-2818,1,0,0,0,0,0,0,0,0
LIIHBYY4C_1922-3842-2434-4354,1,0,0,0,0,0,0,0,0
LIIHBYY4C_1922-2818-2434-3330,1,0,0,0,0,0,0,0,0
LIIHBYY4C_2639-2127-3151-2639,1,0,0,0,0,0,0,0,0
LIIHBYY4C_2639-2639-3151-3151,1,0,0,0,0,0,0,0,0
LIIHBYY4C_2183-957-2695-1469,1,0,0,0,0,0,0,0,0
LIIHBYY4C_2639-4175-3151-4687,1,0,0,0,0,0,0,0,0
LIIHBYY4C_2695-445-3207-957,1,0,0,0,0,0,0,0,0
LIIHBYY4C_2695-1469-3207-1981,1,0,0,0,0,0,0,0,0
LIIHBYY4C_2946-3330-3458-3842,1,0,0,0,0,0,0,0,0
LIIHBYY4C_2946-2818-3458-3330,1,0,0,0,0,0,0,0,0
LIIHBYY4C_2946-2306-3458-2818,1,0,0,0,0,0,0,0,0
LIIHBYY4C_2946-3842-3458-4354,1,0,0,0,0,0,0,0,0
LIIHBYY4C_3151-3151-3663-3663,1,0,0,0,0,0,0,0,0
LIIHBYY4C_3151-3663-3663-4175,1,0,0,0,0,0,0,0,0
LIIHBYY4C_3151-4175-3663-4687,1,0,0,0,0,0,0,0,0
LIIHBYY4C_3663-4175-4175-4687,1,0,0,0,0,0,0,0,0
LIIHBYY4C_3719-445-4231-957,1,0,0,0,0,0,0,0,0
LIIHBYY4C_3151-2639-3663-3151,1,0,0,0,0,0,0,0,0
LIIHBYY4C_3207-1469-3719-1981,1,0,0,0,0,0,0,0,0
LIIHBYY4C_4231-1469-4743-1981,1,0,0,0,0,0,0,0,0
LIIHBYY4C_4175-4175-4687-4687,1,0,0,0,0,0,0,0,0
LIIHBYY4C_3719-1469-4231-1981,1,0,0,0,0,0,0,0,0
LIIHBYY4C_4687-4175-5199-4687,1,0,0,0,0,0,0,0,0
LIIHBYY4C_4743-1469-5255-1981,1,0,0,0,0,0,0,0,0
LIIHBYY4C_5255-1469-5767-1981,1,0,0,0,0,0,0,0,0
LIIHBYY4C_5199-4175-5711-4687,1,0,0,0,0,0,0,0,0
LIIHBYY4C_5767-1469-6279-1981,1,0,0,0,0,0,0,0,0
LIIHBYY4C_649-5414-1161-5926,1,0,0,0,0,0,0,0,0
LIIHBYY4C_5711-4175-6223-4687,1,0,0,0,0,0,0,0,0
LIIHBYY4C_6279-1469-6791-1981,1,0,0,0,0,0,0,0,0
LIIHBYY4C_649-6438-1161-6950,1,0,0,0,0,0,0,0,0
LIIHBYY4C_649-7974-1161-8486,1,0,0,0,0,0,0,0,0
LIIHBYY4C_649-7462-1161-7974,1,0,0,0,0,0,0,0,0
LIIHBYY4C_649-5926-1161-6438,1,0,0,0,0,0,0,0,0
LIIHBYY4C_6223-4175-6735-4687,1,0,0,0,0,0,0,0,0
LIIHBYY4C_649-4902-1161-5414,1,0,0,0,0,0,0,0,0
LIIHBYY4C_6735-2639-7247-3151,1,0,0,0,0,0,0,0,0
LIIHBYY4C_649-6950-1161-7462,1,0,0,0,0,0,0,0,0
LIIHBYY4C_6735-1615-7247-2127,1,0,0,0,0,0,0,0,0
LIIHBYY4C_6735-2127-7247-2639,1,0,0,0,0,0,0,0,0
LIIHBYY4C_6735-3151-7247-3663,1,0,0,0,0,0,0,0,0
LIIHBYY4C_6735-4175-7247-4687,1,0,0,0,0,0,0,0,0
LIIHBYY4C_6735-3663-7247-4175,1,0,0,0,0,0,0,0,0
LIIHBYY4C_6791-957-7303-1469,1,0,0,0,0,0,0,0,0
LIIHBYY4C_6887-3469-7399-3981,1,0,0,0,0,0,0,0,0
LIIHBYY4C_7039-5503-7551-6015,1,0,0,0,0,0,0,0,0
LIIHBYY4C_7039-4479-7551-4991,1,0,0,0,0,0,0,0,0
LIIHBYY4C_6887-3981-7399-4493,1,0,0,0,0,0,0,0,0
LIIHBYY4C_7039-6015-7551-6527,1,0,0,0,0,0,0,0,0
LIIHBYY4C_7399-4493-7911-5005,1,0,0,0,0,0,0,0,0
LIIHBYY4C_6887-7565-7399-8077,1,0,0,0,0,0,0,0,0
LIIHBYY4C_7039-4991-7551-5503,1,0,0,0,0,0,0,0,0
LIIHBYY4C_7399-5005-7911-5517,1,0,0,0,0,0,0,0,0
LIIHBYY4C_6887-8077-7399-8589,1,0,0,0,0,0,0,0,0
LIIHBYY4C_7399-7053-7911-7565,1,0,0,0,0,0,0,0,0
LIIHBYY4C_7039-6527-7551-7039,1,0,0,0,0,0,0,0,0
LIIHBYY4C_6887-2957-7399-3469,1,0,0,0,0,0,0,0,0
LIIHBYY4C_7039-7039-7551-7551,1,0,0,0,0,0,0,0,0
LIIHBYY4C_7399-2957-7911-3469,1,0,0,0,0,0,0,0,0
LIIHBYY4C_7399-8077-7911-8589,1,0,0,0,0,0,0,0,0
LIIHBYY4C_7399-7565-7911-8077,1,0,0,0,0,0,0,0,0
LIIHBYY4C_7551-5503-8063-6015,1,0,0,0,0,0,0,0,0
LIIHBYY4C_7911-8077-8423-8589,1,0,0,0,0,0,0,0,0
LIIHBYY4C_8051-5075-8563-5587,1,0,0,0,0,0,0,0,0
LIIHBYY4C_7911-4493-8423-5005,1,0,0,0,0,0,0,0,0
LIIHBYY4C_7911-2957-8423-3469,1,0,0,0,0,0,0,0,0
LIIHBYY4C_8051-6099-8563-6611,1,0,0,0,0,0,0,0,0
LIIHBYY4C_8563-4563-9075-5075,1,0,0,0,0,0,0,0,0
LIIHBYY4C_7551-6015-8063-6527,1,0,0,0,0,0,0,0,0
LIIHBYY4C_8051-7635-8563-8147,1,0,0,0,0,0,0,0,0
LIIHBYY4C_8423-8077-8935-8589,1,0,0,0,0,0,0,0,0
LIIHBYY4C_7551-6527-8063-7039,1,0,0,0,0,0,0,0,0
LIIHBYY4C_8935-2957-9447-3469,1,0,0,0,0,0,0,0,0
LIIHBYY4C_8051-6611-8563-7123,1,0,0,0,0,0,0,0,0
LIIHBYY4C_8423-2957-8935-3469,1,0,0,0,0,0,0,0,0
LIIHBYY4C_8051-5587-8563-6099,1,0,0,0,0,0,0,0,0
LIIHBYY4C_8051-7123-8563-7635,1,0,0,0,0,0,0,0,0
LIIHBYY4C_9075-4563-9587-5075,1,0,0,0,0,0,0,0,0
LIIHBYY4C_8935-8077-9447-8589,1,0,0,0,0,0,0,0,0
LIIHBYY4C_9075-5587-9587-6099,1,0,0,0,0,0,0,0,0
LIIHBYY4C_9075-6611-9587-7123,1,0,0,0,0,0,0,0,0
LIIHBYY4C_9959-2957-10471-3469,1,0,0,0,0,0,0,0,0
LIIHBYY4C_9447-6029-9959-6541,1,0,0,0,0,0,0,0,0
LIIHBYY4C_9587-5587-10099-6099,1,0,0,0,0,0,0,0,0
LIIHBYY4C_9447-5005-9959-5517,1,0,0,0,0,0,0,0,0
LIIHBYY4C_9075-6099-9587-6611,1,0,0,0,0,0,0,0,0
LIIHBYY4C_9587-4563-10099-5075,1,0,0,0,0,0,0,0,0
LIIHBYY4C_9447-2957-9959-3469,1,0,0,0,0,0,0,0,0
LIP2KLDRK_1995-4793-2507-5305,0,0,0,0,1,0,0,0,0
LIIHBYY4C_9447-8077-9959-8589,1,0,0,0,0,0,0,0,0
LIIHBYY4C_9959-8077-10471-8589,1,0,0,0,0,0,0,0,0
LIP2KLDRK_2489-780-3001-1292,0,0,0,0,1,0,0,0,0
LIIHBYY4C_9959-5005-10471-5517,1,0,0,0,0,0,0,0,0
LIP2KLDRK_2660-5070-3172-5582,0,0,0,0,1,0,0,0,0
LIP2KLDRK_1495-771-2007-1283,0,0,0,0,1,0,0,0,0
LIP2KLDRK_3330-5337-3842-5849,0,0,0,0,1,0,0,0,0
LIP2KLDRK_3008-5230-3520-5742,0,0,0,0,1,0,0,0,0
LIP2KLDRK_3482-789-3994-1301,0,0,0,0,1,0,0,0,0
LIX3P6UZU_1566-3762-2078-4274,1,0,0,0,0,0,0,0,0
LIP2KLDRK_4763-894-5275-1406,0,0,0,0,1,0,0,0,0
LIP2KLDRK_4358-5827-4870-6339,0,0,0,0,1,0,0,0,0
LIP2KLDRK_4280-889-4792-1401,0,0,0,0,1,0,0,0,0
LIP2KLDRK_5021-6078-5533-6590,0,0,0,0,1,0,0,0,0
LIP2KLDRK_4013-5688-4525-6200,0,0,0,0,1,0,0,0,0
LIP2KLDRK_3768-889-4280-1401,0,0,0,0,1,0,0,0,0
LIP2KLDRK_3691-5519-4203-6031,0,0,0,0,1,0,0,0,0
LIX3P6UZU_1609-5120-2121-5632,1,0,0,0,0,0,0,0,0
LIX3P6UZU_1566-4090-2078-4602,1,0,0,0,0,0,0,0,0
LIP2KLDRK_5275-894-5787-1406,0,0,0,0,1,0,0,0,0
LIP2KLDRK_4697-5949-5209-6461,0,0,0,0,1,0,0,0,0
LIX3P6UZU_1578-3424-2090-3936,1,0,0,0,0,0,0,0,0
LIX3P6UZU_1609-4608-2121-5120,1,0,0,0,0,0,0,0,0
LIX3P6UZU_1646-6697-2158-7209,1,0,0,0,0,0,0,0,0
LIX3P6UZU_1646-7209-2158-7721,1,0,0,0,0,0,0,0,0
LIX3P6UZU_2043-5944-2555-6456,1,0,0,0,0,0,0,0,0
LIX3P6UZU_2121-4608-2633-5120,1,0,0,0,0,0,0,0,0
LIX3P6UZU_2158-7209-2670-7721,1,0,0,0,0,0,0,0,0
LIX3P6UZU_2158-6697-2670-7209,1,0,0,0,0,0,0,0,0
LIX3P6UZU_2231-2454-2743-2966,1,0,0,0,0,0,0,0,0
LIX3P6UZU_2305-5675-2817-6187,1,0,0,0,0,0,0,0,0
LIX3P6UZU_2633-4608-3145-5120,1,0,0,0,0,0,0,0,0
LIX3P6UZU_2555-5944-3067-6456,1,0,0,0,0,0,0,0,0
LIX3P6UZU_2121-5120-2633-5632,1,0,0,0,0,0,0,0,0
LIX3P6UZU_3482-3184-3994-3696,1,0,0,0,0,0,0,0,0
LIX3P6UZU_2633-5120-3145-5632,1,0,0,0,0,0,0,0,0
LIX3P6UZU_2817-5675-3329-6187,1,0,0,0,0,0,0,0,0
LIX3P6UZU_3329-5163-3841-5675,1,0,0,0,0,0,0,0,0
LIX3P6UZU_2670-6697-3182-7209,1,0,0,0,0,0,0,0,0
LIX3P6UZU_3329-5675-3841-6187,1,0,0,0,0,0,0,0,0
LIX3P6UZU_3482-2672-3994-3184,1,0,0,0,0,0,0,0,0
LIX3P6UZU_2670-7209-3182-7721,1,0,0,0,0,0,0,0,0
LIX3P6UZU_3482-4208-3994-4720,1,0,0,0,0,0,0,0,0
LIX3P6UZU_3482-3696-3994-4208,1,0,0,0,0,0,0,0,0
LIX3P6UZU_4809-2425-5321-2937,1,0,0,0,0,0,0,0,0
LIX3P6UZU_4297-2425-4809-2937,1,0,0,0,0,0,0,0,0
LIX3P6UZU_4809-1913-5321-2425,1,0,0,0,0,0,0,0,0
LIX3P6UZU_4297-1913-4809-2425,1,0,0,0,0,0,0,0,0
LIX3P6UZU_4809-2937-5321-3449,1,0,0,0,0,0,0,0,0
LIX3P6UZU_4297-3449-4809-3961,1,0,0,0,0,0,0,0,0
LIX3P6UZU_5321-3961-5833-4473,1,0,0,0,0,0,0,0,0
LIX3P6UZU_4809-4985-5321-5497,1,0,0,0,0,0,0,0,0
LIX3P6UZU_5321-2937-5833-3449,1,0,0,0,0,0,0,0,0
LIX3P6UZU_5321-2425-5833-2937,1,0,0,0,0,0,0,0,0
LIX3P6UZU_4809-3961-5321-4473,1,0,0,0,0,0,0,0,0
LIX3P6UZU_5321-4473-5833-4985,1,0,0,0,0,0,0,0,0
LIX3P6UZU_4809-3449-5321-3961,1,0,0,0,0,0,0,0,0
LIX3P6UZU_5321-1913-5833-2425,1,0,0,0,0,0,0,0,0
LIX3P6UZU_4809-4473-5321-4985,1,0,0,0,0,0,0,0,0
LIX3P6UZU_5321-4985-5833-5497,1,0,0,0,0,0,0,0,0
LIX3P6UZU_5385-1614-5897-2126,1,0,0,0,0,0,0,0,0
LIX3P6UZU_5323-1098-5835-1610,1,0,0,0,0,0,0,0,0
LIX3P6UZU_5833-2425-6345-2937,1,0,0,0,0,0,0,0,0
LIX3P6UZU_5833-2937-6345-3449,1,0,0,0,0,0,0,0,0
LIX3P6UZU_6053-4875-6565-5387,1,0,0,0,0,0,0,0,0
LIX3P6UZU_5833-1913-6345-2425,1,0,0,0,0,0,0,0,0
LIX3P6UZU_5833-4985-6345-5497,1,0,0,0,0,0,0,0,0
LIX3P6UZU_7707-5131-8219-5643,1,0,0,0,0,0,0,0,0
LIX3P6UZU_5833-3961-6345-4473,1,0,0,0,0,0,0,0,0
LIX3P6UZU_5833-3449-6345-3961,1,0,0,0,0,0,0,0,0
LIX3P6UZU_6565-4875-7077-5387,1,0,0,0,0,0,0,0,0
LIX3P6UZU_8132-4569-8644-5081,1,0,0,0,0,0,0,0,0
LIX3P6UZU_9771-6932-10283-7444,1,0,0,0,0,0,0,0,0
LIX3P6UZU_9666-6623-10178-7135,1,0,0,0,0,0,0,0,0
LIX3P6UZU_9629-5042-10141-5554,1,0,0,0,0,0,0,0,0
LIX3P6UZU_9758-5971-10270-6483,1,0,0,0,0,0,0,0,0
LIX3P6UZU_9715-6313-10227-6825,1,0,0,0,0,0,0,0,0
LIX3P6UZU_9777-4677-10289-5189,1,0,0,0,0,0,0,0,0
LIX3P6UZU_9777-5680-10289-6192,1,0,0,0,0,0,0,0,0
LIX3P6UZU_9789-4376-10301-4888,1,0,0,0,0,0,0,0,0
LJ2Z2UVWE_1692-4206-2204-4718,0,0,0,0,0,0,0,0,1
LIX3P6UZU_9801-5347-10313-5859,1,0,0,0,0,0,0,0,0
LJ2Z2UVWE_1248-4686-1760-5198,0,0,0,0,0,0,0,0,1
LJ2Z2UVWE_490-6671-1002-7183,0,0,0,0,0,0,0,0,1
LJ2Z2UVWE_1749-4473-2261-4985,0,0,0,0,0,0,0,0,1
LK9N44X7U_463-266-975-778,0,0,0,0,1,0,0,0,0
LJ2Z2UVWE_1679-5479-2191-5991,0,0,0,0,0,0,0,0,1
LK9N44X7U_2756-1169-3268-1681,0,0,0,0,1,0,0,0,0
LJ2Z2UVWE_859-7870-1371-8382,0,0,0,0,0,0,0,0,1
LJ2Z2UVWE_3058-5654-3570-6166,0,0,0,0,0,0,0,0,1
LJ2Z2UVWE_2219-4992-2731-5504,0,0,0,0,0,0,0,0,1
LKKRVRQTI_5450-4090-5962-4602,0,1,0,0,0,0,0,0,0
LKKRVRQTI_5450-4602-5962-5114,0,1,0,0,0,0,0,0,0
LKKRVRQTI_7745-3344-8257-3856,0,1,0,0,0,0,0,0,0
LK9N44X7U_919-351-1431-863,0,0,0,0,1,0,0,0,0
LKLNNLLB1_1391-562-1903-1074,0,0,0,0,0,1,0,0,0
LKVZZBNB1_1316-3924-1828-4436,1,0,0,0,0,0,0,0,0
LKVZZBNB1_2340-3412-2852-3924,1,0,0,0,0,0,0,0,0
LKVZZBNB1_1828-3924-2340-4436,1,0,0,0,0,0,0,0,0
LKLNNLLB1_506-354-1018-866,0,0,0,0,0,1,0,0,0
LKVZZBNB1_2852-3412-3364-3924,1,0,0,0,0,0,0,0,0
LKVZZBNB1_5412-2388-5924-2900,1,0,0,0,0,0,0,0,0
LKVZZBNB1_3364-2900-3876-3412,1,0,0,0,0,0,0,0,0
LKVZZBNB1_4388-2388-4900-2900,1,0,0,0,0,0,0,0,0
LKVZZBNB1_5924-852-6436-1364,1,0,0,0,0,0,0,0,0
LKVZZBNB1_4900-2388-5412-2900,1,0,0,0,0,0,0,0,0
LKVZZBNB1_804-1364-1316-1876,1,0,0,0,0,0,0,0,0
LKVZZBNB1_5412-1876-5924-2388,1,0,0,0,0,0,0,0,0
LKVZZBNB1_3876-2900-4388-3412,1,0,0,0,0,0,0,0,0
LKVZZBNB1_5924-1876-6436-2388,1,0,0,0,0,0,0,0,0
LKVZZBNB1_5924-1364-6436-1876,1,0,0,0,0,0,0,0,0
LKVZZBNB1_804-1876-1316-2388,1,0,0,0,0,0,0,0,0
LKVZZBNB1_804-2388-1316-2900,1,0,0,0,0,0,0,0,0
LKVZZBNB1_804-3924-1316-4436,1,0,0,0,0,0,0,0,0
LLE9ADRDP_4388-4449-4900-4961,0,0,0,0,0,0,0,0,1
LLE9ADRDP_3867-862-4379-1374,0,0,0,0,0,0,0,0,1
LKVZZBNB1_804-852-1316-1364,1,0,0,0,0,0,0,0,0
LL2XHGK1G_7966-2069-8478-2581,0,0,0,1,0,0,0,0,0
LLKUGCFKV_1169-954-1681-1466,0,0,1,0,0,0,0,0,0
LLKUGCFKV_1357-1227-1869-1739,0,0,1,0,0,0,0,0,0
LLKUGCFKV_1379-2494-1891-3006,0,0,1,0,0,0,0,0,0
LL2XHGK1G_6768-430-7280-942,0,0,0,1,0,0,0,0,0
LLKUGCFKV_1594-2686-2106-3198,0,0,1,0,0,0,0,0,0
LLKUGCFKV_1605-723-2117-1235,0,0,1,0,0,0,0,0,0
LLKUGCFKV_2003-2678-2515-3190,0,0,1,0,0,0,0,0,0
LLKUGCFKV_1860-893-2372-1405,0,0,1,0,0,0,0,0,0
LLE9ADRDP_649-3651-1161-4163,0,0,0,0,0,0,0,0,1
LLKUGCFKV_2003-1142-2515-1654,0,0,1,0,0,0,0,0,0
LLKUGCFKV_2003-1654-2515-2166,0,0,1,0,0,0,0,0,0
LLKUGCFKV_2003-3190-2515-3702,0,0,1,0,0,0,0,0,0
LLKUGCFKV_2100-2314-2612-2826,0,0,1,0,0,0,0,0,0
LLKUGCFKV_2182-747-2694-1259,0,0,1,0,0,0,0,0,0
LLKUGCFKV_2311-1110-2823-1622,0,0,1,0,0,0,0,0,0
LLKUGCFKV_2515-630-3027-1142,0,0,1,0,0,0,1,0,0
LLKUGCFKV_3733-1447-4245-1959,0,0,1,0,0,0,0,0,0
LLKUGCFKV_2515-3190-3027-3702,0,0,1,0,0,0,1,0,0
LLKUGCFKV_2515-1654-3027-2166,0,0,1,0,0,0,1,0,0
LLKUGCFKV_3733-935-4245-1447,0,0,1,0,0,0,0,0,0
LLKUGCFKV_3733-1959-4245-2471,0,0,1,0,0,0,0,0,0
LLKUGCFKV_3262-1718-3774-2230,0,0,1,0,0,0,0,0,0
LLKUGCFKV_2515-2678-3027-3190,0,0,1,0,0,0,1,0,0
LLKUGCFKV_3733-2471-4245-2983,0,0,1,0,0,0,0,0,0
LLKUGCFKV_3733-2983-4245-3495,0,0,1,0,0,0,0,0,0
LLKUGCFKV_2515-2166-3027-2678,0,0,1,0,0,0,1,0,0
LLKUGCFKV_4025-912-4537-1424,0,0,1,0,0,0,0,0,0
LLKUGCFKV_4075-3739-4587-4251,0,0,1,0,0,0,0,0,0
LLKUGCFKV_4067-2724-4579-3236,0,0,1,0,0,0,0,0,0
LLKUGCFKV_4075-3227-4587-3739,0,0,1,0,0,0,0,0,0
LLKUGCFKV_4110-4204-4622-4716,0,0,1,0,0,0,0,0,0
LLKUGCFKV_4245-2983-4757-3495,0,0,1,0,0,0,0,0,0
LLKUGCFKV_4245-1447-4757-1959,0,0,1,0,0,0,0,0,0
LLKUGCFKV_4245-1959-4757-2471,0,0,1,0,0,0,0,0,0
LLUMEWCU3_1269-1425-1781-1937,1,0,0,0,0,0,0,0,0
LLUMEWCU3_1269-913-1781-1425,1,0,0,0,0,0,0,0,0
LLKUGCFKV_4245-2471-4757-2983,0,0,1,0,0,0,0,0,0
LLKUGCFKV_4291-768-4803-1280,0,0,1,0,0,0,0,0,0
LLKUGCFKV_996-790-1508-1302,0,0,1,0,0,0,0,0,0
LLUMEWCU3_1485-2019-1997-2531,1,0,0,0,0,0,0,0,0
LLUMEWCU3_1485-2531-1997-3043,1,0,0,0,0,0,0,0,0
LLUMEWCU3_1269-401-1781-913,1,0,0,0,0,0,0,0,0
LLUMEWCU3_2313-2701-2825-3213,1,0,0,0,0,0,0,0,0
LLUMEWCU3_2313-2189-2825-2701,1,0,0,0,0,0,0,0,0
LLUMEWCU3_3172-1147-3684-1659,1,0,0,0,0,0,0,0,0
LLUMEWCU3_2825-2701-3337-3213,1,0,0,0,0,0,0,0,0
LLUMEWCU3_2825-2189-3337-2701,1,0,0,0,0,0,0,0,0
LLUMEWCU3_3337-1677-3849-2189,1,0,0,0,0,0,0,0,0
LLUMEWCU3_3337-2189-3849-2701,1,0,0,0,0,0,0,0,0
LLUMEWCU3_3849-2701-4361-3213,1,0,0,0,0,0,0,0,0
LLUMEWCU3_3337-2701-3849-3213,1,0,0,0,0,0,0,0,0
LLUMEWCU3_3849-1165-4361-1677,1,0,0,0,0,0,0,0,0
LLUMEWCU3_4361-2701-4873-3213,1,0,0,0,0,0,0,0,0
LLUMEWCU3_4881-2708-5393-3220,1,0,0,0,0,0,0,0,0
LLUMEWCU3_4361-1165-4873-1677,1,0,0,0,0,0,0,0,0
LLUMEWCU3_4361-653-4873-1165,1,0,0,0,0,0,0,0,0
LLUMEWCU3_3849-1677-4361-2189,1,0,0,0,0,0,0,0,0
LLUMEWCU3_4385-2235-4897-2747,1,0,0,0,0,0,0,0,0
LLUMEWCU3_3873-2235-4385-2747,1,0,0,0,0,0,0,0,0
LLUMEWCU3_4412-352-4924-864,1,0,0,0,0,0,0,0,0
LLUMEWCU3_4361-1677-4873-2189,1,0,0,0,0,0,0,0,0
LLUMEWCU3_4897-2235-5409-2747,1,0,0,0,0,0,0,0,0
LLUMEWCU3_5393-2196-5905-2708,1,0,0,0,0,0,0,0,0
LLUMEWCU3_5393-2708-5905-3220,1,0,0,0,0,0,0,0,0
LLUMEWCU3_5456-1207-5968-1719,1,0,0,0,0,0,0,0,0
LLUMEWCU3_5905-2196-6417-2708,1,0,0,0,0,0,0,0,0
LLUMEWCU3_5905-2708-6417-3220,1,0,0,0,0,0,0,0,0
LLUMEWCU3_6929-2196-7441-2708,1,0,0,0,0,0,0,0,0
LLUMEWCU3_757-1425-1269-1937,1,0,0,0,0,0,0,0,0
LLUMEWCU3_6417-2196-6929-2708,1,0,0,0,0,0,0,0,0
LLUMEWCU3_7760-1256-8272-1768,1,0,0,0,0,0,0,0,0
LLUMEWCU3_7873-2251-8385-2763,1,0,0,0,0,0,0,0,0
LLUMEWCU3_7248-1256-7760-1768,1,0,0,0,0,0,0,0,0
LLUMEWCU3_757-401-1269-913,1,0,0,0,0,0,0,0,0
LLUMEWCU3_8881-1384-9393-1896,1,0,0,0,0,0,0,0,0
LLUMEWCU3_6417-2708-6929-3220,1,0,0,0,0,0,0,0,0
LLUMEWCU3_6929-2708-7441-3220,1,0,0,0,0,0,0,0,0
LLUMEWCU3_8396-2179-8908-2691,1,0,0,0,0,0,0,0,0
LLUMEWCU3_757-913-1269-1425,1,0,0,0,0,0,0,0,0
LLUMEWCU3_9182-1108-9694-1620,1,0,0,0,0,0,0,0,0
LLUMEWCU3_9457-1114-9969-1626,1,0,0,0,0,0,0,0,0
LLV7JDILE_1060-2551-1572-3063,0,0,0,0,0,1,0,0,0
LLUMEWCU3_973-2019-1485-2531,1,0,0,0,0,0,0,0,0
LLUMEWCU3_973-2531-1485-3043,1,0,0,0,0,0,0,0,0
LLV7JDILE_2121-4056-2633-4568,0,0,0,0,0,1,0,0,0
LLV7JDILE_926-3716-1438-4228,0,0,0,0,0,1,0,0,0
LM66U3DUB_4517-1222-5029-1734,1,0,0,0,0,0,0,0,0
LLV7JDILE_5073-5327-5585-5839,0,0,0,0,0,1,0,0,0
LLV7JDILE_1087-3253-1599-3765,0,0,0,0,0,1,0,0,0
LLV7JDILE_585-4056-1097-4568,0,0,0,0,0,1,0,0,0
LLV7JDILE_1436-5388-1948-5900,0,0,0,0,0,1,0,0,0
LLV7JDILE_2633-4056-3145-4568,0,0,0,0,0,1,0,0,0
LM66U3DUB_4176-1407-4688-1919,1,0,0,0,0,0,0,0,0
LLV7JDILE_321-3982-833-4494,0,0,0,0,0,1,0,0,0
LLV7JDILE_1097-4056-1609-4568,0,0,0,0,0,1,0,0,0
LM66U3DUB_4032-2022-4544-2534,1,0,0,0,0,0,0,0,0
LLV7JDILE_1609-4056-2121-4568,0,0,0,0,0,1,0,0,0
LLV7JDILE_1397-3932-1909-4444,0,0,0,0,0,1,0,0,0
LNLCQT7DN_1384-4279-1896-4791,1,0,0,0,0,0,0,0,0
LNLCQT7DN_1614-3976-2126-4488,1,0,0,0,0,0,0,0,0
LNLCQT7DN_2110-2815-2622-3327,1,0,0,0,0,0,0,0,0
LNLCQT7DN_2465-4663-2977-5175,1,0,0,0,0,0,0,0,0
LNM7KZHLI_1920-739-2432-1251,0,0,0,0,0,1,0,0,0
LNM7KZHLI_1408-739-1920-1251,0,0,0,0,0,1,0,0,0
LNM7KZHLI_1055-2095-1567-2607,0,0,0,0,0,1,0,0,0
LNM7KZHLI_2335-1189-2847-1701,0,0,0,0,0,1,0,0,0
LNM7KZHLI_1567-2095-2079-2607,0,0,0,0,0,1,0,0,0
LPG8TNPW6_4394-6087-4906-6599,0,0,0,0,0,0,1,0,0
LPG8TNPW6_4906-3527-5418-4039,0,0,0,0,0,0,1,0,0
LNM7KZHLI_2373-1843-2885-2355,0,0,0,0,0,1,0,0,0
LNM7KZHLI_2079-2095-2591-2607,0,0,0,0,0,1,0,0,0
LNM7KZHLI_896-739-1408-1251,0,0,0,0,0,1,0,0,0
LNM7KZHLI_742-2144-1254-2656,0,0,0,0,0,1,0,0,1
LNM7KZHLI_2431-898-2943-1410,0,0,0,0,0,1,0,0,0
LPG8TNPW6_1689-5362-2201-5874,0,0,0,0,0,0,1,0,0
LNM7KZHLI_1861-1843-2373-2355,0,0,0,0,0,1,0,0,0
LPG8TNPW6_4906-4039-5418-4551,0,0,0,0,0,0,1,0,0
LPG8TNPW6_4906-5063-5418-5575,0,0,0,0,0,0,1,0,0
LPG8TNPW6_4906-4551-5418-5063,0,0,0,0,0,0,1,0,0
LPG8TNPW6_4906-5575-5418-6087,0,0,0,0,0,0,1,0,0
LPJA3NP6V_1218-4066-1730-4578,0,0,1,0,0,0,0,0,0
LPG8TNPW6_4906-6087-5418-6599,0,0,0,0,0,0,1,0,0
LPQZATNKM_1401-1971-1913-2483,0,0,0,1,0,0,0,0,0
LPJA3NP6V_2167-4052-2679-4564,0,0,1,0,0,0,0,0,0
LPJA3NP6V_963-4272-1475-4784,0,0,1,0,0,0,0,0,0
LPQZATNKM_3449-1459-3961-1971,0,0,0,1,0,0,0,0,0
LPJA3NP6V_1814-4089-2326-4601,0,0,1,0,0,0,0,0,0
LPQZATNKM_2425-1459-2937-1971,0,0,0,1,0,0,0,0,0
LPQZATNKM_1913-1459-2425-1971,0,0,0,1,0,0,0,0,0
LPJA3NP6V_550-2472-1062-2984,0,0,1,0,0,0,0,0,0
LPQZATNKM_1913-1971-2425-2483,0,0,0,1,0,0,0,0,0
LPQZATNKM_3961-1459-4473-1971,0,0,0,1,0,0,0,0,0
LPQZATNKM_2937-1459-3449-1971,0,0,0,1,0,0,0,0,0
LPQZATNKM_5775-7194-6287-7706,0,0,0,1,0,0,0,0,0
LPQZATNKM_4473-1971-4985-2483,0,0,0,1,0,0,0,0,0
LPQZATNKM_3961-1971-4473-2483,0,0,0,1,0,0,0,0,0
LPQZATNKM_5775-7706-6287-8218,0,0,0,1,0,0,0,0,0
LPQZATNKM_702-4587-1214-5099,0,0,0,1,0,0,0,0,0
LPQZATNKM_999-4219-1511-4731,0,0,0,1,0,0,0,0,0
LPQZATNKM_7730-8282-8242-8794,0,0,0,1,0,0,0,0,0
LQUJNR9X1_10454-1955-10966-2467,0,0,0,1,0,0,1,0,0
LQUJNR9X1_11990-2467-12502-2979,0,0,0,1,0,0,1,0,0
LQC98IB1P_6391-2020-6903-2532,0,0,0,0,0,0,0,0,1
LQC98IB1P_2826-1907-3338-2419,0,0,0,0,0,0,0,0,1
LQUJNR9X1_11478-1955-11990-2467,0,0,0,1,0,0,1,0,0
LPQZATNKM_999-4731-1511-5243,0,0,0,1,0,0,0,0,0
LQUJNR9X1_11990-1955-12502-2467,0,0,0,1,0,0,1,0,0
LQUJNR9X1_10966-1955-11478-2467,0,0,0,1,0,0,1,0,0
LQUJNR9X1_12502-2467-13014-2979,0,0,0,1,0,0,1,0,0
LQUJNR9X1_13014-2467-13526-2979,0,0,0,1,0,0,1,0,0
LQUJNR9X1_15062-2979-15574-3491,0,0,0,0,0,0,1,0,0
LQUJNR9X1_13526-2467-14038-2979,0,0,0,1,0,0,1,0,0
LQUJNR9X1_14038-2467-14550-2979,0,0,0,0,0,0,1,0,0
LQUJNR9X1_14550-2979-15062-3491,0,0,0,0,0,0,1,0,0
LQUJNR9X1_14550-2467-15062-2979,0,0,0,0,0,0,1,0,0
LQUJNR9X1_15574-2979-16086-3491,0,0,0,0,0,0,1,0,0
LQUJNR9X1_8133-1442-8645-1954,0,0,0,0,0,0,1,0,0
LQUJNR9X1_8645-3490-9157-4002,0,0,0,0,0,0,1,0,0
LQUJNR9X1_8645-1442-9157-1954,0,0,0,0,0,0,1,0,0
LQUJNR9X1_8645-1954-9157-2466,0,0,0,0,0,0,1,0,0
LQUJNR9X1_9157-2978-9669-3490,0,0,0,0,0,0,1,0,0
LQUJNR9X1_9157-1442-9669-1954,0,0,0,0,0,0,1,0,0
LQUJNR9X1_9157-2466-9669-2978,0,0,0,0,0,0,1,0,0
LQUJNR9X1_8645-2978-9157-3490,0,0,0,0,0,0,1,0,0
LRAT433LY_10454-2608-10966-3120,0,0,0,0,0,0,1,0,0
LQUJNR9X1_9157-1954-9669-2466,0,0,0,0,0,0,1,0,0
LQUJNR9X1_9942-1955-10454-2467,0,0,0,1,0,0,1,0,0
LRAD67UCW_5376-3370-5888-3882,0,0,0,0,0,1,0,0,0
LRAT433LY_11478-2608-11990-3120,0,0,0,0,0,0,1,0,0
LRAT433LY_10454-3120-10966-3632,0,0,0,0,0,0,1,0,0
LRAT433LY_10966-2608-11478-3120,0,0,0,0,0,0,1,0,0
LRAT433LY_10966-3120-11478-3632,0,0,0,0,0,0,1,0,0
LRAT433LY_11478-3120-11990-3632,0,0,0,0,0,0,1,0,0
LRAT433LY_9942-3120-10454-3632,0,0,0,0,0,0,1,0,0
LRAT433LY_12502-2096-13014-2608,0,0,0,0,0,0,1,0,0
LRDYVBVXP_1110-496-1622-1008,0,1,0,0,0,0,0,0,0
LRAT433LY_11990-2096-12502-2608,0,0,0,0,0,0,1,0,0
LRAT433LY_11990-2608-12502-3120,0,0,0,0,0,0,1,0,0
LRAT433LY_12502-1584-13014-2096,0,0,0,0,0,0,1,0,0
LRDYVBVXP_1110-1008-1622-1520,0,1,0,0,0,0,0,0,0
LRDYVBVXP_1313-4667-1825-5179,0,1,0,0,0,0,0,0,0
LRAT433LY_13014-1584-13526-2096,0,0,0,0,0,0,1,0,0
LRAT433LY_13014-1072-13526-1584,0,0,0,0,0,0,1,0,0
LRDYVBVXP_1622-496-2134-1008,0,1,0,0,0,0,0,0,0
LRDYVBVXP_1110-1520-1622-2032,0,1,0,0,0,0,0,0,0
LRDYVBVXP_1622-1008-2134-1520,0,1,0,0,0,0,0,0,0
LRDYVBVXP_1827-2589-2339-3101,0,1,0,0,0,0,0,0,0
LRDYVBVXP_2339-1053-2851-1565,0,1,0,0,0,0,0,0,0
LRDYVBVXP_1827-1565-2339-2077,0,1,0,0,0,0,0,0,0
LRDYVBVXP_1827-2077-2339-2589,0,1,0,0,0,0,0,0,0
LRDYVBVXP_2339-1565-2851-2077,0,1,0,0,0,0,0,0,0
LRDYVBVXP_2339-2589-2851-3101,0,1,0,0,0,0,0,0,0
LRDYVBVXP_2851-2077-3363-2589,0,1,0,0,0,0,0,0,0
LRDYVBVXP_2339-2077-2851-2589,0,1,0,0,0,0,0,0,0
LRDYVBVXP_2851-1053-3363-1565,0,1,0,0,0,0,0,0,0
LRDYVBVXP_3570-4816-4082-5328,0,1,0,0,0,0,0,0,0
LRDYVBVXP_2984-645-3496-1157,0,1,0,0,0,0,0,0,0
LRDYVBVXP_3197-4796-3709-5308,0,1,0,0,0,0,0,0,0
LRDYVBVXP_2851-1565-3363-2077,0,1,0,0,0,0,0,0,0
LRDYVBVXP_3802-618-4314-1130,0,1,0,0,0,0,0,0,0
LRDYVBVXP_3496-645-4008-1157,0,1,0,0,0,0,0,0,0
LRDYVBVXP_4082-4816-4594-5328,0,1,0,0,0,0,0,0,0
LRDYVBVXP_4314-618-4826-1130,0,1,0,0,0,0,0,0,0
LRDYVBVXP_4112-2505-4624-3017,0,1,0,0,0,0,0,0,0
LRDYVBVXP_4782-2359-5294-2871,0,1,0,0,0,0,0,0,0
LRDYVBVXP_4782-1847-5294-2359,0,1,0,0,0,0,0,0,0
LRDYVBVXP_4468-4008-4980-4520,0,1,0,0,0,0,0,0,0
LRDYVBVXP_4468-3496-4980-4008,0,1,0,0,0,0,0,0,0
LRDYVBVXP_4826-618-5338-1130,0,1,0,0,0,0,0,0,0
LRDYVBVXP_4980-4008-5492-4520,0,1,0,0,0,0,0,0,0
LRDYVBVXP_5294-1847-5806-2359,0,1,0,0,0,0,0,0,0
LRDYVBVXP_4980-3496-5492-4008,0,1,0,0,0,0,0,0,0
LRDYVBVXP_598-496-1110-1008,0,1,0,0,0,0,0,0,0
LRDYVBVXP_5280-3136-5792-3648,0,1,0,0,0,0,0,0,0
LRDYVBVXP_868-4551-1380-5063,0,1,0,0,0,0,0,0,0
LRYTIW6QY_1809-4886-2321-5398,0,0,0,0,0,0,0,0,1
LRDYVBVXP_598-1008-1110-1520,0,1,0,0,0,0,0,0,0
LRDYVBVXP_5294-2359-5806-2871,0,1,0,0,0,0,0,0,0
LRYTIW6QY_912-5543-1424-6055,0,0,0,0,0,0,0,0,1
LTWD8YPCU_1339-1773-1851-2285,1,0,0,0,0,0,0,0,0
LTWD8YPCU_1824-788-2336-1300,1,0,0,0,0,0,0,0,0
LRYTIW6QY_1813-1896-2325-2408,0,0,0,0,0,0,0,0,1
LTWD8YPCU_1899-1045-2411-1557,1,0,0,0,0,0,0,0,0
LTWD8YPCU_3792-841-4304-1353,1,0,0,0,0,0,0,0,0
LTWD8YPCU_3905-1998-4417-2510,1,0,0,0,0,0,0,0,0
LTWD8YPCU_3879-1496-4391-2008,1,0,0,0,0,0,0,0,0
LTWD8YPCU_4140-1745-4652-2257,1,0,0,0,0,0,0,0,0
LTWD8YPCU_827-1773-1339-2285,1,0,0,0,0,0,0,0,0
LU1JDIWNC_1028-1483-1540-1995,1,0,0,0,0,0,0,0,0
LTWD8YPCU_4417-1998-4929-2510,1,0,0,0,0,0,0,0,0
LU1JDIWNC_1028-971-1540-1483,1,0,0,0,0,0,0,0,0
LU1JDIWNC_1540-459-2052-971,1,0,0,0,0,0,0,0,0
LTWD8YPCU_507-2121-1019-2633,1,0,0,0,0,0,0,0,0
LU1JDIWNC_1540-971-2052-1483,1,0,0,0,0,0,0,0,0
LU1JDIWNC_1540-1483-2052-1995,1,0,0,0,0,0,0,0,0
LU1JDIWNC_2052-459-2564-971,1,0,0,0,0,0,0,0,0
LU1JDIWNC_2147-1415-2659-1927,1,0,0,0,0,0,0,0,0
LU1JDIWNC_2294-2336-2806-2848,1,0,0,0,0,0,0,0,0
LU1JDIWNC_2564-459-3076-971,1,0,0,0,0,0,0,0,0
LU1JDIWNC_2294-1824-2806-2336,1,0,0,0,0,0,0,0,0
LU1JDIWNC_2564-971-3076-1483,1,0,0,0,0,0,0,0,0
LU1JDIWNC_2659-1927-3171-2439,1,0,0,0,0,0,0,0,0
LU1JDIWNC_2659-1415-3171-1927,1,0,0,0,0,0,0,0,0
LU1JDIWNC_2806-2336-3318-2848,1,0,0,0,0,0,0,0,0
LU1JDIWNC_3171-1415-3683-1927,1,0,0,0,0,0,0,0,0
LU1JDIWNC_3318-2336-3830-2848,1,0,0,0,0,0,0,0,0
LU1JDIWNC_3658-4021-4170-4533,1,0,0,0,0,0,0,0,0
LU1JDIWNC_3176-3016-3688-3528,1,0,0,0,0,0,0,0,0
LU1JDIWNC_3171-1927-3683-2439,1,0,0,0,0,0,0,0,0
LU1JDIWNC_3472-3038-3984-3550,1,0,0,0,0,0,0,0,0
LU1JDIWNC_3658-3509-4170-4021,1,0,0,0,0,0,0,0,0
LU1JDIWNC_3171-903-3683-1415,1,0,0,0,0,0,0,0,0
LU1JDIWNC_3683-903-4195-1415,1,0,0,0,0,0,0,0,0
LU1JDIWNC_3683-1927-4195-2439,1,0,0,0,0,0,0,0,0
LU1JDIWNC_3479-3329-3991-3841,1,0,0,0,0,0,0,0,0
LU1JDIWNC_3926-1094-4438-1606,1,0,0,0,0,0,0,0,0
LU1JDIWNC_3756-1632-4268-2144,1,0,0,0,0,0,0,0,0
LU1JDIWNC_3926-582-4438-1094,1,0,0,0,0,0,0,0,0
LU1JDIWNC_3991-3329-4503-3841,1,0,0,0,0,0,0,0,0
LU1JDIWNC_4035-2603-4547-3115,1,0,0,0,0,0,0,0,0
LU1JDIWNC_3984-3038-4496-3550,1,0,0,0,0,0,0,0,0
LU1JDIWNC_4170-3509-4682-4021,1,0,0,0,0,0,0,0,0
LU1JDIWNC_4170-4021-4682-4533,1,0,0,0,0,0,0,0,0
LU1JDIWNC_4268-1632-4780-2144,1,0,0,0,0,0,0,0,0
LU1JDIWNC_4496-3038-5008-3550,1,0,0,0,0,0,0,0,0
LU1JDIWNC_4268-2144-4780-2656,1,0,0,0,0,0,0,0,0
LU1JDIWNC_4438-1094-4950-1606,1,0,0,0,0,0,0,0,0
LU1JDIWNC_4682-4021-5194-4533,1,0,0,0,0,0,0,0,0
LU1JDIWNC_4503-3329-5015-3841,1,0,0,0,0,0,0,0,0
LU1JDIWNC_4547-2603-5059-3115,1,0,0,0,0,0,0,0,0
LU1JDIWNC_4438-582-4950-1094,1,0,0,0,0,0,0,0,0
LU1JDIWNC_4682-3509-5194-4021,1,0,0,0,0,0,0,0,0
LU1JDIWNC_4780-2144-5292-2656,1,0,0,0,0,0,0,0,0
LU1JDIWNC_4900-1662-5412-2174,1,0,0,0,0,0,0,0,0
LU1JDIWNC_4950-1094-5462-1606,1,0,0,0,0,0,0,0,0
LU1JDIWNC_5008-3038-5520-3550,1,0,0,0,0,0,0,0,0
LU1JDIWNC_4950-582-5462-1094,1,0,0,0,0,0,0,0,0
LU1JDIWNC_5015-3329-5527-3841,1,0,0,0,0,0,0,0,0
LU1JDIWNC_5059-2603-5571-3115,1,0,0,0,0,0,0,0,0
LU1JDIWNC_5194-3509-5706-4021,1,0,0,0,0,0,0,0,0
LU1JDIWNC_5462-582-5974-1094,1,0,0,0,0,0,0,0,0
LU1JDIWNC_5462-1094-5974-1606,1,0,0,0,0,0,0,0,0
LU1JDIWNC_5706-3509-6218-4021,1,0,0,0,0,0,0,0,0
LU1JDIWNC_5228-2218-5740-2730,1,0,0,0,0,0,0,0,0
LU1JDIWNC_5194-4021-5706-4533,1,0,0,0,0,0,0,0,0
LU1JDIWNC_5974-1094-6486-1606,1,0,0,0,0,0,0,0,0
LU1JDIWNC_5974-582-6486-1094,1,0,0,0,0,0,0,0,0
LU1JDIWNC_6063-3106-6575-3618,1,0,0,0,0,0,0,0,0
LU1JDIWNC_5551-3106-6063-3618,1,0,0,0,0,0,0,0,0
LU1JDIWNC_5706-4021-6218-4533,1,0,0,0,0,0,0,0,0
LU1JDIWNC_6218-3509-6730-4021,1,0,0,0,0,0,0,0,0
LU1JDIWNC_6288-4168-6800-4680,1,0,0,0,0,0,0,0,0
LU1JDIWNC_6235-2614-6747-3126,1,0,0,0,0,0,0,0,0
LU1JDIWNC_6486-582-6998-1094,1,0,0,0,0,0,0,0,0
LU1JDIWNC_6575-3106-7087-3618,1,0,0,0,0,0,0,0,0
LU1JDIWNC_6486-1094-6998-1606,1,0,0,0,0,0,0,0,0
LU1JDIWNC_6730-3509-7242-4021,1,0,0,0,0,0,0,0,0
LU1JDIWNC_6870-4130-7382-4642,1,0,0,0,0,0,0,0,0
LU1JDIWNC_6998-1094-7510-1606,1,0,0,0,0,0,0,0,0
LU1JDIWNC_6747-2614-7259-3126,1,0,0,0,0,0,0,0,0
LU1JDIWNC_6998-582-7510-1094,1,0,0,0,0,0,0,0,0
LU1JDIWNC_7044-1472-7556-1984,1,0,0,0,0,0,0,0,0
LU1JDIWNC_7242-3509-7754-4021,1,0,0,0,0,0,0,0,0
LU1JDIWNC_7471-2608-7983-3120,1,0,0,0,0,0,0,0,0
LU1JDIWNC_7382-4130-7894-4642,1,0,0,0,0,0,0,0,0
LU1JDIWNC_7510-1094-8022-1606,1,0,0,0,0,0,0,0,0
LU1JDIWNC_7222-3888-7734-4400,1,0,0,0,0,0,0,0,0
LU1JDIWNC_7471-3120-7983-3632,1,0,0,0,0,0,0,0,0
LU1JDIWNC_7894-4130-8406-4642,1,0,0,0,0,0,0,0,0
LU1JDIWNC_7510-582-8022-1094,1,0,0,0,0,0,0,0,0
LU1JDIWNC_7919-3577-8431-4089,1,0,0,0,0,0,0,0,0
LULKWVL8T_1096-3763-1608-4275,0,0,1,0,0,0,0,0,0
LULKWVL8T_1048-3163-1560-3675,0,0,1,0,0,0,0,0,0
LULKWVL8T_1163-2568-1675-3080,0,0,1,0,0,0,0,0,0
LULKWVL8T_1216-1369-1728-1881,0,0,1,0,0,0,0,0,0
LULKWVL8T_1216-1881-1728-2393,0,0,1,0,0,0,0,0,0
LULKWVL8T_1216-2905-1728-3417,0,0,1,0,0,0,0,0,0
LULKWVL8T_1400-1001-1912-1513,0,0,1,0,0,0,0,0,0
LULKWVL8T_1216-857-1728-1369,0,0,1,0,0,0,0,0,0
LULKWVL8T_1216-3417-1728-3929,0,0,1,0,0,0,0,0,0
LULKWVL8T_1400-1513-1912-2025,0,0,1,0,0,0,0,0,0
LULKWVL8T_1400-2025-1912-2537,0,0,1,0,0,0,0,0,0
LULKWVL8T_1728-1369-2240-1881,0,0,1,0,0,0,0,0,0
LULKWVL8T_1728-3417-2240-3929,0,0,1,0,0,0,0,0,0
LULKWVL8T_1728-3929-2240-4441,0,0,1,0,0,0,0,0,0
LULKWVL8T_1728-2905-2240-3417,0,0,1,0,0,0,0,0,0
LULKWVL8T_2029-3009-2541-3521,0,0,1,0,0,0,0,0,0
LULKWVL8T_1728-857-2240-1369,0,0,1,0,0,0,0,0,0
LULKWVL8T_2240-1369-2752-1881,0,0,1,0,0,0,0,0,0
LULKWVL8T_2341-966-2853-1478,0,0,1,0,0,0,0,0,0
LULKWVL8T_2240-1881-2752-2393,0,0,1,0,0,0,0,0,0
LULKWVL8T_2240-2393-2752-2905,0,0,1,0,0,0,0,0,0
LULKWVL8T_2533-789-3045-1301,0,0,1,0,0,0,0,0,0
LULKWVL8T_2853-966-3365-1478,0,0,1,0,0,0,0,0,0
LULKWVL8T_2853-1478-3365-1990,0,0,1,0,0,0,0,0,0
LULKWVL8T_865-2779-1377-3291,0,0,1,0,0,0,0,0,0
LULKWVL8T_685-3595-1197-4107,0,0,1,0,0,0,0,0,0
LULKWVL8T_3045-789-3557-1301,0,0,1,0,0,0,0,0,0
LULKWVL8T_4190-741-4702-1253,0,0,1,0,0,0,0,0,0
LULKWVL8T_3917-756-4429-1268,0,0,1,0,0,0,0,0,0
LUXRV7XYP_1039-8659-1551-9171,0,1,0,0,0,0,0,0,0
LUXRV7XYP_1141-5330-1653-5842,0,0,0,0,0,0,1,0,0
LUXRV7XYP_1141-5842-1653-6354,0,0,0,0,0,0,1,0,0
LUXRV7XYP_1141-6354-1653-6866,0,0,0,0,0,0,1,0,0
LUXRV7XYP_1653-6354-2165-6866,0,0,0,0,0,0,1,0,0
LUXRV7XYP_1653-5842-2165-6354,0,0,0,0,0,0,1,0,0
LUXRV7XYP_2165-5842-2677-6354,0,0,0,0,0,0,1,0,0
LUXRV7XYP_2677-5842-3189-6354,0,0,0,0,0,0,1,0,0
LUXRV7XYP_2165-6354-2677-6866,0,0,0,0,0,0,1,0,0
LUXRV7XYP_2677-6354-3189-6866,0,0,0,0,0,0,1,0,0
LUXRV7XYP_3189-5842-3701-6354,0,0,0,0,0,0,1,0,0
LUXRV7XYP_3189-6354-3701-6866,0,0,0,0,0,0,1,0,0
LUXRV7XYP_3701-5842-4213-6354,0,0,0,0,0,0,1,0,0
LUXRV7XYP_4725-6354-5237-6866,0,0,0,0,0,0,1,0,0
LUXRV7XYP_4473-2520-4985-3032,0,1,0,0,0,0,0,0,0
LUXRV7XYP_4213-5842-4725-6354,0,0,0,0,0,0,1,0,0
LUXRV7XYP_4213-6354-4725-6866,0,0,0,0,0,0,1,0,0
LUXRV7XYP_3701-6354-4213-6866,0,0,0,0,0,0,1,0,0
LUXRV7XYP_3961-2520-4473-3032,0,1,0,0,0,0,0,0,0
LUXRV7XYP_4725-6866-5237-7378,0,0,0,0,0,0,1,0,0
LUXRV7XYP_4985-2520-5497-3032,0,1,0,0,0,0,0,0,0
LUXRV7XYP_5234-4750-5746-5262,0,1,0,0,0,0,0,0,0
LUXRV7XYP_5234-5262-5746-5774,0,1,0,0,0,0,0,0,0
LUXRV7XYP_5237-6354-5749-6866,0,0,0,0,0,0,1,0,0
LUXRV7XYP_5237-6866-5749-7378,0,0,0,0,0,0,1,0,0
LUXRV7XYP_5382-3596-5894-4108,0,1,0,0,0,0,0,0,0
LUXRV7XYP_5382-4108-5894-4620,0,1,0,0,0,0,0,0,0
LUXRV7XYP_5497-2520-6009-3032,0,1,0,0,0,0,0,0,0
LUXRV7XYP_6009-2008-6521-2520,0,1,0,0,0,0,0,0,0
LUXRV7XYP_6261-6866-6773-7378,0,0,0,0,0,0,1,0,0
LUXRV7XYP_5749-6866-6261-7378,0,0,0,0,0,0,1,0,0
LUXRV7XYP_629-5842-1141-6354,0,0,0,0,0,0,1,0,0
LUXRV7XYP_6521-2008-7033-2520,0,1,0,0,0,0,0,0,0
LUXRV7XYP_6009-2520-6521-3032,0,1,0,0,0,0,0,0,0
LUXRV7XYP_629-5330-1141-5842,0,0,0,0,0,0,1,0,0
LUXRV7XYP_6261-7378-6773-7890,0,0,0,0,0,0,1,0,0
LUXRV7XYP_6521-2520-7033-3032,0,1,0,0,0,0,0,0,0
LUXRV7XYP_6773-7378-7285-7890,0,0,0,0,0,0,1,0,0
LUXRV7XYP_7033-2008-7545-2520,0,1,0,0,0,0,0,0,0
LUXRV7XYP_7033-2520-7545-3032,0,1,0,0,0,0,0,0,0
LUXRV7XYP_7545-2008-8057-2520,0,1,0,0,0,0,0,0,0
LUXRV7XYP_7285-7378-7797-7890,0,0,0,0,0,0,1,0,0
LUXRV7XYP_7545-2520-8057-3032,0,1,0,0,0,0,0,0,0
LUXRV7XYP_8057-2520-8569-3032,0,1,0,0,0,0,0,0,0
LUXRV7XYP_7797-7378-8309-7890,0,0,0,0,0,0,1,0,0
LUXRV7XYP_8309-7378-8821-7890,0,0,0,0,0,0,1,0,0
LUXRV7XYP_8569-2520-9081-3032,0,1,0,0,0,0,1,0,0
LUXRV7XYP_9047-2754-9559-3266,0,0,0,0,0,0,1,0,0
LUXRV7XYP_8821-7378-9333-7890,0,0,0,0,0,0,1,0,0
LUXRV7XYP_9333-7378-9845-7890,0,0,0,0,0,0,1,0,0
LUXRV7XYP_9333-6866-9845-7378,0,0,0,0,0,0,1,0,0
LUXRV7XYP_9323-8536-9835-9048,0,1,0,0,0,0,0,0,0
LWJ3IKMP1_1003-544-1515-1056,0,0,1,0,0,0,0,0,0
LWJ3IKMP1_10092-3806-10604-4318,0,0,0,0,0,1,0,0,0
LWJ3IKMP1_3922-764-4434-1276,0,0,0,0,0,1,0,0,0
LWJ3IKMP1_4434-764-4946-1276,0,0,0,0,0,1,0,0,0
LWJ3IKMP1_3410-764-3922-1276,0,0,0,0,0,1,0,0,0
LWJ3IKMP1_10231-4042-10743-4554,0,0,0,0,0,1,0,0,0
LWJ3IKMP1_1515-544-2027-1056,0,0,1,0,0,0,0,0,0
LWJ3IKMP1_4946-764-5458-1276,0,0,0,0,0,1,0,0,0
LWJ3IKMP1_6482-764-6994-1276,0,0,0,0,0,1,0,0,0
LWJ3IKMP1_5458-764-5970-1276,0,0,0,0,0,1,0,0,0
LWJ3IKMP1_5970-764-6482-1276,0,0,0,0,0,1,0,0,0
LWJ3IKMP1_6745-3686-7257-4198,0,0,0,0,1,1,0,0,0
LWJ3IKMP1_6767-4077-7279-4589,0,0,0,0,0,1,0,0,0
LWJ3IKMP1_6745-3174-7257-3686,0,0,0,0,1,1,0,0,0
LWJ3IKMP1_675-618-1187-1130,0,0,0,0,0,1,0,0,0
LWJ3IKMP1_6994-764-7506-1276,0,0,0,0,0,1,0,0,0
LWJ3IKMP1_7257-3174-7769-3686,0,0,0,0,0,1,0,0,0
LWJ3IKMP1_7634-3058-8146-3570,0,0,0,0,0,1,0,0,0
LWJ3IKMP1_7506-764-8018-1276,0,0,0,0,0,1,0,0,0
LWJ3IKMP1_811-1346-1323-1858,0,0,0,0,1,0,0,0,0
LWJ3IKMP1_8018-764-8530-1276,0,0,0,0,0,1,0,0,0
LWJ3IKMP1_8146-3058-8658-3570,0,0,0,0,0,1,0,0,0
LWJ3IKMP1_834-901-1346-1413,0,0,0,0,1,1,0,0,0
LWJ3IKMP1_8530-764-9042-1276,0,0,0,0,0,1,0,0,0
LWJ3IKMP1_837-2014-1349-2526,0,0,0,0,1,0,0,0,0
LWJ3IKMP1_879-2701-1391-3213,0,0,0,0,1,0,0,0,0
LWJ3IKMP1_8658-3058-9170-3570,0,0,0,0,0,1,0,0,0
LWJ3IKMP1_877-4172-1389-4684,0,0,0,0,0,0,0,0,1
LWJ3IKMP1_873-3372-1385-3884,0,0,0,0,1,0,0,0,0
LWJ3IKMP1_9042-764-9554-1276,0,0,0,0,0,1,0,0,0
LWJ3IKMP1_9208-4000-9720-4512,0,0,0,0,1,1,0,0,0
LWJ3IKMP1_9385-3579-9897-4091,0,0,0,0,1,1,0,0,0
LWJ3IKMP1_9052-3309-9564-3821,0,0,1,0,1,1,0,0,1
LWJ3IKMP1_9251-3137-9763-3649,0,0,1,0,1,1,0,0,1
LWJ3IKMP1_9530-3803-10042-4315,0,0,0,0,1,1,0,0,0
LWJ3IKMP1_9897-2877-10409-3389,0,0,0,0,1,1,0,0,0
LWJ3IKMP1_9919-3215-10431-3727,0,0,0,0,1,1,0,0,0
LWJ3IKMP1_9992-2195-10504-2707,0,0,0,0,1,0,0,0,0
LWJ3IKMP1_9953-3551-10465-4063,0,0,0,0,1,1,0,0,0
LWJ3IKMP1_9925-787-10437-1299,0,0,0,0,1,0,0,0,0
LX7WA1IQT_3377-3013-3889-3525,0,0,0,0,0,1,0,0,0
LX7WA1IQT_4413-6980-4925-7492,0,0,0,0,0,0,0,0,1
LWJ3IKMP1_9966-1500-10478-2012,0,0,0,0,1,1,0,0,0
LY6VJPB9Q_1633-522-2145-1034,0,0,0,0,0,1,0,0,0
LY6VJPB9Q_1559-5149-2071-5661,0,0,0,0,0,1,0,0,0
LY6VJPB9Q_1082-520-1594-1032,0,0,0,0,0,1,0,0,0
LY6VJPB9Q_1009-5146-1521-5658,0,0,0,0,0,1,0,0,0
LY6VJPB9Q_2537-5151-3049-5663,0,0,0,0,0,1,0,0,0
LY6VJPB9Q_2109-5184-2621-5696,0,0,0,0,0,1,0,0,0
LY6VJPB9Q_2563-529-3075-1041,0,0,0,0,0,1,0,0,0
LY6VJPB9Q_2145-522-2657-1034,0,0,0,0,0,1,0,0,0
LY6VJPB9Q_245-5276-757-5788,0,0,0,0,0,1,0,0,0
LY6VJPB9Q_3000-5156-3512-5668,0,0,0,0,0,1,0,0,0
LY9JR3FF2_1368-358-1880-870,1,0,0,0,0,0,0,0,0
LY9JR3FF2_1368-2918-1880-3430,1,0,0,0,0,0,0,0,0
LY6VJPB9Q_3075-529-3587-1041,0,0,0,0,0,1,0,0,0
LY9JR3FF2_1373-4973-1885-5485,1,0,0,0,0,0,0,0,0
LY6VJPB9Q_3883-402-4395-914,0,0,0,0,0,1,0,0,0
LY6VJPB9Q_3629-528-4141-1040,0,0,0,0,0,1,0,0,0
LY6VJPB9Q_3346-5152-3858-5664,0,0,0,0,0,1,0,0,1
LY9JR3FF2_1880-1894-2392-2406,1,0,0,0,0,0,0,0,0
LY9JR3FF2_1880-870-2392-1382,1,0,0,0,0,0,0,0,0
LY9JR3FF2_1880-2406-2392-2918,1,0,0,0,0,0,0,0,0
LY9JR3FF2_1880-2918-2392-3430,1,0,0,0,0,0,0,0,0
LY9JR3FF2_1880-358-2392-870,1,0,0,0,0,0,0,0,0
LY9JR3FF2_1885-4973-2397-5485,1,0,0,0,0,0,0,0,0
LY9JR3FF2_207-227-719-739,1,0,0,0,0,0,0,0,0
LY9JR3FF2_2392-1382-2904-1894,1,0,0,0,0,0,0,0,0
LY9JR3FF2_2392-1894-2904-2406,1,0,0,0,0,0,0,0,0
LY9JR3FF2_2392-2406-2904-2918,1,0,0,0,0,0,0,0,0
LY9JR3FF2_2392-2918-2904-3430,1,0,0,0,0,0,0,0,0
LY9JR3FF2_2397-4973-2909-5485,1,0,0,0,0,0,0,0,0
LY9JR3FF2_2397-4461-2909-4973,1,0,0,0,0,0,0,0,0
LY9JR3FF2_2392-3942-2904-4454,1,0,0,0,0,0,0,0,0
LY9JR3FF2_2392-3430-2904-3942,1,0,0,0,0,0,0,0,0
LY9JR3FF2_2392-870-2904-1382,1,0,0,0,0,0,0,0,0
LY9JR3FF2_2392-358-2904-870,1,0,0,0,0,0,0,0,0
LY9JR3FF2_719-227-1231-739,1,0,0,0,0,0,0,0,0
LYEUYBXQE_243-340-755-852,0,0,0,0,0,1,0,0,0
LYEUYBXQE_4025-1212-4537-1724,0,0,0,0,0,1,0,0,0
LYEUYBXQE_4025-700-4537-1212,0,0,0,0,0,1,0,0,0
LYJMQ2C32_1526-8675-2038-9187,0,0,1,0,0,0,0,0,0
LYJMQ2C32_1529-9012-2041-9524,0,0,1,0,0,0,0,0,0
LYJMQ2C32_1820-11710-2332-12222,0,0,0,0,1,0,0,0,0
LYJMQ2C32_2354-9109-2866-9621,0,0,1,0,0,0,0,0,0
LYJMQ2C32_2089-8827-2601-9339,0,0,1,0,0,0,0,0,0
LYJMQ2C32_2332-11710-2844-12222,0,0,0,0,1,0,0,0,0
LYJMQ2C32_3232-11676-3744-12188,0,0,0,0,1,0,0,0,0
LYJMQ2C32_5550-11656-6062-12168,0,0,0,0,1,0,0,0,0
LYJMQ2C32_3558-1265-4070-1777,0,0,0,0,0,1,0,0,0
LYJMQ2C32_3599-1887-4111-2399,0,0,0,0,0,1,0,0,0
LYJMQ2C32_3876-11653-4388-12165,0,0,0,0,1,0,0,0,0
LYJMQ2C32_6186-1075-6698-1587,0,0,0,0,1,0,0,0,0
LYJMQ2C32_4045-1070-4557-1582,0,0,0,0,1,0,0,0,0
LYJMQ2C32_5674-1075-6186-1587,0,0,0,0,1,0,0,0,0
LYJMQ2C32_6604-5643-7116-6155,0,0,0,0,0,1,0,0,0
LYJMQ2C32_7411-5354-7923-5866,0,0,0,0,0,1,0,0,0
LYJMQ2C32_6423-7290-6935-7802,0,0,1,0,0,0,0,0,0
LYJMQ2C32_6689-11622-7201-12134,0,0,1,0,0,0,0,0,0
LYJMQ2C32_7893-11252-8405-11764,0,0,1,0,0,0,0,0,0
LYJMQ2C32_7772-5421-8284-5933,0,0,0,0,0,1,0,0,0
LYJMQ2C32_7411-5866-7923-6378,0,0,0,0,0,1,0,0,0
LYJMQ2C32_7415-9381-7927-9893,0,0,0,0,0,1,0,0,0
LYJMQ2C32_7432-1302-7944-1814,0,0,0,0,0,1,0,0,0
LYJMQ2C32_7893-11764-8405-12276,0,0,1,0,0,0,0,0,0
LZB6TXHBU_10839-1103-11351-1615,0,1,0,0,0,0,0,0,0
LZB6TXHBU_11216-393-11728-905,0,1,0,0,0,0,0,0,0
LZB6TXHBU_10327-1103-10839-1615,0,1,0,0,0,0,0,0,0
LZB6TXHBU_10704-393-11216-905,0,1,0,0,0,0,0,0,0
LYJMQ2C32_906-11824-1418-12336,0,0,0,0,0,1,0,0,0
LZB6TXHBU_11141-3404-11653-3916,0,1,0,0,0,0,0,0,0
LZB6TXHBU_11536-1091-12048-1603,0,1,0,0,0,0,0,0,0
LZB6TXHBU_11499-2867-12011-3379,0,1,0,0,0,0,0,0,0
LZB6TXHBU_12048-1091-12560-1603,0,1,0,0,0,0,0,0,0
LZB6TXHBU_12070-3048-12582-3560,0,1,0,0,0,0,0,0,0
LZB6TXHBU_11536-579-12048-1091,0,1,0,0,0,0,0,0,0
LZB6TXHBU_12048-579-12560-1091,0,1,0,0,0,0,0,0,0
LZB6TXHBU_12260-1738-12772-2250,0,1,0,0,0,0,0,0,0
LZB6TXHBU_12582-3048-13094-3560,0,1,0,0,0,0,0,0,0
LZB6TXHBU_12553-1289-13065-1801,0,1,0,0,0,0,0,0,0
LZB6TXHBU_12732-2171-13244-2683,0,1,0,0,0,0,0,0,0
LZB6TXHBU_12732-2683-13244-3195,0,1,0,0,0,0,0,0,0
LZB6TXHBU_12299-3495-12811-4007,0,1,0,0,0,0,0,0,0
LZB6TXHBU_1455-2693-1967-3205,0,1,0,0,0,0,0,0,0
LZB6TXHBU_1461-1218-1973-1730,0,1,0,0,0,0,0,0,0
LZB6TXHBU_12772-1738-13284-2250,0,1,0,0,0,0,0,0,0
LZB6TXHBU_1967-2181-2479-2693,0,1,0,0,0,0,0,0,0
LZB6TXHBU_1967-2693-2479-3205,0,1,0,0,0,0,0,0,0
LZB6TXHBU_1455-2181-1967-2693,0,1,0,0,0,0,0,0,0
LZB6TXHBU_1461-1730-1973-2242,0,1,0,0,0,0,0,0,0
LZB6TXHBU_1973-1218-2485-1730,0,1,0,0,0,0,0,0,0
LZB6TXHBU_2485-1730-2997-2242,0,1,0,0,0,0,0,0,0
LZB6TXHBU_1973-1730-2485-2242,0,1,0,0,0,0,0,0,0
LZB6TXHBU_2485-1218-2997-1730,0,1,0,0,0,0,0,0,0
LZB6TXHBU_2603-2759-3115-3271,0,1,0,0,0,0,0,0,0
LZB6TXHBU_2640-515-3152-1027,0,1,0,0,0,0,0,0,0
LZB6TXHBU_2997-1218-3509-1730,0,1,0,0,0,0,0,0,0
LZB6TXHBU_2603-3271-3115-3783,0,1,0,0,0,0,0,0,0
LZB6TXHBU_3115-2759-3627-3271,0,1,0,0,0,0,0,0,0
LZB6TXHBU_3115-3271-3627-3783,0,1,0,0,0,0,0,0,0
LZB6TXHBU_2997-1730-3509-2242,0,1,0,0,0,0,0,0,0
LZB6TXHBU_3857-3452-4369-3964,0,1,0,0,0,0,0,0,0
LZB6TXHBU_3857-2940-4369-3452,0,1,0,0,0,0,0,0,0
LZB6TXHBU_3470-2084-3982-2596,0,1,0,0,0,0,0,0,0
LZB6TXHBU_3345-2428-3857-2940,0,1,0,0,0,0,0,0,0
LZB6TXHBU_3857-2428-4369-2940,0,1,0,0,0,0,0,0,0
LZB6TXHBU_3761-1225-4273-1737,0,1,0,0,0,0,0,0,0
LZB6TXHBU_3345-2940-3857-3452,0,1,0,0,0,0,0,0,0
LZB6TXHBU_3345-3452-3857-3964,0,1,0,0,0,0,0,0,0
LZB6TXHBU_4273-1225-4785-1737,0,1,0,0,0,0,0,0,0
LZB6TXHBU_4303-751-4815-1263,0,1,0,0,0,0,0,0,0
LZB6TXHBU_4445-2390-4957-2902,0,1,0,0,0,0,0,0,0
LZB6TXHBU_4445-1878-4957-2390,0,1,0,0,0,0,0,0,0
LZB6TXHBU_4663-3053-5175-3565,0,1,0,0,0,0,0,0,0
LZB6TXHBU_4957-2902-5469-3414,0,1,0,0,0,0,0,0,0
LZB6TXHBU_5469-2902-5981-3414,0,1,0,0,0,0,0,0,0
LZB6TXHBU_4957-2390-5469-2902,0,1,0,0,0,0,0,0,0
LZB6TXHBU_5469-2390-5981-2902,0,1,0,0,0,0,0,0,0
LZB6TXHBU_4663-3565-5175-4077,0,1,0,0,0,0,0,0,0
LZB6TXHBU_6564-2512-7076-3024,0,1,0,0,0,0,0,0,0
LZB6TXHBU_697-2360-1209-2872,0,1,0,0,0,0,0,0,0
LZB6TXHBU_7076-2512-7588-3024,0,1,0,0,0,0,0,0,0
LZB6TXHBU_8136-1546-8648-2058,0,1,0,0,0,0,0,0,0
LZB6TXHBU_7007-2030-7519-2542,0,1,0,0,0,0,0,0,0
LZB6TXHBU_6110-613-6622-1125,0,1,0,0,0,0,0,0,0
LZB6TXHBU_8136-1034-8648-1546,0,1,0,0,0,0,0,0,0
LZB6TXHBU_6241-814-6753-1326,0,1,0,0,0,0,0,0,0
LZB6TXHBU_8136-522-8648-1034,0,1,0,0,0,0,0,0,0
LZB6TXHBU_921-3392-1433-3904,0,1,0,0,0,0,0,0,0
M1UNTQ6JV_10339-12411-10851-12923,0,0,0,0,0,0,1,0,0
M1UNTQ6JV_10457-15573-10969-16085,0,0,0,0,0,0,1,0,0
M1UNTQ6JV_1198-17083-1710-17595,0,0,0,0,0,1,0,0,0
M1UNTQ6JV_1606-16974-2118-17486,0,0,0,0,0,1,0,0,0
M1UNTQ6JV_1487-8640-1999-9152,0,0,0,0,0,0,1,0,0
M1UNTQ6JV_1185-13271-1697-13783,0,0,0,0,0,1,0,0,0
M1UNTQ6JV_16169-2345-16681-2857,0,0,0,0,1,1,0,0,0
M1UNTQ6JV_10457-16085-10969-16597,0,0,0,0,0,0,1,0,0
M1UNTQ6JV_16266-2111-16778-2623,0,0,0,0,1,1,0,0,0
M1UNTQ6JV_18813-3433-19325-3945,0,0,0,0,1,0,0,0,0
M1UNTQ6JV_18669-2280-19181-2792,0,0,0,0,1,1,0,0,0
M1UNTQ6JV_18715-2688-19227-3200,0,0,0,0,1,1,0,0,0
M1UNTQ6JV_16266-1599-16778-2111,0,0,0,0,1,1,0,0,0
M1UNTQ6JV_16266-1087-16778-1599,0,0,0,0,1,1,0,0,0
M1UNTQ6JV_18469-2471-18981-2983,0,0,0,0,1,1,0,0,0
M1UNTQ6JV_18816-4170-19328-4682,0,0,0,0,1,0,0,0,0
M1UNTQ6JV_24697-4978-25209-5490,0,0,0,0,0,1,0,0,0
M1UNTQ6JV_1999-8640-2511-9152,0,0,0,0,0,0,1,0,0
M1UNTQ6JV_18915-2492-19427-3004,0,0,0,0,1,1,0,0,0
M1UNTQ6JV_24810-3776-25322-4288,0,0,0,0,1,0,0,0,0
M1UNTQ6JV_26006-6280-26518-6792,0,0,0,0,0,1,0,0,0
M1UNTQ6JV_24929-4500-25441-5012,0,0,0,0,1,0,0,0,0
M1UNTQ6JV_26518-6280-27030-6792,0,0,0,0,0,1,0,0,0
M1UNTQ6JV_2511-8640-3023-9152,0,0,0,0,0,0,1,0,0
M1UNTQ6JV_26636-1497-27148-2009,0,0,0,0,1,0,0,0,0
M1UNTQ6JV_24941-5071-25453-5583,0,0,0,0,0,1,0,0,0
M1UNTQ6JV_27208-11263-27720-11775,0,0,0,0,1,0,0,0,0
M1UNTQ6JV_3023-8640-3535-9152,0,0,0,0,0,0,1,0,0
M1UNTQ6JV_27204-10127-27716-10639,0,0,0,0,1,0,0,0,0
M1UNTQ6JV_27271-10610-27783-11122,0,0,0,0,1,0,0,0,0
M1UNTQ6JV_26788-2252-27300-2764,0,0,0,0,1,0,0,0,0
M1UNTQ6JV_26813-2999-27325-3511,0,0,0,0,1,0,0,0,0
M1UNTQ6JV_3535-8640-4047-9152,0,0,0,0,0,0,1,0,0
M1UNTQ6JV_4047-8640-4559-9152,0,0,0,0,0,0,1,0,0
M1UNTQ6JV_4559-8640-5071-9152,0,0,0,0,0,0,1,0,0
M1UNTQ6JV_5071-8640-5583-9152,0,0,0,0,0,0,1,0,0
M1UNTQ6JV_5583-8640-6095-9152,0,0,0,0,0,0,1,0,0
M1UNTQ6JV_6095-10176-6607-10688,0,0,0,0,1,0,0,0,0
M1UNTQ6JV_6095-9152-6607-9664,0,0,0,0,0,1,0,0,0
M1UNTQ6JV_6095-10688-6607-11200,0,0,0,0,1,0,0,0,0
M1UNTQ6JV_6486-10120-6998-10632,0,0,0,0,1,0,0,0,0
M1UNTQ6JV_6379-9102-6891-9614,0,0,0,0,0,1,0,0,0
M1UNTQ6JV_6095-8640-6607-9152,0,0,0,0,0,0,1,0,0
M1UNTQ6JV_6528-10869-7040-11381,0,0,0,0,1,0,0,0,0
M1UNTQ6JV_6578-11666-7090-12178,0,0,0,0,1,0,0,0,0
M1UNTQ6JV_6607-11200-7119-11712,0,0,0,0,1,0,0,0,0
M1UNTQ6JV_6607-8640-7119-9152,0,0,0,0,0,0,1,0,0
M1UNTQ6JV_6729-10006-7241-10518,0,0,0,0,1,0,0,0,0
M1UNTQ6JV_6729-9494-7241-10006,0,0,0,0,0,1,0,0,0
M1UNTQ6JV_6614-12477-7126-12989,0,0,0,0,1,0,0,0,0
M1UNTQ6JV_7119-8640-7631-9152,0,0,0,0,0,0,1,0,0
M1UNTQ6JV_7119-9152-7631-9664,0,0,0,0,0,0,1,0,0
M1UNTQ6JV_7241-10006-7753-10518,0,0,0,0,0,1,0,0,0
M1UNTQ6JV_7241-9494-7753-10006,0,0,0,0,0,1,1,0,0
M1UNTQ6JV_7631-9152-8143-9664,0,0,0,0,0,0,1,0,0
M1UNTQ6JV_7753-10006-8265-10518,0,0,0,0,0,1,0,0,0
M1UNTQ6JV_7753-9494-8265-10006,0,0,0,0,0,0,1,0,0
M1UNTQ6JV_8143-10176-8655-10688,0,0,0,0,0,0,1,0,0
M1UNTQ6JV_8655-10176-9167-10688,0,0,0,0,0,0,1,0,0
M1UNTQ6JV_8143-9664-8655-10176,0,0,0,0,0,0,1,0,0
M1UNTQ6JV_8655-10688-9167-11200,0,0,0,0,0,0,1,0,0
M1UNTQ6JV_8655-9664-9167-10176,0,0,0,0,0,0,1,0,0
M1UNTQ6JV_8921-16597-9433-17109,0,0,0,0,0,0,1,0,0
M1UNTQ6JV_9167-10688-9679-11200,0,0,0,0,0,0,1,0,0
M1UNTQ6JV_9167-11200-9679-11712,0,0,0,0,0,0,1,0,0
M1UNTQ6JV_9433-16597-9945-17109,0,0,0,0,0,0,1,0,0
M1UNTQ6JV_8921-17109-9433-17621,0,0,0,0,0,0,1,0,0
M1UNTQ6JV_9679-11200-10191-11712,0,0,0,0,0,0,1,0,0
M1UNTQ6JV_9679-11712-10191-12224,0,0,0,0,0,0,1,0,0
M1UNTQ6JV_9827-11899-10339-12411,0,0,0,0,0,0,1,0,0
M1UNTQ6JV_9945-16085-10457-16597,0,0,0,0,0,0,1,0,0
M1UNTQ6JV_9827-12411-10339-12923,0,0,0,0,0,0,1,0,0
M2DTHGIVK_1201-2850-1713-3362,0,0,0,0,0,0,1,0,0
M2DTHGIVK_1151-1094-1663-1606,0,0,0,0,0,0,1,0,0
M2DTHGIVK_1201-2338-1713-2850,0,0,0,0,0,0,1,0,0
M1UNTQ6JV_9945-16597-10457-17109,0,0,0,0,0,0,1,0,0
M2DTHGIVK_1201-3362-1713-3874,0,0,0,0,0,0,1,0,0
M2DTHGIVK_1303-2103-1815-2615,0,0,0,0,0,0,1,0,0
M2DTHGIVK_1217-4097-1729-4609,0,0,0,0,0,0,1,0,0
M2DTHGIVK_2225-2338-2737-2850,0,0,0,0,0,0,1,0,0
M2DTHGIVK_1303-2615-1815-3127,0,0,0,0,0,0,1,0,0
M2DTHGIVK_1713-2850-2225-3362,0,0,0,0,0,0,1,0,0
M2DTHGIVK_1606-4300-2118-4812,0,0,0,0,0,0,1,0,0
M2DTHGIVK_1713-2338-2225-2850,0,0,0,0,0,0,1,0,0
M2DTHGIVK_2118-4300-2630-4812,0,0,0,0,0,0,1,0,0
M2DTHGIVK_2630-4300-3142-4812,0,0,0,0,0,0,1,0,0
M2DTHGIVK_2653-1779-3165-2291,0,0,0,0,0,0,1,0,0
M2DTHGIVK_2653-2291-3165-2803,0,0,0,0,0,0,1,0,0
M2DTHGIVK_3165-1267-3677-1779,0,0,0,0,0,0,1,0,0
M2DTHGIVK_2744-4038-3256-4550,0,0,0,0,0,0,1,0,0
M2DTHGIVK_3165-755-3677-1267,0,0,0,0,0,0,1,0,0
M2DTHGIVK_3813-3244-4325-3756,0,0,0,0,0,0,1,0,0
M2DTHGIVK_3165-1779-3677-2291,0,0,0,0,0,0,1,0,0
M2DTHGIVK_3256-4038-3768-4550,0,0,0,0,0,0,1,0,0
M2DTHGIVK_3871-3863-4383-4375,0,0,0,0,0,0,1,0,0
M2DTHGIVK_4102-2312-4614-2824,0,0,0,0,0,0,1,0,0
M2DTHGIVK_5464-1168-5976-1680,0,0,0,0,0,0,1,0,0
M2DTHGIVK_4102-2824-4614-3336,0,0,0,0,0,0,1,0,0
M2DTHGIVK_4186-4030-4698-4542,0,0,0,0,0,0,1,0,0
M2DTHGIVK_4614-2312-5126-2824,0,0,0,0,0,0,1,0,0
M2DTHGIVK_4882-1948-5394-2460,0,0,0,0,0,0,1,0,0
M2DTHGIVK_5394-1948-5906-2460,0,0,0,0,0,0,1,0,0
M2DTHGIVK_5394-1436-5906-1948,0,0,0,0,0,0,1,0,0
M2DTHGIVK_5628-752-6140-1264,0,0,0,0,0,0,1,0,0
M2DTHGIVK_705-4097-1217-4609,0,0,0,0,0,0,1,0,0
M2DTHGIVK_713-3824-1225-4336,0,0,0,0,0,0,1,0,0
M2DTHGIVK_7973-4008-8485-4520,0,0,0,0,0,0,1,0,0
M2DTHGIVK_7973-3496-8485-4008,0,0,0,0,0,0,1,0,0
M2MRDFU36_10370-5690-10882-6202,0,1,0,0,0,0,0,0,0
M2MRDFU36_10247-7655-10759-8167,0,1,0,0,0,0,0,0,0
M2MRDFU36_10370-6202-10882-6714,0,1,0,0,0,0,0,0,0
M2MRDFU36_10247-7143-10759-7655,0,1,0,0,0,0,0,0,0
M2DTHGIVK_7973-4520-8485-5032,0,0,0,0,0,0,1,0,0
M2MRDFU36_10882-6714-11394-7226,0,1,0,0,0,0,0,0,0
M2MRDFU36_10882-6202-11394-6714,0,1,0,0,0,0,0,0,0
M2MRDFU36_2100-8214-2612-8726,0,1,0,0,0,0,0,0,0
M2MRDFU36_10370-6714-10882-7226,0,1,0,0,0,0,0,0,0
M2MRDFU36_1443-8711-1955-9223,0,1,0,0,0,0,0,0,0
M2MRDFU36_2100-8726-2612-9238,0,1,0,0,0,0,0,0,0
M2MRDFU36_3043-6020-3555-6532,0,1,0,0,0,0,0,0,0
M2MRDFU36_2973-11683-3485-12195,0,1,0,0,0,0,0,0,0
M2MRDFU36_3136-5293-3648-5805,0,1,0,0,0,0,0,0,0
M2MRDFU36_3555-6020-4067-6532,0,1,0,0,0,0,0,0,0
M2MRDFU36_3136-4781-3648-5293,0,1,0,0,0,0,0,0,0
M2MRDFU36_4438-3338-4950-3850,0,1,0,0,0,0,0,0,0
M2MRDFU36_4056-1557-4568-2069,0,1,0,0,0,0,0,0,0
M2MRDFU36_4441-6089-4953-6601,0,1,0,0,0,0,0,0,0
M2MRDFU36_4568-1557-5080-2069,0,1,0,0,0,0,0,0,0
M2MRDFU36_4953-5577-5465-6089,0,1,0,0,0,0,0,0,0
M2MRDFU36_4441-5577-4953-6089,0,1,0,0,0,0,0,0,0
M2MRDFU36_4908-4298-5420-4810,0,1,0,0,0,0,0,0,0
M2MRDFU36_5080-1557-5592-2069,0,1,0,0,0,0,0,0,0
M2MRDFU36_4953-6601-5465-7113,0,1,0,0,0,0,0,0,0
M2MRDFU36_5592-1557-6104-2069,0,1,0,0,0,0,0,0,0
M2MRDFU36_4953-6089-5465-6601,0,1,0,0,0,0,0,0,0
M2MRDFU36_5517-3594-6029-4106,0,1,0,0,0,0,0,0,0
M2MRDFU36_5517-3082-6029-3594,0,1,0,0,0,0,0,0,0
M2MRDFU36_6104-1557-6616-2069,0,1,0,0,0,0,0,0,0
M2MRDFU36_6399-6041-6911-6553,0,1,0,0,0,0,0,0,0
M2MRDFU36_6815-5444-7327-5956,0,1,0,0,0,0,0,0,0
M2MRDFU36_6616-1557-7128-2069,0,1,0,0,0,0,0,0,0
M2MRDFU36_6815-4932-7327-5444,0,1,0,0,0,0,0,0,0
M2MRDFU36_7128-1557-7640-2069,0,1,0,0,0,0,0,0,0
M2MRDFU36_6911-6041-7423-6553,0,1,0,0,0,0,0,0,0
M2MRDFU36_7640-1557-8152-2069,0,1,0,0,0,0,0,0,0
M2MRDFU36_7186-2776-7698-3288,0,1,0,0,0,0,0,0,0
M2MRDFU36_7327-4932-7839-5444,0,1,0,0,0,0,0,0,0
M2MRDFU36_7327-5444-7839-5956,0,1,0,0,0,0,0,0,0
M2MRDFU36_8199-8679-8711-9191,0,1,0,0,0,0,0,0,0
M2MRDFU36_8199-11239-8711-11751,0,1,0,0,0,0,0,0,0
M2MRDFU36_8174-4500-8686-5012,0,1,0,0,0,0,0,0,0
M2MRDFU36_8199-10215-8711-10727,0,1,0,0,0,0,0,0,0
M2MRDFU36_8174-3988-8686-4500,0,1,0,0,0,0,0,0,0
M2MRDFU36_8199-6631-8711-7143,0,1,0,0,0,0,0,0,0
M2MRDFU36_8199-10727-8711-11239,0,1,0,0,0,0,0,0,0
M2MRDFU36_8199-9191-8711-9703,0,1,0,0,0,0,0,0,0
M2MRDFU36_8199-9703-8711-10215,0,1,0,0,0,0,0,0,0
M2MRDFU36_8322-6202-8834-6714,0,1,0,0,0,0,0,0,0
M2MRDFU36_8686-3988-9198-4500,0,1,0,0,0,0,0,0,0
M2MRDFU36_8686-4500-9198-5012,0,1,0,0,0,0,0,0,0
M2MRDFU36_8711-11239-9223-11751,0,1,0,0,0,0,0,0,0
M2MRDFU36_8711-6631-9223-7143,0,1,0,0,0,0,0,0,0
M2MRDFU36_8711-8679-9223-9191,0,1,0,0,0,0,0,0,0
M2MRDFU36_8834-5690-9346-6202,0,1,0,0,0,0,0,0,0
M2MRDFU36_8711-11751-9223-12263,0,1,0,0,0,0,0,0,0
M2MRDFU36_8711-9191-9223-9703,0,1,0,0,0,0,0,0,0
M2MRDFU36_9223-8679-9735-9191,0,1,0,0,0,0,0,0,0
M2MRDFU36_9198-4500-9710-5012,0,1,0,0,0,0,0,0,0
M2MRDFU36_9223-8167-9735-8679,0,1,0,0,0,0,0,0,0
M2MRDFU36_9223-6631-9735-7143,0,1,0,0,0,0,0,0,0
M2MRDFU36_9858-5690-10370-6202,0,1,0,0,0,0,0,0,0
M2MRDFU36_9346-5178-9858-5690,0,1,0,0,0,0,0,0,0
M2MRDFU36_9735-7655-10247-8167,0,1,0,0,0,0,0,0,0
M2MRDFU36_9735-8167-10247-8679,0,1,0,0,0,0,0,0,0
M2MRDFU36_9858-6202-10370-6714,0,1,0,0,0,0,0,0,0
M2MRDFU36_9858-6714-10370-7226,0,1,0,0,0,0,0,0,0
M33E8TEVQ_1200-5151-1712-5663,0,0,0,0,0,1,0,0,0
M33E8TEVQ_1511-3170-2023-3682,0,0,0,0,0,1,0,0,0
M33E8TEVQ_1722-3030-2234-3542,0,0,0,0,0,1,0,0,0
M33E8TEVQ_1837-5084-2349-5596,0,0,0,0,0,1,0,0,0
M33E8TEVQ_1511-3682-2023-4194,0,0,0,0,0,1,0,0,0
M33E8TEVQ_1752-526-2264-1038,0,0,0,0,0,1,0,0,0
M33E8TEVQ_1831-1763-2343-2275,0,0,0,0,0,1,0,0,0
M33E8TEVQ_1837-4572-2349-5084,0,0,0,0,0,1,0,0,0
M33E8TEVQ_2211-4586-2723-5098,0,0,0,0,0,1,0,0,0
M33E8TEVQ_1984-3884-2496-4396,0,0,0,0,0,1,0,0,0
M33E8TEVQ_2383-623-2895-1135,0,0,0,0,0,1,0,0,0
M33E8TEVQ_2211-4074-2723-4586,0,0,0,0,0,1,0,0,0
M33E8TEVQ_1950-3137-2462-3649,0,0,0,0,0,1,0,0,0
M33E8TEVQ_2564-1965-3076-2477,0,0,0,0,0,1,0,0,0
M33E8TEVQ_2816-4105-3328-4617,0,0,0,0,0,1,0,0,0
M33E8TEVQ_2816-4617-3328-5129,0,0,0,0,0,1,0,0,0
M33E8TEVQ_3123-4038-3635-4550,0,0,0,0,0,1,0,0,0
M33E8TEVQ_3284-4560-3796-5072,0,0,0,0,0,1,0,0,0
M33E8TEVQ_356-4036-868-4548,0,0,0,0,0,1,0,0,0
M33E8TEVQ_356-3524-868-4036,0,0,0,0,0,1,0,0,0
M33E8TEVQ_356-4548-868-5060,0,0,0,0,0,1,0,0,0
M33E8TEVQ_3866-3951-4378-4463,0,0,0,0,0,1,0,0,0
M33E8TEVQ_4553-5064-5065-5576,0,0,0,0,0,1,0,0,0
M33E8TEVQ_3926-5016-4438-5528,0,0,0,0,0,1,0,0,0
M33E8TEVQ_4388-4390-4900-4902,0,0,0,0,0,1,0,0,0
M33E8TEVQ_4610-3839-5122-4351,0,0,0,0,0,1,0,0,0
M33E8TEVQ_4802-1674-5314-2186,0,0,0,0,0,1,0,0,0
M33E8TEVQ_868-4036-1380-4548,0,0,0,0,0,1,0,0,0
M33E8TEVQ_868-3524-1380-4036,0,0,0,0,0,1,0,0,0
M33E8TEVQ_868-3012-1380-3524,0,0,0,0,0,1,0,0,0
M39MCU42D_10087-2363-10599-2875,0,1,0,0,0,0,0,0,0
M39MCU42D_12310-6951-12822-7463,0,1,0,0,0,0,0,0,0
M39MCU42D_1412-3847-1924-4359,0,1,0,0,0,0,0,0,0
M33E8TEVQ_868-4548-1380-5060,0,0,0,0,0,1,0,0,0
M39MCU42D_2016-3801-2528-4313,0,1,0,0,0,0,0,0,0
M39MCU42D_2236-3097-2748-3609,0,1,0,0,0,0,0,0,0
M39MCU42D_2509-3689-3021-4201,0,1,0,0,0,0,0,0,0
M39MCU42D_2239-5550-2751-6062,0,1,0,0,0,0,0,0,0
M39MCU42D_5433-760-5945-1272,0,1,0,0,0,0,0,0,0
M39MCU42D_3955-6810-4467-7322,0,1,0,0,0,0,0,0,0
M39MCU42D_5692-4488-6204-5000,0,1,0,0,0,0,0,0,0
M39MCU42D_5452-1895-5964-2407,0,1,0,0,0,0,0,0,0
M39MCU42D_2509-4201-3021-4713,0,1,0,0,0,0,0,0,0
M39MCU42D_3955-7322-4467-7834,0,1,0,0,0,0,0,0,0
M39MCU42D_5692-3976-6204-4488,0,1,0,0,0,0,0,0,0
M39MCU42D_5945-1272-6457-1784,0,1,0,0,0,0,0,0,0
M39MCU42D_6204-3976-6716-4488,0,1,0,0,0,0,0,0,0
M39MCU42D_5945-760-6457-1272,0,1,0,0,0,0,0,0,0
M39MCU42D_6457-1272-6969-1784,0,1,0,0,0,0,0,0,0
M39MCU42D_6457-760-6969-1272,0,1,0,0,0,0,0,0,0
M39MCU42D_6204-5000-6716-5512,0,1,0,0,0,0,0,0,0
M39MCU42D_6204-4488-6716-5000,0,1,0,0,0,0,0,0,0
M39MCU42D_6702-3260-7214-3772,0,1,0,0,0,0,0,0,0
M39MCU42D_6716-4488-7228-5000,0,1,0,0,0,0,0,0,0
M39MCU42D_6716-3976-7228-4488,0,1,0,0,0,0,0,0,0
M39MCU42D_660-4437-1172-4949,0,1,0,0,0,0,0,0,0
M39MCU42D_7789-4288-8301-4800,0,1,0,0,0,0,0,0,0
M39MCU42D_6716-5000-7228-5512,0,1,0,0,0,0,0,0,0
M39MCU42D_7789-4800-8301-5312,0,1,0,0,0,0,0,0,0
M39MCU42D_6969-1272-7481-1784,0,1,0,0,0,0,0,0,0
M39MCU42D_6969-760-7481-1272,0,1,0,0,0,0,0,0,0
M39MCU42D_7481-1272-7993-1784,0,1,0,0,0,0,0,0,0
M39MCU42D_7481-760-7993-1272,0,1,0,0,0,0,0,0,0
M39MCU42D_7993-760-8505-1272,0,1,0,0,0,0,0,0,0
M39MCU42D_7993-1272-8505-1784,0,1,0,0,0,0,0,0,0
M39MCU42D_8301-4288-8813-4800,0,1,0,0,0,0,0,0,0
M39MCU42D_7952-1879-8464-2391,0,1,0,0,0,0,0,0,0
M39MCU42D_8505-760-9017-1272,0,1,0,0,0,0,0,0,0
M39MCU42D_8301-4800-8813-5312,0,1,0,0,0,0,0,0,0
M39MCU42D_8505-1272-9017-1784,0,1,0,0,0,0,0,0,0
M39MCU42D_8632-1571-9144-2083,0,1,0,0,0,0,0,0,0
M39MCU42D_8632-1059-9144-1571,0,1,0,0,0,0,0,0,0
M39MCU42D_8813-4288-9325-4800,0,1,0,0,0,0,0,0,0
M39MCU42D_8795-2227-9307-2739,0,1,0,0,0,0,0,0,0
M39MCU42D_8813-4800-9325-5312,0,1,0,0,0,0,0,0,0
M39MCU42D_9837-3776-10349-4288,0,1,0,0,0,0,0,0,0
M39MCU42D_9325-3776-9837-4288,0,1,0,0,0,0,0,0,0
M39MCU42D_9144-1571-9656-2083,0,1,0,0,0,0,0,0,0
M39MCU42D_9325-4288-9837-4800,0,1,0,0,0,0,0,0,0
M39MCU42D_9144-1059-9656-1571,0,1,0,0,0,0,0,0,0
M3B2Z1F3G_1417-1181-1929-1693,0,1,0,0,0,0,0,0,0
M3B2Z1F3G_3849-687-4361-1199,0,1,0,0,0,0,0,0,0
M3B2Z1F3G_2996-801-3508-1313,0,1,0,0,0,0,0,0,0
M3B2Z1F3G_1996-950-2508-1462,0,1,0,0,0,0,0,0,0
M3B2Z1F3G_3509-714-4021-1226,0,1,0,0,0,0,0,0,0
M3B2Z1F3G_778-831-1290-1343,0,1,0,0,0,0,0,0,0
M73VX8GZB_1820-3235-2332-3747,0,1,0,0,0,0,0,0,0
M73VX8GZB_1820-2723-2332-3235,0,1,0,0,0,0,0,0,0
M7LLCAPU1_1184-299-1696-811,0,0,0,0,1,0,0,0,0
M7LLCAPU1_1560-288-2072-800,0,0,0,0,1,0,0,0,0
M7LLCAPU1_2283-272-2795-784,0,0,0,0,1,0,0,0,0
M7LLCAPU1_2022-4032-2534-4544,0,0,0,0,1,0,0,0,0
M7LLCAPU1_427-2791-939-3303,0,0,0,0,1,0,0,0,0
M7LLCAPU1_2760-4027-3272-4539,0,0,0,0,1,0,0,0,0
M7U9J8NP9_2827-8104-3339-8616,0,0,0,1,0,0,0,0,0
M7LLCAPU1_400-3680-912-4192,0,0,0,0,1,0,0,0,0
M7U9J8NP9_2515-8044-3027-8556,0,0,0,1,0,0,0,0,0
M7LLCAPU1_2571-291-3083-803,0,0,0,0,1,0,0,0,0
M7LLCAPU1_821-282-1333-794,0,0,0,0,1,0,0,0,0
M7U9J8NP9_3871-5706-4383-6218,0,0,0,1,0,0,0,0,0
M7U9J8NP9_3751-7781-4263-8293,0,0,0,1,0,0,0,0,0
M7U9J8NP9_3339-8104-3851-8616,0,0,0,1,0,0,0,0,0
M7U9J8NP9_4263-7781-4775-8293,0,0,0,1,0,0,0,0,0
M7U9J8NP9_4746-4287-5258-4799,0,0,0,1,0,0,0,0,0
M7U9J8NP9_4383-5194-4895-5706,0,0,0,1,0,0,0,0,0
M7U9J8NP9_4746-4799-5258-5311,0,0,0,1,0,0,0,0,0
M7U9J8NP9_5258-4287-5770-4799,0,0,0,1,0,0,0,0,0
M7U9J8NP9_5770-3775-6282-4287,0,0,0,1,0,0,0,0,0
M7U9J8NP9_5258-4799-5770-5311,0,0,0,1,0,0,0,0,0
M7U9J8NP9_5770-4287-6282-4799,0,0,0,1,0,0,0,0,0
M8PJ2RQGG_1863-2149-2375-2661,0,0,0,1,0,0,0,0,0
M8PJ2RQGG_2181-2998-2693-3510,0,0,0,1,0,0,0,0,0
M8PJ2RQGG_2181-3510-2693-4022,0,0,0,1,0,0,0,0,0
M8PJ2RQGG_2693-3510-3205-4022,0,0,0,1,0,0,0,0,0
M8PJ2RQGG_2693-2998-3205-3510,0,0,0,1,0,0,0,0,0
M8PJ2RQGG_3945-4744-4457-5256,0,0,0,1,0,0,0,0,0
M8PJ2RQGG_1863-2661-2375-3173,0,0,0,1,0,0,0,0,0
M9EZLKIZ9_1083-1486-1595-1998,0,0,0,0,0,1,0,0,0
M9EZLKIZ9_1168-3232-1680-3744,0,0,0,0,0,1,0,0,0
M9EZLKIZ9_1168-2720-1680-3232,0,0,0,0,0,1,0,0,0
M9EZLKIZ9_1168-3744-1680-4256,0,0,0,0,0,1,0,0,0
M9EZLKIZ9_1511-703-2023-1215,0,0,0,0,0,1,0,0,0
M9EZLKIZ9_1618-9262-2130-9774,0,0,0,0,1,1,0,0,0
M9EZLKIZ9_1783-867-2295-1379,0,0,0,0,1,1,0,0,0
M9EZLKIZ9_2130-9262-2642-9774,0,0,0,0,1,0,0,0,0
M9EZLKIZ9_1965-2985-2477-3497,0,0,1,0,0,0,0,0,0
M9EZLKIZ9_2512-3193-3024-3705,0,0,1,0,0,0,0,0,0
M9EZLKIZ9_3408-920-3920-1432,0,0,0,0,1,1,0,0,0
M9EZLKIZ9_2295-867-2807-1379,0,0,0,0,1,1,0,0,0
M9EZLKIZ9_3357-9288-3869-9800,0,0,0,0,1,1,0,0,0
M9EZLKIZ9_2845-9288-3357-9800,0,0,0,0,1,1,0,0,0
M9EZLKIZ9_3869-9288-4381-9800,0,0,0,0,1,1,0,0,0
M9EZLKIZ9_3920-920-4432-1432,0,0,0,0,1,1,0,0,0
M9EZLKIZ9_2807-867-3319-1379,0,0,0,0,1,0,0,0,0
M9EZLKIZ9_4345-861-4857-1373,0,0,0,0,1,1,0,0,0
M9EZLKIZ9_4381-9288-4893-9800,0,0,0,0,1,1,0,0,0
M9EZLKIZ9_4965-9298-5477-9810,0,0,0,0,1,1,0,0,0
M9EZLKIZ9_4857-861-5369-1373,0,0,0,0,1,1,0,0,0
M9EZLKIZ9_5876-9352-6388-9864,0,0,0,0,1,0,0,0,0
M9EZLKIZ9_5369-861-5881-1373,0,0,0,0,0,1,0,0,0
M9EZLKIZ9_5952-1157-6464-1669,0,0,0,0,0,1,0,0,0
M9EZLKIZ9_5477-9298-5989-9810,0,0,0,0,1,1,0,0,0
M9EZLKIZ9_813-1293-1325-1805,0,0,0,0,0,1,0,0,0
M9EZLKIZ9_5958-8118-6470-8630,0,0,0,0,0,1,0,0,0
M9EZLKIZ9_5952-2181-6464-2693,0,0,0,0,0,1,0,0,0
M9EZLKIZ9_5952-2693-6464-3205,0,0,0,0,0,1,0,0,0
M9EZLKIZ9_5958-8630-6470-9142,0,0,0,0,0,1,0,0,0
M9EZLKIZ9_5952-1669-6464-2181,0,0,0,0,0,1,0,0,0
M9EZLKIZ9_999-703-1511-1215,0,0,0,0,0,1,0,0,0
MBU36ATXA_5018-2511-5530-3023,0,0,0,0,0,0,1,0,0
M9EZLKIZ9_6202-9485-6714-9997,0,0,0,0,1,1,0,0,0
MBU36ATXA_5530-2511-6042-3023,0,0,0,0,0,0,1,0,0
MBU36ATXA_5530-1999-6042-2511,0,0,0,0,0,0,1,0,0
MBU36ATXA_6451-1236-6963-1748,0,0,0,0,0,0,1,0,0
MBU36ATXA_6451-1748-6963-2260,0,0,0,0,0,0,1,0,0
MBU36ATXA_6042-1999-6554-2511,0,0,0,0,0,0,1,0,0
MBU36ATXA_6451-2772-6963-3284,0,0,0,0,0,0,1,0,0
MBU36ATXA_6451-2260-6963-2772,0,0,0,0,0,0,1,0,0
MBU36ATXA_6451-724-6963-1236,0,0,0,0,0,0,1,0,0
MCURJ63YU_239-2648-751-3160,0,0,0,0,0,1,0,0,0
MDC1CQWHR_2954-766-3466-1278,1,0,0,0,0,0,0,0,0
MDC1CQWHR_2442-766-2954-1278,1,0,0,0,0,0,0,0,0
MCURJ63YU_325-780-837-1292,0,0,0,0,0,1,0,0,0
ME9GTNEW6_2028-2631-2540-3143,0,0,0,1,0,0,0,0,0
MCURJ63YU_2713-1681-3225-2193,0,0,0,0,0,1,0,0,0
MCURJ63YU_3524-2735-4036-3247,0,0,0,0,0,1,0,0,0
MFG8PL9LL_10060-7127-10572-7639,0,1,0,0,0,0,0,0,0
ME9GTNEW6_2323-2962-2835-3474,0,0,0,1,0,0,0,0,0
MFG8PL9LL_10933-5645-11445-6157,0,1,0,0,0,0,0,0,0
MFG8PL9LL_10421-5645-10933-6157,0,1,0,0,0,0,0,0,0
MFG8PL9LL_10421-6157-10933-6669,0,1,0,0,0,0,0,0,0
MFG8PL9LL_10933-6157-11445-6669,0,1,0,0,0,0,0,0,0
MFG8PL9LL_7344-6289-7856-6801,0,1,0,0,0,0,0,0,0
MFG8PL9LL_7344-6801-7856-7313,0,1,0,0,0,0,0,0,0
MFG8PL9LL_760-1298-1272-1810,0,1,0,0,0,0,0,0,0
MFG8PL9LL_760-786-1272-1298,0,1,0,0,0,0,0,0,0
MFG8PL9LL_7856-6289-8368-6801,0,1,0,0,0,0,0,0,0
MFG8PL9LL_7856-6801-8368-7313,0,1,0,0,0,0,0,0,0
MFG8PL9LL_7856-7313-8368-7825,0,1,0,0,0,0,0,0,0
MFG8PL9LL_8368-7313-8880-7825,0,1,0,0,0,0,0,0,0
MFG8PL9LL_8368-6801-8880-7313,0,1,0,0,0,0,0,0,0
MFG8PL9LL_9036-6615-9548-7127,0,1,0,0,0,0,0,0,0
MFG8PL9LL_845-3723-1357-4235,0,1,0,0,0,0,0,0,0
MFG8PL9LL_9548-6615-10060-7127,0,1,0,0,0,0,0,0,0
MFG8PL9LL_845-3211-1357-3723,0,1,0,0,0,0,0,0,0
MFG8PL9LL_9548-7127-10060-7639,0,1,0,0,0,0,0,0,0
MFG8PL9LL_9909-5645-10421-6157,0,1,0,0,0,0,0,0,0
MFMZVHW9Q_995-3054-1507-3566,0,0,0,0,0,0,0,0,1
MG2JQVDYA_3597-8135-4109-8647,1,0,0,0,0,0,0,0,0
MG2JQVDYA_5133-8135-5645-8647,1,0,0,0,0,0,0,0,0
MG2JQVDYA_4109-8135-4621-8647,1,0,0,0,0,0,0,0,0
MG2JQVDYA_4621-8135-5133-8647,1,0,0,0,0,0,0,0,0
MG2JQVDYA_6157-8135-6669-8647,1,0,0,0,0,0,0,0,0
MG2JQVDYA_6669-8135-7181-8647,1,0,0,0,0,0,0,0,0
MG2JQVDYA_5645-8135-6157-8647,1,0,0,0,0,0,0,0,0
MGWGH391J_3896-3167-4408-3679,0,0,0,0,0,0,0,0,1
MIB4PPQ9X_2175-5209-2687-5721,0,0,1,0,0,0,0,0,0
MIB4PPQ9X_1726-5222-2238-5734,0,0,1,0,0,0,0,0,0
MIB4PPQ9X_1269-5200-1781-5712,0,0,1,0,0,0,0,0,0
MIB4PPQ9X_2398-2311-2910-2823,0,0,1,0,0,0,0,0,0
MIB4PPQ9X_3197-2293-3709-2805,0,0,1,0,0,0,0,0,0
MIB4PPQ9X_819-5194-1331-5706,0,0,1,0,0,0,0,0,0
MIB4PPQ9X_3143-3852-3655-4364,0,0,1,0,0,0,0,0,0
MIB4PPQ9X_2570-2103-3082-2615,0,0,1,0,0,0,0,0,0
MIB4PPQ9X_526-5184-1038-5696,0,0,1,0,0,0,0,0,0
MJI1DDL71_10155-7662-10667-8174,0,0,0,0,1,0,0,0,0
MJI1DDL71_15409-2723-15921-3235,0,0,0,0,1,1,0,0,0
MJI1DDL71_15425-1279-15937-1791,0,0,0,0,1,0,0,0,0
MJI1DDL71_15424-860-15936-1372,0,0,0,0,1,0,0,0,0
MJI1DDL71_15409-3235-15921-3747,0,0,0,0,1,1,0,0,0
MJI1DDL71_15462-2362-15974-2874,0,0,0,0,1,1,0,0,0
MJI1DDL71_15524-3573-16036-4085,0,0,0,0,1,1,0,0,0
MJI1DDL71_15468-8048-15980-8560,0,0,0,0,1,1,0,0,0
MJI1DDL71_15524-4597-16036-5109,0,0,0,0,1,1,0,0,0
MJI1DDL71_15524-5109-16036-5621,0,0,0,0,1,1,0,0,0
MJI1DDL71_15524-4085-16036-4597,0,0,0,0,1,1,0,0,0
MJI1DDL71_15524-5621-16036-6133,0,0,0,0,1,1,0,0,0
MJI1DDL71_15524-6133-16036-6645,0,0,0,0,1,1,0,0,0
MJI1DDL71_4912-772-5424-1284,0,0,0,0,1,0,0,0,0
MJI1DDL71_15524-7157-16036-7669,0,0,0,0,1,1,0,0,0
MJI1DDL71_15524-6645-16036-7157,0,0,0,0,1,1,0,0,0
MJI1DDL71_15524-7669-16036-8181,0,0,0,0,1,1,0,0,0
MJI1DDL71_703-7956-1215-8468,0,0,0,0,1,1,0,0,0
MJI1DDL71_548-8141-1060-8653,0,0,0,0,0,1,0,0,0
MJI1DDL71_818-6554-1330-7066,0,0,0,0,1,1,0,0,0
MJI1DDL71_826-5112-1338-5624,0,0,0,0,1,1,0,0,0
MJI1DDL71_818-7066-1330-7578,0,0,0,0,1,1,0,0,0
MJI1DDL71_818-7578-1330-8090,0,0,0,0,1,1,0,0,0
MJI1DDL71_826-5624-1338-6136,0,0,0,0,1,1,0,0,0
MJI1DDL71_839-4253-1351-4765,0,0,0,0,1,1,0,0,0
MJI1DDL71_826-6136-1338-6648,0,0,0,0,1,1,0,0,0
MJVEPTAAY_1069-2816-1581-3328,0,0,0,0,0,1,0,0,0
MJVEPTAAY_1064-3731-1576-4243,0,0,0,0,0,1,0,0,0
MJVEPTAAY_1113-5830-1625-6342,0,0,0,0,0,1,0,0,0
MJVEPTAAY_1099-5333-1611-5845,0,0,0,0,0,1,0,0,0
MJVEPTAAY_1167-2357-1679-2869,0,0,0,0,0,1,0,0,0
MJI1DDL71_839-4765-1351-5277,0,0,0,0,1,1,0,0,0
MJVEPTAAY_1073-4177-1585-4689,0,0,0,0,1,1,0,0,0
MJVEPTAAY_1152-7451-1664-7963,0,0,0,0,0,1,0,0,0
MJVEPTAAY_1158-7898-1670-8410,0,0,0,0,0,1,0,0,0
MJVEPTAAY_1260-889-1772-1401,0,0,0,0,1,1,0,0,0
MJVEPTAAY_1256-11773-1768-12285,0,0,0,0,1,1,0,0,1
MJVEPTAAY_1441-1699-1953-2211,0,0,0,0,0,1,0,0,0
MJVEPTAAY_1732-8605-2244-9117,0,0,0,0,1,0,0,0,0
MJVEPTAAY_1423-1214-1935-1726,0,0,0,0,1,1,0,0,1
MJVEPTAAY_1540-11592-2052-12104,0,0,0,0,1,1,0,0,1
MJVEPTAAY_1861-11802-2373-12314,0,0,0,0,1,1,0,0,0
MJVEPTAAY_1907-9160-2419-9672,0,0,0,0,0,1,0,0,0
MJVEPTAAY_1993-873-2505-1385,0,0,0,0,1,1,0,0,1
MJVEPTAAY_2052-11592-2564-12104,0,0,0,0,1,1,0,0,1
MJVEPTAAY_2158-9065-2670-9577,0,0,0,0,0,1,0,0,0
MJVEPTAAY_2367-11780-2879-12292,0,0,0,0,1,1,0,0,0
MJVEPTAAY_2375-739-2887-1251,0,0,0,0,1,1,0,0,1
MJVEPTAAY_2684-11685-3196-12197,0,0,0,0,1,1,0,0,1
MJVEPTAAY_2879-629-3391-1141,0,0,0,0,1,1,0,0,1
MJVEPTAAY_3153-776-3665-1288,0,0,0,0,1,1,0,0,1
MJVEPTAAY_3196-11685-3708-12197,0,0,0,0,1,1,0,0,1
MJVEPTAAY_3391-629-3903-1141,0,0,0,0,1,1,0,0,1
MJVEPTAAY_3697-11680-4209-12192,0,0,0,0,1,1,0,0,1
MJVEPTAAY_3769-576-4281-1088,0,0,0,0,1,1,0,0,1
MJVEPTAAY_4480-1315-4992-1827,0,0,0,0,0,1,0,0,0
MJVEPTAAY_3975-11513-4487-12025,0,0,0,0,1,1,0,0,1
MJVEPTAAY_4281-576-4793-1088,0,0,0,0,1,1,0,0,1
MJVEPTAAY_4209-11680-4721-12192,0,0,0,0,1,1,0,0,1
MJVEPTAAY_4556-737-5068-1249,0,0,0,0,1,1,0,0,1
MJVEPTAAY_4793-576-5305-1088,0,0,0,0,1,1,0,0,1
MJVEPTAAY_4851-11490-5363-12002,0,0,0,0,1,1,0,0,1
MJVEPTAAY_5370-3579-5882-4091,0,0,0,0,0,1,0,0,0
MJVEPTAAY_5363-11490-5875-12002,0,0,0,0,1,1,0,0,1
MJVEPTAAY_5615-561-6127-1073,0,0,0,0,0,1,0,0,1
MJVEPTAAY_5559-7758-6071-8270,0,0,0,0,0,1,0,0,0
MJVEPTAAY_5305-576-5817-1088,0,0,0,0,1,1,0,0,1
MJVEPTAAY_5447-11758-5959-12270,0,0,0,0,1,1,0,0,1
MJVEPTAAY_5567-8194-6079-8706,0,0,0,0,0,1,0,0,0
MJVEPTAAY_5875-11490-6387-12002,0,0,0,0,1,1,0,0,1
MJVEPTAAY_4910-11784-5422-12296,0,0,0,0,1,1,0,0,0
MJZC8N4AR_1081-2193-1593-2705,0,0,1,0,0,0,0,0,0
MJVEPTAAY_6021-11735-6533-12247,0,0,0,0,1,1,0,0,1
MJZC8N4AR_1162-1407-1674-1919,0,0,1,0,0,0,0,0,0
MJZC8N4AR_1162-2431-1674-2943,0,0,1,0,0,0,0,0,0
MJZC8N4AR_1162-383-1674-895,0,0,1,0,0,0,0,0,0
MJZC8N4AR_1162-1919-1674-2431,0,0,1,0,0,0,0,0,0
MJZC8N4AR_1162-895-1674-1407,0,0,1,0,0,0,0,0,0
MJZC8N4AR_1466-2182-1978-2694,0,0,1,0,0,0,0,0,0
MJZC8N4AR_1480-499-1992-1011,0,0,1,0,0,0,0,0,0
MJZC8N4AR_1883-2685-2395-3197,0,0,1,0,0,0,0,0,0
MJZC8N4AR_1894-1629-2406-2141,0,0,1,0,0,0,0,0,0
MJZC8N4AR_1746-572-2258-1084,0,0,1,0,0,0,0,0,0
MJZC8N4AR_1687-1812-2199-2324,0,0,1,0,0,0,0,0,0
MJZC8N4AR_1931-1236-2443-1748,0,0,1,0,0,0,0,0,0
MJZC8N4AR_1746-1084-2258-1596,0,0,1,0,0,0,0,0,0
MJZC8N4AR_1806-2197-2318-2709,0,0,1,0,0,0,0,0,0
MJZC8N4AR_1931-724-2443-1236,0,0,1,0,0,0,0,0,0
MJZC8N4AR_2152-1108-2664-1620,0,0,1,0,0,0,0,0,0
MJZC8N4AR_2152-2646-2664-3158,0,0,1,0,0,0,0,0,0
MJZC8N4AR_2152-2134-2664-2646,0,0,1,0,0,0,0,0,0
MJZC8N4AR_2227-1854-2739-2366,0,0,1,0,0,0,0,0,0
MJZC8N4AR_2152-596-2664-1108,0,0,1,0,0,0,0,0,0
MJZC8N4AR_2446-2120-2958-2632,0,0,1,0,0,0,0,0,0
MJZC8N4AR_2575-421-3087-933,0,0,1,0,0,0,0,0,0
MJZC8N4AR_3312-475-3824-987,0,0,1,0,0,0,0,0,0
MJZC8N4AR_3161-962-3673-1474,0,0,1,0,0,0,0,0,0
MJZC8N4AR_3594-2552-4106-3064,0,0,1,0,0,0,0,0,0
MJZC8N4AR_3698-2910-4210-3422,0,0,1,0,0,0,0,0,0
MJZC8N4AR_3945-1833-4457-2345,0,0,1,0,0,0,0,0,0
MJZC8N4AR_3674-1409-4186-1921,0,0,1,0,0,0,0,0,0
MJZC8N4AR_3735-1976-4247-2488,0,0,1,0,0,0,0,0,0
MJZC8N4AR_3644-3181-4156-3693,0,0,1,0,0,0,0,0,0
MJZC8N4AR_3674-897-4186-1409,0,0,1,0,0,0,0,0,0
MJZC8N4AR_3824-475-4336-987,0,0,1,0,0,0,0,0,0
MJZC8N4AR_3660-2265-4172-2777,0,0,1,0,0,0,0,0,0
MJZC8N4AR_3945-1321-4457-1833,0,0,1,0,0,0,0,0,0
MJZC8N4AR_650-1919-1162-2431,0,0,1,0,0,0,0,0,0
MJZC8N4AR_3945-809-4457-1321,0,0,1,0,0,0,0,0,0
MJZC8N4AR_650-383-1162-895,0,0,1,0,0,0,0,0,0
MJZC8N4AR_650-2431-1162-2943,0,0,1,0,0,0,0,0,0
MJZC8N4AR_650-1407-1162-1919,0,0,1,0,0,0,0,0,0
MKJ1XWI1F_1351-1528-1863-2040,0,1,0,0,0,0,0,0,0
MKJ1XWI1F_1356-5080-1868-5592,0,1,0,0,0,0,0,0,0
MKJ1XWI1F_1423-4251-1935-4763,0,1,0,0,0,0,0,0,0
MKJ1XWI1F_1516-3270-2028-3782,0,1,0,0,0,0,0,0,0
MKJ1XWI1F_1752-775-2264-1287,0,1,0,0,0,0,0,0,0
MKJ1XWI1F_2222-6243-2734-6755,0,1,0,0,0,0,0,0,0
MKJ1XWI1F_2428-6365-2940-6877,0,1,0,0,0,0,0,0,0
MKJ1XWI1F_2248-4116-2760-4628,0,1,0,0,0,0,0,0,0
MKJ1XWI1F_1935-4251-2447-4763,0,1,0,0,0,0,0,0,0
MKJ1XWI1F_2058-5190-2570-5702,0,1,0,0,0,0,0,0,0
MKJ1XWI1F_2904-6243-3416-6755,0,1,0,0,0,0,0,0,0
MKJ1XWI1F_2821-4354-3333-4866,0,1,0,0,0,0,0,0,0
MKJ1XWI1F_2447-4251-2959-4763,0,1,0,0,0,0,0,0,0
MKJ1XWI1F_3731-664-4243-1176,0,1,0,0,0,0,0,0,0
MKJ1XWI1F_3514-4156-4026-4668,0,1,0,0,0,0,0,0,0
MKJ1XWI1F_3219-664-3731-1176,0,1,0,0,0,0,0,0,0
MKJ1XWI1F_3333-4354-3845-4866,0,1,0,0,0,0,0,0,0
MKJ1XWI1F_3791-6406-4303-6918,0,1,0,0,0,0,0,0,0
MKJ1XWI1F_3002-4156-3514-4668,0,1,0,0,0,0,0,0,0
MKJ1XWI1F_942-2765-1454-3277,0,1,0,0,0,0,0,0,0
MKJ1XWI1F_955-4210-1467-4722,0,1,0,0,0,0,0,0,0
MKJ1XWI1F_955-4722-1467-5234,0,1,0,0,0,0,0,0,0
MKKM92Z9Q_1823-8123-2335-8635,0,0,0,0,0,0,1,0,0
MKJI2MEKH_195-333-707-845,0,0,0,0,0,0,0,0,1
MKKM92Z9Q_1344-2660-1856-3172,0,0,0,0,0,0,1,0,0
MKKM92Z9Q_3050-8115-3562-8627,0,0,0,0,0,0,1,0,0
MKKM92Z9Q_5156-5635-5668-6147,0,0,0,0,0,0,1,0,0
MKKM92Z9Q_5284-1189-5796-1701,0,0,0,0,0,0,1,0,0
MKKM92Z9Q_5668-4611-6180-5123,0,0,0,0,0,0,1,0,0
MKKM92Z9Q_2335-8123-2847-8635,0,0,0,0,0,0,1,0,0
MKKM92Z9Q_5516-6607-6028-7119,0,0,0,0,0,0,1,0,0
MKKM92Z9Q_5796-1189-6308-1701,0,0,0,0,0,0,1,0,0
MKKM92Z9Q_5668-5123-6180-5635,0,0,0,0,0,0,1,0,0
MKKM92Z9Q_5668-5635-6180-6147,0,0,0,0,0,0,1,0,0
MKKM92Z9Q_5992-8030-6504-8542,0,0,0,0,0,0,1,0,0
MKKM92Z9Q_6028-7119-6540-7631,0,0,0,0,0,0,1,0,0
MKKM92Z9Q_6028-6607-6540-7119,0,0,0,0,0,0,1,0,0
MKKM92Z9Q_6149-879-6661-1391,0,0,0,0,0,0,1,0,0
MKKM92Z9Q_6540-7631-7052-8143,0,0,0,0,0,0,1,0,0
MKKM92Z9Q_6540-7119-7052-7631,0,0,0,0,0,0,1,0,0
MKKM92Z9Q_6540-8143-7052-8655,0,0,0,0,0,0,1,0,0
MKKM92Z9Q_7117-6837-7629-7349,0,0,0,0,0,0,1,0,0
MKKM92Z9Q_7629-7861-8141-8373,0,0,0,0,0,0,1,0,0
MKKM92Z9Q_6028-7631-6540-8143,0,0,0,0,0,0,1,0,0
MKKM92Z9Q_7629-6837-8141-7349,0,0,0,0,0,0,1,0,0
MKKM92Z9Q_7629-7349-8141-7861,0,0,0,0,0,0,1,0,0
MKKM92Z9Q_7629-8373-8141-8885,0,0,0,0,0,0,1,0,0
MLLVW9KWL_1146-3348-1658-3860,1,0,0,0,0,0,0,0,0
MLLVW9KWL_1146-2324-1658-2836,1,0,0,0,0,0,0,0,0
MLLVW9KWL_1658-3348-2170-3860,1,0,0,0,0,0,0,0,0
MLLVW9KWL_1394-2151-1906-2663,1,0,0,0,0,0,0,0,0
MLLVW9KWL_1394-1127-1906-1639,1,0,0,0,0,0,0,0,0
MLLVW9KWL_1658-2324-2170-2836,1,0,0,0,0,0,0,0,0
MLLVW9KWL_1658-2836-2170-3348,1,0,0,0,0,0,0,0,0
MLLVW9KWL_1394-2663-1906-3175,1,0,0,0,0,0,0,0,0
MLLVW9KWL_1906-2151-2418-2663,1,0,0,0,0,0,0,0,0
MLLVW9KWL_1906-2663-2418-3175,1,0,0,0,0,0,0,0,0
MLLVW9KWL_1906-1127-2418-1639,1,0,0,0,0,0,0,0,0
MLLVW9KWL_1906-615-2418-1127,1,0,0,0,0,0,0,0,0
MLLVW9KWL_2418-2151-2930-2663,1,0,0,0,0,0,0,0,0
MLLVW9KWL_2418-2663-2930-3175,1,0,0,0,0,0,0,0,0
MLLVW9KWL_2418-1639-2930-2151,1,0,0,0,0,0,0,0,0
MLLVW9KWL_2418-1127-2930-1639,1,0,0,0,0,0,0,0,0
MLLVW9KWL_634-2324-1146-2836,1,0,0,0,0,0,0,0,0
MLLVW9KWL_2418-615-2930-1127,1,0,0,0,0,0,0,0,0
MLLVW9KWL_634-2836-1146-3348,1,0,0,0,0,0,0,0,0
MLLVW9KWL_882-1127-1394-1639,1,0,0,0,0,0,0,0,0
MLLVW9KWL_882-2151-1394-2663,1,0,0,0,0,0,0,0,0
MLPY1UBQR_1075-853-1587-1365,0,0,1,0,0,0,0,0,0
MLLVW9KWL_882-1639-1394-2151,1,0,0,0,0,0,0,0,0
MLPY1UBQR_1157-1138-1669-1650,0,0,1,0,0,0,0,0,0
MLLVW9KWL_882-2663-1394-3175,1,0,0,0,0,0,0,0,0
MLPY1UBQR_1292-678-1804-1190,0,0,1,0,0,0,0,0,0
MN7WEQIE8_2069-1524-2581-2036,0,1,0,0,0,0,0,0,0
MN7WEQIE8_1761-603-2273-1115,0,1,0,0,0,0,0,0,0
MLPY1UBQR_632-1087-1144-1599,0,0,1,0,0,0,0,0,0
MN7WEQIE8_2069-2036-2581-2548,0,1,0,0,0,0,0,0,0
MN7WEQIE8_1249-603-1761-1115,0,1,0,0,0,0,0,0,0
MN7WEQIE8_2581-1524-3093-2036,0,1,0,0,0,0,0,0,0
MN7WEQIE8_2581-2036-3093-2548,0,1,0,0,0,0,0,0,0
MN7WEQIE8_1557-1524-2069-2036,0,1,0,0,0,0,0,0,0
MN7WEQIE8_3605-2036-4117-2548,0,1,0,0,0,0,0,0,0
MN7WEQIE8_4629-2036-5141-2548,0,1,0,0,0,0,0,0,0
MN7WEQIE8_4117-2036-4629-2548,0,1,0,0,0,0,0,0,0
MN7WEQIE8_3093-2036-3605-2548,0,1,0,0,0,0,0,0,0
MN7WEQIE8_4629-2548-5141-3060,0,1,0,0,0,0,0,0,0
MN7WEQIE8_5653-2548-6165-3060,0,1,0,0,0,0,0,0,0
MN7WEQIE8_5141-2548-5653-3060,0,1,0,0,0,0,0,0,0
MN7WEQIE8_5141-2036-5653-2548,0,1,0,0,0,0,0,0,0
MN7WEQIE8_6165-3060-6677-3572,0,1,0,0,0,0,0,0,0
MN7WEQIE8_5653-3060-6165-3572,0,1,0,0,0,0,0,0,0
MNID6IL38_589-6316-1101-6828,0,0,1,0,0,0,0,0,0
MPLXDA7PZ_3787-8287-4299-8799,0,1,0,0,0,0,0,0,0
MPLXDA7PZ_2763-8287-3275-8799,0,1,0,0,0,0,0,0,0
MPLXDA7PZ_3275-8287-3787-8799,0,1,0,0,0,0,0,0,0
MNID6IL38_589-6828-1101-7340,0,0,1,0,0,0,0,0,0
MPLXDA7PZ_5323-8287-5835-8799,0,1,0,0,0,0,0,0,0
MPLXDA7PZ_4299-8287-4811-8799,0,1,0,0,0,0,0,0,0
MPLXDA7PZ_4811-8287-5323-8799,0,1,0,0,0,0,0,0,0
MPLXDA7PZ_7161-3126-7673-3638,0,1,0,0,0,0,0,0,0
MPLXDA7PZ_5835-8287-6347-8799,0,1,0,0,0,0,0,0,0
MPLXDA7PZ_6859-8287-7371-8799,0,1,0,0,0,0,0,0,0
MPLXDA7PZ_6347-8287-6859-8799,0,1,0,0,0,0,0,0,0
MPLXDA7PZ_7883-8287-8395-8799,0,1,0,0,0,0,0,0,0
MPLXDA7PZ_7347-2611-7859-3123,0,1,0,0,0,0,0,0,0
MPLXDA7PZ_7673-3126-8185-3638,0,1,0,0,0,0,0,0,0
MPLXDA7PZ_7371-8287-7883-8799,0,1,0,0,0,0,0,0,0
MPLXDA7PZ_8185-2614-8697-3126,0,1,0,0,0,0,0,0,0
MPLXDA7PZ_7673-2614-8185-3126,0,1,0,0,0,0,0,0,0
MPYIGFVM6_1070-5029-1582-5541,0,0,1,0,0,0,0,0,0
MPYIGFVM6_1382-3547-1894-4059,0,0,0,0,0,0,1,0,0
MPLXDA7PZ_8185-3126-8697-3638,0,1,0,0,0,0,0,0,0
MPYIGFVM6_1574-8494-2086-9006,0,0,1,0,0,0,0,0,0
MPYIGFVM6_1910-6767-2422-7279,0,0,1,0,0,0,0,0,0
MPYIGFVM6_1632-2432-2144-2944,0,0,1,0,0,0,0,0,0
MPYIGFVM6_1300-8215-1812-8727,0,0,1,0,0,0,0,0,0
MPYIGFVM6_1706-3338-2218-3850,0,0,0,0,0,0,1,0,0
MPYIGFVM6_2464-8498-2976-9010,0,0,1,0,0,0,0,0,0
MPYIGFVM6_1952-8498-2464-9010,0,0,1,0,0,0,0,0,0
MPYIGFVM6_2139-2306-2651-2818,0,0,1,0,0,0,0,0,0
MPYIGFVM6_2013-3279-2525-3791,0,0,0,0,0,0,1,0,0
MPYIGFVM6_4029-8471-4541-8983,0,0,1,0,0,0,0,0,0
MPYIGFVM6_2976-8498-3488-9010,0,0,1,0,0,0,0,0,0
MPYIGFVM6_3462-8489-3974-9001,0,0,1,0,0,0,0,0,0
MPYIGFVM6_2489-4897-3001-5409,0,0,1,0,0,0,0,0,0
MPYIGFVM6_534-3965-1046-4477,0,0,0,0,0,0,1,0,0
MPYIGFVM6_553-4268-1065-4780,0,0,0,0,0,0,1,0,0
MPYIGFVM6_7422-4528-7934-5040,0,0,1,0,0,0,1,0,0
MPYIGFVM6_7281-4937-7793-5449,0,0,0,0,0,0,1,0,0
MPYIGFVM6_7410-5478-7922-5990,0,0,0,0,0,0,1,0,0
MPYIGFVM6_7281-5961-7793-6473,0,0,0,0,0,0,1,0,0
MPYIGFVM6_7281-6473-7793-6985,0,0,0,0,0,0,1,0,0
MPYIGFVM6_7009-4522-7521-5034,0,0,1,0,0,0,1,0,0
MPYIGFVM6_788-8215-1300-8727,0,0,1,0,0,0,0,0,0
MPYIGFVM6_8463-4754-8975-5266,0,0,1,0,0,0,0,0,0
MPYIGFVM6_970-5878-1482-6390,0,0,1,0,0,0,0,0,0
MPYIGFVM6_870-4059-1382-4571,0,0,0,0,0,0,1,0,0
MPYIGFVM6_919-8494-1431-9006,0,0,1,0,0,0,0,0,0
MQ1IEGVVJ_181-4374-693-4886,0,0,0,0,0,1,0,0,0
MQ1IEGVVJ_187-3018-699-3530,0,0,0,0,0,1,0,0,0
MQ1IEGVVJ_187-774-699-1286,0,0,0,0,0,1,0,0,0
MQ1IEGVVJ_193-1158-705-1670,0,0,0,0,0,1,0,0,0
MQ1IEGVVJ_182-4043-694-4555,0,0,0,0,0,1,0,0,0
MQK3YM8TI_5454-4863-5966-5375,0,0,0,0,0,0,0,0,1
MQK3YM8TI_5758-1355-6270-1867,0,0,0,0,0,0,0,0,1
MQK3YM8TI_975-414-1487-926,0,0,0,0,0,1,0,0,0
MQK3YM8TI_7763-5035-8275-5547,0,0,0,0,0,1,0,0,1
MQK3YM8TI_646-557-1158-1069,0,0,0,0,0,1,0,0,0
MQK3YM8TI_8398-4364-8910-4876,0,0,0,0,0,0,0,0,1
MQK3YM8TI_7730-433-8242-945,0,0,0,0,0,1,0,0,0
MRPUA7K3F_2900-12427-3412-12939,0,1,0,0,0,0,0,0,0
MRPUA7K3F_2900-12939-3412-13451,0,1,0,0,0,0,0,0,0
MRPUA7K3F_3937-3625-4449-4137,0,1,0,0,0,0,0,0,0
MRPUA7K3F_3962-13346-4474-13858,0,1,0,0,0,0,0,0,0
MRPUA7K3F_4111-9417-4623-9929,0,1,0,0,0,0,0,0,0
MRPUA7K3F_3962-12834-4474-13346,0,1,0,0,0,0,0,0,0
MRPUA7K3F_4111-8905-4623-9417,0,1,0,0,0,0,0,0,0
MRPUA7K3F_4126-4172-4638-4684,0,1,0,0,0,0,0,0,0
MRPUA7K3F_4474-11810-4986-12322,0,1,0,0,0,0,0,0,0
MRPUA7K3F_4474-12322-4986-12834,0,1,0,0,0,0,0,0,0
MRPUA7K3F_4474-13346-4986-13858,0,1,0,0,0,0,0,0,0
MRPUA7K3F_4623-9417-5135-9929,0,1,0,0,0,0,0,0,0
MRPUA7K3F_4623-8905-5135-9417,0,1,0,0,0,0,0,0,0
MRPUA7K3F_4638-4172-5150-4684,0,1,0,0,0,0,0,0,0
MRPUA7K3F_4986-13346-5498-13858,0,1,0,0,0,0,0,0,0
MRPUA7K3F_4986-11298-5498-11810,0,1,0,0,0,0,0,0,0
MRPUA7K3F_4638-4684-5150-5196,0,1,0,0,0,0,0,0,0
MRPUA7K3F_4986-10786-5498-11298,0,1,0,0,0,0,0,0,0
MRPUA7K3F_4986-11810-5498-12322,0,1,0,0,0,0,0,0,0
MRPUA7K3F_5498-10786-6010-11298,0,1,0,0,0,0,0,0,0
MRPUA7K3F_5150-4172-5662-4684,0,1,0,0,0,0,0,0,0
MRPUA7K3F_5498-11810-6010-12322,0,1,0,0,0,0,0,0,0
MRPUA7K3F_5498-12322-6010-12834,0,1,0,0,0,0,0,0,0
MRPUA7K3F_5498-11298-6010-11810,0,1,0,0,0,0,0,0,0
MRPUA7K3F_5498-12834-6010-13346,0,1,0,0,0,0,0,0,0
MRPUA7K3F_5662-4684-6174-5196,0,1,0,0,0,0,0,0,0
MRPUA7K3F_5498-13346-6010-13858,0,1,0,0,0,0,0,0,0
MRPUA7K3F_6817-13200-7329-13712,0,1,0,0,0,0,0,0,0
MRPUA7K3F_5948-1252-6460-1764,0,1,0,0,0,0,0,0,0
MRPUA7K3F_6817-13712-7329-14224,0,1,0,0,0,0,0,0,0
MRPUA7K3F_6835-1410-7347-1922,0,1,0,0,0,0,0,0,0
MRPUA7K3F_7329-13712-7841-14224,0,1,0,0,0,0,0,0,0
MRPUA7K3F_7704-7400-8216-7912,0,1,0,0,0,0,0,0,0
MRPUA7K3F_7192-7400-7704-7912,0,1,0,0,0,0,0,0,0
MRPUA7K3F_7329-13200-7841-13712,0,1,0,0,0,0,0,0,0
MRPUA7K3F_7210-1685-7722-2197,0,1,0,0,0,0,0,0,0
MRPUA7K3F_7311-10048-7823-10560,0,1,0,0,0,0,0,0,0
MRPUA7K3F_7715-2709-8227-3221,0,1,0,0,0,0,0,0,0
MRPUA7K3F_8189-853-8701-1365,0,1,0,0,0,0,0,0,0
MRPUA7K3F_7715-3221-8227-3733,0,1,0,0,0,0,0,0,0
MRPUA7K3F_8082-1950-8594-2462,0,1,0,0,0,0,0,0,0
MRPUA7K3F_7883-1127-8395-1639,0,1,0,0,0,0,0,0,0
MRPUA7K3F_8227-2709-8739-3221,0,1,0,0,0,0,0,0,0
MRPUA7K3F_8227-3221-8739-3733,0,1,0,0,0,0,0,0,0
MRPUA7K3F_938-8928-1450-9440,0,1,0,0,0,0,0,0,0
MRYCG94F3_1349-2832-1861-3344,0,1,0,0,0,0,0,0,0
MRPUA7K3F_8395-1127-8907-1639,0,1,0,0,0,0,0,0,0
MRYCG94F3_1056-2662-1568-3174,0,1,0,0,0,0,0,0,0
MRYCG94F3_1376-3107-1888-3619,0,1,0,0,0,0,0,0,0
MRYCG94F3_1804-8004-2316-8516,0,1,0,0,0,0,0,0,0
MRYCG94F3_1426-1057-1938-1569,0,1,0,0,0,0,0,0,0
MRYCG94F3_1426-1569-1938-2081,0,1,0,0,0,0,0,0,0
MRYCG94F3_1804-7492-2316-8004,0,1,0,0,0,0,0,0,0
MRYCG94F3_1861-3344-2373-3856,0,1,0,0,0,0,0,0,0
MRYCG94F3_1938-1057-2450-1569,0,1,0,0,0,0,0,0,0
MRYCG94F3_1938-545-2450-1057,0,1,0,0,0,0,0,0,0
MRYCG94F3_817-2973-1329-3485,0,1,0,0,0,0,0,0,0
MRYCG94F3_627-8384-1139-8896,0,1,0,0,0,0,0,0,0
MRYCG94F3_815-3597-1327-4109,0,1,0,0,0,0,0,0,0
MRYCG94F3_777-703-1289-1215,0,1,0,0,0,0,0,0,0
MTPEQJLWX_2918-390-3430-902,0,1,0,0,0,0,0,0,0
MTPEQJLWX_3287-670-3799-1182,0,1,0,0,0,0,0,0,0
MTPEQJLWX_4457-235-4969-747,0,1,0,0,0,0,0,0,0
MTPEQJLWX_3799-670-4311-1182,0,1,0,0,0,0,0,0,0
MTPEQJLWX_4311-670-4823-1182,0,1,0,0,0,0,0,0,0
MTPEQJLWX_3945-235-4457-747,0,1,0,0,0,0,0,0,0
MTPEQJLWX_5095-944-5607-1456,0,1,0,0,0,0,0,0,0
MTPEQJLWX_4936-709-5448-1221,0,1,0,0,0,0,0,0,0
MTPEQJLWX_4969-235-5481-747,0,1,0,0,0,0,0,0,0
MTPEQJLWX_5095-1456-5607-1968,0,1,0,0,0,0,0,0,0
MTPEQJLWX_5095-1968-5607-2480,0,1,0,0,0,0,0,0,0
MTPEQJLWX_5169-2532-5681-3044,0,1,0,0,0,0,0,0,0
MTPEQJLWX_6119-1456-6631-1968,0,1,0,0,0,0,0,0,0
MTPEQJLWX_5379-3854-5891-4366,0,1,0,0,0,0,0,0,0
MTPEQJLWX_5891-3854-6403-4366,0,1,0,0,0,0,0,0,0
MTPEQJLWX_5542-229-6054-741,0,1,0,0,0,0,0,0,0
MTPEQJLWX_5607-1456-6119-1968,0,1,0,0,0,0,0,0,0
MTPEQJLWX_5607-944-6119-1456,0,1,0,0,0,0,0,0,0
MTPEQJLWX_6119-1968-6631-2480,0,1,0,0,0,0,0,0,0
MTPEQJLWX_6154-5480-6666-5992,0,1,0,0,0,0,0,0,0
MTPEQJLWX_6666-5480-7178-5992,0,1,0,0,0,0,0,0,0
MTPEQJLWX_6119-432-6631-944,0,1,0,0,0,0,0,0,0
MTPEQJLWX_6407-3860-6919-4372,0,1,0,0,0,0,0,0,0
MTPEQJLWX_6119-944-6631-1456,0,1,0,0,0,0,0,0,0
MTPEQJLWX_6778-408-7290-920,0,1,0,0,0,0,0,0,0
MTPEQJLWX_7158-266-7670-778,0,1,0,0,0,0,0,0,0
MTPEQJLWX_7609-186-8121-698,0,1,0,0,0,0,0,0,0
MTPEQJLWX_6778-920-7290-1432,0,1,0,0,0,0,0,0,0
MTPEQJLWX_8121-186-8633-698,0,1,0,0,0,0,0,0,0
MTPEQJLWX_9561-835-10073-1347,0,1,0,0,0,0,0,0,0
MTTWHAFPN_1237-539-1749-1051,0,0,1,0,0,0,0,0,0
MTPEQJLWX_9561-323-10073-835,0,1,0,0,0,0,0,0,0
MTPEQJLWX_9585-4417-10097-4929,0,1,0,0,0,0,0,0,0
MTPEQJLWX_8633-186-9145-698,0,1,0,0,0,0,0,0,0
MTTWHAFPN_1316-3563-1828-4075,0,0,1,0,0,0,0,0,0
MTPEQJLWX_9170-161-9682-673,0,1,0,0,0,0,0,0,0
MTTWHAFPN_1635-577-2147-1089,0,0,1,0,0,0,0,0,0
MTTWHAFPN_2884-1233-3396-1745,0,0,1,0,0,0,0,0,0
MTTWHAFPN_2147-577-2659-1089,0,0,1,0,0,0,0,0,0
MTTWHAFPN_2629-3568-3141-4080,0,0,1,0,0,0,0,0,0
MTTWHAFPN_2659-577-3171-1089,0,0,1,0,0,0,0,0,0
MTTWHAFPN_2117-3568-2629-4080,0,0,1,0,0,0,0,0,0
MTTWHAFPN_2884-721-3396-1233,0,0,1,0,0,0,0,0,0
MTTWHAFPN_3396-1233-3908-1745,0,0,1,0,0,0,0,0,0
MTTWHAFPN_3226-1741-3738-2253,0,0,1,0,0,0,0,0,0
MTTWHAFPN_3396-721-3908-1233,0,0,1,0,0,0,0,0,0
MTTWHAFPN_3296-4373-3808-4885,0,0,1,0,0,0,0,0,0
MTTWHAFPN_3738-2253-4250-2765,0,0,1,0,0,0,0,0,0
MTTWHAFPN_3908-721-4420-1233,0,0,1,0,0,0,0,0,0
MTTWHAFPN_3908-1233-4420-1745,0,0,1,0,0,0,0,0,0
MTTWHAFPN_3679-3679-4191-4191,0,0,1,0,0,0,0,0,0
MTTWHAFPN_3672-4316-4184-4828,0,0,1,0,0,0,0,0,0
MTTWHAFPN_3738-1741-4250-2253,0,0,1,0,0,0,0,0,0
MTTWHAFPN_4013-4193-4525-4705,0,0,1,0,0,0,0,0,0
MTTWHAFPN_4250-2253-4762-2765,0,0,1,0,0,0,0,0,0
MTTWHAFPN_4348-4094-4860-4606,0,0,1,0,0,0,0,0,0
MTTWHAFPN_4199-2826-4711-3338,0,0,1,0,0,0,0,0,0
MTTWHAFPN_4191-3679-4703-4191,0,0,1,0,0,0,0,0,0
MTTWHAFPN_4375-2008-4887-2520,0,0,1,0,0,0,0,0,0
MTTWHAFPN_4250-1741-4762-2253,0,0,1,0,0,0,0,0,0
MTTWHAFPN_4420-1233-4932-1745,0,0,1,0,0,0,0,0,0
MTTWHAFPN_684-4216-1196-4728,0,0,1,0,0,0,0,0,0
MTTWHAFPN_4420-721-4932-1233,0,0,1,0,0,0,0,0,0
MTTWHAFPN_690-3019-1202-3531,0,0,1,0,0,0,0,0,0
MTTWHAFPN_717-1191-1229-1703,0,0,1,0,0,0,0,0,0
MTTWHAFPN_717-1703-1229-2215,0,0,1,0,0,0,0,0,0
MTTWHAFPN_804-3563-1316-4075,0,0,1,0,0,0,0,0,0
MTTWHAFPN_717-2727-1229-3239,0,0,1,0,0,0,0,0,0
MTTWHAFPN_725-539-1237-1051,0,0,1,0,0,0,0,0,0
MVEJ4886I_1032-3263-1544-3775,0,0,1,0,0,0,0,0,0
MTTWHAFPN_717-2215-1229-2727,0,0,1,0,0,0,0,0,0
MVEJ4886I_1033-1845-1545-2357,0,0,1,0,0,0,0,0,0
MVEJ4886I_1245-4388-1757-4900,0,0,1,0,0,1,0,0,0
MVEJ4886I_1707-4302-2219-4814,0,0,1,0,0,1,0,0,1
MVEJ4886I_1474-4057-1986-4569,0,0,1,0,0,1,0,0,0
MVEJ4886I_1243-1389-1755-1901,0,0,0,0,0,1,0,0,1
MVEJ4886I_1725-1361-2237-1873,0,0,1,0,0,1,0,0,1
MVEJ4886I_1174-3910-1686-4422,0,0,1,0,0,1,0,0,1
MVEJ4886I_2338-3592-2850-4104,0,0,1,0,0,0,0,0,0
MVEJ4886I_2049-1397-2561-1909,0,0,1,0,0,1,0,0,1
MVEJ4886I_1986-4057-2498-4569,0,0,1,0,0,1,0,0,0
MVEJ4886I_2109-4395-2621-4907,0,0,1,0,0,1,0,0,1
MVEJ4886I_2400-3024-2912-3536,0,0,1,0,0,0,0,0,0
MVEJ4886I_2498-4057-3010-4569,0,0,1,0,0,0,0,0,0
MVEJ4886I_2746-4656-3258-5168,0,0,1,0,0,1,0,0,0
MVEJ4886I_2909-1042-3421-1554,0,0,1,0,0,0,0,0,0
MVEJ4886I_2635-3105-3147-3617,0,0,1,0,0,0,0,0,0
MVEJ4886I_2450-4388-2962-4900,0,0,1,0,0,1,0,0,1
MVEJ4886I_2909-530-3421-1042,0,0,1,0,0,0,0,0,0
MVEJ4886I_3080-1411-3592-1923,0,0,1,0,0,1,0,0,1
MVEJ4886I_3311-2337-3823-2849,0,0,1,0,0,0,0,0,0
MVEJ4886I_3224-2097-3736-2609,0,0,1,0,0,0,0,0,0
MVEJ4886I_3442-1418-3954-1930,0,0,1,0,0,1,0,0,1
MVEJ4886I_3195-1630-3707-2142,0,0,1,0,0,1,0,0,1
MVEJ4886I_3258-4656-3770-5168,0,0,1,0,0,1,0,0,1
MVEJ4886I_3122-4418-3634-4930,0,0,1,0,0,1,0,0,1
MVEJ4886I_3645-1269-4157-1781,0,0,1,0,0,1,0,0,1
MVEJ4886I_3597-4397-4109-4909,0,0,1,0,0,0,0,0,1
MVEJ4886I_3770-4656-4282-5168,0,0,1,0,0,0,0,0,1
MVEJ4886I_4007-2748-4519-3260,0,0,1,0,0,0,0,0,0
MVEJ4886I_3947-4369-4459-4881,0,0,1,0,0,1,0,0,1
MVEJ4886I_4021-880-4533-1392,0,0,1,0,0,0,0,0,1
MVEJ4886I_4326-1198-4838-1710,0,0,1,0,0,0,0,0,0
MVEJ4886I_4185-4502-4697-5014,0,0,1,0,0,1,0,0,1
MVEJ4886I_4326-1710-4838-2222,0,0,1,0,0,0,0,0,0
MVEJ4886I_4020-3882-4532-4394,0,0,1,0,0,1,0,0,0
MVEJ4886I_4326-686-4838-1198,0,0,1,0,0,0,0,0,1
MVEJ4886I_694-1206-1206-1718,0,0,0,0,0,1,0,0,0
MVEJ4886I_727-1847-1239-2359,0,0,1,0,0,0,0,0,0
MVEJ4886I_739-4034-1251-4546,0,0,1,0,0,0,0,0,0
MVEJ4886I_4929-4392-5441-4904,0,0,0,0,0,1,0,0,1
MVEJ4886I_662-4561-1174-5073,0,0,1,0,0,1,0,0,0
MVEJ4886I_4385-4362-4897-4874,0,0,1,0,0,1,0,0,1
MVEJ4886I_784-2687-1296-3199,0,0,0,0,0,1,0,0,0
MVEJ4886I_859-1633-1371-2145,0,0,1,0,0,1,0,0,0
MVPKXR7VJ_10109-2019-10621-2531,0,0,0,0,0,0,1,0,0
MVPKXR7VJ_10621-1507-11133-2019,0,0,0,0,0,0,1,0,0
MVEJ4886I_937-3716-1449-4228,0,0,1,0,0,1,0,0,1
MVPKXR7VJ_10621-483-11133-995,0,0,0,0,0,0,1,0,0
MVPKXR7VJ_10109-2531-10621-3043,0,0,0,0,0,0,1,0,0
MVPKXR7VJ_10621-2019-11133-2531,0,0,0,0,0,0,1,0,0
MVPKXR7VJ_10109-3555-10621-4067,0,0,0,0,0,0,1,0,0
MVPKXR7VJ_11133-2019-11645-2531,0,0,0,0,0,0,1,0,0
MVPKXR7VJ_11133-1507-11645-2019,0,0,0,0,0,0,1,0,0
MVPKXR7VJ_11133-483-11645-995,0,0,0,0,0,0,1,0,0
MVPKXR7VJ_14720-3593-15232-4105,0,0,0,0,0,0,1,0,0
MVPKXR7VJ_11133-995-11645-1507,0,0,0,0,0,0,1,0,0
MVPKXR7VJ_14720-3081-15232-3593,0,0,0,0,0,0,1,0,0
MVPKXR7VJ_14208-3593-14720-4105,0,0,0,0,0,0,1,0,0
MVPKXR7VJ_15232-3081-15744-3593,0,0,0,0,0,0,1,0,0
MVPKXR7VJ_15232-2569-15744-3081,0,0,0,0,0,0,1,0,0
MVPKXR7VJ_15744-2057-16256-2569,0,0,0,0,0,0,1,0,0
MVPKXR7VJ_15744-1545-16256-2057,0,0,0,0,0,0,1,0,0
MVPKXR7VJ_15744-2569-16256-3081,0,0,0,0,0,0,1,0,0
MVPKXR7VJ_16256-1545-16768-2057,0,0,0,0,0,0,1,0,0
MVPKXR7VJ_17280-521-17792-1033,0,0,0,0,0,0,1,0,0
MVPKXR7VJ_16256-1033-16768-1545,0,0,0,0,0,0,1,0,0
MVPKXR7VJ_16768-1033-17280-1545,0,0,0,0,0,0,1,0,0
MVPKXR7VJ_16256-2057-16768-2569,0,0,0,0,0,0,1,0,0
MVPKXR7VJ_16768-521-17280-1033,0,0,0,0,0,0,1,0,0
MVPKXR7VJ_6013-483-6525-995,0,0,0,0,0,0,1,0,0
MVPKXR7VJ_6013-995-6525-1507,0,0,0,0,0,0,1,0,0
MVPKXR7VJ_8061-1507-8573-2019,0,0,0,0,0,0,1,0,0
MVPKXR7VJ_7549-1507-8061-2019,0,0,0,0,0,0,1,0,0
MVPKXR7VJ_6525-1507-7037-2019,0,0,0,0,0,0,1,0,0
MVPKXR7VJ_7037-1507-7549-2019,0,0,0,0,0,0,1,0,0
MVPKXR7VJ_6525-995-7037-1507,0,0,0,0,0,0,1,0,0
MVPKXR7VJ_8573-2019-9085-2531,0,0,0,0,0,0,1,0,0
MWIV4MPPH_10315-6418-10827-6930,0,0,0,1,0,0,0,0,0
MVPKXR7VJ_8061-2019-8573-2531,0,0,0,0,0,0,1,0,0
MVPKXR7VJ_9085-3555-9597-4067,0,0,0,0,0,0,1,0,0
MVPKXR7VJ_9085-2531-9597-3043,0,0,0,0,0,0,1,0,0
MVPKXR7VJ_8573-2531-9085-3043,0,0,0,0,0,0,1,0,0
MVPKXR7VJ_9597-2531-10109-3043,0,0,0,0,0,0,1,0,0
MVPKXR7VJ_9085-3043-9597-3555,0,0,0,0,0,0,1,0,0
MVPKXR7VJ_9597-3555-10109-4067,0,0,0,0,0,0,1,0,0
MW34X6B6Z_5551-363-6063-875,0,0,0,1,0,0,0,0,0
MVPKXR7VJ_9597-3043-10109-3555,0,0,0,0,0,0,1,0,0
MWIV4MPPH_301-1170-813-1682,0,0,0,1,0,0,0,0,0
MWIV4MPPH_3974-2403-4486-2915,0,0,0,1,0,0,0,0,0
MWIV4MPPH_4544-360-5056-872,0,0,0,1,0,0,0,0,0
MWIV4MPPH_4032-872-4544-1384,0,0,0,1,0,0,0,0,0
MWIV4MPPH_4032-360-4544-872,0,0,0,1,0,0,0,0,0
MWIV4MPPH_4544-872-5056-1384,0,0,0,1,0,0,0,0,0
MWIV4MPPH_580-3307-1092-3819,0,0,0,1,0,0,0,0,0
MWJJP9ANF_6614-2243-7126-2755,0,0,1,0,0,0,0,0,0
MWIV4MPPH_580-3819-1092-4331,0,0,0,1,0,0,0,0,0
MWIV4MPPH_7223-4532-7735-5044,0,0,0,1,0,0,0,0,0
MWJJP9ANF_6814-2411-7326-2923,0,0,1,0,0,0,0,0,0
MWIV4MPPH_813-1170-1325-1682,0,0,0,1,0,0,0,0,0
MWJJP9ANF_6063-2080-6575-2592,0,0,1,0,0,0,0,0,0
MWJJP9ANF_5419-1962-5931-2474,0,0,1,0,0,0,0,0,0
MWJJP9ANF_7700-1962-8212-2474,0,0,1,0,0,0,0,0,0
MWJJP9ANF_7940-1502-8452-2014,0,0,1,0,0,0,0,0,0
MWJJP9ANF_7250-2351-7762-2863,0,0,1,0,0,0,0,0,0
MWJJP9ANF_7705-1652-8217-2164,0,0,1,0,0,0,0,0,0
MWJJP9ANF_8898-5853-9410-6365,0,0,1,0,0,0,0,0,0
MWJJP9ANF_8898-5341-9410-5853,0,0,1,0,0,0,0,0,0
MWJJP9ANF_8898-7389-9410-7901,0,0,1,0,0,0,0,0,0
MWJJP9ANF_8898-6877-9410-7389,0,0,1,0,0,0,0,0,0
MWJJP9ANF_8898-6365-9410-6877,0,0,1,0,0,0,0,0,0
MX3UU7XX7_1827-3942-2339-4454,0,0,1,0,0,0,0,0,0
MWJJP9ANF_8898-7901-9410-8413,0,0,1,0,0,1,0,0,0
MX3UU7XX7_3999-2457-4511-2969,0,0,0,0,0,1,0,0,0
MX3UU7XX7_3999-1433-4511-1945,0,0,0,0,0,1,0,0,0
MX3UU7XX7_3927-6050-4439-6562,0,0,1,0,0,0,0,0,0
MX3UU7XX7_3508-1133-4020-1645,0,0,0,0,0,1,0,0,0
MX3UU7XX7_3999-1945-4511-2457,0,0,0,0,0,1,0,0,0
MX3UU7XX7_1853-2907-2365-3419,0,0,1,0,0,0,0,0,0
MX3UU7XX7_2339-3942-2851-4454,0,0,1,0,0,0,0,0,0
MX3UU7XX7_3999-3481-4511-3993,0,0,0,0,0,1,0,0,0
MX3UU7XX7_3999-2969-4511-3481,0,0,0,0,0,1,0,0,0
MX3UU7XX7_3999-3993-4511-4505,0,0,0,0,0,1,0,0,0
MX3UU7XX7_4020-1133-4532-1645,0,0,0,0,0,1,0,0,0
MX3UU7XX7_4275-1529-4787-2041,0,0,0,0,0,1,0,0,0
MX3UU7XX7_4275-1017-4787-1529,0,0,0,0,0,1,0,0,0
MX3UU7XX7_4275-2041-4787-2553,0,0,0,0,0,1,0,0,0
MX3UU7XX7_4275-3065-4787-3577,0,0,0,0,0,1,0,0,0
MX3UU7XX7_4275-2553-4787-3065,0,0,0,0,0,1,0,0,0
MX3UU7XX7_4439-6050-4951-6562,0,0,1,0,0,0,0,0,0
MX3UU7XX7_4275-4089-4787-4601,0,0,0,0,0,1,0,0,0
MX3UU7XX7_4275-3577-4787-4089,0,0,0,0,0,1,0,0,0
MX3UU7XX7_665-852-1177-1364,0,0,1,0,0,0,0,0,0
MZAZNB168_3245-2568-3757-3080,0,1,0,0,0,0,0,0,0
MZAZNB168_3784-2092-4296-2604,0,1,0,0,0,0,0,0,0
MX3UU7XX7_800-1349-1312-1861,0,0,1,0,0,0,0,0,0
MX3UU7XX7_800-1861-1312-2373,0,0,1,0,0,0,0,0,0
MZAZNB168_2733-3080-3245-3592,0,1,0,0,0,0,0,0,0
MZAZNB168_3245-3080-3757-3592,0,1,0,0,0,0,0,0,0
MZHBD8IXL_1710-2670-2222-3182,0,0,0,0,0,0,0,0,1
MZAZNB168_2733-2568-3245-3080,0,1,0,0,0,0,0,0,0
MZHBD8IXL_3847-2202-4359-2714,0,0,0,0,0,0,0,0,1
MZHBD8IXL_2420-644-2932-1156,0,0,0,0,0,0,0,0,1
MZHBD8IXL_3417-3573-3929-4085,0,0,0,0,0,0,0,0,1
MZHBD8IXL_3929-3573-4441-4085,0,0,0,0,0,0,0,0,1
MZHBD8IXL_4953-3573-5465-4085,0,0,0,0,0,0,0,0,1
MZHBD8IXL_4441-3573-4953-4085,0,0,0,0,0,0,0,0,1
MZHBD8IXL_5012-2763-5524-3275,0,0,0,0,0,0,0,0,1
MZHBD8IXL_5465-3573-5977-4085,0,0,0,0,0,0,0,0,1
MZHBD8IXL_5495-679-6007-1191,0,0,0,0,0,0,0,0,1
MZHBD8IXL_5893-3378-6405-3890,0,0,0,0,0,0,0,0,1
MZHBD8IXL_5424-2685-5936-3197,0,0,0,0,0,0,0,0,1
MZHBD8IXL_5078-3938-5590-4450,0,0,0,0,0,0,0,0,1
MZHBD8IXL_5590-3938-6102-4450,0,0,0,0,0,0,0,0,1
MZHBD8IXL_5897-1226-6409-1738,0,0,0,0,0,0,0,0,1
MZHBD8IXL_5936-2685-6448-3197,0,0,0,0,0,0,0,0,1
MZHBD8IXL_4983-679-5495-1191,0,0,0,0,0,0,0,0,1
MZHBD8IXL_5909-877-6421-1389,0,0,0,0,0,0,0,0,1
MZHBD8IXL_6102-3938-6614-4450,0,0,0,0,0,0,0,0,1
MZHBD8IXL_6614-3938-7126-4450,0,0,0,0,0,0,0,0,1
MZHBD8IXL_6519-679-7031-1191,0,0,0,0,0,0,0,0,1
MZHBD8IXL_6489-3573-7001-4085,0,0,0,0,0,0,0,0,1
MZHBD8IXL_7126-3938-7638-4450,0,0,0,0,0,0,0,0,1
MZHBD8IXL_7001-3573-7513-4085,0,0,0,0,0,0,0,0,1
MZHBD8IXL_7513-3573-8025-4085,0,0,0,0,0,0,0,0,1
N1AKG1LNC_4028-5131-4540-5643,0,0,0,0,0,1,0,0,0
N1AKG1LNC_4028-5643-4540-6155,0,0,0,0,0,1,0,0,0
N1AKG1LNC_3967-8999-4479-9511,0,0,0,0,0,1,0,0,0
N1AKG1LNC_3967-7975-4479-8487,0,0,0,0,0,1,0,0,0
MZHBD8IXL_8349-586-8861-1098,0,0,0,0,0,0,0,0,1
MZHBD8IXL_8022-3519-8534-4031,0,0,0,0,0,0,0,0,1
N1AKG1LNC_3967-9511-4479-10023,0,0,0,0,0,1,0,0,0
N1AKG1LNC_2762-969-3274-1481,0,0,0,0,0,0,0,0,1
N1AKG1LNC_3967-8487-4479-8999,0,0,0,0,0,1,0,0,0
MZHBD8IXL_7638-3938-8150-4450,0,0,0,0,0,0,0,0,1
N1AKG1LNC_4028-6155-4540-6667,0,0,0,0,0,1,0,0,0
N1AKG1LNC_4028-7691-4540-8203,0,0,0,0,0,1,0,0,0
N1AKG1LNC_4028-7179-4540-7691,0,0,0,0,0,1,0,0,0
N1AKG1LNC_4028-6667-4540-7179,0,0,0,0,0,1,0,0,0
N1AKG1LNC_5121-4822-5633-5334,0,0,0,0,0,1,0,0,0
N1AKG1LNC_5601-15955-6113-16467,0,0,0,0,0,1,0,0,0
N1AKG1LNC_5576-10190-6088-10702,0,0,0,0,0,1,0,0,0
N1AKG1LNC_937-10266-1449-10778,0,0,0,0,0,1,0,0,0
N1AKG1LNC_5611-4814-6123-5326,0,0,0,0,0,1,0,0,0
N1AKG1LNC_6244-1386-6756-1898,0,0,0,0,0,1,0,0,0
N1AKG1LNC_6283-4646-6795-5158,0,0,0,0,0,1,0,0,0
N1AKG1LNC_6244-2410-6756-2922,0,0,0,0,0,1,0,0,0
N1AKG1LNC_6244-3946-6756-4458,0,0,0,0,0,1,0,0,0
N1AKG1LNC_6485-5045-6997-5557,0,0,0,0,0,1,0,0,0
N1AKG1LNC_6244-1898-6756-2410,0,0,0,0,0,1,0,0,0
N1AKG1LNC_6244-3434-6756-3946,0,0,0,0,0,1,0,0,0
N21CVJBGB_1356-4967-1868-5479,0,0,0,0,0,1,0,0,0
N1AKG1LNC_6244-2922-6756-3434,0,0,0,0,0,1,0,0,0
N1AKG1LNC_6244-874-6756-1386,0,0,0,0,0,1,0,0,1
N21CVJBGB_1445-1857-1957-2369,0,0,0,0,0,0,0,0,1
N21CVJBGB_1491-455-2003-967,0,0,0,0,0,0,0,0,1
N21CVJBGB_1670-4977-2182-5489,0,0,0,0,0,1,0,0,0
N21CVJBGB_2079-4991-2591-5503,0,0,0,0,0,1,0,0,0
N2416YEML_8279-3192-8791-3704,0,0,0,1,0,0,0,0,0
N2IV4KAYX_12717-860-13229-1372,0,0,0,0,0,0,1,0,0
N2IV4KAYX_12717-1372-13229-1884,0,0,0,0,0,0,1,0,0
N2416YEML_8300-2058-8812-2570,0,0,0,1,0,0,0,0,0
N2IV4KAYX_15277-2396-15789-2908,0,0,0,0,0,0,1,0,0
N2416YEML_8300-1546-8812-2058,0,0,0,1,0,0,0,0,0
N2IV4KAYX_13229-1372-13741-1884,0,0,0,0,0,0,1,0,0
N21CVJBGB_480-4944-992-5456,0,0,0,0,0,1,0,0,1
N2IV4KAYX_13229-1884-13741-2396,0,0,0,0,0,0,1,0,0
N2IV4KAYX_13741-1884-14253-2396,0,0,0,0,0,0,1,0,0
N2IV4KAYX_14765-2396-15277-2908,0,0,0,0,0,0,1,0,0
N2IV4KAYX_14765-1884-15277-2396,0,0,0,0,0,0,1,0,0
N2IV4KAYX_14253-1884-14765-2396,0,0,0,0,0,0,1,0,0
N2IV4KAYX_15379-10208-15891-10720,0,0,0,0,0,0,1,0,0
N2IV4KAYX_15379-11232-15891-11744,0,0,0,0,0,0,1,0,0
N2IV4KAYX_15379-9696-15891-10208,0,0,0,0,0,0,1,0,0
N2IV4KAYX_15379-10720-15891-11232,0,0,0,0,0,0,1,0,0
N2IV4KAYX_15789-2908-16301-3420,0,0,0,0,0,0,1,0,0
N2IV4KAYX_16301-3420-16813-3932,0,0,0,0,0,0,1,0,0
N2IV4KAYX_16301-3932-16813-4444,0,0,0,0,0,0,1,0,0
N38FH4E6C_10973-8659-11485-9171,0,0,0,0,1,0,0,0,0
N38FH4E6C_10462-736-10974-1248,0,0,0,0,1,1,0,0,0
N38FH4E6C_10289-3751-10801-4263,0,0,0,0,0,1,0,0,1
N38FH4E6C_11665-774-12177-1286,0,0,0,0,1,1,0,0,0
N38FH4E6C_10213-8930-10725-9442,0,0,0,0,1,1,0,0,0
N38FH4E6C_12123-552-12635-1064,0,0,0,0,0,0,0,0,1
N38FH4E6C_11637-8442-12149-8954,0,0,0,0,1,1,0,0,0
N38FH4E6C_11153-774-11665-1286,0,0,0,0,1,1,0,0,0
N38FH4E6C_10264-943-10776-1455,0,0,0,0,1,1,0,0,0
N38FH4E6C_10725-8930-11237-9442,0,0,0,0,1,1,0,0,0
N38FH4E6C_1419-12085-1931-12597,0,0,0,0,1,1,0,0,0
N38FH4E6C_1431-1393-1943-1905,0,0,0,0,1,0,0,0,0
N38FH4E6C_1775-2039-2287-2551,0,0,0,0,1,1,0,0,0
N38FH4E6C_1745-11923-2257-12435,0,0,0,0,1,1,0,0,0
N38FH4E6C_1431-1905-1943-2417,0,0,0,0,1,1,0,0,0
N38FH4E6C_1840-7814-2352-8326,0,0,0,0,1,0,0,0,0
N38FH4E6C_2190-7972-2702-8484,0,0,1,0,1,0,0,0,0
N38FH4E6C_3034-7656-3546-8168,0,0,0,0,1,0,0,0,0
N38FH4E6C_2346-7625-2858-8137,0,0,0,0,1,0,0,0,0
N38FH4E6C_2577-5695-3089-6207,0,0,0,0,0,0,0,0,1
N38FH4E6C_2692-7639-3204-8151,0,0,0,0,1,0,0,0,0
N38FH4E6C_3333-2687-3845-3199,0,0,0,0,1,1,0,0,0
N38FH4E6C_3676-2743-4188-3255,0,0,0,0,1,1,0,0,0
N38FH4E6C_1997-2251-2509-2763,0,0,0,0,1,1,0,0,0
N38FH4E6C_2290-2391-2802-2903,0,0,0,0,1,1,0,0,0
N38FH4E6C_2632-2519-3144-3031,0,0,0,0,1,1,0,0,0
N38FH4E6C_3380-7643-3892-8155,0,0,0,0,1,0,0,0,0
N38FH4E6C_2984-2606-3496-3118,0,0,0,0,1,1,0,0,0
N38FH4E6C_3715-7802-4227-8314,0,0,0,0,1,0,0,0,0
N38FH4E6C_4046-2802-4558-3314,0,0,0,0,1,1,0,0,0
N38FH4E6C_4717-2798-5229-3310,0,0,0,0,1,0,0,0,0
N38FH4E6C_4618-7766-5130-8278,0,0,0,0,1,0,0,0,0
N38FH4E6C_4329-7651-4841-8163,0,0,0,0,1,0,0,0,0
N38FH4E6C_6558-9256-7070-9768,0,0,0,0,0,1,0,0,0
N38FH4E6C_5446-7639-5958-8151,0,0,0,0,1,0,0,0,0
N38FH4E6C_5070-2761-5582-3273,0,0,0,0,1,0,0,0,0
N38FH4E6C_5130-7766-5642-8278,0,0,0,0,1,0,0,0,0
N38FH4E6C_5354-2548-5866-3060,0,0,0,0,1,0,0,0,0
N38FH4E6C_5771-2258-6283-2770,0,0,0,0,1,1,0,0,0
N38FH4E6C_6557-9615-7069-10127,0,0,0,0,1,1,0,0,1
N38FH4E6C_5812-7681-6324-8193,0,0,0,0,1,1,0,0,0
N38FH4E6C_6017-7880-6529-8392,0,0,0,0,1,1,0,0,0
N38FH4E6C_6823-1795-7335-2307,0,0,0,0,1,1,0,0,0
N38FH4E6C_5902-1939-6414-2451,0,0,0,0,1,1,0,0,0
N38FH4E6C_6458-5328-6970-5840,0,0,0,0,0,0,0,0,1
N38FH4E6C_6703-9870-7215-10382,0,0,0,0,1,1,0,0,1
N38FH4E6C_7673-806-8185-1318,0,0,0,0,1,1,0,0,0
N38FH4E6C_7303-9668-7815-10180,0,0,0,0,1,1,0,0,0
N38FH4E6C_7711-9508-8223-10020,0,0,0,0,0,1,0,0,0
N38FH4E6C_7063-1601-7575-2113,0,0,0,0,1,1,0,0,0
N38FH4E6C_7185-768-7697-1280,0,0,0,0,0,1,0,0,1
N38FH4E6C_8382-874-8894-1386,0,0,0,0,1,0,0,0,0
N38FH4E6C_8730-863-9242-1375,0,0,0,0,1,1,0,0,0
N38FH4E6C_8372-9419-8884-9931,0,0,0,0,1,1,0,0,0
N38FH4E6C_9078-9273-9590-9785,0,0,0,0,1,1,0,0,0
N38FH4E6C_8713-9365-9225-9877,0,0,0,0,1,1,0,0,0
N38FH4E6C_8038-879-8550-1391,0,0,0,0,1,0,0,0,0
N38FH4E6C_899-12293-1411-12805,0,0,0,0,1,1,0,0,0
N38FH4E6C_9625-753-10137-1265,0,0,0,0,1,1,0,0,1
N38FH4E6C_9113-753-9625-1265,0,0,0,0,1,1,0,0,1
N38FH4E6C_9880-3833-10392-4345,0,0,0,0,0,0,0,0,1
N38FH4E6C_976-1259-1488-1771,0,0,0,0,1,0,0,0,0
N38FH4E6C_9715-9172-10227-9684,0,0,0,0,1,1,0,0,0
N38FH4E6C_9352-951-9864-1463,0,0,0,0,1,1,0,0,1
N38FH4E6C_9950-736-10462-1248,0,0,0,0,1,1,0,0,0
N3DKF86PR_1346-880-1858-1392,0,0,0,0,0,0,0,0,1
N3DKF86PR_1170-2313-1682-2825,0,0,0,0,0,0,0,0,1
N3DKF86PR_1911-3810-2423-4322,0,0,0,0,0,0,0,0,1
N3DKF86PR_1548-2170-2060-2682,0,0,0,0,0,0,0,0,1
N3DKF86PR_2159-3683-2671-4195,0,0,0,0,0,0,0,0,1
N3DKF86PR_2111-8518-2623-9030,0,0,0,0,0,0,0,0,1
N3DKF86PR_2679-8367-3191-8879,0,0,0,0,0,0,0,0,1
N3DKF86PR_2635-9486-3147-9998,0,1,0,0,0,0,0,0,0
N3DKF86PR_2523-704-3035-1216,0,0,0,0,0,0,0,0,1
N3DKF86PR_2404-8172-2916-8684,0,0,0,0,0,0,0,0,1
N3DKF86PR_2035-3467-2547-3979,0,0,0,0,0,0,0,0,1
N3DKF86PR_2635-8974-3147-9486,0,1,0,0,0,0,0,0,0
N3DKF86PR_2635-9998-3147-10510,0,1,0,0,0,0,0,0,0
N3DKF86PR_2024-4092-2536-4604,0,0,0,0,0,0,0,0,1
N3DKF86PR_3147-8974-3659-9486,0,1,0,0,0,0,0,0,0
N3DKF86PR_3147-9998-3659-10510,0,1,0,0,0,0,0,0,0
N3DKF86PR_3085-1341-3597-1853,0,0,0,0,0,0,0,0,1
N3DKF86PR_3311-8192-3823-8704,0,0,0,0,0,0,0,0,1
N3DKF86PR_3525-2619-4037-3131,0,0,0,0,0,0,0,0,1
N3DKF86PR_3577-7387-4089-7899,0,0,0,0,0,0,0,0,1
N3DKF86PR_3659-8974-4171-9486,0,1,0,0,0,0,0,0,0
N3DKF86PR_3659-9998-4171-10510,0,1,0,0,0,0,0,0,0
N3DKF86PR_4171-8974-4683-9486,0,1,0,0,0,0,0,0,0
N3DKF86PR_4171-9486-4683-9998,0,1,0,0,0,0,0,0,0
N3DKF86PR_4683-9486-5195-9998,0,1,0,0,0,0,0,0,0
N3DKF86PR_4171-9998-4683-10510,0,1,0,0,0,0,0,0,0
N3DKF86PR_3881-7149-4393-7661,0,0,0,0,0,0,0,0,1
N3DKF86PR_3881-6637-4393-7149,0,0,0,0,0,0,0,0,1
N3DKF86PR_4673-6494-5185-7006,0,0,0,0,0,0,0,0,1
N3DKF86PR_4393-6637-4905-7149,0,0,0,0,0,0,0,0,1
N3DKF86PR_4695-516-5207-1028,0,0,0,0,0,0,0,0,1
N3DKF86PR_5185-6494-5697-7006,0,0,0,0,0,0,0,0,1
N3DKF86PR_5195-9486-5707-9998,0,1,0,0,0,0,0,0,0
N3DKF86PR_5479-6449-5991-6961,0,0,0,0,0,0,0,0,1
N3DKF86PR_5355-1303-5867-1815,0,0,0,0,0,0,0,0,1
N3DKF86PR_5707-9998-6219-10510,0,1,0,0,0,0,0,0,0
N3DKF86PR_6219-9998-6731-10510,0,1,0,0,0,0,0,0,0
N3DKF86PR_5707-9486-6219-9998,0,1,0,0,0,0,0,0,0
N3DKF86PR_7653-9307-8165-9819,0,1,0,0,0,0,0,0,0
N3DKF86PR_7141-9307-7653-9819,0,1,0,0,0,0,0,0,0
N3DKF86PR_7699-9652-8211-10164,0,1,0,0,0,0,0,0,1
N42F47GYC_1811-3052-2323-3564,0,0,0,0,0,1,0,0,0
N42F47GYC_1536-2940-2048-3452,0,0,0,0,0,1,0,0,0
N3ZBG263M_728-2040-1240-2552,0,0,1,0,0,0,0,0,0
N3DKF86PR_8211-9652-8723-10164,0,1,0,0,0,0,0,0,1
N42F47GYC_10127-617-10639-1129,0,0,0,0,0,1,0,0,0
N3TJ47IKB_8991-816-9503-1328,0,0,1,0,0,1,0,0,0
N3DKF86PR_7699-10164-8211-10676,0,0,0,0,0,0,0,0,1
N3DKF86PR_8211-10164-8723-10676,0,0,0,0,0,0,0,0,1
N42F47GYC_2085-3975-2597-4487,0,0,0,0,0,1,0,0,0
N42F47GYC_968-1468-1480-1980,0,0,0,0,0,1,0,0,0
N42F47GYC_911-2180-1423-2692,0,0,0,0,0,1,0,0,0
N42F47GYC_967-2788-1479-3300,0,0,0,0,0,1,0,0,0
N42F47GYC_9948-2409-10460-2921,0,0,0,0,0,1,0,0,0
N42F47GYC_994-866-1506-1378,0,0,0,0,0,1,0,0,0
N42F47GYC_9948-1897-10460-2409,0,0,0,0,0,1,0,0,0
N42F47GYC_9976-1365-10488-1877,0,0,0,0,0,1,0,0,0
N49QPBYDI_1722-1424-2234-1936,0,0,0,0,0,0,0,0,1
N6PGUGMFC_10487-1084-10999-1596,1,0,0,0,0,0,0,0,0
N6PGUGMFC_1014-4014-1526-4526,1,0,0,0,0,0,0,0,0
N6PGUGMFC_1014-3502-1526-4014,1,0,0,0,0,0,0,0,0
N6PGUGMFC_1020-1531-1532-2043,1,0,0,0,0,0,0,0,0
N6PGUGMFC_1020-3067-1532-3579,1,0,0,0,0,0,0,0,0
N6PGUGMFC_1532-2043-2044-2555,1,0,0,0,0,0,0,0,0
N6PGUGMFC_1526-4014-2038-4526,1,0,0,0,0,0,0,0,0
N6PGUGMFC_1095-1079-1607-1591,1,0,0,0,0,0,0,0,0
N6PGUGMFC_10487-572-10999-1084,1,0,0,0,0,0,0,0,0
N6PGUGMFC_1532-2555-2044-3067,1,0,0,0,0,0,0,0,0
N6PGUGMFC_1532-3579-2044-4091,1,0,0,0,0,0,0,0,0
N6PGUGMFC_1532-3067-2044-3579,1,0,0,0,0,0,0,0,0
N6PGUGMFC_1607-1079-2119-1591,1,0,0,0,0,0,0,0,0
N6PGUGMFC_1607-567-2119-1079,1,0,0,0,0,0,0,0,0
N6PGUGMFC_1991-1442-2503-1954,1,0,0,0,0,0,0,0,0
N6PGUGMFC_1607-1591-2119-2103,1,0,0,0,0,0,0,0,0
N6PGUGMFC_2038-4014-2550-4526,1,0,0,0,0,0,0,0,0
N6PGUGMFC_1991-2466-2503-2978,1,0,0,0,0,0,0,0,0
N6PGUGMFC_2044-2043-2556-2555,1,0,0,0,0,0,0,0,0
N6PGUGMFC_2286-1182-2798-1694,1,0,0,0,0,0,0,0,0
N6PGUGMFC_2044-3067-2556-3579,1,0,0,0,0,0,0,0,0
N6PGUGMFC_2286-670-2798-1182,1,0,0,0,0,0,0,0,0
N6PGUGMFC_2550-4014-3062-4526,1,0,0,0,0,0,0,0,0
N6PGUGMFC_2044-3579-2556-4091,1,0,0,0,0,0,0,0,0
N6PGUGMFC_2556-2555-3068-3067,1,0,0,0,0,0,0,0,0
N6PGUGMFC_2556-2043-3068-2555,1,0,0,0,0,0,0,0,0
N6PGUGMFC_2556-1531-3068-2043,1,0,0,0,0,0,0,0,0
N6PGUGMFC_2556-3067-3068-3579,1,0,0,0,0,0,0,0,0
N6PGUGMFC_2798-670-3310-1182,1,0,0,0,0,0,0,0,0
N6PGUGMFC_2556-3579-3068-4091,1,0,0,0,0,0,0,0,0
N6PGUGMFC_2631-1079-3143-1591,1,0,0,0,0,0,0,0,0
N6PGUGMFC_3068-1531-3580-2043,1,0,0,0,0,0,0,0,0
N6PGUGMFC_3068-2043-3580-2555,1,0,0,0,0,0,0,0,0
N6PGUGMFC_3068-2555-3580-3067,1,0,0,0,0,0,0,0,0
N6PGUGMFC_3310-670-3822-1182,1,0,0,0,0,0,0,0,0
N6PGUGMFC_3310-1182-3822-1694,1,0,0,0,0,0,0,0,0
N6PGUGMFC_4460-1030-4972-1542,1,0,0,0,0,0,0,0,0
N6PGUGMFC_4333-1771-4845-2283,1,0,0,0,0,0,0,0,0
N6PGUGMFC_3994-4073-4506-4585,1,0,0,0,0,0,0,0,0
N6PGUGMFC_4343-2620-4855-3132,1,0,0,0,0,0,0,0,0
N6PGUGMFC_4333-3307-4845-3819,1,0,0,0,0,0,0,0,0
N6PGUGMFC_3994-3049-4506-3561,1,0,0,0,0,0,0,0,0
N6PGUGMFC_4460-1542-4972-2054,1,0,0,0,0,0,0,0,0
N6PGUGMFC_4333-2283-4845-2795,1,0,0,0,0,0,0,0,0
N6PGUGMFC_3994-3561-4506-4073,1,0,0,0,0,0,0,0,0
N6PGUGMFC_4460-518-4972-1030,1,0,0,0,0,0,0,0,0
N6PGUGMFC_4506-3049-5018-3561,1,0,0,0,0,0,0,0,0
N6PGUGMFC_4460-2054-4972-2566,1,0,0,0,0,0,0,0,0
N6PGUGMFC_4506-3561-5018-4073,1,0,0,0,0,0,0,0,0
N6PGUGMFC_4845-2283-5357-2795,1,0,0,0,0,0,0,0,0
N6PGUGMFC_4845-3307-5357-3819,1,0,0,0,0,0,0,0,0
N6PGUGMFC_4506-4073-5018-4585,1,0,0,0,0,0,0,0,0
N6PGUGMFC_4855-1084-5367-1596,1,0,0,0,0,0,0,0,0
N6PGUGMFC_4855-1596-5367-2108,1,0,0,0,0,0,0,0,0
N6PGUGMFC_502-3502-1014-4014,1,0,0,0,0,0,0,0,0
N6PGUGMFC_5018-3561-5530-4073,1,0,0,0,0,0,0,0,0
N6PGUGMFC_4855-572-5367-1084,1,0,0,0,0,0,0,0,0
N6PGUGMFC_4972-2054-5484-2566,1,0,0,0,0,0,0,0,0
N6PGUGMFC_508-2555-1020-3067,1,0,0,0,0,0,0,0,0
N6PGUGMFC_5018-3049-5530-3561,1,0,0,0,0,0,0,0,0
N6PGUGMFC_502-4014-1014-4526,1,0,0,0,0,0,0,0,0
N6PGUGMFC_5018-4073-5530-4585,1,0,0,0,0,0,0,0,0
N6PGUGMFC_508-2043-1020-2555,1,0,0,0,0,0,0,0,0
N6PGUGMFC_5357-3307-5869-3819,1,0,0,0,0,0,0,0,0
N6PGUGMFC_5357-2283-5869-2795,1,0,0,0,0,0,0,0,0
N6PGUGMFC_508-3067-1020-3579,1,0,0,0,0,0,0,0,0
N6PGUGMFC_5367-2620-5879-3132,1,0,0,0,0,0,0,0,0
N6PGUGMFC_5530-3049-6042-3561,1,0,0,0,0,0,0,0,0
N6PGUGMFC_5367-572-5879-1084,1,0,0,0,0,0,0,0,0
N6PGUGMFC_5530-3561-6042-4073,1,0,0,0,0,0,0,0,0
N6PGUGMFC_583-1079-1095-1591,1,0,0,0,0,0,0,0,0
N6PGUGMFC_5869-1771-6381-2283,1,0,0,0,0,0,0,0,0
N6PGUGMFC_5879-2108-6391-2620,1,0,0,0,0,0,0,0,0
N6PGUGMFC_5530-4073-6042-4585,1,0,0,0,0,0,0,0,0
N6PGUGMFC_583-567-1095-1079,1,0,0,0,0,0,0,0,0
N6PGUGMFC_5869-3307-6381-3819,1,0,0,0,0,0,0,0,0
N6PGUGMFC_6042-3561-6554-4073,1,0,0,0,0,0,0,0,0
N6PGUGMFC_583-1591-1095-2103,1,0,0,0,0,0,0,0,0
N6PGUGMFC_5869-2795-6381-3307,1,0,0,0,0,0,0,0,0
N6PGUGMFC_6042-3049-6554-3561,1,0,0,0,0,0,0,0,0
N6PGUGMFC_6042-4073-6554-4585,1,0,0,0,0,0,0,0,0
N6PGUGMFC_6381-2283-6893-2795,1,0,0,0,0,0,0,0,0
N6PGUGMFC_6381-3307-6893-3819,1,0,0,0,0,0,0,0,0
N6PGUGMFC_6381-1771-6893-2283,1,0,0,0,0,0,0,0,0
N6PGUGMFC_6391-2620-6903-3132,1,0,0,0,0,0,0,0,0
N6PGUGMFC_6391-1084-6903-1596,1,0,0,0,0,0,0,0,0
N6PGUGMFC_6554-4073-7066-4585,1,0,0,0,0,0,0,0,0
N6PGUGMFC_6554-3561-7066-4073,1,0,0,0,0,0,0,0,0
N6PGUGMFC_6903-2620-7415-3132,1,0,0,0,0,0,0,0,0
N6PGUGMFC_6893-2283-7405-2795,1,0,0,0,0,0,0,0,0
N6PGUGMFC_6893-3307-7405-3819,1,0,0,0,0,0,0,0,0
N6PGUGMFC_710-1824-1222-2336,1,0,0,0,0,0,0,0,0
N6PGUGMFC_6893-1771-7405-2283,1,0,0,0,0,0,0,0,0
N6PGUGMFC_7066-3561-7578-4073,1,0,0,0,0,0,0,0,0
N6PGUGMFC_7075-3150-7587-3662,1,0,0,0,0,0,0,0,0
N6PGUGMFC_710-2336-1222-2848,1,0,0,0,0,0,0,0,0
N6PGUGMFC_6563-3150-7075-3662,1,0,0,0,0,0,0,0,0
N6PGUGMFC_710-2848-1222-3360,1,0,0,0,0,0,0,0,0
N6PGUGMFC_7066-4073-7578-4585,1,0,0,0,0,0,0,0,0
N6PGUGMFC_7405-1771-7917-2283,1,0,0,0,0,0,0,0,0
N6PGUGMFC_7405-2283-7917-2795,1,0,0,0,0,0,0,0,0
N6PGUGMFC_7405-2795-7917-3307,1,0,0,0,0,0,0,0,0
N6PGUGMFC_7578-4073-8090-4585,1,0,0,0,0,0,0,0,0
N6PGUGMFC_7405-3307-7917-3819,1,0,0,0,0,0,0,0,0
N6PGUGMFC_7578-3561-8090-4073,1,0,0,0,0,0,0,0,0
N6PGUGMFC_7578-3049-8090-3561,1,0,0,0,0,0,0,0,0
N6PGUGMFC_7927-2108-8439-2620,1,0,0,0,0,0,0,0,0
N6PGUGMFC_7917-2795-8429-3307,1,0,0,0,0,0,0,0,0
N6PGUGMFC_7642-2657-8154-3169,1,0,0,0,0,0,0,0,0
N6PGUGMFC_8154-2657-8666-3169,1,0,0,0,0,0,0,0,0
N6PGUGMFC_7927-1596-8439-2108,1,0,0,0,0,0,0,0,0
N6PGUGMFC_7917-3307-8429-3819,1,0,0,0,0,0,0,0,0
N6PGUGMFC_8439-1084-8951-1596,1,0,0,0,0,0,0,0,0
N6PGUGMFC_8429-2795-8941-3307,1,0,0,0,0,0,0,0,0
N6PGUGMFC_8090-3049-8602-3561,1,0,0,0,0,0,0,0,0
N6PGUGMFC_8090-3561-8602-4073,1,0,0,0,0,0,0,0,0
N6PGUGMFC_8429-3307-8941-3819,1,0,0,0,0,0,0,0,0
N6PGUGMFC_8666-3169-9178-3681,1,0,0,0,0,0,0,0,0
N6PGUGMFC_8439-2108-8951-2620,1,0,0,0,0,0,0,0,0
N6PGUGMFC_8439-1596-8951-2108,1,0,0,0,0,0,0,0,0
N6PGUGMFC_8951-1084-9463-1596,1,0,0,0,0,0,0,0,0
N6PGUGMFC_8941-1771-9453-2283,1,0,0,0,0,0,0,0,0
N6PGUGMFC_8951-2620-9463-3132,1,0,0,0,0,0,0,0,0
N6PGUGMFC_8951-2108-9463-2620,1,0,0,0,0,0,0,0,0
N6PGUGMFC_9463-2620-9975-3132,1,0,0,0,0,0,0,0,0
N6PGUGMFC_9463-2108-9975-2620,1,0,0,0,0,0,0,0,0
N6PGUGMFC_967-1954-1479-2466,1,0,0,0,0,0,0,0,0
N6PGUGMFC_9463-1596-9975-2108,1,0,0,0,0,0,0,0,0
N6PGUGMFC_9975-1084-10487-1596,1,0,0,0,0,0,0,0,0
N6PGUGMFC_9463-1084-9975-1596,1,0,0,0,0,0,0,0,0
N6PGUGMFC_967-2466-1479-2978,1,0,0,0,0,0,0,0,0
N6PGUGMFC_9975-572-10487-1084,1,0,0,0,0,0,0,0,0
N7GPNUK77_1315-955-1827-1467,0,0,0,0,0,1,0,0,0
N6PGUGMFC_9975-1596-10487-2108,1,0,0,0,0,0,0,0,0
N7GPNUK77_1827-955-2339-1467,0,0,0,0,0,1,0,0,0
N7GPNUK77_3363-955-3875-1467,0,0,0,0,0,1,0,0,0
N7GPNUK77_2851-955-3363-1467,0,0,0,0,0,1,0,0,0
N7GPNUK77_2339-955-2851-1467,0,0,0,0,0,1,0,0,0
N7GPNUK77_4387-955-4899-1467,0,0,0,0,0,1,0,0,0
N7GPNUK77_4899-955-5411-1467,0,0,0,0,0,1,0,0,0
N7GPNUK77_5411-955-5923-1467,0,0,0,0,0,1,0,0,0
N7GPNUK77_3875-955-4387-1467,0,0,0,0,0,1,0,0,0
N7GPNUK77_5923-955-6435-1467,0,0,0,0,0,1,0,0,0
N7GPNUK77_803-955-1315-1467,0,0,0,0,0,1,0,0,0
N8WWJBYTY_1187-721-1699-1233,0,0,0,0,0,1,0,0,0
N8WWJBYTY_3099-733-3611-1245,0,0,0,0,0,1,0,0,0
N8WWJBYTY_2512-735-3024-1247,0,0,0,0,0,1,0,0,0
N8WWJBYTY_2000-735-2512-1247,0,0,0,0,0,1,0,0,0
N8JTUDTQG_2869-1966-3381-2478,0,0,0,0,0,0,1,0,0
N8JTUDTQG_2357-1966-2869-2478,0,0,0,0,0,0,1,0,0
N8JTUDTQG_1845-2478-2357-2990,0,0,0,0,0,0,1,0,0
N8WWJBYTY_2821-733-3333-1245,0,0,0,0,0,1,0,0,0
N8WWJBYTY_3611-733-4123-1245,0,0,0,0,0,1,0,0,0
N8WWJBYTY_4512-692-5024-1204,0,0,0,0,0,1,0,0,0
N8WWJBYTY_4162-707-4674-1219,0,0,0,0,0,1,0,0,0
N8WWJBYTY_5017-698-5529-1210,0,0,0,0,0,1,0,0,0
N8WWJBYTY_668-7787-1180-8299,0,0,0,0,0,1,0,0,0
N8WWJBYTY_675-721-1187-1233,0,0,0,0,0,1,0,0,0
N94JWEUJP_1337-2703-1849-3215,0,0,0,0,0,0,0,0,1
N94JWEUJP_1419-2314-1931-2826,0,0,0,0,0,0,0,0,1
NA13KTUE6_3320-4432-3832-4944,0,0,1,0,0,0,0,0,0
N94JWEUJP_4324-4664-4836-5176,0,0,0,0,0,0,0,0,1
NA13KTUE6_3320-5968-3832-6480,0,0,1,0,0,0,0,0,0
N94JWEUJP_1739-664-2251-1176,0,0,0,0,0,0,0,0,1
N94JWEUJP_4270-3768-4782-4280,0,0,0,0,0,0,0,0,1
NA13KTUE6_3320-4944-3832-5456,0,0,1,0,0,0,0,0,0
NA13KTUE6_3320-5456-3832-5968,0,0,1,0,0,0,0,0,0
NA13KTUE6_3320-6480-3832-6992,0,0,1,0,0,0,0,0,0
NAZFCHU8E_1010-1482-1522-1994,0,0,0,0,0,1,0,0,0
N94JWEUJP_4281-1021-4793-1533,0,0,0,0,0,0,0,0,1
NAZFCHU8E_1010-1994-1522-2506,0,0,0,0,0,1,0,0,0
NAZFCHU8E_1010-3530-1522-4042,0,0,0,0,0,1,0,0,0
NAZFCHU8E_1010-2506-1522-3018,0,0,0,0,0,1,0,0,0
NAZFCHU8E_1010-3018-1522-3530,0,0,0,0,0,1,0,0,0
NAZFCHU8E_1433-3346-1945-3858,0,0,0,0,0,1,0,0,0
NAZFCHU8E_1143-882-1655-1394,0,0,0,0,1,1,0,0,0
NAZFCHU8E_1567-837-2079-1349,0,0,0,0,1,1,0,0,0
NAZFCHU8E_1681-4078-2193-4590,0,0,0,0,1,1,0,0,0
NAZFCHU8E_2491-1038-3003-1550,0,0,0,0,0,1,0,0,0
NAZFCHU8E_2491-526-3003-1038,0,0,0,0,1,1,0,0,0
NAZFCHU8E_3515-1038-4027-1550,0,0,0,0,0,1,0,0,0
NAZFCHU8E_2207-707-2719-1219,0,0,0,0,1,1,0,0,0
NAZFCHU8E_3003-1038-3515-1550,0,0,0,0,0,1,0,0,0
NAZFCHU8E_2705-4078-3217-4590,0,0,0,0,1,1,0,0,0
NAZFCHU8E_2922-744-3434-1256,0,0,0,0,1,1,0,0,0
NAZFCHU8E_2193-4078-2705-4590,0,0,0,0,1,1,0,0,0
NAZFCHU8E_3555-623-4067-1135,0,0,0,0,1,1,0,0,0
NAZFCHU8E_3217-4078-3729-4590,0,0,0,0,1,1,0,0,0
NAZFCHU8E_3729-4078-4241-4590,0,0,0,0,1,1,0,0,0
NAZFCHU8E_4027-1038-4539-1550,0,0,0,0,0,1,0,0,0
NAZFCHU8E_4027-526-4539-1038,0,0,0,0,1,1,0,0,0
NAZFCHU8E_4241-4078-4753-4590,0,0,0,0,1,1,0,0,0
NAZFCHU8E_4539-526-5051-1038,0,0,0,0,1,1,0,0,0
NAZFCHU8E_4557-3873-5069-4385,0,0,0,0,0,1,0,0,0
NAZFCHU8E_4753-4078-5265-4590,0,0,0,0,0,1,0,0,0
NAZFCHU8E_5051-526-5563-1038,0,0,0,0,1,1,0,0,0
NB1HDE6UV_2119-2244-2631-2756,0,1,0,0,0,0,0,0,0
NB1HDE6UV_3001-3006-3513-3518,0,1,0,0,0,0,0,0,0
NB1HDE6UV_2631-2244-3143-2756,0,1,0,0,0,0,0,0,0
NAZFCHU8E_5265-4078-5777-4590,0,0,0,0,0,1,0,0,0
NB1HDE6UV_3001-1982-3513-2494,0,1,0,0,0,0,0,0,0
NB1HDE6UV_3001-2494-3513-3006,0,1,0,0,0,0,0,0,0
NB1HDE6UV_3481-3488-3993-4000,0,1,0,0,0,0,0,0,0
NB1HDE6UV_10043-3237-10555-3749,0,1,0,0,0,0,0,0,0
NAZFCHU8E_5563-526-6075-1038,0,0,0,0,0,1,0,0,0
NB1HDE6UV_3513-1982-4025-2494,0,1,0,0,0,0,0,0,0
NB1HDE6UV_3694-3051-4206-3563,0,1,0,0,0,0,0,0,0
NB1HDE6UV_3513-2494-4025-3006,0,1,0,0,0,0,0,0,0
NB1HDE6UV_4206-3051-4718-3563,0,1,0,0,0,0,0,0,0
NB1HDE6UV_3993-3488-4505-4000,0,1,0,0,0,0,0,0,0
NB1HDE6UV_4738-3395-5250-3907,0,1,0,0,0,0,0,0,0
NB1HDE6UV_4298-3360-4810-3872,0,1,0,0,0,0,0,0,0
NB1HDE6UV_5583-2556-6095-3068,0,1,0,0,0,0,0,0,0
NB1HDE6UV_5250-3395-5762-3907,0,1,0,0,0,0,0,0,0
NB1HDE6UV_6095-2556-6607-3068,0,1,0,0,0,0,0,0,0
NB1HDE6UV_5583-3068-6095-3580,0,1,0,0,0,0,0,0,0
NB1HDE6UV_6103-3385-6615-3897,0,1,0,0,0,0,0,0,0
NB1HDE6UV_5762-3395-6274-3907,0,1,0,0,0,0,0,0,0
NB1HDE6UV_6103-3897-6615-4409,0,1,0,0,0,0,0,0,0
NB1HDE6UV_6095-3068-6607-3580,0,1,0,0,0,0,0,0,0
NB1HDE6UV_6615-3385-7127-3897,0,1,0,0,0,0,0,0,0
NB1HDE6UV_5925-4238-6437-4750,0,1,0,0,0,0,0,0,0
NB1HDE6UV_6437-4238-6949-4750,0,1,0,0,0,0,0,0,0
NB1HDE6UV_6615-3897-7127-4409,0,1,0,0,0,0,0,0,0
NB1HDE6UV_7127-3385-7639-3897,0,1,0,0,0,0,0,0,0
NB1HDE6UV_6949-4238-7461-4750,0,1,0,0,0,0,0,0,0
NB1HDE6UV_7461-4238-7973-4750,0,1,0,0,0,0,0,0,0
NB1HDE6UV_7127-3897-7639-4409,0,1,0,0,0,0,0,0,0
NB1HDE6UV_8507-3237-9019-3749,0,1,0,0,0,0,0,0,0
NB1HDE6UV_7639-3897-8151-4409,0,1,0,0,0,0,0,0,0
NB1HDE6UV_7639-3385-8151-3897,0,1,0,0,0,0,0,0,0
NB1HDE6UV_8151-3385-8663-3897,0,1,0,0,0,0,0,0,0
NB1HDE6UV_9531-3237-10043-3749,0,1,0,0,0,0,0,0,0
NB2A1XV4C_1758-1538-2270-2050,0,0,0,0,0,1,0,0,0
NB2A1XV4C_1758-1026-2270-1538,0,0,0,0,0,1,0,0,0
NB1HDE6UV_9019-3237-9531-3749,0,1,0,0,0,0,0,0,0
NB2A1XV4C_1521-1729-2033-2241,0,0,0,0,0,1,0,0,0
NB2A1XV4C_2846-1251-3358-1763,0,0,0,0,0,1,0,0,0
NB2A1XV4C_2192-907-2704-1419,0,0,0,0,0,1,0,0,0
NB2A1XV4C_3358-1251-3870-1763,0,0,0,0,0,1,0,0,0
NB2A1XV4C_2846-739-3358-1251,0,0,0,0,0,1,0,0,0
NB2A1XV4C_3358-739-3870-1251,0,0,0,0,0,1,0,0,0
NBAJRVFBP_2078-2966-2590-3478,0,0,1,0,0,0,0,0,0
NBAJRVFBP_2969-2740-3481-3252,0,0,1,0,0,0,0,0,0
NBAJRVFBP_2457-2740-2969-3252,0,0,1,0,0,0,0,0,0
NBAJRVFBP_3481-2740-3993-3252,0,0,1,0,0,0,0,0,0
NBAJRVFBP_3517-4080-4029-4592,0,0,1,0,0,0,0,0,0
NBAJRVFBP_5982-2758-6494-3270,0,0,1,0,0,0,0,0,0
NBAJRVFBP_4162-4272-4674-4784,0,0,1,0,0,0,0,0,0
NBAJRVFBP_4464-4305-4976-4817,0,0,1,0,0,0,0,0,0
NBAJRVFBP_6854-3906-7366-4418,0,0,1,0,0,0,0,0,0
NBAJRVFBP_7703-3323-8215-3835,0,0,1,0,0,0,0,0,0
NBAJRVFBP_8126-3353-8638-3865,0,0,1,0,0,0,0,0,0
NBAJRVFBP_7423-3765-7935-4277,0,0,1,0,0,0,0,0,0
NBLEJR1WF_1761-503-2273-1015,0,0,0,0,1,0,0,0,0
NBAJRVFBP_6515-3011-7027-3523,0,0,1,0,0,0,0,0,0
NBAJRVFBP_7021-3538-7533-4050,0,0,1,0,0,0,0,0,0
NBAJRVFBP_7496-3128-8008-3640,0,0,1,0,0,0,0,0,0
NBAJRVFBP_7914-3510-8426-4022,0,0,1,0,0,0,0,0,0
NBAJRVFBP_7027-3011-7539-3523,0,0,1,0,0,0,0,0,0
NBLEJR1WF_1798-827-2310-1339,0,0,0,0,1,0,0,0,0
NBLEJR1WF_5422-3377-5934-3889,0,0,0,0,1,0,0,0,0
NBLEJR1WF_5488-3075-6000-3587,0,0,0,0,1,0,0,0,0
NBLEJR1WF_5475-2093-5987-2605,0,0,0,0,1,0,0,0,0
NBLEJR1WF_647-1331-1159-1843,0,0,0,0,1,0,0,0,0
NBLEJR1WF_5497-2427-6009-2939,0,0,0,0,1,0,0,0,0
NBLEJR1WF_5491-2753-6003-3265,0,0,0,0,1,0,0,0,0
NBLEJR1WF_652-1661-1164-2173,0,0,0,0,1,0,0,0,0
NC7BZERAE_1578-1733-2090-2245,0,0,1,0,0,0,0,0,0
NBLEJR1WF_9620-2959-10132-3471,0,0,0,0,1,0,0,0,0
NBLEJR1WF_9597-3275-10109-3787,0,0,0,0,1,0,0,0,0
NBLEJR1WF_9637-2642-10149-3154,0,0,0,0,1,0,0,0,0
NBLEJR1WF_9286-1472-9798-1984,0,0,0,0,1,0,0,0,0
NBLEJR1WF_9108-650-9620-1162,0,0,0,0,1,0,0,0,0
NBLEJR1WF_9250-1022-9762-1534,0,0,0,0,1,0,0,0,0
NBLEJR1WF_9302-1833-9814-2345,0,0,0,0,1,0,0,0,0
NC7BZERAE_1578-1221-2090-1733,0,0,1,0,0,0,0,0,0
NC7BZERAE_1578-197-2090-709,0,0,1,0,0,0,0,0,0
NC7BZERAE_2090-1733-2602-2245,0,0,1,0,0,0,0,0,0
NC7BZERAE_1704-3989-2216-4501,0,0,1,0,0,0,0,0,0
NC7BZERAE_1578-709-2090-1221,0,0,1,0,0,0,0,0,0
NC7BZERAE_2090-1221-2602-1733,0,0,1,0,0,0,0,0,0
NC7BZERAE_3050-2356-3562-2868,0,0,1,0,0,0,0,0,0
NC7BZERAE_2538-2868-3050-3380,0,0,1,0,0,0,0,0,0
NC7BZERAE_2538-2356-3050-2868,0,0,1,0,0,0,0,0,0
NC7BZERAE_4899-2784-5411-3296,0,0,1,0,0,0,0,0,0
NC7BZERAE_4014-2996-4526-3508,0,0,1,0,0,0,0,0,0
NC7BZERAE_4014-3508-4526-4020,0,0,1,0,0,0,0,0,0
NC7BZERAE_3050-2868-3562-3380,0,0,1,0,0,0,0,0,0
NC7BZERAE_5221-2836-5733-3348,0,0,1,0,0,0,0,0,0
NC7BZERAE_5216-3286-5728-3798,0,0,1,0,0,0,0,0,0
NC7BZERAE_5221-2324-5733-2836,0,0,1,0,0,0,0,0,0
NC7BZERAE_4956-3780-5468-4292,0,0,1,0,0,0,0,0,0
NC7BZERAE_5733-2324-6245-2836,0,0,1,0,0,0,0,0,0
NC7BZERAE_6269-1175-6781-1687,0,0,1,0,0,0,0,0,0
NC7BZERAE_6269-1687-6781-2199,0,0,1,0,0,0,0,0,0
NC7BZERAE_6282-2690-6794-3202,0,0,1,0,0,0,0,0,0
NC7BZERAE_6282-2178-6794-2690,0,0,1,0,0,0,0,0,0
NC7BZERAE_6463-3211-6975-3723,0,0,1,0,0,0,0,0,0
NC7BZERAE_6269-663-6781-1175,0,0,1,0,0,0,0,0,0
NC7BZERAE_6282-4738-6794-5250,0,0,1,0,0,0,0,0,0
NC7BZERAE_6463-3723-6975-4235,0,0,1,0,0,0,0,0,0
NC7BZERAE_6463-4235-6975-4747,0,0,1,0,0,0,0,0,0
ND4EHNNG3_10371-4778-10883-5290,0,0,1,0,0,0,0,0,0
ND4EHNNG3_1140-1789-1652-2301,0,0,1,0,0,0,0,0,0
ND4EHNNG3_10130-1509-10642-2021,0,0,1,0,0,0,0,0,0
ND4EHNNG3_10883-4778-11395-5290,0,0,1,0,0,0,0,0,0
ND4EHNNG3_10126-4897-10638-5409,0,0,1,0,0,0,0,0,0
ND4EHNNG3_10606-4964-11118-5476,0,0,1,0,0,0,0,0,0
ND4EHNNG3_10833-5462-11345-5974,0,0,1,0,0,0,0,0,0
ND4EHNNG3_1143-3258-1655-3770,0,0,1,0,0,0,0,0,0
ND4EHNNG3_1309-4887-1821-5399,0,0,1,0,0,0,0,0,0
ND4EHNNG3_1266-4089-1778-4601,0,0,1,0,0,0,0,0,0
ND4EHNNG3_1477-5174-1989-5686,0,0,1,0,0,0,0,0,0
ND4EHNNG3_1989-5174-2501-5686,0,0,1,0,0,0,0,0,0
ND4EHNNG3_1477-5686-1989-6198,0,0,1,0,0,0,0,0,0
ND4EHNNG3_2005-5471-2517-5983,0,0,1,0,0,0,0,0,0
ND4EHNNG3_1678-5379-2190-5891,0,0,1,0,0,0,0,0,0
ND4EHNNG3_1684-4872-2196-5384,0,0,1,0,0,0,0,0,0
ND4EHNNG3_2454-4343-2966-4855,0,0,1,0,0,0,0,0,0
ND4EHNNG3_2454-3831-2966-4343,0,0,1,0,0,0,0,0,0
ND4EHNNG3_2454-5879-2966-6391,0,0,1,0,0,0,0,0,0
ND4EHNNG3_2454-5367-2966-5879,0,0,1,0,0,0,0,0,0
ND4EHNNG3_2498-1907-3010-2419,0,0,1,0,0,0,0,0,0
ND4EHNNG3_2454-4855-2966-5367,0,0,1,0,0,0,0,0,0
ND4EHNNG3_2751-3176-3263-3688,0,0,1,0,0,0,0,0,0
ND4EHNNG3_2751-3688-3263-4200,0,0,1,0,0,0,0,0,0
ND4EHNNG3_2679-1717-3191-2229,0,0,1,0,0,0,0,0,0
ND4EHNNG3_2908-5499-3420-6011,0,0,1,0,0,0,0,0,0
ND4EHNNG3_2958-4721-3470-5233,0,0,1,0,0,0,0,0,0
ND4EHNNG3_2966-4343-3478-4855,0,0,1,0,0,0,0,0,0
ND4EHNNG3_2985-3970-3497-4482,0,0,1,0,0,0,0,0,0
ND4EHNNG3_3025-5817-3537-6329,0,0,1,0,0,0,0,0,0
ND4EHNNG3_3100-5322-3612-5834,0,0,1,0,0,0,0,0,0
ND4EHNNG3_3690-6123-4202-6635,0,0,1,0,0,0,0,0,0
ND4EHNNG3_3666-5602-4178-6114,0,0,1,0,0,0,0,0,0
ND4EHNNG3_4265-3492-4777-4004,0,0,1,0,0,0,0,0,0
ND4EHNNG3_3178-5611-3690-6123,0,0,1,0,0,0,0,0,0
ND4EHNNG3_3178-6123-3690-6635,0,0,1,0,0,0,0,0,0
ND4EHNNG3_4822-5812-5334-6324,0,0,1,0,0,0,0,0,0
ND4EHNNG3_4523-5706-5035-6218,0,0,1,0,0,0,0,0,0
ND4EHNNG3_4741-4181-5253-4693,0,0,1,0,0,0,0,0,0
ND4EHNNG3_4565-4839-5077-5351,0,0,1,0,0,0,0,0,0
ND4EHNNG3_4721-5033-5233-5545,0,0,1,0,0,0,0,0,0
ND4EHNNG3_4745-5322-5257-5834,0,0,1,0,0,0,0,0,0
ND4EHNNG3_4907-3979-5419-4491,0,0,1,0,0,0,0,0,0
ND4EHNNG3_4907-4491-5419-5003,0,0,1,0,0,0,0,0,0
ND4EHNNG3_5116-4202-5628-4714,0,0,1,0,0,0,0,0,0
ND4EHNNG3_5127-4946-5639-5458,0,0,1,0,0,0,0,0,0
ND4EHNNG3_5406-3936-5918-4448,0,0,1,0,0,0,0,0,0
ND4EHNNG3_5663-3809-6175-4321,0,0,1,0,0,0,0,0,0
ND4EHNNG3_5240-4625-5752-5137,0,0,1,0,0,0,0,0,0
ND4EHNNG3_5257-5834-5769-6346,0,0,1,0,0,0,0,0,0
ND4EHNNG3_5257-5322-5769-5834,0,0,1,0,0,0,0,0,0
ND4EHNNG3_5540-5497-6052-6009,0,0,1,0,0,0,0,0,0
ND4EHNNG3_5682-4684-6194-5196,0,0,1,0,0,0,0,0,0
ND4EHNNG3_5908-5392-6420-5904,0,0,1,0,0,0,0,0,0
ND4EHNNG3_6172-5990-6684-6502,0,0,1,0,0,0,0,0,0
ND4EHNNG3_6172-6373-6684-6885,0,0,1,0,0,0,0,0,0
ND4EHNNG3_5933-4100-6445-4612,0,0,1,0,0,0,0,0,0
ND4EHNNG3_5933-4612-6445-5124,0,0,1,0,0,0,0,0,0
ND4EHNNG3_6181-5166-6693-5678,0,0,1,0,0,0,0,0,0
ND4EHNNG3_6149-1953-6661-2465,0,0,1,0,0,0,0,0,0
ND4EHNNG3_6271-5573-6783-6085,0,0,1,0,0,0,0,0,0
ND4EHNNG3_6414-1388-6926-1900,0,0,1,0,0,0,0,0,0
ND4EHNNG3_6552-1619-7064-2131,0,0,1,0,0,0,0,0,0
ND4EHNNG3_6539-5375-7051-5887,0,0,1,0,0,0,0,0,0
ND4EHNNG3_6672-1228-7184-1740,0,0,1,0,0,0,0,0,0
ND4EHNNG3_6745-6041-7257-6553,0,0,1,0,0,0,0,0,0
ND4EHNNG3_6817-4857-7329-5369,0,0,1,0,0,0,0,0,0
ND4EHNNG3_6684-6373-7196-6885,0,0,1,0,0,0,0,0,0
ND4EHNNG3_6858-1795-7370-2307,0,0,1,0,0,0,0,0,0
ND4EHNNG3_6941-560-7453-1072,0,0,1,0,0,0,0,0,0
ND4EHNNG3_6863-4504-7375-5016,0,0,1,0,0,0,0,0,0
ND4EHNNG3_7097-3878-7609-4390,0,0,1,0,0,0,0,0,0
ND4EHNNG3_7184-2252-7696-2764,0,0,1,0,0,0,0,0,0
ND4EHNNG3_7184-1740-7696-2252,0,0,1,0,0,0,0,0,0
ND4EHNNG3_7184-1228-7696-1740,0,0,1,0,0,0,0,0,0
ND4EHNNG3_7184-716-7696-1228,0,0,1,0,0,0,0,0,0
ND4EHNNG3_7169-4801-7681-5313,0,0,1,0,0,0,0,0,0
ND4EHNNG3_7196-6373-7708-6885,0,0,1,0,0,0,0,0,0
ND4EHNNG3_7252-3606-7764-4118,0,0,1,0,0,0,0,0,0
ND4EHNNG3_7257-5529-7769-6041,0,0,1,0,0,0,0,0,0
ND4EHNNG3_7257-6041-7769-6553,0,0,1,0,0,0,0,0,0
ND4EHNNG3_7284-4093-7796-4605,0,0,1,0,0,0,0,0,0
ND4EHNNG3_7520-5234-8032-5746,0,0,1,0,0,0,0,0,0
ND4EHNNG3_7540-3543-8052-4055,0,0,1,0,0,0,0,0,0
ND4EHNNG3_7520-5746-8032-6258,0,0,1,0,0,0,0,0,0
ND4EHNNG3_7646-3269-8158-3781,0,0,1,0,0,0,0,0,0
ND4EHNNG3_7486-6177-7998-6689,0,0,1,0,0,0,0,0,0
ND4EHNNG3_7646-3781-8158-4293,0,0,1,0,0,0,0,0,0
ND4EHNNG3_7642-2916-8154-3428,0,0,1,0,0,0,0,0,0
ND4EHNNG3_7646-4805-8158-5317,0,0,1,0,0,0,0,0,0
ND4EHNNG3_7799-2695-8311-3207,0,0,1,0,0,0,0,0,0
ND4EHNNG3_7917-3894-8429-4406,0,0,1,0,0,0,0,0,0
ND4EHNNG3_7646-4293-8158-4805,0,0,1,0,0,0,0,0,0
ND4EHNNG3_8032-5234-8544-5746,0,0,1,0,0,0,0,0,0
ND4EHNNG3_7799-2183-8311-2695,0,0,1,0,0,0,0,0,0
ND4EHNNG3_8149-6373-8661-6885,0,0,1,0,0,0,0,0,0
ND4EHNNG3_8544-5234-9056-5746,0,0,1,0,0,0,0,0,0
ND4EHNNG3_8732-6265-9244-6777,0,0,1,0,0,0,0,0,0
ND4EHNNG3_8544-5746-9056-6258,0,0,1,0,0,0,0,0,0
ND4EHNNG3_8971-6373-9483-6885,0,0,1,0,0,0,0,0,0
ND4EHNNG3_9152-5848-9664-6360,0,0,1,0,0,0,0,0,0
ND4EHNNG3_9373-3418-9885-3930,0,0,1,0,0,0,0,0,0
ND4EHNNG3_914-2967-1426-3479,0,0,1,0,0,0,0,0,0
ND4EHNNG3_9123-6192-9635-6704,0,0,1,0,0,0,0,0,0
ND4EHNNG3_906-2070-1418-2582,0,0,1,0,0,0,0,0,0
ND4EHNNG3_910-4811-1422-5323,0,0,1,0,0,0,0,0,0
ND4EHNNG3_9347-4778-9859-5290,0,0,1,0,0,0,0,0,0
ND4EHNNG3_9593-1447-10105-1959,0,0,1,0,0,0,0,0,0
ND4EHNNG3_9593-1959-10105-2471,0,0,1,0,0,0,0,0,0
ND4EHNNG3_965-5174-1477-5686,0,0,1,0,0,0,0,0,0
ND4EHNNG3_9395-2358-9907-2870,0,0,1,0,0,0,0,0,0
ND4EHNNG3_9821-1566-10333-2078,0,0,1,0,0,0,0,0,0
ND4EHNNG3_9589-2498-10101-3010,0,0,1,0,0,0,0,0,0
ND4EHNNG3_9859-4778-10371-5290,0,0,1,0,0,0,0,0,0
NE9UM7Z61_1498-2809-2010-3321,0,0,0,0,0,1,0,0,0
NE9UM7Z61_2186-2189-2698-2701,0,0,0,0,0,1,0,0,0
NE9UM7Z61_1776-2565-2288-3077,0,0,0,0,0,1,0,0,0
NE9UM7Z61_2015-2351-2527-2863,0,0,0,0,0,1,0,0,0
NE9UM7Z61_2335-3092-2847-3604,0,0,0,0,1,1,0,0,0
NE9UM7Z61_3332-1076-3844-1588,0,0,0,0,0,1,0,0,0
NE9UM7Z61_3342-3013-3854-3525,0,0,0,0,0,1,0,0,0
NE9UM7Z61_3492-854-4004-1366,0,0,0,0,0,1,0,0,0
NE9UM7Z61_3130-1257-3642-1769,0,0,0,0,0,1,0,0,0
NE9UM7Z61_2830-3013-3342-3525,0,0,0,0,0,1,0,0,0
NE9UM7Z61_3646-2311-4158-2823,0,0,0,0,0,1,0,0,0
NE9UM7Z61_3693-3042-4205-3554,0,0,0,0,1,1,0,0,0
NEEW78M2M_1118-6780-1630-7292,0,0,0,0,0,0,1,0,0
NE9UM7Z61_920-3008-1432-3520,0,0,0,0,0,1,0,0,0
NEEW78M2M_1630-6268-2142-6780,0,0,0,0,0,0,1,0,0
NEEW78M2M_1118-6268-1630-6780,0,0,0,0,0,0,1,0,0
NE9UM7Z61_3826-2792-4338-3304,0,0,0,0,1,1,0,0,0
NEEW78M2M_2142-6780-2654-7292,0,0,0,0,0,0,1,0,0
NEEW78M2M_2507-5274-3019-5786,0,0,0,0,0,0,1,0,0
NEEW78M2M_1630-6780-2142-7292,0,0,0,0,0,0,1,0,0
NEEW78M2M_2142-6268-2654-6780,0,0,0,0,0,0,1,0,0
NEEW78M2M_2507-4762-3019-5274,0,0,0,0,0,0,1,0,0
NEEW78M2M_3066-7778-3578-8290,0,0,0,0,0,0,1,0,0
NEEW78M2M_3066-8290-3578-8802,0,0,0,0,0,0,1,0,0
NEEW78M2M_3019-4250-3531-4762,0,0,0,0,0,0,1,0,0
NEEW78M2M_3019-5274-3531-5786,0,0,0,0,0,0,1,0,0
NEEW78M2M_2654-6268-3166-6780,0,0,0,0,0,0,1,0,0
NEEW78M2M_3019-4762-3531-5274,0,0,0,0,0,0,1,0,0
NEEW78M2M_3166-6268-3678-6780,0,0,0,0,0,0,1,0,0
NEEW78M2M_3531-4250-4043-4762,0,0,0,0,0,0,1,0,0
NEEW78M2M_3531-3738-4043-4250,0,0,0,0,0,0,1,0,0
NEEW78M2M_4043-2202-4555-2714,0,0,0,0,0,0,1,0,0
NEEW78M2M_4043-2714-4555-3226,0,0,0,0,0,0,1,0,0
NEEW78M2M_3531-3226-4043-3738,0,0,0,0,0,0,1,0,0
NEEW78M2M_3678-6268-4190-6780,0,0,0,0,0,0,1,0,0
NEEW78M2M_4555-1690-5067-2202,0,0,0,0,0,0,1,0,0
NEEW78M2M_4555-2202-5067-2714,0,0,0,0,0,0,1,0,0
NEEW78M2M_4043-3226-4555-3738,0,0,0,0,0,0,1,0,0
NEEW78M2M_4190-6268-4702-6780,0,0,0,0,0,0,1,0,0
NEEW78M2M_5579-666-6091-1178,0,0,0,0,0,0,1,0,0
NEEW78M2M_5067-1178-5579-1690,0,0,0,0,0,0,1,0,0
NEEW78M2M_4702-6268-5214-6780,0,0,0,0,0,0,1,0,0
NEEW78M2M_5214-6268-5726-6780,0,0,0,0,0,0,1,0,0
NEEW78M2M_5579-1178-6091-1690,0,0,0,0,0,0,1,0,0
NEEW78M2M_5067-1690-5579-2202,0,0,0,0,0,0,1,0,0
NEEW78M2M_5726-6268-6238-6780,0,0,0,0,0,0,1,0,0
NEEW78M2M_6603-666-7115-1178,0,0,0,0,0,0,1,0,0
NEEW78M2M_6091-666-6603-1178,0,0,0,0,0,0,1,0,0
NEEW78M2M_6238-6268-6750-6780,0,0,0,0,0,0,1,0,0
NEEW78M2M_5726-6780-6238-7292,0,0,0,0,0,0,1,0,0
NEEW78M2M_6750-6780-7262-7292,0,0,0,0,0,0,1,0,0
NEEW78M2M_6238-6780-6750-7292,0,0,0,0,0,0,1,0,0
NEEW78M2M_6750-6268-7262-6780,0,0,0,0,0,0,1,0,0
NEEW78M2M_7115-666-7627-1178,0,0,0,0,0,0,1,0,0
NEEW78M2M_7329-5581-7841-6093,0,0,0,0,0,0,1,0,0
NEEW78M2M_7262-7292-7774-7804,0,0,0,0,0,0,1,0,0
NEEW78M2M_7262-6780-7774-7292,0,0,0,0,0,0,1,0,0
NEEW78M2M_7329-6093-7841-6605,0,0,0,0,0,0,1,0,0
NEEW78M2M_7774-6780-8286-7292,0,0,0,0,0,0,1,0,0
NEEW78M2M_7841-5069-8353-5581,0,0,0,0,0,0,1,0,0
NEEW78M2M_7841-4557-8353-5069,0,0,0,0,0,0,1,0,0
NEEW78M2M_7841-5581-8353-6093,0,0,0,0,0,0,1,0,0
NEEW78M2M_7774-7292-8286-7804,0,0,0,0,0,0,1,0,0
NEEW78M2M_7841-4045-8353-4557,0,0,0,0,0,0,1,0,0
NEEW78M2M_8353-3533-8865-4045,0,0,0,0,0,0,1,0,0
NEEW78M2M_8286-6780-8798-7292,0,0,0,0,0,0,1,0,0
NEEW78M2M_8865-3533-9377-4045,0,0,0,0,0,0,1,0,0
NEEW78M2M_8798-7292-9310-7804,0,0,0,0,0,0,1,0,0
NEEW78M2M_8353-4045-8865-4557,0,0,0,0,0,0,1,0,0
NEEW78M2M_8286-7292-8798-7804,0,0,0,0,0,0,1,0,0
NEIZVU3KN_10428-7855-10940-8367,0,1,0,0,0,0,0,0,0
NEIZVU3KN_10940-7343-11452-7855,0,1,0,0,0,0,0,0,0
NEIZVU3KN_10940-7855-11452-8367,0,1,0,0,0,0,0,0,0
NEIZVU3KN_13480-2269-13992-2781,0,1,0,0,0,0,0,0,0
NEIZVU3KN_11815-1012-12327-1524,0,1,0,0,0,0,0,0,0
NEIZVU3KN_4838-7343-5350-7855,0,1,0,0,0,0,0,0,0
NEIZVU3KN_13992-1757-14504-2269,0,1,0,0,0,0,0,0,0
NEIZVU3KN_14337-8147-14849-8659,0,1,0,0,0,0,0,0,0
NEIZVU3KN_13992-2269-14504-2781,0,1,0,0,0,0,0,0,0
NEIZVU3KN_16178-8078-16690-8590,0,1,0,0,0,0,0,0,0
NEIZVU3KN_14504-1757-15016-2269,0,1,0,0,0,0,0,0,0
NEIZVU3KN_16178-8590-16690-9102,0,1,0,0,0,0,0,0,0
NEIZVU3KN_5727-6733-6239-7245,0,1,0,0,0,0,0,0,0
NEIZVU3KN_5434-7102-5946-7614,0,1,0,0,0,0,0,0,0
NEIZVU3KN_5350-7343-5862-7855,0,1,0,0,0,0,0,0,0
NEIZVU3KN_6239-6221-6751-6733,0,1,0,0,0,0,0,0,0
NEIZVU3KN_5727-6221-6239-6733,0,1,0,0,0,0,0,0,0
NEIZVU3KN_5946-7102-6458-7614,0,1,0,0,0,0,0,0,0
NEIZVU3KN_6239-6733-6751-7245,0,1,0,0,0,0,0,0,0
NEIZVU3KN_9292-995-9804-1507,0,1,0,0,0,0,0,0,0
NFA6EFKUE_4599-1772-5111-2284,0,0,0,0,0,0,1,0,0
NFA6EFKUE_4087-1772-4599-2284,0,0,0,0,0,0,1,0,0
NFA6EFKUE_3575-1260-4087-1772,0,0,0,0,0,0,1,0,0
NEIZVU3KN_8994-932-9506-1444,0,1,0,0,0,0,0,0,0
NFA6EFKUE_3063-1260-3575-1772,0,0,0,0,0,0,1,0,0
NFA6EFKUE_4087-1260-4599-1772,0,0,0,0,0,0,1,0,0
NFA6EFKUE_4087-2284-4599-2796,0,0,0,0,0,0,1,0,0
NFA6EFKUE_4087-2796-4599-3308,0,0,0,0,0,0,1,0,0
NFA6EFKUE_4599-2284-5111-2796,0,0,0,0,0,0,1,0,0
NFA6EFKUE_4599-1260-5111-1772,0,0,0,0,0,0,1,0,0
NFA6EFKUE_4599-2796-5111-3308,0,0,0,0,0,0,1,0,0
NFA6EFKUE_5623-3308-6135-3820,0,0,0,0,0,0,1,0,0
NFA6EFKUE_5111-3308-5623-3820,0,0,0,0,0,0,1,0,0
NFA6EFKUE_5111-2796-5623-3308,0,0,0,0,0,0,1,0,0
NFA6EFKUE_5623-2796-6135-3308,0,0,0,0,0,0,1,0,0
NFA6EFKUE_6135-3308-6647-3820,0,0,0,0,0,0,1,0,0
NFA6EFKUE_6647-2796-7159-3308,0,0,0,0,0,0,1,0,0
NFA6EFKUE_7159-3308-7671-3820,0,0,0,0,0,0,1,0,0
NFA6EFKUE_7671-2796-8183-3308,0,0,0,0,0,0,1,0,0
NFA6EFKUE_7671-3308-8183-3820,0,0,0,0,0,0,1,0,0
NFT4CVWVF_2287-190-2799-702,0,0,1,0,0,0,0,0,0
NFA6EFKUE_7159-2796-7671-3308,0,0,0,0,0,0,1,0,0
NFT4CVWVF_1964-878-2476-1390,0,0,1,0,0,0,0,0,0
NFT4CVWVF_1118-922-1630-1434,0,0,1,0,0,0,0,0,0
NFA6EFKUE_6647-3308-7159-3820,0,0,0,0,0,0,1,0,0
NFT4CVWVF_348-436-860-948,0,0,1,0,0,0,0,0,0
NFT4CVWVF_856-728-1368-1240,0,0,1,0,0,0,0,0,0
NFT4CVWVF_710-373-1222-885,0,0,1,0,0,0,0,0,0
NGNF7TL7A_209-2646-721-3158,0,0,0,0,0,1,0,0,0
NFT4CVWVF_988-293-1500-805,0,0,1,0,0,0,0,0,0
NFYZZ2G6D_1037-653-1549-1165,1,0,0,0,0,0,0,0,0
NFYZZ2G6D_1549-653-2061-1165,1,0,0,0,0,0,0,0,0
NGNF7TL7A_2263-8689-2775-9201,0,0,0,0,0,1,0,0,0
NGNF7TL7A_2263-9201-2775-9713,0,0,0,0,0,1,0,0,0
NGNF7TL7A_313-5671-825-6183,0,0,0,0,0,1,0,0,0
NHM3ILKCA_1133-5017-1645-5529,1,0,0,0,0,0,0,0,0
NGNF7TL7A_2263-9713-2775-10225,0,0,0,0,0,1,0,0,0
NHM3ILKCA_3368-2532-3880-3044,1,0,0,0,0,0,0,0,0
NHM3ILKCA_2856-2532-3368-3044,1,0,0,0,0,0,0,0,0
NGNF7TL7A_514-5020-1026-5532,0,0,1,0,0,1,0,0,0
NHM3ILKCA_3066-4427-3578-4939,1,0,0,0,0,0,0,0,0
NHM3ILKCA_3075-731-3587-1243,1,0,0,0,0,0,0,0,0
NHM3ILKCA_4286-1610-4798-2122,1,0,0,0,0,0,0,0,0
NHM3ILKCA_450-4181-962-4693,1,0,0,0,0,0,0,0,0
NHM3ILKCA_4571-2467-5083-2979,1,0,0,0,0,0,0,0,0
NHM3ILKCA_450-4693-962-5205,1,0,0,0,0,0,0,0,0
NHM3ILKCA_4783-3690-5295-4202,1,0,0,0,0,0,0,0,0
NHM3ILKCA_5295-3690-5807-4202,1,0,0,0,0,0,0,0,0
NHM3ILKCA_962-4693-1474-5205,1,0,0,0,0,0,0,0,0
NHM3ILKCA_962-4181-1474-4693,1,0,0,0,0,0,0,0,0
NHPR9TYQN_2764-786-3276-1298,0,0,0,0,0,0,0,0,1
NHPR9TYQN_3276-786-3788-1298,0,0,0,0,0,0,0,0,1
NHPR9TYQN_4354-1246-4866-1758,0,0,0,0,0,0,0,0,1
NHPR9TYQN_4798-2269-5310-2781,0,0,0,0,0,0,0,0,1
NHPR9TYQN_4300-786-4812-1298,0,0,0,0,0,0,0,0,1
NHPR9TYQN_3788-786-4300-1298,0,0,0,0,0,0,0,0,1
NHPR9TYQN_6536-3477-7048-3989,0,0,0,0,0,0,0,0,1
NIZQBVB7L_10090-2152-10602-2664,0,1,0,0,0,0,0,0,0
NHPR9TYQN_8401-1543-8913-2055,0,0,0,0,0,0,0,0,1
NHPR9TYQN_8542-1758-9054-2270,0,0,0,0,0,0,0,0,1
NIZQBVB7L_10193-1416-10705-1928,0,1,0,0,0,0,0,0,0
NIZQBVB7L_10195-3168-10707-3680,0,1,0,0,0,0,0,0,0
NIZQBVB7L_10193-904-10705-1416,0,1,0,0,0,0,0,0,0
NIZQBVB7L_10195-2656-10707-3168,0,1,0,0,0,0,0,0,0
NIZQBVB7L_10705-1416-11217-1928,0,1,0,0,0,0,0,0,0
NIZQBVB7L_10705-904-11217-1416,0,1,0,0,0,0,0,0,0
NIZQBVB7L_10602-2152-11114-2664,0,1,0,0,0,0,0,0,0
NIZQBVB7L_10750-2751-11262-3263,0,1,0,0,0,0,0,0,0
NIZQBVB7L_10750-3263-11262-3775,0,1,0,0,0,0,0,0,0
NIZQBVB7L_10750-3775-11262-4287,0,1,0,0,0,0,0,0,0
NIZQBVB7L_11042-588-11554-1100,0,1,0,0,0,0,0,0,0
NIZQBVB7L_11042-1100-11554-1612,0,1,0,0,0,0,0,0,0
NIZQBVB7L_11114-2152-11626-2664,0,1,0,0,0,0,0,0,0
NIZQBVB7L_11042-1612-11554-2124,0,1,0,0,0,0,0,0,0
NIZQBVB7L_11249-2755-11761-3267,0,1,0,0,0,0,0,0,0
NIZQBVB7L_11249-1731-11761-2243,0,1,0,0,0,0,0,0,0
NIZQBVB7L_11554-1612-12066-2124,0,1,0,0,0,0,0,0,0
NIZQBVB7L_11262-3775-11774-4287,0,1,0,0,0,0,0,0,0
NIZQBVB7L_11554-588-12066-1100,0,1,0,0,0,0,0,0,0
NIZQBVB7L_11761-2243-12273-2755,0,1,0,0,0,0,0,0,0
NIZQBVB7L_11761-2755-12273-3267,0,1,0,0,0,0,0,0,0
NIZQBVB7L_11761-1731-12273-2243,0,1,0,0,0,0,0,0,0
NIZQBVB7L_12273-1731-12785-2243,0,1,0,0,0,0,0,0,0
NIZQBVB7L_12066-1612-12578-2124,0,1,0,0,0,0,0,0,0
NIZQBVB7L_12066-1100-12578-1612,0,1,0,0,0,0,0,0,0
NIZQBVB7L_11774-3263-12286-3775,0,1,0,0,0,0,0,0,0
NIZQBVB7L_12273-2755-12785-3267,0,1,0,0,0,0,0,0,0
NIZQBVB7L_12502-2654-13014-3166,0,1,0,0,0,0,0,0,0
NIZQBVB7L_12502-606-13014-1118,0,1,0,0,0,0,0,0,0
NIZQBVB7L_12502-1630-13014-2142,0,1,0,0,0,0,0,0,0
NIZQBVB7L_12785-2755-13297-3267,0,1,0,0,0,0,0,0,0
NIZQBVB7L_12785-1731-13297-2243,0,1,0,0,0,0,0,0,0
NIZQBVB7L_13014-2654-13526-3166,0,1,0,0,0,0,0,0,0
NIZQBVB7L_13014-1118-13526-1630,0,1,0,0,0,0,0,0,0
NIZQBVB7L_13014-2142-13526-2654,0,1,0,0,0,0,0,0,0
NIZQBVB7L_13014-3166-13526-3678,0,1,0,0,0,0,0,0,0
NIZQBVB7L_13526-1118-14038-1630,0,1,0,0,0,0,0,0,0
NIZQBVB7L_13014-606-13526-1118,0,1,0,0,0,0,0,0,0
NIZQBVB7L_13297-2755-13809-3267,0,1,0,0,0,0,0,0,0
NIZQBVB7L_13297-2243-13809-2755,0,1,0,0,0,0,0,0,0
NIZQBVB7L_13526-2654-14038-3166,0,1,0,0,0,0,0,0,0
NIZQBVB7L_13526-606-14038-1118,0,1,0,0,0,0,0,0,0
NIZQBVB7L_13762-2162-14274-2674,0,1,0,0,0,0,0,0,0
NIZQBVB7L_13809-1731-14321-2243,0,1,0,0,0,0,0,0,0
NIZQBVB7L_13809-2755-14321-3267,0,1,0,0,0,0,0,0,0
NIZQBVB7L_14038-606-14550-1118,0,1,0,0,0,0,0,0,0
NIZQBVB7L_14156-3645-14668-4157,0,1,0,0,0,0,0,0,0
NIZQBVB7L_14668-3645-15180-4157,0,1,0,0,0,0,0,0,0
NIZQBVB7L_14038-1630-14550-2142,0,1,0,0,0,0,0,0,0
NIZQBVB7L_14038-2142-14550-2654,0,1,0,0,0,0,0,0,0
NIZQBVB7L_14550-1118-15062-1630,0,1,0,0,0,0,0,0,0
NIZQBVB7L_14038-1118-14550-1630,0,1,0,0,0,0,0,0,0
NIZQBVB7L_14550-1630-15062-2142,0,1,0,0,0,0,0,0,0
NIZQBVB7L_15062-1630-15574-2142,0,1,0,0,0,0,0,0,0
NIZQBVB7L_15062-3678-15574-4190,0,1,0,0,0,0,0,0,0
NIZQBVB7L_15062-2142-15574-2654,0,1,0,0,0,0,0,0,0
NIZQBVB7L_15248-475-15760-987,0,1,0,0,0,0,0,0,0
NIZQBVB7L_15248-987-15760-1499,0,1,0,0,0,0,0,0,0
NIZQBVB7L_15574-606-16086-1118,0,1,0,0,0,0,0,0,0
NIZQBVB7L_15574-1630-16086-2142,0,1,0,0,0,0,0,0,0
NIZQBVB7L_15574-2142-16086-2654,0,1,0,0,0,0,0,0,0
NIZQBVB7L_15574-1118-16086-1630,0,1,0,0,0,0,0,0,0
NIZQBVB7L_16086-2142-16598-2654,0,1,0,0,0,0,0,0,0
NIZQBVB7L_16086-606-16598-1118,0,1,0,0,0,0,0,0,0
NIZQBVB7L_16598-2654-17110-3166,0,1,0,0,0,0,0,0,0
NIZQBVB7L_16598-2142-17110-2654,0,1,0,0,0,0,0,0,0
NIZQBVB7L_16086-2654-16598-3166,0,1,0,0,0,0,0,0,0
NIZQBVB7L_17110-2654-17622-3166,0,1,0,0,0,0,0,0,0
NIZQBVB7L_17110-3166-17622-3678,0,1,0,0,0,0,0,0,0
NIZQBVB7L_17110-1630-17622-2142,0,1,0,0,0,0,0,0,0
NIZQBVB7L_17015-2021-17527-2533,0,1,0,0,0,0,0,0,0
NIZQBVB7L_18134-3166-18646-3678,0,1,0,0,0,0,0,0,0
NIZQBVB7L_18134-3678-18646-4190,0,1,0,0,0,0,0,0,0
NIZQBVB7L_17622-3678-18134-4190,0,1,0,0,0,0,0,0,0
NIZQBVB7L_17622-3166-18134-3678,0,1,0,0,0,0,0,0,0
NIZQBVB7L_18616-2210-19128-2722,0,1,0,0,0,0,0,0,0
NIZQBVB7L_19128-2722-19640-3234,0,1,0,0,0,0,0,0,0
NIZQBVB7L_18616-3746-19128-4258,0,1,0,0,0,0,0,0,0
NIZQBVB7L_18616-3234-19128-3746,0,1,0,0,0,0,0,0,0
NIZQBVB7L_19128-2210-19640-2722,0,1,0,0,0,0,0,0,0
NIZQBVB7L_19128-3234-19640-3746,0,1,0,0,0,0,0,0,0
NIZQBVB7L_19128-3746-19640-4258,0,1,0,0,0,0,0,0,0
NIZQBVB7L_19640-3746-20152-4258,0,1,0,0,0,0,0,0,0
NIZQBVB7L_19640-1698-20152-2210,0,1,0,0,0,0,0,0,0
NIZQBVB7L_20097-409-20609-921,0,1,0,0,0,0,0,0,0
NIZQBVB7L_2002-2147-2514-2659,0,1,0,0,0,0,0,0,0
NIZQBVB7L_19640-3234-20152-3746,0,1,0,0,0,0,0,0,0
NIZQBVB7L_19640-2722-20152-3234,0,1,0,0,0,0,0,0,0
NIZQBVB7L_2002-1635-2514-2147,0,1,0,0,0,0,0,0,0
NIZQBVB7L_20152-2210-20664-2722,0,1,0,0,0,0,0,0,0
NIZQBVB7L_20152-1698-20664-2210,0,1,0,0,0,0,0,0,0
NIZQBVB7L_20152-1186-20664-1698,0,1,0,0,0,0,0,0,0
NIZQBVB7L_20097-921-20609-1433,0,1,0,0,0,0,0,0,0
NIZQBVB7L_20152-2722-20664-3234,0,1,0,0,0,0,0,0,0
NIZQBVB7L_20152-3746-20664-4258,0,1,0,0,0,0,0,0,0
NIZQBVB7L_2514-2147-3026-2659,0,1,0,0,0,0,0,0,0
NIZQBVB7L_2514-1635-3026-2147,0,1,0,0,0,0,0,0,0
NIZQBVB7L_20152-3234-20664-3746,0,1,0,0,0,0,0,0,0
NIZQBVB7L_2612-1134-3124-1646,0,1,0,0,0,0,0,0,0
NIZQBVB7L_2612-622-3124-1134,0,1,0,0,0,0,0,0,0
NIZQBVB7L_3124-1646-3636-2158,0,1,0,0,0,0,0,0,0
NIZQBVB7L_3636-1134-4148-1646,0,1,0,0,0,0,0,0,0
NIZQBVB7L_3636-1646-4148-2158,0,1,0,0,0,0,0,0,0
NIZQBVB7L_3124-1134-3636-1646,0,1,0,0,0,0,0,0,0
NIZQBVB7L_3124-622-3636-1134,0,1,0,0,0,0,0,0,0
NIZQBVB7L_4148-1646-4660-2158,0,1,0,0,0,0,0,0,0
NIZQBVB7L_4148-1134-4660-1646,0,1,0,0,0,0,0,0,0
NIZQBVB7L_4627-797-5139-1309,0,1,0,0,0,0,0,0,0
NIZQBVB7L_4815-2740-5327-3252,0,1,0,0,0,0,0,0,0
NIZQBVB7L_4148-622-4660-1134,0,1,0,0,0,0,0,0,0
NIZQBVB7L_4547-564-5059-1076,0,1,0,0,0,0,0,0,0
NIZQBVB7L_5059-564-5571-1076,0,1,0,0,0,0,0,0,0
NIZQBVB7L_5327-2740-5839-3252,0,1,0,0,0,0,0,0,0
NIZQBVB7L_5839-2740-6351-3252,0,1,0,0,0,0,0,0,0
NIZQBVB7L_5832-789-6344-1301,0,1,0,0,0,0,0,0,0
NIZQBVB7L_5832-1301-6344-1813,0,1,0,0,0,0,0,0,0
NIZQBVB7L_6116-632-6628-1144,0,1,0,0,0,0,0,0,0
NIZQBVB7L_6743-1700-7255-2212,0,1,0,0,0,0,0,0,0
NIZQBVB7L_6344-1301-6856-1813,0,1,0,0,0,0,0,0,0
NIZQBVB7L_6846-3318-7358-3830,0,1,0,0,0,0,0,0,0
NIZQBVB7L_6846-3830-7358-4342,0,1,0,0,0,0,0,0,0
NIZQBVB7L_7255-1700-7767-2212,0,1,0,0,0,0,0,0,0
NIZQBVB7L_6344-789-6856-1301,0,1,0,0,0,0,0,0,0
NIZQBVB7L_8147-3168-8659-3680,0,1,0,0,0,0,0,0,0
NIZQBVB7L_8147-2656-8659-3168,0,1,0,0,0,0,0,0,0
NIZQBVB7L_8326-1411-8838-1923,0,1,0,0,0,0,0,0,0
NIZQBVB7L_8313-603-8825-1115,0,1,0,0,0,0,0,0,0
NIZQBVB7L_8326-2435-8838-2947,0,1,0,0,0,0,0,0,0
NIZQBVB7L_8147-3680-8659-4192,0,1,0,0,0,0,0,0,0
NIZQBVB7L_8659-3680-9171-4192,0,1,0,0,0,0,0,0,0
NIZQBVB7L_8838-1411-9350-1923,0,1,0,0,0,0,0,0,0
NIZQBVB7L_8825-603-9337-1115,0,1,0,0,0,0,0,0,0
NIZQBVB7L_8659-3168-9171-3680,0,1,0,0,0,0,0,0,0
NIZQBVB7L_8659-2656-9171-3168,0,1,0,0,0,0,0,0,0
NIZQBVB7L_9578-2152-10090-2664,0,1,0,0,0,0,0,0,0
NIZQBVB7L_9350-2435-9862-2947,0,1,0,0,0,0,0,0,0
NIZQBVB7L_9171-3680-9683-4192,0,1,0,0,0,0,0,0,0
NIZQBVB7L_8838-2435-9350-2947,0,1,0,0,0,0,0,0,0
NIZQBVB7L_8838-1923-9350-2435,0,1,0,0,0,0,0,0,0
NIZQBVB7L_9171-2656-9683-3168,0,1,0,0,0,0,0,0,0
NIZQBVB7L_9171-3168-9683-3680,0,1,0,0,0,0,0,0,0
NIZQBVB7L_9350-1411-9862-1923,0,1,0,0,0,0,0,0,0
NIZQBVB7L_9578-2664-10090-3176,0,1,0,0,0,0,0,0,0
NIZQBVB7L_9683-3168-10195-3680,0,1,0,0,0,0,0,0,0
NIZQBVB7L_9681-1416-10193-1928,0,1,0,0,0,0,0,0,0
NIZQBVB7L_9683-3680-10195-4192,0,1,0,0,0,0,0,0,0
NJ4DXDBER_3811-7083-4323-7595,1,0,0,0,0,0,0,0,0
NKPC3VN3K_158-1346-670-1858,0,0,0,0,1,0,0,0,0
NKNX7IPRG_750-2564-1262-3076,0,0,1,0,0,0,0,0,0
NKPC3VN3K_1929-995-2441-1507,0,0,0,0,1,0,0,0,0
NKPC3VN3K_1247-1919-1759-2431,0,0,0,0,1,0,0,0,0
NKPC3VN3K_1712-3932-2224-4444,0,0,0,0,1,0,0,0,0
NKPC3VN3K_2492-3931-3004-4443,0,0,0,0,1,0,0,0,0
NKPC3VN3K_2036-3925-2548-4437,0,0,0,0,1,0,0,0,0
NKPC3VN3K_2983-1579-3495-2091,0,0,0,0,1,0,0,0,0
NKPC3VN3K_287-3191-799-3703,0,0,0,0,1,0,0,0,0
NKPC3VN3K_3288-1459-3800-1971,0,0,0,0,1,0,0,0,0
NKPC3VN3K_278-2903-790-3415,0,0,0,0,1,0,0,0,0
NKPC3VN3K_2956-3932-3468-4444,0,0,0,0,1,0,0,0,0
NKPC3VN3K_332-1805-844-2317,0,0,0,0,1,0,0,0,0
NKPC3VN3K_3848-3930-4360-4442,0,0,0,0,1,0,0,0,0
NKPC3VN3K_3584-1336-4096-1848,0,0,0,0,1,0,0,0,0
NKPC3VN3K_4040-1310-4552-1822,0,0,0,0,1,0,0,0,0
NKPC3VN3K_3407-3935-3919-4447,0,0,0,0,1,0,0,0,0
NKPC3VN3K_4929-1273-5441-1785,0,0,0,0,1,0,0,0,0
NKPC3VN3K_4646-1308-5158-1820,0,0,0,0,1,0,0,0,0
NKPC3VN3K_4338-1310-4850-1822,0,0,0,0,1,0,0,0,0
NKPC3VN3K_4469-3938-4981-4450,0,0,0,0,1,0,0,0,0
NKPC3VN3K_4762-3934-5274-4446,0,0,0,0,1,0,0,0,0
NKPC3VN3K_643-1893-1155-2405,0,0,0,0,1,0,0,0,0
NL8XF3W12_2973-3832-3485-4344,0,0,0,0,0,0,0,0,1
NL8XF3W12_2461-3832-2973-4344,0,0,0,0,0,0,0,0,1
NL8XF3W12_3485-3832-3997-4344,0,0,0,0,0,0,0,0,1
NL8XF3W12_1437-3832-1949-4344,0,0,0,0,0,0,0,0,1
NL8XF3W12_6619-4495-7131-5007,0,0,0,0,0,0,0,0,1
NL8XF3W12_764-1201-1276-1713,0,0,0,0,0,0,0,0,1
NL8XF3W12_1949-3832-2461-4344,0,0,0,0,0,0,0,0,1
NL8XF3W12_571-1044-1083-1556,0,0,0,0,0,0,0,0,1
NLHYJADDG_2110-6718-2622-7230,0,1,0,0,0,0,0,0,0
NL8XF3W12_8256-4045-8768-4557,0,0,0,0,0,0,0,0,1
NLHYJADDG_2284-3409-2796-3921,0,1,0,0,0,0,0,0,0
NLHYJADDG_2622-6718-3134-7230,0,1,0,0,0,0,0,0,0
NLHYJADDG_3325-701-3837-1213,0,1,0,0,0,0,0,0,0
NLHYJADDG_2813-701-3325-1213,0,1,0,0,0,0,0,0,0
NLHYJADDG_2815-3727-3327-4239,0,1,0,0,0,0,0,0,0
NLHYJADDG_3078-1554-3590-2066,0,1,0,0,0,0,0,0,0
NLHYJADDG_3041-3323-3553-3835,0,1,0,0,0,0,0,0,0
NLHYJADDG_3553-3323-4065-3835,0,1,0,0,0,0,0,0,0
NLHYJADDG_3831-2081-4343-2593,0,1,0,0,0,0,0,0,0
NLHYJADDG_3384-1009-3896-1521,0,1,0,0,0,0,0,0,0
NLHYJADDG_4065-3323-4577-3835,0,1,0,0,0,0,0,0,0
NLHYJADDG_4627-6635-5139-7147,0,1,0,0,0,0,0,0,0
NLHYJADDG_4215-1787-4727-2299,0,1,0,0,0,0,0,0,0
NLHYJADDG_4393-1384-4905-1896,0,1,0,0,0,0,0,0,0
NLHYJADDG_3896-1009-4408-1521,0,1,0,0,0,0,0,0,0
NLHYJADDG_4215-2299-4727-2811,0,1,0,0,0,0,0,0,0
NLHYJADDG_4727-2299-5239-2811,0,1,0,0,0,0,0,0,0
NLHYJADDG_4727-1787-5239-2299,0,1,0,0,0,0,0,0,0
NLHYJADDG_5139-6635-5651-7147,0,1,0,0,0,0,0,0,0
NLHYJADDG_5239-1787-5751-2299,0,1,0,0,0,0,0,0,0
NLHYJADDG_5239-2299-5751-2811,0,1,0,0,0,0,0,0,0
NLHYJADDG_6455-3232-6967-3744,0,1,0,0,0,0,0,0,0
NLHYJADDG_6248-3925-6760-4437,0,1,0,0,0,0,0,0,0
NLHYJADDG_7120-2860-7632-3372,0,1,0,0,0,0,0,0,0
NLHYJADDG_7551-2874-8063-3386,0,1,0,0,0,0,0,0,0
NM7EHBI2Y_1092-6673-1604-7185,0,0,0,0,0,0,1,0,0
NLHYJADDG_8185-3605-8697-4117,0,1,0,0,0,0,0,0,0
NLHYJADDG_8982-1126-9494-1638,0,1,0,0,0,0,0,0,0
NM7EHBI2Y_4316-6722-4828-7234,0,0,0,0,0,0,1,0,0
NLHYJADDG_8185-4117-8697-4629,0,1,0,0,0,0,0,0,0
NM7EHBI2Y_4161-7412-4673-7924,0,0,0,0,0,0,1,0,0
NM7EHBI2Y_4157-6050-4669-6562,0,0,0,0,0,0,1,0,0
NM7EHBI2Y_4316-7234-4828-7746,0,0,0,0,0,0,1,0,0
NM7EHBI2Y_4534-6005-5046-6517,0,0,0,0,0,0,1,0,0
NM7EHBI2Y_580-6673-1092-7185,0,0,0,0,0,0,1,0,0
NMH7NKCLD_4094-1909-4606-2421,0,0,1,0,0,0,0,0,0
NM7EHBI2Y_4534-6517-5046-7029,0,0,0,0,0,0,1,0,0
NMURQTHAP_1353-5617-1865-6129,0,0,0,1,0,0,0,0,0
NMY1FBVMN_1346-2940-1858-3452,0,1,0,0,0,0,0,0,0
NMURQTHAP_3168-4892-3680-5404,0,0,0,1,0,0,0,0,0
NMURQTHAP_2329-5091-2841-5603,0,0,0,1,0,0,0,0,0
NMY1FBVMN_1346-3452-1858-3964,0,1,0,0,0,0,0,0,0
NMY1FBVMN_1346-3964-1858-4476,0,1,0,0,0,0,0,0,0
NMY1FBVMN_3110-523-3622-1035,0,1,0,0,0,0,0,0,0
NMY1FBVMN_3616-750-4128-1262,0,1,0,0,0,0,0,0,0
NMY1FBVMN_3811-1442-4323-1954,0,1,0,0,0,0,0,0,0
NNB37L9FD_4915-2316-5427-2828,0,0,0,0,0,0,0,0,1
NNB37L9FD_5650-3078-6162-3590,0,0,0,0,0,0,0,0,1
NNB37L9FD_5470-2845-5982-3357,0,0,0,0,0,0,0,0,1
NNB37L9FD_6399-4224-6911-4736,0,0,0,0,0,0,0,0,1
NNB37L9FD_6619-4106-7131-4618,0,0,0,0,0,0,0,0,1
NNMMTC8AJ_10241-7594-10753-8106,0,0,0,0,1,0,0,0,0
NNB37L9FD_762-442-1274-954,0,0,0,0,0,0,0,0,1
NNMMTC8AJ_10241-7082-10753-7594,0,0,0,0,1,0,0,0,0
NNMMTC8AJ_10241-8106-10753-8618,0,0,1,0,0,1,0,0,0
NNMMTC8AJ_10349-4610-10861-5122,0,0,0,0,1,1,0,0,0
NNMMTC8AJ_10349-5122-10861-5634,0,0,0,0,1,0,0,0,0
NNMMTC8AJ_10753-7082-11265-7594,0,0,0,0,1,0,0,0,0
NNMMTC8AJ_10560-6358-11072-6870,0,0,0,0,1,0,0,0,0
NNMMTC8AJ_10349-5634-10861-6146,0,0,0,0,1,0,0,0,0
NNMMTC8AJ_10753-7594-11265-8106,0,0,0,0,1,0,0,0,0
NNMMTC8AJ_10861-5122-11373-5634,0,0,0,0,1,0,0,0,0
NNMMTC8AJ_10861-5634-11373-6146,0,0,0,0,1,0,0,0,0
NNMMTC8AJ_1104-775-1616-1287,0,0,0,0,1,1,0,0,0
NNMMTC8AJ_10861-4610-11373-5122,0,0,0,0,1,1,0,0,0
NNMMTC8AJ_1199-3011-1711-3523,0,0,0,0,0,1,0,0,0
NNMMTC8AJ_10753-8106-11265-8618,0,0,1,0,1,1,0,0,0
NNMMTC8AJ_1198-1751-1710-2263,0,0,0,0,0,1,0,0,0
NNMMTC8AJ_1214-1358-1726-1870,0,0,0,0,0,1,0,0,0
NNMMTC8AJ_1202-2102-1714-2614,0,0,0,0,0,1,0,0,0
NNMMTC8AJ_1255-5789-1767-6301,0,0,0,0,1,0,0,0,0
NNMMTC8AJ_1203-2548-1715-3060,0,0,0,0,0,1,0,0,0
NNMMTC8AJ_1229-8323-1741-8835,0,0,1,0,1,1,0,0,0
NNMMTC8AJ_1267-7131-1779-7643,0,0,0,0,1,0,0,0,0
NNMMTC8AJ_1267-7643-1779-8155,0,0,0,0,1,1,0,0,0
NNMMTC8AJ_1276-4645-1788-5157,0,0,0,0,1,1,0,0,0
NNMMTC8AJ_1276-4133-1788-4645,0,0,1,0,1,1,0,0,0
NNMMTC8AJ_1285-6529-1797-7041,0,0,0,0,1,0,0,0,0
NNMMTC8AJ_1741-7811-2253-8323,0,0,0,0,0,1,0,0,0
NNMMTC8AJ_1294-5064-1806-5576,0,0,0,0,1,0,0,0,0
NNMMTC8AJ_1788-4133-2300-4645,0,0,1,0,0,0,0,0,0
NNMMTC8AJ_1969-2708-2481-3220,0,0,1,0,0,1,0,0,0
NNMMTC8AJ_1850-3626-2362-4138,0,0,1,0,1,1,0,0,0
NNMMTC8AJ_1616-775-2128-1287,0,0,0,0,1,1,0,0,0
NNMMTC8AJ_1600-2462-2112-2974,0,0,0,0,0,1,0,0,0
NNMMTC8AJ_1475-3540-1987-4052,0,0,1,0,1,1,0,0,0
NNMMTC8AJ_2112-2462-2624-2974,0,0,0,0,0,1,0,0,0
NNMMTC8AJ_2300-4133-2812-4645,0,0,1,0,0,0,0,0,0
NNMMTC8AJ_1969-3220-2481-3732,0,0,1,0,1,1,0,0,0
NNMMTC8AJ_2120-773-2632-1285,0,0,0,0,1,1,0,0,0
NNMMTC8AJ_2300-4645-2812-5157,0,0,0,0,1,1,0,0,0
NNMMTC8AJ_2486-4840-2998-5352,0,0,0,0,1,1,0,0,0
NNMMTC8AJ_2481-2708-2993-3220,0,0,1,0,0,0,0,0,0
NNMMTC8AJ_2362-3626-2874-4138,0,0,0,0,1,1,0,0,0
NNMMTC8AJ_2481-3220-2993-3732,0,0,1,0,1,1,0,0,0
NNMMTC8AJ_2632-773-3144-1285,0,0,0,0,1,1,0,0,0
NNMMTC8AJ_3483-3580-3995-4092,0,0,0,0,1,1,0,0,0
NNMMTC8AJ_2971-4092-3483-4604,0,0,1,0,1,0,0,0,0
NNMMTC8AJ_2971-3580-3483-4092,0,0,0,0,1,1,0,0,0
NNMMTC8AJ_2799-4677-3311-5189,0,0,0,0,1,1,0,0,0
NNMMTC8AJ_3057-723-3569-1235,0,0,0,0,1,1,0,0,0
NNMMTC8AJ_2675-3530-3187-4042,0,0,0,0,1,1,0,0,0
NNMMTC8AJ_3009-5088-3521-5600,0,0,0,0,1,1,0,0,0
NNMMTC8AJ_2733-4970-3245-5482,0,0,0,0,1,1,0,0,0
NNMMTC8AJ_3569-723-4081-1235,0,0,0,0,1,1,0,0,0
NNMMTC8AJ_3874-4285-4386-4797,0,0,0,0,1,0,0,0,0
NNMMTC8AJ_3874-3773-4386-4285,0,0,0,0,1,1,0,0,0
NNMMTC8AJ_3483-4092-3995-4604,0,0,0,0,1,1,0,0,0
NNMMTC8AJ_3944-759-4456-1271,0,0,0,0,1,1,0,0,0
NNMMTC8AJ_4182-4450-4694-4962,0,0,1,0,1,0,0,0,0
NNMMTC8AJ_4386-4285-4898-4797,0,0,1,0,1,0,0,0,0
NNMMTC8AJ_4694-4450-5206-4962,0,0,1,0,1,0,0,0,0
NNMMTC8AJ_4456-759-4968-1271,0,0,0,0,1,1,0,0,0
NNMMTC8AJ_4386-3773-4898-4285,0,0,0,0,1,1,0,0,0
NNMMTC8AJ_5086-1198-5598-1710,0,0,0,0,0,1,0,0,0
NNMMTC8AJ_5097-2830-5609-3342,0,0,0,0,0,1,0,0,0
NNMMTC8AJ_4791-3913-5303-4425,0,0,0,0,1,1,0,0,0
NNMMTC8AJ_5020-622-5532-1134,0,0,0,0,1,1,0,0,0
NNMMTC8AJ_5100-3544-5612-4056,0,0,0,0,1,1,0,0,0
NNMMTC8AJ_5091-1701-5603-2213,0,0,0,0,0,1,0,0,0
NNMMTC8AJ_5097-2318-5609-2830,0,0,0,0,0,1,0,0,0
NNMMTC8AJ_5206-4450-5718-4962,0,0,1,0,0,0,0,0,0
NNMMTC8AJ_6145-8106-6657-8618,0,0,1,0,0,1,0,0,0
NNMMTC8AJ_5718-4450-6230-4962,0,0,1,0,0,0,0,0,0
NNMMTC8AJ_5532-622-6044-1134,0,0,0,0,1,0,0,0,0
NNMMTC8AJ_6230-4450-6742-4962,0,0,1,0,0,0,0,0,0
NNMMTC8AJ_5303-3913-5815-4425,0,0,0,0,1,1,0,0,0
NNMMTC8AJ_6742-4450-7254-4962,0,0,1,0,0,0,0,0,0
NNMMTC8AJ_6657-8106-7169-8618,0,0,1,0,0,1,0,0,0
NNMMTC8AJ_717-7811-1229-8323,0,0,1,0,1,1,0,0,0
NNMMTC8AJ_7169-8106-7681-8618,0,0,1,0,0,1,0,0,0
NNMMTC8AJ_717-8323-1229-8835,0,0,1,0,1,1,0,0,0
NNMMTC8AJ_755-7131-1267-7643,0,0,0,0,1,1,0,0,0
NNMMTC8AJ_7285-7725-7797-8237,0,0,1,0,0,1,0,0,0
NNMMTC8AJ_743-5789-1255-6301,0,0,0,0,1,0,0,0,0
NNMMTC8AJ_769-402-1281-914,0,0,1,0,0,1,0,0,0
NNMMTC8AJ_764-4645-1276-5157,0,0,0,0,1,1,0,0,0
NNMMTC8AJ_7254-4450-7766-4962,0,0,1,0,0,0,0,0,0
NNMMTC8AJ_7681-8106-8193-8618,0,0,1,0,0,1,0,0,0
NNMMTC8AJ_764-4133-1276-4645,0,0,1,0,1,1,0,0,0
NNMMTC8AJ_7766-4450-8278-4962,0,0,1,0,0,0,0,0,0
NNMMTC8AJ_7797-7725-8309-8237,0,0,1,0,0,1,0,0,0
NNMMTC8AJ_773-6529-1285-7041,0,0,0,0,1,0,0,0,0
NNMMTC8AJ_782-5064-1294-5576,0,0,0,0,1,0,0,0,0
NNMMTC8AJ_8193-8106-8705-8618,0,0,1,0,1,1,0,0,0
NNMMTC8AJ_8229-7720-8741-8232,0,0,1,0,0,1,0,0,0
NNMMTC8AJ_9157-7726-9669-8238,0,0,1,0,0,1,0,0,0
NNMMTC8AJ_8705-8106-9217-8618,0,0,1,0,1,1,0,0,0
NNMMTC8AJ_9217-8106-9729-8618,0,0,1,0,0,1,0,0,0
NNMMTC8AJ_8645-7726-9157-8238,0,0,1,0,0,1,0,0,0
NNMMTC8AJ_9729-8106-10241-8618,0,0,1,0,0,1,0,0,0
NNMMTC8AJ_977-6918-1489-7430,0,0,0,0,1,1,0,0,0
NNMMTC8AJ_939-580-1451-1092,0,0,1,0,1,1,0,0,0
NNMMTC8AJ_963-3540-1475-4052,0,0,0,0,1,1,0,0,0
NP3IFTC1Z_3420-4030-3932-4542,0,0,1,0,0,0,0,0,0
NP3IFTC1Z_3932-4030-4444-4542,0,0,1,0,0,0,0,0,0
NNMMTC8AJ_986-7216-1498-7728,0,0,0,0,1,1,0,0,0
NP3IFTC1Z_4510-3426-5022-3938,0,0,1,0,0,0,0,0,0
NP3IFTC1Z_4873-7051-5385-7563,0,0,1,0,0,0,0,0,0
NP3IFTC1Z_4859-3541-5371-4053,0,0,1,0,0,0,0,0,0
NP3IFTC1Z_5169-5578-5681-6090,0,0,0,0,0,0,0,0,1
NP3IFTC1Z_5036-3069-5548-3581,0,0,1,0,0,0,0,0,0
NP3IFTC1Z_5385-7051-5897-7563,0,0,1,0,0,0,0,0,0
NP3IFTC1Z_6409-6539-6921-7051,0,0,1,0,0,0,0,0,0
NP3IFTC1Z_6409-7051-6921-7563,0,0,1,0,0,0,0,0,0
NP3IFTC1Z_5897-6539-6409-7051,0,0,1,0,0,0,0,0,0
NP3IFTC1Z_5897-7051-6409-7563,0,0,1,0,0,0,0,0,0
NP3IFTC1Z_6921-6539-7433-7051,0,0,1,0,0,0,0,0,0
NPE7RM1QF_1054-12374-1566-12886,0,0,0,1,0,0,0,0,0
NUJAJT7CK_247-290-759-802,0,0,0,0,0,1,0,0,0
NRV7QUMAE_7152-3424-7664-3936,0,0,0,1,0,0,0,0,0
NUJAJT7CK_249-1143-761-1655,0,0,1,0,0,0,0,0,0
NPE7RM1QF_1924-12430-2436-12942,0,0,0,1,0,0,0,0,0
NUJAJT7CK_221-3176-733-3688,0,0,0,0,0,1,0,0,0
NUJAJT7CK_1107-3135-1619-3647,0,0,0,0,0,1,0,0,0
NULFU3488_766-4132-1278-4644,0,0,0,0,0,0,1,0,0
NVB4GJ7R2_5990-3696-6502-4208,0,0,0,0,0,0,1,0,0
NUJAJT7CK_886-381-1398-893,0,0,1,0,0,0,0,0,0
NULFU3488_1723-4158-2235-4670,0,0,0,1,0,0,0,0,0
NVB4GJ7R2_6035-4924-6547-5436,0,0,0,0,0,0,1,0,0
NVB4GJ7R2_7210-4580-7722-5092,0,0,0,0,0,0,1,0,0
NVB4GJ7R2_7722-4580-8234-5092,0,0,0,0,0,0,1,0,0
NVB4GJ7R2_6502-4208-7014-4720,0,0,0,0,0,0,1,0,0
NVB4GJ7R2_6035-4412-6547-4924,0,0,0,0,0,0,1,0,0
NVKU8PW1A_2038-989-2550-1501,0,0,0,1,0,0,0,0,0
NVKU8PW1A_2296-860-2808-1372,0,0,0,1,0,0,0,0,0
NVKU8PW1A_937-1912-1449-2424,0,0,0,1,0,0,0,0,0
NVU4TRRJI_1581-2334-2093-2846,0,0,0,1,0,0,0,0,0
NVKU8PW1A_7104-1709-7616-2221,0,0,0,1,0,0,0,0,0
NVKU8PW1A_937-2424-1449-2936,0,0,0,1,0,0,0,0,0
NVU4TRRJI_1000-1255-1512-1767,0,0,0,1,0,0,0,0,0
NVKU8PW1A_7104-2221-7616-2733,0,0,0,1,0,0,0,0,0
NVKU8PW1A_937-2936-1449-3448,0,0,0,1,0,0,0,0,0
NVU4TRRJI_1719-1930-2231-2442,0,0,0,1,0,0,0,0,0
NVU4TRRJI_1918-1768-2430-2280,0,0,0,1,0,0,0,0,0
NVU4TRRJI_1918-2280-2430-2792,0,0,0,1,0,0,0,0,0
NVU4TRRJI_4560-1095-5072-1607,0,0,0,1,0,0,0,0,0
NVU4TRRJI_4560-1607-5072-2119,0,0,0,1,0,0,0,0,0
NVU4TRRJI_6030-1393-6542-1905,0,0,0,1,0,0,0,0,0
NVU4TRRJI_6030-881-6542-1393,0,0,0,1,0,0,0,0,0
NW9EAMH9V_10487-3272-10999-3784,0,0,0,0,0,0,1,0,0
NW9EAMH9V_10999-3272-11511-3784,0,0,0,0,0,0,1,0,0
NW9EAMH9V_10487-3784-10999-4296,0,0,0,0,0,0,1,0,0
NW9EAMH9V_10487-8904-10999-9416,0,0,0,0,0,0,1,0,0
NW9EAMH9V_11511-8904-12023-9416,0,0,0,0,0,0,1,0,0
NW9EAMH9V_10999-3784-11511-4296,0,0,0,0,0,0,1,0,0
NW9EAMH9V_10999-8904-11511-9416,0,0,0,0,0,0,1,0,0
NW9EAMH9V_12023-8904-12535-9416,0,0,0,0,0,0,1,0,0
NW9EAMH9V_12023-9416-12535-9928,0,0,0,0,0,0,1,0,0
NW9EAMH9V_11511-3272-12023-3784,0,0,0,0,0,0,1,0,0
NW9EAMH9V_12023-3272-12535-3784,0,0,0,0,0,0,1,0,0
NW9EAMH9V_2295-8904-2807-9416,0,0,0,0,0,0,1,0,0
NW9EAMH9V_2295-8392-2807-8904,0,0,0,0,0,0,1,0,0
NW9EAMH9V_1783-8904-2295-9416,0,0,0,0,0,0,1,0,0
NW9EAMH9V_1271-8904-1783-9416,0,0,0,0,0,0,1,0,0
NW9EAMH9V_2807-6856-3319-7368,0,0,0,0,0,0,1,0,0
NW9EAMH9V_2807-6344-3319-6856,0,0,0,0,0,0,1,0,0
NW9EAMH9V_2807-7368-3319-7880,0,0,0,0,0,0,1,0,0
NW9EAMH9V_2807-7880-3319-8392,0,0,0,0,0,0,1,0,0
NW9EAMH9V_2807-8392-3319-8904,0,0,0,0,0,0,1,0,0
NW9EAMH9V_3319-5320-3831-5832,0,0,0,0,0,0,1,0,0
NW9EAMH9V_2807-8904-3319-9416,0,0,0,0,0,0,1,0,0
NW9EAMH9V_3319-6856-3831-7368,0,0,0,0,0,0,1,0,0
NW9EAMH9V_3319-6344-3831-6856,0,0,0,0,0,0,1,0,0
NW9EAMH9V_3319-7368-3831-7880,0,0,0,0,0,0,1,0,0
NW9EAMH9V_3319-8904-3831-9416,0,0,0,0,0,0,1,0,0
NW9EAMH9V_3319-5832-3831-6344,0,0,0,0,0,0,1,0,0
NW9EAMH9V_3319-7880-3831-8392,0,0,0,0,0,0,1,0,0
NW9EAMH9V_3831-4808-4343-5320,0,0,0,0,0,0,1,0,0
NW9EAMH9V_3831-8904-4343-9416,0,0,0,0,0,0,1,0,0
NW9EAMH9V_3831-5832-4343-6344,0,0,0,0,0,0,1,0,0
NW9EAMH9V_3831-9416-4343-9928,0,0,0,0,0,0,1,0,0
NW9EAMH9V_3831-5320-4343-5832,0,0,0,0,0,0,1,0,0
NW9EAMH9V_4343-4296-4855-4808,0,0,0,0,0,0,1,0,0
NW9EAMH9V_4343-4808-4855-5320,0,0,0,0,0,0,1,0,0
NW9EAMH9V_4855-4296-5367-4808,0,0,0,0,0,0,1,0,0
NW9EAMH9V_4855-4808-5367-5320,0,0,0,0,0,0,1,0,0
NW9EAMH9V_4855-5320-5367-5832,0,0,0,0,0,0,1,0,0
NW9EAMH9V_4343-5320-4855-5832,0,0,0,0,0,0,1,0,0
NW9EAMH9V_4343-9416-4855-9928,0,0,0,0,0,0,1,0,0
NW9EAMH9V_5879-4296-6391-4808,0,0,0,0,0,0,1,0,0
NW9EAMH9V_4855-9416-5367-9928,0,0,0,0,0,0,1,0,0
NW9EAMH9V_5367-4296-5879-4808,0,0,0,0,0,0,1,0,0
NW9EAMH9V_5367-4808-5879-5320,0,0,0,0,0,0,1,0,0
NW9EAMH9V_5367-9416-5879-9928,0,0,0,0,0,0,1,0,0
NW9EAMH9V_5367-5320-5879-5832,0,0,0,0,0,0,1,0,0
NW9EAMH9V_6391-5320-6903-5832,0,0,0,0,0,0,1,0,0
NW9EAMH9V_5879-4808-6391-5320,0,0,0,0,0,0,1,0,0
NW9EAMH9V_5879-9416-6391-9928,0,0,0,0,0,0,1,0,0
NW9EAMH9V_5879-5320-6391-5832,0,0,0,0,0,0,1,0,0
NW9EAMH9V_6391-4296-6903-4808,0,0,0,0,0,0,1,0,0
NW9EAMH9V_6903-4296-7415-4808,0,0,0,0,0,0,1,0,0
NW9EAMH9V_6903-5320-7415-5832,0,0,0,0,0,0,1,0,0
NW9EAMH9V_6903-5832-7415-6344,0,0,0,0,0,0,1,0,0
NW9EAMH9V_7415-3784-7927-4296,0,0,0,0,0,0,1,0,0
NW9EAMH9V_6903-3784-7415-4296,0,0,0,0,0,0,1,0,0
NW9EAMH9V_6391-9416-6903-9928,0,0,0,0,0,0,1,0,0
NW9EAMH9V_6903-9416-7415-9928,0,0,0,0,0,0,1,0,0
NW9EAMH9V_7415-5832-7927-6344,0,0,0,0,0,0,1,0,0
NW9EAMH9V_7415-4296-7927-4808,0,0,0,0,0,0,1,0,0
NW9EAMH9V_7415-8904-7927-9416,0,0,0,0,0,0,1,0,0
NW9EAMH9V_7415-5320-7927-5832,0,0,0,0,0,0,1,0,0
NW9EAMH9V_7415-9416-7927-9928,0,0,0,0,0,0,1,0,0
NW9EAMH9V_759-8904-1271-9416,0,0,0,0,0,0,1,0,0
NW9EAMH9V_7927-8904-8439-9416,0,0,0,0,0,0,1,0,0
NW9EAMH9V_7927-4296-8439-4808,0,0,0,0,0,0,1,0,0
NW9EAMH9V_7927-3784-8439-4296,0,0,0,0,0,0,1,0,0
NW9EAMH9V_759-9416-1271-9928,0,0,0,0,0,0,1,0,0
NW9EAMH9V_7927-5832-8439-6344,0,0,0,0,0,0,1,0,0
NW9EAMH9V_8439-5832-8951-6344,0,0,0,0,0,0,1,0,0
NW9EAMH9V_8439-2760-8951-3272,0,0,0,0,0,0,1,0,0
NW9EAMH9V_8439-4296-8951-4808,0,0,0,0,0,0,1,0,0
NW9EAMH9V_8439-3272-8951-3784,0,0,0,0,0,0,1,0,0
NW9EAMH9V_8439-3784-8951-4296,0,0,0,0,0,0,1,0,0
NW9EAMH9V_8439-8904-8951-9416,0,0,0,0,0,0,1,0,0
NW9EAMH9V_8439-6344-8951-6856,0,0,0,0,0,0,1,0,0
NW9EAMH9V_8951-3272-9463-3784,0,0,0,0,0,0,1,0,0
NW9EAMH9V_8951-2248-9463-2760,0,0,0,0,0,0,1,0,0
NW9EAMH9V_8951-2760-9463-3272,0,0,0,0,0,0,1,0,0
NW9EAMH9V_8951-3784-9463-4296,0,0,0,0,0,0,1,0,0
NW9EAMH9V_8951-8904-9463-9416,0,0,0,0,0,0,1,0,0
NW9EAMH9V_8951-6344-9463-6856,0,0,0,0,0,0,1,0,0
NW9EAMH9V_9463-6344-9975-6856,0,0,0,0,0,0,1,0,0
NW9EAMH9V_9463-3784-9975-4296,0,0,0,0,0,0,1,0,0
NW9EAMH9V_9463-8904-9975-9416,0,0,0,0,0,0,1,0,0
NW9EAMH9V_9975-3784-10487-4296,0,0,0,0,0,0,1,0,0
NW9EAMH9V_9975-8904-10487-9416,0,0,0,0,0,0,1,0,0
NWJYG876A_5156-1783-5668-2295,0,0,0,0,0,0,0,0,1
NWTIEC88G_1049-917-1561-1429,0,0,1,0,0,0,0,0,0
NWTIEC88G_1060-6590-1572-7102,0,0,1,0,0,0,0,0,0
NWTIEC88G_1319-757-1831-1269,0,0,1,0,0,0,0,0,0
NWJYG876A_7012-1661-7524-2173,0,0,0,0,0,0,0,0,1
NWTIEC88G_1151-4656-1663-5168,0,0,1,0,0,0,0,0,0
NWTIEC88G_1321-6532-1833-7044,0,0,1,0,0,0,0,0,0
NWTIEC88G_1420-3679-1932-4191,0,0,1,0,0,0,0,0,0
NWTIEC88G_1375-2891-1887-3403,0,0,1,0,0,0,0,0,0
NWTIEC88G_1382-2517-1894-3029,0,0,1,0,0,0,0,0,0
NWTIEC88G_1420-7522-1932-8034,0,0,1,0,0,0,0,0,0
NWTIEC88G_1637-6608-2149-7120,0,0,1,0,0,0,0,0,0
NWTIEC88G_1638-7294-2150-7806,0,0,1,0,0,0,0,0,0
NWTIEC88G_1812-1863-2324-2375,0,0,1,0,0,0,0,0,0
NWTIEC88G_1708-1263-2220-1775,0,0,1,0,0,0,0,0,0
NWTIEC88G_1692-6306-2204-6818,0,0,1,0,0,0,0,0,0
NWTIEC88G_1663-4656-2175-5168,0,0,1,0,0,0,0,0,0
NWTIEC88G_1825-8437-2337-8949,0,0,1,0,0,0,0,0,0
NWTIEC88G_1894-2517-2406-3029,0,0,1,0,0,0,0,0,0
NWTIEC88G_1830-3811-2342-4323,0,0,1,0,0,0,0,0,0
NWTIEC88G_1831-757-2343-1269,0,0,1,0,0,0,0,0,0
NWTIEC88G_1917-3233-2429-3745,0,0,1,0,0,0,0,0,0
NWTIEC88G_1887-2891-2399-3403,0,0,1,0,0,0,0,0,0
NWTIEC88G_2051-3516-2563-4028,0,0,1,0,0,0,0,0,0
NWTIEC88G_1933-6090-2445-6602,0,0,1,0,0,0,0,0,0
NWTIEC88G_2077-4228-2589-4740,0,0,1,0,0,0,0,0,0
NWTIEC88G_2090-1764-2602-2276,0,0,1,0,0,0,0,0,0
NWTIEC88G_2058-1471-2570-1983,0,0,1,0,0,0,0,0,0
NWTIEC88G_2115-7532-2627-8044,0,0,1,0,0,0,0,0,0
NWTIEC88G_2121-6832-2633-7344,0,0,1,0,0,0,0,0,0
NWTIEC88G_2153-2680-2665-3192,0,0,1,0,0,0,0,0,0
NWTIEC88G_2175-4656-2687-5168,0,0,1,0,0,0,0,0,0
NWTIEC88G_2155-3125-2667-3637,0,0,1,0,0,0,0,0,0
NWTIEC88G_2194-5273-2706-5785,0,0,1,0,0,0,0,0,0
NWTIEC88G_2220-1263-2732-1775,0,0,1,0,0,0,0,0,0
NWTIEC88G_2200-2182-2712-2694,0,0,1,0,0,0,0,0,0
NWTIEC88G_2292-3621-2804-4133,0,0,1,0,0,0,0,0,0
NWTIEC88G_2372-4839-2884-5351,0,0,1,0,0,0,0,0,0
NWTIEC88G_2324-1863-2836-2375,0,0,1,0,0,0,0,0,0
NWTIEC88G_2287-8384-2799-8896,0,0,1,0,0,0,0,0,0
NWTIEC88G_2361-6001-2873-6513,0,0,1,0,0,0,0,0,0
NWTIEC88G_2385-4024-2897-4536,0,0,1,0,0,0,0,0,0
NWTIEC88G_2401-3363-2913-3875,0,0,1,0,0,0,0,0,0
NWTIEC88G_2476-2279-2988-2791,0,0,1,0,0,0,0,0,0
NWTIEC88G_2424-6717-2936-7229,0,0,1,0,0,0,0,0,0
NWTIEC88G_2411-2891-2923-3403,0,0,1,0,0,0,0,0,0
NWTIEC88G_2524-5696-3036-6208,0,0,1,0,0,0,0,0,0
NWTIEC88G_2627-7532-3139-8044,0,0,1,0,0,0,0,0,0
NWTIEC88G_2589-4228-3101-4740,0,0,1,0,0,0,0,0,0
NWTIEC88G_2529-1666-3041-2178,0,0,1,0,0,0,0,0,0
NWTIEC88G_2665-2680-3177-3192,0,0,1,0,0,0,0,0,0
NWTIEC88G_2665-2061-3177-2573,0,0,1,0,0,0,0,0,0
NWTIEC88G_2633-6832-3145-7344,0,0,1,0,0,0,0,0,0
NWTIEC88G_2667-3125-3179-3637,0,0,1,0,0,0,0,0,0
NWTIEC88G_2717-7114-3229-7626,0,0,1,0,0,0,0,0,0
NWTIEC88G_2687-4656-3199-5168,0,0,1,0,0,0,0,0,0
NWTIEC88G_2732-1263-3244-1775,0,0,1,0,0,0,0,0,0
NWTIEC88G_2773-5488-3285-6000,0,0,1,0,0,0,0,0,0
NWTIEC88G_2836-1863-3348-2375,0,0,1,0,0,0,0,0,0
NWTIEC88G_2866-5892-3378-6404,0,0,1,0,0,0,0,0,0
NWTIEC88G_2854-3811-3366-4323,0,0,1,0,0,0,0,0,0
NWTIEC88G_2884-4839-3396-5351,0,0,1,0,0,0,0,0,0
NWTIEC88G_2913-3363-3425-3875,0,0,1,0,0,0,0,0,0
NWTIEC88G_2910-4340-3422-4852,0,0,1,0,0,0,0,0,0
NWTIEC88G_2918-2517-3430-3029,0,0,1,0,0,0,0,0,0
NWTIEC88G_2999-7293-3511-7805,0,0,1,0,0,0,0,0,0
NWTIEC88G_2923-2891-3435-3403,0,0,1,0,0,0,0,0,0
NWTIEC88G_3177-2680-3689-3192,0,0,1,0,0,0,0,0,0
NWTIEC88G_3041-1666-3553-2178,0,0,1,0,0,0,0,0,0
NWTIEC88G_3083-7729-3595-8241,0,0,1,0,0,0,0,0,0
NWTIEC88G_3036-5696-3548-6208,0,0,1,0,0,0,0,0,0
NWTIEC88G_3177-2061-3689-2573,0,0,1,0,0,0,0,0,0
NWTIEC88G_3241-3718-3753-4230,0,0,1,0,0,0,0,0,0
NWTIEC88G_3283-6647-3795-7159,0,0,1,0,0,0,0,0,0
NWTIEC88G_3299-8129-3811-8641,0,0,1,0,0,0,0,0,0
NWTIEC88G_3179-3125-3691-3637,0,0,1,0,0,0,0,0,0
NWTIEC88G_3330-5910-3842-6422,0,0,1,0,0,0,0,0,0
NWTIEC88G_3430-2517-3942-3029,0,0,1,0,0,0,0,0,0
NWTIEC88G_3348-1863-3860-2375,0,0,1,0,0,0,0,0,0
NWTIEC88G_3523-8240-4035-8752,0,0,1,0,0,0,0,0,0
NWTIEC88G_3468-2182-3980-2694,0,0,1,0,0,0,0,0,0
NWTIEC88G_3469-7926-3981-8438,0,0,1,0,0,0,0,0,0
NWTIEC88G_3553-1666-4065-2178,0,0,1,0,0,0,0,0,0
NWTIEC88G_3795-6647-4307-7159,0,0,1,0,0,0,0,0,0
NWTIEC88G_3613-7322-4125-7834,0,0,1,0,0,0,0,0,0
NWTIEC88G_3599-6092-4111-6604,0,0,1,0,0,0,0,0,0
NWTIEC88G_3759-5392-4271-5904,0,0,1,0,0,0,0,0,0
NWTIEC88G_3689-2061-4201-2573,0,0,1,0,0,0,0,0,0
NWTIEC88G_3842-5910-4354-6422,0,0,1,0,0,0,0,0,0
NWTIEC88G_3811-8129-4323-8641,0,0,1,0,0,0,0,0,0
NWTIEC88G_3999-6494-4511-7006,0,0,1,0,0,0,0,0,0
NWTIEC88G_4111-6092-4623-6604,0,0,1,0,0,0,0,0,0
NWTIEC88G_4094-3931-4606-4443,0,0,1,0,0,0,0,0,0
NWTIEC88G_3850-5048-4362-5560,0,0,1,0,0,0,0,0,0
NWTIEC88G_4271-5392-4783-5904,0,0,1,0,0,0,0,0,0
NWTIEC88G_4158-7093-4670-7605,0,0,1,0,0,0,0,0,0
NWTIEC88G_4251-5707-4763-6219,0,0,1,0,0,0,0,0,0
NWTIEC88G_4151-4789-4663-5301,0,0,1,0,0,0,0,0,0
NWTIEC88G_4332-7622-4844-8134,0,0,1,0,0,0,0,0,0
NWTIEC88G_4300-3700-4812-4212,0,0,1,0,0,0,0,0,0
NWTIEC88G_4315-6470-4827-6982,0,0,1,0,0,0,0,0,0
NWTIEC88G_4467-768-4979-1280,0,0,1,0,0,0,0,0,0
NWTIEC88G_4332-8134-4844-8646,0,0,1,0,0,0,0,0,0
NWTIEC88G_4362-5048-4874-5560,0,0,1,0,0,0,0,0,0
NWTIEC88G_4358-1475-4870-1987,0,0,1,0,0,0,0,0,0
NWTIEC88G_4357-3345-4869-3857,0,0,1,0,0,0,0,0,0
NWTIEC88G_4389-4645-4901-5157,0,0,1,0,0,0,0,0,0
NWTIEC88G_633-8395-1145-8907,0,0,1,0,0,0,0,0,0
NWTIEC88G_830-1963-1342-2475,0,0,1,0,0,0,0,0,0
NWTIEC88G_894-4765-1406-5277,0,0,1,0,0,0,0,0,0
NWTIEC88G_922-2693-1434-3205,0,0,1,0,0,0,0,0,0
NXGEYTEEL_159-344-671-856,0,0,0,0,0,1,0,0,0
NYIXWWPDF_1055-8049-1567-8561,0,0,1,0,0,0,0,0,0
NYIXWWPDF_1287-5615-1799-6127,0,0,1,0,0,0,0,0,0
NYIXWWPDF_1287-7151-1799-7663,0,0,1,0,0,0,1,0,0
NXGEYTEEL_426-386-938-898,0,0,0,0,0,1,0,0,0
NYIXWWPDF_1262-7863-1774-8375,0,0,1,0,0,0,0,0,0
NYIXWWPDF_1335-4268-1847-4780,0,0,1,0,0,0,0,0,0
NYIXWWPDF_1335-3756-1847-4268,0,0,1,0,0,0,0,0,0
NYIXWWPDF_1335-5292-1847-5804,0,0,1,0,0,0,0,0,0
NYIXWWPDF_1530-7358-2042-7870,0,0,1,0,0,0,1,0,0
NYIXWWPDF_1335-6316-1847-6828,0,0,1,0,0,0,0,0,0
NYIXWWPDF_1588-3467-2100-3979,0,0,1,0,0,0,0,0,0
NYIXWWPDF_1567-8049-2079-8561,0,0,1,0,0,0,0,0,0
NYIXWWPDF_1335-4780-1847-5292,0,0,1,0,0,0,0,0,0
NYIXWWPDF_1588-3979-2100-4491,0,0,1,0,0,0,0,0,0
NYIXWWPDF_1799-5615-2311-6127,0,0,1,0,0,0,0,0,0
NYIXWWPDF_1799-6127-2311-6639,0,0,1,0,0,0,0,0,0
NYIXWWPDF_1799-6639-2311-7151,0,0,1,0,0,0,0,0,0
NYIXWWPDF_1799-7151-2311-7663,0,0,1,0,0,0,1,0,0
NYIXWWPDF_1847-3756-2359-4268,0,0,1,0,0,0,0,0,0
NYIXWWPDF_1847-5292-2359-5804,0,0,1,0,0,0,0,0,0
NYIXWWPDF_1847-4780-2359-5292,0,0,1,0,0,0,0,0,0
NYIXWWPDF_1862-2649-2374-3161,0,0,1,0,0,0,0,0,0
NYIXWWPDF_1799-7663-2311-8175,0,0,1,0,0,0,0,0,0
NYIXWWPDF_1847-4268-2359-4780,0,0,1,0,0,0,0,0,0
NYIXWWPDF_1862-3161-2374-3673,0,0,1,0,0,0,0,0,0
NYIXWWPDF_2184-7373-2696-7885,0,0,1,0,0,0,0,0,0
NYIXWWPDF_2100-3979-2612-4491,0,0,1,0,0,0,0,0,0
NYIXWWPDF_2204-2334-2716-2846,0,0,1,0,0,0,0,0,0
NYIXWWPDF_2092-3021-2604-3533,0,0,1,0,0,0,0,0,0
NYIXWWPDF_2068-7584-2580-8096,0,0,1,0,0,0,0,0,0
NYIXWWPDF_2033-3535-2545-4047,0,0,1,0,0,0,0,0,0
NYIXWWPDF_2242-7939-2754-8451,0,0,1,0,0,0,1,0,0
NYIXWWPDF_2311-5615-2823-6127,0,0,1,0,0,0,0,0,0
NYIXWWPDF_2353-994-2865-1506,0,0,1,0,0,0,0,0,0
NYIXWWPDF_2311-6127-2823-6639,0,0,1,0,0,0,0,0,0
NYIXWWPDF_2359-4780-2871-5292,0,0,1,0,0,0,0,0,0
NYIXWWPDF_2359-4268-2871-4780,0,0,1,0,0,0,0,0,0
NYIXWWPDF_2359-3756-2871-4268,0,0,1,0,0,0,0,0,0
NYIXWWPDF_2359-5292-2871-5804,0,0,1,0,0,0,0,0,0
NYIXWWPDF_2469-6550-2981-7062,0,0,1,0,0,0,0,0,0
NYIXWWPDF_2469-7574-2981-8086,0,0,1,0,0,0,1,0,0
NYIXWWPDF_2469-7062-2981-7574,0,0,1,0,0,0,0,0,0
NYIXWWPDF_2652-4494-3164-5006,0,0,1,0,0,0,1,0,0
NYIXWWPDF_2536-2094-3048-2606,0,0,1,0,0,0,0,0,0
NYIXWWPDF_2652-3470-3164-3982,0,0,1,0,0,0,1,0,0
NYIXWWPDF_2542-509-3054-1021,0,0,1,0,0,0,0,0,0
NYIXWWPDF_2469-8086-2981-8598,0,0,1,0,0,0,1,0,0
NYIXWWPDF_2469-8598-2981-9110,0,0,1,0,0,0,1,0,0
NYIXWWPDF_2652-3982-3164-4494,0,0,1,0,0,0,1,0,0
NYIXWWPDF_2666-1336-3178-1848,0,0,1,0,0,0,0,0,0
NYIXWWPDF_2664-6265-3176-6777,0,0,1,0,0,0,0,0,0
NYIXWWPDF_2666-1848-3178-2360,0,0,1,0,0,0,0,0,0
NYIXWWPDF_2666-2872-3178-3384,0,0,1,0,0,0,0,0,0
NYIXWWPDF_2752-6850-3264-7362,0,0,1,0,0,0,0,0,0
NYIXWWPDF_2686-2554-3198-3066,0,0,1,0,0,0,0,0,0
NYIXWWPDF_2666-824-3178-1336,0,0,1,0,0,0,0,0,0
NYIXWWPDF_2752-7362-3264-7874,0,0,1,0,0,0,1,0,0
NYIXWWPDF_2747-7859-3259-8371,0,0,1,0,0,0,1,0,0
NYIXWWPDF_2812-3660-3324-4172,0,0,1,0,0,0,1,0,0
NYIXWWPDF_2812-3148-3324-3660,0,0,1,0,0,0,1,0,0
NYIXWWPDF_2981-7062-3493-7574,0,0,1,0,0,0,1,0,0
NYIXWWPDF_2981-8086-3493-8598,0,0,1,0,0,0,0,0,0
NYIXWWPDF_2981-8598-3493-9110,0,0,1,0,0,0,0,0,0
NYIXWWPDF_2812-4684-3324-5196,0,0,1,0,0,0,1,0,0
NYIXWWPDF_2812-5708-3324-6220,0,0,1,0,0,0,0,0,0
NYIXWWPDF_2981-9110-3493-9622,0,0,1,0,0,0,0,0,0
NYIXWWPDF_2812-4172-3324-4684,0,0,1,0,0,0,1,0,0
NYIXWWPDF_3054-509-3566-1021,0,0,1,0,0,0,0,0,0
NYIXWWPDF_3178-1336-3690-1848,0,0,1,0,0,0,0,0,0
NYIXWWPDF_3014-5213-3526-5725,0,0,1,0,0,0,1,0,0
NYIXWWPDF_3178-1848-3690-2360,0,0,1,0,0,0,0,0,0
NYIXWWPDF_3178-2872-3690-3384,0,0,1,0,0,0,1,0,0
NYIXWWPDF_3178-2360-3690-2872,0,0,1,0,0,0,0,0,0
NYIXWWPDF_3178-3384-3690-3896,0,0,1,0,0,0,1,0,0
NYIXWWPDF_3178-824-3690-1336,0,0,1,0,0,0,0,0,0
NYIXWWPDF_3200-4972-3712-5484,0,0,1,0,0,0,1,0,0
NYIXWWPDF_3200-4460-3712-4972,0,0,1,0,0,0,1,0,0
NYIXWWPDF_3200-5484-3712-5996,0,0,1,0,0,0,1,0,0
NYIXWWPDF_3324-3660-3836-4172,0,0,1,0,0,0,0,0,0
NYIXWWPDF_3200-5996-3712-6508,0,0,1,0,0,0,1,0,0
NYIXWWPDF_3200-7532-3712-8044,0,0,1,0,0,0,1,0,0
NYIXWWPDF_3312-4743-3824-5255,0,0,1,0,0,0,1,0,0
NYIXWWPDF_3200-6508-3712-7020,0,0,1,0,0,0,1,0,0
NYIXWWPDF_3324-3148-3836-3660,0,0,1,0,0,0,1,0,0
NYIXWWPDF_3324-5196-3836-5708,0,0,1,0,0,0,1,0,0
NYIXWWPDF_3324-5708-3836-6220,0,0,1,0,0,0,1,0,0
NYIXWWPDF_3349-6862-3861-7374,0,0,1,0,0,0,1,0,0
NYIXWWPDF_3330-4009-3842-4521,0,0,1,0,0,0,0,0,0
NYIXWWPDF_3433-6382-3945-6894,0,0,1,0,0,0,1,0,0
NYIXWWPDF_3493-9110-4005-9622,0,0,1,0,0,0,0,0,0
NYIXWWPDF_3550-7821-4062-8333,0,0,1,0,0,0,0,0,0
NYIXWWPDF_3493-8086-4005-8598,0,0,1,0,0,0,0,0,0
NYIXWWPDF_3566-509-4078-1021,0,0,1,0,0,0,0,0,0
NYIXWWPDF_3492-2009-4004-2521,0,0,1,0,0,0,0,0,0
NYIXWWPDF_3493-8598-4005-9110,0,0,1,0,0,0,0,0,0
NYIXWWPDF_3573-4344-4085-4856,0,0,1,0,0,0,0,0,0
NYIXWWPDF_3597-7279-4109-7791,0,0,1,0,0,0,0,0,0
NYIXWWPDF_3573-4856-4085-5368,0,0,1,0,0,0,0,0,0
NYIXWWPDF_3609-5779-4121-6291,0,0,1,0,0,0,0,0,0
NYIXWWPDF_3576-965-4088-1477,0,0,1,0,0,0,0,0,0
NYIXWWPDF_3663-6539-4175-7051,0,0,1,0,0,0,0,0,0
NYIXWWPDF_3644-9561-4156-10073,0,0,1,0,0,0,0,0,0
NYIXWWPDF_3690-1336-4202-1848,0,0,1,0,0,0,0,0,0
NYIXWWPDF_3690-1848-4202-2360,0,0,1,0,0,0,0,0,0
NYIXWWPDF_3690-3384-4202-3896,0,0,1,0,0,0,0,0,0
NYIXWWPDF_3690-2872-4202-3384,0,0,1,0,0,0,0,0,0
NYIXWWPDF_3712-5996-4224-6508,0,0,1,0,0,0,0,0,0
NYIXWWPDF_3712-7532-4224-8044,0,0,1,0,0,0,0,0,0
NYIXWWPDF_3712-7020-4224-7532,0,0,1,0,0,0,0,0,0
NYIXWWPDF_3801-9353-4313-9865,0,0,1,0,0,0,0,0,0
NYIXWWPDF_3748-687-4260-1199,0,0,1,0,0,0,0,0,0
NYIXWWPDF_3712-3948-4224-4460,0,0,1,0,0,0,0,0,0
NYIXWWPDF_4030-3544-4542-4056,0,0,1,0,0,0,0,0,0
NYIXWWPDF_3905-1195-4417-1707,0,0,1,0,0,0,0,0,0
NYIXWWPDF_4018-4706-4530-5218,0,0,1,0,0,0,0,0,0
NYIXWWPDF_3805-5387-4317-5899,0,0,1,0,0,0,0,0,0
NYIXWWPDF_3877-4948-4389-5460,0,0,1,0,0,0,0,0,0
NYIXWWPDF_4074-9094-4586-9606,0,0,1,0,0,0,0,0,0
NYIXWWPDF_3842-4521-4354-5033,0,0,1,0,0,0,0,0,0
NYIXWWPDF_4030-3032-4542-3544,0,0,1,0,0,0,0,0,0
NYIXWWPDF_4202-1336-4714-1848,0,0,1,0,0,0,0,0,0
NYIXWWPDF_4078-509-4590-1021,0,0,1,0,0,0,0,0,0
NYIXWWPDF_4117-8496-4629-9008,0,0,1,0,0,0,0,0,0
NYIXWWPDF_4127-4387-4639-4899,0,0,1,0,0,0,0,0,0
NYIXWWPDF_4202-2872-4714-3384,0,0,1,0,0,0,0,0,0
NYIXWWPDF_4224-5484-4736-5996,0,0,1,0,0,0,0,0,0
NYIXWWPDF_4224-5996-4736-6508,0,0,1,0,0,0,0,0,0
NYIXWWPDF_4224-4972-4736-5484,0,0,1,0,0,0,0,0,0
NYIXWWPDF_4224-6508-4736-7020,0,0,1,0,0,0,0,0,0
NYIXWWPDF_4202-824-4714-1336,0,0,1,0,0,0,0,0,0
NYIXWWPDF_4224-7532-4736-8044,0,0,1,0,0,0,0,0,0
NYIXWWPDF_4224-7020-4736-7532,0,0,1,0,0,0,0,0,0
NYIXWWPDF_4354-3497-4866-4009,0,0,1,0,0,0,0,0,0
NYIXWWPDF_4398-9112-4910-9624,0,0,1,0,0,0,0,0,0
NYIXWWPDF_4354-4521-4866-5033,0,0,1,0,0,0,0,0,0
NYIXWWPDF_4272-8838-4784-9350,0,0,1,0,0,0,0,0,0
NYIXWWPDF_4398-8600-4910-9112,0,0,1,0,0,0,0,0,0
NYIXWWPDF_4398-8088-4910-8600,0,0,1,0,0,0,0,0,0
NYIXWWPDF_4416-3839-4928-4351,0,0,1,0,0,0,0,0,0
NYIXWWPDF_4608-4057-5120-4569,0,0,1,0,0,0,0,0,0
NYIXWWPDF_4700-8947-5212-9459,0,0,1,0,0,0,0,0,0
NYIXWWPDF_4529-9493-5041-10005,0,0,1,0,0,0,0,0,0
NYIXWWPDF_4736-4972-5248-5484,0,0,1,0,0,0,0,0,0
NYIXWWPDF_4714-1848-5226-2360,0,0,1,0,0,0,0,0,0
NYIXWWPDF_4714-3384-5226-3896,0,0,1,0,0,0,0,0,0
NYIXWWPDF_4736-4460-5248-4972,0,0,1,0,0,0,0,0,0
NYIXWWPDF_4714-824-5226-1336,0,0,1,0,0,0,0,0,0
NYIXWWPDF_4714-2360-5226-2872,0,0,1,0,0,0,0,0,0
NYIXWWPDF_4736-5996-5248-6508,0,0,1,0,0,0,0,0,0
NYIXWWPDF_4739-3704-5251-4216,0,0,1,0,0,0,0,0,0
NYIXWWPDF_4736-7532-5248-8044,0,0,1,0,0,0,0,0,0
NYIXWWPDF_4736-5484-5248-5996,0,0,1,0,0,0,0,0,0
NYIXWWPDF_4736-7020-5248-7532,0,0,1,0,0,0,0,0,0
NYIXWWPDF_4736-6508-5248-7020,0,0,1,0,0,0,0,0,0
NYIXWWPDF_4766-9263-5278-9775,0,0,1,0,0,0,0,0,0
NYIXWWPDF_4853-8409-5365-8921,0,0,1,0,0,0,0,0,0
NYIXWWPDF_4983-9762-5495-10274,0,0,1,0,0,0,0,0,0
NYIXWWPDF_5034-3690-5546-4202,0,0,1,0,0,0,0,0,0
NYIXWWPDF_5043-8953-5555-9465,0,0,1,0,0,0,0,0,0
NYIXWWPDF_4999-8651-5511-9163,0,0,1,0,0,0,0,0,0
NYIXWWPDF_5226-1336-5738-1848,0,0,1,0,0,0,0,0,0
NYIXWWPDF_5053-5366-5565-5878,0,0,1,0,0,0,0,0,0
NYIXWWPDF_5048-544-5560-1056,0,0,1,0,0,0,0,0,0
NYIXWWPDF_5226-1848-5738-2360,0,0,1,0,0,0,0,0,0
NYIXWWPDF_5074-8297-5586-8809,0,0,1,0,0,0,0,0,0
NYIXWWPDF_5065-5673-5577-6185,0,0,1,0,0,0,0,0,0
NYIXWWPDF_5226-824-5738-1336,0,0,1,0,0,0,0,0,0
NYIXWWPDF_5226-2872-5738-3384,0,0,1,0,0,0,0,0,0
NYIXWWPDF_5248-3948-5760-4460,0,0,1,0,0,0,0,0,0
NYIXWWPDF_5226-2360-5738-2872,0,0,1,0,0,0,0,0,0
NYIXWWPDF_5248-5996-5760-6508,0,0,1,0,0,0,0,0,0
NYIXWWPDF_5226-3384-5738-3896,0,0,1,0,0,0,0,0,0
NYIXWWPDF_5248-6508-5760-7020,0,0,1,0,0,0,0,0,0
NYIXWWPDF_5248-4460-5760-4972,0,0,1,0,0,0,0,0,0
NYIXWWPDF_5256-5216-5768-5728,0,0,1,0,0,0,0,0,0
NYIXWWPDF_5248-7020-5760-7532,0,0,1,0,0,0,0,0,0
NYIXWWPDF_5248-7532-5760-8044,0,0,1,0,0,0,0,0,0
NYIXWWPDF_823-5804-1335-6316,0,0,1,0,0,0,0,0,0
NYIXWWPDF_775-7151-1287-7663,0,0,1,0,0,0,0,0,0
NYIXWWPDF_775-6639-1287-7151,0,0,1,0,0,0,0,0,0
NYIXWWPDF_823-5292-1335-5804,0,0,1,0,0,0,0,0,0
NYIXWWPDF_823-4780-1335-5292,0,0,1,0,0,0,0,0,0
NYIXWWPDF_823-4268-1335-4780,0,0,1,0,0,0,0,0,0
NYIXWWPDF_823-6316-1335-6828,0,0,1,0,0,0,0,0,0
NYM1U36LE_1207-232-1719-744,0,0,0,0,0,0,1,0,0
NZ47T2L1J_2723-3788-3235-4300,1,0,0,0,0,0,0,0,0
NZ47T2L1J_1729-3368-2241-3880,1,0,0,0,0,0,0,0,0
NYIXWWPDF_885-7833-1397-8345,0,0,1,0,0,0,0,0,0
NYM1U36LE_1719-232-2231-744,0,0,0,0,0,0,1,0,0
NZ47T2L1J_2762-2916-3274-3428,1,0,0,0,0,0,0,0,0
NZ47T2L1J_4187-2929-4699-3441,1,0,0,0,0,0,0,0,0
NZ47T2L1J_4457-3048-4969-3560,1,0,0,0,0,0,0,0,0
NZ47T2L1J_4482-3997-4994-4509,1,0,0,0,0,0,0,0,0
NZ47T2L1J_629-3599-1141-4111,1,0,0,0,0,0,0,0,0
NZ47T2L1J_581-5106-1093-5618,1,0,0,0,0,0,0,0,0
NZ9MAMQG8_1066-5367-1578-5879,0,0,1,0,0,0,0,0,0
NZ9MAMQG8_1269-5170-1781-5682,0,0,1,0,0,0,0,0,0
NZ9MAMQG8_1362-5486-1874-5998,0,0,1,0,0,0,0,0,0
NZ47T2L1J_997-4917-1509-5429,1,0,0,0,0,0,0,0,0
NZ9MAMQG8_1680-6636-2192-7148,0,0,1,0,0,0,0,0,0
NZ47T2L1J_756-3356-1268-3868,1,0,0,0,0,0,0,0,0
NZ9MAMQG8_1873-5492-2385-6004,0,0,1,0,0,0,0,0,0
NZ9MAMQG8_2040-6457-2552-6969,0,0,1,0,0,0,0,0,0
NZ9MAMQG8_2344-6516-2856-7028,0,0,1,0,0,0,0,0,0
NZ9MAMQG8_2329-5416-2841-5928,0,0,1,0,0,0,0,0,0
NZ9MAMQG8_2550-5795-3062-6307,0,0,1,0,0,0,0,0,0
NZ9MAMQG8_2220-5807-2732-6319,0,0,1,0,0,0,0,0,0
NZ9MAMQG8_2560-6354-3072-6866,0,0,1,0,0,0,0,0,0
NZ9MAMQG8_2619-5352-3131-5864,0,0,1,0,0,0,0,0,0
NZ9MAMQG8_2899-4303-3411-4815,0,0,1,0,0,0,0,0,0
NZ9MAMQG8_2918-5282-3430-5794,0,0,1,0,0,0,0,0,0
NZ9MAMQG8_3023-5817-3535-6329,0,0,1,0,0,0,0,0,0
NZ9MAMQG8_3434-5653-3946-6165,0,0,1,0,0,0,0,0,0
NZ9MAMQG8_4287-6003-4799-6515,0,0,1,0,0,0,0,0,0
NZ9MAMQG8_3805-4663-4317-5175,0,0,1,0,0,0,0,0,0
NZ9MAMQG8_3827-6351-4339-6863,0,0,1,0,0,0,0,0,0
NZ9MAMQG8_3613-6557-4125-7069,0,0,1,0,0,0,0,0,0
NZ9MAMQG8_3996-4892-4508-5404,0,0,1,0,0,0,0,0,0
NZ9MAMQG8_4030-5856-4542-6368,0,0,1,0,0,0,0,0,0
NZ9MAMQG8_5304-4537-5816-5049,0,0,1,0,0,0,0,0,0
NZ9MAMQG8_4478-3682-4990-4194,0,0,1,0,0,0,0,0,0
NZ9MAMQG8_5019-4370-5531-4882,0,0,1,0,0,0,0,0,0
NZ9MAMQG8_4794-5415-5306-5927,0,0,1,0,0,0,0,0,0
NZ9MAMQG8_5085-5217-5597-5729,0,0,1,0,0,0,0,0,0
NZ9MAMQG8_5237-4935-5749-5447,0,0,1,0,0,0,0,0,0
NZ9MAMQG8_5544-4335-6056-4847,0,0,1,0,0,0,0,0,0
NZ9MAMQG8_5306-5415-5818-5927,0,0,1,0,0,0,0,0,0
NZ9MAMQG8_5749-4935-6261-5447,0,0,1,0,0,0,0,0,0
NZ9MAMQG8_7560-5545-8072-6057,0,0,1,0,0,0,0,0,0
NZ9MAMQG8_6735-4270-7247-4782,0,0,1,0,0,0,0,0,0
NZ9MAMQG8_6331-529-6843-1041,0,0,1,0,0,0,0,0,0
NZ9MAMQG8_6748-4630-7260-5142,0,0,1,0,0,0,0,0,0
NZ9MAMQG8_6959-4395-7471-4907,0,0,1,0,0,0,0,0,0
NZ9MAMQG8_6089-1578-6601-2090,0,0,1,0,0,0,0,0,0
NZ9MAMQG8_5891-4211-6403-4723,0,0,1,0,0,0,0,0,0
NZ9MAMQG8_768-4987-1280-5499,0,0,1,0,0,0,0,0,0
NZ9MAMQG8_8123-6590-8635-7102,0,0,1,0,0,0,0,0,0
NZ9MAMQG8_8324-6369-8836-6881,0,0,1,0,0,0,0,0,0
NZCKWJAXH_10203-1022-10715-1534,0,1,0,0,0,0,0,0,0
NZ9MAMQG8_846-5262-1358-5774,0,0,1,0,0,0,0,0,0
NZ9MAMQG8_8485-6166-8997-6678,0,0,1,0,0,0,0,0,0
NZ9MAMQG8_8237-5490-8749-6002,0,0,1,0,0,0,0,0,0
NZ9MAMQG8_8532-2406-9044-2918,0,0,1,0,0,0,0,0,0
NZCKWJAXH_10434-4461-10946-4973,0,1,0,0,0,0,0,0,0
NZCKWJAXH_10502-6581-11014-7093,0,1,0,0,0,0,0,0,0
NZCKWJAXH_10502-7093-11014-7605,0,1,0,0,0,0,0,0,0
NZCKWJAXH_1083-3605-1595-4117,0,1,0,0,0,0,0,0,0
NZCKWJAXH_3377-2777-3889-3289,0,1,0,0,0,0,0,0,0
NZCKWJAXH_1083-4117-1595-4629,0,1,0,0,0,0,0,0,0
NZCKWJAXH_1460-7961-1972-8473,0,1,0,0,0,0,0,0,0
NZCKWJAXH_3010-537-3522-1049,0,1,0,0,0,0,0,0,0
NZCKWJAXH_1972-7961-2484-8473,0,1,0,0,0,0,0,0,0
NZCKWJAXH_2754-4374-3266-4886,0,1,0,0,0,0,0,0,0
NZCKWJAXH_3266-4374-3778-4886,0,1,0,0,0,0,0,0,0
NZCKWJAXH_3377-3289-3889-3801,0,1,0,0,0,0,0,0,0
NZCKWJAXH_3778-4374-4290-4886,0,1,0,0,0,0,0,0,0
NZCKWJAXH_3522-537-4034-1049,0,1,0,0,0,0,0,0,0
NZCKWJAXH_3522-1049-4034-1561,0,1,0,0,0,0,0,0,0
NZCKWJAXH_3889-3801-4401-4313,0,1,0,0,0,0,0,0,0
NZCKWJAXH_3889-3289-4401-3801,0,1,0,0,0,0,0,0,0
NZCKWJAXH_4034-1049-4546-1561,0,1,0,0,0,0,0,0,0
NZCKWJAXH_4323-3719-4835-4231,0,1,0,0,0,0,0,0,0
NZCKWJAXH_4323-3207-4835-3719,0,1,0,0,0,0,0,0,0
NZCKWJAXH_4802-4374-5314-4886,0,1,0,0,0,0,0,0,0
NZCKWJAXH_4870-7093-5382-7605,0,1,0,0,0,0,0,0,0
NZCKWJAXH_4323-4231-4835-4743,0,1,0,0,0,0,0,0,0
NZCKWJAXH_4894-764-5406-1276,0,1,0,0,0,0,0,0,0
NZCKWJAXH_5529-5141-6041-5653,0,1,0,0,0,0,0,0,0
NZCKWJAXH_5054-447-5566-959,0,1,0,0,0,0,0,0,0
NZCKWJAXH_5382-7093-5894-7605,0,1,0,0,0,0,0,0,0
NZCKWJAXH_5314-4374-5826-4886,0,1,0,0,0,0,0,0,0
NZCKWJAXH_5529-5653-6041-6165,0,1,0,0,0,0,0,0,0
NZCKWJAXH_6338-4374-6850-4886,0,1,0,0,0,0,0,0,0
NZCKWJAXH_5894-7093-6406-7605,0,1,0,0,0,0,0,0,0
NZCKWJAXH_5826-4374-6338-4886,0,1,0,0,0,0,0,0,0
NZCKWJAXH_6406-7093-6918-7605,0,1,0,0,0,0,0,0,0
NZCKWJAXH_6406-6069-6918-6581,0,1,0,0,0,0,0,0,0
NZCKWJAXH_6406-6581-6918-7093,0,1,0,0,0,0,0,0,0
NZCKWJAXH_6406-7605-6918-8117,0,1,0,0,0,0,0,0,0
NZCKWJAXH_6850-4374-7362-4886,0,1,0,0,0,0,0,0,0
NZCKWJAXH_6911-4795-7423-5307,0,1,0,0,0,0,0,0,0
NZCKWJAXH_6911-5307-7423-5819,0,1,0,0,0,0,0,0,0
NZCKWJAXH_6918-6069-7430-6581,0,1,0,0,0,0,0,0,0
NZCKWJAXH_6918-7605-7430-8117,0,1,0,0,0,0,0,0,0
NZCKWJAXH_7057-8110-7569-8622,0,1,0,0,0,0,0,0,0
NZCKWJAXH_7423-4795-7935-5307,0,1,0,0,0,0,0,0,0
NZCKWJAXH_7423-5307-7935-5819,0,1,0,0,0,0,0,0,0
NZCKWJAXH_7362-4374-7874-4886,0,1,0,0,0,0,0,0,0
NZCKWJAXH_7430-6069-7942-6581,0,1,0,0,0,0,0,0,0
NZCKWJAXH_7430-7605-7942-8117,0,1,0,0,0,0,0,0,0
NZCKWJAXH_7430-8117-7942-8629,0,1,0,0,0,0,0,0,0
NZCKWJAXH_7942-7605-8454-8117,0,1,0,0,0,0,0,0,0
NZCKWJAXH_7733-5931-8245-6443,0,1,0,0,0,0,0,0,0
NZCKWJAXH_7733-4395-8245-4907,0,1,0,0,0,0,0,0,0
NZCKWJAXH_7733-4907-8245-5419,0,1,0,0,0,0,0,0,0
NZCKWJAXH_7942-6069-8454-6581,0,1,0,0,0,0,0,0,0
NZCKWJAXH_7942-8117-8454-8629,0,1,0,0,0,0,0,0,0
NZCKWJAXH_8245-4907-8757-5419,0,1,0,0,0,0,0,0,0
NZCKWJAXH_8245-4395-8757-4907,0,1,0,0,0,0,0,0,0
NZCKWJAXH_8245-5931-8757-6443,0,1,0,0,0,0,0,0,0
NZCKWJAXH_8454-6069-8966-6581,0,1,0,0,0,0,0,0,0
NZCKWJAXH_8454-6581-8966-7093,0,1,0,0,0,0,0,0,0
NZCKWJAXH_8450-455-8962-967,0,1,0,0,0,0,0,0,0
NZCKWJAXH_8627-777-9139-1289,0,1,0,0,0,0,0,0,0
NZCKWJAXH_8454-7605-8966-8117,0,1,0,0,0,0,0,0,0
NZCKWJAXH_8757-5419-9269-5931,0,1,0,0,0,0,0,0,0
NZCKWJAXH_8245-5419-8757-5931,0,1,0,0,0,0,0,0,0
NZCKWJAXH_8757-5931-9269-6443,0,1,0,0,0,0,0,0,0
NZCKWJAXH_8962-455-9474-967,0,1,0,0,0,0,0,0,0
NZCKWJAXH_8966-6069-9478-6581,0,1,0,0,0,0,0,0,0
NZCKWJAXH_8966-6581-9478-7093,0,1,0,0,0,0,0,0,0
NZCKWJAXH_8966-7093-9478-7605,0,1,0,0,0,0,0,0,0
NZCKWJAXH_8966-7605-9478-8117,0,1,0,0,0,0,0,0,0
NZCKWJAXH_9139-777-9651-1289,0,1,0,0,0,0,0,0,0
NZCKWJAXH_9269-4907-9781-5419,0,1,0,0,0,0,0,0,0
NZCKWJAXH_9269-5419-9781-5931,0,1,0,0,0,0,0,0,0
NZCKWJAXH_9269-5931-9781-6443,0,1,0,0,0,0,0,0,0
NZCKWJAXH_9792-2031-10304-2543,0,1,0,0,0,0,0,0,0
NZCKWJAXH_9478-6581-9990-7093,0,1,0,0,0,0,0,0,0
NZCKWJAXH_9792-1007-10304-1519,0,1,0,0,0,0,0,0,0
NZCKWJAXH_9474-455-9986-967,0,1,0,0,0,0,0,0,0
NZCKWJAXH_9792-1519-10304-2031,0,1,0,0,0,0,0,0,0
NZCKWJAXH_9478-6069-9990-6581,0,1,0,0,0,0,0,0,0
NZCKWJAXH_9478-7093-9990-7605,0,1,0,0,0,0,0,0,0
NZCKWJAXH_9792-2543-10304-3055,0,1,0,0,0,0,0,0,0
NZCKWJAXH_9792-4591-10304-5103,0,1,0,0,0,0,0,0,0
NZCKWJAXH_9792-3567-10304-4079,0,1,0,0,0,0,0,0,0
NZCKWJAXH_9986-455-10498-967,0,1,0,0,0,0,0,0,0
NZCKWJAXH_9792-3055-10304-3567,0,1,0,0,0,0,0,0,0
NZCKWJAXH_9990-6581-10502-7093,0,1,0,0,0,0,0,0,0
NZCKWJAXH_9792-4079-10304-4591,0,1,0,0,0,0,0,0,0
NZCKWJAXH_9990-7093-10502-7605,0,1,0,0,0,0,0,0,0
NZCN76R6D_621-5581-1133-6093,0,0,0,0,0,0,0,0,1
NZCN76R6D_621-6093-1133-6605,0,0,0,0,0,0,0,0,1
NZLTQ2J8B_1062-1407-1574-1919,1,0,0,0,0,0,0,0,0
NZLTQ2J8B_1160-6511-1672-7023,1,0,0,0,0,0,0,0,0
NZLTQ2J8B_1160-5487-1672-5999,1,0,0,0,0,0,0,0,0
NZLTQ2J8B_1062-1919-1574-2431,1,0,0,0,0,0,0,0,0
NZLTQ2J8B_1195-3409-1707-3921,1,0,0,0,0,0,0,0,0
NZLTQ2J8B_1160-5999-1672-6511,1,0,0,0,0,0,0,0,0
NZLTQ2J8B_1062-895-1574-1407,1,0,0,0,0,0,0,0,0
NZLTQ2J8B_1195-2897-1707-3409,1,0,0,0,0,0,0,0,0
NZLTQ2J8B_1195-3921-1707-4433,1,0,0,0,0,0,0,0,0
NZLTQ2J8B_1281-4454-1793-4966,1,0,0,0,0,0,0,0,0
NZLTQ2J8B_1281-4966-1793-5478,1,0,0,0,0,0,0,0,0
NZLTQ2J8B_1198-8867-1710-9379,1,0,0,0,0,0,0,0,0
NZLTQ2J8B_1401-7891-1913-8403,1,0,0,0,0,0,0,0,0
NZLTQ2J8B_1574-1407-2086-1919,1,0,0,0,0,0,0,0,0
NZLTQ2J8B_1401-8403-1913-8915,1,0,0,0,0,0,0,0,0
NZLTQ2J8B_1574-1919-2086-2431,1,0,0,0,0,0,0,0,0
NZLTQ2J8B_1672-4975-2184-5487,1,0,0,0,0,0,0,0,0
NZLTQ2J8B_1672-5999-2184-6511,1,0,0,0,0,0,0,0,0
NZLTQ2J8B_1672-5487-2184-5999,1,0,0,0,0,0,0,0,0
NZLTQ2J8B_1710-8867-2222-9379,1,0,0,0,0,0,0,0,0
NZLTQ2J8B_1869-7431-2381-7943,1,0,0,0,0,0,0,0,0
NZLTQ2J8B_1672-6511-2184-7023,1,0,0,0,0,0,0,0,0
NZLTQ2J8B_1913-7891-2425-8403,1,0,0,0,0,0,0,0,0
NZLTQ2J8B_1869-6919-2381-7431,1,0,0,0,0,0,0,0,0
NZLTQ2J8B_1913-8403-2425-8915,1,0,0,0,0,0,0,0,0
NZLTQ2J8B_2184-4975-2696-5487,1,0,0,0,0,0,0,0,0
NZLTQ2J8B_2381-6919-2893-7431,1,0,0,0,0,0,0,0,0
NZLTQ2J8B_2222-8867-2734-9379,1,0,0,0,0,0,0,0,0
NZLTQ2J8B_2184-5999-2696-6511,1,0,0,0,0,0,0,0,0
NZLTQ2J8B_2497-697-3009-1209,1,0,0,0,0,0,0,0,0
NZLTQ2J8B_2184-5487-2696-5999,1,0,0,0,0,0,0,0,0
NZLTQ2J8B_2515-8696-3027-9208,1,0,0,0,0,0,0,0,0
NZLTQ2J8B_2566-5508-3078-6020,1,0,0,0,0,0,0,0,0
NZLTQ2J8B_2566-6020-3078-6532,1,0,0,0,0,0,0,0,0
NZLTQ2J8B_2813-4284-3325-4796,1,0,0,0,0,0,0,0,0
NZLTQ2J8B_2694-8178-3206-8690,1,0,0,0,0,0,0,0,0
NZLTQ2J8B_2886-3700-3398-4212,1,0,0,0,0,0,0,0,0
NZLTQ2J8B_3078-5508-3590-6020,1,0,0,0,0,0,0,0,0
NZLTQ2J8B_3206-8178-3718-8690,1,0,0,0,0,0,0,0,0
NZLTQ2J8B_2676-2738-3188-3250,1,0,0,0,0,0,0,0,0
NZLTQ2J8B_2904-3105-3416-3617,1,0,0,0,0,0,0,0,0
NZLTQ2J8B_3078-6020-3590-6532,1,0,0,0,0,0,0,0,0
NZLTQ2J8B_3009-697-3521-1209,1,0,0,0,0,0,0,0,0
NZLTQ2J8B_3521-697-4033-1209,1,0,0,0,0,0,0,0,0
NZLTQ2J8B_3430-7461-3942-7973,1,0,0,0,0,0,0,0,0
NZLTQ2J8B_3718-8178-4230-8690,1,0,0,0,0,0,0,0,0
NZLTQ2J8B_3430-7973-3942-8485,1,0,0,0,0,0,0,0,0
NZLTQ2J8B_3430-8485-3942-8997,1,0,0,0,0,0,0,0,0
NZLTQ2J8B_3718-8690-4230-9202,1,0,0,0,0,0,0,0,0
NZLTQ2J8B_3942-7973-4454-8485,1,0,0,0,0,0,0,0,0
NZLTQ2J8B_3942-7461-4454-7973,1,0,0,0,0,0,0,0,0
NZLTQ2J8B_3942-8485-4454-8997,1,0,0,0,0,0,0,0,0
NZLTQ2J8B_4019-3091-4531-3603,1,0,0,0,0,0,0,0,0
NZLTQ2J8B_4060-1555-4572-2067,1,0,0,0,0,0,0,0,0
NZLTQ2J8B_4019-3603-4531-4115,1,0,0,0,0,0,0,0,0
NZLTQ2J8B_4045-4609-4557-5121,1,0,0,0,0,0,0,0,0
NZLTQ2J8B_4019-4115-4531-4627,1,0,0,0,0,0,0,0,0
NZLTQ2J8B_4019-2579-4531-3091,1,0,0,0,0,0,0,0,0
NZLTQ2J8B_4081-5075-4593-5587,1,0,0,0,0,0,0,0,0
NZLTQ2J8B_4033-697-4545-1209,1,0,0,0,0,0,0,0,0
NZLTQ2J8B_4060-1043-4572-1555,1,0,0,0,0,0,0,0,0
NZLTQ2J8B_4132-6552-4644-7064,1,0,0,0,0,0,0,0,0
NZLTQ2J8B_4132-7064-4644-7576,1,0,0,0,0,0,0,0,0
NZLTQ2J8B_4081-5587-4593-6099,1,0,0,0,0,0,0,0,0
NZLTQ2J8B_4230-8690-4742-9202,1,0,0,0,0,0,0,0,0
NZLTQ2J8B_4230-8178-4742-8690,1,0,0,0,0,0,0,0,0
NZLTQ2J8B_4454-7461-4966-7973,1,0,0,0,0,0,0,0,0
NZLTQ2J8B_4454-7973-4966-8485,1,0,0,0,0,0,0,0,0
NZLTQ2J8B_4454-8485-4966-8997,1,0,0,0,0,0,0,0,0
NZLTQ2J8B_4531-3091-5043-3603,1,0,0,0,0,0,0,0,0
NZLTQ2J8B_4531-2579-5043-3091,1,0,0,0,0,0,0,0,0
NZLTQ2J8B_4531-4115-5043-4627,1,0,0,0,0,0,0,0,0
NZLTQ2J8B_4531-3603-5043-4115,1,0,0,0,0,0,0,0,0
NZLTQ2J8B_4644-7064-5156-7576,1,0,0,0,0,0,0,0,0
NZLTQ2J8B_4545-697-5057-1209,1,0,0,0,0,0,0,0,0
NZLTQ2J8B_4644-6552-5156-7064,1,0,0,0,0,0,0,0,0
NZLTQ2J8B_4742-8178-5254-8690,1,0,0,0,0,0,0,0,0
NZLTQ2J8B_4572-1555-5084-2067,1,0,0,0,0,0,0,0,0
NZLTQ2J8B_4572-1043-5084-1555,1,0,0,0,0,0,0,0,0
NZLTQ2J8B_4966-7973-5478-8485,1,0,0,0,0,0,0,0,0
NZLTQ2J8B_4742-8690-5254-9202,1,0,0,0,0,0,0,0,0
NZLTQ2J8B_5044-5561-5556-6073,1,0,0,0,0,0,0,0,0
NZLTQ2J8B_5044-5049-5556-5561,1,0,0,0,0,0,0,0,0
NZLTQ2J8B_4966-8485-5478-8997,1,0,0,0,0,0,0,0,0
NZLTQ2J8B_5084-1043-5596-1555,1,0,0,0,0,0,0,0,0
NZLTQ2J8B_5044-6073-5556-6585,1,0,0,0,0,0,0,0,0
NZLTQ2J8B_5057-697-5569-1209,1,0,0,0,0,0,0,0,0
NZLTQ2J8B_5226-3827-5738-4339,1,0,0,0,0,0,0,0,0
NZLTQ2J8B_5226-2803-5738-3315,1,0,0,0,0,0,0,0,0
NZLTQ2J8B_5226-3315-5738-3827,1,0,0,0,0,0,0,0,0
NZLTQ2J8B_5226-2291-5738-2803,1,0,0,0,0,0,0,0,0
NZLTQ2J8B_5084-1555-5596-2067,1,0,0,0,0,0,0,0,0
NZLTQ2J8B_5254-8178-5766-8690,1,0,0,0,0,0,0,0,0
NZLTQ2J8B_5478-7973-5990-8485,1,0,0,0,0,0,0,0,0
NZLTQ2J8B_5478-8485-5990-8997,1,0,0,0,0,0,0,0,0
NZLTQ2J8B_5478-7461-5990-7973,1,0,0,0,0,0,0,0,0
NZLTQ2J8B_5254-8690-5766-9202,1,0,0,0,0,0,0,0,0
NZLTQ2J8B_5556-6585-6068-7097,1,0,0,0,0,0,0,0,0
NZLTQ2J8B_5569-697-6081-1209,1,0,0,0,0,0,0,0,0
NZLTQ2J8B_5556-6073-6068-6585,1,0,0,0,0,0,0,0,0
NZLTQ2J8B_5556-5049-6068-5561,1,0,0,0,0,0,0,0,0
NZLTQ2J8B_5556-7097-6068-7609,1,0,0,0,0,0,0,0,0
NZLTQ2J8B_5735-2437-6247-2949,1,0,0,0,0,0,0,0,0
NZLTQ2J8B_5629-3648-6141-4160,1,0,0,0,0,0,0,0,0
NZLTQ2J8B_5629-4160-6141-4672,1,0,0,0,0,0,0,0,0
NZLTQ2J8B_5752-4885-6264-5397,1,0,0,0,0,0,0,0,0
NZLTQ2J8B_5766-8690-6278-9202,1,0,0,0,0,0,0,0,0
NZLTQ2J8B_5736-2927-6248-3439,1,0,0,0,0,0,0,0,0
NZLTQ2J8B_6480-8807-6992-9319,1,0,0,0,0,0,0,0,0
NZLTQ2J8B_6068-5049-6580-5561,1,0,0,0,0,0,0,0,0
NZLTQ2J8B_6580-7097-7092-7609,1,0,0,0,0,0,0,0,0
NZLTQ2J8B_6580-5049-7092-5561,1,0,0,0,0,0,0,0,0
NZLTQ2J8B_6068-7097-6580-7609,1,0,0,0,0,0,0,0,0
NZLTQ2J8B_6992-8807-7504-9319,1,0,0,0,0,0,0,0,0
NZLTQ2J8B_686-8867-1198-9379,1,0,0,0,0,0,0,0,0
NZLTQ2J8B_7092-7097-7604-7609,1,0,0,0,0,0,0,0,0
NZLTQ2J8B_7092-5049-7604-5561,1,0,0,0,0,0,0,0,0
NZLTQ2J8B_7011-7942-7523-8454,1,0,0,0,0,0,0,0,0
NZLTQ2J8B_7011-7430-7523-7942,1,0,0,0,0,0,0,0,0
NZLTQ2J8B_7504-8807-8016-9319,1,0,0,0,0,0,0,0,0
NZLTQ2J8B_7604-5049-8116-5561,1,0,0,0,0,0,0,0,0
NZLTQ2J8B_8016-8807-8528-9319,1,0,0,0,0,0,0,0,0
NZLTQ2J8B_7604-7609-8116-8121,1,0,0,0,0,0,0,0,0
NZLTQ2J8B_8116-5049-8628-5561,1,0,0,0,0,0,0,0,0
NZLTQ2J8B_8116-6073-8628-6585,1,0,0,0,0,0,0,0,0
NZLTQ2J8B_8215-7460-8727-7972,1,0,0,0,0,0,0,0,0
NZLTQ2J8B_8116-5561-8628-6073,1,0,0,0,0,0,0,0,0
NZLTQ2J8B_8215-6436-8727-6948,1,0,0,0,0,0,0,0,0
NZLTQ2J8B_8215-6948-8727-7460,1,0,0,0,0,0,0,0,0
NZLTQ2J8B_8215-7972-8727-8484,1,0,0,0,0,0,0,0,0
NZLTQ2J8B_8215-8484-8727-8996,1,0,0,0,0,0,0,0,0
NZLTQ2J8B_8628-5049-9140-5561,1,0,0,0,0,0,0,0,0
NZLTQ2J8B_8628-6585-9140-7097,1,0,0,0,0,0,0,0,0
NZLTQ2J8B_8628-7097-9140-7609,1,0,0,0,0,0,0,0,0
NZLTQ2J8B_8628-6073-9140-6585,1,0,0,0,0,0,0,0,0
NZLTQ2J8B_8628-5561-9140-6073,1,0,0,0,0,0,0,0,0
NZLTQ2J8B_8628-7609-9140-8121,1,0,0,0,0,0,0,0,0
NZLTQ2J8B_8628-8121-9140-8633,1,0,0,0,0,0,0,0,0
NZLTQ2J8B_889-8403-1401-8915,1,0,0,0,0,0,0,0,0
NZLTQ2J8B_889-7891-1401-8403,1,0,0,0,0,0,0,0,0
NZLTQ2J8B_8727-8484-9239-8996,1,0,0,0,0,0,0,0,0
P1KKMHQ8A_10052-4260-10564-4772,1,0,0,0,0,0,0,0,0
P1KKMHQ8A_10219-7403-10731-7915,0,0,0,0,0,0,1,0,0
P1KKMHQ8A_10085-2676-10597-3188,1,0,0,0,0,0,0,0,0
P1KKMHQ8A_10052-4772-10564-5284,1,0,0,0,0,0,0,0,0
P1KKMHQ8A_10172-3605-10684-4117,1,0,0,0,0,0,0,0,0
P1KKMHQ8A_10085-2164-10597-2676,1,0,0,0,0,0,0,0,0
P1KKMHQ8A_10199-3081-10711-3593,1,0,0,0,0,0,0,0,0
P1KKMHQ8A_10427-3687-10939-4199,1,0,0,0,0,0,0,0,0
P1KKMHQ8A_10564-4772-11076-5284,1,0,0,0,0,0,0,0,0
P1KKMHQ8A_10564-4260-11076-4772,1,0,0,0,0,0,0,0,0
P1KKMHQ8A_10564-5284-11076-5796,1,0,0,0,0,0,0,0,0
P1KKMHQ8A_10595-5721-11107-6233,1,0,0,0,0,0,0,0,0
P1KKMHQ8A_10597-2164-11109-2676,1,0,0,0,0,0,0,0,0
P1KKMHQ8A_10597-2676-11109-3188,1,0,0,0,0,0,0,0,0
P1KKMHQ8A_1692-4917-2204-5429,1,0,0,0,0,0,0,0,0
P1KKMHQ8A_1180-4917-1692-5429,1,0,0,0,0,0,0,0,0
P1KKMHQ8A_1957-3481-2469-3993,1,0,0,0,0,0,0,0,0
P1KKMHQ8A_2469-3481-2981-3993,1,0,0,0,0,0,0,0,0
P1KKMHQ8A_2783-4469-3295-4981,1,0,0,0,0,0,0,0,0
P1KKMHQ8A_2552-3912-3064-4424,1,0,0,0,0,0,0,0,0
P1KKMHQ8A_2981-3481-3493-3993,1,0,0,0,0,0,0,0,0
P1KKMHQ8A_2811-2995-3323-3507,1,0,0,0,0,0,0,0,0
P1KKMHQ8A_3064-3912-3576-4424,1,0,0,0,0,0,0,0,0
P1KKMHQ8A_3323-2995-3835-3507,1,0,0,0,0,0,0,0,0
P1KKMHQ8A_3295-4469-3807-4981,1,0,0,0,0,0,0,0,0
P1KKMHQ8A_4433-2684-4945-3196,1,0,0,0,0,0,0,0,0
P1KKMHQ8A_4296-6374-4808-6886,1,0,0,0,0,0,0,0,0
P1KKMHQ8A_4258-3441-4770-3953,1,0,0,0,0,0,0,0,0
P1KKMHQ8A_3807-4469-4319-4981,1,0,0,0,0,0,0,0,0
P1KKMHQ8A_3576-3912-4088-4424,1,0,0,0,0,0,0,0,0
P1KKMHQ8A_4433-3196-4945-3708,1,0,0,0,0,0,0,0,0
P1KKMHQ8A_4945-3196-5457-3708,1,0,0,0,0,0,0,0,0
P1KKMHQ8A_4770-4465-5282-4977,1,0,0,0,0,0,0,0,0
P1KKMHQ8A_4945-2684-5457-3196,1,0,0,0,0,0,0,0,0
P1KKMHQ8A_4770-3441-5282-3953,1,0,0,0,0,0,0,0,0
P1KKMHQ8A_5017-2385-5529-2897,1,0,0,0,0,0,0,0,0
P1KKMHQ8A_5457-2684-5969-3196,1,0,0,0,0,0,0,0,0
P1KKMHQ8A_5282-3441-5794-3953,1,0,0,0,0,0,0,0,0
P1KKMHQ8A_5679-2581-6191-3093,1,0,0,0,0,0,0,0,0
P1KKMHQ8A_5457-3196-5969-3708,1,0,0,0,0,0,0,0,0
P1KKMHQ8A_5282-4465-5794-4977,1,0,0,0,0,0,0,0,0
P1KKMHQ8A_5282-3953-5794-4465,1,0,0,0,0,0,0,0,0
P1KKMHQ8A_5529-2385-6041-2897,1,0,0,0,0,0,0,0,0
P1KKMHQ8A_5793-4914-6305-5426,1,0,0,0,0,0,0,0,0
P1KKMHQ8A_5794-3441-6306-3953,1,0,0,0,0,0,0,0,0
P1KKMHQ8A_5969-2684-6481-3196,1,0,0,0,0,0,0,0,0
P1KKMHQ8A_5794-4465-6306-4977,1,0,0,0,0,0,0,0,0
P1KKMHQ8A_5794-3953-6306-4465,1,0,0,0,0,0,0,0,0
P1KKMHQ8A_5727-6643-6239-7155,0,0,0,0,0,0,1,0,0
P1KKMHQ8A_6305-4914-6817-5426,1,0,0,0,0,0,0,0,0
P1KKMHQ8A_6041-2385-6553-2897,1,0,0,0,0,0,0,0,0
P1KKMHQ8A_5969-3196-6481-3708,1,0,0,0,0,0,0,0,0
P1KKMHQ8A_6191-2581-6703-3093,1,0,0,0,0,0,0,0,0
P1KKMHQ8A_6306-3441-6818-3953,1,0,0,0,0,0,0,0,0
P1KKMHQ8A_6306-4465-6818-4977,1,0,0,0,0,0,0,0,0
P1KKMHQ8A_6553-2385-7065-2897,1,0,0,0,0,0,0,0,0
P1KKMHQ8A_6306-3953-6818-4465,1,0,0,0,0,0,0,0,0
P1KKMHQ8A_6481-3196-6993-3708,1,0,0,0,0,0,0,0,0
P1KKMHQ8A_6481-2684-6993-3196,1,0,0,0,0,0,0,0,0
P1KKMHQ8A_6635-7403-7147-7915,0,0,0,0,0,0,1,0,0
P1KKMHQ8A_6726-672-7238-1184,1,0,0,0,0,0,0,0,0
P1KKMHQ8A_6703-2581-7215-3093,1,0,0,0,0,0,0,0,0
P1KKMHQ8A_6818-4465-7330-4977,1,0,0,0,0,0,0,0,0
P1KKMHQ8A_6993-2684-7505-3196,1,0,0,0,0,0,0,0,0
P1KKMHQ8A_6818-3953-7330-4465,1,0,0,0,0,0,0,0,0
P1KKMHQ8A_6818-3441-7330-3953,1,0,0,0,0,0,0,0,0
P1KKMHQ8A_6817-4914-7329-5426,1,0,0,0,0,0,0,0,0
P1KKMHQ8A_6993-3196-7505-3708,1,0,0,0,0,0,0,0,0
P1KKMHQ8A_7329-4914-7841-5426,1,0,0,0,0,0,0,0,0
P1KKMHQ8A_7147-7915-7659-8427,0,0,0,0,0,0,1,0,0
P1KKMHQ8A_7147-7403-7659-7915,0,0,0,0,0,0,1,0,0
P1KKMHQ8A_7505-2684-8017-3196,1,0,0,0,0,0,0,0,0
P1KKMHQ8A_7330-3441-7842-3953,1,0,0,0,0,0,0,0,0
P1KKMHQ8A_7330-4465-7842-4977,1,0,0,0,0,0,0,0,0
P1KKMHQ8A_7330-3953-7842-4465,1,0,0,0,0,0,0,0,0
P1KKMHQ8A_7505-3196-8017-3708,1,0,0,0,0,0,0,0,0
P1KKMHQ8A_7548-6778-8060-7290,1,0,0,0,0,0,0,0,0
P1KKMHQ8A_7548-6266-8060-6778,1,0,0,0,0,0,0,0,0
P1KKMHQ8A_7841-4914-8353-5426,1,0,0,0,0,0,0,0,0
P1KKMHQ8A_7659-7915-8171-8427,0,0,0,0,0,0,1,0,0
P1KKMHQ8A_7842-3953-8354-4465,1,0,0,0,0,0,0,0,0
P1KKMHQ8A_7659-7403-8171-7915,0,0,0,0,0,0,1,0,0
P1KKMHQ8A_7842-3441-8354-3953,1,0,0,0,0,0,0,0,0
P1KKMHQ8A_8017-2684-8529-3196,1,0,0,0,0,0,0,0,0
P1KKMHQ8A_7842-4465-8354-4977,1,0,0,0,0,0,0,0,0
P1KKMHQ8A_8060-6266-8572-6778,1,0,0,0,0,0,0,0,0
P1KKMHQ8A_8171-7403-8683-7915,0,0,0,0,0,0,1,0,0
P1KKMHQ8A_8060-6778-8572-7290,1,0,0,0,0,0,0,0,0
P1KKMHQ8A_8017-3196-8529-3708,1,0,0,0,0,0,0,0,0
P1KKMHQ8A_8349-2624-8861-3136,1,0,0,0,0,0,0,0,0
P1KKMHQ8A_8221-3621-8733-4133,1,0,0,0,0,0,0,0,0
P1KKMHQ8A_8400-624-8912-1136,1,0,0,0,0,0,0,0,0
P1KKMHQ8A_852-6163-1364-6675,1,0,0,0,0,0,0,0,0
P1KKMHQ8A_8200-8059-8712-8571,1,0,0,0,0,0,0,0,0
P1KKMHQ8A_852-6675-1364-7187,1,0,0,0,0,0,0,0,0
P1KKMHQ8A_8529-3196-9041-3708,1,0,0,0,0,0,0,0,0
P1KKMHQ8A_863-5371-1375-5883,1,0,0,0,0,0,0,0,0
P1KKMHQ8A_8572-6778-9084-7290,1,0,0,0,0,0,0,0,0
P1KKMHQ8A_863-5883-1375-6395,1,0,0,0,0,0,0,0,0
P1KKMHQ8A_8912-624-9424-1136,1,0,0,0,0,0,0,0,0
P1KKMHQ8A_8712-8059-9224-8571,1,0,0,0,0,0,0,0,0
P1KKMHQ8A_8683-7403-9195-7915,0,0,0,0,0,0,1,0,0
P1KKMHQ8A_9687-3081-10199-3593,1,0,0,0,0,0,0,0,0
P1KKMHQ8A_9195-7915-9707-8427,1,0,0,0,0,0,0,0,0
P1KKMHQ8A_9707-7403-10219-7915,0,0,0,0,0,0,1,0,0
P1KKMHQ8A_9195-7403-9707-7915,0,0,0,0,0,0,1,0,0
P1KKMHQ8A_9837-1169-10349-1681,1,0,0,0,0,0,0,0,0
P1XH4W933_3110-565-3622-1077,0,1,0,0,0,0,0,0,0
P1XH4W933_2764-557-3276-1069,0,1,0,0,0,0,0,0,0
P1XH4W933_1154-714-1666-1226,0,1,0,0,0,0,0,0,0
P1XH4W933_3094-919-3606-1431,0,1,0,0,0,0,0,0,0
P1XH4W933_2252-557-2764-1069,0,1,0,0,0,0,0,0,0
P1XH4W933_3279-4300-3791-4812,0,1,0,0,0,0,0,0,0
P1XH4W933_785-3496-1297-4008,0,1,0,0,0,0,0,0,0
P27BED27V_425-2972-937-3484,0,0,0,0,0,0,0,0,1
P27BED27V_3971-4914-4483-5426,0,0,0,0,0,0,0,0,1
P27BED27V_541-4184-1053-4696,0,0,0,0,0,0,0,0,1
P27BED27V_495-3532-1007-4044,0,0,0,0,0,0,0,0,1
P27BED27V_524-4834-1036-5346,0,0,0,0,0,0,0,0,1
P2L198TFK_1255-1092-1767-1604,1,0,0,0,0,0,0,0,0
P27BED27V_8195-2813-8707-3325,0,0,0,0,0,0,0,0,1
P27BED27V_558-4540-1070-5052,0,0,0,0,0,0,0,0,1
P2L198TFK_1255-1604-1767-2116,1,0,0,0,0,0,0,0,0
P27BED27V_7974-2663-8486-3175,0,0,0,0,0,0,0,0,1
P2L198TFK_1255-18500-1767-19012,1,0,0,0,0,0,0,0,0
P2L198TFK_1255-4164-1767-4676,1,0,0,0,0,0,0,0,0
P2L198TFK_1255-2628-1767-3140,1,0,0,0,0,0,0,0,0
P2L198TFK_1255-2116-1767-2628,1,0,0,0,0,0,0,0,0
P2L198TFK_1255-3140-1767-3652,1,0,0,0,0,0,0,0,0
P2L198TFK_1255-3652-1767-4164,1,0,0,0,0,0,0,0,0
P2L198TFK_1255-5188-1767-5700,1,0,0,0,0,0,0,0,0
P2L198TFK_1255-4676-1767-5188,1,0,0,0,0,0,0,0,0
P2L198TFK_1255-5700-1767-6212,1,0,0,0,0,0,0,0,0
P2L198TFK_1255-580-1767-1092,1,0,0,0,0,0,0,0,0
P2L198TFK_1255-6724-1767-7236,1,0,0,0,0,0,0,0,0
P2L198TFK_1255-6212-1767-6724,1,0,0,0,0,0,0,0,0
P2L198TFK_1255-7236-1767-7748,1,0,0,0,0,0,0,0,0
P2L198TFK_1767-18500-2279-19012,1,0,0,0,0,0,0,0,0
P2L198TFK_2279-18500-2791-19012,1,0,0,0,0,0,0,0,0
P2L198TFK_2279-580-2791-1092,1,0,0,0,0,0,0,0,0
P2L198TFK_2791-18500-3303-19012,1,0,0,0,0,0,0,0,0
P2L198TFK_3303-18500-3815-19012,1,0,0,0,0,0,0,0,0
P2L198TFK_3815-8260-4327-8772,1,0,0,0,0,0,0,0,0
P2L198TFK_3815-13380-4327-13892,1,0,0,0,0,0,0,0,0
P2L198TFK_3815-12868-4327-13380,1,0,0,0,0,0,0,0,0
P2L198TFK_3815-13892-4327-14404,1,0,0,0,0,0,0,0,0
P2L198TFK_3815-18500-4327-19012,1,0,0,0,0,0,0,0,0
P2L198TFK_3815-8772-4327-9284,1,0,0,0,0,0,0,0,0
P2L198TFK_4327-13892-4839-14404,1,0,0,0,0,0,0,0,0
P2L198TFK_4327-12356-4839-12868,1,0,0,0,0,0,0,0,0
P2L198TFK_4327-1092-4839-1604,1,0,0,0,0,0,0,0,0
P2L198TFK_4327-10308-4839-10820,1,0,0,0,0,0,0,0,0
P2L198TFK_4327-18500-4839-19012,1,0,0,0,0,0,0,0,0
P2L198TFK_4327-1604-4839-2116,1,0,0,0,0,0,0,0,0
P2L198TFK_4327-3652-4839-4164,1,0,0,0,0,0,0,0,0
P2L198TFK_4327-4164-4839-4676,1,0,0,0,0,0,0,0,0
P2L198TFK_4327-2628-4839-3140,1,0,0,0,0,0,0,0,0
P2L198TFK_4327-3140-4839-3652,1,0,0,0,0,0,0,0,0
P2L198TFK_4327-2116-4839-2628,1,0,0,0,0,0,0,0,0
P2L198TFK_4327-4676-4839-5188,1,0,0,0,0,0,0,0,0
P2L198TFK_4327-9796-4839-10308,1,0,0,0,0,0,0,0,0
P2L198TFK_4327-8260-4839-8772,1,0,0,0,0,0,0,0,0
P2L198TFK_4327-580-4839-1092,1,0,0,0,0,0,0,0,0
P2L198TFK_4327-7748-4839-8260,1,0,0,0,0,0,0,0,0
P2L198TFK_4327-9284-4839-9796,1,0,0,0,0,0,0,0,0
P2L198TFK_4839-11844-5351-12356,1,0,0,0,0,0,0,0,0
P2L198TFK_4839-1092-5351-1604,1,0,0,0,0,0,0,0,0
P2L198TFK_4839-12356-5351-12868,1,0,0,0,0,0,0,0,0
P2L198TFK_4839-1604-5351-2116,1,0,0,0,0,0,0,0,0
P2L198TFK_4839-13892-5351-14404,1,0,0,0,0,0,0,0,0
P2L198TFK_4839-10308-5351-10820,1,0,0,0,0,0,0,0,0
P2L198TFK_4839-18500-5351-19012,1,0,0,0,0,0,0,0,0
P2L198TFK_4839-2116-5351-2628,1,0,0,0,0,0,0,0,0
P2L198TFK_4839-3140-5351-3652,1,0,0,0,0,0,0,0,0
P2L198TFK_4839-2628-5351-3140,1,0,0,0,0,0,0,0,0
P2L198TFK_4839-4164-5351-4676,1,0,0,0,0,0,0,0,0
P2L198TFK_4839-3652-5351-4164,1,0,0,0,0,0,0,0,0
P2L198TFK_4839-7236-5351-7748,1,0,0,0,0,0,0,0,0
P2L198TFK_4839-6212-5351-6724,1,0,0,0,0,0,0,0,0
P2L198TFK_4839-580-5351-1092,1,0,0,0,0,0,0,0,0
P2L198TFK_4839-4676-5351-5188,1,0,0,0,0,0,0,0,0
P2L198TFK_4839-5188-5351-5700,1,0,0,0,0,0,0,0,0
P2L198TFK_4839-6724-5351-7236,1,0,0,0,0,0,0,0,0
P2L198TFK_5351-10308-5863-10820,1,0,0,0,0,0,0,0,0
P2L198TFK_5351-1092-5863-1604,1,0,0,0,0,0,0,0,0
P2L198TFK_5351-1604-5863-2116,1,0,0,0,0,0,0,0,0
P2L198TFK_4839-7748-5351-8260,1,0,0,0,0,0,0,0,0
P2L198TFK_5351-11844-5863-12356,1,0,0,0,0,0,0,0,0
P2L198TFK_5351-11332-5863-11844,1,0,0,0,0,0,0,0,0
P2L198TFK_5351-13892-5863-14404,1,0,0,0,0,0,0,0,0
P2L198TFK_5351-18500-5863-19012,1,0,0,0,0,0,0,0,0
P2L198TFK_5351-3652-5863-4164,1,0,0,0,0,0,0,0,0
P2L198TFK_5351-2116-5863-2628,1,0,0,0,0,0,0,0,0
P2L198TFK_5351-3140-5863-3652,1,0,0,0,0,0,0,0,0
P2L198TFK_5351-2628-5863-3140,1,0,0,0,0,0,0,0,0
P2L198TFK_5351-4164-5863-4676,1,0,0,0,0,0,0,0,0
P2L198TFK_5351-5188-5863-5700,1,0,0,0,0,0,0,0,0
P2L198TFK_5351-4676-5863-5188,1,0,0,0,0,0,0,0,0
P2L198TFK_5351-7748-5863-8260,1,0,0,0,0,0,0,0,0
P2L198TFK_5351-6212-5863-6724,1,0,0,0,0,0,0,0,0
P2L198TFK_5351-580-5863-1092,1,0,0,0,0,0,0,0,0
P2L198TFK_5863-13892-6375-14404,1,0,0,0,0,0,0,0,0
P2L198TFK_5863-11332-6375-11844,1,0,0,0,0,0,0,0,0
P2L198TFK_5351-8772-5863-9284,1,0,0,0,0,0,0,0,0
P2L198TFK_5863-10308-6375-10820,1,0,0,0,0,0,0,0,0
P2L198TFK_5863-10820-6375-11332,1,0,0,0,0,0,0,0,0
P2L198TFK_5351-8260-5863-8772,1,0,0,0,0,0,0,0,0
P2L198TFK_5863-18500-6375-19012,1,0,0,0,0,0,0,0,0
P2L198TFK_5863-6724-6375-7236,1,0,0,0,0,0,0,0,0
P2L198TFK_5863-7748-6375-8260,1,0,0,0,0,0,0,0,0
P2L198TFK_5863-580-6375-1092,1,0,0,0,0,0,0,0,0
P2L198TFK_5863-6212-6375-6724,1,0,0,0,0,0,0,0,0
P2L198TFK_5863-7236-6375-7748,1,0,0,0,0,0,0,0,0
P2L198TFK_5863-9796-6375-10308,1,0,0,0,0,0,0,0,0
P2L198TFK_5863-8772-6375-9284,1,0,0,0,0,0,0,0,0
P2L198TFK_6375-10308-6887-10820,1,0,0,0,0,0,0,0,0
P2L198TFK_5863-8260-6375-8772,1,0,0,0,0,0,0,0,0
P2L198TFK_5863-9284-6375-9796,1,0,0,0,0,0,0,0,0
P2L198TFK_6375-10820-6887-11332,1,0,0,0,0,0,0,0,0
P2L198TFK_6375-11332-6887-11844,1,0,0,0,0,0,0,0,0
P2L198TFK_6375-12868-6887-13380,1,0,0,0,0,0,0,0,0
P2L198TFK_6375-11844-6887-12356,1,0,0,0,0,0,0,0,0
P2L198TFK_6375-12356-6887-12868,1,0,0,0,0,0,0,0,0
P2L198TFK_6375-18500-6887-19012,1,0,0,0,0,0,0,0,0
P2L198TFK_6375-13380-6887-13892,1,0,0,0,0,0,0,0,0
P2L198TFK_6375-13892-6887-14404,1,0,0,0,0,0,0,0,0
P2L198TFK_6375-6724-6887-7236,1,0,0,0,0,0,0,0,0
P2L198TFK_6375-7236-6887-7748,1,0,0,0,0,0,0,0,0
P2L198TFK_6375-6212-6887-6724,1,0,0,0,0,0,0,0,0
P2L198TFK_6375-580-6887-1092,1,0,0,0,0,0,0,0,0
P2L198TFK_6375-7748-6887-8260,1,0,0,0,0,0,0,0,0
P2L198TFK_6887-11844-7399-12356,1,0,0,0,0,0,0,0,0
P2L198TFK_6887-1092-7399-1604,1,0,0,0,0,0,0,0,0
P2L198TFK_6887-10820-7399-11332,1,0,0,0,0,0,0,0,0
P2L198TFK_6887-10308-7399-10820,1,0,0,0,0,0,0,0,0
P2L198TFK_6887-11332-7399-11844,1,0,0,0,0,0,0,0,0
P2L198TFK_6887-12356-7399-12868,1,0,0,0,0,0,0,0,0
P2L198TFK_6887-13380-7399-13892,1,0,0,0,0,0,0,0,0
P2L198TFK_6887-15428-7399-15940,1,0,0,0,0,0,0,0,0
P2L198TFK_6887-15940-7399-16452,1,0,0,0,0,0,0,0,0
P2L198TFK_6887-14916-7399-15428,1,0,0,0,0,0,0,0,0
P2L198TFK_6887-13892-7399-14404,1,0,0,0,0,0,0,0,0
P2L198TFK_6887-14404-7399-14916,1,0,0,0,0,0,0,0,0
P2L198TFK_6887-12868-7399-13380,1,0,0,0,0,0,0,0,0
P2L198TFK_6887-16452-7399-16964,1,0,0,0,0,0,0,0,0
P2L198TFK_6887-16964-7399-17476,1,0,0,0,0,0,0,0,0
P2L198TFK_6887-1604-7399-2116,1,0,0,0,0,0,0,0,0
P2L198TFK_6887-17476-7399-17988,1,0,0,0,0,0,0,0,0
P2L198TFK_6887-18500-7399-19012,1,0,0,0,0,0,0,0,0
P2L198TFK_6887-3652-7399-4164,1,0,0,0,0,0,0,0,0
P2L198TFK_6887-17988-7399-18500,1,0,0,0,0,0,0,0,0
P2L198TFK_6887-2116-7399-2628,1,0,0,0,0,0,0,0,0
P2L198TFK_6887-2628-7399-3140,1,0,0,0,0,0,0,0,0
P2L198TFK_6887-3140-7399-3652,1,0,0,0,0,0,0,0,0
P2L198TFK_6887-4676-7399-5188,1,0,0,0,0,0,0,0,0
P2L198TFK_6887-5188-7399-5700,1,0,0,0,0,0,0,0,0
P2L198TFK_6887-5700-7399-6212,1,0,0,0,0,0,0,0,0
P2L198TFK_6887-4164-7399-4676,1,0,0,0,0,0,0,0,0
P2L198TFK_6887-6212-7399-6724,1,0,0,0,0,0,0,0,0
P2L198TFK_6887-6724-7399-7236,1,0,0,0,0,0,0,0,0
P2L198TFK_6887-580-7399-1092,1,0,0,0,0,0,0,0,0
P2L198TFK_6887-7236-7399-7748,1,0,0,0,0,0,0,0,0
P2L198TFK_6887-8772-7399-9284,1,0,0,0,0,0,0,0,0
P2L198TFK_6887-8260-7399-8772,1,0,0,0,0,0,0,0,0
P2L198TFK_6887-7748-7399-8260,1,0,0,0,0,0,0,0,0
P2L198TFK_6887-9284-7399-9796,1,0,0,0,0,0,0,0,0
P2L198TFK_743-10820-1255-11332,1,0,0,0,0,0,0,0,0
P2L198TFK_743-11332-1255-11844,1,0,0,0,0,0,0,0,0
P2L198TFK_743-10308-1255-10820,1,0,0,0,0,0,0,0,0
P2L198TFK_6887-9796-7399-10308,1,0,0,0,0,0,0,0,0
P2L198TFK_743-11844-1255-12356,1,0,0,0,0,0,0,0,0
P2L198TFK_743-12356-1255-12868,1,0,0,0,0,0,0,0,0
P2L198TFK_743-13892-1255-14404,1,0,0,0,0,0,0,0,0
P2L198TFK_743-14404-1255-14916,1,0,0,0,0,0,0,0,0
P2L198TFK_743-15940-1255-16452,1,0,0,0,0,0,0,0,0
P2L198TFK_743-13380-1255-13892,1,0,0,0,0,0,0,0,0
P2L198TFK_743-12868-1255-13380,1,0,0,0,0,0,0,0,0
P2L198TFK_743-16452-1255-16964,1,0,0,0,0,0,0,0,0
P2L198TFK_743-15428-1255-15940,1,0,0,0,0,0,0,0,0
P2L198TFK_743-14916-1255-15428,1,0,0,0,0,0,0,0,0
P2L198TFK_743-17988-1255-18500,1,0,0,0,0,0,0,0,0
P2L198TFK_743-16964-1255-17476,1,0,0,0,0,0,0,0,0
P2L198TFK_743-17476-1255-17988,1,0,0,0,0,0,0,0,0
P2L198TFK_743-8260-1255-8772,1,0,0,0,0,0,0,0,0
P2L198TFK_743-9284-1255-9796,1,0,0,0,0,0,0,0,0
P2L198TFK_743-18500-1255-19012,1,0,0,0,0,0,0,0,0
P2L198TFK_743-8772-1255-9284,1,0,0,0,0,0,0,0,0
P2L198TFK_743-9796-1255-10308,1,0,0,0,0,0,0,0,0
P32DZ3U8D_1136-7372-1648-7884,0,1,0,0,0,0,0,0,0
P32DZ3U8D_1146-1300-1658-1812,0,1,0,0,0,0,0,0,0
P32DZ3U8D_3770-890-4282-1402,0,1,0,0,0,0,0,0,0
P32DZ3U8D_1658-1300-2170-1812,0,1,0,0,0,0,0,0,0
P3JXPGJMH_1025-7871-1537-8383,0,0,0,0,1,0,0,0,0
P32DZ3U8D_1146-788-1658-1300,0,1,0,0,0,0,0,0,0
P37FRX1J7_3395-2419-3907-2931,0,0,1,0,0,0,0,0,0
P32DZ3U8D_3044-791-3556-1303,0,1,0,0,0,0,0,0,0
P32DZ3U8D_796-854-1308-1366,0,1,0,0,0,0,0,0,0
P37FRX1J7_2510-923-3022-1435,0,0,1,0,0,0,0,0,0
P3JXPGJMH_1102-2608-1614-3120,0,0,0,0,1,0,0,0,0
P3JXPGJMH_1075-7329-1587-7841,0,0,0,0,1,0,0,0,0
P3JXPGJMH_1120-3244-1632-3756,0,0,0,0,1,0,0,0,0
P3JXPGJMH_1194-1352-1706-1864,0,0,0,0,1,0,0,0,0
P3JXPGJMH_1286-698-1798-1210,0,0,0,0,1,0,0,0,0
P3JXPGJMH_1206-1988-1718-2500,0,0,0,0,1,0,0,0,0
P3JXPGJMH_1369-6244-1881-6756,0,0,0,0,1,0,0,0,0
P3JXPGJMH_1373-4480-1885-4992,0,0,0,0,1,0,0,0,0
P3JXPGJMH_1379-5102-1891-5614,0,0,0,0,1,0,0,0,0
P3JXPGJMH_2613-5364-3125-5876,0,0,0,0,1,0,0,0,0
P3JXPGJMH_1432-3873-1944-4385,0,0,0,0,1,0,0,0,0
P3JXPGJMH_1433-5661-1945-6173,0,0,0,0,1,0,0,0,0
P3JXPGJMH_2339-4793-2851-5305,0,0,0,0,1,0,0,0,0
P3JXPGJMH_2939-5960-3451-6472,0,0,0,0,1,0,0,0,0
P3JXPGJMH_2721-6507-3233-7019,0,0,0,0,1,0,0,0,0
P3JXPGJMH_2427-5960-2939-6472,0,0,0,0,1,0,0,0,0
P3JXPGJMH_2851-4793-3363-5305,0,0,0,0,1,0,0,0,0
P3JXPGJMH_3233-6507-3745-7019,0,0,0,0,1,0,0,0,0
P3JXPGJMH_3356-793-3868-1305,0,0,0,0,1,0,0,0,0
P3JXPGJMH_3278-1062-3790-1574,0,0,0,0,1,0,0,0,0
P3JXPGJMH_3366-4405-3878-4917,0,0,0,0,1,0,0,0,0
P3JXPGJMH_3721-3342-4233-3854,0,0,0,0,1,0,0,0,0
P3JXPGJMH_3506-7045-4018-7557,0,0,0,0,1,0,0,0,0
P3JXPGJMH_3576-1711-4088-2223,0,0,0,0,1,0,0,0,0
P3JXPGJMH_3721-2830-4233-3342,0,0,0,0,1,0,0,0,0
P3JXPGJMH_3640-7592-4152-8104,0,0,0,0,1,0,0,0,0
P3JXPGJMH_3754-2318-4266-2830,0,0,0,0,1,0,0,0,0
P3JXPGJMH_3857-7801-4369-8313,0,0,0,0,1,0,0,0,0
P3JXPGJMH_3868-793-4380-1305,0,0,0,0,1,0,0,0,0
P3JXPGJMH_4233-2830-4745-3342,0,0,0,0,1,0,0,0,0
P3JXPGJMH_4009-5244-4521-5756,0,0,0,0,1,0,0,0,0
P3JXPGJMH_3885-4673-4397-5185,0,0,0,0,1,0,0,0,0
P3JXPGJMH_3827-7132-4339-7644,0,0,0,0,1,0,0,0,0
P3JXPGJMH_4196-3568-4708-4080,0,0,0,0,1,0,0,0,0
P3JXPGJMH_4196-7913-4708-8425,0,0,0,0,1,0,0,0,0
P3JXPGJMH_4247-1087-4759-1599,0,0,0,0,1,0,0,0,0
P3JXPGJMH_4454-5819-4966-6331,0,0,0,0,1,0,0,0,0
P3JXPGJMH_4670-7370-5182-7882,0,0,0,0,1,0,0,0,0
P3JXPGJMH_4589-1703-5101-2215,0,0,0,0,1,0,0,0,0
P3JXPGJMH_4759-1087-5271-1599,0,0,0,0,1,0,0,0,0
P3JXPGJMH_4671-3746-5183-4258,0,0,0,0,1,0,0,0,0
P3JXPGJMH_4802-6370-5314-6882,0,0,0,0,1,0,0,0,0
P3JXPGJMH_4673-2940-5185-3452,0,0,0,0,1,0,0,0,0
P3JXPGJMH_4738-6921-5250-7433,0,0,0,0,1,0,0,0,0
P3JXPGJMH_4927-2339-5439-2851,0,0,0,0,1,0,0,0,0
P3JXPGJMH_4917-3638-5429-4150,0,0,0,0,1,0,0,0,0
P3JXPGJMH_6142-6659-6654-7171,0,0,0,0,1,0,0,0,0
P3JXPGJMH_5429-3638-5941-4150,0,0,0,0,1,0,0,0,0
P3JXPGJMH_6388-6836-6900-7348,0,0,0,0,1,0,0,0,0
P3JXPGJMH_6656-6102-7168-6614,0,0,0,0,1,0,0,0,0
P3JXPGJMH_6695-2225-7207-2737,0,0,0,0,1,0,0,0,0
P3JXPGJMH_6480-5530-6992-6042,0,0,0,0,1,0,0,0,0
P3JXPGJMH_6689-6664-7201-7176,0,0,0,0,1,0,0,0,0
P3JXPGJMH_6992-5530-7504-6042,0,0,0,0,1,0,0,0,0
P3JXPGJMH_774-698-1286-1210,0,0,0,0,1,0,0,0,0
P3JXPGJMH_7317-2250-7829-2762,0,0,0,0,1,0,0,0,0
P3JXPGJMH_796-8248-1308-8760,0,0,0,0,1,0,0,0,0
P3JXPGJMH_857-6244-1369-6756,0,0,0,0,1,0,0,0,0
P3JXPGJMH_8669-4161-9181-4673,0,0,0,0,1,0,0,0,0
P3JXPGJMH_8157-4161-8669-4673,0,0,0,0,1,0,0,0,0
P3JXPGJMH_867-5102-1379-5614,0,0,0,0,1,0,0,0,0
P3JXPGJMH_861-4480-1373-4992,0,0,0,0,1,0,0,0,0
P3JXPGJMH_9120-2855-9632-3367,0,0,0,0,1,0,0,0,0
P3JXPGJMH_8743-3913-9255-4425,0,0,0,0,1,0,0,0,0
P3JXPGJMH_9370-1381-9882-1893,0,0,0,0,1,0,0,0,0
P3JXPGJMH_920-3873-1432-4385,0,0,0,0,1,0,0,0,0
P3JXPGJMH_9692-2616-10204-3128,0,0,0,0,1,0,0,0,0
P3JXPGJMH_9882-1381-10394-1893,0,0,0,0,1,0,0,0,0
P3JXPGJMH_921-5661-1433-6173,0,0,0,0,1,0,0,0,0
P3JXPGJMH_9773-2013-10285-2525,0,0,0,0,1,0,0,0,0
P3JXPGJMH_996-6768-1508-7280,0,0,0,0,1,0,0,0,0
P4PRWA99C_1791-4058-2303-4570,0,0,0,0,0,0,0,0,1
P4PRWA99C_2077-2077-2589-2589,0,0,0,0,0,0,0,0,1
P4PRWA99C_2609-714-3121-1226,0,0,0,0,0,0,0,0,1
P4PRWA99C_2805-975-3317-1487,0,0,0,0,0,0,0,0,1
P4PRWA99C_3576-2049-4088-2561,0,0,0,0,0,0,0,0,1
P4PRWA99C_3270-1849-3782-2361,0,0,0,0,0,0,0,0,1
P4PRWA99C_3345-738-3857-1250,0,0,0,0,0,0,0,0,1
P4PRWA99C_3716-931-4228-1443,0,0,0,0,0,0,0,0,1
P4PRWA99C_3731-2244-4243-2756,0,0,0,0,0,0,0,0,1
P4PRWA99C_761-2805-1273-3317,0,0,0,0,0,0,0,0,1
P4PRWA99C_759-3708-1271-4220,0,0,0,0,0,0,0,0,1
P7AV2CW67_2165-8395-2677-8907,0,0,1,0,0,0,0,0,0
P7AV2CW67_2337-8153-2849-8665,0,0,1,0,0,0,0,0,0
P4PRWA99C_4033-2124-4545-2636,0,0,0,0,0,0,0,0,1
P4PRWA99C_831-4113-1343-4625,0,0,0,0,0,0,0,0,1
P7AV2CW67_2386-1269-2898-1781,0,0,1,0,0,0,1,0,0
P7AV2CW67_2386-1781-2898-2293,0,0,1,0,0,0,1,0,0
P7AV2CW67_2386-757-2898-1269,0,0,1,0,0,0,1,0,0
P7AV2CW67_2696-3574-3208-4086,0,0,1,0,0,0,0,0,0
P7AV2CW67_2758-5963-3270-6475,0,0,1,0,0,0,0,0,0
P7AV2CW67_2872-4314-3384-4826,0,0,1,0,0,0,0,0,0
P7AV2CW67_2907-1228-3419-1740,0,0,1,0,0,0,1,0,0
P7AV2CW67_2907-716-3419-1228,0,0,1,0,0,0,1,0,0
P7AV2CW67_3016-6089-3528-6601,0,0,1,0,0,0,0,0,0
P7AV2CW67_3329-7744-3841-8256,0,0,1,0,0,0,0,0,0
P7AV2CW67_3035-7463-3547-7975,0,0,1,0,0,0,0,0,0
P7AV2CW67_3329-8256-3841-8768,0,0,1,0,0,0,0,0,0
P7AV2CW67_3352-5901-3864-6413,0,0,1,0,0,0,0,0,0
P7AV2CW67_3352-6413-3864-6925,0,0,1,0,0,0,0,0,0
P7AV2CW67_3352-6925-3864-7437,0,0,1,0,0,0,0,0,0
P7AV2CW67_3352-7437-3864-7949,0,0,1,0,0,0,0,0,0
P7AV2CW67_3888-1283-4400-1795,0,0,1,0,0,0,0,0,0
P7AV2CW67_3638-8245-4150-8757,0,0,1,0,0,0,0,0,0
P7AV2CW67_3981-6183-4493-6695,0,0,1,0,0,0,0,0,0
P7AV2CW67_3679-6026-4191-6538,0,0,1,0,0,0,0,0,0
P7AV2CW67_4456-5049-4968-5561,0,0,1,0,0,0,0,0,0
P7AV2CW67_3981-6695-4493-7207,0,0,1,0,0,0,0,0,0
P7AV2CW67_4527-7014-5039-7526,0,0,1,0,0,0,0,0,0
P7AV2CW67_4406-5735-4918-6247,0,0,1,0,0,0,0,0,0
P7AV2CW67_4529-7340-5041-7852,0,0,1,0,0,0,0,0,0
P7AV2CW67_550-8114-1062-8626,0,0,1,0,0,0,0,0,0
P7AV2CW67_550-6578-1062-7090,0,0,1,0,0,0,0,0,0
P7AV2CW67_550-6066-1062-6578,0,0,1,0,0,0,0,0,0
P7AV2CW67_550-7602-1062-8114,0,0,1,0,0,0,0,0,0
P7AV2CW67_550-7090-1062-7602,0,0,1,0,0,0,0,0,0
P7AV2CW67_997-8150-1509-8662,0,0,1,0,0,0,0,0,0
P8N2KRLU8_3742-5816-4254-6328,1,0,0,0,0,0,0,0,0
P7MP7RP9A_3352-4614-3864-5126,0,0,1,0,0,0,0,0,0
P7MAAK7ZQ_5878-3218-6390-3730,0,0,0,1,0,0,0,0,0
P8N2KRLU8_4240-3355-4752-3867,1,0,0,0,0,0,0,0,0
P8N2KRLU8_4409-2245-4921-2757,1,0,0,0,0,0,0,0,0
P8N2KRLU8_4254-5304-4766-5816,1,0,0,0,0,0,0,0,0
P8N2KRLU8_4254-5816-4766-6328,1,0,0,0,0,0,0,0,0
P8N2KRLU8_4672-4719-5184-5231,1,0,0,0,0,0,0,0,0
P8N2KRLU8_4409-2757-4921-3269,1,0,0,0,0,0,0,0,0
P8N2KRLU8_4672-4207-5184-4719,1,0,0,0,0,0,0,0,0
P8N2KRLU8_4766-5304-5278-5816,1,0,0,0,0,0,0,0,0
P8N2KRLU8_4752-3355-5264-3867,1,0,0,0,0,0,0,0,0
P8R67KQ4M_1161-2895-1673-3407,0,1,0,0,0,0,0,0,0
P8N2KRLU8_4921-2245-5433-2757,1,0,0,0,0,0,0,0,0
P8R67KQ4M_1102-604-1614-1116,0,1,0,0,0,0,0,0,0
P8R67KQ4M_1135-6124-1647-6636,0,1,0,0,0,0,0,0,0
P8N2KRLU8_4766-5816-5278-6328,1,0,0,0,0,0,0,0,0
P8N2KRLU8_4921-2757-5433-3269,1,0,0,0,0,0,0,0,0
P8R67KQ4M_1842-598-2354-1110,0,1,0,0,0,0,0,0,0
P8R67KQ4M_1647-6124-2159-6636,0,1,0,0,0,0,0,0,0
P8R67KQ4M_1372-3108-1884-3620,0,1,0,0,0,0,0,0,0
P8R67KQ4M_2159-6124-2671-6636,0,1,0,0,0,0,0,0,0
P8R67KQ4M_1521-587-2033-1099,0,1,0,0,0,0,0,0,0
P8R67KQ4M_1884-3108-2396-3620,0,1,0,0,0,0,0,0,0
P8R67KQ4M_2159-6636-2671-7148,0,1,0,0,0,0,0,0,0
P8R67KQ4M_2265-3398-2777-3910,0,1,0,0,0,0,0,0,0
P8R67KQ4M_2358-5552-2870-6064,0,1,0,0,0,0,0,0,0
P8R67KQ4M_2507-726-3019-1238,0,1,0,0,0,0,0,0,0
P8R67KQ4M_2340-4045-2852-4557,0,1,0,0,0,0,0,0,0
P8R67KQ4M_2400-955-2912-1467,0,1,0,0,0,0,0,0,0
P8R67KQ4M_2764-5441-3276-5953,0,1,0,0,0,0,0,0,0
P8R67KQ4M_3621-8391-4133-8903,0,1,0,0,0,0,0,0,0
P8R67KQ4M_2916-1727-3428-2239,0,1,0,0,0,0,0,0,0
P8R67KQ4M_3461-8154-3973-8666,0,1,0,0,0,0,0,0,0
P8R67KQ4M_2916-1215-3428-1727,0,1,0,0,0,0,0,0,0
P8R67KQ4M_3744-4137-4256-4649,0,1,0,0,0,0,0,0,0
P8R67KQ4M_3184-5117-3696-5629,0,1,0,0,0,0,0,0,0
P8R67KQ4M_3017-4842-3529-5354,0,1,0,0,0,0,0,0,0
P8R67KQ4M_2925-5238-3437-5750,0,1,0,0,0,0,0,0,0
P8R67KQ4M_3744-4649-4256-5161,0,1,0,0,0,0,0,0,0
P8R67KQ4M_3529-4842-4041-5354,0,1,0,0,0,0,0,0,0
P8R67KQ4M_3766-715-4278-1227,0,1,0,0,0,0,0,0,0
P8R67KQ4M_4256-4137-4768-4649,0,1,0,0,0,0,0,0,0
P8R67KQ4M_649-2895-1161-3407,0,1,0,0,0,0,0,0,0
P8R67KQ4M_583-680-1095-1192,0,1,0,0,0,0,0,0,0
P8R67KQ4M_3985-570-4497-1082,0,1,0,0,0,0,0,0,0
P91K2H3TL_1130-1676-1642-2188,1,0,0,0,0,0,0,0,0
P91K2H3TL_2938-905-3450-1417,1,0,0,0,0,0,0,0,0
P91K2H3TL_2961-2157-3473-2669,1,0,0,0,0,0,0,0,0
P91K2H3TL_3263-2414-3775-2926,1,0,0,0,0,0,0,0,0
P91K2H3TL_3775-2414-4287-2926,1,0,0,0,0,0,0,0,0
P91K2H3TL_3473-2669-3985-3181,1,0,0,0,0,0,0,0,0
P91K2H3TL_4077-1637-4589-2149,1,0,0,0,0,0,0,0,0
P91K2H3TL_2961-2669-3473-3181,1,0,0,0,0,0,0,0,0
P91K2H3TL_3651-1286-4163-1798,1,0,0,0,0,0,0,0,0
P91K2H3TL_3651-774-4163-1286,1,0,0,0,0,0,0,0,0
P91K2H3TL_3473-2157-3985-2669,1,0,0,0,0,0,0,0,0
P91K2H3TL_4037-4686-4549-5198,1,0,0,0,0,0,0,0,0
P91K2H3TL_3565-1637-4077-2149,1,0,0,0,0,0,0,0,0
P91K2H3TL_4077-2149-4589-2661,1,0,0,0,0,0,0,0,0
P91K2H3TL_4549-4686-5061-5198,1,0,0,0,0,0,0,0,0
P91K2H3TL_4451-471-4963-983,1,0,0,0,0,0,0,0,0
P91K2H3TL_4163-1286-4675-1798,1,0,0,0,0,0,0,0,0
P91K2H3TL_4163-774-4675-1286,1,0,0,0,0,0,0,0,0
P91K2H3TL_4813-3677-5325-4189,1,0,0,0,0,0,0,0,0
P91K2H3TL_4589-1637-5101-2149,1,0,0,0,0,0,0,0,0
P91K2H3TL_5084-4745-5596-5257,1,0,0,0,0,0,0,0,0
P91K2H3TL_5596-4745-6108-5257,1,0,0,0,0,0,0,0,0
P91K2H3TL_4982-3162-5494-3674,1,0,0,0,0,0,0,0,0
P91K2H3TL_5366-3672-5878-4184,1,0,0,0,0,0,0,0,0
P91K2H3TL_5613-2149-6125-2661,1,0,0,0,0,0,0,0,0
P91K2H3TL_5084-4233-5596-4745,1,0,0,0,0,0,0,0,0
P91K2H3TL_5433-901-5945-1413,1,0,0,0,0,0,0,0,0
P91K2H3TL_5101-1637-5613-2149,1,0,0,0,0,0,0,0,0
P91K2H3TL_5596-4233-6108-4745,1,0,0,0,0,0,0,0,0
P91K2H3TL_5101-2149-5613-2661,1,0,0,0,0,0,0,0,0
P91K2H3TL_5628-1217-6140-1729,1,0,0,0,0,0,0,0,0
P91K2H3TL_618-1676-1130-2188,1,0,0,0,0,0,0,0,0
P9NJDZQ7T_15686-7546-16198-8058,0,0,1,0,0,0,0,0,0
P9NJDZQ7T_3124-4670-3636-5182,0,0,1,0,0,0,0,0,0
P9NJDZQ7T_15686-7162-16198-7674,0,0,1,0,0,0,0,0,0
P9NJDZQ7T_3636-4670-4148-5182,0,0,1,0,0,0,0,0,0
P9NJDZQ7T_4660-4158-5172-4670,0,0,1,0,0,0,0,0,0
P9NJDZQ7T_4148-4670-4660-5182,0,0,1,0,0,0,0,0,0
P9NJDZQ7T_4660-4670-5172-5182,0,0,1,0,0,0,0,0,0
P9PF7CXJ8_2019-2014-2531-2526,0,0,1,0,0,0,0,0,0
P9PF7CXJ8_1826-557-2338-1069,0,0,1,0,0,0,0,0,0
P9PF7CXJ8_2398-787-2910-1299,0,0,1,0,0,0,0,0,0
P9PF7CXJ8_2061-658-2573-1170,0,0,1,0,0,0,0,0,0
P9PF7CXJ8_1971-896-2483-1408,0,0,1,0,0,0,0,0,0
P9PF7CXJ8_2903-2152-3415-2664,0,0,1,0,0,0,0,0,0
P9PF7CXJ8_1607-436-2119-948,0,0,1,0,0,0,0,0,0
P9PF7CXJ8_2684-1411-3196-1923,0,0,1,0,0,0,0,0,0
P9PF7CXJ8_1977-1175-2489-1687,0,0,1,0,0,0,0,0,0
P9PF7CXJ8_2748-745-3260-1257,0,0,1,0,0,0,0,0,0
P9PF7CXJ8_3126-634-3638-1146,0,0,1,0,0,0,0,0,0
P9PF7CXJ8_3522-471-4034-983,0,0,1,0,0,0,0,0,0
P9PF7CXJ8_3365-1101-3877-1613,0,0,1,0,0,0,0,0,0
P9PF7CXJ8_3219-2157-3731-2669,0,0,1,0,0,0,0,0,0
P9PF7CXJ8_3660-2132-4172-2644,0,0,1,0,0,0,0,0,0
P9PF7CXJ8_3856-1086-4368-1598,0,0,1,0,0,0,0,0,0
P9PF7CXJ8_3722-870-4234-1382,0,0,1,0,0,0,0,0,0
P9PF7CXJ8_4454-1103-4966-1615,0,0,1,0,0,0,0,0,0
P9PF7CXJ8_3992-2166-4504-2678,0,0,1,0,0,0,0,0,0
P9PF7CXJ8_3970-651-4482-1163,0,0,1,0,0,0,0,0,0
P9PF7CXJ8_4482-651-4994-1163,0,0,1,0,0,0,0,0,0
P9PF7CXJ8_4639-1820-5151-2332,0,0,1,0,0,0,0,0,0
P9PF7CXJ8_4966-1103-5478-1615,0,0,1,0,0,0,0,0,0
P9PF7CXJ8_4008-1391-4520-1903,0,0,1,0,0,0,0,0,0
P9PF7CXJ8_4687-1338-5199-1850,0,0,1,0,0,0,0,0,0
P9PF7CXJ8_4738-2275-5250-2787,0,0,1,0,0,0,0,0,0
P9PF7CXJ8_5224-1046-5736-1558,0,0,1,0,0,0,0,0,0
P9PF7CXJ8_5051-1334-5563-1846,0,0,1,0,0,0,0,0,0
P9PF7CXJ8_5394-844-5906-1356,0,0,1,0,0,0,0,0,0
P9PF7CXJ8_5463-577-5975-1089,0,0,1,0,0,0,0,0,0
P9PF7CXJ8_5327-2130-5839-2642,0,0,1,0,0,0,0,0,0
P9PF7CXJ8_5469-1671-5981-2183,0,0,1,0,0,0,0,0,0
P9PF7CXJ8_569-655-1081-1167,0,0,1,0,0,0,0,0,0
P9PF7CXJ8_6657-1828-7169-2340,0,0,1,0,0,0,0,0,0
P9PF7CXJ8_5799-1084-6311-1596,0,0,1,0,0,0,0,0,0
P9PF7CXJ8_6020-2226-6532-2738,0,0,1,0,0,0,0,0,0
P9PF7CXJ8_6606-1254-7118-1766,0,0,1,0,0,0,0,0,0
P9PF7CXJ8_5782-1531-6294-2043,0,0,1,0,0,0,0,0,0
P9PF7CXJ8_5915-525-6427-1037,0,0,1,0,0,0,0,0,0
P9PF7CXJ8_6139-1039-6651-1551,0,0,1,0,0,0,0,0,0
P9PF7CXJ8_6712-684-7224-1196,0,0,1,0,0,0,0,0,0
P9PF7CXJ8_6699-2363-7211-2875,0,0,1,0,0,0,0,0,0
P9PF7CXJ8_6200-684-6712-1196,0,0,1,0,0,0,0,0,0
P9PF7CXJ8_6348-1876-6860-2388,0,0,1,0,0,0,0,0,0
P9PF7CXJ8_6404-500-6916-1012,0,0,1,0,0,0,0,0,0
P9PF7CXJ8_6992-570-7504-1082,0,0,1,0,0,0,0,0,0
P9PF7CXJ8_7185-2314-7697-2826,0,0,1,0,0,0,0,0,0
P9PF7CXJ8_7350-1411-7862-1923,0,0,1,0,0,0,0,0,0
P9PF7CXJ8_7332-1136-7844-1648,0,0,1,0,0,0,0,0,0
P9PF7CXJ8_757-428-1269-940,0,0,1,0,0,0,0,0,0
P9PF7CXJ8_7350-1923-7862-2435,0,0,1,0,0,0,0,0,0
PBFW9CDEN_10175-5473-10687-5985,0,0,0,0,0,1,0,0,1
PBFW9CDEN_10168-4966-10680-5478,0,0,0,0,0,1,0,0,1
PBFW9CDEN_1018-8304-1530-8816,0,0,0,0,0,1,0,0,1
PBFW9CDEN_10240-8223-10752-8735,0,0,0,0,0,1,0,0,1
PBFW9CDEN_10728-8221-11240-8733,0,0,0,0,0,1,0,0,1
PBFW9CDEN_10613-681-11125-1193,0,0,0,0,0,1,0,0,1
PBFW9CDEN_1434-7198-1946-7710,0,0,0,0,0,1,0,0,1
PBFW9CDEN_1177-826-1689-1338,0,0,0,0,0,1,0,0,1
PBFW9CDEN_10659-5341-11171-5853,0,0,0,0,0,1,0,0,1
PBFW9CDEN_10648-4826-11160-5338,0,0,0,0,0,1,0,0,1
PBFW9CDEN_10344-778-10856-1290,0,0,0,0,0,1,0,0,1
PBFW9CDEN_1631-824-2143-1336,0,0,0,0,0,1,0,0,1
PBFW9CDEN_1568-8314-2080-8826,0,0,0,0,0,1,0,0,1
PBFW9CDEN_1912-7131-2424-7643,0,0,0,0,0,1,0,0,1
PBFW9CDEN_1678-7647-2190-8159,0,0,0,0,0,1,0,0,1
PBFW9CDEN_1927-8297-2439-8809,0,0,0,0,0,1,0,0,1
PBFW9CDEN_2401-7068-2913-7580,0,0,0,0,0,1,0,0,1
PBFW9CDEN_1992-802-2504-1314,0,0,0,0,0,1,0,0,1
PBFW9CDEN_2157-7576-2669-8088,0,0,0,0,0,1,0,0,1
PBFW9CDEN_2472-802-2984-1314,0,0,0,0,0,1,0,0,1
PBFW9CDEN_3010-8302-3522-8814,0,0,0,0,0,1,0,0,1
PBFW9CDEN_3307-778-3819-1290,0,0,0,0,0,1,0,0,1
PBFW9CDEN_3113-7018-3625-7530,0,0,0,0,0,1,0,0,1
PBFW9CDEN_2529-8304-3041-8816,0,0,0,0,0,1,0,0,1
PBFW9CDEN_2636-7524-3148-8036,0,0,0,0,0,1,0,0,1
PBFW9CDEN_2945-796-3457-1308,0,0,0,0,0,1,0,0,1
PBFW9CDEN_3121-7464-3633-7976,0,0,0,0,0,1,0,0,1
PBFW9CDEN_3374-8283-3886-8795,0,0,0,0,0,1,0,0,1
PBFW9CDEN_3844-7368-4356-7880,0,0,0,0,0,1,0,0,1
PBFW9CDEN_3601-6969-4113-7481,0,0,0,0,0,1,0,0,1
PBFW9CDEN_3858-8275-4370-8787,0,0,0,0,0,1,0,0,1
PBFW9CDEN_4034-805-4546-1317,0,0,0,0,0,1,0,0,1
PBFW9CDEN_4512-799-5024-1311,0,0,0,0,0,1,0,0,1
PBFW9CDEN_4591-8293-5103-8805,0,0,0,0,0,1,0,0,1
PBFW9CDEN_5070-7191-5582-7703,0,0,0,0,0,1,0,0,1
PBFW9CDEN_4579-7315-5091-7827,0,0,0,0,0,1,0,0,1
PBFW9CDEN_4815-7238-5327-7750,0,0,0,0,0,1,0,0,1
PBFW9CDEN_4569-6866-5081-7378,0,0,0,0,0,1,0,0,1
PBFW9CDEN_5056-6733-5568-7245,0,0,0,0,0,1,0,0,1
PBFW9CDEN_5301-7083-5813-7595,0,0,0,0,0,1,0,0,1
PBFW9CDEN_4975-776-5487-1288,0,0,0,0,0,1,0,0,1
PBFW9CDEN_5304-6592-5816-7104,0,0,0,0,0,1,0,0,1
PBFW9CDEN_4955-8277-5467-8789,0,0,0,0,0,1,0,0,1
PBFW9CDEN_5487-776-5999-1288,0,0,0,0,0,1,0,0,1
PBFW9CDEN_5324-8264-5836-8776,0,0,0,0,0,1,0,0,1
PBFW9CDEN_5555-7012-6067-7524,0,0,0,0,0,1,0,0,1
PBFW9CDEN_5789-6379-6301-6891,0,0,0,0,0,1,0,0,1
PBFW9CDEN_5543-6508-6055-7020,0,0,0,0,0,1,0,0,1
PBFW9CDEN_5914-6851-6426-7363,0,0,0,0,0,1,0,0,1
PBFW9CDEN_6058-8276-6570-8788,0,0,0,0,0,1,0,0,1
PBFW9CDEN_6068-773-6580-1285,0,0,0,0,0,1,0,0,1
PBFW9CDEN_633-7378-1145-7890,0,0,0,0,0,1,0,0,1
PBFW9CDEN_6759-6029-7271-6541,0,0,0,0,0,1,0,0,1
PBFW9CDEN_6424-768-6936-1280,0,0,0,0,0,1,0,0,1
PBFW9CDEN_6277-6689-6789-7201,0,0,0,0,0,1,0,0,1
PBFW9CDEN_6761-6509-7273-7021,0,0,0,0,0,1,0,0,1
PBFW9CDEN_6526-6621-7038-7133,0,0,0,0,0,1,0,0,1
PBFW9CDEN_6795-8244-7307-8756,0,0,0,0,0,1,0,0,1
PBFW9CDEN_7014-6453-7526-6965,0,0,0,0,0,1,0,0,1
PBFW9CDEN_6512-6141-7024-6653,0,0,0,0,0,1,0,0,1
PBFW9CDEN_7290-8238-7802-8750,0,0,0,0,0,1,0,0,1
PBFW9CDEN_6424-8262-6936-8774,0,0,0,0,0,1,0,0,1
PBFW9CDEN_7253-6352-7765-6864,0,0,0,0,0,1,0,0,1
PBFW9CDEN_6936-768-7448-1280,0,0,0,0,0,1,0,0,1
PBFW9CDEN_7505-6289-8017-6801,0,0,0,0,0,1,0,0,1
PBFW9CDEN_7489-5811-8001-6323,0,0,0,0,0,1,0,0,1
PBFW9CDEN_7657-8249-8169-8761,0,0,0,0,0,1,0,0,1
PBFW9CDEN_789-530-1301-1042,0,0,0,0,0,1,0,0,0
PBFW9CDEN_7997-6134-8509-6646,0,0,0,0,0,1,0,0,1
PBFW9CDEN_8221-6035-8733-6547,0,0,0,0,0,1,0,0,1
PBFW9CDEN_8216-5544-8728-6056,0,0,0,0,0,1,0,0,1
PBFW9CDEN_7899-784-8411-1296,0,0,0,0,0,1,0,0,1
PBFW9CDEN_7739-6187-8251-6699,0,0,0,0,0,1,0,0,1
PBFW9CDEN_8263-763-8775-1275,0,0,0,0,0,1,0,0,1
PBFW9CDEN_8274-8229-8786-8741,0,0,0,0,0,1,0,0,1
PBFW9CDEN_8828-5368-9340-5880,0,0,0,0,0,1,0,0,1
PBFW9CDEN_884-7280-1396-7792,0,0,0,0,0,1,0,0,1
PBFW9CDEN_8965-5844-9477-6356,0,0,0,0,0,1,0,0,1
PBFW9CDEN_7974-5650-8486-6162,0,0,0,0,0,1,0,0,1
PBFW9CDEN_8870-780-9382-1292,0,0,0,0,0,1,0,0,1
PBFW9CDEN_8595-5939-9107-6451,0,0,0,0,0,1,0,0,1
PBFW9CDEN_9189-5255-9701-5767,0,0,0,0,0,1,0,0,1
PBFW9CDEN_9363-776-9875-1288,0,0,0,0,0,1,0,0,1
PBFW9CDEN_9201-5746-9713-6258,0,0,0,0,0,1,0,0,1
PBFW9CDEN_9749-8219-10261-8731,0,0,0,0,0,1,0,0,1
PEBMHR7KJ_919-382-1431-894,0,0,1,0,0,0,0,0,0
PCJTZQ3IV_2194-4025-2706-4537,0,0,0,0,0,0,0,0,1
PBFW9CDEN_9973-757-10485-1269,0,0,0,0,0,1,0,0,1
PCJTZQ3IV_4521-4366-5033-4878,0,0,0,0,0,0,0,0,1
PBFW9CDEN_995-7740-1507-8252,0,0,0,0,0,1,0,0,1
PC1ZQD4E2_2464-1747-2976-2259,1,0,0,0,0,0,0,0,0
PBFW9CDEN_9936-5567-10448-6079,0,0,0,0,0,1,0,0,1
PC1ZQD4E2_2491-662-3003-1174,1,0,0,0,0,0,0,0,0
PC1ZQD4E2_2495-2044-3007-2556,1,0,0,0,0,0,0,0,0
PCNRXPLPG_11162-2468-11674-2980,0,1,0,0,0,0,0,0,0
PBFW9CDEN_9919-5067-10431-5579,0,0,0,0,0,1,0,0,1
PEH27QRCH_4618-1749-5130-2261,0,0,0,0,0,0,0,0,1
PEH9PYTG2_1302-719-1814-1231,0,0,0,0,0,0,0,0,1
PEH9PYTG2_1053-8118-1565-8630,0,0,0,0,0,0,0,0,1
PEH9PYTG2_1302-1231-1814-1743,0,0,0,0,0,0,0,0,1
PEH9PYTG2_1555-580-2067-1092,0,0,0,0,0,0,0,0,1
PEH9PYTG2_2268-8141-2780-8653,0,0,0,0,0,0,0,0,1
PEH9PYTG2_4711-8182-5223-8694,0,0,0,0,0,0,0,0,1
PEH9PYTG2_5236-4965-5748-5477,0,0,0,0,0,0,0,0,1
PETGF32MY_1566-5075-2078-5587,0,0,1,0,0,0,0,0,0
PETGF32MY_1044-4457-1556-4969,0,0,1,0,0,0,0,0,0
PEHYWGBRY_4301-5050-4813-5562,0,0,0,0,0,0,0,0,1
PEH9PYTG2_5343-5179-5855-5691,0,0,0,0,0,0,0,0,1
PEHYWGBRY_3551-4193-4063-4705,0,0,0,0,0,1,0,0,0
PETGF32MY_1210-5043-1722-5555,0,0,1,0,0,0,0,0,0
PEHYWGBRY_3056-4467-3568-4979,0,0,0,0,0,0,0,0,1
PEHYWGBRY_485-4442-997-4954,0,0,0,0,0,1,0,0,0
PETGF32MY_2047-4909-2559-5421,0,0,1,0,0,0,0,0,0
PETGF32MY_1888-3067-2400-3579,0,0,1,0,0,0,0,0,0
PETGF32MY_1773-4628-2285-5140,0,0,1,0,0,0,0,0,0
PETGF32MY_2448-3056-2960-3568,0,0,1,0,0,0,0,0,0
PETGF32MY_2184-3353-2696-3865,0,0,1,0,0,0,0,0,0
PETGF32MY_2283-4676-2795-5188,0,0,1,0,0,0,0,0,0
PETGF32MY_2775-3055-3287-3567,0,0,1,0,0,0,0,0,0
PETGF32MY_2647-4783-3159-5295,0,0,1,0,0,0,0,0,0
PETGF32MY_3719-4549-4231-5061,0,0,1,0,0,0,0,0,0
PETGF32MY_3460-3079-3972-3591,0,0,1,0,0,0,0,0,0
PETGF32MY_3957-5187-4469-5699,0,0,1,0,0,0,0,0,0
PETGF32MY_3454-4797-3966-5309,0,0,1,0,0,0,0,0,0
PETGF32MY_3999-4401-4511-4913,0,0,1,0,0,0,0,0,0
PETGF32MY_4233-3167-4745-3679,0,0,1,0,0,0,0,0,0
PETGF32MY_3750-3746-4262-4258,0,0,1,0,0,0,0,0,0
PETGF32MY_4239-4297-4751-4809,0,0,1,0,0,0,0,0,0
PETGF32MY_4215-4002-4727-4514,0,0,1,0,0,0,0,0,0
PETGF32MY_4424-3875-4936-4387,0,0,1,0,0,0,0,0,0
PETGF32MY_3698-4240-4210-4752,0,0,1,0,0,0,0,0,0
PETGF32MY_464-4502-976-5014,0,0,1,0,0,0,0,0,0
PETGF32MY_4687-3748-5199-4260,0,0,1,0,0,0,0,0,0
PETGF32MY_4731-1374-5243-1886,0,0,1,0,0,0,0,0,0
PETGF32MY_4703-2728-5215-3240,0,0,1,0,0,0,0,0,0
PETGF32MY_4745-3167-5257-3679,0,0,1,0,0,0,0,0,0
PETGF32MY_4774-437-5286-949,0,0,1,0,0,0,0,0,0
PETGF32MY_4812-887-5324-1399,0,0,1,0,0,0,0,0,0
PETGF32MY_4837-3453-5349-3965,0,0,1,0,0,0,0,0,0
PETGF32MY_5081-952-5593-1464,0,0,1,0,0,0,0,0,0
PETGF32MY_5415-1556-5927-2068,0,0,1,0,0,0,0,0,0
PETGF32MY_5054-3918-5566-4430,0,0,1,0,0,0,0,0,0
PETGF32MY_5050-3221-5562-3733,0,0,1,0,0,0,0,0,0
PETGF32MY_4832-1894-5344-2406,0,0,1,0,0,0,0,0,0
PETGF32MY_5479-2701-5991-3213,0,0,1,0,0,0,0,0,0
PETGF32MY_5153-3443-5665-3955,0,0,1,0,0,0,0,0,0
PETGF32MY_535-3583-1047-4095,0,0,1,0,0,0,0,0,0
PETGF32MY_5386-3693-5898-4205,0,0,1,0,0,0,0,0,0
PETGF32MY_5545-4979-6057-5491,0,0,1,0,0,0,0,0,0
PETGF32MY_5534-1223-6046-1735,0,0,1,0,0,0,0,0,0
PETGF32MY_5770-3313-6282-3825,0,0,1,0,0,0,0,0,0
PETGF32MY_567-3001-1079-3513,0,0,1,0,0,0,0,0,0
PETGF32MY_5922-5145-6434-5657,0,0,1,0,0,0,0,0,0
PETGF32MY_6029-2158-6541-2670,0,0,1,0,0,0,0,0,0
PETGF32MY_6075-4785-6587-5297,0,0,1,0,0,0,0,0,0
PETGF32MY_6061-3391-6573-3903,0,0,1,0,0,0,0,0,0
PETGF32MY_6424-3220-6936-3732,0,0,1,0,0,0,0,0,0
PETGF32MY_6483-2138-6995-2650,0,0,1,0,0,0,0,0,0
PETGF32MY_6720-3049-7232-3561,0,0,1,0,0,0,0,0,0
PETGF32MY_628-4303-1140-4815,0,0,1,0,0,0,0,0,0
PETGF32MY_6548-4049-7060-4561,0,0,1,0,0,0,0,0,0
PETGF32MY_6138-2730-6650-3242,0,0,1,0,0,0,0,0,0
PETGF32MY_6496-4994-7008-5506,0,0,1,0,0,0,0,0,0
PETGF32MY_6350-2912-6862-3424,0,0,1,0,0,0,0,0,0
PETGF32MY_6697-2665-7209-3177,0,0,1,0,0,0,0,0,0
PETGF32MY_6863-1545-7375-2057,0,0,1,0,0,0,0,0,0
PETGF32MY_6690-2375-7202-2887,0,0,1,0,0,0,0,0,0
PETGF32MY_6933-2484-7445-2996,0,0,1,0,0,0,0,0,0
PETGF32MY_7099-1792-7611-2304,0,0,1,0,0,0,0,0,0
PETGF32MY_7149-2333-7661-2845,0,0,1,0,0,0,0,0,0
PETGF32MY_6949-2864-7461-3376,0,0,1,0,0,0,0,0,0
PETGF32MY_7303-1022-7815-1534,0,0,1,0,0,0,0,0,0
PETGF32MY_7383-4089-7895-4601,0,0,1,0,0,0,0,0,0
PETGF32MY_7272-2640-7784-3152,0,0,1,0,0,0,0,0,0
PETGF32MY_7572-2677-8084-3189,0,0,1,0,0,0,0,0,0
PETGF32MY_7787-1568-8299-2080,0,0,1,0,0,0,0,0,0
PETGF32MY_7766-3283-8278-3795,0,0,1,0,0,0,0,0,0
PETGF32MY_7627-4852-8139-5364,0,0,1,0,0,0,0,0,0
PETGF32MY_7855-585-8367-1097,0,0,1,0,0,0,0,0,0
PETGF32MY_808-4661-1320-5173,0,0,1,0,0,0,0,0,0
PETGF32MY_7851-2120-8363-2632,0,0,1,0,0,0,0,0,0
PF8VJEUKC_10019-1571-10531-2083,0,0,0,0,0,0,1,0,0
PETGF32MY_7521-1486-8033-1998,0,0,1,0,0,0,0,0,0
PF8VJEUKC_10019-2595-10531-3107,0,0,0,0,0,0,1,0,0
PF8VJEUKC_10019-3107-10531-3619,0,0,0,0,0,0,1,0,0
PF8VJEUKC_10019-2083-10531-2595,0,0,0,0,0,0,1,0,0
PF8VJEUKC_10179-11625-10691-12137,0,0,0,0,0,0,1,0,0
PF8VJEUKC_10179-12137-10691-12649,0,0,0,0,0,0,1,0,0
PF8VJEUKC_10019-3619-10531-4131,0,0,0,0,0,0,1,0,0
PF8VJEUKC_10531-3107-11043-3619,0,0,0,0,0,0,1,0,0
PF8VJEUKC_10531-3619-11043-4131,0,0,0,0,0,0,1,0,0
PF8VJEUKC_10420-8081-10932-8593,0,0,0,0,0,0,1,0,0
PF8VJEUKC_10531-5667-11043-6179,0,0,0,0,0,0,1,0,0
PF8VJEUKC_10531-4643-11043-5155,0,0,0,0,0,0,1,0,0
PF8VJEUKC_10691-12649-11203-13161,0,0,0,0,0,0,1,0,0
PF8VJEUKC_10691-12137-11203-12649,0,0,0,0,0,0,1,0,0
PF8VJEUKC_11043-6179-11555-6691,0,0,0,0,0,0,1,0,0
PF8VJEUKC_11203-13161-11715-13673,0,0,0,0,0,0,1,0,0
PF8VJEUKC_10531-4131-11043-4643,0,0,0,0,0,0,1,0,0
PF8VJEUKC_11269-7159-11781-7671,0,0,0,0,0,0,1,0,0
PF8VJEUKC_10932-8081-11444-8593,0,0,0,0,0,0,1,0,0
PF8VJEUKC_10531-5155-11043-5667,0,0,0,0,0,0,1,0,0
PF8VJEUKC_11203-12649-11715-13161,0,0,0,0,0,0,1,0,0
PF8VJEUKC_11269-6647-11781-7159,0,0,0,0,0,0,1,0,0
PF8VJEUKC_11715-13161-12227-13673,0,0,0,0,0,0,1,0,0
PF8VJEUKC_12402-13397-12914-13909,0,0,0,0,0,0,1,0,0
PF8VJEUKC_11269-7671-11781-8183,0,0,0,0,0,0,1,0,0
PF8VJEUKC_12934-15342-13446-15854,0,0,0,0,0,0,1,0,0
PF8VJEUKC_12934-14830-13446-15342,0,0,0,0,0,0,1,0,0
PF8VJEUKC_12934-14318-13446-14830,0,0,0,0,0,0,1,0,0
PF8VJEUKC_951-682-1463-1194,0,0,0,1,0,0,0,0,0
PF8VJEUKC_6696-6921-7208-7433,0,0,0,1,0,0,0,0,0
PF8VJEUKC_9155-10601-9667-11113,0,0,0,0,0,0,1,0,0
PF8VJEUKC_12934-15854-13446-16366,0,0,0,0,0,0,1,0,0
PF8VJEUKC_12934-16366-13446-16878,0,0,0,0,0,0,1,0,0
PF8VJEUKC_9283-9760-9795-10272,0,0,0,0,0,0,1,0,0
PF8VJEUKC_9283-9248-9795-9760,0,0,0,0,0,0,1,0,0
PF8VJEUKC_9155-10089-9667-10601,0,0,0,0,0,0,1,0,0
PF8VJEUKC_9155-11113-9667-11625,0,0,0,0,0,0,1,0,0
PF8VJEUKC_9667-11113-10179-11625,0,0,0,0,0,0,1,0,0
PF8VJEUKC_9667-11625-10179-12137,0,0,0,0,0,0,1,0,0
PF8VJEUKC_9908-8593-10420-9105,0,0,0,0,0,0,1,0,0
PG8AD67XR_6684-1016-7196-1528,0,0,0,0,1,0,0,0,0
PG8AD67XR_644-698-1156-1210,0,0,0,0,1,0,0,0,0
PG8AD67XR_6694-565-7206-1077,0,0,0,0,1,0,0,0,0
PG9E1GDFA_509-1292-1021-1804,0,0,0,0,0,1,0,0,0
PG9E1GDFA_2713-4966-3225-5478,0,0,0,0,0,1,0,0,0
PG9E1GDFA_658-3479-1170-3991,0,0,0,0,0,0,0,0,1
PGG8PQWFU_1623-9309-2135-9821,0,1,0,0,0,0,0,0,0
PGG8PQWFU_1243-5118-1755-5630,0,1,0,0,0,0,0,0,0
PGG8PQWFU_1111-9821-1623-10333,0,1,0,0,0,0,0,0,0
PGG8PQWFU_1623-8797-2135-9309,0,1,0,0,0,0,0,0,0
PGG8PQWFU_1623-9821-2135-10333,0,1,0,0,0,0,0,0,0
PGG8PQWFU_2135-9309-2647-9821,0,1,0,0,0,0,0,0,0
PGG8PQWFU_1623-5213-2135-5725,0,1,0,0,0,0,0,0,0
PGG8PQWFU_2135-8797-2647-9309,0,1,0,0,0,0,0,0,0
PGG8PQWFU_1111-9309-1623-9821,0,1,0,0,0,0,0,0,0
PGG8PQWFU_2647-8285-3159-8797,0,1,0,0,0,0,0,0,0
PGG8PQWFU_2647-8797-3159-9309,0,1,0,0,0,0,0,0,0
PGG8PQWFU_3159-8797-3671-9309,0,1,0,0,0,0,0,0,0
PGG8PQWFU_3159-7773-3671-8285,0,1,0,0,0,0,0,0,0
PGG8PQWFU_2647-9309-3159-9821,0,1,0,0,0,0,0,0,0
PGG8PQWFU_3159-8285-3671-8797,0,1,0,0,0,0,0,0,0
PGG8PQWFU_3671-7773-4183-8285,0,1,0,0,0,0,0,0,0
PGG8PQWFU_4183-7261-4695-7773,0,1,0,0,0,0,0,0,0
PGG8PQWFU_3671-8285-4183-8797,0,1,0,0,0,0,0,0,0
PGG8PQWFU_4183-7773-4695-8285,0,1,0,0,0,0,0,0,0
PGG8PQWFU_4695-7773-5207-8285,0,1,0,0,0,0,0,0,0
PGG8PQWFU_4695-7261-5207-7773,0,1,0,0,0,0,0,0,0
PGG8PQWFU_6231-6237-6743-6749,0,1,0,0,0,0,0,0,0
PGG8PQWFU_4183-8285-4695-8797,0,1,0,0,0,0,0,0,0
PGG8PQWFU_5719-6749-6231-7261,0,1,0,0,0,0,0,0,0
PGG8PQWFU_5207-6749-5719-7261,0,1,0,0,0,0,0,0,0
PGG8PQWFU_5207-7261-5719-7773,0,1,0,0,0,0,0,0,0
PGG8PQWFU_5719-7261-6231-7773,0,1,0,0,0,0,0,0,0
PGG8PQWFU_6231-6749-6743-7261,0,1,0,0,0,0,0,0,0
PGG8PQWFU_6743-5725-7255-6237,0,1,0,0,0,0,0,0,0
PGG8PQWFU_7255-5725-7767-6237,0,1,0,0,0,0,0,0,0
PGG8PQWFU_6743-6237-7255-6749,0,1,0,0,0,0,0,0,0
PGG8PQWFU_6743-6749-7255-7261,0,1,0,0,0,0,0,0,0
PGG8PQWFU_7255-5213-7767-5725,0,1,0,0,0,0,0,0,0
PGG8PQWFU_7530-2713-8042-3225,0,1,0,0,0,0,0,0,0
PGG8PQWFU_731-5118-1243-5630,0,1,0,0,0,0,0,0,0
PGG8PQWFU_7255-6237-7767-6749,0,1,0,0,0,0,0,0,0
PGG8PQWFU_7530-4249-8042-4761,0,1,0,0,0,0,0,0,0
PGG8PQWFU_8042-2201-8554-2713,0,1,0,0,0,0,0,0,0
PGJUFZIHL_1466-1680-1978-2192,0,1,0,0,0,0,0,0,0
PGG8PQWFU_7530-3225-8042-3737,0,1,0,0,0,0,0,0,0
PGG8PQWFU_7530-3737-8042-4249,0,1,0,0,0,0,0,0,0
PGJUFZIHL_1390-4139-1902-4651,0,1,0,0,0,0,0,0,0
PGG8PQWFU_8042-3225-8554-3737,0,1,0,0,0,0,0,0,0
PGJUFZIHL_1466-1168-1978-1680,0,1,0,0,0,0,0,0,0
PGG8PQWFU_8042-2713-8554-3225,0,1,0,0,0,0,0,0,0
PGJUFZIHL_1466-2192-1978-2704,0,1,0,0,0,0,0,0,0
PGJUFZIHL_1466-656-1978-1168,0,1,0,0,0,0,0,0,0
PGJUFZIHL_1902-3627-2414-4139,0,1,0,0,0,0,0,0,0
PGJUFZIHL_1902-4139-2414-4651,0,1,0,0,0,0,0,0,0
PGJUFZIHL_1978-1168-2490-1680,0,1,0,0,0,0,0,0,0
PGJUFZIHL_1978-1680-2490-2192,0,1,0,0,0,0,0,0,0
PGJUFZIHL_1978-656-2490-1168,0,1,0,0,0,0,0,0,0
PGJUFZIHL_1978-2192-2490-2704,0,1,0,0,0,0,0,0,0
PGJUFZIHL_2408-1566-2920-2078,0,1,0,0,0,0,0,0,0
PGJUFZIHL_2414-3627-2926-4139,0,1,0,0,0,0,0,0,0
PGJUFZIHL_2414-4139-2926-4651,0,1,0,0,0,0,0,0,0
PGJUFZIHL_2490-656-3002-1168,0,1,0,0,0,0,0,0,0
PGJUFZIHL_2926-3115-3438-3627,0,1,0,0,0,0,0,0,0
PGJUFZIHL_2408-2590-2920-3102,0,1,0,0,0,0,0,0,0
PGJUFZIHL_2414-3115-2926-3627,0,1,0,0,0,0,0,0,0
PGJUFZIHL_2920-2590-3432-3102,0,1,0,0,0,0,0,0,0
PGJUFZIHL_2926-3627-3438-4139,0,1,0,0,0,0,0,0,0
PGJUFZIHL_2490-2192-3002-2704,0,1,0,0,0,0,0,0,0
PGJUFZIHL_3002-656-3514-1168,0,1,0,0,0,0,0,0,0
PGJUFZIHL_3002-2192-3514-2704,0,1,0,0,0,0,0,0,0
PGJUFZIHL_3432-2590-3944-3102,0,1,0,0,0,0,0,0,0
PGJUFZIHL_3075-4557-3587-5069,0,1,0,0,0,0,0,0,0
PGJUFZIHL_3438-3115-3950-3627,0,1,0,0,0,0,0,0,0
PGJUFZIHL_3432-2078-3944-2590,0,1,0,0,0,0,0,0,0
PGJUFZIHL_3514-1168-4026-1680,0,1,0,0,0,0,0,0,0
PGJUFZIHL_3514-1680-4026-2192,0,1,0,0,0,0,0,0,0
PGJUFZIHL_3438-3627-3950-4139,0,1,0,0,0,0,0,0,0
PGJUFZIHL_4026-1168-4538-1680,0,1,0,0,0,0,0,0,0
PGJUFZIHL_3950-3115-4462-3627,0,1,0,0,0,0,0,0,0
PGJUFZIHL_3587-4557-4099-5069,0,1,0,0,0,0,0,0,0
PGJUFZIHL_3944-2590-4456-3102,0,1,0,0,0,0,0,0,0
PGJUFZIHL_3944-1566-4456-2078,0,1,0,0,0,0,0,0,0
PGJUFZIHL_3950-3627-4462-4139,0,1,0,0,0,0,0,0,0
PGJUFZIHL_4099-4045-4611-4557,0,1,0,0,0,0,0,0,0
PGJUFZIHL_4026-2192-4538-2704,0,1,0,0,0,0,0,0,0
PGJUFZIHL_4099-4557-4611-5069,0,1,0,0,0,0,0,0,0
PGJUFZIHL_4456-1566-4968-2078,0,1,0,0,0,0,0,0,0
PGJUFZIHL_4611-4557-5123-5069,0,1,0,0,0,0,0,0,0
PGJUFZIHL_4456-3102-4968-3614,0,1,0,0,0,0,0,0,0
PGJUFZIHL_4611-4045-5123-4557,0,1,0,0,0,0,0,0,0
PGJUFZIHL_4538-1168-5050-1680,0,1,0,0,0,0,0,0,0
PGJUFZIHL_4456-2590-4968-3102,0,1,0,0,0,0,0,0,0
PGJUFZIHL_4968-2590-5480-3102,0,1,0,0,0,0,0,0,0
PGJUFZIHL_4968-3102-5480-3614,0,1,0,0,0,0,0,0,0
PGJUFZIHL_5050-1168-5562-1680,0,1,0,0,0,0,0,0,0
PGJUFZIHL_5392-662-5904-1174,0,1,0,0,0,0,0,0,0
PGJUFZIHL_5480-3102-5992-3614,0,1,0,0,0,0,0,0,0
PGJUFZIHL_5480-2078-5992-2590,0,1,0,0,0,0,0,0,0
PGJUFZIHL_5480-1566-5992-2078,0,1,0,0,0,0,0,0,0
PGJUFZIHL_5050-2192-5562-2704,0,1,0,0,0,0,0,0,0
PGJUFZIHL_5904-662-6416-1174,0,1,0,0,0,0,0,0,0
PGJUFZIHL_5992-1566-6504-2078,0,1,0,0,0,0,0,0,0
PGJUFZIHL_5050-656-5562-1168,0,1,0,0,0,0,0,0,0
PGJUFZIHL_5050-1680-5562-2192,0,1,0,0,0,0,0,0,0
PGJUFZIHL_954-1168-1466-1680,0,1,0,0,0,0,0,0,0
PGJUFZIHL_5992-3102-6504-3614,0,1,0,0,0,0,0,0,0
PGJUFZIHL_5992-2590-6504-3102,0,1,0,0,0,0,0,0,0
PGJUFZIHL_878-4139-1390-4651,0,1,0,0,0,0,0,0,0
PGJUFZIHL_5992-2078-6504-2590,0,1,0,0,0,0,0,0,0
PGJUFZIHL_954-656-1466-1168,0,1,0,0,0,0,0,0,0
PGJUFZIHL_954-1680-1466-2192,0,1,0,0,0,0,0,0,0
PGKPAENR4_1419-2466-1931-2978,0,0,0,0,0,1,0,0,0
PH18H49HH_3564-2843-4076-3355,0,0,0,0,0,0,1,0,0
PGKPAENR4_2976-384-3488-896,0,0,0,0,0,1,0,0,0
PGKPAENR4_2464-384-2976-896,0,0,0,0,0,1,0,0,0
PH18H49HH_4218-473-4730-985,0,0,0,0,0,0,1,0,0
PGKPAENR4_188-2751-700-3263,0,0,0,0,0,1,0,0,0
PH18H49HH_3706-473-4218-985,0,0,0,0,0,0,1,0,0
PGKPAENR4_326-2403-838-2915,0,0,0,0,0,1,0,0,0
PGKPAENR4_1931-2466-2443-2978,0,0,0,0,0,1,0,0,0
PH18H49HH_5312-1974-5824-2486,0,0,0,0,0,0,1,0,0
PH18H49HH_3052-2843-3564-3355,0,0,0,0,0,0,1,0,0
PHKBDKD9R_2644-6487-3156-6999,0,0,0,1,0,0,0,0,0
PHKBDKD9R_1184-7993-1696-8505,0,0,0,1,0,0,0,0,0
PHKBDKD9R_1184-6969-1696-7481,0,0,0,1,0,0,0,0,0
PHKBDKD9R_1184-6457-1696-6969,0,0,0,1,0,0,0,0,0
PHKBDKD9R_1184-7481-1696-7993,0,0,0,1,0,0,0,0,0
PHKBDKD9R_631-10242-1143-10754,0,0,0,1,0,0,0,0,0
PHKBDKD9R_672-6969-1184-7481,0,0,0,1,0,0,0,0,0
PHKBDKD9R_672-6457-1184-6969,0,0,0,1,0,0,0,0,0
PHUA2AIR3_10993-9053-11505-9565,0,1,0,0,0,0,0,0,0
PHUA2AIR3_10481-9053-10993-9565,0,1,0,0,0,0,0,0,0
PHUA2AIR3_10270-6439-10782-6951,0,1,0,0,0,0,0,0,0
PHKBDKD9R_672-7481-1184-7993,0,0,0,1,0,0,0,0,0
PHUA2AIR3_10465-6639-10977-7151,0,1,0,0,0,0,0,0,0
PHKBDKD9R_8848-4981-9360-5493,0,0,0,1,0,0,0,0,0
PHUA2AIR3_10465-7151-10977-7663,0,1,0,0,0,0,0,0,0
PHKBDKD9R_8088-5047-8600-5559,0,0,0,1,0,0,0,0,0
PHUA2AIR3_10459-570-10971-1082,0,1,0,0,0,0,0,0,0
PHUA2AIR3_11505-9053-12017-9565,0,1,0,0,0,0,0,0,0
PHUA2AIR3_11505-9565-12017-10077,0,1,0,0,0,0,0,0,0
PHUA2AIR3_2049-8643-2561-9155,0,0,0,0,0,0,1,0,0
PHUA2AIR3_11522-7581-12034-8093,0,1,0,0,0,0,0,0,0
PHUA2AIR3_1537-8643-2049-9155,0,0,0,0,0,0,1,0,0
PHUA2AIR3_2049-10179-2561-10691,0,0,0,0,0,0,1,0,0
PHUA2AIR3_2049-9667-2561-10179,0,0,0,0,0,0,1,0,0
PHUA2AIR3_2049-9155-2561-9667,0,0,0,0,0,0,1,0,0
PHUA2AIR3_5116-3118-5628-3630,0,1,0,0,0,0,0,0,0
PI7IBD72V_1813-1249-2325-1761,0,1,0,0,0,0,0,0,0
PHUA2AIR3_9969-9053-10481-9565,0,1,0,0,0,0,0,0,0
PHUYIERI8_406-5391-918-5903,0,0,1,0,0,0,0,0,0
PHUA2AIR3_9969-8541-10481-9053,0,1,0,0,0,0,0,0,0
PHUA2AIR3_5116-3630-5628-4142,0,1,0,0,0,0,0,0,0
PHUA2AIR3_5628-3630-6140-4142,0,1,0,0,0,0,0,0,0
PI7IBD72V_1301-1249-1813-1761,0,1,0,0,0,0,0,0,0
PI7IBD72V_1301-737-1813-1249,0,1,0,0,0,0,0,0,0
PI7IBD72V_1813-737-2325-1249,0,1,0,0,0,0,0,0,0
PI7IBD72V_3541-2058-4053-2570,0,1,0,0,0,0,0,0,0
PI7IBD72V_3764-1426-4276-1938,0,1,0,0,0,0,0,0,0
PI7IBD72V_3764-1938-4276-2450,0,1,0,0,0,0,0,0,0
PIR8RC419_2844-3812-3356-4324,0,0,0,0,1,0,0,0,0
PI7IBD72V_3764-914-4276-1426,0,1,0,0,0,0,0,0,0
PIR8RC419_295-950-807-1462,0,0,0,0,1,0,0,0,0
PIR8RC419_324-1680-836-2192,0,0,0,0,1,0,0,0,0
PIR8RC419_318-1322-830-1834,0,0,0,0,1,0,0,0,0
PIR8RC419_324-2400-836-2912,0,0,0,0,1,0,0,0,0
PIR8RC419_3874-2849-4386-3361,0,0,0,0,1,0,0,0,0
PIR8RC419_3774-3217-4286-3729,0,0,0,0,1,0,0,0,0
PIR8RC419_4049-1671-4561-2183,0,0,0,0,1,0,0,0,0
PIR8RC419_370-3108-882-3620,0,0,0,0,1,0,0,0,0
PIR8RC419_332-2035-844-2547,0,0,0,0,1,0,0,0,0
PIR8RC419_338-3467-850-3979,0,0,0,0,1,0,0,0,0
PIR8RC419_329-2759-841-3271,0,0,0,0,1,0,0,0,0
PIR8RC419_3937-2485-4449-2997,0,0,0,0,1,0,0,0,0
PIR8RC419_4184-1045-4696-1557,0,0,0,0,1,0,0,0,0
PIR8RC419_4107-1403-4619-1915,0,0,0,0,1,0,0,0,0
PIW6V6RA9_1536-7048-2048-7560,1,0,0,0,0,0,0,0,0
PIR8RC419_4247-506-4759-1018,0,0,0,0,1,0,0,0,0
PIVGNH27I_1851-3961-2363-4473,0,0,0,1,0,0,0,0,0
PIVGNH27I_2235-2156-2747-2668,0,0,0,1,0,0,0,0,0
PIW6V6RA9_1400-6640-1912-7152,1,0,0,0,0,0,0,0,0
PIW6V6RA9_3500-7941-4012-8453,1,0,0,0,0,0,0,0,0
PIW6V6RA9_3281-5028-3793-5540,1,0,0,0,0,0,0,0,0
PIW6V6RA9_2106-7810-2618-8322,1,0,0,0,0,0,0,0,0
PIW6V6RA9_4319-7941-4831-8453,1,0,0,0,0,0,0,0,0
PIW6V6RA9_4249-1099-4761-1611,1,0,0,0,0,0,0,0,0
PIW6V6RA9_4245-699-4757-1211,1,0,0,0,0,0,0,0,0
PIW6V6RA9_4438-363-4950-875,1,0,0,0,0,0,0,0,0
PKCEN2E9F_6520-3704-7032-4216,1,0,0,0,0,0,0,0,0
PIW6V6RA9_4831-7941-5343-8453,1,0,0,0,0,0,0,0,0
PIW6V6RA9_4722-292-5234-804,1,0,0,0,0,0,0,0,0
PIW6V6RA9_876-5783-1388-6295,1,0,0,0,0,0,0,0,0
PKKKYAVMB_1423-796-1935-1308,1,0,0,0,0,0,0,0,0
PKCEN2E9F_7032-3704-7544-4216,1,0,0,0,0,0,0,0,0
PKKKYAVMB_1935-796-2447-1308,1,0,0,0,0,0,0,0,0
PKKKYAVMB_1998-3358-2510-3870,1,0,0,0,0,0,0,0,0
PKKKYAVMB_1177-587-1689-1099,1,0,0,0,0,0,0,0,0
PKKKYAVMB_1998-2846-2510-3358,1,0,0,0,0,0,0,0,0
PKKKYAVMB_1998-3870-2510-4382,1,0,0,0,0,0,0,0,0
PKKKYAVMB_2447-1308-2959-1820,1,0,0,0,0,0,0,0,0
PKKKYAVMB_228-3201-740-3713,1,0,0,0,0,0,0,0,0
PKKKYAVMB_2447-796-2959-1308,1,0,0,0,0,0,0,0,0
PKKKYAVMB_2766-1124-3278-1636,1,0,0,0,0,0,0,0,0
PKKKYAVMB_2490-4207-3002-4719,1,0,0,0,0,0,0,0,0
PKKKYAVMB_2959-1308-3471-1820,1,0,0,0,0,0,0,0,0
PKKKYAVMB_2959-2332-3471-2844,1,0,0,0,0,0,0,0,0
PKKKYAVMB_2490-4719-3002-5231,1,0,0,0,0,0,0,0,0
PKKKYAVMB_3000-1668-3512-2180,1,0,0,0,0,0,0,0,0
PKKKYAVMB_3000-2692-3512-3204,1,0,0,0,0,0,0,0,0
PKKKYAVMB_3278-1124-3790-1636,1,0,0,0,0,0,0,0,0
PKKKYAVMB_3308-3670-3820-4182,1,0,0,0,0,0,0,0,0
PKKKYAVMB_3308-3158-3820-3670,1,0,0,0,0,0,0,0,0
PKKKYAVMB_3278-1636-3790-2148,1,0,0,0,0,0,0,0,0
PKKKYAVMB_3361-2705-3873-3217,1,0,0,0,0,0,0,0,0
PKKKYAVMB_3308-4182-3820-4694,1,0,0,0,0,0,0,0,0
PKKKYAVMB_3308-4694-3820-5206,1,0,0,0,0,0,0,0,0
PKKKYAVMB_372-2799-884-3311,1,0,0,0,0,0,0,0,0
PKKKYAVMB_3820-3158-4332-3670,1,0,0,0,0,0,0,0,0
PKKKYAVMB_3820-3670-4332-4182,1,0,0,0,0,0,0,0,0
PKKKYAVMB_3820-4182-4332-4694,1,0,0,0,0,0,0,0,0
PKKKYAVMB_388-313-900-825,1,0,0,0,0,0,0,0,0
PKKKYAVMB_3873-821-4385-1333,1,0,0,0,0,0,0,0,0
PKKKYAVMB_3959-4680-4471-5192,1,0,0,0,0,0,0,0,0
PKKKYAVMB_4270-1950-4782-2462,1,0,0,0,0,0,0,0,0
PKKKYAVMB_4699-2493-5211-3005,1,0,0,0,0,0,0,0,0
PKKKYAVMB_4270-1438-4782-1950,1,0,0,0,0,0,0,0,0
PKKKYAVMB_4699-3005-5211-3517,1,0,0,0,0,0,0,0,0
PKKKYAVMB_4699-3517-5211-4029,1,0,0,0,0,0,0,0,0
PKKKYAVMB_5211-2493-5723-3005,1,0,0,0,0,0,0,0,0
PKKKYAVMB_5211-3005-5723-3517,1,0,0,0,0,0,0,0,0
PKKKYAVMB_4699-4029-5211-4541,1,0,0,0,0,0,0,0,0
PKKKYAVMB_5211-3517-5723-4029,1,0,0,0,0,0,0,0,0
PKKKYAVMB_5211-4029-5723-4541,1,0,0,0,0,0,0,0,0
PKKKYAVMB_4699-4541-5211-5053,1,0,0,0,0,0,0,0,0
PKKKYAVMB_5211-4541-5723-5053,1,0,0,0,0,0,0,0,0
PKKKYAVMB_911-796-1423-1308,1,0,0,0,0,0,0,0,0
PKKN799QJ_2111-2484-2623-2996,1,0,0,0,0,0,0,0,0
PKKN799QJ_1035-2222-1547-2734,1,0,0,0,0,0,0,0,0
PLB8Q76YX_1037-2644-1549-3156,1,0,0,0,0,0,0,0,0
PKKN799QJ_3187-3347-3699-3859,1,0,0,0,0,0,0,0,0
PLB8Q76YX_1282-2952-1794-3464,1,0,0,0,0,0,0,0,0
PLTF961HU_11001-7094-11513-7606,0,0,0,0,0,1,0,0,0
PLTF961HU_10489-7094-11001-7606,0,0,0,0,0,1,0,0,0
PLB8Q76YX_670-2554-1182-3066,1,0,0,0,0,0,0,0,0
PLTF961HU_11538-7084-12050-7596,0,0,0,0,0,1,0,0,0
PLTF961HU_2521-5189-3033-5701,0,0,0,0,0,1,0,0,0
PLTF961HU_2958-4265-3470-4777,0,0,0,0,0,1,0,0,0
PLTF961HU_3470-4265-3982-4777,0,0,0,0,0,1,0,0,0
PLTF961HU_2521-5701-3033-6213,0,0,0,0,0,1,0,0,0
PLTF961HU_2887-1761-3399-2273,0,0,0,0,0,0,0,0,1
PLTF961HU_6030-7108-6542-7620,0,0,0,0,0,1,0,0,0
PLTF961HU_5518-7108-6030-7620,0,0,0,0,0,1,0,0,0
PLTF961HU_6542-7108-7054-7620,0,0,0,0,0,1,0,0,0
PLTF961HU_6068-5220-6580-5732,0,0,0,0,0,1,0,0,0
PLTF961HU_6580-5732-7092-6244,0,0,0,0,0,1,0,0,0
PLTF961HU_7054-7108-7566-7620,0,0,0,0,0,1,0,0,0
PLTF961HU_6580-5220-7092-5732,0,0,0,0,0,1,0,0,0
PLTF961HU_7566-7108-8078-7620,0,0,0,0,0,1,0,0,0
PLTF961HU_7338-2531-7850-3043,0,0,0,0,0,0,0,0,1
PLTF961HU_8078-7108-8590-7620,0,0,0,0,0,1,0,0,0
PLTF961HU_7163-6600-7675-7112,0,0,0,0,0,1,0,0,0
PLTF961HU_8788-6114-9300-6626,0,0,0,0,0,1,0,0,0
PLTF961HU_8276-6114-8788-6626,0,0,0,0,0,1,0,0,0
PLTF961HU_9977-7094-10489-7606,0,0,0,0,0,1,0,0,0
PLXWGUAWE_2071-2301-2583-2813,0,0,1,0,0,0,0,0,0
PLWCC328E_6536-3899-7048-4411,0,0,0,0,0,0,0,0,1
PLTF961HU_9465-7094-9977-7606,0,0,0,0,0,1,0,0,0
PLWCC328E_6024-3899-6536-4411,0,0,0,0,0,0,0,0,1
PLXWGUAWE_2868-1751-3380-2263,0,0,1,0,0,0,0,0,0
PLTF961HU_8953-7094-9465-7606,0,0,0,0,0,1,0,0,0
PLXWGUAWE_2868-2263-3380-2775,0,0,1,0,0,0,0,0,0
PLXWGUAWE_3199-1142-3711-1654,0,0,1,0,0,0,0,0,0
PLXWGUAWE_3380-1751-3892-2263,0,0,1,0,0,0,0,0,0
PLXWGUAWE_3892-1751-4404-2263,0,0,1,0,0,0,0,0,0
PLXWGUAWE_3494-1021-4006-1533,0,0,1,0,0,0,0,0,0
PLXWGUAWE_3380-2263-3892-2775,0,0,1,0,0,1,0,0,0
PLXWGUAWE_3680-1367-4192-1879,0,0,1,0,0,0,0,0,0
PLXWGUAWE_3494-509-4006-1021,0,0,1,0,0,0,0,0,0
PLXWGUAWE_4006-1021-4518-1533,0,0,1,0,0,0,0,0,0
PLXWGUAWE_3892-2263-4404-2775,0,0,1,0,0,0,0,0,0
PLXWGUAWE_4006-509-4518-1021,0,0,1,0,0,0,0,0,0
PLXWGUAWE_4518-509-5030-1021,0,0,1,0,0,0,0,0,0
PLXWGUAWE_4188-1477-4700-1989,0,0,1,0,0,0,0,0,0
PLXWGUAWE_4181-2633-4693-3145,0,0,1,0,0,0,0,0,0
PLXWGUAWE_4404-1751-4916-2263,0,0,1,0,0,0,0,0,0
PLXWGUAWE_4518-1021-5030-1533,0,0,1,0,0,0,0,0,0
PLXWGUAWE_4693-2633-5205-3145,0,0,1,0,0,1,0,0,0
PLXWGUAWE_4404-2263-4916-2775,0,0,1,0,0,0,0,0,0
PLXWGUAWE_4899-554-5411-1066,0,0,1,0,0,1,0,0,0
PLXWGUAWE_4869-2430-5381-2942,0,0,1,0,0,1,0,0,0
PNT3A28LP_1118-6094-1630-6606,0,1,0,0,0,0,0,0,0
PNT3A28LP_1118-5070-1630-5582,0,1,0,0,0,0,0,0,0
PNT3A28LP_1118-6606-1630-7118,0,1,0,0,0,0,0,0,0
PNT3A28LP_1118-5582-1630-6094,0,1,0,0,0,0,0,0,0
PNT3A28LP_1118-7630-1630-8142,0,1,0,0,0,0,0,0,0
PNT3A28LP_1118-8142-1630-8654,0,1,0,0,0,0,0,0,0
PNT3A28LP_1118-7118-1630-7630,0,1,0,0,0,0,0,0,0
PNT3A28LP_1340-7324-1852-7836,0,1,0,0,0,0,0,0,0
PNT3A28LP_1340-7836-1852-8348,0,1,0,0,0,0,0,0,0
PNT3A28LP_1451-8678-1963-9190,0,1,0,0,0,0,0,0,0
PNT3A28LP_2046-2584-2558-3096,0,1,0,0,0,0,0,0,0
PNT3A28LP_1663-5674-2175-6186,0,1,0,0,0,0,0,0,0
PNT3A28LP_1914-8908-2426-9420,0,1,0,0,0,0,0,0,0
PNT3A28LP_1663-6186-2175-6698,0,1,0,0,0,0,0,0,0
PNT3A28LP_1656-4925-2168-5437,0,1,0,0,0,0,0,0,0
PNT3A28LP_1340-8348-1852-8860,0,1,0,0,0,0,0,0,0
PNT3A28LP_2046-3096-2558-3608,0,1,0,0,0,0,0,0,0
PNT3A28LP_2046-3608-2558-4120,0,1,0,0,0,0,0,0,0
PNT3A28LP_2301-2242-2813-2754,0,1,0,0,0,0,0,0,0
PNT3A28LP_2240-8168-2752-8680,0,1,0,0,0,0,0,0,0
PNT3A28LP_2168-4925-2680-5437,0,1,0,0,0,0,0,0,0
PNT3A28LP_2046-4120-2558-4632,0,1,0,0,0,0,0,0,0
PNT3A28LP_2301-3778-2813-4290,0,1,0,0,0,0,0,0,0
PNT3A28LP_2399-5652-2911-6164,0,1,0,0,0,0,0,0,0
PNT3A28LP_2469-8606-2981-9118,0,1,0,0,0,0,0,0,0
PNT3A28LP_2426-8908-2938-9420,0,1,0,0,0,0,0,0,0
PNT3A28LP_2518-2453-3030-2965,0,1,0,0,0,0,0,0,0
PNT3A28LP_2587-5107-3099-5619,0,1,0,0,0,0,0,0,0
PNT3A28LP_2612-1805-3124-2317,0,1,0,0,0,0,0,0,0
PNT3A28LP_2760-1567-3272-2079,0,1,0,0,0,0,0,0,0
PNT3A28LP_2587-6131-3099-6643,0,1,0,0,0,0,0,0,0
PNT3A28LP_2573-3266-3085-3778,0,1,0,0,0,0,0,0,0
PNT3A28LP_2573-2754-3085-3266,0,1,0,0,0,0,0,0,0
PNT3A28LP_2573-4290-3085-4802,0,1,0,0,0,0,0,0,0
PNT3A28LP_2760-2079-3272-2591,0,1,0,0,0,0,0,0,0
PNT3A28LP_2781-5625-3293-6137,0,1,0,0,0,0,0,0,0
PNT3A28LP_2760-3103-3272-3615,0,1,0,0,0,0,0,0,0
PNT3A28LP_2781-7161-3293-7673,0,1,0,0,0,0,0,0,0
PNT3A28LP_2760-2591-3272-3103,0,1,0,0,0,0,0,0,0
PNT3A28LP_2781-6649-3293-7161,0,1,0,0,0,0,0,0,0
PNT3A28LP_2781-8697-3293-9209,0,1,0,0,0,0,0,0,0
PNT3A28LP_2781-8185-3293-8697,0,1,0,0,0,0,0,0,0
PNT3A28LP_2781-7673-3293-8185,0,1,0,0,0,0,0,0,0
PNT3A28LP_2937-5291-3449-5803,0,1,0,0,0,0,0,0,0
PNT3A28LP_2937-5803-3449-6315,0,1,0,0,0,0,0,0,0
PNT3A28LP_2981-8327-3493-8839,0,1,0,0,0,0,0,0,0
PNT3A28LP_2981-7815-3493-8327,0,1,0,0,0,0,0,0,0
PNT3A28LP_2981-7303-3493-7815,0,1,0,0,0,0,0,0,0
PNT3A28LP_3050-4274-3562-4786,0,1,0,0,0,0,0,0,0
PNT3A28LP_2986-1417-3498-1929,0,1,0,0,0,0,0,0,0
PNT3A28LP_3137-6726-3649-7238,0,1,0,0,0,0,0,0,0
PNT3A28LP_2937-6315-3449-6827,0,1,0,0,0,0,0,0,0
PNT3A28LP_3157-2303-3669-2815,0,1,0,0,0,0,0,0,0
PNT3A28LP_3157-3327-3669-3839,0,1,0,0,0,0,0,0,0
PNT3A28LP_3157-3839-3669-4351,0,1,0,0,0,0,0,0,0
PNT3A28LP_3293-5009-3805-5521,0,1,0,0,0,0,0,0,0
PNT3A28LP_3157-1791-3669-2303,0,1,0,0,0,0,0,0,0
PNT3A28LP_3157-2815-3669-3327,0,1,0,0,0,0,0,0,0
PNT3A28LP_3293-6545-3805-7057,0,1,0,0,0,0,0,0,0
PNT3A28LP_3293-6033-3805-6545,0,1,0,0,0,0,0,0,0
PNT3A28LP_3293-5521-3805-6033,0,1,0,0,0,0,0,0,0
PNT3A28LP_3342-7298-3854-7810,0,1,0,0,0,0,0,0,0
PNT3A28LP_3506-6744-4018-7256,0,1,0,0,0,0,0,0,0
PNT3A28LP_3506-5720-4018-6232,0,1,0,0,0,0,0,0,0
PNT3A28LP_3506-5208-4018-5720,0,1,0,0,0,0,0,0,0
PNT3A28LP_3506-6232-4018-6744,0,1,0,0,0,0,0,0,0
PNT3A28LP_3669-1791-4181-2303,0,1,0,0,0,0,0,0,0
PNT3A28LP_3669-2303-4181-2815,0,1,0,0,0,0,0,0,0
PNT3A28LP_3669-2815-4181-3327,0,1,0,0,0,0,0,0,0
PNT3A28LP_3669-1279-4181-1791,0,1,0,0,0,0,0,0,0
PNT3A28LP_3669-4351-4181-4863,0,1,0,0,0,0,0,0,0
PNT3A28LP_3696-7710-4208-8222,0,1,0,0,0,0,0,0,0
PNT3A28LP_4123-7842-4635-8354,0,1,0,0,0,0,0,0,0
PNT3A28LP_3704-4925-4216-5437,0,1,0,0,0,0,0,0,0
PNT3A28LP_3669-3839-4181-4351,0,1,0,0,0,0,0,0,0
PNT3A28LP_3696-7198-4208-7710,0,1,0,0,0,0,0,0,0
PNT3A28LP_3908-8203-4420-8715,0,1,0,0,0,0,0,0,0
PNT3A28LP_3669-3327-4181-3839,0,1,0,0,0,0,0,0,0
PNT3A28LP_4079-7433-4591-7945,0,1,0,0,0,0,0,0,0
PNT3A28LP_4123-8354-4635-8866,0,1,0,0,0,0,0,0,0
PNT3A28LP_4185-5333-4697-5845,0,1,0,0,0,0,0,0,0
PNT3A28LP_4185-5845-4697-6357,0,1,0,0,0,0,0,0,0
PNT3A28LP_4185-6869-4697-7381,0,1,0,0,0,0,0,0,0
PNT3A28LP_4400-7335-4912-7847,0,1,0,0,0,0,0,0,0
PNT3A28LP_4185-6357-4697-6869,0,1,0,0,0,0,0,0,0
PNT3A28LP_4399-5222-4911-5734,0,1,0,0,0,0,0,0,0
PNT3A28LP_4399-6246-4911-6758,0,1,0,0,0,0,0,0,0
PNT3A28LP_4400-7847-4912-8359,0,1,0,0,0,0,0,0,0
PNT3A28LP_4528-2386-5040-2898,0,1,0,0,0,0,0,0,0
PNT3A28LP_4670-3110-5182-3622,0,1,0,0,0,0,0,0,0
PNT3A28LP_4400-8359-4912-8871,0,1,0,0,0,0,0,0,0
PNT3A28LP_4528-3410-5040-3922,0,1,0,0,0,0,0,0,0
PNT3A28LP_4670-3622-5182-4134,0,1,0,0,0,0,0,0,0
PNT3A28LP_4670-2598-5182-3110,0,1,0,0,0,0,0,0,0
PNT3A28LP_4650-1332-5162-1844,0,1,0,0,0,0,0,0,0
PNT3A28LP_4650-1844-5162-2356,0,1,0,0,0,0,0,0,0
PNT3A28LP_4528-2898-5040-3410,0,1,0,0,0,0,0,0,0
PNT3A28LP_4723-3936-5235-4448,0,1,0,0,0,0,0,0,0
PNT3A28LP_4723-4448-5235-4960,0,1,0,0,0,0,0,0,0
PNT3A28LP_4912-7847-5424-8359,0,1,0,0,0,0,0,0,0
PNT3A28LP_4723-5472-5235-5984,0,1,0,0,0,0,0,0,0
PNT3A28LP_4723-4960-5235-5472,0,1,0,0,0,0,0,0,0
PNT3A28LP_4912-8359-5424-8871,0,1,0,0,0,0,0,0,0
PNT3A28LP_4917-1975-5429-2487,0,1,0,0,0,0,0,0,0
PNT3A28LP_4917-1463-5429-1975,0,1,0,0,0,0,0,0,0
PNT3A28LP_4917-3511-5429-4023,0,1,0,0,0,0,0,0,0
PNT3A28LP_5038-2427-5550-2939,0,1,0,0,0,0,0,0,0
PNT3A28LP_5038-2939-5550-3451,0,1,0,0,0,0,0,0,0
PNT3A28LP_5090-3751-5602-4263,0,1,0,0,0,0,0,0,0
PNT3A28LP_5090-4775-5602-5287,0,1,0,0,0,0,0,0,0
PNT3A28LP_5090-4263-5602-4775,0,1,0,0,0,0,0,0,0
PNT3A28LP_5127-6611-5639-7123,0,1,0,0,0,0,0,0,0
PNT3A28LP_5090-5287-5602-5799,0,1,0,0,0,0,0,0,0
PNT3A28LP_5127-6099-5639-6611,0,1,0,0,0,0,0,0,0
PNT3A28LP_5127-7123-5639-7635,0,1,0,0,0,0,0,0,0
PNT3A28LP_5127-8147-5639-8659,0,1,0,0,0,0,0,0,0
PNT3A28LP_537-5456-1049-5968,0,1,0,0,0,0,0,0,0
PNT3A28LP_5174-1884-5686-2396,0,1,0,0,0,0,0,0,0
PNT3A28LP_5188-2225-5700-2737,0,1,0,0,0,0,0,0,0
PNT3A28LP_5188-3249-5700-3761,0,1,0,0,0,0,0,0,0
PNT3A28LP_5188-2737-5700-3249,0,1,0,0,0,0,0,0,0
PNT3A28LP_537-5968-1049-6480,0,1,0,0,0,0,0,0,0
PNT3A28LP_537-6480-1049-6992,0,1,0,0,0,0,0,0,0
PNT3A28LP_5380-1517-5892-2029,0,1,0,0,0,0,0,0,0
PNT3A28LP_537-7504-1049-8016,0,1,0,0,0,0,0,0,0
PNT3A28LP_537-6992-1049-7504,0,1,0,0,0,0,0,0,0
PNT3A28LP_5380-2029-5892-2541,0,1,0,0,0,0,0,0,0
PNT3A28LP_537-8016-1049-8528,0,1,0,0,0,0,0,0,0
PNT3A28LP_5380-2541-5892-3053,0,1,0,0,0,0,0,0,0
PNT3A28LP_5380-4589-5892-5101,0,1,0,0,0,0,0,0,0
PNT3A28LP_5380-3565-5892-4077,0,1,0,0,0,0,0,0,0
PNT3A28LP_5380-3053-5892-3565,0,1,0,0,0,0,0,0,0
PNT3A28LP_5380-4077-5892-4589,0,1,0,0,0,0,0,0,0
PNT3A28LP_5380-7661-5892-8173,0,1,0,0,0,0,0,0,0
PNT3A28LP_5380-5101-5892-5613,0,1,0,0,0,0,0,0,0
PNT3A28LP_5658-2484-6170-2996,0,1,0,0,0,0,0,0,0
PNT3A28LP_5380-5613-5892-6125,0,1,0,0,0,0,0,0,0
PNT3A28LP_5556-1806-6068-2318,0,1,0,0,0,0,0,0,0
PNT3A28LP_5658-4532-6170-5044,0,1,0,0,0,0,0,0,0
PNT3A28LP_5658-2996-6170-3508,0,1,0,0,0,0,0,0,0
PNT3A28LP_5658-5044-6170-5556,0,1,0,0,0,0,0,0,0
PNT3A28LP_5658-6580-6170-7092,0,1,0,0,0,0,0,0,0
PNT3A28LP_5758-3292-6270-3804,0,1,0,0,0,0,0,0,0
PNT3A28LP_5658-5556-6170-6068,0,1,0,0,0,0,0,0,0
PNT3A28LP_5758-3804-6270-4316,0,1,0,0,0,0,0,0,0
PNT3A28LP_5658-7092-6170-7604,0,1,0,0,0,0,0,0,0
PNT3A28LP_5658-7604-6170-8116,0,1,0,0,0,0,0,0,0
PNT3A28LP_5893-5195-6405-5707,0,1,0,0,0,0,0,0,0
PNT3A28LP_5658-6068-6170-6580,0,1,0,0,0,0,0,0,0
PNT3A28LP_5732-8167-6244-8679,0,1,0,0,0,0,0,0,0
PNT3A28LP_5893-5707-6405-6219,0,1,0,0,0,0,0,0,0
PNT3A28LP_5893-7243-6405-7755,0,1,0,0,0,0,0,0,0
PNT3A28LP_5893-7755-6405-8267,0,1,0,0,0,0,0,0,0
PNT3A28LP_5893-6219-6405-6731,0,1,0,0,0,0,0,0,0
PNT3A28LP_5973-2735-6485-3247,0,1,0,0,0,0,0,0,0
PNT3A28LP_5893-6731-6405-7243,0,1,0,0,0,0,0,0,0
PNT3A28LP_6018-4599-6530-5111,0,1,0,0,0,0,0,0,0
PNT3A28LP_6018-4087-6530-4599,0,1,0,0,0,0,0,0,0
PNT3A28LP_6018-3063-6530-3575,0,1,0,0,0,0,0,0,0
PNT3A28LP_6080-3458-6592-3970,0,1,0,0,0,0,0,0,0
PNT3A28LP_6080-1922-6592-2434,0,1,0,0,0,0,0,0,0
PNT3A28LP_6318-4258-6830-4770,0,1,0,0,0,0,0,0,0
PNT3A28LP_6080-2434-6592-2946,0,1,0,0,0,0,0,0,0
PNT3A28LP_6079-8118-6591-8630,0,1,0,0,0,0,0,0,0
PNT3A28LP_6318-4770-6830-5282,0,1,0,0,0,0,0,0,0
PNT3A28LP_6318-3746-6830-4258,0,1,0,0,0,0,0,0,0
PNT3A28LP_6318-6306-6830-6818,0,1,0,0,0,0,0,0,0
PNT3A28LP_6318-5282-6830-5794,0,1,0,0,0,0,0,0,0
PNT3A28LP_6318-5794-6830-6306,0,1,0,0,0,0,0,0,0
PNT3A28LP_6490-4976-7002-5488,0,1,0,0,0,0,0,0,0
PNT3A28LP_632-4925-1144-5437,0,1,0,0,0,0,0,0,0
PNT3A28LP_6490-5488-7002-6000,0,1,0,0,0,0,0,0,0
PNT3A28LP_6490-7024-7002-7536,0,1,0,0,0,0,0,0,0
PNT3A28LP_6490-6512-7002-7024,0,1,0,0,0,0,0,0,0
PNT3A28LP_6490-6000-7002-6512,0,1,0,0,0,0,0,0,0
PNT3A28LP_6490-7536-7002-8048,0,1,0,0,0,0,0,0,0
PNT3A28LP_6490-8048-7002-8560,0,1,0,0,0,0,0,0,0
PNT3A28LP_6837-2354-7349-2866,0,1,0,0,0,0,0,0,0
PNT3A28LP_6592-1922-7104-2434,0,1,0,0,0,0,0,0,0
PNT3A28LP_6765-2823-7277-3335,0,1,0,0,0,0,0,0,0
PNT3A28LP_6592-3458-7104-3970,0,1,0,0,0,0,0,0,0
PNT3A28LP_6592-4482-7104-4994,0,1,0,0,0,0,0,0,0
PNT3A28LP_6524-2741-7036-3253,0,1,0,0,0,0,0,0,0
PNT3A28LP_6592-3970-7104-4482,0,1,0,0,0,0,0,0,0
PNT3A28LP_6592-2434-7104-2946,0,1,0,0,0,0,0,0,0
PNT3A28LP_7002-4464-7514-4976,0,1,0,0,0,0,0,0,0
PNT3A28LP_7002-4976-7514-5488,0,1,0,0,0,0,0,0,0
PNT3A28LP_7002-5488-7514-6000,0,1,0,0,0,0,0,0,0
PNT3A28LP_7002-6000-7514-6512,0,1,0,0,0,0,0,0,0
PNT3A28LP_7002-6512-7514-7024,0,1,0,0,0,0,0,0,0
PNT3A28LP_7002-7024-7514-7536,0,1,0,0,0,0,0,0,0
PNT3A28LP_7002-7536-7514-8048,0,1,0,0,0,0,0,0,0
PNT3A28LP_7002-8048-7514-8560,0,1,0,0,0,0,0,0,0
PNT3A28LP_788-7198-1300-7710,0,1,0,0,0,0,0,0,0
PNT3A28LP_788-7710-1300-8222,0,1,0,0,0,0,0,0,0
PNT3A28LP_942-6380-1454-6892,0,1,0,0,0,0,0,0,0
PNT3A28LP_942-6892-1454-7404,0,1,0,0,0,0,0,0,0
PNT3A28LP_942-5868-1454-6380,0,1,0,0,0,0,0,0,0
PNT3A28LP_939-8678-1451-9190,0,1,0,0,0,0,0,0,0
PNT3A28LP_942-5356-1454-5868,0,1,0,0,0,0,0,0,0
PPTFPLPAP_2548-1121-3060-1633,0,0,1,0,0,0,0,0,0
PNT3A28LP_942-7404-1454-7916,0,1,0,0,0,0,0,0,0
PNV1R6NIW_1265-2280-1777-2792,0,0,0,0,0,0,0,0,1
PNT3A28LP_942-7916-1454-8428,0,1,0,0,0,0,0,0,0
PPTFPLPAP_2548-1633-3060-2145,0,0,1,0,0,0,0,0,0
PPTFPLPAP_2548-609-3060-1121,0,0,1,0,0,0,0,0,0
PQ3CEZ363_2373-1030-2885-1542,0,0,0,0,0,0,0,0,1
PQ3CEZ363_5165-3517-5677-4029,0,0,0,0,0,0,0,0,1
PQCRGBAZI_3225-673-3737-1185,0,0,0,0,0,0,0,0,1
PQCRGBAZI_2834-3405-3346-3917,0,0,0,0,0,0,0,0,1
PQ3CEZ363_6496-6715-7008-7227,0,0,0,0,0,0,0,0,1
PQCRGBAZI_4344-3497-4856-4009,0,0,0,0,0,0,0,0,1
PQCRGBAZI_3543-843-4055-1355,0,0,0,0,0,0,0,0,1
PQCRGBAZI_3707-1487-4219-1999,0,0,0,0,0,0,0,0,1
PQCRGBAZI_3331-3509-3843-4021,0,0,0,0,0,0,0,0,1
PQCRGBAZI_4000-2223-4512-2735,0,0,0,0,0,0,0,0,1
PQCRGBAZI_4364-3195-4876-3707,0,0,0,0,0,0,0,0,1
PQCRGBAZI_3749-996-4261-1508,0,0,0,0,0,0,0,0,1
PQCRGBAZI_3893-1708-4405-2220,0,0,0,0,0,0,0,0,1
PQCRGBAZI_4568-1802-5080-2314,0,0,0,0,0,0,0,0,1
PQCRGBAZI_4111-1855-4623-2367,0,0,0,0,0,0,0,0,1
PQTJHLJDM_316-635-828-1147,0,0,0,0,0,1,0,0,0
PRDMZBXCT_1678-2733-2190-3245,0,0,0,0,0,1,0,0,0
PRDMZBXCT_2190-2733-2702-3245,0,0,0,0,0,1,0,0,0
PRDMZBXCT_1964-2625-2476-3137,0,0,0,0,0,1,0,0,0
PRDMZBXCT_253-2710-765-3222,0,0,0,0,0,1,0,0,0
PRDMZBXCT_262-324-774-836,0,0,0,0,0,1,0,0,0
PRDMZBXCT_360-1162-872-1674,0,0,0,0,0,1,0,0,0
PRDMZBXCT_2754-408-3266-920,0,0,0,0,0,1,0,0,0
PRDMZBXCT_360-1674-872-2186,0,0,0,0,0,1,0,0,0
PRDMZBXCT_5007-759-5519-1271,0,0,0,0,0,1,0,0,0
PRDMZBXCT_4944-2430-5456-2942,0,0,0,0,0,1,0,0,0
PRDMZBXCT_4962-1962-5474-2474,0,0,0,0,0,1,0,0,0
PRDMZBXCT_360-650-872-1162,0,0,0,0,0,1,0,0,0
PRDMZBXCT_4994-1046-5506-1558,0,0,0,0,0,1,0,0,0
PTM4JLPBC_1354-3425-1866-3937,0,0,0,0,0,0,0,0,1
PTM4JLPBC_2025-3497-2537-4009,0,0,0,0,0,0,0,0,1
PRDMZBXCT_5083-2879-5595-3391,0,0,0,0,0,1,0,0,0
PRDMZBXCT_4981-1387-5493-1899,0,0,0,0,0,1,0,0,0
PTM4JLPBC_2789-2818-3301-3330,0,0,0,0,0,0,0,0,1
PTM4JLPBC_3784-2430-4296-2942,0,0,0,0,0,0,0,0,1
PTM4JLPBC_3486-2136-3998-2648,0,0,0,0,0,0,0,0,1
PTM4JLPBC_2980-11389-3492-11901,0,0,0,0,0,0,0,0,1
PTM4JLPBC_3607-6524-4119-7036,0,0,0,0,0,0,0,0,1
PTM4JLPBC_3784-2942-4296-3454,0,0,0,0,0,0,0,0,1
PTM4JLPBC_3784-3966-4296-4478,0,0,0,0,0,0,0,0,1
PTM4JLPBC_3787-7994-4299-8506,0,0,0,0,0,0,0,0,1
PTM4JLPBC_4538-7973-5050-8485,0,0,0,0,0,0,0,0,1
PTM4JLPBC_4724-1125-5236-1637,0,0,0,0,0,0,0,0,1
PTM4JLPBC_4462-1076-4974-1588,0,0,0,0,0,0,0,0,1
PTM4JLPBC_5204-4420-5716-4932,0,0,0,0,0,0,0,0,1
PTM4JLPBC_4217-10123-4729-10635,0,0,0,0,0,0,0,0,1
PTM4JLPBC_469-4404-981-4916,0,0,0,0,0,0,0,0,1
PTM4JLPBC_4538-8485-5050-8997,0,0,0,0,0,0,0,0,1
PTM4JLPBC_4916-967-5428-1479,0,0,0,0,0,0,0,0,1
PTM4JLPBC_3930-13170-4442-13682,0,0,0,0,0,0,0,0,1
PTM4JLPBC_5701-9241-6213-9753,0,0,0,0,0,0,0,0,1
PTM4JLPBC_5701-9753-6213-10265,0,0,0,0,0,0,0,0,1
PTM4JLPBC_5735-4708-6247-5220,0,0,0,0,0,0,0,0,1
PU81T442A_1510-4200-2022-4712,0,0,0,1,0,0,0,0,0
PTM4JLPBC_954-3432-1466-3944,0,0,0,0,0,0,0,0,1
PU81T442A_1641-3328-2153-3840,0,0,0,1,0,0,0,0,0
PU81T442A_2022-4200-2534-4712,0,0,0,1,0,0,0,0,0
PU81T442A_2674-2778-3186-3290,0,0,0,1,0,0,0,0,0
PU81T442A_2674-2266-3186-2778,0,0,0,1,0,0,0,0,0
PU81T442A_3646-1533-4158-2045,0,0,0,1,0,0,0,0,0
PU81T442A_3011-4121-3523-4633,0,0,0,1,0,0,0,0,0
PU81T442A_2674-3290-3186-3802,0,0,0,1,0,0,0,0,0
PU81T442A_3646-1021-4158-1533,0,0,0,1,0,0,0,0,0
PU81T442A_4059-5025-4571-5537,0,0,0,1,0,0,0,0,0
PU81T442A_3186-3290-3698-3802,0,0,0,1,0,0,0,0,0
PU81T442A_4059-5537-4571-6049,0,0,0,1,0,0,0,0,0
PU81T442A_3186-2266-3698-2778,0,0,0,1,0,0,0,0,0
PU81T442A_3186-2778-3698-3290,0,0,0,1,0,0,0,0,0
PU81T442A_4158-1021-4670-1533,0,0,0,1,0,0,0,0,0
PU81T442A_4158-1533-4670-2045,0,0,0,1,0,0,0,0,0
PU81T442A_4204-4273-4716-4785,0,0,0,1,0,0,0,0,0
PU81T442A_4571-5025-5083-5537,0,0,0,1,0,0,0,0,0
PU81T442A_4843-522-5355-1034,0,0,0,1,0,0,0,0,0
PU81T442A_4571-5537-5083-6049,0,0,0,1,0,0,0,0,0
PU81T442A_5083-5025-5595-5537,0,0,0,1,0,0,0,0,0
PU81T442A_5101-1192-5613-1704,0,0,0,1,0,0,0,0,0
PU81T442A_5083-5537-5595-6049,0,0,0,1,0,0,0,0,0
PU81T442A_6125-1192-6637-1704,0,0,0,1,0,0,0,0,0
PU81T442A_5341-5392-5853-5904,0,0,0,1,0,0,0,0,0
PU81T442A_6839-2750-7351-3262,0,0,0,1,0,0,0,0,0
PU81T442A_5613-1192-6125-1704,0,0,0,1,0,0,0,0,0
PU81T442A_6637-1192-7149-1704,0,0,0,1,0,0,0,0,0
PU81T442A_6585-4297-7097-4809,0,0,0,1,0,0,0,0,0
PU81T442A_6839-2238-7351-2750,0,0,0,1,0,0,0,0,0
PU81T442A_6073-4297-6585-4809,0,0,0,1,0,0,0,0,0
PU81T442A_6283-700-6795-1212,0,0,0,1,0,0,0,0,0
PU81T442A_6973-1017-7485-1529,0,0,0,1,0,0,0,0,0
PU81T442A_7351-2238-7863-2750,0,0,0,1,0,0,0,0,0
PU81T442A_7322-1502-7834-2014,0,0,0,1,0,0,0,0,0
PU81T442A_7351-2750-7863-3262,0,0,0,1,0,0,0,0,0
PU81T442A_7026-3466-7538-3978,0,0,0,1,0,0,0,0,0
PU81T442A_7834-1502-8346-2014,0,0,0,1,0,0,0,0,0
PU81T442A_8174-4957-8686-5469,0,0,0,1,0,0,0,0,0
PU81T442A_7834-2014-8346-2526,0,0,0,1,0,0,0,0,0
PU81T442A_8174-5469-8686-5981,0,0,0,1,0,0,0,0,0
PU81T442A_8686-5981-9198-6493,0,0,0,1,0,0,0,0,0
PU81T442A_8402-7333-8914-7845,0,0,0,1,0,0,0,0,0
PU81T442A_8686-4957-9198-5469,0,0,0,1,0,0,0,0,0
PUPLN7TRI_709-2974-1221-3486,0,0,0,0,1,0,0,0,0
PUPLN7TRI_717-1509-1229-2021,0,0,0,0,1,0,0,0,0
PU81T442A_8517-1622-9029-2134,0,0,0,1,0,0,0,0,0
PU8LJKGKD_384-863-896-1375,1,0,0,0,0,0,0,0,0
PWTJEG3IU_1115-3089-1627-3601,0,0,0,0,1,0,0,0,0
PUXKTN91M_2212-2482-2724-2994,0,0,1,0,0,0,0,0,0
PWTJEG3IU_1115-3601-1627-4113,0,0,0,0,1,0,0,0,0
PWTJEG3IU_3267-3390-3779-3902,0,0,0,0,1,0,0,0,0
PWTJEG3IU_3267-2878-3779-3390,0,0,0,0,1,0,0,0,0
PWTJEG3IU_4292-1178-4804-1690,0,0,0,0,1,0,0,0,0
PWTJEG3IU_3212-2498-3724-3010,0,0,0,0,1,0,0,0,0
PWTJEG3IU_603-3089-1115-3601,0,0,0,0,1,0,0,0,0
PWTJEG3IU_603-3601-1115-4113,0,0,0,0,1,0,0,0,0
PWTJEG3IU_731-1625-1243-2137,0,0,0,0,1,0,0,0,0
PY1LU7YF8_6308-3237-6820-3749,0,0,0,0,0,0,1,0,0
PWTJEG3IU_744-921-1256-1433,0,0,0,0,1,0,0,0,0
PY1LU7YF8_6308-3749-6820-4261,0,0,0,0,0,0,1,0,0
PWTJEG3IU_853-2713-1365-3225,0,0,0,0,1,0,0,0,0
PWTJEG3IU_792-3874-1304-4386,0,0,0,0,1,0,0,0,0
PY1LU7YF8_6308-4261-6820-4773,0,0,0,0,0,0,1,0,0
PWTJEG3IU_6259-3790-6771-4302,0,0,0,0,1,0,0,0,0
PY1LU7YF8_5796-4261-6308-4773,0,0,0,0,0,0,1,0,0
PY1LU7YF8_6820-1189-7332-1701,0,0,0,0,0,0,1,0,0
PY1LU7YF8_6820-1701-7332-2213,0,0,0,0,0,0,1,0,0
PY1LU7YF8_6820-2213-7332-2725,0,0,0,0,0,0,1,0,0
PY1LU7YF8_6820-3237-7332-3749,0,0,0,0,0,0,1,0,0
PY1LU7YF8_7332-2725-7844-3237,0,0,0,0,0,0,1,0,0
PY1LU7YF8_6820-2725-7332-3237,0,0,0,0,0,0,1,0,0
PY1LU7YF8_6820-677-7332-1189,0,0,0,0,0,0,1,0,0
PY1LU7YF8_7844-2725-8356-3237,0,0,0,0,0,0,1,0,0
Q1PVN4ABJ_1001-13880-1513-14392,0,1,0,0,0,0,0,0,0
PY1LU7YF8_8356-2725-8868-3237,0,0,0,0,0,0,1,0,0
PYFTEEUNL_603-4041-1115-4553,0,0,0,0,0,1,0,0,0
PYYV7B47N_1686-11763-2198-12275,0,0,0,0,0,0,0,0,1
Q1PVN4ABJ_10280-9057-10792-9569,0,1,0,0,0,0,0,0,0
Q1PVN4ABJ_1001-13368-1513-13880,0,1,0,0,0,0,0,0,0
PYYV7B47N_1768-8790-2280-9302,0,0,0,0,0,0,0,0,1
PYFTEEUNL_9784-3918-10296-4430,0,0,0,0,0,1,0,0,0
Q1PVN4ABJ_10111-4444-10623-4956,0,1,0,0,0,0,0,0,0
Q1PVN4ABJ_10111-5468-10623-5980,0,1,0,0,0,0,0,0,0
Q1PVN4ABJ_10305-4945-10817-5457,0,1,0,0,0,0,0,0,0
Q1PVN4ABJ_10382-5400-10894-5912,0,1,0,0,0,0,0,0,0
Q1PVN4ABJ_10465-8491-10977-9003,0,1,0,0,0,0,0,0,0
Q1PVN4ABJ_10389-16028-10901-16540,0,1,0,0,0,0,0,0,0
Q1PVN4ABJ_10382-5912-10894-6424,0,1,0,0,0,0,0,0,0
Q1PVN4ABJ_10413-11706-10925-12218,0,1,0,0,0,0,0,0,0
Q1PVN4ABJ_10603-16442-11115-16954,0,1,0,0,0,0,0,0,0
Q1PVN4ABJ_10901-16028-11413-16540,0,1,0,0,0,0,0,0,0
Q1PVN4ABJ_10623-5468-11135-5980,0,1,0,0,0,0,0,0,0
Q1PVN4ABJ_10925-11706-11437-12218,0,1,0,0,0,0,0,0,0
Q1PVN4ABJ_10623-4444-11135-4956,0,1,0,0,0,0,0,0,0
Q1PVN4ABJ_10841-16320-11353-16832,0,1,0,0,0,0,0,0,0
Q1PVN4ABJ_10977-7467-11489-7979,0,1,0,0,0,0,0,0,0
Q1PVN4ABJ_10643-4866-11155-5378,0,1,0,0,0,0,0,0,0
Q1PVN4ABJ_11155-4866-11667-5378,0,1,0,0,0,0,0,0,0
Q1PVN4ABJ_10977-9003-11489-9515,0,1,0,0,0,0,0,0,0
Q1PVN4ABJ_10977-7979-11489-8491,0,1,0,0,0,0,0,0,0
Q1PVN4ABJ_10977-8491-11489-9003,0,1,0,0,0,0,0,0,0
Q1PVN4ABJ_1127-4875-1639-5387,0,1,0,0,0,0,0,0,0
Q1PVN4ABJ_11155-5378-11667-5890,0,1,0,0,0,0,0,0,0
Q1PVN4ABJ_11489-6955-12001-7467,0,1,0,0,0,0,0,0,0
Q1PVN4ABJ_11353-16320-11865-16832,0,1,0,0,0,0,0,0,0
Q1PVN4ABJ_11489-7467-12001-7979,0,1,0,0,0,0,0,0,0
Q1PVN4ABJ_11297-8001-11809-8513,0,1,0,0,0,0,0,0,0
Q1PVN4ABJ_11489-8491-12001-9003,0,1,0,0,0,0,0,0,0
Q1PVN4ABJ_11768-14076-12280-14588,0,1,0,0,0,0,0,0,0
Q1PVN4ABJ_11647-4956-12159-5468,0,1,0,0,0,0,0,0,0
Q1PVN4ABJ_11647-4444-12159-4956,0,1,0,0,0,0,0,0,0
Q1PVN4ABJ_1150-9809-1662-10321,0,1,0,0,0,0,0,0,0
Q1PVN4ABJ_11489-9003-12001-9515,0,1,0,0,0,0,0,0,0
Q1PVN4ABJ_11525-15874-12037-16386,0,1,0,0,0,0,0,0,0
Q1PVN4ABJ_1174-8805-1686-9317,0,1,0,0,0,0,0,0,0
Q1PVN4ABJ_11694-6760-12206-7272,0,1,0,0,0,0,0,0,0
Q1PVN4ABJ_11594-12741-12106-13253,0,1,0,0,0,0,0,0,0
Q1PVN4ABJ_1174-8293-1686-8805,0,1,0,0,0,0,0,0,0
Q1PVN4ABJ_11809-8001-12321-8513,0,1,0,0,0,0,0,0,0
Q1PVN4ABJ_11809-9025-12321-9537,0,1,0,0,0,0,0,0,0
Q1PVN4ABJ_11809-8513-12321-9025,0,1,0,0,0,0,0,0,0
Q1PVN4ABJ_11865-16320-12377-16832,0,1,0,0,0,0,0,0,0
Q1PVN4ABJ_11820-13371-12332-13883,0,1,0,0,0,0,0,0,0
Q1PVN4ABJ_11820-12859-12332-13371,0,1,0,0,0,0,0,0,0
Q1PVN4ABJ_11984-15448-12496-15960,0,1,0,0,0,0,0,0,0
Q1PVN4ABJ_12159-5468-12671-5980,0,1,0,0,0,0,0,0,0
Q1PVN4ABJ_12272-8486-12784-8998,0,1,0,0,0,0,0,0,0
Q1PVN4ABJ_12106-12741-12618-13253,0,1,0,0,0,0,0,0,0
Q1PVN4ABJ_12159-4956-12671-5468,0,1,0,0,0,0,0,0,0
Q1PVN4ABJ_12280-13564-12792-14076,0,1,0,0,0,0,0,0,0
Q1PVN4ABJ_12280-14588-12792-15100,0,1,0,0,0,0,0,0,0
Q1PVN4ABJ_11984-15960-12496-16472,0,1,0,0,0,0,0,0,0
Q1PVN4ABJ_12280-14076-12792-14588,0,1,0,0,0,0,0,0,0
Q1PVN4ABJ_12280-15100-12792-15612,0,1,0,0,0,0,0,0,0
Q1PVN4ABJ_12323-9175-12835-9687,0,1,0,0,0,0,0,0,0
Q1PVN4ABJ_12332-10811-12844-11323,0,1,0,0,0,0,0,0,0
Q1PVN4ABJ_12332-11323-12844-11835,0,1,0,0,0,0,0,0,0
Q1PVN4ABJ_12332-12347-12844-12859,0,1,0,0,0,0,0,0,0
Q1PVN4ABJ_12332-11835-12844-12347,0,1,0,0,0,0,0,0,0
Q1PVN4ABJ_12332-12859-12844-13371,0,1,0,0,0,0,0,0,0
Q1PVN4ABJ_12376-16140-12888-16652,0,1,0,0,0,0,0,0,0
Q1PVN4ABJ_12598-7983-13110-8495,0,1,0,0,0,0,0,0,0
Q1PVN4ABJ_12376-15628-12888-16140,0,1,0,0,0,0,0,0,0
Q1PVN4ABJ_12671-4956-13183-5468,0,1,0,0,0,0,0,0,0
Q1PVN4ABJ_12671-5468-13183-5980,0,1,0,0,0,0,0,0,0
Q1PVN4ABJ_12735-9811-13247-10323,0,1,0,0,0,0,0,0,0
Q1PVN4ABJ_1360-15332-1872-15844,0,1,0,0,0,0,0,0,0
Q1PVN4ABJ_1344-16062-1856-16574,0,1,0,0,0,0,0,0,0
Q1PVN4ABJ_1416-11698-1928-12210,0,1,0,0,0,0,0,0,0
Q1PVN4ABJ_1377-7382-1889-7894,0,1,0,0,0,0,0,0,0
Q1PVN4ABJ_1377-7894-1889-8406,0,1,0,0,0,0,0,0,0
Q1PVN4ABJ_12671-4444-13183-4956,0,1,0,0,0,0,0,0,0
Q1PVN4ABJ_1441-13082-1953-13594,0,1,0,0,0,0,0,0,0
Q1PVN4ABJ_1513-13368-2025-13880,0,1,0,0,0,0,0,0,0
Q1PVN4ABJ_1513-13880-2025-14392,0,1,0,0,0,0,0,0,0
Q1PVN4ABJ_1558-9700-2070-10212,0,1,0,0,0,0,0,0,0
Q1PVN4ABJ_1558-9188-2070-9700,0,1,0,0,0,0,0,0,0
Q1PVN4ABJ_1639-4875-2151-5387,0,1,0,0,0,0,0,0,0
Q1PVN4ABJ_1686-8805-2198-9317,0,1,0,0,0,0,0,0,0
Q1PVN4ABJ_1686-8293-2198-8805,0,1,0,0,0,0,0,0,0
Q1PVN4ABJ_1573-15860-2085-16372,0,1,0,0,0,0,0,0,0
Q1PVN4ABJ_2233-11634-2745-12146,0,1,0,0,0,0,0,0,0
Q1PVN4ABJ_2233-11122-2745-11634,0,1,0,0,0,0,0,0,0
Q1PVN4ABJ_2233-12658-2745-13170,0,1,0,0,0,0,0,0,0
Q1PVN4ABJ_2093-15284-2605-15796,0,1,0,0,0,0,0,0,0
Q1PVN4ABJ_2093-14772-2605-15284,0,1,0,0,0,0,0,0,0
Q1PVN4ABJ_1754-11733-2266-12245,0,1,0,0,0,0,0,0,0
Q1PVN4ABJ_1891-4932-2403-5444,0,1,0,0,0,0,0,0,0
Q1PVN4ABJ_1856-16062-2368-16574,0,1,0,0,0,0,0,0,0
Q1PVN4ABJ_2093-14260-2605-14772,0,1,0,0,0,0,0,0,0
Q1PVN4ABJ_2085-15860-2597-16372,0,1,0,0,0,0,0,0,0
Q1PVN4ABJ_2233-13682-2745-14194,0,1,0,0,0,0,0,0,0
Q1PVN4ABJ_2284-15670-2796-16182,0,1,0,0,0,0,0,0,0
Q1PVN4ABJ_2370-12023-2882-12535,0,1,0,0,0,0,0,0,0
Q1PVN4ABJ_2370-13047-2882-13559,0,1,0,0,0,0,0,0,0
Q1PVN4ABJ_2403-16216-2915-16728,0,1,0,0,0,0,0,0,0
Q1PVN4ABJ_2403-15192-2915-15704,0,1,0,0,0,0,0,0,0
Q1PVN4ABJ_2403-14680-2915-15192,0,1,0,0,0,0,0,0,0
Q1PVN4ABJ_2370-14071-2882-14583,0,1,0,0,0,0,0,0,0
Q1PVN4ABJ_2431-5786-2943-6298,0,1,0,0,0,0,0,0,0
Q1PVN4ABJ_2431-10394-2943-10906,0,1,0,0,0,0,0,0,0
Q1PVN4ABJ_2431-8858-2943-9370,0,1,0,0,0,0,0,0,0
Q1PVN4ABJ_2431-6810-2943-7322,0,1,0,0,0,0,0,0,0
Q1PVN4ABJ_2431-6298-2943-6810,0,1,0,0,0,0,0,0,0
Q1PVN4ABJ_2431-9370-2943-9882,0,1,0,0,0,0,0,0,0
Q1PVN4ABJ_2431-7834-2943-8346,0,1,0,0,0,0,0,0,0
Q1PVN4ABJ_2403-4932-2915-5444,0,1,0,0,0,0,0,0,0
Q1PVN4ABJ_2431-7322-2943-7834,0,1,0,0,0,0,0,0,0
Q1PVN4ABJ_2431-8346-2943-8858,0,1,0,0,0,0,0,0,0
Q1PVN4ABJ_2431-9882-2943-10394,0,1,0,0,0,0,0,0,0
Q1PVN4ABJ_2664-5316-3176-5828,0,1,0,0,0,0,0,0,0
Q1PVN4ABJ_2664-4804-3176-5316,0,1,0,0,0,0,0,0,0
Q1PVN4ABJ_2796-16182-3308-16694,0,1,0,0,0,0,0,0,0
Q1PVN4ABJ_2915-15192-3427-15704,0,1,0,0,0,0,0,0,0
Q1PVN4ABJ_2882-12535-3394-13047,0,1,0,0,0,0,0,0,0
Q1PVN4ABJ_2915-15704-3427-16216,0,1,0,0,0,0,0,0,0
Q1PVN4ABJ_2882-13047-3394-13559,0,1,0,0,0,0,0,0,0
Q1PVN4ABJ_3085-4223-3597-4735,0,1,0,0,0,0,0,0,0
Q1PVN4ABJ_3394-13559-3906-14071,0,1,0,0,0,0,0,0,0
Q1PVN4ABJ_3085-4735-3597-5247,0,1,0,0,0,0,0,0,0
Q1PVN4ABJ_3597-4223-4109-4735,0,1,0,0,0,0,0,0,0
Q1PVN4ABJ_3394-13047-3906-13559,0,1,0,0,0,0,0,0,0
Q1PVN4ABJ_3859-12342-4371-12854,0,1,0,0,0,0,0,0,0
Q1PVN4ABJ_3394-12535-3906-13047,0,1,0,0,0,0,0,0,0
Q1PVN4ABJ_3427-15192-3939-15704,0,1,0,0,0,0,0,0,0
Q1PVN4ABJ_3597-4735-4109-5247,0,1,0,0,0,0,0,0,0
Q1PVN4ABJ_3131-15591-3643-16103,0,1,0,0,0,0,0,0,0
Q1PVN4ABJ_3427-15704-3939-16216,0,1,0,0,0,0,0,0,0
Q1PVN4ABJ_3906-13047-4418-13559,0,1,0,0,0,0,0,0,0
Q1PVN4ABJ_3906-13559-4418-14071,0,1,0,0,0,0,0,0,0
Q1PVN4ABJ_3906-14071-4418-14583,0,1,0,0,0,0,0,0,0
Q1PVN4ABJ_3996-2660-4508-3172,0,1,0,0,0,0,0,0,0
Q1PVN4ABJ_3939-15704-4451-16216,0,1,0,0,0,0,0,0,0
Q1PVN4ABJ_3939-16216-4451-16728,0,1,0,0,0,0,0,0,0
Q1PVN4ABJ_3939-15192-4451-15704,0,1,0,0,0,0,0,0,0
Q1PVN4ABJ_4130-6418-4642-6930,0,1,0,0,0,0,0,0,0
Q1PVN4ABJ_4418-12023-4930-12535,0,1,0,0,0,0,0,0,0
Q1PVN4ABJ_4418-14071-4930-14583,0,1,0,0,0,0,0,0,0
Q1PVN4ABJ_4217-1380-4729-1892,0,1,0,0,0,0,0,0,0
Q1PVN4ABJ_4053-1209-4565-1721,0,1,0,0,0,0,0,0,0
Q1PVN4ABJ_4109-4223-4621-4735,0,1,0,0,0,0,0,0,0
Q1PVN4ABJ_4418-12535-4930-13047,0,1,0,0,0,0,0,0,0
Q1PVN4ABJ_4418-13047-4930-13559,0,1,0,0,0,0,0,0,0
Q1PVN4ABJ_4445-979-4957-1491,0,1,0,0,0,0,0,0,0
Q1PVN4ABJ_4451-14680-4963-15192,0,1,0,0,0,0,0,0,0
Q1PVN4ABJ_4418-13559-4930-14071,0,1,0,0,0,0,0,0,0
Q1PVN4ABJ_4502-8735-5014-9247,0,1,0,0,0,0,0,0,0
Q1PVN4ABJ_4451-15192-4963-15704,0,1,0,0,0,0,0,0,0
Q1PVN4ABJ_4502-7711-5014-8223,0,1,0,0,0,0,0,0,0
Q1PVN4ABJ_4451-16216-4963-16728,0,1,0,0,0,0,0,0,0
Q1PVN4ABJ_4701-8000-5213-8512,0,1,0,0,0,0,0,0,0
Q1PVN4ABJ_4451-15704-4963-16216,0,1,0,0,0,0,0,0,0
Q1PVN4ABJ_4502-8223-5014-8735,0,1,0,0,0,0,0,0,0
Q1PVN4ABJ_5320-8418-5832-8930,0,1,0,0,0,0,0,0,0
Q1PVN4ABJ_4930-12535-5442-13047,0,1,0,0,0,0,0,0,0
Q1PVN4ABJ_5014-9247-5526-9759,0,1,0,0,0,0,0,0,0
Q1PVN4ABJ_4808-8418-5320-8930,0,1,0,0,0,0,0,0,0
Q1PVN4ABJ_5014-8735-5526-9247,0,1,0,0,0,0,0,0,0
Q1PVN4ABJ_5442-12023-5954-12535,0,1,0,0,0,0,0,0,0
Q1PVN4ABJ_4808-8930-5320-9442,0,1,0,0,0,0,0,0,0
Q1PVN4ABJ_5320-8930-5832-9442,0,1,0,0,0,0,0,0,0
Q1PVN4ABJ_4930-12023-5442-12535,0,1,0,0,0,0,0,0,0
Q1PVN4ABJ_4899-759-5411-1271,0,1,0,0,0,0,0,0,0
Q1PVN4ABJ_5014-8223-5526-8735,0,1,0,0,0,0,0,0,0
Q1PVN4ABJ_5832-8418-6344-8930,0,1,0,0,0,0,0,0,0
Q1PVN4ABJ_5996-11176-6508-11688,0,1,0,0,0,0,0,0,0
Q1PVN4ABJ_5525-11318-6037-11830,0,1,0,0,0,0,0,0,0
Q1PVN4ABJ_5832-8930-6344-9442,0,1,0,0,0,0,0,0,0
Q1PVN4ABJ_5754-11105-6266-11617,0,1,0,0,0,0,0,0,0
Q1PVN4ABJ_5442-12535-5954-13047,0,1,0,0,0,0,0,0,0
Q1PVN4ABJ_6266-11105-6778-11617,0,1,0,0,0,0,0,0,0
Q1PVN4ABJ_6660-9523-7172-10035,0,1,0,0,0,0,0,0,0
Q1PVN4ABJ_6660-8499-7172-9011,0,1,0,0,0,0,0,0,0
Q1PVN4ABJ_689-15502-1201-16014,0,1,0,0,0,0,0,0,0
Q1PVN4ABJ_6614-10946-7126-11458,0,1,0,0,0,0,0,0,0
Q1PVN4ABJ_6660-9011-7172-9523,0,1,0,0,0,0,0,0,0
Q1PVN4ABJ_7012-11357-7524-11869,0,1,0,0,0,0,0,0,0
Q1PVN4ABJ_7067-12311-7579-12823,0,1,0,0,0,0,0,0,0
Q1PVN4ABJ_7172-8499-7684-9011,0,1,0,0,0,0,0,0,0
Q1PVN4ABJ_7012-11869-7524-12381,0,1,0,0,0,0,0,0,0
Q1PVN4ABJ_7294-11044-7806-11556,0,1,0,0,0,0,0,0,0
Q1PVN4ABJ_7524-11357-8036-11869,0,1,0,0,0,0,0,0,0
Q1PVN4ABJ_7853-10682-8365-11194,0,1,0,0,0,0,0,0,0
Q1PVN4ABJ_7853-11194-8365-11706,0,1,0,0,0,0,0,0,0
Q1PVN4ABJ_7539-11841-8051-12353,0,1,0,0,0,0,0,0,0
Q1PVN4ABJ_8051-11841-8563-12353,0,1,0,0,0,0,0,0,0
Q1PVN4ABJ_7853-11706-8365-12218,0,1,0,0,0,0,0,0,0
Q1PVN4ABJ_8051-11329-8563-11841,0,1,0,0,0,0,0,0,0
Q1PVN4ABJ_832-16062-1344-16574,0,1,0,0,0,0,0,0,0
Q1PVN4ABJ_847-12549-1359-13061,0,1,0,0,0,0,0,0,0
Q1PVN4ABJ_8365-10170-8877-10682,0,1,0,0,0,0,0,0,0
Q1PVN4ABJ_847-12037-1359-12549,0,1,0,0,0,0,0,0,0
Q1PVN4ABJ_8365-11194-8877-11706,0,1,0,0,0,0,0,0,0
Q1PVN4ABJ_8365-10682-8877-11194,0,1,0,0,0,0,0,0,0
Q1PVN4ABJ_8365-11706-8877-12218,0,1,0,0,0,0,0,0,0
Q1PVN4ABJ_847-13061-1359-13573,0,1,0,0,0,0,0,0,0
Q1PVN4ABJ_847-13573-1359-14085,0,1,0,0,0,0,0,0,0
Q1PVN4ABJ_847-14085-1359-14597,0,1,0,0,0,0,0,0,0
Q1PVN4ABJ_847-14597-1359-15109,0,1,0,0,0,0,0,0,0
Q1PVN4ABJ_848-15332-1360-15844,0,1,0,0,0,0,0,0,0
Q1PVN4ABJ_8563-12865-9075-13377,0,1,0,0,0,0,0,0,0
Q1PVN4ABJ_8563-11329-9075-11841,0,1,0,0,0,0,0,0,0
Q1PVN4ABJ_8563-12353-9075-12865,0,1,0,0,0,0,0,0,0
Q1PVN4ABJ_8563-11841-9075-12353,0,1,0,0,0,0,0,0,0
Q1PVN4ABJ_8563-13377-9075-13889,0,1,0,0,0,0,0,0,0
Q1PVN4ABJ_8563-13889-9075-14401,0,1,0,0,0,0,0,0,0
Q1PVN4ABJ_865-7894-1377-8406,0,1,0,0,0,0,0,0,0
Q1PVN4ABJ_8846-6936-9358-7448,0,1,0,0,0,0,0,0,0
Q1PVN4ABJ_865-7382-1377-7894,0,1,0,0,0,0,0,0,0
Q1PVN4ABJ_8842-15096-9354-15608,0,1,0,0,0,0,0,0,0
Q1PVN4ABJ_8877-11194-9389-11706,0,1,0,0,0,0,0,0,0
Q1PVN4ABJ_8846-7448-9358-7960,0,1,0,0,0,0,0,0,0
Q1PVN4ABJ_8842-14584-9354-15096,0,1,0,0,0,0,0,0,0
Q1PVN4ABJ_8877-10682-9389-11194,0,1,0,0,0,0,0,0,0
Q1PVN4ABJ_8877-11706-9389-12218,0,1,0,0,0,0,0,0,0
Q1PVN4ABJ_8877-10170-9389-10682,0,1,0,0,0,0,0,0,0
Q1PVN4ABJ_8846-7960-9358-8472,0,1,0,0,0,0,0,0,0
Q1PVN4ABJ_8877-8634-9389-9146,0,1,0,0,0,0,0,0,0
Q1PVN4ABJ_9031-4553-9543-5065,0,1,0,0,0,0,0,0,0
Q1PVN4ABJ_8888-16024-9400-16536,0,1,0,0,0,0,0,0,0
Q1PVN4ABJ_8877-9658-9389-10170,0,1,0,0,0,0,0,0,0
Q1PVN4ABJ_8877-9146-9389-9658,0,1,0,0,0,0,0,0,0
Q1PVN4ABJ_8888-6678-9400-7190,0,1,0,0,0,0,0,0,0
Q1PVN4ABJ_904-11698-1416-12210,0,1,0,0,0,0,0,0,0
Q1PVN4ABJ_9075-12353-9587-12865,0,1,0,0,0,0,0,0,0
Q1PVN4ABJ_9075-11329-9587-11841,0,1,0,0,0,0,0,0,0
Q1PVN4ABJ_9358-6424-9870-6936,0,1,0,0,0,0,0,0,0
Q1PVN4ABJ_9075-11841-9587-12353,0,1,0,0,0,0,0,0,0
Q1PVN4ABJ_9358-6936-9870-7448,0,1,0,0,0,0,0,0,0
Q1PVN4ABJ_9075-13377-9587-13889,0,1,0,0,0,0,0,0,0
Q1PVN4ABJ_9358-5912-9870-6424,0,1,0,0,0,0,0,0,0
Q1PVN4ABJ_9358-8472-9870-8984,0,1,0,0,0,0,0,0,0
Q1PVN4ABJ_9075-12865-9587-13377,0,1,0,0,0,0,0,0,0
Q1PVN4ABJ_9075-13889-9587-14401,0,1,0,0,0,0,0,0,0
Q1PVN4ABJ_9358-7448-9870-7960,0,1,0,0,0,0,0,0,0
Q1PVN4ABJ_9383-16051-9895-16563,0,1,0,0,0,0,0,0,0
Q1PVN4ABJ_9428-4763-9940-5275,0,1,0,0,0,0,0,0,0
Q1PVN4ABJ_9389-11194-9901-11706,0,1,0,0,0,0,0,0,0
Q1PVN4ABJ_9389-9146-9901-9658,0,1,0,0,0,0,0,0,0
Q1PVN4ABJ_9389-11706-9901-12218,0,1,0,0,0,0,0,0,0
Q1PVN4ABJ_9409-7889-9921-8401,0,1,0,0,0,0,0,0,0
Q1PVN4ABJ_950-3949-1462-4461,0,1,0,0,0,0,0,0,0
Q1PVN4ABJ_9768-9057-10280-9569,0,1,0,0,0,0,0,0,0
Q1PVN4ABJ_9599-4956-10111-5468,0,1,0,0,0,0,0,0,0
Q1PVN4ABJ_9599-4444-10111-4956,0,1,0,0,0,0,0,0,0
Q1PVN4ABJ_9618-6013-10130-6525,0,1,0,0,0,0,0,0,0
Q1PVN4ABJ_9901-11706-10413-12218,0,1,0,0,0,0,0,0,0
Q1PVN4ABJ_9784-7252-10296-7764,0,1,0,0,0,0,0,0,0
Q1PVN4ABJ_9870-6936-10382-7448,0,1,0,0,0,0,0,0,0
Q1PVN4ABJ_9870-5912-10382-6424,0,1,0,0,0,0,0,0,0
Q1PVN4ABJ_9870-7960-10382-8472,0,1,0,0,0,0,0,0,0
Q1PVN4ABJ_9870-6424-10382-6936,0,1,0,0,0,0,0,0,0
Q1PVN4ABJ_9877-16028-10389-16540,0,1,0,0,0,0,0,0,0
Q2AG7DKCX_10126-4807-10638-5319,0,0,0,1,0,0,0,0,0
Q2AG7DKCX_10123-5158-10635-5670,0,0,1,0,0,0,0,0,0
Q2AG7DKCX_10139-3669-10651-4181,0,0,1,0,0,0,0,0,0
Q2AG7DKCX_10123-5670-10635-6182,0,0,1,0,0,0,0,0,0
Q2AG7DKCX_10345-1196-10857-1708,0,0,1,0,0,0,0,0,0
Q2AG7DKCX_10345-1708-10857-2220,0,0,1,0,0,0,0,0,0
Q2AG7DKCX_10345-2732-10857-3244,0,0,1,0,0,0,0,0,0
Q2AG7DKCX_10857-1708-11369-2220,0,0,1,0,0,0,0,0,0
Q2AG7DKCX_10635-5158-11147-5670,0,0,1,0,0,0,0,0,0
Q2AG7DKCX_10825-4575-11337-5087,0,0,1,0,0,0,0,0,0
Q2AG7DKCX_10825-4063-11337-4575,0,0,1,0,0,0,0,0,0
Q2AG7DKCX_10345-3244-10857-3756,0,0,1,0,0,0,0,0,0
Q2AG7DKCX_10523-709-11035-1221,0,0,1,0,0,0,0,0,0
Q2AG7DKCX_10857-2732-11369-3244,0,0,1,0,0,0,0,0,0
Q2AG7DKCX_10857-1196-11369-1708,0,0,1,0,0,0,0,0,0
Q2AG7DKCX_10635-5670-11147-6182,0,0,1,0,0,0,0,0,0
Q2AG7DKCX_10857-2220-11369-2732,0,0,1,0,0,0,0,0,0
Q2AG7DKCX_10857-3244-11369-3756,0,0,1,0,0,0,0,0,0
Q2AG7DKCX_11134-3701-11646-4213,0,0,1,0,0,0,0,0,0
Q2AG7DKCX_11041-4940-11553-5452,0,0,1,0,0,0,0,0,0
Q2AG7DKCX_10926-3493-11438-4005,0,0,1,0,0,0,0,0,0
Q2AG7DKCX_10857-684-11369-1196,0,0,1,0,0,0,0,0,0
Q2AG7DKCX_11169-5487-11681-5999,0,0,1,0,0,0,0,0,0
Q2AG7DKCX_11369-1196-11881-1708,0,0,1,0,0,0,0,0,0
Q2AG7DKCX_11220-4555-11732-5067,0,0,1,0,0,0,0,0,0
Q2AG7DKCX_11396-4333-11908-4845,0,0,1,0,0,0,0,0,0
Q2AG7DKCX_11369-2220-11881-2732,0,0,1,0,0,0,0,0,0
Q2AG7DKCX_11369-684-11881-1196,0,0,1,0,0,0,0,0,0
Q2AG7DKCX_11337-4063-11849-4575,0,0,1,0,0,0,0,0,0
Q2AG7DKCX_11369-1708-11881-2220,0,0,1,0,0,0,0,0,0
Q2AG7DKCX_5946-5523-6458-6035,0,0,1,0,0,0,0,0,0
Q2AG7DKCX_5930-4576-6442-5088,0,0,0,1,0,0,0,0,0
Q2AG7DKCX_5946-5011-6458-5523,0,0,1,0,0,0,0,0,0
Q2AG7DKCX_11396-4845-11908-5357,0,0,1,0,0,0,0,0,0
Q2AG7DKCX_4152-4144-4664-4656,0,0,0,1,0,0,0,0,0
Q2AG7DKCX_8006-1948-8518-2460,0,0,1,0,0,0,0,0,0
Q2AG7DKCX_8226-4655-8738-5167,0,0,1,0,0,0,0,0,0
Q2AG7DKCX_8179-4074-8691-4586,0,0,1,0,0,0,0,0,0
Q2AG7DKCX_8212-3315-8724-3827,0,0,1,0,0,0,0,0,0
Q2AG7DKCX_8212-2803-8724-3315,0,0,1,0,0,0,0,0,0
Q2AG7DKCX_8297-1196-8809-1708,0,0,1,0,0,0,0,0,0
Q2AG7DKCX_8480-4338-8992-4850,0,0,1,0,0,0,0,0,0
Q2AG7DKCX_8297-684-8809-1196,0,0,1,0,0,0,0,0,0
Q2AG7DKCX_8336-3573-8848-4085,0,0,1,0,0,0,0,0,0
Q2AG7DKCX_8480-4850-8992-5362,0,0,1,0,0,0,0,0,0
Q2AG7DKCX_8297-1708-8809-2220,0,0,1,0,0,0,0,0,0
Q2AG7DKCX_8787-3987-9299-4499,0,0,1,0,0,0,0,0,0
Q2AG7DKCX_8788-4661-9300-5173,0,0,1,0,0,0,0,0,0
Q2AG7DKCX_8809-2220-9321-2732,0,0,1,0,0,0,0,0,0
Q2AG7DKCX_8809-1196-9321-1708,0,0,1,0,0,0,0,0,0
Q2AG7DKCX_8809-1708-9321-2220,0,0,1,0,0,0,0,0,0
Q2AG7DKCX_8790-4290-9302-4802,0,0,1,0,0,0,0,0,0
Q2AG7DKCX_8809-2732-9321-3244,0,0,1,0,0,0,0,0,0
Q2AG7DKCX_8809-3244-9321-3756,0,0,1,0,0,0,0,0,0
Q2AG7DKCX_8838-6126-9350-6638,0,0,1,0,0,0,0,0,0
Q2AG7DKCX_8809-684-9321-1196,0,0,1,0,0,0,0,0,0
Q2AG7DKCX_8815-4941-9327-5453,0,0,1,0,0,0,0,0,0
Q2AG7DKCX_8848-3573-9360-4085,0,0,1,0,0,0,0,0,0
Q2AG7DKCX_9270-6471-9782-6983,0,0,1,0,0,0,0,0,0
Q2AG7DKCX_9049-5147-9561-5659,0,0,1,0,0,0,0,0,0
Q2AG7DKCX_9321-1708-9833-2220,0,0,1,0,0,0,0,0,0
Q2AG7DKCX_9321-1196-9833-1708,0,0,1,0,0,0,0,0,0
Q2AG7DKCX_9178-737-9690-1249,0,0,1,0,0,0,0,0,0
Q2AG7DKCX_9833-1708-10345-2220,0,0,1,0,0,0,0,0,0
Q2AG7DKCX_9321-2732-9833-3244,0,0,1,0,0,0,0,0,0
Q2AG7DKCX_9561-5147-10073-5659,0,0,1,0,0,0,0,0,0
Q2AG7DKCX_9321-2220-9833-2732,0,0,1,0,0,0,0,0,0
Q2AG7DKCX_9321-3244-9833-3756,0,0,1,0,0,0,0,0,0
Q2AG7DKCX_9833-1196-10345-1708,0,0,1,0,0,0,0,0,0
Q2AG7DKCX_9833-2732-10345-3244,0,0,1,0,0,0,0,0,0
Q2AG7DKCX_9833-3244-10345-3756,0,0,1,0,0,0,0,0,0
Q2AG7DKCX_9833-684-10345-1196,0,0,1,0,0,0,0,0,0
Q2N2AQTNA_8178-3675-8690-4187,0,0,0,1,0,0,0,0,0
Q2N2AQTNA_8178-2651-8690-3163,0,0,0,1,0,0,0,0,0
Q2N2AQTNA_8178-3163-8690-3675,0,0,0,1,0,0,0,0,0
Q2AG7DKCX_9944-5417-10456-5929,0,0,1,0,0,0,0,0,0
Q6TWGQIGG_3544-7463-4056-7975,0,0,0,0,0,0,1,0,0
Q6TWGQIGG_2008-7463-2520-7975,0,0,0,0,0,0,1,0,0
Q6TWGQIGG_1496-7463-2008-7975,0,0,0,0,0,0,1,0,0
Q2N2AQTNA_8178-4187-8690-4699,0,0,0,1,0,0,0,0,0
Q6TWGQIGG_3032-7463-3544-7975,0,0,0,0,0,0,1,0,0
Q3MTLZLE2_8183-4421-8695-4933,0,0,0,0,0,0,0,0,1
Q6TWGQIGG_4056-7463-4568-7975,0,0,0,0,0,0,1,0,0
Q6TWGQIGG_2520-7463-3032-7975,0,0,0,0,0,0,1,0,0
Q6TWGQIGG_4568-7463-5080-7975,0,0,0,0,0,0,1,0,0
Q3MTLZLE2_6772-2759-7284-3271,0,0,0,0,0,0,0,0,1
Q6TWGQIGG_5080-7463-5592-7975,0,0,0,0,0,0,1,0,0
Q6TWGQIGG_5592-7463-6104-7975,0,0,0,0,0,0,1,0,0
Q6TWGQIGG_6104-7463-6616-7975,0,0,0,0,0,0,1,0,0
Q76UFPZ9K_1757-6590-2269-7102,0,0,1,0,0,0,0,0,0
Q6TWGQIGG_984-7463-1496-7975,0,0,0,0,0,0,1,0,0
Q76UFPZ9K_1300-5306-1812-5818,0,0,1,0,0,0,0,0,0
Q76UFPZ9K_1653-940-2165-1452,0,0,1,0,0,0,0,0,0
Q79ZTW8T4_10266-4479-10778-4991,1,0,0,0,0,0,0,0,0
Q79ZTW8T4_1045-8232-1557-8744,1,0,0,0,0,0,0,0,0
Q79ZTW8T4_10266-6527-10778-7039,1,0,0,0,0,0,0,0,0
Q79ZTW8T4_1045-552-1557-1064,1,0,0,0,0,0,0,0,0
Q79ZTW8T4_10778-4479-11290-4991,1,0,0,0,0,0,0,0,0
Q79ZTW8T4_10778-4991-11290-5503,1,0,0,0,0,0,0,0,0
Q79ZTW8T4_10266-383-10778-895,1,0,0,0,0,0,0,0,0
Q79ZTW8T4_10778-383-11290-895,1,0,0,0,0,0,0,0,0
Q79ZTW8T4_10266-6015-10778-6527,1,0,0,0,0,0,0,0,0
Q79ZTW8T4_10778-5503-11290-6015,1,0,0,0,0,0,0,0,0
Q79ZTW8T4_10266-8575-10778-9087,1,0,0,0,0,0,0,0,0
Q79ZTW8T4_10266-5503-10778-6015,1,0,0,0,0,0,0,0,0
Q79ZTW8T4_10778-6527-11290-7039,1,0,0,0,0,0,0,0,0
Q79ZTW8T4_10778-6015-11290-6527,1,0,0,0,0,0,0,0,0
Q79ZTW8T4_11290-2431-11802-2943,1,0,0,0,0,0,0,0,0
Q79ZTW8T4_10778-8575-11290-9087,1,0,0,0,0,0,0,0,0
Q79ZTW8T4_11290-1919-11802-2431,1,0,0,0,0,0,0,0,0
Q79ZTW8T4_11290-1407-11802-1919,1,0,0,0,0,0,0,0,0
Q79ZTW8T4_11290-2943-11802-3455,1,0,0,0,0,0,0,0,0
Q79ZTW8T4_11290-3455-11802-3967,1,0,0,0,0,0,0,0,0
Q79ZTW8T4_11290-383-11802-895,1,0,0,0,0,0,0,0,0
Q79ZTW8T4_11290-5503-11802-6015,1,0,0,0,0,0,0,0,0
Q79ZTW8T4_11290-3967-11802-4479,1,0,0,0,0,0,0,0,0
Q79ZTW8T4_11290-4479-11802-4991,1,0,0,0,0,0,0,0,0
Q79ZTW8T4_11290-7551-11802-8063,1,0,0,0,0,0,0,0,0
Q79ZTW8T4_11290-6015-11802-6527,1,0,0,0,0,0,0,0,0
Q79ZTW8T4_11290-8063-11802-8575,1,0,0,0,0,0,0,0,0
Q79ZTW8T4_11290-6527-11802-7039,1,0,0,0,0,0,0,0,0
Q79ZTW8T4_11290-7039-11802-7551,1,0,0,0,0,0,0,0,0
Q79ZTW8T4_11290-4991-11802-5503,1,0,0,0,0,0,0,0,0
Q79ZTW8T4_11290-895-11802-1407,1,0,0,0,0,0,0,0,0
Q79ZTW8T4_11290-8575-11802-9087,1,0,0,0,0,0,0,0,0
Q79ZTW8T4_2069-8232-2581-8744,1,0,0,0,0,0,0,0,0
Q79ZTW8T4_1557-552-2069-1064,1,0,0,0,0,0,0,0,0
Q79ZTW8T4_1557-8232-2069-8744,1,0,0,0,0,0,0,0,0
Q79ZTW8T4_2069-552-2581-1064,1,0,0,0,0,0,0,0,0
Q79ZTW8T4_3093-552-3605-1064,1,0,0,0,0,0,0,0,0
Q79ZTW8T4_3093-8232-3605-8744,1,0,0,0,0,0,0,0,0
Q79ZTW8T4_3605-552-4117-1064,1,0,0,0,0,0,0,0,0
Q79ZTW8T4_2581-8232-3093-8744,1,0,0,0,0,0,0,0,0
Q79ZTW8T4_3610-1919-4122-2431,1,0,0,0,0,0,0,0,0
Q79ZTW8T4_3605-7208-4117-7720,1,0,0,0,0,0,0,0,0
Q79ZTW8T4_3610-2431-4122-2943,1,0,0,0,0,0,0,0,0
Q79ZTW8T4_2581-552-3093-1064,1,0,0,0,0,0,0,0,0
Q79ZTW8T4_3610-1407-4122-1919,1,0,0,0,0,0,0,0,0
Q79ZTW8T4_3605-7720-4117-8232,1,0,0,0,0,0,0,0,0
Q79ZTW8T4_3605-1064-4117-1576,1,0,0,0,0,0,0,0,0
Q79ZTW8T4_3610-2943-4122-3455,1,0,0,0,0,0,0,0,0
Q79ZTW8T4_3610-3455-4122-3967,1,0,0,0,0,0,0,0,0
Q79ZTW8T4_3610-3967-4122-4479,1,0,0,0,0,0,0,0,0
Q79ZTW8T4_3610-5503-4122-6015,1,0,0,0,0,0,0,0,0
Q79ZTW8T4_3610-4479-4122-4991,1,0,0,0,0,0,0,0,0
Q79ZTW8T4_3610-4991-4122-5503,1,0,0,0,0,0,0,0,0
Q79ZTW8T4_3610-6015-4122-6527,1,0,0,0,0,0,0,0,0
Q79ZTW8T4_4634-895-5146-1407,1,0,0,0,0,0,0,0,0
Q79ZTW8T4_4122-895-4634-1407,1,0,0,0,0,0,0,0,0
Q79ZTW8T4_3610-6527-4122-7039,1,0,0,0,0,0,0,0,0
Q79ZTW8T4_4634-1407-5146-1919,1,0,0,0,0,0,0,0,0
Q79ZTW8T4_4122-383-4634-895,1,0,0,0,0,0,0,0,0
Q79ZTW8T4_5146-8063-5658-8575,1,0,0,0,0,0,0,0,0
Q79ZTW8T4_3610-8063-4122-8575,1,0,0,0,0,0,0,0,0
Q79ZTW8T4_4634-8063-5146-8575,1,0,0,0,0,0,0,0,0
Q79ZTW8T4_4122-8063-4634-8575,1,0,0,0,0,0,0,0,0
Q79ZTW8T4_5146-1407-5658-1919,1,0,0,0,0,0,0,0,0
Q79ZTW8T4_533-1576-1045-2088,1,0,0,0,0,0,0,0,0
Q79ZTW8T4_533-2088-1045-2600,1,0,0,0,0,0,0,0,0
Q79ZTW8T4_533-3112-1045-3624,1,0,0,0,0,0,0,0,0
Q79ZTW8T4_533-2600-1045-3112,1,0,0,0,0,0,0,0,0
Q79ZTW8T4_533-4648-1045-5160,1,0,0,0,0,0,0,0,0
Q79ZTW8T4_533-4136-1045-4648,1,0,0,0,0,0,0,0,0
Q79ZTW8T4_533-5160-1045-5672,1,0,0,0,0,0,0,0,0
Q79ZTW8T4_533-3624-1045-4136,1,0,0,0,0,0,0,0,0
Q79ZTW8T4_5658-1919-6170-2431,1,0,0,0,0,0,0,0,0
Q79ZTW8T4_533-6696-1045-7208,1,0,0,0,0,0,0,0,0
Q79ZTW8T4_533-8232-1045-8744,1,0,0,0,0,0,0,0,0
Q79ZTW8T4_533-7720-1045-8232,1,0,0,0,0,0,0,0,0
Q79ZTW8T4_533-5672-1045-6184,1,0,0,0,0,0,0,0,0
Q79ZTW8T4_533-7208-1045-7720,1,0,0,0,0,0,0,0,0
Q79ZTW8T4_533-6184-1045-6696,1,0,0,0,0,0,0,0,0
Q79ZTW8T4_5658-8063-6170-8575,1,0,0,0,0,0,0,0,0
Q79ZTW8T4_6170-1919-6682-2431,1,0,0,0,0,0,0,0,0
Q79ZTW8T4_533-552-1045-1064,1,0,0,0,0,0,0,0,0
Q79ZTW8T4_6170-2431-6682-2943,1,0,0,0,0,0,0,0,0
Q79ZTW8T4_6170-383-6682-895,1,0,0,0,0,0,0,0,0
Q79ZTW8T4_6682-2431-7194-2943,1,0,0,0,0,0,0,0,0
Q79ZTW8T4_6170-8063-6682-8575,1,0,0,0,0,0,0,0,0
Q79ZTW8T4_6682-6527-7194-7039,1,0,0,0,0,0,0,0,0
Q79ZTW8T4_6682-2943-7194-3455,1,0,0,0,0,0,0,0,0
Q79ZTW8T4_6682-6015-7194-6527,1,0,0,0,0,0,0,0,0
Q79ZTW8T4_6682-383-7194-895,1,0,0,0,0,0,0,0,0
Q79ZTW8T4_7194-6527-7706-7039,1,0,0,0,0,0,0,0,0
Q79ZTW8T4_7194-8063-7706-8575,1,0,0,0,0,0,0,0,0
Q79ZTW8T4_7194-5503-7706-6015,1,0,0,0,0,0,0,0,0
Q79ZTW8T4_7194-6015-7706-6527,1,0,0,0,0,0,0,0,0
Q79ZTW8T4_6682-7039-7194-7551,1,0,0,0,0,0,0,0,0
Q79ZTW8T4_6682-8063-7194-8575,1,0,0,0,0,0,0,0,0
Q79ZTW8T4_7194-2943-7706-3455,1,0,0,0,0,0,0,0,0
Q79ZTW8T4_7194-8575-7706-9087,1,0,0,0,0,0,0,0,0
Q79ZTW8T4_7194-383-7706-895,1,0,0,0,0,0,0,0,0
Q79ZTW8T4_7706-3455-8218-3967,1,0,0,0,0,0,0,0,0
Q79ZTW8T4_7706-383-8218-895,1,0,0,0,0,0,0,0,0
Q79ZTW8T4_7706-5503-8218-6015,1,0,0,0,0,0,0,0,0
Q79ZTW8T4_7706-6527-8218-7039,1,0,0,0,0,0,0,0,0
Q79ZTW8T4_7706-6015-8218-6527,1,0,0,0,0,0,0,0,0
Q79ZTW8T4_8218-3455-8730-3967,1,0,0,0,0,0,0,0,0
Q79ZTW8T4_7706-8575-8218-9087,1,0,0,0,0,0,0,0,0
Q79ZTW8T4_8218-383-8730-895,1,0,0,0,0,0,0,0,0
Q79ZTW8T4_8218-3967-8730-4479,1,0,0,0,0,0,0,0,0
Q79ZTW8T4_8218-6015-8730-6527,1,0,0,0,0,0,0,0,0
Q79ZTW8T4_8218-7551-8730-8063,1,0,0,0,0,0,0,0,0
Q79ZTW8T4_8218-8575-8730-9087,1,0,0,0,0,0,0,0,0
Q79ZTW8T4_8218-5503-8730-6015,1,0,0,0,0,0,0,0,0
Q79ZTW8T4_8218-8063-8730-8575,1,0,0,0,0,0,0,0,0
Q79ZTW8T4_8730-7551-9242-8063,1,0,0,0,0,0,0,0,0
Q79ZTW8T4_8730-383-9242-895,1,0,0,0,0,0,0,0,0
Q79ZTW8T4_8730-4479-9242-4991,1,0,0,0,0,0,0,0,0
Q79ZTW8T4_8730-8575-9242-9087,1,0,0,0,0,0,0,0,0
Q79ZTW8T4_8730-3967-9242-4479,1,0,0,0,0,0,0,0,0
Q79ZTW8T4_9242-383-9754-895,1,0,0,0,0,0,0,0,0
Q79ZTW8T4_9242-4479-9754-4991,1,0,0,0,0,0,0,0,0
Q79ZTW8T4_9242-7039-9754-7551,1,0,0,0,0,0,0,0,0
Q79ZTW8T4_9242-8575-9754-9087,1,0,0,0,0,0,0,0,0
Q79ZTW8T4_9754-383-10266-895,1,0,0,0,0,0,0,0,0
Q79ZTW8T4_9754-4991-10266-5503,1,0,0,0,0,0,0,0,0
Q79ZTW8T4_9754-5503-10266-6015,1,0,0,0,0,0,0,0,0
Q79ZTW8T4_9754-4479-10266-4991,1,0,0,0,0,0,0,0,0
Q7IVT1BBR_1803-2975-2315-3487,0,0,1,0,0,0,0,0,0
Q7IVT1BBR_1291-2975-1803-3487,0,0,1,0,0,0,0,0,0
Q7IVT1BBR_2228-1116-2740-1628,0,0,1,0,0,0,0,0,0
Q7IVT1BBR_2404-1451-2916-1963,0,0,1,0,0,0,0,0,0
Q7IVT1BBR_2508-1990-3020-2502,0,0,1,0,0,0,0,0,0
Q7IVT1BBR_2870-2690-3382-3202,0,0,1,0,0,0,0,0,0
Q79ZTW8T4_9754-8575-10266-9087,1,0,0,0,0,0,0,0,0
Q7IVT1BBR_2431-2893-2943-3405,0,0,1,0,0,0,0,0,0
Q7IVT1BBR_2508-2502-3020-3014,0,0,1,0,0,0,0,0,0
Q7IVT1BBR_2975-2968-3487-3480,0,0,1,0,0,0,0,0,0
Q7IVT1BBR_3020-2502-3532-3014,0,0,1,0,0,0,0,0,0
Q7IVT1BBR_3020-1990-3532-2502,0,0,1,0,0,0,0,0,0
Q7IVT1BBR_4520-2977-5032-3489,0,0,1,0,0,0,0,0,0
Q7IVT1BBR_3338-2880-3850-3392,0,0,1,0,0,0,0,0,0
Q7IVT1BBR_874-750-1386-1262,0,0,0,0,0,1,0,0,0
Q7IVT1BBR_779-2975-1291-3487,0,0,1,0,0,0,0,0,0
Q7IVT1BBR_940-1658-1452-2170,0,0,0,0,0,1,0,0,0
Q7IVT1BBR_874-1262-1386-1774,0,0,0,0,0,1,0,0,0
Q8G16BHEF_7761-8123-8273-8635,0,0,0,0,0,0,0,0,1
Q8G16BHEF_1554-8201-2066-8713,0,0,0,0,0,0,0,0,1
Q8G16BHEF_5146-885-5658-1397,0,0,0,0,0,0,0,0,1
Q8G16BHEF_3003-8186-3515-8698,0,0,0,0,0,0,0,0,1
Q8G16BHEF_2650-8191-3162-8703,0,0,0,0,0,0,0,0,1
Q8G16BHEF_6604-1179-7116-1691,0,0,0,0,0,0,0,0,1
Q8G16BHEF_5872-879-6384-1391,0,0,0,0,0,0,0,0,1
Q8G16BHEF_7397-8127-7909-8639,0,0,0,0,0,0,0,0,1
Q8G16BHEF_8059-1530-8571-2042,0,0,0,0,0,0,0,0,1
Q8G16BHEF_7782-1490-8294-2002,0,0,0,0,0,0,0,0,1
Q8G16BHEF_8128-8120-8640-8632,0,0,0,0,0,0,0,0,1
Q8G16BHEF_8151-3190-8663-3702,0,0,0,0,0,0,0,0,1
Q8G16BHEF_8336-1484-8848-1996,0,0,0,0,0,0,0,0,1
Q8G16BHEF_948-703-1460-1215,0,0,0,0,0,0,0,0,1
Q8URP8AM7_2211-6744-2723-7256,0,1,0,0,0,0,0,0,0
Q8URP8AM7_2211-7256-2723-7768,0,1,0,0,0,0,0,0,0
Q8URP8AM7_2338-7563-2850-8075,0,1,0,0,0,0,0,0,0
Q8URP8AM7_4371-834-4883-1346,0,1,0,0,0,0,0,0,0
Q8URP8AM7_4815-4523-5327-5035,0,1,0,0,0,0,0,0,0
Q8URP8AM7_5453-4115-5965-4627,0,1,0,0,0,0,0,0,0
Q8URP8AM7_4303-4523-4815-5035,0,1,0,0,0,0,0,0,0
Q8URP8AM7_4883-834-5395-1346,0,1,0,0,0,0,0,0,0
Q8URP8AM7_3791-4523-4303-5035,0,1,0,0,0,0,0,0,0
Q99ZHNI1H_10276-2583-10788-3095,0,0,0,0,0,0,1,0,0
Q99ZHNI1H_10276-3095-10788-3607,0,0,0,0,0,0,1,0,0
Q99ZHNI1H_1360-4587-1872-5099,0,0,0,0,0,0,1,0,0
Q99ZHNI1H_1368-8626-1880-9138,0,0,0,0,0,0,1,0,0
Q99ZHNI1H_1447-9084-1959-9596,0,0,0,0,0,0,1,0,0
Q99ZHNI1H_1590-6745-2102-7257,0,0,0,0,0,0,1,0,0
Q99ZHNI1H_1872-4075-2384-4587,0,0,0,0,0,0,1,0,0
Q99ZHNI1H_1959-9084-2471-9596,0,0,0,0,0,0,1,0,0
Q99ZHNI1H_1872-4587-2384-5099,0,0,0,0,0,0,1,0,0
Q99ZHNI1H_2614-6745-3126-7257,0,0,0,0,0,0,1,0,0
Q99ZHNI1H_2102-6745-2614-7257,0,0,0,0,0,0,1,0,0
Q99ZHNI1H_2384-4075-2896-4587,0,0,0,0,0,0,1,0,0
Q99ZHNI1H_2384-4587-2896-5099,0,0,0,0,0,0,1,0,0
Q99ZHNI1H_3126-6745-3638-7257,0,0,0,0,0,0,1,0,0
Q99ZHNI1H_3408-4587-3920-5099,0,0,0,0,0,0,1,0,0
Q99ZHNI1H_1959-9596-2471-10108,0,0,0,0,0,0,1,0,0
Q99ZHNI1H_3920-4587-4432-5099,0,0,0,0,0,0,1,0,0
Q99ZHNI1H_3870-771-4382-1283,0,0,0,0,0,0,1,0,0
Q99ZHNI1H_3638-6745-4150-7257,0,0,0,0,0,0,1,0,0
Q99ZHNI1H_2896-4587-3408-5099,0,0,0,0,0,0,1,0,0
Q99ZHNI1H_336-4075-848-4587,0,0,0,0,0,0,1,0,0
Q99ZHNI1H_3920-5099-4432-5611,0,0,0,0,0,0,1,0,0
Q99ZHNI1H_4150-6745-4662-7257,0,0,0,0,0,0,1,0,0
Q99ZHNI1H_4432-5099-4944-5611,0,0,0,0,0,0,1,0,0
Q99ZHNI1H_4382-771-4894-1283,0,0,0,0,0,0,1,0,0
Q99ZHNI1H_4662-6745-5174-7257,0,0,0,0,0,0,1,0,0
Q99ZHNI1H_4382-1283-4894-1795,0,0,0,0,0,0,1,0,0
Q99ZHNI1H_4894-1795-5406-2307,0,0,0,0,0,0,1,0,0
Q99ZHNI1H_5918-2307-6430-2819,0,0,0,0,0,0,1,0,0
Q99ZHNI1H_4894-1283-5406-1795,0,0,0,0,0,0,1,0,0
Q99ZHNI1H_5406-2307-5918-2819,0,0,0,0,0,0,1,0,0
Q99ZHNI1H_5406-1795-5918-2307,0,0,0,0,0,0,1,0,0
Q99ZHNI1H_8271-2025-8783-2537,0,0,0,0,0,0,1,0,0
Q99ZHNI1H_848-4587-1360-5099,0,0,0,0,0,0,1,0,0
Q99ZHNI1H_8271-1001-8783-1513,0,0,0,0,0,0,1,0,0
Q99ZHNI1H_638-8568-1150-9080,0,0,0,0,0,0,1,0,0
Q99ZHNI1H_935-8572-1447-9084,0,0,0,0,0,0,1,0,0
Q99ZHNI1H_8271-1513-8783-2025,0,0,0,0,0,0,1,0,0
Q99ZHNI1H_848-4075-1360-4587,0,0,0,0,0,0,1,0,0
Q99ZHNI1H_9764-3095-10276-3607,0,0,0,0,0,0,1,0,0
Q9VPAJUEZ_314-2158-826-2670,1,0,0,0,0,0,0,0,0
Q9VPAJUEZ_826-2158-1338-2670,1,0,0,0,0,0,0,0,0
Q9VPAJUEZ_497-1810-1009-2322,1,0,0,0,0,0,0,0,0
QA63Z8EVH_10200-1486-10712-1998,0,0,0,0,1,0,0,0,0
QA2LX3JPD_6759-4049-7271-4561,0,0,0,0,0,0,1,0,0
QA2LX3JPD_7689-3987-8201-4499,0,0,0,0,0,0,1,0,0
QA63Z8EVH_10488-1449-11000-1961,0,0,0,0,1,0,0,0,0
QA2LX3JPD_7271-4049-7783-4561,0,0,0,0,0,0,1,0,0
QA63Z8EVH_10791-1415-11303-1927,0,0,0,0,1,0,0,0,0
QA63Z8EVH_10624-331-11136-843,0,0,0,0,1,0,0,0,0
QA63Z8EVH_11112-327-11624-839,0,0,0,0,1,0,0,0,0
QA63Z8EVH_2923-2249-3435-2761,0,0,0,0,1,0,0,0,0
QA63Z8EVH_2245-342-2757-854,0,0,0,0,1,0,0,0,0
QA63Z8EVH_1751-2385-2263-2897,0,0,0,0,1,0,0,0,0
QA63Z8EVH_250-2190-762-2702,0,0,0,0,1,0,0,0,0
QA63Z8EVH_2928-716-3440-1228,0,0,0,0,1,0,0,0,0
QA63Z8EVH_1552-324-2064-836,0,0,0,0,1,0,0,0,0
QA63Z8EVH_3085-352-3597-864,0,0,0,0,1,0,0,0,0
QA63Z8EVH_3404-336-3916-848,0,0,0,0,1,0,0,0,0
QA63Z8EVH_4537-588-5049-1100,0,0,0,0,1,0,0,0,0
QA63Z8EVH_3873-2150-4385-2662,0,0,0,0,1,0,0,0,0
QA63Z8EVH_390-1911-902-2423,0,0,0,0,1,0,0,0,0
QA63Z8EVH_4568-2081-5080-2593,0,0,0,0,1,0,0,0,0
QA63Z8EVH_7133-361-7645-873,0,0,0,0,1,0,0,0,0
QA63Z8EVH_5282-2012-5794-2524,0,0,0,0,1,0,0,0,0
QA63Z8EVH_4110-335-4622-847,0,0,0,0,1,0,0,0,0
QA63Z8EVH_5845-370-6357-882,0,0,0,0,1,0,0,0,0
QA63Z8EVH_7433-1799-7945-2311,0,0,0,0,1,0,0,0,0
QA63Z8EVH_6678-1853-7190-2365,0,0,0,0,1,0,0,0,0
QA63Z8EVH_7428-323-7940-835,0,0,0,0,1,0,0,0,0
QA63Z8EVH_6415-544-6927-1056,0,0,0,0,1,0,0,0,0
QA63Z8EVH_6409-1907-6921-2419,0,0,0,0,1,0,0,0,0
QA63Z8EVH_8299-340-8811-852,0,0,0,0,1,0,0,0,0
QA63Z8EVH_8553-1655-9065-2167,0,0,0,0,1,0,0,0,0
QA63Z8EVH_8646-320-9158-832,0,0,0,0,1,0,0,0,0
QA63Z8EVH_9025-1615-9537-2127,0,0,0,0,1,0,0,0,0
QA63Z8EVH_9562-1573-10074-2085,0,0,0,0,1,0,0,0,0
QA63Z8EVH_967-330-1479-842,0,0,0,0,1,0,0,0,0
QA63Z8EVH_9696-325-10208-837,0,0,0,0,1,0,0,0,0
QB4AWXR9N_1136-1351-1648-1863,0,0,0,0,0,1,0,0,0
QB4AWXR9N_1376-4919-1888-5431,0,0,0,0,1,0,0,0,0
QAGHJL83P_4480-7685-4992-8197,0,0,0,0,0,0,0,0,1
QA63Z8EVH_928-2454-1440-2966,0,0,0,0,1,0,0,0,0
QAUGTTCQL_5741-4703-6253-5215,0,0,0,0,0,0,0,0,1
QB4AWXR9N_1416-7476-1928-7988,0,0,0,0,1,0,0,0,0
QB4AWXR9N_1451-5857-1963-6369,0,0,0,0,1,0,0,0,0
QB2JA9U6D_7664-1328-8176-1840,0,0,1,0,0,0,0,0,0
QB2JA9U6D_7152-1328-7664-1840,0,0,1,0,0,0,0,0,0
QB4AWXR9N_1445-5569-1957-6081,0,0,0,0,1,0,0,0,0
QB4AWXR9N_1015-801-1527-1313,0,0,0,0,1,1,0,0,0
QB4AWXR9N_1553-721-2065-1233,0,0,0,0,1,1,0,0,0
QB4AWXR9N_1681-4745-2193-5257,0,0,0,0,1,0,0,0,0
QB4AWXR9N_1769-6272-2281-6784,0,0,0,0,1,0,0,0,0
QB4AWXR9N_1854-5326-2366-5838,0,0,0,0,1,0,0,0,0
QB4AWXR9N_2090-5998-2602-6510,0,0,0,0,1,0,0,0,0
QB4AWXR9N_2358-695-2870-1207,0,0,0,0,1,1,0,0,0
QB4AWXR9N_3850-9212-4362-9724,0,0,0,0,1,0,0,0,0
QB4AWXR9N_2663-712-3175-1224,0,0,0,0,1,1,0,0,0
QB4AWXR9N_2065-721-2577-1233,0,0,0,0,1,1,0,0,0
QB4AWXR9N_2821-8434-3333-8946,0,0,0,0,1,1,0,0,0
QB4AWXR9N_2686-7379-3198-7891,0,0,0,0,0,1,0,0,0
QB4AWXR9N_2078-8216-2590-8728,0,0,0,0,1,0,0,0,0
QB4AWXR9N_3004-5369-3516-5881,0,0,0,0,1,1,0,0,0
QB4AWXR9N_3175-712-3687-1224,0,0,0,0,1,0,0,0,0
QB4AWXR9N_3780-716-4292-1228,0,0,0,0,1,1,0,0,0
QB4AWXR9N_3398-5509-3910-6021,0,0,0,0,1,1,0,0,0
QB4AWXR9N_2556-8485-3068-8997,0,0,0,0,1,1,0,0,0
QB4AWXR9N_3254-8696-3766-9208,0,0,0,0,1,1,0,0,0
QB4AWXR9N_4002-7990-4514-8502,0,0,0,0,1,0,0,0,0
QB4AWXR9N_4165-5340-4677-5852,0,0,0,0,1,1,0,0,0
QB4AWXR9N_4292-716-4804-1228,0,0,0,0,1,1,0,0,0
QB4AWXR9N_4408-9173-4920-9685,0,0,0,0,1,1,0,0,0
QB4AWXR9N_4533-5401-5045-5913,0,0,0,0,1,1,0,0,0
QB4AWXR9N_5393-698-5905-1210,0,0,0,0,1,1,0,0,0
QB4AWXR9N_5062-5314-5574-5826,0,0,0,0,1,0,0,0,0
QB4AWXR9N_4926-9041-5438-9553,0,0,0,0,1,1,0,0,0
QB4AWXR9N_5976-685-6488-1197,0,0,0,0,1,1,0,0,0
QB4AWXR9N_4881-698-5393-1210,0,0,0,0,1,1,0,0,0
QC2BBXJZG_1027-3044-1539-3556,0,1,0,0,0,0,0,0,0
QBHTF4QWW_229-2653-741-3165,0,0,0,0,0,1,0,0,0
QB4AWXR9N_6013-3267-6525-3779,0,0,0,0,0,0,0,0,1
QBHTF4QWW_4930-2654-5442-3166,0,0,0,0,0,1,0,0,0
QB4AWXR9N_5013-2369-5525-2881,0,0,0,0,1,0,0,0,0
QB4AWXR9N_6173-5398-6685-5910,0,0,0,0,1,0,0,0,0
QC2BBXJZG_1027-3556-1539-4068,0,1,0,0,0,0,0,0,0
QC2BBXJZG_1539-3044-2051-3556,0,1,0,0,0,0,0,0,0
QC2BBXJZG_1651-5114-2163-5626,0,1,0,0,0,0,0,0,0
QC2BBXJZG_1651-4602-2163-5114,0,1,0,0,0,0,0,0,0
QC2BBXJZG_2051-3044-2563-3556,0,1,0,0,0,0,0,0,0
QC2BBXJZG_2163-5114-2675-5626,0,1,0,0,0,0,0,0,0
QC2BBXJZG_2051-3556-2563-4068,0,1,0,0,0,0,0,0,0
QC2BBXJZG_2163-4090-2675-4602,0,1,0,0,0,0,0,0,0
QC2BBXJZG_2163-4602-2675-5114,0,1,0,0,0,0,0,0,0
QC2BBXJZG_2163-5626-2675-6138,0,1,0,0,0,0,0,0,0
QC2BBXJZG_2302-3250-2814-3762,0,1,0,0,0,0,0,0,0
QC2BBXJZG_2302-3762-2814-4274,0,1,0,0,0,0,0,0,0
QC2BBXJZG_2814-3250-3326-3762,0,1,0,0,0,0,0,0,0
QC2BBXJZG_3011-1998-3523-2510,0,1,0,0,0,0,0,0,0
QC2BBXJZG_2675-5626-3187-6138,0,1,0,0,0,0,0,0,0
QC2BBXJZG_3187-4090-3699-4602,0,1,0,0,0,0,0,0,0
QC2BBXJZG_3187-4602-3699-5114,0,1,0,0,0,0,0,0,0
QC2BBXJZG_3187-5114-3699-5626,0,1,0,0,0,0,0,0,0
QC2BBXJZG_2675-5114-3187-5626,0,1,0,0,0,0,0,0,0
QC2BBXJZG_2675-4602-3187-5114,0,1,0,0,0,0,0,0,0
QC2BBXJZG_3523-1998-4035-2510,0,1,0,0,0,0,0,0,0
QC2BBXJZG_3187-5626-3699-6138,0,1,0,0,0,0,0,0,0
QC2BBXJZG_3699-4090-4211-4602,0,1,0,0,0,0,0,0,0
QC2BBXJZG_4326-4378-4838-4890,0,1,0,0,0,0,0,0,0
QC2BBXJZG_3699-5114-4211-5626,0,1,0,0,0,0,0,0,0
QC2BBXJZG_4377-3480-4889-3992,0,1,0,0,0,0,0,0,0
QC2BBXJZG_4858-2836-5370-3348,0,1,0,0,0,0,0,0,0
QC2BBXJZG_4326-4890-4838-5402,0,1,0,0,0,0,0,0,0
QC2BBXJZG_3699-4602-4211-5114,0,1,0,0,0,0,0,0,0
QC2BBXJZG_4838-4378-5350-4890,0,1,0,0,0,0,0,0,0
QC2BBXJZG_4838-4890-5350-5402,0,1,0,0,0,0,0,0,0
QC2BBXJZG_5350-3866-5862-4378,0,1,0,0,0,0,0,0,0
QC2BBXJZG_5370-2836-5882-3348,0,1,0,0,0,0,0,0,0
QC2BBXJZG_5862-3866-6374-4378,0,1,0,0,0,0,0,0,0
QC2BBXJZG_6374-3866-6886-4378,0,1,0,0,0,0,0,0,0
QC2BBXJZG_5862-4890-6374-5402,0,1,0,0,0,0,0,0,0
QC2BBXJZG_5350-4890-5862-5402,0,1,0,0,0,0,0,0,0
QC2BBXJZG_5862-4378-6374-4890,0,1,0,0,0,0,0,0,0
QC2BBXJZG_6374-4378-6886-4890,0,1,0,0,0,0,0,0,0
QC2BBXJZG_873-3915-1385-4427,0,1,0,0,0,0,0,0,0
QE9JZUZXM_2591-1600-3103-2112,1,0,0,0,0,0,0,0,0
QC2BBXJZG_873-4427-1385-4939,0,1,0,0,0,0,0,0,0
QE9JZUZXM_3858-1825-4370-2337,1,0,0,0,0,0,0,0,0
QEUMJB2FP_12424-4083-12936-4595,0,1,0,0,0,0,0,0,0
QEUMJB2FP_11912-5107-12424-5619,0,1,0,0,0,0,0,0,0
QEUMJB2FP_12424-4595-12936-5107,0,1,0,0,0,0,0,0,0
QE9JZUZXM_5126-5016-5638-5528,1,0,0,0,0,0,0,0,0
QEUMJB2FP_11400-4595-11912-5107,0,1,0,0,0,0,0,0,0
QEUMJB2FP_11912-4595-12424-5107,0,1,0,0,0,0,0,0,0
QEUMJB2FP_14029-3365-14541-3877,0,1,0,0,0,0,0,0,0
QEUMJB2FP_12794-2805-13306-3317,0,1,0,0,0,0,0,0,0
QEUMJB2FP_11400-5107-11912-5619,0,1,0,0,0,0,0,0,0
QEUMJB2FP_13306-2293-13818-2805,0,1,0,0,0,0,0,0,0
QEUMJB2FP_13306-2805-13818-3317,0,1,0,0,0,0,0,0,0
QEUMJB2FP_12794-2293-13306-2805,0,1,0,0,0,0,0,0,0
QEUMJB2FP_14541-3365-15053-3877,0,1,0,0,0,0,0,0,0
QEUMJB2FP_16786-2121-17298-2633,0,1,0,0,0,0,0,0,0
QEUMJB2FP_16786-2633-17298-3145,0,1,0,0,0,0,0,0,0
QEUMJB2FP_17330-591-17842-1103,0,1,0,0,0,0,0,0,0
QEUMJB2FP_17298-2633-17810-3145,0,1,0,0,0,0,0,0,0
QEUMJB2FP_17298-2121-17810-2633,0,1,0,0,0,0,0,0,0
QEUMJB2FP_17842-1103-18354-1615,0,1,0,0,0,0,0,0,0
QEUMJB2FP_18354-591-18866-1103,0,1,0,0,0,0,0,0,0
QFH1D9FJA_1277-1500-1789-2012,1,0,0,0,0,0,0,0,0
QFH1D9FJA_1277-476-1789-988,1,0,0,0,0,0,0,0,0
QEUMJB2FP_17842-591-18354-1103,0,1,0,0,0,0,0,0,0
QFH1D9FJA_1277-5084-1789-5596,1,0,0,0,0,0,0,0,0
QFH1D9FJA_1789-1500-2301-2012,1,0,0,0,0,0,0,0,0
QF4CABCRE_2646-2463-3158-2975,0,0,0,0,0,0,0,0,1
QEUMJB2FP_18354-1103-18866-1615,0,1,0,0,0,0,0,0,0
QF4CABCRE_823-4279-1335-4791,0,0,0,0,0,0,0,0,1
QFH1D9FJA_1789-476-2301-988,1,0,0,0,0,0,0,0,0
QFH1D9FJA_1789-2012-2301-2524,1,0,0,0,0,0,0,0,0
QFH1D9FJA_1789-5084-2301-5596,1,0,0,0,0,0,0,0,0
QFH1D9FJA_2301-1500-2813-2012,1,0,0,0,0,0,0,0,0
QFH1D9FJA_1789-988-2301-1500,1,0,0,0,0,0,0,0,0
QFH1D9FJA_3325-476-3837-988,1,0,0,0,0,0,0,0,0
QFH1D9FJA_2301-988-2813-1500,1,0,0,0,0,0,0,0,0
QFH1D9FJA_2301-2524-2813-3036,1,0,0,0,0,0,0,0,0
QFH1D9FJA_2301-5084-2813-5596,1,0,0,0,0,0,0,0,0
QFH1D9FJA_2813-5084-3325-5596,1,0,0,0,0,0,0,0,0
QFH1D9FJA_2301-2012-2813-2524,1,0,0,0,0,0,0,0,0
QFH1D9FJA_2813-2012-3325-2524,1,0,0,0,0,0,0,0,0
QFH1D9FJA_3837-476-4349-988,1,0,0,0,0,0,0,0,0
QFH1D9FJA_3837-5084-4349-5596,1,0,0,0,0,0,0,0,0
QFH1D9FJA_3837-1500-4349-2012,1,0,0,0,0,0,0,0,0
QFH1D9FJA_2813-2524-3325-3036,1,0,0,0,0,0,0,0,0
QFH1D9FJA_3837-988-4349-1500,1,0,0,0,0,0,0,0,0
QFH1D9FJA_4349-476-4861-988,1,0,0,0,0,0,0,0,0
QFH1D9FJA_3325-5084-3837-5596,1,0,0,0,0,0,0,0,0
QFH1D9FJA_4349-1500-4861-2012,1,0,0,0,0,0,0,0,0
QFH1D9FJA_4349-5084-4861-5596,1,0,0,0,0,0,0,0,0
QFH1D9FJA_4349-988-4861-1500,1,0,0,0,0,0,0,0,0
QFH1D9FJA_4861-1500-5373-2012,1,0,0,0,0,0,0,0,0
QFH1D9FJA_4861-5084-5373-5596,1,0,0,0,0,0,0,0,0
QFH1D9FJA_765-2524-1277-3036,1,0,0,0,0,0,0,0,0
QFH1D9FJA_4861-2012-5373-2524,1,0,0,0,0,0,0,0,0
QFH1D9FJA_4861-4572-5373-5084,1,0,0,0,0,0,0,0,0
QFH1D9FJA_4861-476-5373-988,1,0,0,0,0,0,0,0,0
QFH1D9FJA_765-4572-1277-5084,1,0,0,0,0,0,0,0,0
QFH1D9FJA_4861-988-5373-1500,1,0,0,0,0,0,0,0,0
QFH1D9FJA_4861-4060-5373-4572,1,0,0,0,0,0,0,0,0
QFH1D9FJA_765-4060-1277-4572,1,0,0,0,0,0,0,0,0
QFH1D9FJA_4861-2524-5373-3036,1,0,0,0,0,0,0,0,0
QFH1D9FJA_765-3036-1277-3548,1,0,0,0,0,0,0,0,0
QFH1D9FJA_765-3548-1277-4060,1,0,0,0,0,0,0,0,0
QFH1D9FJA_765-476-1277-988,1,0,0,0,0,0,0,0,0
QFH1D9FJA_765-5084-1277-5596,1,0,0,0,0,0,0,0,0
QFH1D9FJA_765-988-1277-1500,1,0,0,0,0,0,0,0,0
QGWUWQACN_1594-604-2106-1116,0,0,0,0,1,0,0,0,0
QGWUWQACN_2607-593-3119-1105,0,0,0,0,1,1,0,0,1
QGWUWQACN_1281-600-1793-1112,0,0,0,0,1,0,0,0,0
QGWUWQACN_2878-6052-3390-6564,0,0,0,0,0,1,0,0,0
QGWUWQACN_3381-7156-3893-7668,0,0,0,0,1,1,0,0,1
QGWUWQACN_3387-571-3899-1083,0,0,0,0,1,0,0,0,0
QGWUWQACN_2630-5903-3142-6415,0,0,0,0,0,1,0,0,0
QGWUWQACN_3802-7926-4314-8438,0,0,0,0,1,1,0,0,0
QGWUWQACN_4429-571-4941-1083,0,0,0,0,1,0,0,0,0
QGWUWQACN_3965-6798-4477-7310,0,0,0,0,1,1,0,0,1
QGWUWQACN_3977-8911-4489-9423,0,0,0,0,1,1,0,0,0
QGWUWQACN_3791-8727-4303-9239,0,0,0,0,1,1,0,0,0
QGWUWQACN_4406-7547-4918-8059,0,0,0,0,1,1,0,0,0
QGWUWQACN_4663-7364-5175-7876,0,0,0,0,1,1,0,0,0
QGWUWQACN_4476-9056-4988-9568,0,0,0,0,1,1,0,0,0
QGWUWQACN_3647-6995-4159-7507,0,0,0,0,1,1,0,0,1
QGWUWQACN_4098-7754-4610-8266,0,0,0,0,1,1,0,0,0
QGWUWQACN_4702-578-5214-1090,0,0,0,0,1,0,0,0,0
QGWUWQACN_4828-9247-5340-9759,0,0,0,0,1,1,0,0,0
QGWUWQACN_4822-6351-5334-6863,0,0,0,0,1,1,0,0,1
QGWUWQACN_4943-7182-5455-7694,0,0,0,0,1,1,0,0,0
QGWUWQACN_5339-6083-5851-6595,0,0,0,0,1,1,0,0,0
QGWUWQACN_5081-6222-5593-6734,0,0,0,0,1,1,0,0,0
QGWUWQACN_5224-577-5736-1089,0,0,0,0,1,0,0,0,0
QGWUWQACN_5339-9293-5851-9805,0,0,0,0,1,0,0,0,0
QGWUWQACN_5706-6697-6218-7209,0,0,0,0,1,1,0,0,0
QGWUWQACN_5205-7028-5717-7540,0,0,0,0,1,1,0,0,0
QGWUWQACN_5740-578-6252-1090,0,0,0,0,1,0,0,0,0
QGWUWQACN_6081-6478-6593-6990,0,0,0,0,1,1,0,0,0
QGWUWQACN_6115-5581-6627-6093,0,0,0,0,1,1,0,0,1
QGWUWQACN_5451-6862-5963-7374,0,0,0,0,1,1,0,0,0
QGWUWQACN_5593-5933-6105-6445,0,0,0,0,1,1,0,0,0
QGWUWQACN_5871-5757-6383-6269,0,0,0,0,1,1,0,0,1
QGWUWQACN_5935-8990-6447-9502,0,0,0,0,1,0,0,0,0
QGWUWQACN_6255-9265-6767-9777,0,0,0,0,1,1,0,0,0
QGWUWQACN_6377-5401-6889-5913,0,0,0,0,1,1,0,0,0
QGWUWQACN_6408-529-6920-1041,0,0,0,0,1,0,0,0,0
QGWUWQACN_6467-6071-6979-6583,0,0,0,0,0,1,0,0,0
QGWUWQACN_6480-9138-6992-9650,0,0,0,0,1,1,0,0,0
QGZ38JVAG_10099-6140-10611-6652,0,0,1,0,0,0,0,0,0
QGWUWQACN_937-608-1449-1120,0,0,0,0,1,1,0,0,0
QGZ38JVAG_10611-5628-11123-6140,0,0,1,0,0,0,0,0,0
QGZ38JVAG_10565-762-11077-1274,0,0,1,0,1,0,0,0,0
QGZ38JVAG_10327-9225-10839-9737,0,0,0,0,1,0,0,0,0
QGZ38JVAG_10488-1624-11000-2136,0,0,1,0,0,0,0,0,0
QGZ38JVAG_10906-7804-11418-8316,0,0,1,0,0,0,0,0,0
QGZ38JVAG_10488-1112-11000-1624,0,0,1,0,0,0,0,0,0
QGZ38JVAG_10394-8316-10906-8828,0,0,1,0,0,0,0,0,0
QGZ38JVAG_10099-5628-10611-6140,0,0,1,0,0,0,0,0,0
QGZ38JVAG_10906-8828-11418-9340,0,0,1,0,0,0,0,0,0
QGZ38JVAG_10394-8828-10906-9340,0,0,1,0,0,0,0,0,0
QGZ38JVAG_10611-6140-11123-6652,0,0,1,0,0,0,0,0,0
QGZ38JVAG_11000-1112-11512-1624,0,0,1,0,1,0,0,0,0
QGZ38JVAG_11000-1624-11512-2136,0,0,1,0,0,0,0,0,0
QGZ38JVAG_11123-6140-11635-6652,0,0,1,0,0,0,0,0,0
QGZ38JVAG_11041-9182-11553-9694,0,0,0,0,1,0,0,0,0
QGZ38JVAG_11123-5628-11635-6140,0,0,1,0,0,0,0,0,0
QGZ38JVAG_11930-8828-12442-9340,0,0,1,0,0,0,0,0,0
QGZ38JVAG_11254-1193-11766-1705,0,0,1,0,0,0,0,0,0
QGZ38JVAG_11884-7205-12396-7717,0,0,1,0,0,0,0,0,0
QGZ38JVAG_11380-6592-11892-7104,0,0,1,0,0,0,0,0,0
QGZ38JVAG_11418-7804-11930-8316,0,0,1,0,0,0,0,0,0
QGZ38JVAG_12558-5001-13070-5513,0,0,1,0,0,0,0,0,0
QGZ38JVAG_11326-799-11838-1311,0,0,1,0,1,0,0,0,0
QGZ38JVAG_1198-7015-1710-7527,0,0,1,0,0,0,0,0,0
QGZ38JVAG_11930-8316-12442-8828,0,0,1,0,0,0,0,0,0
QGZ38JVAG_11418-8828-11930-9340,0,0,1,0,1,0,0,0,0
QGZ38JVAG_11930-7804-12442-8316,0,0,1,0,0,0,0,0,0
QGZ38JVAG_12023-831-12535-1343,0,0,0,0,1,0,0,0,0
QGZ38JVAG_12704-7553-13216-8065,0,0,1,0,0,0,0,0,0
QGZ38JVAG_12747-833-13259-1345,0,0,0,0,1,0,0,0,0
QGZ38JVAG_13008-4421-13520-4933,0,0,1,0,0,0,0,0,0
QGZ38JVAG_13216-7553-13728-8065,0,0,1,0,0,0,0,0,0
QGZ38JVAG_13008-5445-13520-5957,0,0,1,0,0,0,0,0,0
QGZ38JVAG_1331-6736-1843-7248,0,0,1,0,0,0,0,0,0
QGZ38JVAG_1331-7248-1843-7760,0,0,1,0,0,0,0,0,0
QGZ38JVAG_13008-4933-13520-5445,0,0,1,0,0,0,0,0,0
QGZ38JVAG_13008-5957-13520-6469,0,0,1,0,0,0,0,0,0
QGZ38JVAG_13176-7939-13688-8451,0,0,1,0,0,0,0,0,0
QGZ38JVAG_1379-9256-1891-9768,0,0,0,0,0,1,0,0,0
QGZ38JVAG_2403-9256-2915-9768,0,0,0,0,0,1,0,0,0
QGZ38JVAG_3134-7528-3646-8040,0,0,1,0,0,0,0,0,0
QGZ38JVAG_2915-9256-3427-9768,0,0,0,0,0,1,0,0,0
QGZ38JVAG_3427-9256-3939-9768,0,0,0,0,0,1,0,0,0
QGZ38JVAG_13451-638-13963-1150,0,0,0,0,1,0,0,0,0
QGZ38JVAG_1891-9256-2403-9768,0,0,0,0,0,1,0,0,0
QGZ38JVAG_3134-7016-3646-7528,0,0,1,0,0,0,0,0,0
QGZ38JVAG_3789-7474-4301-7986,0,0,1,0,0,0,0,0,0
QGZ38JVAG_3939-9256-4451-9768,0,0,0,0,1,1,0,0,0
QGZ38JVAG_3903-9533-4415-10045,0,0,0,0,1,1,0,0,0
QGZ38JVAG_4895-7295-5407-7807,0,0,1,0,0,0,0,0,0
QGZ38JVAG_5039-6256-5551-6768,0,0,1,0,0,0,0,0,0
QGZ38JVAG_6075-9381-6587-9893,0,0,0,0,1,1,0,0,0
QGZ38JVAG_5646-9236-6158-9748,0,0,0,0,1,1,0,0,0
QGZ38JVAG_6223-6077-6735-6589,0,0,1,0,0,0,0,0,0
QGZ38JVAG_4131-6408-4643-6920,0,0,1,0,0,0,0,0,0
QGZ38JVAG_5134-9236-5646-9748,0,0,0,0,1,1,0,0,0
QGZ38JVAG_6445-2295-6957-2807,0,0,1,0,0,0,0,0,0
QGZ38JVAG_6445-2807-6957-3319,0,0,1,0,0,0,0,0,0
QGZ38JVAG_4053-718-4565-1230,0,0,0,0,1,0,0,0,0
QGZ38JVAG_4622-9236-5134-9748,0,0,0,0,1,1,0,0,0
QGZ38JVAG_6368-9180-6880-9692,0,0,0,0,1,1,0,0,0
QGZ38JVAG_6445-1271-6957-1783,0,0,1,0,0,0,0,0,0
QGZ38JVAG_5000-9466-5512-9978,0,0,0,0,1,1,0,0,0
QGZ38JVAG_6445-1783-6957-2295,0,0,1,0,0,0,0,0,0
QGZ38JVAG_6445-3319-6957-3831,0,0,1,0,0,0,0,0,0
QGZ38JVAG_6445-3831-6957-4343,0,0,1,0,0,0,0,0,0
QGZ38JVAG_6445-4343-6957-4855,0,0,1,0,0,0,0,0,0
QGZ38JVAG_6445-4855-6957-5367,0,0,1,0,0,0,0,0,0
QGZ38JVAG_6542-5403-7054-5915,0,0,1,0,0,0,0,0,0
QGZ38JVAG_6728-6064-7240-6576,0,0,1,0,0,0,0,0,0
QGZ38JVAG_6926-5667-7438-6179,0,0,1,0,0,0,0,0,0
QGZ38JVAG_6508-6849-7020-7361,0,0,1,0,0,0,0,0,0
QGZ38JVAG_6559-9372-7071-9884,0,0,0,0,1,1,0,0,0
QGZ38JVAG_6728-6576-7240-7088,0,0,1,0,0,0,0,0,0
QGZ38JVAG_7135-9120-7647-9632,0,0,0,0,1,1,0,0,0
QGZ38JVAG_7071-9372-7583-9884,0,0,0,0,1,1,0,0,0
QGZ38JVAG_6580-836-7092-1348,0,0,1,0,0,0,0,0,0
QGZ38JVAG_6791-3359-7303-3871,0,0,1,0,0,0,0,0,0
QGZ38JVAG_694-2266-1206-2778,0,0,1,0,0,0,0,0,0
QGZ38JVAG_7020-6849-7532-7361,0,0,1,0,0,0,0,0,0
QGZ38JVAG_6843-9155-7355-9667,0,0,0,0,1,1,0,0,0
QGZ38JVAG_694-2778-1206-3290,0,0,1,0,0,0,0,0,0
QGZ38JVAG_7377-1097-7889-1609,0,0,1,0,0,0,0,0,0
QGZ38JVAG_7485-9330-7997-9842,0,0,0,0,1,1,0,0,0
QGZ38JVAG_7647-9120-8159-9632,0,0,0,0,1,1,0,0,0
QGZ38JVAG_8615-8578-9127-9090,0,0,1,0,0,0,0,0,0
QGZ38JVAG_7665-7042-8177-7554,0,0,1,0,0,0,0,0,0
QGZ38JVAG_7653-8583-8165-9095,0,0,1,0,0,0,0,0,0
QGZ38JVAG_856-3975-1368-4487,0,0,1,0,0,0,0,0,0
QGZ38JVAG_8188-8454-8700-8966,0,0,1,0,0,0,0,0,0
QGZ38JVAG_7930-4559-8442-5071,0,0,1,0,0,0,0,0,0
QGZ38JVAG_7659-6063-8171-6575,0,0,1,0,0,0,0,0,0
QGZ38JVAG_856-3463-1368-3975,0,0,1,0,0,0,0,0,0
QGZ38JVAG_8209-9342-8721-9854,0,0,0,0,1,1,0,0,0
QGZ38JVAG_8101-2407-8613-2919,0,0,1,0,0,0,0,0,0
QGZ38JVAG_8218-8854-8730-9366,0,0,1,0,0,1,0,0,0
QGZ38JVAG_856-4487-1368-4999,0,0,1,0,0,0,0,0,0
QGZ38JVAG_8441-7635-8953-8147,0,0,1,0,0,0,0,0,0
QGZ38JVAG_8134-7079-8646-7591,0,0,1,0,0,0,0,0,0
QGZ38JVAG_867-9256-1379-9768,0,0,0,0,0,1,0,0,0
QGZ38JVAG_8671-9120-9183-9632,0,0,0,0,1,1,0,0,0
QGZ38JVAG_8735-1832-9247-2344,0,0,1,0,0,0,0,0,0
QGZ38JVAG_8858-7804-9370-8316,0,0,1,0,0,0,0,0,0
QGZ38JVAG_9490-7355-10002-7867,0,0,1,0,0,0,0,0,0
QGZ38JVAG_9126-753-9638-1265,0,0,0,0,1,0,0,0,0
QGZ38JVAG_9210-1529-9722-2041,0,0,1,0,0,0,0,0,0
QGZ38JVAG_9877-7162-10389-7674,0,0,1,0,0,0,0,0,0
QGZ38JVAG_8978-7355-9490-7867,0,0,1,0,0,0,0,0,0
QGZ38JVAG_9075-6140-9587-6652,0,0,1,0,0,0,0,0,0
QGZ38JVAG_8858-8828-9370-9340,0,0,1,0,0,1,0,0,0
QGZ38JVAG_9464-1112-9976-1624,0,0,1,0,1,0,0,0,0
QGZ38JVAG_8919-9280-9431-9792,0,0,0,0,1,1,0,0,0
QGZ38JVAG_8858-8316-9370-8828,0,0,1,0,0,0,0,0,0
QGZ38JVAG_9637-9257-10149-9769,0,0,0,0,1,1,0,0,0
QGZ38JVAG_9587-6140-10099-6652,0,0,1,0,0,0,0,0,0
QGZ38JVAG_9370-8828-9882-9340,0,0,1,0,0,1,0,0,0
QGZ38JVAG_9370-8316-9882-8828,0,0,1,0,0,0,0,0,0
QGZ38JVAG_9464-1624-9976-2136,0,0,1,0,0,0,0,0,0
QGZ38JVAG_9882-8316-10394-8828,0,0,1,0,0,0,0,0,0
QGZ38JVAG_9882-8828-10394-9340,0,0,1,0,0,1,0,0,0
QGZ38JVAG_9976-1624-10488-2136,0,0,1,0,0,0,0,0,0
QGZ38JVAG_9976-1112-10488-1624,0,0,1,0,0,0,0,0,0
QH1VJ7VGC_750-1220-1262-1732,0,0,0,0,0,0,0,0,1
QH1VJ7VGC_8464-8232-8976-8744,0,0,0,0,0,0,0,0,1
QHBU8YVK7_11202-13673-11714-14185,0,0,0,0,0,0,0,0,1
QHBU8YVK7_11507-13674-12019-14186,0,0,0,0,0,0,0,0,1
QH1VJ7VGC_750-708-1262-1220,0,0,0,0,0,0,0,0,1
QHBU8YVK7_3258-14511-3770-15023,0,0,0,0,0,0,0,0,1
QHBU8YVK7_11474-16983-11986-17495,0,0,0,0,0,0,0,0,1
QH1VJ7VGC_2394-3904-2906-4416,0,0,0,0,0,0,0,0,1
QHBU8YVK7_6764-13359-7276-13871,0,0,0,0,0,0,0,0,1
QHBU8YVK7_14074-12500-14586-13012,0,0,0,0,0,0,0,0,1
QHBU8YVK7_3654-14319-4166-14831,0,0,0,0,0,0,0,0,1
QHBU8YVK7_7276-13359-7788-13871,0,0,0,0,0,0,0,0,1
QHBU8YVK7_7676-2160-8188-2672,0,0,0,0,0,0,0,0,1
QHBU8YVK7_599-16900-1111-17412,0,0,0,0,0,0,0,0,1
QHBU8YVK7_8188-2160-8700-2672,0,0,0,0,0,0,0,0,1
QHBU8YVK7_8814-13354-9326-13866,0,0,0,0,0,0,0,0,1
QHMLGBFVF_2502-1929-3014-2441,0,0,0,1,0,0,0,0,0
QHMLGBFVF_1990-1929-2502-2441,0,0,0,1,0,0,0,0,0
QHMLGBFVF_3584-1944-4096-2456,0,0,0,1,0,0,0,0,0
QJWFD2R4U_1049-1566-1561-2078,0,1,0,0,0,0,0,0,0
QHMLGBFVF_3870-1987-4382-2499,0,0,0,1,0,0,0,0,0
QJWFD2R4U_1561-542-2073-1054,0,1,0,0,0,0,0,0,0
QJWFD2R4U_1561-1566-2073-2078,0,1,0,0,0,0,0,0,0
QHBU8YVK7_9326-13354-9838-13866,0,0,0,0,0,0,0,0,1
QJWFD2R4U_537-1054-1049-1566,0,1,0,0,0,0,0,0,0
QJWFD2R4U_2073-542-2585-1054,0,1,0,0,0,0,0,0,0
QJWFD2R4U_2073-1054-2585-1566,0,1,0,0,0,0,0,0,0
QJWFD2R4U_2073-1566-2585-2078,0,1,0,0,0,0,0,0,0
QJWFD2R4U_6971-2043-7483-2555,0,1,0,0,0,0,0,0,0
QJWFD2R4U_1049-542-1561-1054,0,1,0,0,0,0,0,0,0
QJWFD2R4U_537-1566-1049-2078,0,1,0,0,0,0,0,0,0
QJWFD2R4U_537-542-1049-1054,0,1,0,0,0,0,0,0,0
QJWFD2R4U_6971-2555-7483-3067,0,1,0,0,0,0,0,0,0
QJWFD2R4U_8507-1531-9019-2043,0,1,0,0,0,0,0,0,0
QJWFD2R4U_8507-2555-9019-3067,0,1,0,0,0,0,0,0,0
QJWFD2R4U_7483-2043-7995-2555,0,1,0,0,0,0,0,0,0
QJWFD2R4U_7483-2555-7995-3067,0,1,0,0,0,0,0,0,0
QJWFD2R4U_8869-1168-9381-1680,0,1,0,0,0,0,0,0,0
QJWFD2R4U_9019-2043-9531-2555,0,1,0,0,0,0,0,0,0
QJWFD2R4U_8507-2043-9019-2555,0,1,0,0,0,0,0,0,0
QJWFD2R4U_7995-2043-8507-2555,0,1,0,0,0,0,0,0,0
QJWFD2R4U_9019-1531-9531-2043,0,1,0,0,0,0,0,0,0
QJWFD2R4U_9531-1531-10043-2043,0,1,0,0,0,0,0,0,0
QJWFD2R4U_9497-2581-10009-3093,0,1,0,0,0,0,0,0,0
QJWFD2R4U_9019-2555-9531-3067,0,1,0,0,0,0,0,0,0
QJWFD2R4U_998-3805-1510-4317,0,1,0,0,0,0,0,0,0
QJWFD2R4U_9381-1168-9893-1680,0,1,0,0,0,0,0,0,0
QK6LIIVBC_1475-645-1987-1157,1,0,0,0,0,0,0,0,0
QK6LIIVBC_1475-3205-1987-3717,1,0,0,0,0,0,0,0,0
QK6LIIVBC_1673-2226-2185-2738,1,0,0,0,0,0,0,0,0
QK6LIIVBC_1673-2738-2185-3250,1,0,0,0,0,0,0,0,0
QK6LIIVBC_2185-2226-2697-2738,1,0,0,0,0,0,0,0,0
QK6LIIVBC_1987-3205-2499-3717,1,0,0,0,0,0,0,0,0
QK6LIIVBC_2185-2738-2697-3250,1,0,0,0,0,0,0,0,0
QK6LIIVBC_2499-3717-3011-4229,1,0,0,0,0,0,0,0,0
QK6LIIVBC_2499-2693-3011-3205,1,0,0,0,0,0,0,0,0
QK6LIIVBC_1987-645-2499-1157,1,0,0,0,0,0,0,0,0
QK6LIIVBC_2499-2181-3011-2693,1,0,0,0,0,0,0,0,0
QK6LIIVBC_1987-4741-2499-5253,1,0,0,0,0,0,0,0,0
QK6LIIVBC_2499-645-3011-1157,1,0,0,0,0,0,0,0,0
QK6LIIVBC_2499-3205-3011-3717,1,0,0,0,0,0,0,0,0
QK6LIIVBC_2499-4229-3011-4741,1,0,0,0,0,0,0,0,0
QK6LIIVBC_3011-1669-3523-2181,1,0,0,0,0,0,0,0,0
QK6LIIVBC_2499-4741-3011-5253,1,0,0,0,0,0,0,0,0
QK6LIIVBC_3011-1157-3523-1669,1,0,0,0,0,0,0,0,0
QK6LIIVBC_3011-2693-3523-3205,1,0,0,0,0,0,0,0,0
QK6LIIVBC_3011-2181-3523-2693,1,0,0,0,0,0,0,0,0
QK6LIIVBC_3011-3205-3523-3717,1,0,0,0,0,0,0,0,0
QK6LIIVBC_3011-3717-3523-4229,1,0,0,0,0,0,0,0,0
QK6LIIVBC_3011-4741-3523-5253,1,0,0,0,0,0,0,0,0
QK6LIIVBC_3523-1157-4035-1669,1,0,0,0,0,0,0,0,0
QK6LIIVBC_3011-4229-3523-4741,1,0,0,0,0,0,0,0,0
QK6LIIVBC_3523-1669-4035-2181,1,0,0,0,0,0,0,0,0
QK6LIIVBC_3011-645-3523-1157,1,0,0,0,0,0,0,0,0
QK6LIIVBC_3523-2181-4035-2693,1,0,0,0,0,0,0,0,0
QK6LIIVBC_3523-3205-4035-3717,1,0,0,0,0,0,0,0,0
QK6LIIVBC_3523-2693-4035-3205,1,0,0,0,0,0,0,0,0
QK6LIIVBC_3523-645-4035-1157,1,0,0,0,0,0,0,0,0
QK6LIIVBC_3523-4741-4035-5253,1,0,0,0,0,0,0,0,0
QK6LIIVBC_3523-4229-4035-4741,1,0,0,0,0,0,0,0,0
QK6LIIVBC_4035-2181-4547-2693,1,0,0,0,0,0,0,0,0
QK6LIIVBC_4035-2693-4547-3205,1,0,0,0,0,0,0,0,0
QK6LIIVBC_4035-4741-4547-5253,1,0,0,0,0,0,0,0,0
QK6LIIVBC_4035-645-4547-1157,1,0,0,0,0,0,0,0,0
QK6LIIVBC_4547-1157-5059-1669,1,0,0,0,0,0,0,0,0
QK6LIIVBC_4547-4741-5059-5253,1,0,0,0,0,0,0,0,0
QK6LIIVBC_4547-645-5059-1157,1,0,0,0,0,0,0,0,0
QK6LIIVBC_5059-2181-5571-2693,1,0,0,0,0,0,0,0,0
QK6LIIVBC_649-2738-1161-3250,1,0,0,0,0,0,0,0,0
QK6LIIVBC_5059-3205-5571-3717,1,0,0,0,0,0,0,0,0
QK6LIIVBC_5059-3717-5571-4229,1,0,0,0,0,0,0,0,0
QK6LIIVBC_5059-4229-5571-4741,1,0,0,0,0,0,0,0,0
QK6LIIVBC_5059-2693-5571-3205,1,0,0,0,0,0,0,0,0
QK6LIIVBC_5059-1669-5571-2181,1,0,0,0,0,0,0,0,0
QK6LIIVBC_963-3205-1475-3717,1,0,0,0,0,0,0,0,0
QK6LIIVBC_649-3250-1161-3762,1,0,0,0,0,0,0,0,0
QK6LIIVBC_5059-4741-5571-5253,1,0,0,0,0,0,0,0,0
QK6LIIVBC_963-2693-1475-3205,1,0,0,0,0,0,0,0,0
QK6LIIVBC_963-645-1475-1157,1,0,0,0,0,0,0,0,0
QKP9XJYCX_2066-8093-2578-8605,0,0,0,1,0,0,0,0,0
QM37FBDPG_239-300-751-812,0,0,0,0,1,0,0,0,0
QLANZLWE7_502-2778-1014-3290,1,0,0,0,0,0,0,0,0
QKP9XJYCX_2578-8093-3090-8605,0,0,0,1,0,0,0,0,0
QM37FBDPG_3751-3134-4263-3646,0,0,0,0,1,0,0,0,0
QM37FBDPG_7094-2386-7606-2898,0,0,0,0,1,0,0,0,0
QM48RN8TG_2459-2206-2971-2718,0,0,0,0,0,0,1,0,0
QM48RN8TG_2927-3586-3439-4098,0,0,1,0,0,0,0,0,0
QMNXIBZAG_1835-7277-2347-7789,0,0,1,0,0,0,0,0,0
QM48RN8TG_3541-2476-4053-2988,0,0,0,0,0,0,1,0,0
QM48RN8TG_565-901-1077-1413,0,0,0,0,0,0,1,0,0
QM37FBDPG_7094-1225-7606-1737,0,0,0,0,1,0,0,0,0
QMXNXNHAA_1055-7726-1567-8238,1,0,0,0,0,0,0,0,0
QM48RN8TG_1242-1102-1754-1614,0,0,0,0,0,0,1,0,0
QMXNXNHAA_1053-8240-1565-8752,1,0,0,0,0,0,0,0,0
QM48RN8TG_3837-2396-4349-2908,0,0,0,0,0,0,1,0,0
QMXNXNHAA_1425-5167-1937-5679,1,0,0,0,0,0,0,0,0
QMXNXNHAA_1127-4925-1639-5437,1,0,0,0,0,0,0,0,0
QMXNXNHAA_1426-2958-1938-3470,1,0,0,0,0,0,0,0,0
QMXNXNHAA_1462-5622-1974-6134,1,0,0,0,0,0,0,0,0
QMXNXNHAA_1426-2446-1938-2958,1,0,0,0,0,0,0,0,0
QMXNXNHAA_1426-3470-1938-3982,1,0,0,0,0,0,0,0,0
QMXNXNHAA_1877-5158-2389-5670,1,0,0,0,0,0,0,0,0
QMXNXNHAA_1593-8735-2105-9247,1,0,0,0,0,0,0,0,0
QMXNXNHAA_1938-2958-2450-3470,1,0,0,0,0,0,0,0,0
QMXNXNHAA_1462-6134-1974-6646,1,0,0,0,0,0,0,0,0
QMXNXNHAA_1472-8139-1984-8651,1,0,0,0,0,0,0,0,0
QMXNXNHAA_1462-6646-1974-7158,1,0,0,0,0,0,0,0,0
QMXNXNHAA_1639-4925-2151-5437,1,0,0,0,0,0,0,0,0
QMXNXNHAA_1938-2446-2450-2958,1,0,0,0,0,0,0,0,0
QMXNXNHAA_1471-8513-1983-9025,1,0,0,0,0,0,0,0,0
QMXNXNHAA_1472-7627-1984-8139,1,0,0,0,0,0,0,0,0
QMXNXNHAA_1974-5622-2486-6134,1,0,0,0,0,0,0,0,0
QMXNXNHAA_1938-3470-2450-3982,1,0,0,0,0,0,0,0,0
QMXNXNHAA_1974-6134-2486-6646,1,0,0,0,0,0,0,0,0
QMXNXNHAA_2080-8889-2592-9401,1,0,0,0,0,0,0,0,0
QMXNXNHAA_1984-7627-2496-8139,1,0,0,0,0,0,0,0,0
QMXNXNHAA_1974-6646-2486-7158,1,0,0,0,0,0,0,0,0
QMXNXNHAA_1984-8139-2496-8651,1,0,0,0,0,0,0,0,0
QMXNXNHAA_2224-5410-2736-5922,1,0,0,0,0,0,0,0,0
QMXNXNHAA_2486-6134-2998-6646,1,0,0,0,0,0,0,0,0
QMXNXNHAA_234-7703-746-8215,1,0,0,0,0,0,0,0,0
QMXNXNHAA_2334-4686-2846-5198,1,0,0,0,0,0,0,0,0
QMXNXNHAA_2438-4920-2950-5432,1,0,0,0,0,0,0,0,0
QMXNXNHAA_2263-3150-2775-3662,1,0,0,0,0,0,0,0,0
QMXNXNHAA_2839-1065-3351-1577,1,0,0,0,0,0,0,0,0
QMXNXNHAA_2592-8889-3104-9401,1,0,0,0,0,0,0,0,0
QMXNXNHAA_2486-5622-2998-6134,1,0,0,0,0,0,0,0,0
QMXNXNHAA_2496-8139-3008-8651,1,0,0,0,0,0,0,0,0
QMXNXNHAA_2691-1609-3203-2121,1,0,0,0,0,0,0,0,0
QMXNXNHAA_2839-553-3351-1065,1,0,0,0,0,0,0,0,0
QMXNXNHAA_2716-5149-3228-5661,1,0,0,0,0,0,0,0,0
QMXNXNHAA_2846-4686-3358-5198,1,0,0,0,0,0,0,0,0
QMXNXNHAA_2969-4444-3481-4956,1,0,0,0,0,0,0,0,0
QMXNXNHAA_2849-4206-3361-4718,1,0,0,0,0,0,0,0,0
QMXNXNHAA_2998-5622-3510-6134,1,0,0,0,0,0,0,0,0
QMXNXNHAA_3104-8889-3616-9401,1,0,0,0,0,0,0,0,0
QMXNXNHAA_2998-6134-3510-6646,1,0,0,0,0,0,0,0,0
QMXNXNHAA_3351-1065-3863-1577,1,0,0,0,0,0,0,0,0
QMXNXNHAA_3361-4206-3873-4718,1,0,0,0,0,0,0,0,0
QMXNXNHAA_3577-4930-4089-5442,1,0,0,0,0,0,0,0,0
QMXNXNHAA_3724-7795-4236-8307,1,0,0,0,0,0,0,0,0
QMXNXNHAA_3165-8265-3677-8777,1,0,0,0,0,0,0,0,0
QMXNXNHAA_3351-553-3863-1065,1,0,0,0,0,0,0,0,0
QMXNXNHAA_3510-5622-4022-6134,1,0,0,0,0,0,0,0,0
QMXNXNHAA_3510-6134-4022-6646,1,0,0,0,0,0,0,0,0
QMXNXNHAA_3481-4444-3993-4956,1,0,0,0,0,0,0,0,0
QMXNXNHAA_3358-4686-3870-5198,1,0,0,0,0,0,0,0,0
QMXNXNHAA_3616-8889-4128-9401,1,0,0,0,0,0,0,0,0
QMXNXNHAA_3863-1065-4375-1577,1,0,0,0,0,0,0,0,0
QMXNXNHAA_3873-4206-4385-4718,1,0,0,0,0,0,0,0,0
QMXNXNHAA_3863-553-4375-1065,1,0,0,0,0,0,0,0,0
QMXNXNHAA_3993-4444-4505-4956,1,0,0,0,0,0,0,0,0
QMXNXNHAA_402-2446-914-2958,1,0,0,0,0,0,0,0,0
QMXNXNHAA_402-2958-914-3470,1,0,0,0,0,0,0,0,0
QMXNXNHAA_402-3470-914-3982,1,0,0,0,0,0,0,0,0
QMXNXNHAA_4263-5171-4775-5683,1,0,0,0,0,0,0,0,0
QMXNXNHAA_4375-3625-4887-4137,1,0,0,0,0,0,0,0,0
QMXNXNHAA_4308-6116-4820-6628,1,0,0,0,0,0,0,0,0
QMXNXNHAA_4089-4930-4601-5442,1,0,0,0,0,0,0,0,0
QMXNXNHAA_4385-4206-4897-4718,1,0,0,0,0,0,0,0,0
QMXNXNHAA_438-5622-950-6134,1,0,0,0,0,0,0,0,0
QMXNXNHAA_4375-553-4887-1065,1,0,0,0,0,0,0,0,0
QMXNXNHAA_4206-8015-4718-8527,1,0,0,0,0,0,0,0,0
QMXNXNHAA_4441-5406-4953-5918,1,0,0,0,0,0,0,0,0
QMXNXNHAA_4375-1065-4887-1577,1,0,0,0,0,0,0,0,0
QMXNXNHAA_4456-7313-4968-7825,1,0,0,0,0,0,0,0,0
QMXNXNHAA_4505-3934-5017-4446,1,0,0,0,0,0,0,0,0
QMXNXNHAA_4505-4444-5017-4956,1,0,0,0,0,0,0,0,0
QMXNXNHAA_4550-4918-5062-5430,1,0,0,0,0,0,0,0,0
QMXNXNHAA_4577-7077-5089-7589,1,0,0,0,0,0,0,0,0
QMXNXNHAA_4671-5287-5183-5799,1,0,0,0,0,0,0,0,0
QMXNXNHAA_4865-6834-5377-7346,1,0,0,0,0,0,0,0,0
QMXNXNHAA_4671-5799-5183-6311,1,0,0,0,0,0,0,0,0
QMXNXNHAA_4887-3113-5399-3625,1,0,0,0,0,0,0,0,0
QMXNXNHAA_4887-2089-5399-2601,1,0,0,0,0,0,0,0,0
QMXNXNHAA_4887-1065-5399-1577,1,0,0,0,0,0,0,0,0
QMXNXNHAA_4887-1577-5399-2089,1,0,0,0,0,0,0,0,0
QMXNXNHAA_5017-3934-5529-4446,1,0,0,0,0,0,0,0,0
QMXNXNHAA_4887-2601-5399-3113,1,0,0,0,0,0,0,0,0
QMXNXNHAA_4887-3625-5399-4137,1,0,0,0,0,0,0,0,0
QMXNXNHAA_4887-553-5399-1065,1,0,0,0,0,0,0,0,0
QMXNXNHAA_5062-4918-5574-5430,1,0,0,0,0,0,0,0,0
QMXNXNHAA_5017-4444-5529-4956,1,0,0,0,0,0,0,0,0
QMXNXNHAA_5231-6131-5743-6643,1,0,0,0,0,0,0,0,0
QMXNXNHAA_5183-5287-5695-5799,1,0,0,0,0,0,0,0,0
QMXNXNHAA_5231-8384-5743-8896,1,0,0,0,0,0,0,0,0
QMXNXNHAA_5399-2601-5911-3113,1,0,0,0,0,0,0,0,0
QMXNXNHAA_5399-3113-5911-3625,1,0,0,0,0,0,0,0,0
QMXNXNHAA_5252-5653-5764-6165,1,0,0,0,0,0,0,0,0
QMXNXNHAA_5399-1065-5911-1577,1,0,0,0,0,0,0,0,0
QMXNXNHAA_5399-2089-5911-2601,1,0,0,0,0,0,0,0,0
QMXNXNHAA_5506-6122-6018-6634,1,0,0,0,0,0,0,0,0
QMXNXNHAA_5529-3934-6041-4446,1,0,0,0,0,0,0,0,0
QMXNXNHAA_5575-6368-6087-6880,1,0,0,0,0,0,0,0,0
QMXNXNHAA_5399-3625-5911-4137,1,0,0,0,0,0,0,0,0
QMXNXNHAA_5759-4446-6271-4958,1,0,0,0,0,0,0,0,0
QMXNXNHAA_5599-4917-6111-5429,1,0,0,0,0,0,0,0,0
QMXNXNHAA_5911-1065-6423-1577,1,0,0,0,0,0,0,0,0
QMXNXNHAA_580-7952-1092-8464,1,0,0,0,0,0,0,0,0
QMXNXNHAA_5911-3625-6423-4137,1,0,0,0,0,0,0,0,0
QMXNXNHAA_5911-1577-6423-2089,1,0,0,0,0,0,0,0,0
QMXNXNHAA_6018-6122-6530-6634,1,0,0,0,0,0,0,0,0
QMXNXNHAA_6011-5155-6523-5667,1,0,0,0,0,0,0,0,0
QMXNXNHAA_6423-1577-6935-2089,1,0,0,0,0,0,0,0,0
QMXNXNHAA_6178-4400-6690-4912,1,0,0,0,0,0,0,0,0
QMXNXNHAA_6150-5396-6662-5908,1,0,0,0,0,0,0,0,0
QMXNXNHAA_615-4925-1127-5437,1,0,0,0,0,0,0,0,0
QMXNXNHAA_6178-4912-6690-5424,1,0,0,0,0,0,0,0,0
QMXNXNHAA_6423-2089-6935-2601,1,0,0,0,0,0,0,0,0
QMXNXNHAA_6935-2601-7447-3113,1,0,0,0,0,0,0,0,0
QMXNXNHAA_6423-3625-6935-4137,1,0,0,0,0,0,0,0,0
QMXNXNHAA_6423-3113-6935-3625,1,0,0,0,0,0,0,0,0
QMXNXNHAA_6935-3113-7447-3625,1,0,0,0,0,0,0,0,0
QMXNXNHAA_6498-5631-7010-6143,1,0,0,0,0,0,0,0,0
QMXNXNHAA_6935-3625-7447-4137,1,0,0,0,0,0,0,0,0
QMXNXNHAA_6690-4400-7202-4912,1,0,0,0,0,0,0,0,0
QMXNXNHAA_6690-5424-7202-5936,1,0,0,0,0,0,0,0,0
QMXNXNHAA_6690-4912-7202-5424,1,0,0,0,0,0,0,0,0
QMXNXNHAA_6423-2601-6935-3113,1,0,0,0,0,0,0,0,0
QMXNXNHAA_802-7301-1314-7813,1,0,0,0,0,0,0,0,0
QMXNXNHAA_913-5167-1425-5679,1,0,0,0,0,0,0,0,0
QMXNXNHAA_914-2446-1426-2958,1,0,0,0,0,0,0,0,0
QMXNXNHAA_914-3470-1426-3982,1,0,0,0,0,0,0,0,0
QMXNXNHAA_950-6646-1462-7158,1,0,0,0,0,0,0,0,0
QMXNXNHAA_967-5422-1479-5934,1,0,0,0,0,0,0,0,0
QMXNXNHAA_950-6134-1462-6646,1,0,0,0,0,0,0,0,0
QN3EB4BLN_10014-7631-10526-8143,1,0,0,0,0,0,0,0,0
QN3EB4BLN_10171-5059-10683-5571,1,0,0,0,0,0,0,0,0
QN3EB4BLN_10171-3011-10683-3523,1,0,0,0,0,0,0,0,0
QN3EB4BLN_10171-1987-10683-2499,1,0,0,0,0,0,0,0,0
QN3EB4BLN_10171-3523-10683-4035,1,0,0,0,0,0,0,0,0
QN3EB4BLN_10171-2499-10683-3011,1,0,0,0,0,0,0,0,0
QN3EB4BLN_10093-601-10605-1113,1,0,0,0,0,0,0,0,0
QN3EB4BLN_10171-6083-10683-6595,1,0,0,0,0,0,0,0,0
QN3EB4BLN_10171-8131-10683-8643,1,0,0,0,0,0,0,0,0
QN3EB4BLN_10171-5571-10683-6083,1,0,0,0,0,0,0,0,0
QN3EB4BLN_10193-6929-10705-7441,1,0,0,0,0,0,0,0,0
QN3EB4BLN_10214-6599-10726-7111,1,0,0,0,0,0,0,0,0
QN3EB4BLN_10214-3991-10726-4503,1,0,0,0,0,0,0,0,0
QN3EB4BLN_10258-7241-10770-7753,1,0,0,0,0,0,0,0,0
QN3EB4BLN_10232-5834-10744-6346,1,0,0,0,0,0,0,0,0
QN3EB4BLN_10304-4381-10816-4893,1,0,0,0,0,0,0,0,0
QN3EB4BLN_10235-1652-10747-2164,1,0,0,0,0,0,0,0,0
QN3EB4BLN_10522-1330-11034-1842,1,0,0,0,0,0,0,0,0
QN3EB4BLN_10522-2866-11034-3378,1,0,0,0,0,0,0,0,0
QN3EB4BLN_10522-1842-11034-2354,1,0,0,0,0,0,0,0,0
QN3EB4BLN_10529-5143-11041-5655,1,0,0,0,0,0,0,0,0
QN3EB4BLN_10529-4119-11041-4631,1,0,0,0,0,0,0,0,0
QN3EB4BLN_10522-2354-11034-2866,1,0,0,0,0,0,0,0,0
QN3EB4BLN_10529-5655-11041-6167,1,0,0,0,0,0,0,0,0
QN3EB4BLN_10529-3607-11041-4119,1,0,0,0,0,0,0,0,0
QN3EB4BLN_10529-4631-11041-5143,1,0,0,0,0,0,0,0,0
QN3EB4BLN_10522-818-11034-1330,1,0,0,0,0,0,0,0,0
QN3EB4BLN_10529-6679-11041-7191,1,0,0,0,0,0,0,0,0
QN3EB4BLN_10529-6167-11041-6679,1,0,0,0,0,0,0,0,0
QN3EB4BLN_10529-7703-11041-8215,1,0,0,0,0,0,0,0,0
QN3EB4BLN_10529-7191-11041-7703,1,0,0,0,0,0,0,0,0
QN3EB4BLN_1198-4322-1710-4834,1,0,0,0,0,0,0,0,0
QN3EB4BLN_1198-5858-1710-6370,1,0,0,0,0,0,0,0,0
QN3EB4BLN_10529-8215-11041-8727,1,0,0,0,0,0,0,0,0
QN3EB4BLN_1198-4834-1710-5346,1,0,0,0,0,0,0,0,0
QN3EB4BLN_1198-6370-1710-6882,1,0,0,0,0,0,0,0,0
QN3EB4BLN_1467-4035-1979-4547,1,0,0,0,0,0,0,0,0
QN3EB4BLN_1257-2097-1769-2609,1,0,0,0,0,0,0,0,0
QN3EB4BLN_1467-1475-1979-1987,1,0,0,0,0,0,0,0,0
QN3EB4BLN_1198-6882-1710-7394,1,0,0,0,0,0,0,0,0
QN3EB4BLN_1257-3633-1769-4145,1,0,0,0,0,0,0,0,0
QN3EB4BLN_1257-3121-1769-3633,1,0,0,0,0,0,0,0,0
QN3EB4BLN_1198-7394-1710-7906,1,0,0,0,0,0,0,0,0
QN3EB4BLN_1257-7729-1769-8241,1,0,0,0,0,0,0,0,0
QN3EB4BLN_1257-2609-1769-3121,1,0,0,0,0,0,0,0,0
QN3EB4BLN_1467-5059-1979-5571,1,0,0,0,0,0,0,0,0
QN3EB4BLN_1467-4547-1979-5059,1,0,0,0,0,0,0,0,0
QN3EB4BLN_1467-8131-1979-8643,1,0,0,0,0,0,0,0,0
QN3EB4BLN_1467-5571-1979-6083,1,0,0,0,0,0,0,0,0
QN3EB4BLN_1769-3633-2281-4145,1,0,0,0,0,0,0,0,0
QN3EB4BLN_1467-6083-1979-6595,1,0,0,0,0,0,0,0,0
QN3EB4BLN_1467-7107-1979-7619,1,0,0,0,0,0,0,0,0
QN3EB4BLN_1467-6595-1979-7107,1,0,0,0,0,0,0,0,0
QN3EB4BLN_1769-4145-2281-4657,1,0,0,0,0,0,0,0,0
QN3EB4BLN_1979-7107-2491-7619,1,0,0,0,0,0,0,0,0
QN3EB4BLN_1979-1475-2491-1987,1,0,0,0,0,0,0,0,0
QN3EB4BLN_1769-6193-2281-6705,1,0,0,0,0,0,0,0,0
QN3EB4BLN_1979-7619-2491-8131,1,0,0,0,0,0,0,0,0
QN3EB4BLN_1769-4657-2281-5169,1,0,0,0,0,0,0,0,0
QN3EB4BLN_1979-8131-2491-8643,1,0,0,0,0,0,0,0,0
QN3EB4BLN_1769-5169-2281-5681,1,0,0,0,0,0,0,0,0
QN3EB4BLN_1979-6595-2491-7107,1,0,0,0,0,0,0,0,0
QN3EB4BLN_1769-5681-2281-6193,1,0,0,0,0,0,0,0,0
QN3EB4BLN_2182-5862-2694-6374,1,0,0,0,0,0,0,0,0
QN3EB4BLN_2182-7398-2694-7910,1,0,0,0,0,0,0,0,0
QN3EB4BLN_2281-4145-2793-4657,1,0,0,0,0,0,0,0,0
QN3EB4BLN_2281-5169-2793-5681,1,0,0,0,0,0,0,0,0
QN3EB4BLN_2281-4657-2793-5169,1,0,0,0,0,0,0,0,0
QN3EB4BLN_2281-6193-2793-6705,1,0,0,0,0,0,0,0,0
QN3EB4BLN_2281-1585-2793-2097,1,0,0,0,0,0,0,0,0
QN3EB4BLN_2281-2097-2793-2609,1,0,0,0,0,0,0,0,0
QN3EB4BLN_2281-7729-2793-8241,1,0,0,0,0,0,0,0,0
QN3EB4BLN_2491-2499-3003-3011,1,0,0,0,0,0,0,0,0
QN3EB4BLN_2491-5571-3003-6083,1,0,0,0,0,0,0,0,0
QN3EB4BLN_2491-6595-3003-7107,1,0,0,0,0,0,0,0,0
QN3EB4BLN_2491-8131-3003-8643,1,0,0,0,0,0,0,0,0
QN3EB4BLN_2491-3523-3003-4035,1,0,0,0,0,0,0,0,0
QN3EB4BLN_2491-7107-3003-7619,1,0,0,0,0,0,0,0,0
QN3EB4BLN_2793-3121-3305-3633,1,0,0,0,0,0,0,0,0
QN3EB4BLN_2793-2609-3305-3121,1,0,0,0,0,0,0,0,0
QN3EB4BLN_2555-2164-3067-2676,1,0,0,0,0,0,0,0,0
QN3EB4BLN_2793-6705-3305-7217,1,0,0,0,0,0,0,0,0
QN3EB4BLN_2793-7217-3305-7729,1,0,0,0,0,0,0,0,0
QN3EB4BLN_3003-4547-3515-5059,1,0,0,0,0,0,0,0,0
QN3EB4BLN_3003-3523-3515-4035,1,0,0,0,0,0,0,0,0
QN3EB4BLN_3003-5059-3515-5571,1,0,0,0,0,0,0,0,0
QN3EB4BLN_3003-1475-3515-1987,1,0,0,0,0,0,0,0,0
QN3EB4BLN_3003-4035-3515-4547,1,0,0,0,0,0,0,0,0
QN3EB4BLN_2925-601-3437-1113,1,0,0,0,0,0,0,0,0
QN3EB4BLN_3003-5571-3515-6083,1,0,0,0,0,0,0,0,0
QN3EB4BLN_3305-2609-3817-3121,1,0,0,0,0,0,0,0,0
QN3EB4BLN_3305-3633-3817-4145,1,0,0,0,0,0,0,0,0
QN3EB4BLN_3003-8131-3515-8643,1,0,0,0,0,0,0,0,0
QN3EB4BLN_3151-931-3663-1443,1,0,0,0,0,0,0,0,0
QN3EB4BLN_3003-6083-3515-6595,1,0,0,0,0,0,0,0,0
QN3EB4BLN_3067-2164-3579-2676,1,0,0,0,0,0,0,0,0
QN3EB4BLN_3305-5169-3817-5681,1,0,0,0,0,0,0,0,0
QN3EB4BLN_3305-4657-3817-5169,1,0,0,0,0,0,0,0,0
QN3EB4BLN_3003-7619-3515-8131,1,0,0,0,0,0,0,0,0
QN3EB4BLN_3305-7729-3817-8241,1,0,0,0,0,0,0,0,0
QN3EB4BLN_3305-7217-3817-7729,1,0,0,0,0,0,0,0,0
QN3EB4BLN_3515-3011-4027-3523,1,0,0,0,0,0,0,0,0
QN3EB4BLN_3305-5681-3817-6193,1,0,0,0,0,0,0,0,0
QN3EB4BLN_3437-601-3949-1113,1,0,0,0,0,0,0,0,0
QN3EB4BLN_3515-1475-4027-1987,1,0,0,0,0,0,0,0,0
QN3EB4BLN_3305-8241-3817-8753,1,0,0,0,0,0,0,0,0
QN3EB4BLN_3515-4035-4027-4547,1,0,0,0,0,0,0,0,0
QN3EB4BLN_3515-6083-4027-6595,1,0,0,0,0,0,0,0,0
QN3EB4BLN_3515-6595-4027-7107,1,0,0,0,0,0,0,0,0
QN3EB4BLN_3949-601-4461-1113,1,0,0,0,0,0,0,0,0
QN3EB4BLN_3663-931-4175-1443,1,0,0,0,0,0,0,0,0
QN3EB4BLN_3579-2164-4091-2676,1,0,0,0,0,0,0,0,0
QN3EB4BLN_4027-3011-4539-3523,1,0,0,0,0,0,0,0,0
QN3EB4BLN_4027-1475-4539-1987,1,0,0,0,0,0,0,0,0
QN3EB4BLN_4027-2499-4539-3011,1,0,0,0,0,0,0,0,0
QN3EB4BLN_4027-3523-4539-4035,1,0,0,0,0,0,0,0,0
QN3EB4BLN_4027-4035-4539-4547,1,0,0,0,0,0,0,0,0
QN3EB4BLN_4027-5059-4539-5571,1,0,0,0,0,0,0,0,0
QN3EB4BLN_4027-5571-4539-6083,1,0,0,0,0,0,0,0,0
QN3EB4BLN_4027-8131-4539-8643,1,0,0,0,0,0,0,0,0
QN3EB4BLN_4027-6595-4539-7107,1,0,0,0,0,0,0,0,0
QN3EB4BLN_4091-2164-4603-2676,1,0,0,0,0,0,0,0,0
QN3EB4BLN_4027-4547-4539-5059,1,0,0,0,0,0,0,0,0
QN3EB4BLN_4175-931-4687-1443,1,0,0,0,0,0,0,0,0
QN3EB4BLN_4027-6083-4539-6595,1,0,0,0,0,0,0,0,0
QN3EB4BLN_4539-1475-5051-1987,1,0,0,0,0,0,0,0,0
QN3EB4BLN_4539-2499-5051-3011,1,0,0,0,0,0,0,0,0
QN3EB4BLN_4539-5059-5051-5571,1,0,0,0,0,0,0,0,0
QN3EB4BLN_4539-1987-5051-2499,1,0,0,0,0,0,0,0,0
QN3EB4BLN_4461-601-4973-1113,1,0,0,0,0,0,0,0,0
QN3EB4BLN_4539-4035-5051-4547,1,0,0,0,0,0,0,0,0
QN3EB4BLN_4539-4547-5051-5059,1,0,0,0,0,0,0,0,0
QN3EB4BLN_4539-3523-5051-4035,1,0,0,0,0,0,0,0,0
QN3EB4BLN_4539-3011-5051-3523,1,0,0,0,0,0,0,0,0
QN3EB4BLN_4539-5571-5051-6083,1,0,0,0,0,0,0,0,0
QN3EB4BLN_4539-7107-5051-7619,1,0,0,0,0,0,0,0,0
QN3EB4BLN_4539-6083-5051-6595,1,0,0,0,0,0,0,0,0
QN3EB4BLN_4539-7619-5051-8131,1,0,0,0,0,0,0,0,0
QN3EB4BLN_4539-8131-5051-8643,1,0,0,0,0,0,0,0,0
QN3EB4BLN_4687-931-5199-1443,1,0,0,0,0,0,0,0,0
QN3EB4BLN_5051-1475-5563-1987,1,0,0,0,0,0,0,0,0
QN3EB4BLN_4973-601-5485-1113,1,0,0,0,0,0,0,0,0
QN3EB4BLN_5051-1987-5563-2499,1,0,0,0,0,0,0,0,0
QN3EB4BLN_5051-5059-5563-5571,1,0,0,0,0,0,0,0,0
QN3EB4BLN_5051-4035-5563-4547,1,0,0,0,0,0,0,0,0
QN3EB4BLN_5051-4547-5563-5059,1,0,0,0,0,0,0,0,0
QN3EB4BLN_5051-2499-5563-3011,1,0,0,0,0,0,0,0,0
QN3EB4BLN_5051-5571-5563-6083,1,0,0,0,0,0,0,0,0
QN3EB4BLN_5051-6083-5563-6595,1,0,0,0,0,0,0,0,0
QN3EB4BLN_5051-3011-5563-3523,1,0,0,0,0,0,0,0,0
QN3EB4BLN_5051-6595-5563-7107,1,0,0,0,0,0,0,0,0
QN3EB4BLN_5051-3523-5563-4035,1,0,0,0,0,0,0,0,0
QN3EB4BLN_5051-7107-5563-7619,1,0,0,0,0,0,0,0,0
QN3EB4BLN_5563-1987-6075-2499,1,0,0,0,0,0,0,0,0
QN3EB4BLN_5485-601-5997-1113,1,0,0,0,0,0,0,0,0
QN3EB4BLN_5051-7619-5563-8131,1,0,0,0,0,0,0,0,0
QN3EB4BLN_5051-8131-5563-8643,1,0,0,0,0,0,0,0,0
QN3EB4BLN_5563-2499-6075-3011,1,0,0,0,0,0,0,0,0
QN3EB4BLN_5199-931-5711-1443,1,0,0,0,0,0,0,0,0
QN3EB4BLN_5563-1475-6075-1987,1,0,0,0,0,0,0,0,0
QN3EB4BLN_5563-3011-6075-3523,1,0,0,0,0,0,0,0,0
QN3EB4BLN_5563-5059-6075-5571,1,0,0,0,0,0,0,0,0
QN3EB4BLN_5563-4035-6075-4547,1,0,0,0,0,0,0,0,0
QN3EB4BLN_5563-7107-6075-7619,1,0,0,0,0,0,0,0,0
QN3EB4BLN_5563-6595-6075-7107,1,0,0,0,0,0,0,0,0
QN3EB4BLN_5563-3523-6075-4035,1,0,0,0,0,0,0,0,0
QN3EB4BLN_5563-5571-6075-6083,1,0,0,0,0,0,0,0,0
QN3EB4BLN_5563-7619-6075-8131,1,0,0,0,0,0,0,0,0
QN3EB4BLN_5563-4547-6075-5059,1,0,0,0,0,0,0,0,0
QN3EB4BLN_5563-6083-6075-6595,1,0,0,0,0,0,0,0,0
QN3EB4BLN_5711-931-6223-1443,1,0,0,0,0,0,0,0,0
QN3EB4BLN_5563-8131-6075-8643,1,0,0,0,0,0,0,0,0
QN3EB4BLN_5997-601-6509-1113,1,0,0,0,0,0,0,0,0
QN3EB4BLN_6075-3011-6587-3523,1,0,0,0,0,0,0,0,0
QN3EB4BLN_6075-3523-6587-4035,1,0,0,0,0,0,0,0,0
QN3EB4BLN_6075-4035-6587-4547,1,0,0,0,0,0,0,0,0
QN3EB4BLN_6075-1987-6587-2499,1,0,0,0,0,0,0,0,0
QN3EB4BLN_6075-1475-6587-1987,1,0,0,0,0,0,0,0,0
QN3EB4BLN_6075-2499-6587-3011,1,0,0,0,0,0,0,0,0
QN3EB4BLN_6075-4547-6587-5059,1,0,0,0,0,0,0,0,0
QN3EB4BLN_6075-5059-6587-5571,1,0,0,0,0,0,0,0,0
QN3EB4BLN_6075-8131-6587-8643,1,0,0,0,0,0,0,0,0
QN3EB4BLN_6075-6083-6587-6595,1,0,0,0,0,0,0,0,0
QN3EB4BLN_6075-7107-6587-7619,1,0,0,0,0,0,0,0,0
QN3EB4BLN_6075-7619-6587-8131,1,0,0,0,0,0,0,0,0
QN3EB4BLN_6075-6595-6587-7107,1,0,0,0,0,0,0,0,0
QN3EB4BLN_6075-5571-6587-6083,1,0,0,0,0,0,0,0,0
QN3EB4BLN_6223-931-6735-1443,1,0,0,0,0,0,0,0,0
QN3EB4BLN_6509-601-7021-1113,1,0,0,0,0,0,0,0,0
QN3EB4BLN_6587-4547-7099-5059,1,0,0,0,0,0,0,0,0
QN3EB4BLN_6587-3011-7099-3523,1,0,0,0,0,0,0,0,0
QN3EB4BLN_6587-1475-7099-1987,1,0,0,0,0,0,0,0,0
QN3EB4BLN_6587-5571-7099-6083,1,0,0,0,0,0,0,0,0
QN3EB4BLN_6587-3523-7099-4035,1,0,0,0,0,0,0,0,0
QN3EB4BLN_6587-1987-7099-2499,1,0,0,0,0,0,0,0,0
QN3EB4BLN_6587-4035-7099-4547,1,0,0,0,0,0,0,0,0
QN3EB4BLN_6587-2499-7099-3011,1,0,0,0,0,0,0,0,0
QN3EB4BLN_6587-7619-7099-8131,1,0,0,0,0,0,0,0,0
QN3EB4BLN_6587-6595-7099-7107,1,0,0,0,0,0,0,0,0
QN3EB4BLN_6587-8131-7099-8643,1,0,0,0,0,0,0,0,0
QN3EB4BLN_6735-931-7247-1443,1,0,0,0,0,0,0,0,0
QN3EB4BLN_6587-7107-7099-7619,1,0,0,0,0,0,0,0,0
QN3EB4BLN_6587-6083-7099-6595,1,0,0,0,0,0,0,0,0
QN3EB4BLN_6704-5119-7216-5631,1,0,0,0,0,0,0,0,0
QN3EB4BLN_7021-601-7533-1113,1,0,0,0,0,0,0,0,0
QN3EB4BLN_7099-1987-7611-2499,1,0,0,0,0,0,0,0,0
QN3EB4BLN_7099-2499-7611-3011,1,0,0,0,0,0,0,0,0
QN3EB4BLN_7099-3011-7611-3523,1,0,0,0,0,0,0,0,0
QN3EB4BLN_7099-1475-7611-1987,1,0,0,0,0,0,0,0,0
QN3EB4BLN_7099-3523-7611-4035,1,0,0,0,0,0,0,0,0
QN3EB4BLN_7099-4547-7611-5059,1,0,0,0,0,0,0,0,0
QN3EB4BLN_7099-5059-7611-5571,1,0,0,0,0,0,0,0,0
QN3EB4BLN_7099-4035-7611-4547,1,0,0,0,0,0,0,0,0
QN3EB4BLN_7099-5571-7611-6083,1,0,0,0,0,0,0,0,0
QN3EB4BLN_7099-6083-7611-6595,1,0,0,0,0,0,0,0,0
QN3EB4BLN_7099-7107-7611-7619,1,0,0,0,0,0,0,0,0
QN3EB4BLN_745-2097-1257-2609,1,0,0,0,0,0,0,0,0
QN3EB4BLN_7099-6595-7611-7107,1,0,0,0,0,0,0,0,0
QN3EB4BLN_7099-8131-7611-8643,1,0,0,0,0,0,0,0,0
QN3EB4BLN_7247-931-7759-1443,1,0,0,0,0,0,0,0,0
QN3EB4BLN_7099-7619-7611-8131,1,0,0,0,0,0,0,0,0
QN3EB4BLN_745-2609-1257-3121,1,0,0,0,0,0,0,0,0
QN3EB4BLN_7533-601-8045-1113,1,0,0,0,0,0,0,0,0
QN3EB4BLN_745-4145-1257-4657,1,0,0,0,0,0,0,0,0
QN3EB4BLN_745-8241-1257-8753,1,0,0,0,0,0,0,0,0
QN3EB4BLN_745-7217-1257-7729,1,0,0,0,0,0,0,0,0
QN3EB4BLN_745-7729-1257-8241,1,0,0,0,0,0,0,0,0
QN3EB4BLN_745-4657-1257-5169,1,0,0,0,0,0,0,0,0
QN3EB4BLN_745-3121-1257-3633,1,0,0,0,0,0,0,0,0
QN3EB4BLN_7611-1475-8123-1987,1,0,0,0,0,0,0,0,0
QN3EB4BLN_7611-1987-8123-2499,1,0,0,0,0,0,0,0,0
QN3EB4BLN_7611-2499-8123-3011,1,0,0,0,0,0,0,0,0
QN3EB4BLN_7611-3011-8123-3523,1,0,0,0,0,0,0,0,0
QN3EB4BLN_7611-5571-8123-6083,1,0,0,0,0,0,0,0,0
QN3EB4BLN_7611-3523-8123-4035,1,0,0,0,0,0,0,0,0
QN3EB4BLN_7611-4547-8123-5059,1,0,0,0,0,0,0,0,0
QN3EB4BLN_7611-6595-8123-7107,1,0,0,0,0,0,0,0,0
QN3EB4BLN_7611-6083-8123-6595,1,0,0,0,0,0,0,0,0
QN3EB4BLN_7611-4035-8123-4547,1,0,0,0,0,0,0,0,0
QN3EB4BLN_7611-5059-8123-5571,1,0,0,0,0,0,0,0,0
QN3EB4BLN_7611-7107-8123-7619,1,0,0,0,0,0,0,0,0
QN3EB4BLN_7759-931-8271-1443,1,0,0,0,0,0,0,0,0
QN3EB4BLN_8045-601-8557-1113,1,0,0,0,0,0,0,0,0
QN3EB4BLN_8123-1475-8635-1987,1,0,0,0,0,0,0,0,0
QN3EB4BLN_7611-8131-8123-8643,1,0,0,0,0,0,0,0,0
QN3EB4BLN_8123-1987-8635-2499,1,0,0,0,0,0,0,0,0
QN3EB4BLN_8002-5483-8514-5995,1,0,0,0,0,0,0,0,0
QN3EB4BLN_8123-3011-8635-3523,1,0,0,0,0,0,0,0,0
QN3EB4BLN_8123-2499-8635-3011,1,0,0,0,0,0,0,0,0
QN3EB4BLN_7611-7619-8123-8131,1,0,0,0,0,0,0,0,0
QN3EB4BLN_8123-7619-8635-8131,1,0,0,0,0,0,0,0,0
QN3EB4BLN_8123-3523-8635-4035,1,0,0,0,0,0,0,0,0
QN3EB4BLN_8123-5059-8635-5571,1,0,0,0,0,0,0,0,0
QN3EB4BLN_8123-8131-8635-8643,1,0,0,0,0,0,0,0,0
QN3EB4BLN_8123-4547-8635-5059,1,0,0,0,0,0,0,0,0
QN3EB4BLN_8123-4035-8635-4547,1,0,0,0,0,0,0,0,0
QN3EB4BLN_8271-931-8783-1443,1,0,0,0,0,0,0,0,0
QN3EB4BLN_8514-5483-9026-5995,1,0,0,0,0,0,0,0,0
QN3EB4BLN_8635-2499-9147-3011,1,0,0,0,0,0,0,0,0
QN3EB4BLN_8635-3011-9147-3523,1,0,0,0,0,0,0,0,0
QN3EB4BLN_8635-1475-9147-1987,1,0,0,0,0,0,0,0,0
QN3EB4BLN_8557-601-9069-1113,1,0,0,0,0,0,0,0,0
QN3EB4BLN_8635-1987-9147-2499,1,0,0,0,0,0,0,0,0
QN3EB4BLN_8635-4547-9147-5059,1,0,0,0,0,0,0,0,0
QN3EB4BLN_8635-3523-9147-4035,1,0,0,0,0,0,0,0,0
QN3EB4BLN_8635-8131-9147-8643,1,0,0,0,0,0,0,0,0
QN3EB4BLN_8635-5059-9147-5571,1,0,0,0,0,0,0,0,0
QN3EB4BLN_8635-4035-9147-4547,1,0,0,0,0,0,0,0,0
QN3EB4BLN_8783-931-9295-1443,1,0,0,0,0,0,0,0,0
QN3EB4BLN_9069-601-9581-1113,1,0,0,0,0,0,0,0,0
QN3EB4BLN_9147-2499-9659-3011,1,0,0,0,0,0,0,0,0
QN3EB4BLN_9026-5483-9538-5995,1,0,0,0,0,0,0,0,0
QN3EB4BLN_9147-3011-9659-3523,1,0,0,0,0,0,0,0,0
QN3EB4BLN_9147-1987-9659-2499,1,0,0,0,0,0,0,0,0
QN3EB4BLN_9147-3523-9659-4035,1,0,0,0,0,0,0,0,0
QN3EB4BLN_9147-4035-9659-4547,1,0,0,0,0,0,0,0,0
QN3EB4BLN_9147-5059-9659-5571,1,0,0,0,0,0,0,0,0
QN3EB4BLN_9147-8131-9659-8643,1,0,0,0,0,0,0,0,0
QN3EB4BLN_9147-7619-9659-8131,1,0,0,0,0,0,0,0,0
QN3EB4BLN_9295-931-9807-1443,1,0,0,0,0,0,0,0,0
QN3EB4BLN_9147-4547-9659-5059,1,0,0,0,0,0,0,0,0
QN3EB4BLN_9211-1652-9723-2164,1,0,0,0,0,0,0,0,0
QN3EB4BLN_9581-601-10093-1113,1,0,0,0,0,0,0,0,0
QN3EB4BLN_9296-1337-9808-1849,1,0,0,0,0,0,0,0,0
QN3EB4BLN_9659-1987-10171-2499,1,0,0,0,0,0,0,0,0
QN3EB4BLN_9659-2499-10171-3011,1,0,0,0,0,0,0,0,0
QN3EB4BLN_9659-5571-10171-6083,1,0,0,0,0,0,0,0,0
QN3EB4BLN_9659-4547-10171-5059,1,0,0,0,0,0,0,0,0
QN3EB4BLN_9659-3523-10171-4035,1,0,0,0,0,0,0,0,0
QN3EB4BLN_9659-3011-10171-3523,1,0,0,0,0,0,0,0,0
QN3EB4BLN_9659-4035-10171-4547,1,0,0,0,0,0,0,0,0
QN3EB4BLN_9659-5059-10171-5571,1,0,0,0,0,0,0,0,0
QN3EB4BLN_9659-6083-10171-6595,1,0,0,0,0,0,0,0,0
QN3EB4BLN_9720-5834-10232-6346,1,0,0,0,0,0,0,0,0
QN3EB4BLN_9659-8131-10171-8643,1,0,0,0,0,0,0,0,0
QN3EB4BLN_9723-1652-10235-2164,1,0,0,0,0,0,0,0,0
QN3EB4BLN_9659-7619-10171-8131,1,0,0,0,0,0,0,0,0
QN3EB4BLN_9681-6929-10193-7441,1,0,0,0,0,0,0,0,0
QN3EB4BLN_9702-6599-10214-7111,1,0,0,0,0,0,0,0,0
QNLLI6BI6_1481-1264-1993-1776,0,0,1,0,0,0,0,0,0
QNLLI6BI6_1096-1128-1608-1640,0,0,1,0,0,0,0,0,0
QNLLI6BI6_2419-1512-2931-2024,0,0,1,0,0,0,0,0,0
QNLLI6BI6_2616-1733-3128-2245,0,0,1,0,0,0,0,0,0
QNLLI6BI6_3723-2206-4235-2718,0,0,1,0,0,0,0,0,0
QNLLI6BI6_4570-478-5082-990,0,0,1,0,0,0,0,0,0
QNLLI6BI6_4267-581-4779-1093,0,0,1,0,0,0,0,0,0
QNLLI6BI6_295-682-807-1194,0,0,1,0,0,0,0,0,0
QNLLI6BI6_2998-1956-3510-2468,0,0,1,0,0,0,0,0,0
QNLLI6BI6_4294-2426-4806-2938,0,0,1,0,0,0,0,0,0
QNLLI6BI6_4804-2778-5316-3290,0,0,1,0,0,0,0,0,0
QNLLI6BI6_507-891-1019-1403,0,0,1,0,0,0,0,0,0
QNLLI6BI6_5382-2057-5894-2569,0,0,1,0,0,0,0,0,0
QNLLI6BI6_5380-1742-5892-2254,0,0,1,0,0,0,0,0,0
QNLLI6BI6_5423-480-5935-992,0,0,1,0,0,0,0,0,0
QNLLI6BI6_5411-781-5923-1293,0,0,1,0,0,0,0,0,0
QNLLI6BI6_5369-2482-5881-2994,0,0,1,0,0,0,0,0,0
QNLLI6BI6_5367-2803-5879-3315,0,0,1,0,0,0,0,0,0
QNLLI6BI6_5401-1213-5913-1725,0,0,1,0,0,0,0,0,0
QNUWWR13U_1208-3047-1720-3559,0,0,0,0,0,0,1,0,0
QNUWWR13U_1720-3047-2232-3559,0,0,0,0,0,0,1,0,0
QNUWWR13U_3256-4583-3768-5095,0,0,0,0,0,0,1,0,0
QNUWWR13U_2232-4071-2744-4583,0,0,0,0,0,0,1,0,0
QNUWWR13U_1720-3559-2232-4071,0,0,0,0,0,0,1,0,0
QNUWWR13U_2232-3559-2744-4071,0,0,0,0,0,0,1,0,0
QNUWWR13U_2744-4071-3256-4583,0,0,0,0,0,0,1,0,0
QNUWWR13U_2744-4583-3256-5095,0,0,0,0,0,0,1,0,0
QNUWWR13U_3256-5095-3768-5607,0,0,0,0,0,0,1,0,0
QNUWWR13U_4792-6631-5304-7143,0,0,0,0,0,0,1,0,0
QNUWWR13U_4280-6119-4792-6631,0,0,0,0,0,0,1,0,0
QNUWWR13U_3768-5095-4280-5607,0,0,0,0,0,0,1,0,0
QNUWWR13U_4826-3465-5338-3977,0,1,0,0,0,0,0,0,0
QNUWWR13U_4280-5607-4792-6119,0,0,0,0,0,0,1,0,0
QNUWWR13U_5304-6631-5816-7143,0,0,0,0,0,0,1,0,0
QNUWWR13U_4792-6119-5304-6631,0,0,0,0,0,0,1,0,0
QNUWWR13U_3768-5607-4280-6119,0,0,0,0,0,0,1,0,0
QNUWWR13U_5304-7143-5816-7655,0,0,0,0,0,0,1,0,0
QNUWWR13U_5778-2731-6290-3243,0,1,0,0,0,0,0,0,0
QNUWWR13U_5816-7655-6328-8167,0,0,0,0,0,0,1,0,0
QNUWWR13U_6328-7655-6840-8167,0,0,0,0,0,0,1,0,0
QNUWWR13U_5816-3047-6328-3559,0,1,0,0,0,0,0,0,0
QNUWWR13U_6328-8167-6840-8679,0,0,0,0,0,0,1,0,0
QNUWWR13U_5816-7143-6328-7655,0,0,0,0,0,0,1,0,0
QP2X6VXA2_1370-4173-1882-4685,0,0,0,0,0,0,0,0,1
QP2X6VXA2_2139-3905-2651-4417,0,0,0,0,0,0,0,0,1
QP2X6VXA2_2409-3877-2921-4389,0,0,0,0,0,0,0,0,1
QP2X6VXA2_2395-798-2907-1310,0,0,0,0,0,0,0,0,1
QP2X6VXA2_2685-623-3197-1135,0,0,0,0,0,0,0,0,1
QP2X6VXA2_3131-3681-3643-4193,0,0,0,0,0,0,0,0,1
QP2X6VXA2_2945-2153-3457-2665,0,0,0,0,0,0,0,0,1
QP2X6VXA2_2777-894-3289-1406,0,0,0,0,0,0,0,0,1
QP2X6VXA2_3011-686-3523-1198,0,0,0,0,0,0,0,0,1
QP2X6VXA2_2944-1620-3456-2132,0,0,0,0,0,0,0,0,1
QP2X6VXA2_3126-4635-3638-5147,0,0,0,0,0,0,0,0,1
QP2X6VXA2_3011-1198-3523-1710,0,0,0,0,0,0,0,0,1
QP2X6VXA2_3308-802-3820-1314,0,0,0,0,0,0,0,0,1
QP2X6VXA2_3449-1830-3961-2342,0,0,0,0,0,0,0,0,1
QP2X6VXA2_3434-3716-3946-4228,0,0,0,0,0,0,0,0,1
QP2X6VXA2_3627-2142-4139-2654,0,0,0,0,0,0,0,0,1
QP2X6VXA2_3471-2395-3983-2907,0,0,0,0,0,0,0,0,1
QP2X6VXA2_3996-4268-4508-4780,0,0,0,0,0,0,0,0,1
QP2X6VXA2_3638-4635-4150-5147,0,0,0,0,0,0,0,0,1
QP2X6VXA2_4349-4027-4861-4539,0,0,0,0,0,0,0,0,1
QPCMAVT8B_1749-2277-2261-2789,0,0,1,0,0,0,0,0,0
QP2X6VXA2_4893-3878-5405-4390,0,0,0,0,0,0,0,0,1
QPCMAVT8B_1613-1806-2125-2318,0,0,1,0,0,0,0,0,0
QPCMAVT8B_3059-941-3571-1453,0,0,1,0,0,0,0,0,0
QPCMAVT8B_3927-1112-4439-1624,0,0,1,0,0,0,0,0,0
QP2X6VXA2_7930-3795-8442-4307,0,0,0,0,0,0,0,0,1
QPCMAVT8B_4278-977-4790-1489,0,0,1,0,0,0,0,0,0
QPCMAVT8B_3288-2652-3800-3164,0,0,1,0,0,0,0,0,0
QPCMAVT8B_5127-2322-5639-2834,0,0,1,0,0,0,0,0,0
QPCMAVT8B_5000-2585-5512-3097,0,0,1,0,0,0,0,0,0
QPNYDNCYA_10611-2147-11123-2659,0,0,0,0,0,1,0,0,0
QPNYDNCYA_10611-3683-11123-4195,0,0,0,0,0,1,0,0,0
QPNYDNCYA_10611-3171-11123-3683,0,0,0,0,0,1,0,0,0
QPNYDNCYA_10611-2659-11123-3171,0,0,0,0,0,1,0,0,0
QPNYDNCYA_10611-4195-11123-4707,0,0,0,0,0,1,0,0,0
QPNYDNCYA_10611-4707-11123-5219,0,0,0,0,0,1,0,0,0
QPNYDNCYA_10611-6161-11123-6673,0,0,0,0,0,1,0,0,0
QPNYDNCYA_4675-5288-5187-5800,0,0,1,0,0,0,0,0,0
QPNYDNCYA_10611-7185-11123-7697,0,0,0,0,0,1,0,0,0
QPNYDNCYA_10844-5005-11356-5517,0,0,0,0,0,1,0,0,0
QPNYDNCYA_4922-6531-5434-7043,0,0,1,0,0,0,0,0,0
QPNYDNCYA_21096-2266-21608-2778,0,0,0,0,0,1,0,0,0
QPNYDNCYA_5445-5806-5957-6318,0,0,1,0,0,0,0,0,0
QPNYDNCYA_538-7909-1050-8421,0,0,0,0,0,1,0,0,0
QPNYDNCYA_5444-7153-5956-7665,0,0,1,0,0,0,0,0,0
QPNYDNCYA_10611-6673-11123-7185,0,0,0,0,0,1,0,0,0
QPNYDNCYA_21276-684-21788-1196,0,0,1,0,0,0,0,0,0
QPNYDNCYA_5178-6716-5690-7228,0,0,1,0,0,0,0,0,0
QPNYDNCYA_695-4832-1207-5344,0,0,0,0,0,1,0,0,0
QPNYDNCYA_895-760-1407-1272,0,0,0,0,0,1,0,0,0
QPNYDNCYA_5823-6679-6335-7191,0,0,1,0,0,0,0,0,0
QPNYDNCYA_660-517-1172-1029,0,0,0,0,0,1,0,0,0
QPNYDNCYA_7036-4850-7548-5362,0,0,1,0,0,0,0,0,0
QPNYDNCYA_895-1272-1407-1784,0,0,0,0,0,1,0,0,0
QPNYDNCYA_910-2662-1422-3174,0,0,0,0,0,1,0,0,0
QPNYDNCYA_910-3174-1422-3686,0,0,0,0,0,1,0,0,0
QPNYDNCYA_910-4198-1422-4710,0,0,0,0,0,1,0,0,0
QPNYDNCYA_922-5703-1434-6215,0,0,0,0,0,1,0,0,0
QPNYDNCYA_922-6215-1434-6727,0,0,0,0,0,1,0,0,0
QPNYDNCYA_922-6727-1434-7239,0,0,0,0,0,1,0,0,0
QPNYDNCYA_910-3686-1422-4198,0,0,0,0,0,1,0,0,0
QPRKAYIA2_1213-3917-1725-4429,1,0,0,0,0,0,0,0,0
QPNYDNCYA_922-7239-1434-7751,0,0,0,0,0,1,0,0,0
QPRKAYIA2_1213-4429-1725-4941,1,0,0,0,0,0,0,0,0
QPNYDNCYA_973-7781-1485-8293,0,0,0,0,0,1,0,0,0
QPRKAYIA2_1213-4941-1725-5453,1,0,0,0,0,0,0,0,0
QPRKAYIA2_1409-736-1921-1248,1,0,0,0,0,0,0,0,0
QPRKAYIA2_1725-4941-2237-5453,1,0,0,0,0,0,0,0,0
QPRKAYIA2_1751-4508-2263-5020,1,0,0,0,0,0,0,0,0
QPRKAYIA2_1921-736-2433-1248,1,0,0,0,0,0,0,0,0
QPRKAYIA2_1921-1248-2433-1760,1,0,0,0,0,0,0,0,0
QPRKAYIA2_1409-1248-1921-1760,1,0,0,0,0,0,0,0,0
QPRKAYIA2_205-2203-717-2715,1,0,0,0,0,0,0,0,0
QPRKAYIA2_215-4508-727-5020,1,0,0,0,0,0,0,0,0
QPRKAYIA2_683-3121-1195-3633,1,0,0,0,0,0,0,0,0
QPRKAYIA2_727-4508-1239-5020,1,0,0,0,0,0,0,0,0
QPRKAYIA2_2263-4508-2775-5020,1,0,0,0,0,0,0,0,0
QPRKAYIA2_701-3917-1213-4429,1,0,0,0,0,0,0,0,0
QPRKAYIA2_350-2505-862-3017,1,0,0,0,0,0,0,0,0
QPRKAYIA2_701-4941-1213-5453,1,0,0,0,0,0,0,0,0
QPRKAYIA2_215-5020-727-5532,1,0,0,0,0,0,0,0,0
QPRKAYIA2_2237-4941-2749-5453,1,0,0,0,0,0,0,0,0
QQZXPCKV1_1165-1024-1677-1536,0,1,0,0,0,0,0,0,0
QQZXPCKV1_1165-1536-1677-2048,0,1,0,0,0,0,0,0,0
QQZXPCKV1_1165-512-1677-1024,0,1,0,0,0,0,0,0,0
QQZXPCKV1_1165-3072-1677-3584,0,1,0,0,0,0,0,0,0
QQZXPCKV1_1165-3584-1677-4096,0,1,0,0,0,0,0,0,0
QQZXPCKV1_1165-2560-1677-3072,0,1,0,0,0,0,0,0,0
QQZXPCKV1_1165-2048-1677-2560,0,1,0,0,0,0,0,0,0
QQZXPCKV1_1677-1024-2189-1536,0,1,0,0,0,0,0,0,0
QQZXPCKV1_1677-1536-2189-2048,0,1,0,0,0,0,0,0,0
QQZXPCKV1_1677-2560-2189-3072,0,1,0,0,0,0,0,0,0
QQZXPCKV1_1677-3584-2189-4096,0,1,0,0,0,0,0,0,0
QQZXPCKV1_3387-488-3899-1000,0,1,0,0,0,0,0,0,0
QQZXPCKV1_3387-1000-3899-1512,0,1,0,0,0,0,0,0,0
QQZXPCKV1_3787-485-4299-997,0,1,0,0,0,0,0,0,0
QQZXPCKV1_1677-3072-2189-3584,0,1,0,0,0,0,0,0,0
QQZXPCKV1_1677-2048-2189-2560,0,1,0,0,0,0,0,0,0
QQZXPCKV1_3899-1000-4411-1512,0,1,0,0,0,0,0,0,0
QQZXPCKV1_1677-512-2189-1024,0,1,0,0,0,0,0,0,0
QQZXPCKV1_4411-1000-4923-1512,0,1,0,0,0,0,0,0,0
QQZXPCKV1_4923-1512-5435-2024,0,1,0,0,0,0,0,0,0
QQZXPCKV1_4923-3048-5435-3560,0,1,0,0,0,0,0,0,0
QQZXPCKV1_4411-1512-4923-2024,0,1,0,0,0,0,0,0,0
QQZXPCKV1_4923-3560-5435-4072,0,1,0,0,0,0,0,0,0
QQZXPCKV1_4411-488-4923-1000,0,1,0,0,0,0,0,0,0
QQZXPCKV1_4923-2024-5435-2536,0,1,0,0,0,0,0,0,0
QQZXPCKV1_4923-488-5435-1000,0,1,0,0,0,0,0,0,0
QQZXPCKV1_5083-3345-5595-3857,0,1,0,0,0,0,0,0,0
QQZXPCKV1_5435-3560-5947-4072,0,1,0,0,0,0,0,0,0
QQZXPCKV1_5435-2536-5947-3048,0,1,0,0,0,0,0,0,0
QQZXPCKV1_5435-2024-5947-2536,0,1,0,0,0,0,0,0,0
QQZXPCKV1_5323-485-5835-997,0,1,0,0,0,0,0,0,0
QQZXPCKV1_5611-2738-6123-3250,0,1,0,0,0,0,0,0,0
QQZXPCKV1_556-3308-1068-3820,0,1,0,0,0,0,0,0,0
QQZXPCKV1_5947-2024-6459-2536,0,1,0,0,0,0,0,0,0
QQZXPCKV1_5835-485-6347-997,0,1,0,0,0,0,0,0,0
QQZXPCKV1_549-3692-1061-4204,0,1,0,0,0,0,0,0,0
QQZXPCKV1_607-975-1119-1487,0,1,0,0,0,0,0,0,0
QQZXPCKV1_5947-2536-6459-3048,0,1,0,0,0,0,0,0,0
QQZXPCKV1_6459-2536-6971-3048,0,1,0,0,0,0,0,0,0
QQZXPCKV1_6347-485-6859-997,0,1,0,0,0,0,0,0,0
QQZXPCKV1_6971-3048-7483-3560,0,1,0,0,0,0,0,0,0
QQZXPCKV1_6459-3048-6971-3560,0,1,0,0,0,0,0,0,0
QQZXPCKV1_607-463-1119-975,0,1,0,0,0,0,0,0,0
QQZXPCKV1_607-1487-1119-1999,0,1,0,0,0,0,0,0,0
QRK2MVFB4_1914-1317-2426-1829,0,0,1,0,0,0,0,0,0
QQZXPCKV1_7483-3560-7995-4072,0,1,0,0,0,0,0,0,0
QRK2MVFB4_1071-1355-1583-1867,0,0,1,0,0,0,0,0,0
QQZXPCKV1_6971-3560-7483-4072,0,1,0,0,0,0,0,0,0
QT1Z2MI43_1021-5594-1533-6106,1,0,0,0,0,0,0,0,0
QT1Z2MI43_1021-6106-1533-6618,1,0,0,0,0,0,0,0,0
QRK2MVFB4_1346-1292-1858-1804,0,0,1,0,0,0,0,0,0
QQZXPCKV1_9133-2100-9645-2612,0,1,0,0,0,0,0,0,0
QT1Z2MI43_1021-6618-1533-7130,1,0,0,0,0,0,0,0,0
QT1Z2MI43_1072-8288-1584-8800,1,0,0,0,0,0,0,0,0
QT1Z2MI43_1268-4076-1780-4588,1,0,0,0,0,0,0,0,0
QT1Z2MI43_1268-3564-1780-4076,1,0,0,0,0,0,0,0,0
QT1Z2MI43_1533-5082-2045-5594,1,0,0,0,0,0,0,0,0
QT1Z2MI43_1230-7617-1742-8129,1,0,0,0,0,0,0,0,0
QT1Z2MI43_1533-5594-2045-6106,1,0,0,0,0,0,0,0,0
QT1Z2MI43_1268-3052-1780-3564,1,0,0,0,0,0,0,0,0
QT1Z2MI43_1230-7105-1742-7617,1,0,0,0,0,0,0,0,0
QT1Z2MI43_1533-6106-2045-6618,1,0,0,0,0,0,0,0,0
QT1Z2MI43_1584-8288-2096-8800,1,0,0,0,0,0,0,0,0
QT1Z2MI43_1584-8800-2096-9312,1,0,0,0,0,0,0,0,0
QT1Z2MI43_1584-7776-2096-8288,1,0,0,0,0,0,0,0,0
QT1Z2MI43_1742-7105-2254-7617,1,0,0,0,0,0,0,0,0
QT1Z2MI43_1584-9312-2096-9824,1,0,0,0,0,0,0,0,0
QT1Z2MI43_1533-6618-2045-7130,1,0,0,0,0,0,0,0,0
QT1Z2MI43_1780-3564-2292-4076,1,0,0,0,0,0,0,0,0
QT1Z2MI43_1892-2698-2404-3210,1,0,0,0,0,0,0,0,0
QT1Z2MI43_1780-4076-2292-4588,1,0,0,0,0,0,0,0,0
QT1Z2MI43_2045-5594-2557-6106,1,0,0,0,0,0,0,0,0
QT1Z2MI43_2096-7776-2608-8288,1,0,0,0,0,0,0,0,0
QT1Z2MI43_2045-6106-2557-6618,1,0,0,0,0,0,0,0,0
QT1Z2MI43_2096-8288-2608-8800,1,0,0,0,0,0,0,0,0
QT1Z2MI43_2096-9312-2608-9824,1,0,0,0,0,0,0,0,0
QT1Z2MI43_2433-5377-2945-5889,1,0,0,0,0,0,0,0,0
QT1Z2MI43_2045-6618-2557-7130,1,0,0,0,0,0,0,0,0
QT1Z2MI43_2320-3177-2832-3689,1,0,0,0,0,0,0,0,0
QT1Z2MI43_2096-8800-2608-9312,1,0,0,0,0,0,0,0,0
QT1Z2MI43_2433-5889-2945-6401,1,0,0,0,0,0,0,0,0
QT1Z2MI43_2608-8800-3120-9312,1,0,0,0,0,0,0,0,0
QT1Z2MI43_2945-5377-3457-5889,1,0,0,0,0,0,0,0,0
QT1Z2MI43_2608-9312-3120-9824,1,0,0,0,0,0,0,0,0
QT1Z2MI43_2438-6468-2950-6980,1,0,0,0,0,0,0,0,0
QT1Z2MI43_2950-6468-3462-6980,1,0,0,0,0,0,0,0,0
QT1Z2MI43_2945-5889-3457-6401,1,0,0,0,0,0,0,0,0
QT1Z2MI43_2832-3177-3344-3689,1,0,0,0,0,0,0,0,0
QT1Z2MI43_3120-8800-3632-9312,1,0,0,0,0,0,0,0,0
QT1Z2MI43_3586-2691-4098-3203,1,0,0,0,0,0,0,0,0
QT1Z2MI43_3586-2179-4098-2691,1,0,0,0,0,0,0,0,0
QT1Z2MI43_3427-5130-3939-5642,1,0,0,0,0,0,0,0,0
QT1Z2MI43_3120-9312-3632-9824,1,0,0,0,0,0,0,0,0
QT1Z2MI43_4048-7814-4560-8326,1,0,0,0,0,0,0,0,0
QT1Z2MI43_3915-5765-4427-6277,1,0,0,0,0,0,0,0,0
QT1Z2MI43_4560-7302-5072-7814,1,0,0,0,0,0,0,0,0
QT1Z2MI43_4410-9407-4922-9919,1,0,0,0,0,0,0,0,0
QT1Z2MI43_4048-7302-4560-7814,1,0,0,0,0,0,0,0,0
QT1Z2MI43_4560-7814-5072-8326,1,0,0,0,0,0,0,0,0
QT1Z2MI43_4606-3807-5118-4319,1,0,0,0,0,0,0,0,0
QT1Z2MI43_4750-940-5262-1452,1,0,0,0,0,0,0,0,0
QT1Z2MI43_4606-3295-5118-3807,1,0,0,0,0,0,0,0,0
QT1Z2MI43_5072-7302-5584-7814,1,0,0,0,0,0,0,0,0
QT1Z2MI43_5118-3295-5630-3807,1,0,0,0,0,0,0,0,0
QT1Z2MI43_5072-7814-5584-8326,1,0,0,0,0,0,0,0,0
QT1Z2MI43_5118-3807-5630-4319,1,0,0,0,0,0,0,0,0
QT1Z2MI43_5262-940-5774-1452,1,0,0,0,0,0,0,0,0
QT1Z2MI43_5761-2703-6273-3215,1,0,0,0,0,0,0,0,0
QT1Z2MI43_6273-2703-6785-3215,1,0,0,0,0,0,0,0,0
QTAE2NXZM_1357-2910-1869-3422,0,0,0,0,0,0,1,0,0
QT1Z2MI43_5949-4747-6461-5259,1,0,0,0,0,0,0,0,0
QT1Z2MI43_5275-5331-5787-5843,1,0,0,0,0,0,0,0,0
QT1Z2MI43_6461-4747-6973-5259,1,0,0,0,0,0,0,0,0
QT1Z2MI43_756-3052-1268-3564,1,0,0,0,0,0,0,0,0
QT1Z2MI43_6273-3215-6785-3727,1,0,0,0,0,0,0,0,0
QT1Z2MI43_756-3564-1268-4076,1,0,0,0,0,0,0,0,0
QTAE2NXZM_1943-1080-2455-1592,0,0,0,0,0,0,1,0,0
QTAE2NXZM_1431-1592-1943-2104,0,0,0,0,0,0,1,0,0
QTAE2NXZM_1431-1080-1943-1592,0,0,0,0,0,0,1,0,0
QTAE2NXZM_1431-2104-1943-2616,0,0,0,0,0,0,1,0,0
QTAE2NXZM_4386-2520-4898-3032,0,0,0,0,0,0,1,0,0
QTAE2NXZM_3858-3503-4370-4015,0,0,0,0,0,0,1,0,0
QTAE2NXZM_1431-2616-1943-3128,0,0,0,0,0,0,1,0,0
QTAE2NXZM_4386-3032-4898-3544,0,0,0,0,0,0,1,0,0
QTGYB8A7W_7487-12183-7999-12695,0,0,0,1,0,0,0,0,0
QTGYB8A7W_9732-6704-10244-7216,0,0,0,1,0,0,0,0,0
QUBJI3YUY_10907-2591-11419-3103,0,0,1,0,0,0,0,0,0
QTAE2NXZM_4386-3544-4898-4056,0,0,0,0,0,0,1,0,0
QUBJI3YUY_10728-503-11240-1015,0,0,1,0,0,0,0,0,0
QUBJI3YUY_11054-3920-11566-4432,0,0,1,0,0,0,0,0,0
QUBJI3YUY_11693-1784-12205-2296,0,0,1,0,0,0,0,0,0
QUBJI3YUY_11785-2311-12297-2823,0,0,1,0,0,0,0,0,0
QUBJI3YUY_10480-3769-10992-4281,0,0,1,0,0,0,0,0,0
QUBJI3YUY_12713-575-13225-1087,0,0,1,0,0,0,0,0,0
QUBJI3YUY_1483-2533-1995-3045,0,0,0,1,0,0,0,0,0
QUBJI3YUY_13488-1974-14000-2486,0,0,1,0,0,0,0,0,0
QUBJI3YUY_1997-338-2509-850,0,0,1,0,0,0,0,0,0
QUBJI3YUY_1995-2533-2507-3045,0,0,0,1,0,0,0,0,0
QUBJI3YUY_3754-477-4266-989,0,0,0,1,0,0,0,0,0
QUBJI3YUY_2282-344-2794-856,0,0,1,0,0,0,0,0,0
QUBJI3YUY_2507-2533-3019-3045,0,0,0,1,0,0,0,0,0
QUBJI3YUY_3754-989-4266-1501,0,0,0,1,0,0,0,0,0
QUBJI3YUY_4266-477-4778-989,0,0,0,1,0,0,0,0,0
QUBJI3YUY_5953-348-6465-860,0,0,0,1,0,0,0,0,0
QUH1KRQZX_1688-7670-2200-8182,0,0,0,0,0,0,1,0,0
QUH1KRQZX_1176-8182-1688-8694,0,0,0,0,0,0,1,0,0
QUBJI3YUY_4266-989-4778-1501,0,0,0,1,0,0,0,0,0
QUBJI3YUY_9488-2535-10000-3047,0,0,1,0,0,0,0,0,0
QUH1KRQZX_1176-8694-1688-9206,0,0,0,0,0,0,1,0,0
QUH1KRQZX_1176-7670-1688-8182,0,0,0,0,0,0,1,0,0
QUH1KRQZX_1688-7158-2200-7670,0,0,0,0,0,0,1,0,0
QUH1KRQZX_1688-8182-2200-8694,0,0,0,0,0,0,1,0,0
QUH1KRQZX_2200-7670-2712-8182,0,0,0,0,0,0,1,0,0
QUH1KRQZX_1688-8694-2200-9206,0,0,0,0,0,0,1,0,0
QUH1KRQZX_2200-8694-2712-9206,0,0,0,0,0,0,1,0,0
QUH1KRQZX_2200-7158-2712-7670,0,0,0,0,0,0,1,0,0
QUH1KRQZX_1688-9206-2200-9718,0,0,0,0,0,0,1,0,0
QUH1KRQZX_2200-9206-2712-9718,0,0,0,0,0,0,1,0,0
QUH1KRQZX_2712-7158-3224-7670,0,0,0,0,0,0,1,0,0
QUH1KRQZX_2712-7670-3224-8182,0,0,0,0,0,0,1,0,0
QUH1KRQZX_3736-7158-4248-7670,0,0,0,0,0,0,1,0,0
QUH1KRQZX_3224-7670-3736-8182,0,0,0,0,0,0,1,0,0
QUH1KRQZX_3224-7158-3736-7670,0,0,0,0,0,0,1,0,0
QUH1KRQZX_3736-7670-4248-8182,0,0,0,0,0,0,1,0,0
QUH1KRQZX_4248-7158-4760-7670,0,0,0,0,0,0,1,0,0
QUH1KRQZX_5272-7158-5784-7670,0,0,0,0,0,0,1,0,0
QUH1KRQZX_4760-7158-5272-7670,0,0,0,0,0,0,1,0,0
QUH1KRQZX_2712-9206-3224-9718,0,0,0,0,0,0,1,0,0
QUH1KRQZX_3736-8182-4248-8694,0,0,0,0,0,0,1,0,0
QUH1KRQZX_5784-7158-6296-7670,0,0,0,0,0,0,1,0,0
QUIPWBPZ6_2525-1862-3037-2374,0,0,0,1,0,0,0,0,0
QUH1KRQZX_5784-7670-6296-8182,0,0,0,0,0,0,1,0,0
QUH1KRQZX_664-8182-1176-8694,0,0,0,0,0,0,1,0,0
QUH1KRQZX_6296-7670-6808-8182,0,0,0,0,0,0,1,0,0
QUQ7EFJK1_1033-485-1545-997,0,0,0,0,0,1,0,0,0
QUQ7EFJK1_191-2633-703-3145,0,0,0,0,0,1,0,0,0
QUQ7EFJK1_2631-466-3143-978,0,0,0,0,0,1,0,0,0
QUH1KRQZX_664-7670-1176-8182,0,0,0,0,0,0,1,0,0
QUQ7EFJK1_3143-466-3655-978,0,0,0,0,0,1,0,0,0
QUQ7EFJK1_521-485-1033-997,0,0,0,0,0,1,0,0,0
QUQ7EFJK1_4679-466-5191-978,0,0,0,0,0,1,0,0,0
QUQ7EFJK1_3655-466-4167-978,0,0,0,0,0,1,0,0,0
QUQ7EFJK1_5597-273-6109-785,0,0,0,0,0,1,0,0,0
QUQ7EFJK1_4167-466-4679-978,0,0,0,0,0,1,0,0,0
QUQ7EFJK1_7421-2464-7933-2976,0,0,0,0,0,1,0,0,0
QUQ7EFJK1_5136-1485-5648-1997,0,0,0,0,0,1,0,0,0
QUQ7EFJK1_7631-2622-8143-3134,0,0,0,0,0,1,0,0,0
QV7GUMDPU_1197-769-1709-1281,0,0,0,0,1,0,0,0,0
QV7GUMDPU_2756-766-3268-1278,0,0,0,0,1,0,0,0,0
QV7GUMDPU_1757-4593-2269-5105,0,0,0,0,1,0,0,0,0
QV7GUMDPU_1709-769-2221-1281,0,0,0,0,1,0,0,0,0
QV7GUMDPU_2269-4593-2781-5105,0,0,0,0,1,0,0,0,0
QV7GUMDPU_2244-766-2756-1278,0,0,0,0,1,0,0,0,0
QV7GUMDPU_3271-772-3783-1284,0,0,0,0,1,0,0,0,0
QV7GUMDPU_3382-4599-3894-5111,0,0,0,0,1,0,0,0,0
QV7GUMDPU_2870-4599-3382-5111,0,0,0,0,1,0,0,0,0
QV7GUMDPU_4330-4751-4842-5263,0,0,0,0,0,1,0,0,0
QVCPI2EMI_10825-5263-11337-5775,0,0,0,0,0,0,1,0,0
QV7GUMDPU_721-593-1233-1105,0,0,0,0,0,1,0,0,0
QVCPI2EMI_1097-3215-1609-3727,0,0,0,0,0,0,1,0,0
QV7GUMDPU_3783-772-4295-1284,0,0,0,0,1,0,0,0,0
QVCPI2EMI_10825-4751-11337-5263,0,0,0,0,0,0,1,0,0
QV7GUMDPU_668-4706-1180-5218,0,0,0,0,0,1,0,0,0
QVCPI2EMI_10313-4751-10825-5263,0,0,0,0,0,0,1,0,0
QVCPI2EMI_1101-2268-1613-2780,0,0,0,0,0,0,1,0,0
QVCPI2EMI_1609-3215-2121-3727,0,0,0,0,0,0,1,0,0
QVCPI2EMI_2121-3215-2633-3727,0,0,0,0,0,0,1,0,0
QVCPI2EMI_11337-5263-11849-5775,0,0,0,0,0,0,1,0,0
QVCPI2EMI_3145-3215-3657-3727,0,0,0,0,0,0,1,0,0
QVCPI2EMI_2633-3215-3145-3727,0,0,0,0,0,0,1,0,0
QVCPI2EMI_3657-3215-4169-3727,0,0,0,0,0,0,1,0,0
QVCPI2EMI_2125-1244-2637-1756,0,0,0,0,0,0,1,0,0
QVCPI2EMI_1613-1756-2125-2268,0,0,0,0,0,0,1,0,0
QVCPI2EMI_4169-3215-4681-3727,0,0,0,0,0,0,1,0,0
QVCPI2EMI_4681-3215-5193-3727,0,0,0,0,0,0,1,0,0
QVCPI2EMI_5705-3215-6217-3727,0,0,0,0,0,0,1,0,0
QVCPI2EMI_6217-3215-6729-3727,0,0,0,0,0,0,1,0,0
QVCPI2EMI_7121-6448-7633-6960,0,0,0,0,0,0,1,0,0
QVCPI2EMI_5193-3215-5705-3727,0,0,0,0,0,0,1,0,0
QVCPI2EMI_7121-5936-7633-6448,0,0,0,0,0,0,1,0,0
QVCPI2EMI_6729-3215-7241-3727,0,0,0,0,0,0,1,0,0
QVCPI2EMI_7121-5424-7633-5936,0,0,0,0,0,0,1,0,0
QVCPI2EMI_7241-3215-7753-3727,0,0,0,0,0,0,1,0,0
QVCPI2EMI_7633-4400-8145-4912,0,0,0,0,0,0,1,0,0
QVCPI2EMI_7633-5936-8145-6448,0,0,0,0,0,0,1,0,0
QVCPI2EMI_7241-4239-7753-4751,0,0,0,0,0,0,1,0,0
QVCPI2EMI_8265-3215-8777-3727,0,0,0,0,0,0,1,0,0
QVCPI2EMI_7633-3888-8145-4400,0,0,0,0,0,0,1,0,0
QVCPI2EMI_8777-3727-9289-4239,0,0,0,0,0,0,1,0,0
QVCPI2EMI_7753-3215-8265-3727,0,0,0,0,0,0,1,0,0
QVCPI2EMI_7241-4751-7753-5263,0,0,0,0,0,0,1,0,0
QVCPI2EMI_8265-3727-8777-4239,0,0,0,0,0,0,1,0,0
QVCPI2EMI_9289-4239-9801-4751,0,0,0,0,0,0,1,0,0
QVCPI2EMI_9801-4751-10313-5263,0,0,0,0,0,0,1,0,0
QVCPI2EMI_9801-4239-10313-4751,0,0,0,0,0,0,1,0,0
QVCPI2EMI_9289-3727-9801-4239,0,0,0,0,0,0,1,0,0
QW48NEMU1_7758-1718-8270-2230,0,1,0,0,0,0,0,0,0
QW9RQA76P_10004-503-10516-1015,0,0,0,0,0,0,0,1,0
QW9RQA76P_10553-955-11065-1467,0,0,0,0,0,0,0,1,0
QW9RQA76P_10531-457-11043-969,0,0,0,0,0,0,0,1,0
QW9RQA76P_10787-794-11299-1306,0,0,0,0,0,0,0,1,0
QW9RQA76P_11993-971-12505-1483,0,0,0,0,0,0,0,1,0
QW9RQA76P_11065-955-11577-1467,0,0,0,0,0,0,0,1,0
QW9RQA76P_11482-663-11994-1175,0,0,0,0,0,0,0,1,0
QW9RQA76P_11994-663-12506-1175,0,0,0,0,0,0,0,1,0
QW9RQA76P_11215-631-11727-1143,0,0,0,0,0,0,0,1,0
QW9RQA76P_11440-924-11952-1436,0,0,0,0,0,0,0,1,0
QW9RQA76P_1993-971-2505-1483,0,0,0,0,0,0,0,1,0
QW9RQA76P_1359-702-1871-1214,0,0,0,0,0,0,0,1,0
QW9RQA76P_2164-1303-2676-1815,0,0,0,0,0,0,0,1,0
QW9RQA76P_2941-1346-3453-1858,0,0,0,0,0,0,0,1,0
QW9RQA76P_2654-825-3166-1337,0,0,0,0,0,0,0,1,0
QW9RQA76P_2317-1559-2829-2071,0,0,0,0,0,0,0,1,0
QW9RQA76P_2520-1323-3032-1835,0,0,0,0,0,0,0,1,0
QW9RQA76P_2983-759-3495-1271,0,0,0,0,0,0,0,1,0
QW9RQA76P_2849-1014-3361-1526,0,0,0,0,0,0,0,1,0
QW9RQA76P_3216-1045-3728-1557,0,0,0,0,0,0,0,1,0
QW9RQA76P_3343-1279-3855-1791,0,0,0,0,0,0,0,1,0
QW9RQA76P_3526-1679-4038-2191,0,0,0,0,0,0,0,1,0
QW9RQA76P_3842-523-4354-1035,0,0,0,0,0,0,0,1,0
QW9RQA76P_3362-2076-3874-2588,0,0,0,0,0,0,0,1,0
QW9RQA76P_3666-870-4178-1382,0,0,0,0,0,0,0,1,0
QW9RQA76P_3506-536-4018-1048,0,0,0,0,0,0,0,1,0
QW9RQA76P_3819-1105-4331-1617,0,0,0,0,0,0,0,1,0
QW9RQA76P_3943-1668-4455-2180,0,0,0,0,0,0,0,1,0
QW9RQA76P_3994-766-4506-1278,0,0,0,0,0,0,0,1,0
QW9RQA76P_4102-1369-4614-1881,0,0,0,0,0,0,0,1,0
QW9RQA76P_4221-1581-4733-2093,0,0,0,0,0,0,0,1,0
QW9RQA76P_4546-996-5058-1508,0,0,0,0,0,0,0,1,0
QW9RQA76P_4328-463-4840-975,0,0,0,0,0,0,0,1,0
QW9RQA76P_4469-741-4981-1253,0,0,0,0,0,0,0,1,0
QW9RQA76P_4295-1227-4807-1739,0,0,0,0,0,0,0,1,0
QW9RQA76P_4730-788-5242-1300,0,0,0,0,0,0,0,1,0
QW9RQA76P_4528-1795-5040-2307,0,0,0,0,0,0,0,1,0
QW9RQA76P_4807-1227-5319-1739,0,0,0,0,0,0,0,1,0
QW9RQA76P_4807-1739-5319-2251,0,0,0,0,0,0,0,1,0
QW9RQA76P_5229-1216-5741-1728,0,0,0,0,0,0,0,1,0
QW9RQA76P_5225-1924-5737-2436,0,0,0,0,0,0,0,1,0
QW9RQA76P_5712-799-6224-1311,0,0,0,0,0,0,0,1,0
QW9RQA76P_4828-430-5340-942,0,0,0,0,0,0,0,1,0
QW9RQA76P_5016-716-5528-1228,0,0,0,0,0,0,0,1,0
QW9RQA76P_5562-1585-6074-2097,0,0,0,0,0,0,0,1,0
QW9RQA76P_5380-507-5892-1019,0,0,0,0,0,0,0,1,0
QW9RQA76P_5756-1823-6268-2335,0,0,0,0,0,0,0,1,0
QW9RQA76P_5749-1278-6261-1790,0,0,0,0,0,0,0,1,0
QW9RQA76P_5804-507-6316-1019,0,0,0,0,0,0,0,1,0
QW9RQA76P_6058-1583-6570-2095,0,0,0,0,0,0,0,1,0
QW9RQA76P_5956-2141-6468-2653,0,0,0,0,0,0,0,1,0
QW9RQA76P_6081-1884-6593-2396,0,0,0,0,0,0,0,1,0
QW9RQA76P_6261-1278-6773-1790,0,0,0,0,0,0,0,1,0
QW9RQA76P_6363-1756-6875-2268,0,0,0,0,0,0,0,1,0
QW9RQA76P_6165-446-6677-958,0,0,0,0,0,0,0,1,0
QW9RQA76P_6411-506-6923-1018,0,0,0,0,0,0,0,1,0
QW9RQA76P_6817-786-7329-1298,0,0,0,0,0,0,0,1,0
QW9RQA76P_6460-1022-6972-1534,0,0,0,0,0,0,0,1,0
QW9RQA76P_6917-1835-7429-2347,0,0,0,0,0,0,0,1,0
QW9RQA76P_6991-1322-7503-1834,0,0,0,0,0,0,0,1,0
QW9RQA76P_7129-533-7641-1045,0,0,0,0,0,0,0,1,0
QW9RQA76P_7128-1551-7640-2063,0,0,0,0,0,0,0,1,0
QW9RQA76P_7609-750-8121-1262,0,0,0,0,0,0,0,1,0
QW9RQA76P_7184-1873-7696-2385,0,0,0,0,0,0,0,1,0
QW9RQA76P_7315-1279-7827-1791,0,0,0,0,0,0,0,1,0
QW9RQA76P_7645-1012-8157-1524,0,0,0,0,0,0,0,1,0
QW9RQA76P_9564-1234-10076-1746,0,0,0,0,0,0,0,1,0
QXRR6C7L4_1049-570-1561-1082,1,0,0,0,0,0,0,0,0
QW9RQA76P_7716-1268-8228-1780,0,0,0,0,0,0,0,1,0
QW9RQA76P_7955-1039-8467-1551,0,0,0,0,0,0,0,1,0
QXRR6C7L4_1134-1377-1646-1889,1,0,0,0,0,0,0,0,0
QXRR6C7L4_1083-2267-1595-2779,1,0,0,0,0,0,0,0,0
QXRR6C7L4_1134-2913-1646-3425,1,0,0,0,0,0,0,0,0
QXRR6C7L4_1262-728-1774-1240,1,0,0,0,0,0,0,0,0
QXRR6C7L4_1646-2401-2158-2913,1,0,0,0,0,0,0,0,0
QXRR6C7L4_2158-1377-2670-1889,1,0,0,0,0,0,0,0,0
QXRR6C7L4_1860-864-2372-1376,1,0,0,0,0,0,0,0,0
QXRR6C7L4_1646-1889-2158-2401,1,0,0,0,0,0,0,0,0
QXRR6C7L4_1646-1377-2158-1889,1,0,0,0,0,0,0,0,0
QXRR6C7L4_2158-1889-2670-2401,1,0,0,0,0,0,0,0,0
QXRR6C7L4_2158-2401-2670-2913,1,0,0,0,0,0,0,0,0
QXRR6C7L4_2158-2913-2670-3425,1,0,0,0,0,0,0,0,0
QXRR6C7L4_1646-2913-2158-3425,1,0,0,0,0,0,0,0,0
QXRR6C7L4_2158-865-2670-1377,1,0,0,0,0,0,0,0,0
QXRR6C7L4_2418-2582-2930-3094,1,0,0,0,0,0,0,0,0
QXRR6C7L4_582-1297-1094-1809,1,0,0,0,0,0,0,0,0
QXRR6C7L4_308-709-820-1221,1,0,0,0,0,0,0,0,0
QXRR6C7L4_582-1809-1094-2321,1,0,0,0,0,0,0,0,0
QY43TH7AD_2262-756-2774-1268,0,0,0,0,1,0,0,0,0
QY43TH7AD_1468-755-1980-1267,0,0,0,0,1,0,0,0,0
QY43TH7AD_2435-4692-2947-5204,0,0,0,0,1,0,0,0,0
QY43TH7AD_1910-4710-2422-5222,0,0,0,0,1,0,0,0,0
QY43TH7AD_3845-765-4357-1277,0,0,0,0,1,0,0,0,0
QY43TH7AD_2950-4699-3462-5211,0,0,0,0,1,0,0,0,0
QY43TH7AD_3312-769-3824-1281,0,0,0,0,1,0,0,0,0
QYAKHZAVC_1436-474-1948-986,0,0,0,0,0,1,0,0,0
QY43TH7AD_2779-777-3291-1289,0,0,0,0,1,0,0,0,0
QY43TH7AD_3486-4705-3998-5217,0,0,0,0,1,0,0,0,0
QYAKHZAVC_1391-5057-1903-5569,0,0,0,0,0,1,0,0,0
QYAKHZAVC_2364-417-2876-929,0,0,0,0,0,1,0,0,0
QYAKHZAVC_2316-5058-2828-5570,0,0,0,0,0,1,0,0,0
QYBLEY7EL_10831-5362-11343-5874,0,1,0,0,0,0,0,0,0
QYAKHZAVC_464-5066-976-5578,0,0,0,0,0,1,0,0,0
QYBLEY7EL_10831-6386-11343-6898,0,1,0,0,0,0,0,0,0
QYBLEY7EL_10614-714-11126-1226,0,1,0,0,0,0,0,0,0
QYBLEY7EL_10831-5874-11343-6386,0,1,0,0,0,0,0,0,0
QYAKHZAVC_978-476-1490-988,0,0,0,0,0,1,0,0,0
QYBLEY7EL_10831-7410-11343-7922,0,1,0,0,0,0,0,0,0
QYBLEY7EL_10831-7922-11343-8434,0,1,0,0,0,0,0,0,0
QYBLEY7EL_10831-6898-11343-7410,0,1,0,0,0,0,0,0,0
QYBLEY7EL_10831-8434-11343-8946,0,1,0,0,0,0,0,0,0
QYBLEY7EL_10843-1039-11355-1551,0,1,0,0,0,0,0,0,0
QYBLEY7EL_10852-3058-11364-3570,0,1,0,0,0,0,0,0,0
QYBLEY7EL_10843-1551-11355-2063,0,1,0,0,0,0,0,0,0
QYBLEY7EL_10852-2546-11364-3058,0,1,0,0,0,0,0,0,0
QYBLEY7EL_10852-4594-11364-5106,0,1,0,0,0,0,0,0,0
QYBLEY7EL_10852-3570-11364-4082,0,1,0,0,0,0,0,0,0
QYBLEY7EL_10852-4082-11364-4594,0,1,0,0,0,0,0,0,0
QYBLEY7EL_10843-2063-11355-2575,0,1,0,0,0,0,0,0,0
QYBLEY7EL_1933-2995-2445-3507,0,1,0,0,0,0,0,0,0
QYBLEY7EL_1963-1473-2475-1985,0,1,0,0,0,0,0,0,0
QYBLEY7EL_1451-1985-1963-2497,0,1,0,0,0,0,0,0,0
QYBLEY7EL_1933-2483-2445-2995,0,1,0,0,0,0,0,0,0
QYBLEY7EL_1451-961-1963-1473,0,1,0,0,0,0,0,0,0
QYBLEY7EL_1451-1473-1963-1985,0,1,0,0,0,0,0,0,0
QYBLEY7EL_1963-961-2475-1473,0,1,0,0,0,0,0,0,0
QYBLEY7EL_1963-1985-2475-2497,0,1,0,0,0,0,0,0,0
QYBLEY7EL_1963-449-2475-961,0,1,0,0,0,0,0,0,0
QYBLEY7EL_2445-2483-2957-2995,0,1,0,0,0,0,0,0,0
QYBLEY7EL_2987-449-3499-961,0,1,0,0,0,0,0,0,0
QYBLEY7EL_2475-1473-2987-1985,0,1,0,0,0,0,0,0,0
QYBLEY7EL_4683-3625-5195-4137,0,1,0,0,0,0,0,0,0
QYBLEY7EL_2475-449-2987-961,0,1,0,0,0,0,0,0,0
QYBLEY7EL_2339-8273-2851-8785,0,1,0,0,0,0,0,0,0
QYBLEY7EL_2445-2995-2957-3507,0,1,0,0,0,0,0,0,0
QYBLEY7EL_4683-4137-5195-4649,0,1,0,0,0,0,0,0,0
QYBLEY7EL_2475-961-2987-1473,0,1,0,0,0,0,0,0,0
QYBLEY7EL_5707-4137-6219-4649,0,1,0,0,0,0,0,0,0
QYBLEY7EL_5707-4649-6219-5161,0,1,0,0,0,0,0,0,0
QYBLEY7EL_5195-4137-5707-4649,0,1,0,0,0,0,0,0,0
QYBLEY7EL_5195-3625-5707-4137,0,1,0,0,0,0,0,0,0
QYBLEY7EL_5195-3113-5707-3625,0,1,0,0,0,0,0,0,0
QYBLEY7EL_4939-7033-5451-7545,0,1,0,0,0,0,0,0,0
QYBLEY7EL_5707-5161-6219-5673,0,1,0,0,0,0,0,0,0
QYBLEY7EL_5707-5673-6219-6185,0,1,0,0,0,0,0,0,0
QYBLEY7EL_571-6166-1083-6678,0,1,0,0,0,0,0,0,0
QYBLEY7EL_571-6678-1083-7190,0,1,0,0,0,0,0,0,0
QYBLEY7EL_5796-2594-6308-3106,0,1,0,0,0,0,0,0,0
QYBLEY7EL_5796-1570-6308-2082,0,1,0,0,0,0,0,0,0
QYBLEY7EL_5796-3106-6308-3618,0,1,0,0,0,0,0,0,0
QYBLEY7EL_571-7190-1083-7702,0,1,0,0,0,0,0,0,0
QYBLEY7EL_5796-1058-6308-1570,0,1,0,0,0,0,0,0,0
QYBLEY7EL_571-7702-1083-8214,0,1,0,0,0,0,0,0,0
QYBLEY7EL_5796-2082-6308-2594,0,1,0,0,0,0,0,0,0
QYBLEY7EL_5796-546-6308-1058,0,1,0,0,0,0,0,0,0
QYBLEY7EL_599-5429-1111-5941,0,1,0,0,0,0,0,0,0
QYBLEY7EL_599-4405-1111-4917,0,1,0,0,0,0,0,0,0
QYBLEY7EL_599-4917-1111-5429,0,1,0,0,0,0,0,0,0
QYBLEY7EL_6219-3113-6731-3625,0,1,0,0,0,0,0,0,0
QYBLEY7EL_594-8096-1106-8608,0,1,0,0,0,0,0,0,0
QYBLEY7EL_6219-5161-6731-5673,0,1,0,0,0,0,0,0,0
QYBLEY7EL_6256-8116-6768-8628,0,1,0,0,0,0,0,0,0
QYBLEY7EL_6219-5673-6731-6185,0,1,0,0,0,0,0,0,0
QYBLEY7EL_6308-1570-6820-2082,0,1,0,0,0,0,0,0,0
QYBLEY7EL_648-4146-1160-4658,0,1,0,0,0,0,0,0,0
QYBLEY7EL_6308-2594-6820-3106,0,1,0,0,0,0,0,0,0
QYBLEY7EL_6731-4137-7243-4649,0,1,0,0,0,0,0,0,0
QYBLEY7EL_6308-2082-6820-2594,0,1,0,0,0,0,0,0,0
QYBLEY7EL_6308-546-6820-1058,0,1,0,0,0,0,0,0,0
QYBLEY7EL_6820-1058-7332-1570,0,1,0,0,0,0,0,0,0
QYBLEY7EL_648-3634-1160-4146,0,1,0,0,0,0,0,0,0
QYBLEY7EL_6731-4649-7243-5161,0,1,0,0,0,0,0,0,0
QYBLEY7EL_7243-3113-7755-3625,0,1,0,0,0,0,0,0,0
QYBLEY7EL_6820-2082-7332-2594,0,1,0,0,0,0,0,0,0
QYBLEY7EL_7180-8324-7692-8836,0,1,0,0,0,0,0,0,0
QYBLEY7EL_6820-3106-7332-3618,0,1,0,0,0,0,0,0,0
QYBLEY7EL_6820-1570-7332-2082,0,1,0,0,0,0,0,0,0
QYBLEY7EL_7243-3625-7755-4137,0,1,0,0,0,0,0,0,0
QYBLEY7EL_7332-1058-7844-1570,0,1,0,0,0,0,0,0,0
QYBLEY7EL_7332-1570-7844-2082,0,1,0,0,0,0,0,0,0
QYBLEY7EL_7332-2082-7844-2594,0,1,0,0,0,0,0,0,0
QYBLEY7EL_7332-2594-7844-3106,0,1,0,0,0,0,0,0,0
QYBLEY7EL_7844-2082-8356-2594,0,1,0,0,0,0,0,0,0
QYBLEY7EL_7844-546-8356-1058,0,1,0,0,0,0,0,0,0
QYBLEY7EL_7844-1058-8356-1570,0,1,0,0,0,0,0,0,0
QYBLEY7EL_7844-2594-8356-3106,0,1,0,0,0,0,0,0,0
QYBLEY7EL_8356-546-8868-1058,0,1,0,0,0,0,0,0,0
QYBLEY7EL_8356-1058-8868-1570,0,1,0,0,0,0,0,0,0
QYBLEY7EL_7844-1570-8356-2082,0,1,0,0,0,0,0,0,0
QYBLEY7EL_9114-8400-9626-8912,0,1,0,0,0,0,0,0,0
QYD9PBREB_1871-808-2383-1320,0,1,0,0,0,0,0,0,0
QYD9PBREB_1471-604-1983-1116,0,1,0,0,0,0,0,0,0
QYD9PBREB_2449-714-2961-1226,0,1,0,0,0,0,0,0,0
QYBLEY7EL_9662-718-10174-1230,0,1,0,0,0,0,0,0,0
QYD9PBREB_1393-851-1905-1363,0,1,0,0,0,0,0,0,0
QYD9PBREB_1643-909-2155-1421,0,1,0,0,0,0,0,0,0
QYD9PBREB_2782-630-3294-1142,0,1,0,0,0,0,0,0,0
QYD9PBREB_3425-1778-3937-2290,0,1,0,0,0,0,0,0,0
QYD9PBREB_3782-1813-4294-2325,0,1,0,0,0,0,0,0,0
QYD9PBREB_4276-4285-4788-4797,0,1,0,0,0,0,0,0,0
QZ9MRC1IG_2175-7835-2687-8347,0,0,1,0,0,0,0,0,0
QZ9MRC1IG_2759-4077-3271-4589,0,0,1,0,0,0,0,0,0
QYD9PBREB_4054-1759-4566-2271,0,1,0,0,0,0,0,0,0
QZ9MRC1IG_2756-915-3268-1427,0,0,1,0,0,0,0,0,0
QZ9MRC1IG_2741-5055-3253-5567,0,0,1,0,0,0,0,0,0
QZ9MRC1IG_1295-1316-1807-1828,0,0,1,0,0,0,0,0,0
QZ9MRC1IG_558-4474-1070-4986,0,0,1,0,0,0,0,0,0
QZ9MRC1IG_1028-1369-1540-1881,0,0,1,0,0,0,0,0,0
QZTAUZXYC_2838-7288-3350-7800,0,1,0,0,0,0,0,0,0
QZTAUZXYC_2838-6776-3350-7288,0,1,0,0,0,0,0,0,0
QZ9MRC1IG_705-1348-1217-1860,0,0,1,0,0,0,0,0,0
QZTAUZXYC_2838-5752-3350-6264,0,1,0,0,0,0,0,0,0
QZTAUZXYC_2575-2495-3087-3007,0,1,0,0,0,0,0,0,0
QZTAUZXYC_3087-1983-3599-2495,0,1,0,0,0,0,0,0,0
QZTAUZXYC_2838-6264-3350-6776,0,1,0,0,0,0,0,0,0
QZTAUZXYC_3350-6264-3862-6776,0,1,0,0,0,0,0,0,0
QZTAUZXYC_3087-2495-3599-3007,0,1,0,0,0,0,0,0,0
QZTAUZXYC_3599-1983-4111-2495,0,1,0,0,0,0,0,0,0
QZTAUZXYC_4157-1128-4669-1640,0,1,0,0,0,0,0,0,0
QZTAUZXYC_3350-7288-3862-7800,0,1,0,0,0,0,0,0,0
QZTAUZXYC_3350-6776-3862-7288,0,1,0,0,0,0,0,0,0
R19JP8IXQ_2227-1215-2739-1727,0,0,1,0,0,0,0,0,0
R19JP8IXQ_1293-526-1805-1038,0,0,1,0,0,0,0,0,0
QZTAUZXYC_3599-1471-4111-1983,0,1,0,0,0,0,0,0,0
R19JP8IXQ_2954-5944-3466-6456,0,0,1,0,0,0,0,0,0
R19JP8IXQ_2424-4866-2936-5378,0,0,1,0,0,0,0,0,0
R19JP8IXQ_2974-1648-3486-2160,0,0,1,0,0,0,0,0,0
R19JP8IXQ_5349-1639-5861-2151,0,0,1,0,0,0,0,0,0
R19JP8IXQ_5358-4040-5870-4552,0,0,1,0,0,0,0,0,0
R19JP8IXQ_2959-4922-3471-5434,0,0,1,0,0,0,0,0,0
R19JP8IXQ_5385-2376-5897-2888,0,0,1,0,0,0,0,0,0
R19JP8IXQ_5385-2888-5897-3400,0,0,1,0,0,0,0,0,0
R19JP8IXQ_566-5580-1078-6092,0,0,1,0,0,0,0,0,0
R2FL62EJD_3303-752-3815-1264,0,0,0,1,0,0,0,0,0
R19JP8IXQ_732-4785-1244-5297,0,0,1,0,0,0,0,0,0
R19JP8IXQ_5839-673-6351-1185,0,0,1,0,0,0,0,0,0
R19JP8IXQ_781-526-1293-1038,0,0,1,0,0,0,0,0,0
R2FL62EJD_3303-1264-3815-1776,0,0,0,1,0,0,0,0,0
R19JP8IXQ_781-1038-1293-1550,0,0,1,0,0,0,0,0,0
R19JP8IXQ_5861-1639-6373-2151,0,0,1,0,0,0,0,0,0
R19JP8IXQ_5772-3415-6284-3927,0,0,1,0,0,0,0,0,0
R2FL62EJD_3815-1264-4327-1776,0,0,0,1,0,0,0,0,0
R2FL62EJD_3875-1925-4387-2437,0,0,0,1,0,0,0,0,0
R2FL62EJD_3815-752-4327-1264,0,0,0,1,0,0,0,0,0
R2FL62EJD_4327-752-4839-1264,0,0,0,1,0,0,0,0,0
R2FL62EJD_4068-2105-4580-2617,0,0,0,1,0,0,0,0,0
R2FL62EJD_4327-1264-4839-1776,0,0,0,1,0,0,0,0,0
R2GVGTGXG_2852-7361-3364-7873,0,0,1,0,0,0,0,0,0
R2FL62EJD_4530-2549-5042-3061,0,0,0,1,0,0,0,0,0
R2FL62EJD_3908-3119-4420-3631,0,0,0,1,0,0,0,0,0
R2GVGTGXG_2972-3936-3484-4448,0,0,1,0,0,0,0,0,0
R4L9ZUGG1_4837-8158-5349-8670,0,0,0,1,0,0,0,0,0
R4L9ZUGG1_3415-8305-3927-8817,0,0,0,1,0,0,0,0,0
R2GVGTGXG_777-4083-1289-4595,0,0,1,0,0,0,0,0,0
R4L9ZUGG1_5349-8158-5861-8670,0,0,0,1,0,0,0,0,0
R33UYVKVD_5593-16457-6105-16969,0,0,0,1,0,0,0,0,0
R4L9ZUGG1_3927-8305-4439-8817,0,0,0,1,0,0,0,0,0
R2GVGTGXG_3713-5712-4225-6224,0,0,1,0,0,0,0,0,0
R4L9ZUGG1_1034-4348-1546-4860,0,0,0,0,0,0,0,0,1
R3LZGYCQA_609-6161-1121-6673,1,0,0,0,0,0,0,0,0
R4L9ZUGG1_2956-3184-3468-3696,0,0,0,0,0,0,0,0,1
R4UCM2VJK_1748-429-2260-941,0,0,0,0,0,0,0,0,1
R4UWVHYRP_3194-2245-3706-2757,0,0,0,0,0,1,0,0,0
R4UWVHYRP_1295-520-1807-1032,0,0,1,0,0,1,0,0,0
R4UWVHYRP_2227-1772-2739-2284,0,0,0,0,0,1,0,0,0
R4UWVHYRP_1773-1303-2285-1815,0,0,0,0,0,1,0,0,0
R4UWVHYRP_1937-1543-2449-2055,0,0,0,0,0,1,0,0,0
R4UWVHYRP_1643-1094-2155-1606,0,0,0,0,0,1,0,0,0
R4UWVHYRP_442-2643-954-3155,0,0,0,0,0,1,0,0,0
R4UWVHYRP_359-897-871-1409,0,0,1,0,0,1,0,0,0
R4UWVHYRP_3854-2486-4366-2998,0,0,0,0,0,1,0,0,0
R633WJVQM_1753-7574-2265-8086,0,0,1,0,0,0,0,0,0
R633WJVQM_1078-7652-1590-8164,0,0,1,0,0,0,0,0,0
R4UWVHYRP_3646-2287-4158-2799,0,0,0,0,0,1,0,0,0
R4UWVHYRP_4006-2972-4518-3484,0,0,1,0,0,1,0,0,0
R4UWVHYRP_4322-3203-4834-3715,0,0,0,0,0,1,0,0,0
R4UWVHYRP_399-1921-911-2433,0,0,0,0,0,1,0,0,0
R633WJVQM_1940-7243-2452-7755,0,0,1,0,0,0,0,0,0
R4UWVHYRP_4557-3445-5069-3957,0,0,0,0,0,1,0,0,0
R4UWVHYRP_4696-3727-5208-4239,0,0,0,0,0,1,0,0,0
R633WJVQM_2622-4776-3134-5288,0,0,1,0,0,0,0,0,0
R633WJVQM_2012-6502-2524-7014,0,0,1,0,0,0,0,0,0
R633WJVQM_2007-7512-2519-8024,0,0,1,0,0,0,0,0,0
R633WJVQM_3046-3423-3558-3935,0,0,1,0,0,0,0,0,0
R633WJVQM_2727-3066-3239-3578,0,0,1,0,0,0,0,0,0
R633WJVQM_4580-8329-5092-8841,0,0,1,0,0,0,0,0,0
R6BRY3E1G_4597-8532-5109-9044,0,0,1,0,0,0,0,0,0
R6QLW6Q86_1819-2742-2331-3254,1,0,0,0,0,0,0,0,0
R6QLW6Q86_1307-6326-1819-6838,1,0,0,0,0,0,0,0,0
R6QLW6Q86_1307-2742-1819-3254,1,0,0,0,0,0,0,0,0
R633WJVQM_821-7555-1333-8067,0,0,1,0,0,0,0,0,0
R6QLW6Q86_1307-6838-1819-7350,1,0,0,0,0,0,0,0,0
R6QLW6Q86_1307-5302-1819-5814,1,0,0,0,0,0,0,0,0
R6QLW6Q86_1819-6326-2331-6838,1,0,0,0,0,0,0,0,0
R6QLW6Q86_1307-3254-1819-3766,1,0,0,0,0,0,0,0,0
R6QLW6Q86_1307-7350-1819-7862,1,0,0,0,0,0,0,0,0
R6QLW6Q86_1307-5814-1819-6326,1,0,0,0,0,0,0,0,0
R6QLW6Q86_1819-7350-2331-7862,1,0,0,0,0,0,0,0,0
R6QLW6Q86_2331-2230-2843-2742,1,0,0,0,0,0,0,0,0
R6QLW6Q86_2331-7862-2843-8374,1,0,0,0,0,0,0,0,0
R6QLW6Q86_2331-1718-2843-2230,1,0,0,0,0,0,0,0,0
R6QLW6Q86_1819-7862-2331-8374,1,0,0,0,0,0,0,0,0
R6QLW6Q86_2843-1206-3355-1718,1,0,0,0,0,0,0,0,0
R6QLW6Q86_2843-2742-3355-3254,1,0,0,0,0,0,0,0,0
R6QLW6Q86_2843-3254-3355-3766,1,0,0,0,0,0,0,0,0
R6QLW6Q86_2843-8374-3355-8886,1,0,0,0,0,0,0,0,0
R6QLW6Q86_3355-1206-3867-1718,1,0,0,0,0,0,0,0,0
R6QLW6Q86_3867-1206-4379-1718,1,0,0,0,0,0,0,0,0
R6QLW6Q86_2843-8886-3355-9398,1,0,0,0,0,0,0,0,0
R6QLW6Q86_3867-8886-4379-9398,1,0,0,0,0,0,0,0,0
R6QLW6Q86_3355-8886-3867-9398,1,0,0,0,0,0,0,0,0
R6QLW6Q86_4379-8886-4891-9398,1,0,0,0,0,0,0,0,0
R6QLW6Q86_4379-1206-4891-1718,1,0,0,0,0,0,0,0,0
R6QLW6Q86_4379-694-4891-1206,1,0,0,0,0,0,0,0,0
R6QLW6Q86_4891-5814-5403-6326,1,0,0,0,0,0,0,0,0
R6QLW6Q86_4891-694-5403-1206,1,0,0,0,0,0,0,0,0
R6QLW6Q86_5403-1718-5915-2230,1,0,0,0,0,0,0,0,0
R6QLW6Q86_5403-2230-5915-2742,1,0,0,0,0,0,0,0,0
R6QLW6Q86_5403-3254-5915-3766,1,0,0,0,0,0,0,0,0
R6QLW6Q86_5403-2742-5915-3254,1,0,0,0,0,0,0,0,0
R6QLW6Q86_5403-1206-5915-1718,1,0,0,0,0,0,0,0,0
R6QLW6Q86_5403-6838-5915-7350,1,0,0,0,0,0,0,0,0
R6QLW6Q86_5403-6326-5915-6838,1,0,0,0,0,0,0,0,0
R6QLW6Q86_5403-4790-5915-5302,1,0,0,0,0,0,0,0,0
R6QLW6Q86_5403-5814-5915-6326,1,0,0,0,0,0,0,0,0
R6QLW6Q86_5403-4278-5915-4790,1,0,0,0,0,0,0,0,0
R6QLW6Q86_5403-694-5915-1206,1,0,0,0,0,0,0,0,0
R6QLW6Q86_5403-5302-5915-5814,1,0,0,0,0,0,0,0,0
R6QLW6Q86_5403-3766-5915-4278,1,0,0,0,0,0,0,0,0
R6QLW6Q86_5403-7862-5915-8374,1,0,0,0,0,0,0,0,0
R6QLW6Q86_5403-8886-5915-9398,1,0,0,0,0,0,0,0,0
R6QLW6Q86_5403-8374-5915-8886,1,0,0,0,0,0,0,0,0
R6QLW6Q86_5403-7350-5915-7862,1,0,0,0,0,0,0,0,0
R6QLW6Q86_795-3254-1307-3766,1,0,0,0,0,0,0,0,0
R6QLW6Q86_795-3766-1307-4278,1,0,0,0,0,0,0,0,0
R6QLW6Q86_795-4790-1307-5302,1,0,0,0,0,0,0,0,0
R6QLW6Q86_795-5302-1307-5814,1,0,0,0,0,0,0,0,0
R6QLW6Q86_795-4278-1307-4790,1,0,0,0,0,0,0,0,0
R6VE77KHK_3280-1869-3792-2381,0,0,0,0,0,1,0,0,0
R6VE77KHK_685-576-1197-1088,0,0,0,0,0,1,0,0,0
R7FC9WTAG_2053-9715-2565-10227,0,0,1,0,0,0,0,0,0
R7FC9WTAG_3077-9715-3589-10227,0,0,1,0,0,0,0,0,0
R6VE77KHK_3531-1744-4043-2256,0,0,0,0,0,1,0,0,0
R7FC9WTAG_1029-9715-1541-10227,0,0,1,0,0,0,0,0,0
R7FC9WTAG_4101-9715-4613-10227,0,0,1,0,0,0,0,0,0
R6VE77KHK_4438-1494-4950-2006,0,0,0,0,0,1,0,0,0
R6VE77KHK_777-2320-1289-2832,0,0,0,0,0,1,0,0,0
R7FC9WTAG_4613-9715-5125-10227,0,0,1,0,0,0,0,0,0
R7FC9WTAG_1541-9715-2053-10227,0,0,1,0,0,0,0,0,0
R7FC9WTAG_3589-9715-4101-10227,0,0,1,0,0,0,0,0,0
R7FC9WTAG_2565-9715-3077-10227,0,0,1,0,0,0,0,0,0
R7FC9WTAG_5125-9715-5637-10227,0,0,1,0,0,0,0,0,0
R7FC9WTAG_5637-9715-6149-10227,0,0,1,0,0,0,0,0,0
R7FC9WTAG_6149-9715-6661-10227,0,0,1,0,0,0,0,0,0
R7FC9WTAG_6432-1025-6944-1537,0,0,1,0,0,0,0,0,0
R7FC9WTAG_6661-9715-7173-10227,0,0,1,0,0,0,0,0,0
R83IEAF4A_14494-7727-15006-8239,0,0,0,1,0,0,0,0,0
R8II2FHGP_3660-1243-4172-1755,0,0,0,0,0,0,1,0,0
R8II2FHGP_3562-3450-4074-3962,0,1,0,0,0,0,0,0,0
R8II2FHGP_1083-3902-1595-4414,0,1,0,0,0,0,0,0,0
R8II2FHGP_3660-3803-4172-4315,0,1,0,0,0,0,0,0,0
R8II2FHGP_3241-4239-3753-4751,0,1,0,0,0,0,0,0,0
R8II2FHGP_3753-4239-4265-4751,0,1,0,0,0,0,0,0,0
R83IEAF4A_14494-8239-15006-8751,0,0,0,1,0,0,0,0,0
R8II2FHGP_4172-1755-4684-2267,0,0,0,0,0,0,1,0,0
R8II2FHGP_4172-2267-4684-2779,0,0,0,0,0,0,1,0,0
R8II2FHGP_3660-731-4172-1243,0,0,0,0,0,0,1,0,0
R8II2FHGP_4172-1243-4684-1755,0,0,0,0,0,0,1,0,0
R8II2FHGP_4172-2779-4684-3291,0,0,0,0,0,0,1,0,0
R8II2FHGP_4234-4346-4746-4858,0,0,0,0,0,0,1,0,0
R8II2FHGP_712-4174-1224-4686,0,1,0,0,0,0,0,0,0
R8II2FHGP_4172-3803-4684-4315,0,0,0,0,0,0,1,0,0
R8II2FHGP_4172-3291-4684-3803,0,0,0,0,0,0,1,0,0
R8IWGRUZ3_1107-880-1619-1392,0,0,0,0,0,1,0,0,0
R8IWGRUZ3_312-308-824-820,0,0,0,0,0,1,0,0,0
R8RA4YKJI_912-3270-1424-3782,0,1,0,0,0,0,0,0,0
R8IWGRUZ3_963-651-1475-1163,0,0,0,0,0,1,0,0,0
R8RA4YKJI_937-2063-1449-2575,0,1,0,0,0,0,0,0,0
R8IWGRUZ3_4914-2413-5426-2925,0,0,0,0,0,1,0,0,0
R8IWGRUZ3_4925-436-5437-948,0,0,0,0,0,1,0,0,0
R8RA4YKJI_958-2665-1470-3177,0,1,0,0,0,0,0,0,0
R8RA4YKJI_5581-2982-6093-3494,0,1,0,0,0,0,0,0,0
R8RA4YKJI_1424-3270-1936-3782,0,1,0,0,0,0,0,0,0
R8RA4YKJI_943-2363-1455-2875,0,1,0,0,0,0,0,0,0
R8RA4YKJI_6889-468-7401-980,0,1,0,0,0,0,0,0,0
R8RA4YKJI_943-2967-1455-3479,0,1,0,0,0,0,0,0,0
R97WT1881_8208-5383-8720-5895,0,0,0,1,0,0,0,0,0
R9IK6CLTI_3672-3713-4184-4225,0,1,0,0,0,0,0,0,0
R99T47Y96_3598-969-4110-1481,0,0,0,1,0,0,0,0,0
R99T47Y96_3751-1330-4263-1842,0,0,0,1,0,0,0,0,0
R9IK6CLTI_3452-3527-3964-4039,0,1,0,0,0,0,0,0,0
R9IK6CLTI_3357-5839-3869-6351,0,1,0,0,0,0,0,0,0
RAE2B2ZIV_1011-8980-1523-9492,0,0,0,0,1,0,0,0,0
RAE2B2ZIV_1276-6401-1788-6913,0,0,0,0,1,0,0,0,0
R9IK6CLTI_3869-5327-4381-5839,0,1,0,0,0,0,0,0,0
RAE2B2ZIV_1692-9005-2204-9517,0,0,0,0,1,0,0,0,0
R9IK6CLTI_3672-4225-4184-4737,0,1,0,0,0,0,0,0,0
RAE2B2ZIV_1265-749-1777-1261,0,0,0,0,1,0,0,0,0
RAE2B2ZIV_1777-749-2289-1261,0,0,0,0,1,1,0,0,0
RAE2B2ZIV_2482-6508-2994-7020,0,0,0,0,1,0,0,0,0
RAE2B2ZIV_2304-7799-2816-8311,0,0,0,0,1,0,0,0,0
RAE2B2ZIV_2053-5963-2565-6475,0,0,0,0,1,0,0,0,0
RAE2B2ZIV_2204-9005-2716-9517,0,0,0,0,1,0,0,0,0
RAE2B2ZIV_2289-749-2801-1261,0,0,0,0,1,1,0,0,1
RAE2B2ZIV_2614-779-3126-1291,0,0,0,0,1,1,0,0,1
RAE2B2ZIV_3126-779-3638-1291,0,0,0,0,1,0,0,0,0
RAE2B2ZIV_3077-7518-3589-8030,0,0,0,0,1,0,0,0,0
RAE2B2ZIV_3638-779-4150-1291,0,0,0,0,1,0,0,0,0
RAE2B2ZIV_3495-8500-4007-9012,0,0,0,0,1,0,0,0,0
RAE2B2ZIV_4111-843-4623-1355,0,0,0,0,1,1,0,0,0
RAE2B2ZIV_4824-8952-5336-9464,0,0,0,0,1,0,0,0,0
RATLBKPZC_1305-6060-1817-6572,0,0,1,0,0,0,0,0,0
RAE2B2ZIV_5336-8952-5848-9464,0,0,0,0,1,0,0,0,0
RATLBKPZC_1817-1964-2329-2476,0,0,1,0,0,0,0,0,0
RAE2B2ZIV_5315-826-5827-1338,0,0,0,0,1,0,0,0,0
RAE2B2ZIV_4623-843-5135-1355,0,0,0,0,1,0,0,0,0
RATLBKPZC_1817-5548-2329-6060,0,0,1,0,0,0,0,0,0
RATLBKPZC_1305-940-1817-1452,0,0,1,0,1,0,0,0,0
RATLBKPZC_1817-940-2329-1452,0,0,1,0,1,0,0,0,0
RATLBKPZC_1817-1452-2329-1964,0,0,1,0,0,0,0,0,0
RATLBKPZC_1817-6060-2329-6572,0,0,1,0,0,0,0,0,0
RATLBKPZC_1817-428-2329-940,0,0,1,0,1,1,0,0,0
RATLBKPZC_2283-632-2795-1144,0,0,1,0,1,1,0,0,0
RATLBKPZC_2329-4012-2841-4524,0,0,1,0,0,0,0,0,0
RATLBKPZC_2329-1964-2841-2476,0,0,1,0,0,0,0,0,0
RATLBKPZC_2329-4524-2841-5036,0,0,1,0,0,0,0,0,0
RATLBKPZC_2329-2476-2841-2988,0,0,1,0,0,1,0,0,0
RATLBKPZC_2329-5036-2841-5548,0,0,1,0,0,0,0,0,0
RATLBKPZC_2329-940-2841-1452,0,0,1,0,0,0,0,0,0
RATLBKPZC_2795-632-3307-1144,0,0,0,0,0,1,0,0,0
RATLBKPZC_2841-1452-3353-1964,0,0,1,0,0,0,0,0,0
RATLBKPZC_2841-2476-3353-2988,0,0,1,0,0,0,0,0,0
RATLBKPZC_2841-2988-3353-3500,0,0,1,0,0,0,0,0,0
RATLBKPZC_3080-636-3592-1148,0,0,0,0,0,1,0,0,0
RATLBKPZC_2841-4012-3353-4524,0,0,1,0,0,0,0,0,0
RATLBKPZC_3353-1452-3865-1964,0,0,1,0,0,0,0,0,0
RATLBKPZC_2841-1964-3353-2476,0,0,1,0,0,0,0,0,0
RATLBKPZC_2841-3500-3353-4012,0,0,1,0,0,0,0,0,0
RATLBKPZC_2841-940-3353-1452,0,0,1,0,0,0,0,0,0
RATLBKPZC_3353-2988-3865-3500,0,0,1,0,0,0,0,0,0
RATLBKPZC_4684-3219-5196-3731,0,0,1,0,0,0,0,0,0
RATLBKPZC_3353-428-3865-940,0,0,0,0,0,1,0,0,0
RATLBKPZC_4673-5848-5185-6360,0,0,0,0,1,0,0,0,0
RATLBKPZC_3737-1028-4249-1540,0,0,1,0,0,0,0,0,0
RATLBKPZC_4684-3731-5196-4243,0,0,1,0,0,0,0,0,0
RATLBKPZC_4684-659-5196-1171,0,0,1,0,0,0,0,0,0
RATLBKPZC_5196-2195-5708-2707,0,0,1,0,0,0,0,0,0
RATLBKPZC_5196-3219-5708-3731,0,0,1,0,0,0,0,0,0
RATLBKPZC_5196-1171-5708-1683,0,0,1,0,0,0,0,0,0
RATLBKPZC_5196-659-5708-1171,0,0,1,0,0,0,0,0,0
RATLBKPZC_5516-1485-6028-1997,0,0,1,0,0,0,0,0,0
RATLBKPZC_5708-1171-6220-1683,0,0,1,0,0,0,0,0,0
RATLBKPZC_5196-1683-5708-2195,0,0,1,0,0,0,0,0,0
RATLBKPZC_5708-2195-6220-2707,0,0,1,0,0,0,0,0,0
RATLBKPZC_5708-1683-6220-2195,0,0,1,0,0,0,0,0,0
RATLBKPZC_5196-2707-5708-3219,0,0,1,0,0,0,0,0,0
RATLBKPZC_5196-4243-5708-4755,0,0,1,0,0,0,0,0,0
RATLBKPZC_5708-4243-6220-4755,0,0,1,0,0,0,0,0,0
RATLBKPZC_5708-5267-6220-5779,0,0,1,0,0,0,0,0,0
RATLBKPZC_5708-5779-6220-6291,0,0,1,0,0,0,0,0,0
RATLBKPZC_793-1452-1305-1964,0,0,1,0,0,0,0,0,0
RATLBKPZC_793-1964-1305-2476,0,0,1,0,0,0,0,0,0
RATLBKPZC_5708-4755-6220-5267,0,0,1,0,0,0,0,0,0
RB7BFE9IQ_7479-10480-7991-10992,0,0,0,0,0,1,0,0,0
RB82IGRZT_1695-1666-2207-2178,1,0,0,0,0,0,0,0,0
RATLBKPZC_793-940-1305-1452,0,0,1,0,0,1,0,0,0
RB7BFE9IQ_9305-9491-9817-10003,0,0,0,0,0,1,0,0,0
RB82IGRZT_2887-1530-3399-2042,1,0,0,0,0,0,0,0,0
RB7BFE9IQ_5818-10533-6330-11045,0,0,0,0,0,1,0,0,0
RB7BFE9IQ_9017-10627-9529-11139,0,0,0,0,0,1,0,0,0
RATLBKPZC_979-1752-1491-2264,0,0,1,0,0,0,0,0,0
RB82IGRZT_2207-1666-2719-2178,1,0,0,0,0,0,0,0,0
RB82IGRZT_8063-1686-8575-2198,1,0,0,0,0,0,0,0,0
RB82IGRZT_3399-1530-3911-2042,1,0,0,0,0,0,0,0,0
RB82IGRZT_4638-2275-5150-2787,1,0,0,0,0,0,0,0,0
RBPDH3EL6_1193-2387-1705-2899,0,1,0,0,0,0,0,0,0
RBPDH3EL6_1806-6331-2318-6843,0,1,0,0,0,0,0,0,0
RBPDH3EL6_1832-5886-2344-6398,0,1,0,0,0,0,0,0,0
RBPDH3EL6_1710-8045-2222-8557,0,1,0,0,0,0,0,0,0
RBPDH3EL6_1748-6871-2260-7383,0,1,0,0,0,0,0,0,0
RBPDH3EL6_2009-5108-2521-5620,0,1,0,0,0,0,0,0,0
RBPDH3EL6_2954-2380-3466-2892,0,1,0,0,0,0,0,0,0
RBPDH3EL6_2784-3117-3296-3629,0,1,0,0,0,0,0,0,0
RBPDH3EL6_3349-2896-3861-3408,0,1,0,0,0,0,0,0,0
RBPDH3EL6_2046-3120-2558-3632,0,1,0,0,0,0,0,0,0
RBPDH3EL6_3444-3689-3956-4201,0,1,0,0,0,0,0,0,0
RBPDH3EL6_2197-6872-2709-7384,0,1,0,0,0,0,0,0,0
RBPDH3EL6_3545-3920-4057-4432,0,1,0,0,0,0,0,0,0
RBPDH3EL6_3769-1453-4281-1965,0,1,0,0,0,0,0,0,0
RBPDH3EL6_3595-3443-4107-3955,0,1,0,0,0,0,0,0,0
RBPDH3EL6_4299-4608-4811-5120,0,1,0,0,0,0,0,0,0
RBPDH3EL6_4160-1530-4672-2042,0,1,0,0,0,0,0,0,0
RBPDH3EL6_4348-1808-4860-2320,0,1,0,0,0,0,0,0,0
RBPDH3EL6_4619-1934-5131-2446,0,1,0,0,0,0,0,0,0
RBPDH3EL6_4930-1213-5442-1725,0,1,0,0,0,0,0,0,0
RBPDH3EL6_4839-4050-5351-4562,0,1,0,0,0,0,0,0,0
RBPDH3EL6_5250-1285-5762-1797,0,1,0,0,0,0,0,0,0
RBPDH3EL6_4932-1544-5444-2056,0,1,0,0,0,0,0,0,0
RBPDH3EL6_4877-4315-5389-4827,0,1,0,0,0,0,0,0,0
RBPDH3EL6_6644-2329-7156-2841,0,1,0,0,0,0,0,0,0
RBPDH3EL6_5880-2831-6392-3343,0,1,0,0,0,0,0,0,0
RBPDH3EL6_5408-1516-5920-2028,0,1,0,0,0,0,0,0,0
RBPDH3EL6_5449-2648-5961-3160,0,1,0,0,0,0,0,0,0
RBPDH3EL6_6887-2427-7399-2939,0,1,0,0,0,0,0,0,0
RBPDH3EL6_6337-2218-6849-2730,0,1,0,0,0,0,0,0,0
RBPDH3EL6_6655-3293-7167-3805,0,1,0,0,0,0,0,0,0
RBPDH3EL6_7619-3192-8131-3704,0,1,0,0,0,0,0,0,0
RBPDH3EL6_5731-2612-6243-3124,0,1,0,0,0,0,0,0,0
RCAHLJTZQ_174-7840-686-8352,0,0,0,1,0,0,0,0,0
RCAHLJTZQ_1849-6807-2361-7319,0,0,0,1,0,0,0,0,0
RCAHLJTZQ_216-8450-728-8962,0,0,0,1,0,0,0,0,0
RCAHLJTZQ_2214-6771-2726-7283,0,0,0,1,0,0,0,0,0
RCAHLJTZQ_3458-2452-3970-2964,0,0,0,1,0,0,0,0,0
RCAHLJTZQ_3381-3569-3893-4081,0,0,0,1,0,0,0,0,0
RCAHLJTZQ_3477-7587-3989-8099,0,0,0,1,0,0,0,0,0
RCAHLJTZQ_3477-8099-3989-8611,0,0,0,1,0,0,0,0,0
RCAHLJTZQ_2765-2510-3277-3022,0,0,0,1,0,0,0,0,0
RCAHLJTZQ_4162-1909-4674-2421,0,0,0,1,0,0,0,0,0
RCAHLJTZQ_3477-8611-3989-9123,0,0,0,1,0,0,0,0,0
RCAHLJTZQ_4501-8611-5013-9123,0,0,0,1,0,0,0,0,0
RCAHLJTZQ_3989-8611-4501-9123,0,0,0,1,0,0,0,0,0
RCAHLJTZQ_4501-8099-5013-8611,0,0,0,1,0,0,0,0,0
RCAHLJTZQ_3989-7587-4501-8099,0,0,0,1,0,0,0,0,0
RCAHLJTZQ_4501-7587-5013-8099,0,0,0,1,0,0,0,0,0
RCAHLJTZQ_4162-2421-4674-2933,0,0,0,1,0,0,0,0,0
RCAHLJTZQ_5013-8099-5525-8611,0,0,0,1,0,0,0,0,0
RCAHLJTZQ_5013-8611-5525-9123,0,0,0,1,0,0,0,0,0
RCAHLJTZQ_6386-7948-6898-8460,0,0,0,1,0,0,0,0,0
RCAHLJTZQ_6386-8460-6898-8972,0,0,0,1,0,0,0,0,0
RCAHLJTZQ_6898-7948-7410-8460,0,0,0,1,0,0,0,0,0
RCTN9KMRC_1019-9216-1531-9728,0,0,1,0,0,0,0,0,0
RCAHLJTZQ_92-7021-604-7533,0,0,0,1,0,0,0,0,0
RCAHLJTZQ_6898-8460-7410-8972,0,0,0,1,0,0,0,0,0
RCAHLJTZQ_7410-8460-7922-8972,0,0,0,1,0,0,0,0,0
RCTN9KMRC_1019-8704-1531-9216,0,0,1,0,0,0,0,0,0
RCTN9KMRC_1438-9812-1950-10324,0,0,1,0,0,0,0,0,0
RCTN9KMRC_2018-9420-2530-9932,0,0,0,0,0,1,0,0,0
RCTN9KMRC_1078-9765-1590-10277,0,0,1,0,0,0,0,0,0
RCTN9KMRC_2159-910-2671-1422,0,0,0,0,0,1,0,0,1
RCTN9KMRC_1950-9812-2462-10324,0,0,1,0,0,0,0,0,0
RCTN9KMRC_1077-910-1589-1422,0,0,0,0,0,1,0,0,0
RCTN9KMRC_1589-910-2101-1422,0,0,0,0,0,1,0,0,1
RCTN9KMRC_2530-9420-3042-9932,0,0,0,0,0,1,0,0,0
RCTN9KMRC_1284-9420-1796-9932,0,0,1,0,0,1,0,0,0
RCTN9KMRC_2671-910-3183-1422,0,0,0,0,0,1,0,0,0
RCTN9KMRC_3067-916-3579-1428,0,0,0,0,0,1,0,0,0
RCTN9KMRC_5841-9317-6353-9829,0,0,0,0,0,1,0,0,0
RCTN9KMRC_5329-9317-5841-9829,0,0,0,0,0,1,0,0,0
RCTN9KMRC_3983-913-4495-1425,0,0,0,0,0,1,0,0,0
RCTN9KMRC_4762-921-5274-1433,0,0,0,0,0,1,0,0,0
RCTN9KMRC_5274-921-5786-1433,0,0,0,0,0,1,0,0,0
RCTN9KMRC_3579-916-4091-1428,0,0,0,0,0,1,0,0,0
RCTN9KMRC_6133-4843-6645-5355,0,0,0,0,0,1,0,0,0
RCTN9KMRC_6143-3679-6655-4191,0,0,0,0,0,1,0,0,0
RCTN9KMRC_6600-1418-7112-1930,0,0,1,0,0,0,0,0,0
RCTN9KMRC_6195-910-6707-1422,0,0,0,0,0,1,0,0,0
RCTN9KMRC_6143-4191-6655-4703,0,0,0,0,0,1,0,0,0
RCTN9KMRC_6133-5355-6645-5867,0,0,0,0,0,1,0,0,0
RCTN9KMRC_6600-2442-7112-2954,0,0,1,0,0,0,0,0,0
RCTN9KMRC_6373-9470-6885-9982,0,0,0,0,0,1,0,0,0
RCTN9KMRC_6600-1930-7112-2442,0,0,1,0,0,0,0,0,0
RCTN9KMRC_6410-651-6922-1163,0,0,1,0,0,1,0,0,0
RCTN9KMRC_6848-9545-7360-10057,0,0,0,0,0,1,0,0,0
RCTN9KMRC_6600-906-7112-1418,0,0,1,0,0,1,0,0,0
RCTN9KMRC_779-1484-1291-1996,0,0,0,0,0,1,0,0,0
RCTN9KMRC_999-6665-1511-7177,0,0,0,0,0,1,0,0,0
RF6MYA2ZT_5318-723-5830-1235,0,0,0,0,0,0,0,0,1
RCTN9KMRC_999-5641-1511-6153,0,0,0,0,0,1,0,0,0
RCTN9KMRC_999-6153-1511-6665,0,0,0,0,0,1,0,0,0
RCTN9KMRC_755-982-1267-1494,0,0,0,0,0,1,0,0,0
RF6RY7B1M_2878-9994-3390-10506,0,0,0,0,0,0,1,0,0
RF6RY7B1M_4867-13162-5379-13674,0,0,0,0,0,0,1,0,0
RF6RY7B1M_2984-11006-3496-11518,0,0,0,0,0,0,1,0,0
RF6RY7B1M_3877-11811-4389-12323,0,0,0,0,0,0,1,0,0
RF6RY7B1M_4355-12650-4867-13162,0,0,0,0,0,0,1,0,0
RF6RY7B1M_4355-13162-4867-13674,0,0,0,0,0,0,1,0,0
RF6RY7B1M_4867-13674-5379-14186,0,0,0,0,0,0,1,0,0
RF6RY7B1M_5524-14441-6036-14953,0,0,0,0,0,0,1,0,0
RF6RY7B1M_5012-13929-5524-14441,0,0,0,0,0,0,1,0,0
RF6RY7B1M_5524-13929-6036-14441,0,0,0,0,0,0,1,0,0
RGYW2GBV3_1602-1939-2114-2451,1,0,0,0,0,0,0,0,0
RGYW2GBV3_1602-2451-2114-2963,1,0,0,0,0,0,0,0,0
RHAACZNVV_4282-2139-4794-2651,0,0,0,0,0,0,1,0,0
RHAACZNVV_334-1939-846-2451,0,0,0,0,0,0,1,0,0
RHAACZNVV_4483-1291-4995-1803,0,0,0,0,0,0,1,0,0
RHAACZNVV_4355-1588-4867-2100,0,0,0,0,0,0,1,0,0
RHAACZNVV_1158-2038-1670-2550,0,0,0,0,0,0,1,0,0
RHAACZNVV_1430-4580-1942-5092,0,0,0,1,0,0,0,0,0
RHAACZNVV_4483-1934-4995-2446,0,0,0,0,0,0,1,0,0
RHAACZNVV_4483-779-4995-1291,0,0,0,0,0,0,1,0,0
RHAACZNVV_4545-2750-5057-3262,0,0,0,0,0,0,1,0,0
RHAACZNVV_4722-386-5234-898,0,0,0,0,0,0,1,0,0
RHAACZNVV_4722-898-5234-1410,0,0,0,0,0,0,1,0,0
RHAACZNVV_4654-2533-5166-3045,0,0,0,0,0,0,1,0,0
RHAACZNVV_4995-779-5507-1291,0,0,0,0,0,0,1,0,0
RHAACZNVV_5166-3045-5678-3557,0,0,0,0,0,0,1,0,0
RHAACZNVV_5254-3365-5766-3877,0,0,0,0,0,0,1,0,0
RHAACZNVV_5176-356-5688-868,0,0,0,0,0,0,1,0,0
RHAACZNVV_536-2142-1048-2654,0,0,0,0,0,0,1,0,0
RHAACZNVV_5477-3249-5989-3761,0,0,0,0,0,0,1,0,0
RHAACZNVV_5591-3703-6103-4215,0,0,0,0,0,0,1,0,0
RHAACZNVV_6370-4258-6882-4770,0,0,0,0,0,0,1,0,0
RHAACZNVV_6164-4031-6676-4543,0,0,0,0,0,0,1,0,0
RHAACZNVV_6565-4650-7077-5162,0,0,0,0,0,0,1,0,0
RHAACZNVV_6617-6945-7129-7457,0,0,0,0,0,0,1,0,0
RHAACZNVV_6046-4467-6558-4979,0,0,0,0,0,0,1,0,0
RHAACZNVV_7138-4933-7650-5445,0,0,0,0,0,0,1,0,0
RHAACZNVV_6626-4933-7138-5445,0,0,0,0,0,0,1,0,0
RHAACZNVV_6617-7457-7129-7969,0,0,0,0,0,0,1,0,0
RHAACZNVV_7376-3931-7888-4443,0,0,0,0,0,0,1,0,0
RHAACZNVV_7429-6015-7941-6527,0,0,0,0,0,0,1,0,0
RHAACZNVV_7429-5503-7941-6015,0,0,0,0,0,0,1,0,0
RHAACZNVV_7129-6433-7641-6945,0,0,0,0,0,0,1,0,0
RHCG97Z2Y_10042-1757-10554-2269,0,0,0,0,0,1,0,0,0
RHAACZNVV_846-1939-1358-2451,0,0,0,0,0,0,1,0,0
RHCG97Z2Y_10039-712-10551-1224,0,0,0,0,0,1,0,0,0
RHCG97Z2Y_10042-2269-10554-2781,0,0,0,0,0,1,0,0,0
RHCG97Z2Y_10042-2781-10554-3293,0,0,0,0,0,1,0,0,0
RHCG97Z2Y_1642-8678-2154-9190,0,0,0,0,1,0,0,0,0
RHCG97Z2Y_2134-8563-2646-9075,0,0,0,0,1,1,0,0,0
RHCG97Z2Y_1249-676-1761-1188,0,0,0,0,1,1,0,0,0
RHCG97Z2Y_2463-4070-2975-4582,0,0,1,0,0,0,0,0,0
RHCG97Z2Y_2182-643-2694-1155,0,0,0,0,1,1,0,0,0
RHCG97Z2Y_1803-797-2315-1309,0,0,0,0,1,1,0,0,0
RHCG97Z2Y_3355-4111-3867-4623,0,0,1,0,0,0,0,0,0
RHCG97Z2Y_2937-4044-3449-4556,0,0,1,0,0,0,0,0,0
RHCG97Z2Y_3311-781-3823-1293,0,0,0,0,1,1,0,0,0
RHCG97Z2Y_2641-8562-3153-9074,0,0,0,0,1,1,0,0,0
RHCG97Z2Y_4087-4077-4599-4589,0,0,1,0,0,0,0,0,0
RHCG97Z2Y_3624-8547-4136-9059,0,0,0,0,1,1,0,0,0
RHCG97Z2Y_3048-8555-3560-9067,0,0,0,0,1,1,0,0,0
RHCG97Z2Y_2837-789-3349-1301,0,0,0,0,1,1,0,0,0
RHCG97Z2Y_4073-8550-4585-9062,0,0,0,0,1,1,0,0,0
RHCG97Z2Y_3684-634-4196-1146,0,0,0,0,1,1,0,0,0
RHCG97Z2Y_4578-4075-5090-4587,0,0,1,0,0,0,0,0,0
RHCG97Z2Y_5527-4147-6039-4659,0,0,1,0,0,0,0,0,0
RHCG97Z2Y_4603-8543-5115-9055,0,0,0,0,1,1,0,0,0
RHCG97Z2Y_4304-783-4816-1295,0,0,0,0,1,1,0,0,0
RHCG97Z2Y_5190-642-5702-1154,0,0,0,0,1,1,0,0,0
RHCG97Z2Y_5059-8553-5571-9065,0,0,0,0,1,1,0,0,0
RHCG97Z2Y_4682-634-5194-1146,0,0,0,0,1,1,0,0,0
RHCG97Z2Y_5581-8533-6093-9045,0,0,0,0,1,1,0,0,0
RHCG97Z2Y_6909-8528-7421-9040,0,0,0,0,0,1,0,0,0
RHCG97Z2Y_6470-8532-6982-9044,0,0,0,0,0,1,0,0,0
RHCG97Z2Y_5914-8724-6426-9236,0,0,0,0,1,1,0,0,0
RHCG97Z2Y_6177-624-6689-1136,0,0,0,0,1,0,0,0,0
RHCG97Z2Y_737-676-1249-1188,0,0,0,0,1,1,0,0,0
RHCG97Z2Y_7449-8638-7961-9150,0,0,0,0,1,1,0,0,0
RHCG97Z2Y_5675-627-6187-1139,0,0,0,0,1,1,0,0,0
RHCG97Z2Y_6672-631-7184-1143,0,0,0,0,1,0,0,0,0
RHCG97Z2Y_7377-778-7889-1290,0,0,0,0,0,1,0,0,0
RHCG97Z2Y_7780-780-8292-1292,0,0,0,0,1,1,0,0,0
RHCG97Z2Y_8014-677-8526-1189,0,0,0,0,1,1,0,0,0
RHCG97Z2Y_7961-8638-8473-9150,0,0,0,0,1,0,0,0,0
RHCG97Z2Y_8418-8638-8930-9150,0,0,0,0,1,0,0,0,0
RHCG97Z2Y_8526-677-9038-1189,0,0,0,0,1,1,0,0,0
RHCG97Z2Y_8263-774-8775-1286,0,0,0,0,1,1,0,0,0
RHCG97Z2Y_8930-8638-9442-9150,0,0,0,0,1,1,0,0,0
RHCG97Z2Y_8758-774-9270-1286,0,0,0,0,1,1,0,0,0
RHCG97Z2Y_9195-772-9707-1284,0,0,0,0,1,1,0,0,0
RHCG97Z2Y_9459-8597-9971-9109,0,0,0,0,1,1,0,0,0
RIKL3UWVE_10035-1019-10547-1531,0,0,1,0,0,0,0,0,0
RHCG97Z2Y_9489-671-10001-1183,0,0,0,0,1,1,0,0,0
RI19GKGFF_790-737-1302-1249,1,0,0,0,0,0,0,0,0
RIKL3UWVE_10178-2977-10690-3489,0,0,1,0,0,0,0,0,0
RIKL3UWVE_10482-4082-10994-4594,0,0,1,0,0,0,0,0,0
RI19GKGFF_999-857-1511-1369,1,0,0,0,0,0,0,0,0
RHCG97Z2Y_9971-8597-10483-9109,0,0,0,0,1,1,0,0,0
RIKL3UWVE_10380-2846-10892-3358,0,0,1,0,0,0,0,0,0
RIKL3UWVE_10544-707-11056-1219,0,0,1,0,0,0,0,0,0
RIKL3UWVE_1480-2432-1992-2944,0,0,1,0,0,0,0,0,0
RIKL3UWVE_1560-2835-2072-3347,0,0,1,0,0,0,0,0,0
RIKL3UWVE_1126-2745-1638-3257,0,0,1,0,0,0,0,0,0
RIKL3UWVE_1976-2516-2488-3028,0,0,1,0,0,0,0,0,0
RIKL3UWVE_1891-2078-2403-2590,0,0,1,0,0,0,0,0,0
RIKL3UWVE_212-5634-724-6146,0,0,1,0,0,0,0,0,0
RIKL3UWVE_2040-1889-2552-2401,0,0,1,0,0,0,0,0,0
RIKL3UWVE_2057-2793-2569-3305,0,0,1,0,0,0,0,0,0
RIKL3UWVE_3313-1306-3825-1818,0,0,1,0,0,0,0,0,0
RIKL3UWVE_2684-3509-3196-4021,0,0,1,0,0,0,0,0,0
RIKL3UWVE_2885-3762-3397-4274,0,0,1,0,0,0,0,0,0
RIKL3UWVE_2167-2330-2679-2842,0,0,1,0,0,0,0,0,0
RIKL3UWVE_3119-4541-3631-5053,0,0,1,0,0,0,0,0,0
RIKL3UWVE_2335-1647-2847-2159,0,0,1,0,0,0,0,0,0
RIKL3UWVE_213-5261-725-5773,0,0,1,0,0,0,0,0,0
RIKL3UWVE_242-5964-754-6476,0,0,1,0,0,0,0,0,0
RIKL3UWVE_2801-1306-3313-1818,0,0,1,0,0,0,0,0,0
RIKL3UWVE_3372-3114-3884-3626,0,0,1,0,0,0,0,0,0
RIKL3UWVE_3597-3248-4109-3760,0,0,1,0,0,0,0,0,0
RIKL3UWVE_3868-2866-4380-3378,0,0,1,0,0,0,0,0,0
RIKL3UWVE_3527-1842-4039-2354,0,0,1,0,0,0,0,0,0
RIKL3UWVE_3912-1890-4424-2402,0,0,1,0,0,0,0,0,0
RIKL3UWVE_3993-2515-4505-3027,0,0,1,0,0,0,0,0,0
RIKL3UWVE_4181-3184-4693-3696,0,0,1,0,0,0,0,0,0
RIKL3UWVE_4326-2980-4838-3492,0,0,1,0,0,0,0,0,0
RIKL3UWVE_4439-2236-4951-2748,0,0,1,0,0,0,0,0,0
RIKL3UWVE_4518-1706-5030-2218,0,0,1,0,0,0,0,0,0
RIKL3UWVE_480-4804-992-5316,0,0,1,0,0,0,0,0,0
RIKL3UWVE_5308-1422-5820-1934,0,0,1,0,0,0,0,0,0
RIKL3UWVE_4581-1971-5093-2483,0,0,1,0,0,0,0,0,0
RIKL3UWVE_4806-1818-5318-2330,0,0,1,0,0,0,0,0,0
RIKL3UWVE_4992-1524-5504-2036,0,0,1,0,0,0,0,0,0
RIKL3UWVE_5351-6361-5863-6873,0,0,1,0,0,0,0,0,0
RIKL3UWVE_6439-1110-6951-1622,0,0,1,0,0,0,0,0,0
RIKL3UWVE_6232-6204-6744-6716,0,0,1,0,0,0,0,0,0
RIKL3UWVE_7595-5331-8107-5843,0,0,1,0,0,0,0,0,0
RIKL3UWVE_7739-1200-8251-1712,0,0,1,0,0,0,0,0,0
RIKL3UWVE_7969-3927-8481-4439,0,0,1,0,0,0,0,0,0
RIKL3UWVE_8092-4164-8604-4676,0,0,1,0,0,0,0,0,0
RIKL3UWVE_8264-6455-8776-6967,0,0,1,0,0,0,0,0,0
RIKL3UWVE_8770-1065-9282-1577,0,0,1,0,0,0,0,0,0
RIKL3UWVE_8184-834-8696-1346,0,0,1,0,0,0,0,0,0
RIKL3UWVE_8524-943-9036-1455,0,0,1,0,0,0,0,0,0
RIKL3UWVE_9642-793-10154-1305,0,0,1,0,0,0,0,0,0
RIKL3UWVE_9048-6486-9560-6998,0,0,1,0,0,0,0,0,0
RJVTM4Q6P_1073-1245-1585-1757,0,0,1,0,0,0,0,0,0
RIKL3UWVE_8906-1287-9418-1799,0,0,1,0,0,0,0,0,0
RIKL3UWVE_9199-1389-9711-1901,0,0,1,0,0,0,0,0,0
RIKL3UWVE_9981-611-10493-1123,0,0,1,0,0,0,0,0,0
RJVTM4Q6P_1191-1026-1703-1538,0,0,1,0,0,0,0,0,0
RJVTM4Q6P_1185-473-1697-985,0,0,1,0,0,0,0,0,0
RIKL3UWVE_8969-651-9481-1163,0,0,1,0,0,0,0,0,0
RJVTM4Q6P_1188-3353-1700-3865,0,0,1,0,0,0,0,0,0
RJVTM4Q6P_1279-2597-1791-3109,0,0,1,0,0,0,0,0,0
RJVTM4Q6P_1689-591-2201-1103,0,0,1,0,0,0,0,0,0
RJVTM4Q6P_1325-277-1837-789,0,0,1,0,0,0,0,0,0
RJVTM4Q6P_1313-811-1825-1323,0,0,1,0,0,0,0,0,0
RJVTM4Q6P_256-4341-768-4853,0,0,1,0,0,0,0,0,0
RJVTM4Q6P_2212-1749-2724-2261,0,0,1,0,0,0,0,0,0
RJVTM4Q6P_2084-773-2596-1285,0,0,1,0,0,0,0,0,0
RJVTM4Q6P_2098-264-2610-776,0,0,1,0,0,0,0,0,0
RJVTM4Q6P_314-1919-826-2431,0,0,1,0,0,0,0,0,0
RJVTM4Q6P_3107-1705-3619-2217,0,0,1,0,0,0,0,0,0
RJVTM4Q6P_3304-642-3816-1154,0,0,1,0,0,0,0,0,0
RJVTM4Q6P_2605-892-3117-1404,0,0,1,0,0,0,0,0,0
RJVTM4Q6P_2724-1749-3236-2261,0,0,1,0,0,0,0,0,0
RJVTM4Q6P_297-658-809-1170,0,0,1,0,0,0,0,0,0
RJVTM4Q6P_3117-892-3629-1404,0,0,1,0,0,0,0,0,0
RJVTM4Q6P_3224-2335-3736-2847,0,0,1,0,0,0,0,0,0
RJVTM4Q6P_3304-3995-3816-4507,0,0,1,0,0,0,0,0,0
RJVTM4Q6P_3325-262-3837-774,0,0,1,0,0,0,0,0,0
RJVTM4Q6P_3635-267-4147-779,0,0,1,0,0,0,0,0,0
RJVTM4Q6P_3337-1219-3849-1731,0,0,1,0,0,0,0,0,0
RJVTM4Q6P_3415-910-3927-1422,0,0,1,0,0,0,0,0,0
RJVTM4Q6P_362-2770-874-3282,0,0,1,0,0,0,0,0,0
RJVTM4Q6P_3818-2289-4330-2801,0,0,1,0,0,0,0,0,0
RJVTM4Q6P_425-234-937-746,0,0,1,0,0,0,0,0,0
RJVTM4Q6P_401-4998-913-5510,0,0,1,0,0,0,0,0,0
RJVTM4Q6P_3993-764-4505-1276,0,0,1,0,0,0,0,0,0
RJVTM4Q6P_4871-774-5383-1286,0,0,1,0,0,0,0,0,0
RJVTM4Q6P_4604-802-5116-1314,0,0,1,0,0,0,0,0,0
RJVTM4Q6P_4354-636-4866-1148,0,0,1,0,0,0,0,0,0
RJVTM4Q6P_4335-286-4847-798,0,0,1,0,0,0,0,0,0
RJVTM4Q6P_954-4159-1466-4671,0,0,1,0,0,0,0,0,0
RJVTM4Q6P_5126-825-5638-1337,0,0,1,0,0,0,0,0,0
RJVTM4Q6P_952-307-1464-819,0,0,1,0,0,0,0,0,0
RJVTM4Q6P_5009-569-5521-1081,0,0,1,0,0,0,0,0,0
RJVTM4Q6P_4893-295-5405-807,0,0,1,0,0,0,0,0,0
RJVTM4Q6P_956-3448-1468-3960,0,0,1,0,0,0,0,0,0
RLA3PNYV2_1557-5743-2069-6255,0,0,0,0,0,1,0,0,0
RLA3PNYV2_2938-1668-3450-2180,0,0,0,0,0,0,0,0,1
RLA3PNYV2_325-8550-837-9062,0,0,0,0,0,1,0,0,0
RLA3PNYV2_387-4886-899-5398,0,0,0,0,0,1,0,0,0
RLA3PNYV2_344-7437-856-7949,0,0,0,0,0,0,0,0,1
RLA3PNYV2_5465-6864-5977-7376,0,0,0,0,0,1,0,0,0
RLA3PNYV2_5449-8778-5961-9290,0,0,0,0,0,1,0,0,0
RLA3PNYV2_446-5443-958-5955,0,0,0,0,0,1,0,0,0
RLA3PNYV2_5650-8954-6162-9466,0,0,0,0,0,1,0,0,0
RLA3PNYV2_572-5084-1084-5596,0,0,0,0,0,1,0,0,0
RLA3PNYV2_5478-4573-5990-5085,0,0,0,0,0,1,0,0,0
RLA3PNYV2_606-8105-1118-8617,0,0,0,0,0,1,0,0,0
RLA3PNYV2_5690-578-6202-1090,0,0,0,0,0,1,0,0,0
RLA3PNYV2_5707-7563-6219-8075,0,0,0,0,0,0,0,0,1
RLA3PNYV2_668-4683-1180-5195,0,0,0,0,0,1,0,0,0
RLA3PNYV2_5497-1517-6009-2029,0,0,0,0,0,1,0,0,0
RLA3PNYV2_628-6970-1140-7482,0,0,0,0,0,1,0,0,0
RLA3PNYV2_693-2770-1205-3282,0,0,0,0,0,1,0,0,0
RLA3PNYV2_701-2009-1213-2521,0,0,0,0,0,1,0,0,0
RMIBUUFMU_4190-5394-4702-5906,0,0,0,0,0,0,1,0,0
RMIBUUFMU_4190-4882-4702-5394,0,0,0,0,0,0,1,0,0
RMIBUUFMU_4190-5906-4702-6418,0,0,0,0,0,0,1,0,0
RLA3PNYV2_707-1626-1219-2138,0,0,0,0,0,1,0,0,0
RLA3PNYV2_719-861-1231-1373,0,0,0,0,0,1,0,0,0
RMQ6JNFZR_3233-1565-3745-2077,0,0,0,0,0,0,1,0,0
RMQ6JNFZR_2721-1565-3233-2077,0,0,0,0,0,0,1,0,0
RMQ6JNFZR_3233-2077-3745-2589,0,0,0,0,0,0,1,0,0
RMQ6JNFZR_4257-3101-4769-3613,0,0,0,0,0,0,1,0,0
RMQ6JNFZR_3745-2589-4257-3101,0,0,0,0,0,0,1,0,0
RMQ6JNFZR_4769-3101-5281-3613,0,0,0,0,0,0,1,0,0
RMQ6JNFZR_3745-2077-4257-2589,0,0,0,0,0,0,1,0,0
RMQ6JNFZR_4257-2589-4769-3101,0,0,0,0,0,0,1,0,0
RR9EIHEKV_2355-2922-2867-3434,0,1,0,0,0,0,0,0,0
RR9EIHEKV_2355-2410-2867-2922,0,1,0,0,0,0,0,0,0
RR9EIHEKV_2355-3434-2867-3946,0,1,0,0,0,0,0,0,0
RR9EIHEKV_2867-3946-3379-4458,0,1,0,0,0,0,0,0,0
RR9EIHEKV_2867-2410-3379-2922,0,1,0,0,0,0,0,0,0
RR9EIHEKV_2867-3434-3379-3946,0,1,0,0,0,0,0,0,0
RR9EIHEKV_3379-2410-3891-2922,0,1,0,0,0,0,0,0,0
RR9EIHEKV_3379-2922-3891-3434,0,1,0,0,0,0,0,0,0
RR9EIHEKV_3379-3434-3891-3946,0,1,0,0,0,0,0,0,0
RR9EIHEKV_3379-4458-3891-4970,0,1,0,0,0,0,0,0,0
RR9EIHEKV_3379-3946-3891-4458,0,1,0,0,0,0,0,0,0
RR9EIHEKV_3891-2922-4403-3434,0,1,0,0,0,0,0,0,0
RR9EIHEKV_3891-3434-4403-3946,0,1,0,0,0,0,0,0,0
RR9EIHEKV_3891-3946-4403-4458,0,1,0,0,0,0,0,0,0
RR9EIHEKV_3891-4458-4403-4970,0,1,0,0,0,0,0,0,0
RRIN3PPP7_1006-3480-1518-3992,0,0,0,0,0,1,0,0,0
RRIN3PPP7_1108-4863-1620-5375,0,0,0,0,0,1,0,0,0
RRIN3PPP7_1013-3778-1525-4290,0,0,0,0,0,1,0,0,0
RRIN3PPP7_1243-2437-1755-2949,0,0,0,0,1,1,0,0,0
RRIN3PPP7_1268-4533-1780-5045,0,0,0,0,0,1,0,0,0
RRIN3PPP7_1625-2224-2137-2736,0,0,0,0,1,1,0,0,0
RRIN3PPP7_1823-11737-2335-12249,0,0,0,0,0,1,0,0,0
RRIN3PPP7_1807-13237-2319-13749,0,0,0,0,0,1,0,0,0
RRIN3PPP7_1851-12026-2363-12538,0,0,0,0,0,1,0,0,0
RRIN3PPP7_1851-12818-2363-13330,0,0,0,0,0,1,0,0,0
RRIN3PPP7_1858-12409-2370-12921,0,0,0,0,0,1,0,0,0
RRIN3PPP7_2247-11632-2759-12144,0,0,0,0,0,1,0,0,0
RRIN3PPP7_1867-4587-2379-5099,0,0,0,0,1,1,0,0,0
RRIN3PPP7_1994-2126-2506-2638,0,0,0,0,1,1,0,0,0
RRIN3PPP7_2759-11632-3271-12144,0,0,0,0,0,1,0,0,0
RRIN3PPP7_2379-4587-2891-5099,0,0,0,0,1,1,0,0,0
RRIN3PPP7_2767-1463-3279-1975,0,0,0,0,1,1,0,0,0
RRIN3PPP7_2400-1909-2912-2421,0,0,0,0,1,1,0,0,0
RRIN3PPP7_2891-4587-3403-5099,0,0,0,0,1,1,0,0,0
RRIN3PPP7_2913-1671-3425-2183,0,0,0,0,1,1,0,0,0
RRIN3PPP7_3134-11634-3646-12146,0,0,0,0,0,1,0,0,0
RRIN3PPP7_3449-4570-3961-5082,0,0,0,0,1,1,0,0,0
RRIN3PPP7_3486-11644-3998-12156,0,0,0,0,0,1,0,0,0
RRIN3PPP7_3475-1489-3987-2001,0,0,0,0,1,1,0,0,0
RRIN3PPP7_3843-11656-4355-12168,0,0,0,0,0,1,0,0,0
RRIN3PPP7_3961-4570-4473-5082,0,0,0,0,1,1,0,0,0
RRIN3PPP7_3937-1159-4449-1671,0,0,0,0,1,1,0,0,0
RRIN3PPP7_3937-1671-4449-2183,0,0,0,0,1,1,0,0,0
RRIN3PPP7_4191-15493-4703-16005,0,0,0,0,0,1,0,0,0
RRIN3PPP7_4213-11660-4725-12172,0,0,0,0,0,1,0,0,0
RRIN3PPP7_4267-13809-4779-14321,0,0,0,0,0,1,0,0,0
RRIN3PPP7_4000-13586-4512-14098,0,0,0,0,0,1,0,0,0
RRIN3PPP7_4365-15231-4877-15743,0,0,0,0,0,1,0,0,0
RRIN3PPP7_4449-1159-4961-1671,0,0,0,0,1,1,0,0,0
RRIN3PPP7_4512-13586-5024-14098,0,0,0,0,0,1,0,0,0
RRIN3PPP7_4473-4570-4985-5082,0,0,0,0,1,1,0,0,0
RRIN3PPP7_4281-14195-4793-14707,0,0,0,0,0,1,0,0,0
RRIN3PPP7_4635-15205-5147-15717,0,0,0,0,0,1,0,0,0
RRIN3PPP7_4829-674-5341-1186,0,0,0,0,0,1,0,0,0
RRIN3PPP7_4859-13623-5371-14135,0,0,0,0,0,1,0,0,0
RRIN3PPP7_5018-15132-5530-15644,0,0,0,0,0,1,0,0,0
RRIN3PPP7_5038-812-5550-1324,0,0,0,0,0,1,0,0,0
RRIN3PPP7_5141-11943-5653-12455,0,0,0,0,0,1,0,0,0
RRIN3PPP7_5143-2544-5655-3056,0,0,0,0,0,1,0,0,0
RRIN3PPP7_5152-13171-5664-13683,0,0,0,0,0,1,0,0,0
RRIN3PPP7_5143-2032-5655-2544,0,0,0,0,0,1,0,0,0
RRIN3PPP7_5144-13572-5656-14084,0,0,0,0,0,1,0,0,0
RRIN3PPP7_5165-4563-5677-5075,0,0,0,0,1,1,0,0,0
RRIN3PPP7_5142-12752-5654-13264,0,0,0,0,0,1,0,0,0
RRIN3PPP7_5185-1708-5697-2220,0,0,0,0,0,1,0,0,0
RRIN3PPP7_864-2068-1376-2580,0,0,0,0,0,1,0,0,0
RRIN3PPP7_975-2672-1487-3184,0,0,0,0,0,1,0,0,0
RRIN3PPP7_5298-15159-5810-15671,0,0,0,0,0,1,0,0,0
RRIN3PPP7_975-3184-1487-3696,0,0,0,0,0,1,0,0,0
RRIN3PPP7_5289-11687-5801-12199,0,0,0,0,0,1,0,0,0
RRN6I9YYN_10036-8348-10548-8860,0,0,0,0,1,0,0,0,0
RRIN3PPP7_995-2295-1507-2807,0,0,0,0,0,1,0,0,0
RRN6I9YYN_2552-8478-3064-8990,0,0,0,0,1,0,0,0,0
RRN6I9YYN_2861-8487-3373-8999,0,0,0,0,1,0,0,0,0
RRN6I9YYN_3194-8486-3706-8998,0,0,0,0,1,0,0,0,0
RRN6I9YYN_3542-8490-4054-9002,0,0,0,0,1,0,0,0,0
RRN6I9YYN_4193-8486-4705-8998,0,0,0,0,1,0,0,0,0
RRN6I9YYN_4513-8479-5025-8991,0,0,0,0,1,0,0,0,0
RRN6I9YYN_3926-676-4438-1188,0,0,0,0,1,0,0,0,0
RRN6I9YYN_3870-8486-4382-8998,0,0,0,0,1,0,0,0,0
RRN6I9YYN_5234-925-5746-1437,0,0,0,0,1,0,0,0,0
RRN6I9YYN_4552-675-5064-1187,0,0,0,0,1,0,0,0,0
RRN6I9YYN_4804-8467-5316-8979,0,0,0,0,1,0,0,0,0
RRN6I9YYN_8586-8280-9098-8792,0,0,0,0,1,0,0,0,0
RRN6I9YYN_9098-8280-9610-8792,0,0,0,0,1,0,0,0,0
RTDL6I8C7_10345-7407-10857-7919,1,0,0,0,0,0,0,0,0
RTDL6I8C7_10226-8002-10738-8514,1,0,0,0,0,0,0,0,0
RRN6I9YYN_9524-8348-10036-8860,0,0,0,0,1,0,0,0,0
RTDL6I8C7_10345-8431-10857-8943,1,0,0,0,0,0,0,0,0
RTDL6I8C7_10410-1510-10922-2022,1,0,0,0,0,0,0,0,0
RTDL6I8C7_10410-2022-10922-2534,1,0,0,0,0,0,0,0,0
RTDL6I8C7_10410-2534-10922-3046,1,0,0,0,0,0,0,0,0
RTDL6I8C7_10410-3558-10922-4070,1,0,0,0,0,0,0,0,0
RTDL6I8C7_10410-4582-10922-5094,1,0,0,0,0,0,0,0,0
RTDL6I8C7_10410-3046-10922-3558,1,0,0,0,0,0,0,0,0
RTDL6I8C7_10410-4070-10922-4582,1,0,0,0,0,0,0,0,0
RTDL6I8C7_10627-6717-11139-7229,1,0,0,0,0,0,0,0,0
RTDL6I8C7_10627-7229-11139-7741,1,0,0,0,0,0,0,0,0
RTDL6I8C7_1070-4336-1582-4848,1,0,0,0,0,0,0,0,0
RTDL6I8C7_10410-486-10922-998,1,0,0,0,0,0,0,0,0
RTDL6I8C7_1070-4848-1582-5360,1,0,0,0,0,0,0,0,0
RTDL6I8C7_1070-5360-1582-5872,1,0,0,0,0,0,0,0,0
RTDL6I8C7_1070-6384-1582-6896,1,0,0,0,0,0,0,0,0
RTDL6I8C7_1070-5872-1582-6384,1,0,0,0,0,0,0,0,0
RTDL6I8C7_10857-7407-11369-7919,1,0,0,0,0,0,0,0,0
RTDL6I8C7_10922-486-11434-998,1,0,0,0,0,0,0,0,0
RTDL6I8C7_10738-8002-11250-8514,1,0,0,0,0,0,0,0,0
RTDL6I8C7_10922-1510-11434-2022,1,0,0,0,0,0,0,0,0
RTDL6I8C7_10922-998-11434-1510,1,0,0,0,0,0,0,0,0
RTDL6I8C7_11139-6717-11651-7229,1,0,0,0,0,0,0,0,0
RTDL6I8C7_11250-8002-11762-8514,1,0,0,0,0,0,0,0,0
RTDL6I8C7_1370-4115-1882-4627,1,0,0,0,0,0,0,0,0
RTDL6I8C7_1370-4627-1882-5139,1,0,0,0,0,0,0,0,0
RTDL6I8C7_11250-8514-11762-9026,1,0,0,0,0,0,0,0,0
RTDL6I8C7_1370-3603-1882-4115,1,0,0,0,0,0,0,0,0
RTDL6I8C7_1370-3091-1882-3603,1,0,0,0,0,0,0,0,0
RTDL6I8C7_1370-2579-1882-3091,1,0,0,0,0,0,0,0,0
RTDL6I8C7_11139-7229-11651-7741,1,0,0,0,0,0,0,0,0
RTDL6I8C7_1470-7853-1982-8365,1,0,0,0,0,0,0,0,0
RTDL6I8C7_1592-6517-2104-7029,1,0,0,0,0,0,0,0,0
RTDL6I8C7_1470-8365-1982-8877,1,0,0,0,0,0,0,0,0
RTDL6I8C7_1592-6005-2104-6517,1,0,0,0,0,0,0,0,0
RTDL6I8C7_1592-7541-2104-8053,1,0,0,0,0,0,0,0,0
RTDL6I8C7_1592-4981-2104-5493,1,0,0,0,0,0,0,0,0
RTDL6I8C7_1592-5493-2104-6005,1,0,0,0,0,0,0,0,0
RTDL6I8C7_1592-7029-2104-7541,1,0,0,0,0,0,0,0,0
RTDL6I8C7_1882-3091-2394-3603,1,0,0,0,0,0,0,0,0
RTDL6I8C7_1882-3603-2394-4115,1,0,0,0,0,0,0,0,0
RTDL6I8C7_1982-8365-2494-8877,1,0,0,0,0,0,0,0,0
RTDL6I8C7_2104-5493-2616-6005,1,0,0,0,0,0,0,0,0
RTDL6I8C7_2104-6517-2616-7029,1,0,0,0,0,0,0,0,0
RTDL6I8C7_1982-7341-2494-7853,1,0,0,0,0,0,0,0,0
RTDL6I8C7_1982-7853-2494-8365,1,0,0,0,0,0,0,0,0
RTDL6I8C7_1882-4627-2394-5139,1,0,0,0,0,0,0,0,0
RTDL6I8C7_2104-6005-2616-6517,1,0,0,0,0,0,0,0,0
RTDL6I8C7_1882-4115-2394-4627,1,0,0,0,0,0,0,0,0
RTDL6I8C7_2104-7029-2616-7541,1,0,0,0,0,0,0,0,0
RTDL6I8C7_2509-1878-3021-2390,1,0,0,0,0,0,0,0,0
RTDL6I8C7_2494-8365-3006-8877,1,0,0,0,0,0,0,0,0
RTDL6I8C7_2494-7853-3006-8365,1,0,0,0,0,0,0,0,0
RTDL6I8C7_2509-2390-3021-2902,1,0,0,0,0,0,0,0,0
RTDL6I8C7_2509-1366-3021-1878,1,0,0,0,0,0,0,0,0
RTDL6I8C7_2494-7341-3006-7853,1,0,0,0,0,0,0,0,0
RTDL6I8C7_2509-2902-3021-3414,1,0,0,0,0,0,0,0,0
RTDL6I8C7_2509-3414-3021-3926,1,0,0,0,0,0,0,0,0
RTDL6I8C7_3006-8365-3518-8877,1,0,0,0,0,0,0,0,0
RTDL6I8C7_2616-6517-3128-7029,1,0,0,0,0,0,0,0,0
RTDL6I8C7_2509-3926-3021-4438,1,0,0,0,0,0,0,0,0
RTDL6I8C7_2616-7029-3128-7541,1,0,0,0,0,0,0,0,0
RTDL6I8C7_3021-2902-3533-3414,1,0,0,0,0,0,0,0,0
RTDL6I8C7_3021-1366-3533-1878,1,0,0,0,0,0,0,0,0
RTDL6I8C7_3006-7853-3518-8365,1,0,0,0,0,0,0,0,0
RTDL6I8C7_2616-6005-3128-6517,1,0,0,0,0,0,0,0,0
RTDL6I8C7_3006-7341-3518-7853,1,0,0,0,0,0,0,0,0
RTDL6I8C7_3021-3414-3533-3926,1,0,0,0,0,0,0,0,0
RTDL6I8C7_3533-1366-4045-1878,1,0,0,0,0,0,0,0,0
RTDL6I8C7_3518-7853-4030-8365,1,0,0,0,0,0,0,0,0
RTDL6I8C7_3533-1878-4045-2390,1,0,0,0,0,0,0,0,0
RTDL6I8C7_3518-8365-4030-8877,1,0,0,0,0,0,0,0,0
RTDL6I8C7_3518-7341-4030-7853,1,0,0,0,0,0,0,0,0
RTDL6I8C7_3021-3926-3533-4438,1,0,0,0,0,0,0,0,0
RTDL6I8C7_3549-4088-4061-4600,1,0,0,0,0,0,0,0,0
RTDL6I8C7_3549-4600-4061-5112,1,0,0,0,0,0,0,0,0
RTDL6I8C7_4030-7853-4542-8365,1,0,0,0,0,0,0,0,0
RTDL6I8C7_4030-8365-4542-8877,1,0,0,0,0,0,0,0,0
RTDL6I8C7_3549-5112-4061-5624,1,0,0,0,0,0,0,0,0
RTDL6I8C7_4030-7341-4542-7853,1,0,0,0,0,0,0,0,0
RTDL6I8C7_3549-5624-4061-6136,1,0,0,0,0,0,0,0,0
RTDL6I8C7_3549-6648-4061-7160,1,0,0,0,0,0,0,0,0
RTDL6I8C7_3549-6136-4061-6648,1,0,0,0,0,0,0,0,0
RTDL6I8C7_4045-1878-4557-2390,1,0,0,0,0,0,0,0,0
RTDL6I8C7_4045-1366-4557-1878,1,0,0,0,0,0,0,0,0
RTDL6I8C7_4481-4320-4993-4832,1,0,0,0,0,0,0,0,0
RTDL6I8C7_4481-5344-4993-5856,1,0,0,0,0,0,0,0,0
RTDL6I8C7_4542-7341-5054-7853,1,0,0,0,0,0,0,0,0
RTDL6I8C7_4481-6880-4993-7392,1,0,0,0,0,0,0,0,0
RTDL6I8C7_4481-6368-4993-6880,1,0,0,0,0,0,0,0,0
RTDL6I8C7_4481-4832-4993-5344,1,0,0,0,0,0,0,0,0
RTDL6I8C7_4481-5856-4993-6368,1,0,0,0,0,0,0,0,0
RTDL6I8C7_4542-7853-5054-8365,1,0,0,0,0,0,0,0,0
RTDL6I8C7_4557-3926-5069-4438,1,0,0,0,0,0,0,0,0
RTDL6I8C7_4921-6622-5433-7134,1,0,0,0,0,0,0,0,0
RTDL6I8C7_4921-5598-5433-6110,1,0,0,0,0,0,0,0,0
RTDL6I8C7_4557-1366-5069-1878,1,0,0,0,0,0,0,0,0
RTDL6I8C7_4542-8365-5054-8877,1,0,0,0,0,0,0,0,0
RTDL6I8C7_4921-4574-5433-5086,1,0,0,0,0,0,0,0,0
RTDL6I8C7_4557-1878-5069-2390,1,0,0,0,0,0,0,0,0
RTDL6I8C7_4921-6110-5433-6622,1,0,0,0,0,0,0,0,0
RTDL6I8C7_4921-7134-5433-7646,1,0,0,0,0,0,0,0,0
RTDL6I8C7_4921-5086-5433-5598,1,0,0,0,0,0,0,0,0
RTDL6I8C7_4921-7646-5433-8158,1,0,0,0,0,0,0,0,0
RTDL6I8C7_5054-7341-5566-7853,1,0,0,0,0,0,0,0,0
RTDL6I8C7_4921-8158-5433-8670,1,0,0,0,0,0,0,0,0
RTDL6I8C7_5069-1878-5581-2390,1,0,0,0,0,0,0,0,0
RTDL6I8C7_5054-7853-5566-8365,1,0,0,0,0,0,0,0,0
RTDL6I8C7_5054-8365-5566-8877,1,0,0,0,0,0,0,0,0
RTDL6I8C7_5069-1366-5581-1878,1,0,0,0,0,0,0,0,0
RTDL6I8C7_5438-6338-5950-6850,1,0,0,0,0,0,0,0,0
RTDL6I8C7_5438-7362-5950-7874,1,0,0,0,0,0,0,0,0
RTDL6I8C7_5438-6850-5950-7362,1,0,0,0,0,0,0,0,0
RTDL6I8C7_5438-7874-5950-8386,1,0,0,0,0,0,0,0,0
RTDL6I8C7_5438-8386-5950-8898,1,0,0,0,0,0,0,0,0
RTDL6I8C7_5581-1366-6093-1878,1,0,0,0,0,0,0,0,0
RTDL6I8C7_5581-1878-6093-2390,1,0,0,0,0,0,0,0,0
RTDL6I8C7_5581-3926-6093-4438,1,0,0,0,0,0,0,0,0
RTDL6I8C7_5581-3414-6093-3926,1,0,0,0,0,0,0,0,0
RTDL6I8C7_5581-2390-6093-2902,1,0,0,0,0,0,0,0,0
RTDL6I8C7_5581-2902-6093-3414,1,0,0,0,0,0,0,0,0
RTDL6I8C7_5802-3046-6314-3558,1,0,0,0,0,0,0,0,0
RTDL6I8C7_5802-2534-6314-3046,1,0,0,0,0,0,0,0,0
RTDL6I8C7_5802-3558-6314-4070,1,0,0,0,0,0,0,0,0
RTDL6I8C7_5950-6338-6462-6850,1,0,0,0,0,0,0,0,0
RTDL6I8C7_5802-2022-6314-2534,1,0,0,0,0,0,0,0,0
RTDL6I8C7_5802-1510-6314-2022,1,0,0,0,0,0,0,0,0
RTDL6I8C7_5950-6850-6462-7362,1,0,0,0,0,0,0,0,0
RTDL6I8C7_5950-7362-6462-7874,1,0,0,0,0,0,0,0,0
RTDL6I8C7_6305-6608-6817-7120,1,0,0,0,0,0,0,0,0
RTDL6I8C7_5950-7874-6462-8386,1,0,0,0,0,0,0,0,0
RTDL6I8C7_6305-7120-6817-7632,1,0,0,0,0,0,0,0,0
RTDL6I8C7_5950-8386-6462-8898,1,0,0,0,0,0,0,0,0
RTDL6I8C7_6305-5584-6817-6096,1,0,0,0,0,0,0,0,0
RTDL6I8C7_6305-5072-6817-5584,1,0,0,0,0,0,0,0,0
RTDL6I8C7_6305-7632-6817-8144,1,0,0,0,0,0,0,0,0
RTDL6I8C7_6305-6096-6817-6608,1,0,0,0,0,0,0,0,0
RTDL6I8C7_6314-3558-6826-4070,1,0,0,0,0,0,0,0,0
RTDL6I8C7_6314-4070-6826-4582,1,0,0,0,0,0,0,0,0
RTDL6I8C7_6643-4570-7155-5082,1,0,0,0,0,0,0,0,0
RTDL6I8C7_6643-5594-7155-6106,1,0,0,0,0,0,0,0,0
RTDL6I8C7_6643-5082-7155-5594,1,0,0,0,0,0,0,0,0
RTDL6I8C7_6314-4582-6826-5094,1,0,0,0,0,0,0,0,0
RTDL6I8C7_6643-6618-7155-7130,1,0,0,0,0,0,0,0,0
RTDL6I8C7_6314-998-6826-1510,1,0,0,0,0,0,0,0,0
RTDL6I8C7_6643-6106-7155-6618,1,0,0,0,0,0,0,0,0
RTDL6I8C7_6826-4070-7338-4582,1,0,0,0,0,0,0,0,0
RTDL6I8C7_6643-7642-7155-8154,1,0,0,0,0,0,0,0,0
RTDL6I8C7_6826-998-7338-1510,1,0,0,0,0,0,0,0,0
RTDL6I8C7_6643-7130-7155-7642,1,0,0,0,0,0,0,0,0
RTDL6I8C7_7130-6067-7642-6579,1,0,0,0,0,0,0,0,0
RTDL6I8C7_7130-5555-7642-6067,1,0,0,0,0,0,0,0,0
RTDL6I8C7_7130-5043-7642-5555,1,0,0,0,0,0,0,0,0
RTDL6I8C7_7130-6579-7642-7091,1,0,0,0,0,0,0,0,0
RTDL6I8C7_6826-3046-7338-3558,1,0,0,0,0,0,0,0,0
RTDL6I8C7_6826-3558-7338-4070,1,0,0,0,0,0,0,0,0
RTDL6I8C7_7130-7091-7642-7603,1,0,0,0,0,0,0,0,0
RTDL6I8C7_7338-3558-7850-4070,1,0,0,0,0,0,0,0,0
RTDL6I8C7_7338-4070-7850-4582,1,0,0,0,0,0,0,0,0
RTDL6I8C7_7338-4582-7850-5094,1,0,0,0,0,0,0,0,0
RTDL6I8C7_7338-486-7850-998,1,0,0,0,0,0,0,0,0
RTDL6I8C7_7130-7603-7642-8115,1,0,0,0,0,0,0,0,0
RTDL6I8C7_7592-6426-8104-6938,1,0,0,0,0,0,0,0,0
RTDL6I8C7_7592-6938-8104-7450,1,0,0,0,0,0,0,0,0
RTDL6I8C7_7592-7450-8104-7962,1,0,0,0,0,0,0,0,0
RTDL6I8C7_7850-3558-8362-4070,1,0,0,0,0,0,0,0,0
RTDL6I8C7_7850-4070-8362-4582,1,0,0,0,0,0,0,0,0
RTDL6I8C7_8007-5859-8519-6371,1,0,0,0,0,0,0,0,0
RTDL6I8C7_7850-486-8362-998,1,0,0,0,0,0,0,0,0
RTDL6I8C7_8007-4835-8519-5347,1,0,0,0,0,0,0,0,0
RTDL6I8C7_8007-6371-8519-6883,1,0,0,0,0,0,0,0,0
RTDL6I8C7_7592-7962-8104-8474,1,0,0,0,0,0,0,0,0
RTDL6I8C7_8007-5347-8519-5859,1,0,0,0,0,0,0,0,0
RTDL6I8C7_7850-4582-8362-5094,1,0,0,0,0,0,0,0,0
RTDL6I8C7_8007-7395-8519-7907,1,0,0,0,0,0,0,0,0
RTDL6I8C7_8362-4070-8874-4582,1,0,0,0,0,0,0,0,0
RTDL6I8C7_8007-8419-8519-8931,1,0,0,0,0,0,0,0,0
RTDL6I8C7_8007-6883-8519-7395,1,0,0,0,0,0,0,0,0
RTDL6I8C7_8007-7907-8519-8419,1,0,0,0,0,0,0,0,0
RTDL6I8C7_8362-486-8874-998,1,0,0,0,0,0,0,0,0
RTDL6I8C7_8362-3558-8874-4070,1,0,0,0,0,0,0,0,0
RTDL6I8C7_8460-4643-8972-5155,1,0,0,0,0,0,0,0,0
RTDL6I8C7_8460-5667-8972-6179,1,0,0,0,0,0,0,0,0
RTDL6I8C7_8460-7203-8972-7715,1,0,0,0,0,0,0,0,0
RTDL6I8C7_8460-6179-8972-6691,1,0,0,0,0,0,0,0,0
RTDL6I8C7_8460-8227-8972-8739,1,0,0,0,0,0,0,0,0
RTDL6I8C7_8460-5155-8972-5667,1,0,0,0,0,0,0,0,0
RTDL6I8C7_8460-7715-8972-8227,1,0,0,0,0,0,0,0,0
RTDL6I8C7_8809-7919-9321-8431,1,0,0,0,0,0,0,0,0
RTDL6I8C7_8809-8431-9321-8943,1,0,0,0,0,0,0,0,0
RTDL6I8C7_8460-6691-8972-7203,1,0,0,0,0,0,0,0,0
RTDL6I8C7_8809-7407-9321-7919,1,0,0,0,0,0,0,0,0
RTDL6I8C7_8896-5080-9408-5592,1,0,0,0,0,0,0,0,0
RTDL6I8C7_8874-3046-9386-3558,1,0,0,0,0,0,0,0,0
RTDL6I8C7_8874-3558-9386-4070,1,0,0,0,0,0,0,0,0
RTDL6I8C7_8874-486-9386-998,1,0,0,0,0,0,0,0,0
RTDL6I8C7_8874-4070-9386-4582,1,0,0,0,0,0,0,0,0
RTDL6I8C7_8874-4582-9386-5094,1,0,0,0,0,0,0,0,0
RTDL6I8C7_8896-5592-9408-6104,1,0,0,0,0,0,0,0,0
RTDL6I8C7_8896-6104-9408-6616,1,0,0,0,0,0,0,0,0
RTDL6I8C7_8896-7640-9408-8152,1,0,0,0,0,0,0,0,0
RTDL6I8C7_9361-5516-9873-6028,1,0,0,0,0,0,0,0,0
RTDL6I8C7_8896-7128-9408-7640,1,0,0,0,0,0,0,0,0
RTDL6I8C7_9321-8431-9833-8943,1,0,0,0,0,0,0,0,0
RTDL6I8C7_9321-7407-9833-7919,1,0,0,0,0,0,0,0,0
RTDL6I8C7_8896-6616-9408-7128,1,0,0,0,0,0,0,0,0
RTDL6I8C7_9361-5004-9873-5516,1,0,0,0,0,0,0,0,0
RTDL6I8C7_9361-4492-9873-5004,1,0,0,0,0,0,0,0,0
RTDL6I8C7_8896-8152-9408-8664,1,0,0,0,0,0,0,0,0
RTDL6I8C7_9361-6028-9873-6540,1,0,0,0,0,0,0,0,0
RTDL6I8C7_9386-2534-9898-3046,1,0,0,0,0,0,0,0,0
RTDL6I8C7_9361-8076-9873-8588,1,0,0,0,0,0,0,0,0
RTDL6I8C7_9386-3046-9898-3558,1,0,0,0,0,0,0,0,0
RTDL6I8C7_9361-6540-9873-7052,1,0,0,0,0,0,0,0,0
RTDL6I8C7_9361-7052-9873-7564,1,0,0,0,0,0,0,0,0
RTDL6I8C7_9386-2022-9898-2534,1,0,0,0,0,0,0,0,0
RTDL6I8C7_9386-3558-9898-4070,1,0,0,0,0,0,0,0,0
RTDL6I8C7_9386-4070-9898-4582,1,0,0,0,0,0,0,0,0
RTDL6I8C7_9772-5210-10284-5722,1,0,0,0,0,0,0,0,0
RTDL6I8C7_9386-486-9898-998,1,0,0,0,0,0,0,0,0
RTDL6I8C7_958-7853-1470-8365,1,0,0,0,0,0,0,0,0
RTDL6I8C7_9772-4698-10284-5210,1,0,0,0,0,0,0,0,0
RTDL6I8C7_958-8365-1470-8877,1,0,0,0,0,0,0,0,0
RTDL6I8C7_9772-5722-10284-6234,1,0,0,0,0,0,0,0,0
RTDL6I8C7_9772-6746-10284-7258,1,0,0,0,0,0,0,0,0
RTDL6I8C7_9772-6234-10284-6746,1,0,0,0,0,0,0,0,0
RTDL6I8C7_9833-7919-10345-8431,1,0,0,0,0,0,0,0,0
RTDL6I8C7_9772-7258-10284-7770,1,0,0,0,0,0,0,0,0
RTDL6I8C7_9898-2534-10410-3046,1,0,0,0,0,0,0,0,0
RTDL6I8C7_9898-1510-10410-2022,1,0,0,0,0,0,0,0,0
RTDL6I8C7_9898-4070-10410-4582,1,0,0,0,0,0,0,0,0
RTDL6I8C7_9898-3046-10410-3558,1,0,0,0,0,0,0,0,0
RTDL6I8C7_9898-3558-10410-4070,1,0,0,0,0,0,0,0,0
RTDL6I8C7_9898-2022-10410-2534,1,0,0,0,0,0,0,0,0
RTDL6I8C7_9898-486-10410-998,1,0,0,0,0,0,0,0,0
RU6GWHABU_2797-5101-3309-5613,0,0,0,1,0,0,0,0,0
RU6GWHABU_586-2312-1098-2824,0,0,0,1,0,0,0,0,0
RU6GWHABU_1600-2646-2112-3158,0,0,0,1,0,0,0,0,0
RU6GWHABU_1717-4972-2229-5484,0,0,0,1,0,0,0,0,0
RU6GWHABU_586-2824-1098-3336,0,0,0,1,0,0,0,0,0
RUVMAZ1LB_1851-1139-2363-1651,0,0,1,0,0,0,0,0,0
RU6GWHABU_594-3314-1106-3826,0,0,0,1,0,0,0,0,0
RU6GWHABU_4826-6525-5338-7037,0,0,0,1,0,0,0,0,0
RUVMAZ1LB_1641-3825-2153-4337,0,0,0,0,0,1,0,0,0
RUVMAZ1LB_1856-3595-2368-4107,0,0,0,0,0,1,0,0,0
RUVMAZ1LB_1952-4183-2464-4695,0,0,0,0,0,1,0,0,0
RUVMAZ1LB_2122-4345-2634-4857,0,0,0,0,0,1,0,0,0
RUVMAZ1LB_2070-1382-2582-1894,0,0,1,0,0,0,0,0,0
RUVMAZ1LB_264-4161-776-4673,0,0,1,0,0,1,0,0,0
RVA2WF2RL_1800-4343-2312-4855,0,0,0,1,0,0,0,0,0
RVA2WF2RL_1800-4855-2312-5367,0,0,0,1,0,0,0,0,0
RVA2WF2RL_1288-4343-1800-4855,0,0,0,1,0,0,0,0,0
RVA2WF2RL_2312-4343-2824-4855,0,0,0,1,0,0,0,0,0
RVJTRWPIW_1277-9163-1789-9675,0,0,0,0,1,0,0,0,0
RVJTRWPIW_1562-831-2074-1343,0,0,0,0,1,0,0,0,0
RVJTRWPIW_1976-9180-2488-9692,0,0,0,0,1,0,0,0,0
RVA2WF2RL_2312-4855-2824-5367,0,0,0,1,0,0,0,0,0
RVJTRWPIW_2833-920-3345-1432,0,0,0,0,1,0,0,0,0
RVJTRWPIW_2678-2412-3190-2924,0,0,0,0,1,0,0,0,0
RVJTRWPIW_2251-858-2763-1370,0,0,0,0,1,0,0,0,0
RVJTRWPIW_2662-9190-3174-9702,0,0,0,0,1,0,0,0,0
RVJTRWPIW_3314-2333-3826-2845,0,0,0,0,1,0,0,0,0
RVJTRWPIW_3345-920-3857-1432,0,0,0,0,1,0,0,0,0
RVJTRWPIW_3361-9176-3873-9688,0,0,0,0,1,0,0,0,0
RVJTRWPIW_3668-4056-4180-4568,0,0,0,0,1,0,0,0,0
RVJTRWPIW_4013-3926-4525-4438,0,0,0,0,1,0,0,0,0
RVJTRWPIW_4354-3984-4866-4496,0,0,0,0,1,0,0,0,0
RVJTRWPIW_5154-6665-5666-7177,0,0,0,0,1,0,0,0,0
RVJTRWPIW_4050-9175-4562-9687,0,0,0,0,1,0,0,0,0
RVJTRWPIW_5057-4339-5569-4851,0,0,0,0,1,0,0,0,0
RVJTRWPIW_4778-9198-5290-9710,0,0,0,0,1,0,0,0,0
RVJTRWPIW_5416-6749-5928-7261,0,0,0,0,1,0,0,0,0
RVJTRWPIW_908-784-1420-1296,0,0,0,0,1,0,0,0,0
RVLMWM9ZB_2356-780-2868-1292,0,0,0,0,0,0,0,0,1
RVJTRWPIW_5439-9210-5951-9722,0,0,0,0,1,0,0,0,0
RVLMWM9ZB_2673-778-3185-1290,0,0,0,0,0,0,0,0,1
RVJTRWPIW_5666-6665-6178-7177,0,0,0,0,1,0,0,0,0
RVLMWM9ZB_2565-4115-3077-4627,0,0,0,0,0,0,0,0,1
RVLMWM9ZB_1176-672-1688-1184,0,0,0,0,0,0,0,0,1
RVLMWM9ZB_4696-4111-5208-4623,0,0,0,0,0,0,0,0,1
RVLMWM9ZB_5178-4177-5690-4689,0,0,0,0,0,0,0,0,1
RVLMWM9ZB_5583-4237-6095-4749,0,0,0,0,0,0,0,0,1
RW4MB8IGN_10536-5049-11048-5561,0,0,0,0,0,1,0,0,0
RW4MB8IGN_10536-5561-11048-6073,0,0,0,0,0,1,0,0,0
RW4MB8IGN_10536-6073-11048-6585,0,0,0,0,0,1,0,0,0
RVLMWM9ZB_636-648-1148-1160,0,0,0,0,0,0,0,0,1
RVLMWM9ZB_5733-4044-6245-4556,0,0,0,0,0,0,0,0,1
RW4MB8IGN_10609-6427-11121-6939,0,0,0,0,0,1,0,0,0
RW4MB8IGN_10609-6939-11121-7451,0,0,0,0,0,1,0,0,0
RW4MB8IGN_1129-4895-1641-5407,0,0,1,0,0,0,0,0,0
RW4MB8IGN_10713-8873-11225-9385,0,0,0,0,0,1,0,0,0
RW4MB8IGN_10653-7760-11165-8272,0,0,0,0,0,1,0,0,0
RW4MB8IGN_10653-8272-11165-8784,0,0,0,0,0,1,0,0,0
RW4MB8IGN_617-4895-1129-5407,0,0,1,0,0,0,0,0,0
RW4MB8IGN_1802-2963-2314-3475,0,0,1,0,0,1,0,0,0
RW4MB8IGN_10653-7248-11165-7760,0,0,0,0,0,1,0,0,0
RW4MB8IGN_1290-2963-1802-3475,0,0,1,0,0,1,0,0,0
RW4MB8IGN_812-8392-1324-8904,0,0,1,0,0,0,0,0,0
RW4MB8IGN_778-2963-1290-3475,0,0,1,0,0,1,0,0,0
RWNKEMV7J_1398-1878-1910-2390,0,1,0,0,0,0,0,0,0
RXKUIQR21_1227-1281-1739-1793,0,1,0,0,0,0,0,0,0
RWNKEMV7J_4198-3004-4710-3516,0,1,0,0,0,0,0,0,0
RWNKEMV7J_3686-3516-4198-4028,0,1,0,0,0,0,0,0,0
RWNKEMV7J_3686-3004-4198-3516,0,1,0,0,0,0,0,0,0
RWNKEMV7J_4198-3516-4710-4028,0,1,0,0,0,0,0,0,0
RWNKEMV7J_886-1878-1398-2390,0,1,0,0,0,0,0,0,0
RXKUIQR21_12985-8880-13497-9392,0,1,0,0,0,0,0,0,0
RXKUIQR21_1288-2347-1800-2859,0,1,0,0,0,0,0,0,0
RXKUIQR21_1739-1281-2251-1793,0,1,0,0,0,0,0,0,0
RXKUIQR21_13395-9022-13907-9534,0,1,0,0,0,0,0,0,0
RXKUIQR21_13395-8510-13907-9022,0,1,0,0,0,0,0,0,0
RXKUIQR21_16333-6209-16845-6721,0,1,0,0,0,0,0,0,0
RXKUIQR21_17370-9549-17882-10061,0,1,0,0,0,0,0,0,0
RXKUIQR21_1739-769-2251-1281,0,1,0,0,0,0,0,0,0
RXKUIQR21_18393-11351-18905-11863,0,1,0,0,0,0,0,0,0
RXKUIQR21_19765-13764-20277-14276,0,1,0,0,0,0,0,0,0
RXKUIQR21_19765-14276-20277-14788,0,1,0,0,0,0,0,0,0
RXKUIQR21_20277-13252-20789-13764,0,1,0,0,0,0,0,0,0
RXKUIQR21_20789-13252-21301-13764,0,1,0,0,0,0,0,0,0
RXKUIQR21_20277-14276-20789-14788,0,1,0,0,0,0,0,0,0
RXKUIQR21_3084-6640-3596-7152,0,1,0,0,0,0,0,0,0
RXKUIQR21_20277-13764-20789-14276,0,1,0,0,0,0,0,0,0
RXKUIQR21_3084-7664-3596-8176,0,1,0,0,0,0,0,0,0
RXKUIQR21_3084-7152-3596-7664,0,1,0,0,0,0,0,0,0
RXKUIQR21_3084-8176-3596-8688,0,1,0,0,0,0,0,0,0
RXKUIQR21_3596-7664-4108-8176,0,1,0,0,0,0,0,0,0
RXKUIQR21_3596-8176-4108-8688,0,1,0,0,0,0,0,0,0
RXKUIQR21_3596-6640-4108-7152,0,1,0,0,0,0,0,0,0
RXKUIQR21_3820-6862-4332-7374,0,1,0,0,0,0,0,0,0
RXKUIQR21_3596-7152-4108-7664,0,1,0,0,0,0,0,0,0
RXKUIQR21_3868-1804-4380-2316,0,1,0,0,0,0,0,0,0
RXKUIQR21_4332-6862-4844-7374,0,1,0,0,0,0,0,0,0
RXKUIQR21_4770-2251-5282-2763,0,1,0,0,0,0,0,0,0
RXKUIQR21_5919-3169-6431-3681,0,1,0,0,0,0,0,0,0
RXKUIQR21_4770-2763-5282-3275,0,1,0,0,0,0,0,0,0
RXKUIQR21_4844-6862-5356-7374,0,1,0,0,0,0,0,0,0
RXKUIQR21_6051-2855-6563-3367,0,1,0,0,0,0,0,0,0
RXKUIQR21_5919-3681-6431-4193,0,1,0,0,0,0,0,0,0
RXKUIQR21_6085-8479-6597-8991,0,1,0,0,0,0,0,0,0
RXKUIQR21_5919-4193-6431-4705,0,1,0,0,0,0,0,0,0
RXKUIQR21_6387-1918-6899-2430,0,1,0,0,0,0,0,0,0
RXKUIQR21_6051-2343-6563-2855,0,1,0,0,0,0,0,0,0
RXKUIQR21_6431-3681-6943-4193,0,1,0,0,0,0,0,0,0
RXKUIQR21_6563-2855-7075-3367,0,1,0,0,0,0,0,0,0
RXKUIQR21_6563-2343-7075-2855,0,1,0,0,0,0,0,0,0
RXKUIQR21_6431-4193-6943-4705,0,1,0,0,0,0,0,0,0
RXKUIQR21_6431-3169-6943-3681,0,1,0,0,0,0,0,0,0
RXKUIQR21_7176-2702-7688-3214,0,1,0,0,0,0,0,0,0
RXKUIQR21_6597-8479-7109-8991,0,1,0,0,0,0,0,0,0
RXKUIQR21_7176-3214-7688-3726,0,1,0,0,0,0,0,0,0
RXKUIQR21_7870-4261-8382-4773,0,1,0,0,0,0,0,0,0
RXKUIQR21_7870-3749-8382-4261,0,1,0,0,0,0,0,0,0
RXKUIQR21_792-1255-1304-1767,0,1,0,0,0,0,0,0,0
RXKUIQR21_8382-3237-8894-3749,0,1,0,0,0,0,0,0,0
RXKUIQR21_8843-5049-9355-5561,0,1,0,0,0,0,0,0,0
RXKUIQR21_8382-3749-8894-4261,0,1,0,0,0,0,0,0,0
RXKUIQR21_8843-4537-9355-5049,0,1,0,0,0,0,0,0,0
RXKUIQR21_8382-4261-8894-4773,0,1,0,0,0,0,0,0,0
RXKUIQR21_8843-5561-9355-6073,0,1,0,0,0,0,0,0,0
RXKUIQR21_8863-2776-9375-3288,0,1,0,0,0,0,0,0,0
RXKUIQR21_9355-5561-9867-6073,0,1,0,0,0,0,0,0,0
RXKUIQR21_9355-4537-9867-5049,0,1,0,0,0,0,0,0,0
RXKUIQR21_8894-3237-9406-3749,0,1,0,0,0,0,0,0,0
RXKUIQR21_9355-5049-9867-5561,0,1,0,0,0,0,0,0,0
RXU31AY88_1400-2895-1912-3407,0,1,0,0,0,0,0,0,0
RXU31AY88_1842-817-2354-1329,0,1,0,0,0,0,0,0,0
RXU31AY88_1400-3407-1912-3919,0,1,0,0,0,0,0,0,0
RXU31AY88_1400-3919-1912-4431,0,1,0,0,0,0,0,0,0
RXU31AY88_3458-1449-3970-1961,0,1,0,0,0,0,0,0,0
RXU31AY88_3137-580-3649-1092,0,1,0,0,0,0,0,0,0
RXU31AY88_3649-580-4161-1092,0,1,0,0,0,0,0,0,0
RXU31AY88_3492-1743-4004-2255,0,1,0,0,0,0,0,0,0
RXU31AY88_4410-3587-4922-4099,0,1,0,0,0,0,0,0,0
RY9HTIEMC_4181-7048-4693-7560,0,0,0,0,0,0,1,0,0
RXU31AY88_842-575-1354-1087,0,1,0,0,0,0,0,0,0
RXU31AY88_3671-883-4183-1395,0,1,0,0,0,0,0,0,0
RXU31AY88_3970-1449-4482-1961,0,1,0,0,0,0,0,0,0
RY9HTIEMC_4181-7560-4693-8072,0,0,0,0,0,0,1,0,0
RZQFKWIDP_1119-4632-1631-5144,0,1,0,0,0,0,0,0,0
RY9HTIEMC_5148-6539-5660-7051,0,0,0,0,0,0,1,0,0
RY9HTIEMC_5148-7563-5660-8075,0,0,0,0,0,0,1,0,0
RY9HTIEMC_4263-6431-4775-6943,0,0,0,0,0,0,1,0,0
RY9HTIEMC_5148-7051-5660-7563,0,0,0,0,0,0,1,0,0
RZQFKWIDP_1232-5005-1744-5517,0,1,0,0,0,0,0,0,0
RZQFKWIDP_1232-6029-1744-6541,0,1,0,0,0,0,0,0,0
RZQFKWIDP_1232-5517-1744-6029,0,1,0,0,0,0,0,0,0
RZQFKWIDP_1318-6856-1830-7368,0,1,0,0,0,0,0,0,0
RZQFKWIDP_1232-6541-1744-7053,0,1,0,0,0,0,0,0,0
RZQFKWIDP_1507-608-2019-1120,0,1,0,0,0,0,0,0,0
RZQFKWIDP_1507-1120-2019-1632,0,1,0,0,0,0,0,0,0
RZQFKWIDP_1631-4632-2143-5144,0,1,0,0,0,0,0,0,0
RZQFKWIDP_1744-5005-2256-5517,0,1,0,0,0,0,0,0,0
RZQFKWIDP_1744-6029-2256-6541,0,1,0,0,0,0,0,0,0
RZQFKWIDP_1744-5517-2256-6029,0,1,0,0,0,0,0,0,0
RZQFKWIDP_2164-466-2676-978,0,1,0,0,0,0,0,0,0
RZQFKWIDP_1744-6541-2256-7053,0,1,0,0,0,0,0,0,0
RZQFKWIDP_3569-4541-4081-5053,0,1,0,0,0,0,0,0,0
RZQFKWIDP_2256-6029-2768-6541,0,1,0,0,0,0,0,0,0
RZQFKWIDP_3624-3123-4136-3635,0,1,0,0,0,0,0,0,0
RZQFKWIDP_3112-3123-3624-3635,0,1,0,0,0,0,0,0,0
RZQFKWIDP_2256-5517-2768-6029,0,1,0,0,0,0,0,0,0
RZQFKWIDP_4376-2556-4888-3068,0,1,0,0,0,0,0,0,0
RZQFKWIDP_4376-1532-4888-2044,0,1,0,0,0,0,0,0,0
RZQFKWIDP_4376-2044-4888-2556,0,1,0,0,0,0,0,0,0
RZQFKWIDP_850-1649-1362-2161,0,1,0,0,0,0,0,0,0
RZQFKWIDP_4399-1053-4911-1565,0,1,0,0,0,0,0,0,0
RZQFKWIDP_785-8269-1297-8781,0,1,0,0,0,0,0,0,0
RZQFKWIDP_850-3697-1362-4209,0,1,0,0,0,0,0,0,0
RZQFKWIDP_850-2161-1362-2673,0,1,0,0,0,0,0,0,0
RZQFKWIDP_850-2673-1362-3185,0,1,0,0,0,0,0,0,0
RZQFKWIDP_850-3185-1362-3697,0,1,0,0,0,0,0,0,0
RZQFKWIDP_995-1120-1507-1632,0,1,0,0,0,0,0,0,0
T1DJZJXL1_2235-1068-2747-1580,0,0,0,1,0,0,0,0,0
T1DJZJXL1_2235-1580-2747-2092,0,0,0,1,0,0,0,0,0
T1DJZJXL1_2747-2092-3259-2604,0,0,0,1,0,0,0,0,0
T1DJZJXL1_3429-3106-3941-3618,0,0,0,1,0,0,0,0,0
T1DJZJXL1_2747-1580-3259-2092,0,0,0,1,0,0,0,0,0
T1DJZJXL1_3429-3618-3941-4130,0,0,0,1,0,0,0,0,0
T1DJZJXL1_3941-3106-4453-3618,0,0,0,1,0,0,0,0,0
T1DJZJXL1_3941-4130-4453-4642,0,0,0,1,0,0,0,0,0
T1DJZJXL1_3941-3618-4453-4130,0,0,0,1,0,0,0,0,0
T1DJZJXL1_4453-4130-4965-4642,0,0,0,1,0,0,0,0,0
T1DJZJXL1_4453-4642-4965-5154,0,0,0,1,0,0,0,0,0
T1DJZJXL1_4965-4642-5477-5154,0,0,0,1,0,0,0,0,0
T1IECFYT6_1058-2734-1570-3246,0,0,1,0,0,0,0,0,0
T1IECFYT6_10099-11062-10611-11574,0,0,1,0,0,0,0,0,0
T1IECFYT6_1204-544-1716-1056,0,0,1,0,0,0,0,0,0
T1IECFYT6_1483-3203-1995-3715,0,0,1,0,0,0,0,0,0
T1IECFYT6_1408-334-1920-846,0,0,1,0,0,0,0,0,0
T1IECFYT6_1212-2928-1724-3440,0,0,1,0,0,0,0,0,0
T1IECFYT6_1779-3490-2291-4002,0,0,1,0,0,0,0,0,0
T1IECFYT6_1736-283-2248-795,0,0,1,0,0,0,0,0,0
T1IECFYT6_2081-298-2593-810,0,0,1,0,0,0,0,0,0
T1IECFYT6_2586-3768-3098-4280,0,0,1,0,0,0,0,0,0
T1IECFYT6_2472-363-2984-875,0,0,1,0,0,0,0,0,0
T1IECFYT6_2237-3754-2749-4266,0,0,1,0,0,0,0,0,0
T1IECFYT6_2616-4083-3128-4595,0,0,1,0,0,0,0,0,0
T1IECFYT6_2842-2327-3354-2839,0,0,1,0,0,0,0,0,0
T1IECFYT6_3098-4792-3610-5304,0,0,1,0,0,0,0,0,0
T1IECFYT6_2645-2157-3157-2669,0,0,1,0,0,0,0,0,0
T1IECFYT6_3555-5216-4067-5728,0,0,1,0,0,0,0,0,0
T1IECFYT6_3551-970-4063-1482,0,0,1,0,0,0,0,0,0
T1IECFYT6_3258-2071-3770-2583,0,0,1,0,0,0,0,0,0
T1IECFYT6_4306-5929-4818-6441,0,0,1,0,0,0,0,0,0
T1IECFYT6_3582-1275-4094-1787,0,0,1,0,0,0,0,0,0
T1IECFYT6_3377-2405-3889-2917,0,0,1,0,0,0,0,0,0
T1IECFYT6_3975-5606-4487-6118,0,0,1,0,0,0,0,0,0
T1IECFYT6_4597-3344-5109-3856,0,0,1,0,0,0,0,0,0
T1IECFYT6_4851-6453-5363-6965,0,0,1,0,0,0,0,0,0
T1IECFYT6_5036-6633-5548-7145,0,0,1,0,0,0,0,0,0
T1IECFYT6_5307-6915-5819-7427,0,0,1,0,0,0,0,0,0
T1IECFYT6_5405-2260-5917-2772,0,0,1,0,0,0,0,0,0
T1IECFYT6_5210-2462-5722-2974,0,0,1,0,0,0,0,0,0
T1IECFYT6_5064-2035-5576-2547,0,0,1,0,0,0,0,0,0
T1IECFYT6_5969-7513-6481-8025,0,0,1,0,0,0,0,0,0
T1IECFYT6_5586-7183-6098-7695,0,0,1,0,0,0,0,0,0
T1IECFYT6_5631-2800-6143-3312,0,0,1,0,0,0,0,0,0
T1IECFYT6_5856-2600-6368-3112,0,0,1,0,0,0,0,0,0
T1IECFYT6_6209-7274-6721-7786,0,0,1,0,0,0,0,0,0
T1NQEB63R_3659-16770-4171-17282,0,0,0,1,0,0,1,0,0
T1NQEB63R_3659-16258-4171-16770,0,0,0,1,0,0,1,0,0
T1NQEB63R_4171-15234-4683-15746,0,0,0,1,0,0,1,0,0
T1IECFYT6_6319-7556-6831-8068,0,0,1,0,0,0,0,0,0
T1NQEB63R_4171-14722-4683-15234,0,0,0,0,0,0,1,0,0
T1NQEB63R_4171-16258-4683-16770,0,0,0,1,0,0,1,0,0
T1NQEB63R_4171-15746-4683-16258,0,0,0,1,0,0,1,0,0
T1NQEB63R_4171-16770-4683-17282,0,0,0,1,0,0,1,0,0
T1NQEB63R_4683-13186-5195-13698,0,0,0,0,0,0,1,0,0
T1NQEB63R_4683-14210-5195-14722,0,0,0,1,0,0,1,0,0
T1NQEB63R_4683-13698-5195-14210,0,0,0,1,0,0,1,0,0
T1NQEB63R_4683-14722-5195-15234,0,0,0,1,0,0,1,0,0
T1NQEB63R_4683-15234-5195-15746,0,0,0,1,0,0,1,0,0
T1NQEB63R_5707-10114-6219-10626,0,0,0,1,0,0,0,0,0
T1NQEB63R_5195-12674-5707-13186,0,0,0,1,0,0,1,0,0
T1NQEB63R_5195-13186-5707-13698,0,0,0,1,0,0,1,0,0
T1NQEB63R_5195-13698-5707-14210,0,0,0,1,0,0,1,0,0
T1NQEB63R_5707-11138-6219-11650,0,0,0,1,0,0,0,0,0
T1NQEB63R_5707-12162-6219-12674,0,0,0,1,0,0,1,0,0
T1NQEB63R_5707-12674-6219-13186,0,0,0,1,0,0,1,0,0
T1NQEB63R_5921-10473-6433-10985,0,0,0,1,0,0,0,0,0
T1NQEB63R_5707-10626-6219-11138,0,0,0,1,0,0,0,0,0
T1NQEB63R_5921-8937-6433-9449,0,0,0,1,0,0,0,0,0
T1NQEB63R_5921-9449-6433-9961,0,0,0,1,0,0,0,0,0
T1NQEB63R_5921-10985-6433-11497,0,0,0,1,0,0,0,0,0
T1NQEB63R_5921-9961-6433-10473,0,0,0,1,0,0,0,0,0
T1NQEB63R_6219-10626-6731-11138,0,0,0,1,0,0,0,0,0
T1NQEB63R_6219-11138-6731-11650,0,0,0,1,0,0,0,0,0
T1NQEB63R_6219-9602-6731-10114,0,0,0,1,0,0,0,0,0
T1NQEB63R_6219-11650-6731-12162,0,0,0,1,0,0,1,0,0
T1NQEB63R_6219-12162-6731-12674,0,0,0,1,0,0,1,0,0
T1NQEB63R_6433-8937-6945-9449,0,0,0,1,0,0,0,0,0
T1NQEB63R_6433-10985-6945-11497,0,0,0,1,0,0,1,0,0
T1NQEB63R_6433-10473-6945-10985,0,0,0,1,0,0,0,0,0
T1NQEB63R_6731-10626-7243-11138,0,0,0,1,0,0,1,0,0
T1NQEB63R_6731-11650-7243-12162,0,0,0,1,0,0,1,0,0
T1NQEB63R_6945-10985-7457-11497,0,0,0,1,0,0,1,0,0
T1NQEB63R_6945-8937-7457-9449,0,0,0,1,0,0,0,0,0
T1NQEB63R_6731-11138-7243-11650,0,0,0,1,0,0,1,0,0
T1NQEB63R_6945-10473-7457-10985,0,0,0,1,0,0,1,0,0
T1NQEB63R_7243-10114-7755-10626,0,0,0,1,0,0,1,0,0
T1NQEB63R_7243-10626-7755-11138,0,0,0,1,0,0,1,0,0
T1NQEB63R_7457-10473-7969-10985,0,0,0,1,0,0,1,0,0
T1NQEB63R_7243-11138-7755-11650,0,0,0,1,0,0,1,0,0
T1NQEB63R_7457-10985-7969-11497,0,0,0,1,0,0,1,0,0
T1NQEB63R_7457-9961-7969-10473,0,0,0,1,0,0,1,0,0
T1NQEB63R_7457-8937-7969-9449,0,0,0,1,0,0,0,0,0
T1NQEB63R_7755-10114-8267-10626,0,0,0,1,0,0,1,0,0
T1NQEB63R_7755-10626-8267-11138,0,0,0,1,0,0,1,0,0
T1NQEB63R_7969-8937-8481-9449,0,0,0,1,0,0,0,0,0
T1NQEB63R_7969-9449-8481-9961,0,0,0,1,0,0,1,0,0
T1NQEB63R_7969-9961-8481-10473,0,0,0,1,0,0,1,0,0
T1NQEB63R_7755-9602-8267-10114,0,0,0,1,0,0,1,0,0
T1NQEB63R_8267-9602-8779-10114,0,0,0,1,0,0,1,0,0
T3N4HDGX9_3147-5818-3659-6330,0,0,0,0,0,0,0,0,1
T3N4HDGX9_1573-6041-2085-6553,0,0,0,0,0,0,0,0,1
T3N4HDGX9_3460-6054-3972-6566,0,0,0,0,0,0,0,0,1
T3N4HDGX9_2085-6041-2597-6553,0,0,0,0,0,0,0,0,1
T3N4HDGX9_4016-7159-4528-7671,0,0,0,0,0,0,0,0,1
T3N4HDGX9_4449-1736-4961-2248,0,0,0,0,0,0,0,0,1
T3VCF28KD_1186-4428-1698-4940,0,0,1,0,0,0,0,0,0
T3N4HDGX9_5125-7273-5637-7785,0,0,0,0,0,0,0,0,1
T3N4HDGX9_4753-6786-5265-7298,0,0,0,0,0,0,0,0,1
T3VCF28KD_3417-1974-3929-2486,0,0,1,0,0,0,0,0,0
T3VCF28KD_4067-2468-4579-2980,0,0,1,0,0,0,0,0,0
T3VCF28KD_597-2895-1109-3407,0,0,1,0,0,0,0,0,0
T3VCF28KD_606-2448-1118-2960,0,0,1,0,0,0,0,0,0
T3VCF28KD_609-3832-1121-4344,0,0,1,0,0,0,0,0,0
T3VCF28KD_713-2056-1225-2568,0,0,1,0,0,0,0,0,0
T3VCF28KD_717-4312-1229-4824,0,0,1,0,0,0,0,0,0
T3VCF28KD_738-3407-1250-3919,0,0,1,0,0,0,0,0,0
T4ADMYMKY_1416-4736-1928-5248,1,0,0,0,0,0,0,0,0
T4ADMYMKY_1416-1152-1928-1664,1,0,0,0,0,0,0,0,0
T4ADMYMKY_1416-4224-1928-4736,1,0,0,0,0,0,0,0,0
T4ADMYMKY_1928-1152-2440-1664,1,0,0,0,0,0,0,0,0
T3VCF28KD_792-4000-1304-4512,0,0,1,0,0,0,0,0,0
T4ADMYMKY_1928-1664-2440-2176,1,0,0,0,0,0,0,0,0
T4ADMYMKY_1928-5248-2440-5760,1,0,0,0,0,0,0,0,0
T4ADMYMKY_2440-640-2952-1152,1,0,0,0,0,0,0,0,0
T4ADMYMKY_2440-5760-2952-6272,1,0,0,0,0,0,0,0,0
T4ADMYMKY_2440-1152-2952-1664,1,0,0,0,0,0,0,0,0
T4ADMYMKY_1928-640-2440-1152,1,0,0,0,0,0,0,0,0
T4ADMYMKY_1928-5760-2440-6272,1,0,0,0,0,0,0,0,0
T4ADMYMKY_2952-1152-3464-1664,1,0,0,0,0,0,0,0,0
T4ADMYMKY_2952-5760-3464-6272,1,0,0,0,0,0,0,0,0
T4ADMYMKY_2952-640-3464-1152,1,0,0,0,0,0,0,0,0
T4ADMYMKY_3464-1664-3976-2176,1,0,0,0,0,0,0,0,0
T4ADMYMKY_3464-1152-3976-1664,1,0,0,0,0,0,0,0,0
T4ADMYMKY_3464-2176-3976-2688,1,0,0,0,0,0,0,0,0
T4ADMYMKY_3464-2688-3976-3200,1,0,0,0,0,0,0,0,0
T4ADMYMKY_3464-3200-3976-3712,1,0,0,0,0,0,0,0,0
T4ADMYMKY_3464-640-3976-1152,1,0,0,0,0,0,0,0,0
T4ADMYMKY_3464-5760-3976-6272,1,0,0,0,0,0,0,0,0
T4ADMYMKY_3976-3712-4488-4224,1,0,0,0,0,0,0,0,0
T4ADMYMKY_904-1152-1416-1664,1,0,0,0,0,0,0,0,0
T4ADMYMKY_3976-4736-4488-5248,1,0,0,0,0,0,0,0,0
T4ADMYMKY_3976-4224-4488-4736,1,0,0,0,0,0,0,0,0
T4ADMYMKY_3976-5760-4488-6272,1,0,0,0,0,0,0,0,0
T4ADMYMKY_3976-5248-4488-5760,1,0,0,0,0,0,0,0,0
T4ADMYMKY_4488-5760-5000-6272,1,0,0,0,0,0,0,0,0
T4ADMYMKY_3976-640-4488-1152,1,0,0,0,0,0,0,0,0
T4ADMYMKY_904-2688-1416-3200,1,0,0,0,0,0,0,0,0
T4ADMYMKY_904-1664-1416-2176,1,0,0,0,0,0,0,0,0
T4ADMYMKY_904-2176-1416-2688,1,0,0,0,0,0,0,0,0
T4ADMYMKY_904-3712-1416-4224,1,0,0,0,0,0,0,0,0
T4ADMYMKY_904-3200-1416-3712,1,0,0,0,0,0,0,0,0
T4ADMYMKY_904-640-1416-1152,1,0,0,0,0,0,0,0,0
T4AWM1D8D_1806-688-2318-1200,0,1,0,0,0,0,0,0,0
T4AWM1D8D_1294-688-1806-1200,0,1,0,0,0,0,0,0,0
T4AWM1D8D_3342-688-3854-1200,0,1,0,0,0,0,0,0,0
T4AWM1D8D_2318-688-2830-1200,0,1,0,0,0,0,0,0,0
T4AWM1D8D_2830-688-3342-1200,0,1,0,0,0,0,0,0,0
T4AWM1D8D_4878-688-5390-1200,0,1,0,0,0,0,0,0,0
T4AWM1D8D_5390-688-5902-1200,0,1,0,0,0,0,0,0,0
T4AWM1D8D_4366-688-4878-1200,0,1,0,0,0,0,0,0,0
T4AWM1D8D_3854-688-4366-1200,0,1,0,0,0,0,0,0,0
T4AWM1D8D_5902-688-6414-1200,0,1,0,0,0,0,0,0,0
T4DLVLKZ6_1220-993-1732-1505,0,0,0,0,0,0,0,0,1
T4AWM1D8D_782-688-1294-1200,0,1,0,0,0,0,0,0,0
T4DLVLKZ6_1353-1414-1865-1926,0,0,0,0,0,0,0,0,1
T4DLVLKZ6_1416-5090-1928-5602,0,0,0,0,0,0,0,0,1
T4DLVLKZ6_1416-6626-1928-7138,0,0,0,0,0,0,0,0,1
T4DLVLKZ6_1455-8155-1967-8667,0,0,0,0,0,0,0,0,1
T4DLVLKZ6_1416-5602-1928-6114,0,0,0,0,0,0,0,0,1
T4DLVLKZ6_1928-4578-2440-5090,0,0,0,0,0,0,0,0,1
T4DLVLKZ6_1928-6626-2440-7138,0,0,0,0,0,0,0,0,1
T4DLVLKZ6_1928-6114-2440-6626,0,0,0,0,0,0,0,0,1
T4DLVLKZ6_2119-11780-2631-12292,0,0,0,0,0,0,0,0,1
T4DLVLKZ6_1928-5602-2440-6114,0,0,0,0,0,0,0,0,1
T4DLVLKZ6_1928-5090-2440-5602,0,0,0,0,0,0,0,0,1
T4DLVLKZ6_2119-12292-2631-12804,0,0,0,0,0,0,0,0,1
T4DLVLKZ6_2440-5090-2952-5602,0,0,0,0,0,0,0,0,1
T4DLVLKZ6_2410-2531-2922-3043,0,0,0,0,0,0,0,0,1
T4DLVLKZ6_2440-4578-2952-5090,0,0,0,0,0,0,0,0,1
T4DLVLKZ6_904-6114-1416-6626,0,0,0,0,0,0,0,0,1
T4DLVLKZ6_2440-6626-2952-7138,0,0,0,0,0,0,0,0,1
T4DLVLKZ6_2631-12292-3143-12804,0,0,0,0,0,0,0,0,1
T4DLVLKZ6_965-9654-1477-10166,0,0,0,0,0,0,0,0,1
T4DLVLKZ6_965-9142-1477-9654,0,0,0,0,0,0,0,0,1
T4DLVLKZ6_904-6626-1416-7138,0,0,0,0,0,0,0,0,1
T4DLVLKZ6_3143-12292-3655-12804,0,0,0,0,0,0,0,0,1
T4DLVLKZ6_983-8222-1495-8734,0,0,0,0,0,0,0,0,1
T4L28RIQ1_6555-4164-7067-4676,0,1,0,0,0,0,0,0,0
T4L28RIQ1_7306-956-7818-1468,0,1,0,0,0,0,0,0,0
T4L28RIQ1_7093-2880-7605-3392,0,1,0,0,0,0,0,0,0
T4DLVLKZ6_983-8734-1495-9246,0,0,0,0,0,0,0,0,1
T4L28RIQ1_7306-444-7818-956,0,1,0,0,0,0,0,0,0
T4L28RIQ1_7296-1399-7808-1911,0,1,0,0,0,0,0,0,0
T4L28RIQ1_7818-956-8330-1468,0,1,0,0,0,0,0,0,0
T4L28RIQ1_8330-956-8842-1468,0,1,0,0,0,0,0,0,0
T4L28RIQ1_8330-444-8842-956,0,1,0,0,0,0,0,0,0
T4L28RIQ1_8842-956-9354-1468,0,1,0,0,0,0,0,0,0
T641V988J_0-14840-512-15352,0,0,0,1,0,0,0,0,0
T4L28RIQ1_8842-444-9354-956,0,1,0,0,0,0,0,0,0
T641V988J_1309-4690-1821-5202,0,0,0,1,0,0,0,0,0
T641V988J_0-15352-512-15864,0,0,0,1,0,0,0,0,0
T4LDEQHKV_978-1131-1490-1643,0,0,0,0,0,0,0,0,1
T641V988J_1309-5202-1821-5714,0,0,0,1,0,0,0,0,0
T641V988J_1309-5714-1821-6226,0,0,0,1,0,0,0,0,0
T641V988J_2108-14871-2620-15383,0,0,0,1,0,0,0,0,0
T641V988J_2574-13396-3086-13908,0,0,0,1,0,0,0,0,0
T641V988J_2574-12884-3086-13396,0,0,0,1,0,0,0,0,0
T641V988J_2620-14871-3132-15383,0,0,0,1,0,0,0,0,0
T641V988J_2620-15383-3132-15895,0,0,0,1,0,0,0,0,0
T641V988J_2620-14359-3132-14871,0,0,0,1,0,0,0,0,0
T641V988J_3086-12884-3598-13396,0,0,0,1,0,0,0,0,0
T641V988J_3132-15383-3644-15895,0,0,0,1,0,0,0,0,0
T641V988J_3435-13307-3947-13819,0,0,0,1,0,0,0,0,0
T641V988J_3086-13396-3598-13908,0,0,0,1,0,0,0,0,0
T641V988J_3472-8649-3984-9161,0,0,0,1,0,0,0,0,0
T641V988J_3132-14871-3644-15383,0,0,0,1,0,0,0,0,0
T641V988J_3464-5951-3976-6463,0,0,0,1,0,0,0,0,0
T641V988J_3464-6463-3976-6975,0,0,0,1,0,0,0,0,0
T641V988J_3435-13819-3947-14331,0,0,0,1,0,0,0,0,0
T641V988J_3472-9161-3984-9673,0,0,0,1,0,0,0,0,0
T641V988J_3644-15383-4156-15895,0,0,0,1,0,0,0,0,0
T641V988J_3644-14871-4156-15383,0,0,0,1,0,0,0,0,0
T641V988J_3742-15160-4254-15672,0,0,0,1,0,0,0,0,0
T641V988J_3797-9017-4309-9529,0,0,0,1,0,0,0,0,0
T641V988J_3797-8505-4309-9017,0,0,0,1,0,0,0,0,0
T641V988J_3976-5951-4488-6463,0,0,0,1,0,0,0,0,0
T641V988J_3947-13307-4459-13819,0,0,0,1,0,0,0,0,0
T641V988J_3976-6463-4488-6975,0,0,0,1,0,0,0,0,0
T641V988J_3947-13819-4459-14331,0,0,0,1,0,0,0,0,0
T641V988J_6614-10410-7126-10922,0,0,0,1,0,0,0,0,0
T641V988J_797-5202-1309-5714,0,0,0,1,0,0,0,0,0
T641V988J_6353-9845-6865-10357,0,0,0,1,0,0,0,0,0
T641V988J_6234-14237-6746-14749,0,0,0,1,0,0,0,0,0
T641V988J_6353-10357-6865-10869,0,0,0,1,0,0,0,0,0
T641V988J_797-5714-1309-6226,0,0,0,1,0,0,0,0,0
T641V988J_797-4690-1309-5202,0,0,0,1,0,0,0,0,0
T6AKGJPYB_2593-3121-3105-3633,0,0,0,0,0,0,0,0,1
T6AKGJPYB_4686-4899-5198-5411,0,0,0,0,0,0,0,0,1
T6AKGJPYB_4838-7633-5350-8145,0,0,0,0,0,0,0,0,1
T6AKGJPYB_4838-7121-5350-7633,0,0,0,0,0,0,0,0,1
T6R7UHMH9_18430-10058-18942-10570,0,1,0,0,0,0,0,0,0
T6R7UHMH9_1345-2539-1857-3051,0,1,0,0,0,0,0,0,0
T6R7UHMH9_19536-11981-20048-12493,0,1,0,0,0,0,0,0,0
T6AKGJPYB_898-998-1410-1510,0,0,0,0,0,0,0,0,1
T6AKGJPYB_957-2206-1469-2718,0,0,0,0,0,0,0,0,1
T6R7UHMH9_3456-6865-3968-7377,0,1,0,0,0,0,0,0,0
T6R7UHMH9_3456-7377-3968-7889,0,1,0,0,0,0,0,0,0
T6R7UHMH9_3456-7889-3968-8401,0,1,0,0,0,0,0,0,0
T6R7UHMH9_3456-8913-3968-9425,0,1,0,0,0,0,0,0,0
T6R7UHMH9_4411-7213-4923-7725,0,1,0,0,0,0,0,0,0
T6R7UHMH9_4923-7213-5435-7725,0,1,0,0,0,0,0,0,0
T6R7UHMH9_5046-2983-5558-3495,0,1,0,0,0,0,0,0,0
T6R7UHMH9_5046-2471-5558-2983,0,1,0,0,0,0,0,0,0
T6R7UHMH9_6338-8977-6850-9489,0,1,0,0,0,0,0,0,0
T6R7UHMH9_3456-8401-3968-8913,0,1,0,0,0,0,0,0,0
T6R7UHMH9_6850-8977-7362-9489,0,1,0,0,0,0,0,0,0
T6R7UHMH9_7019-2963-7531-3475,0,1,0,0,0,0,0,0,0
T6R7UHMH9_7019-2451-7531-2963,0,1,0,0,0,0,0,0,0
T6R7UHMH9_7396-11802-7908-12314,0,1,0,0,0,0,0,0,0
T6R7UHMH9_7061-3224-7573-3736,0,1,0,0,0,0,0,0,0
T6R7UHMH9_7687-12115-8199-12627,0,1,0,0,0,0,0,0,0
T6R7UHMH9_7531-2451-8043-2963,0,1,0,0,0,0,0,0,0
T6R7UHMH9_7573-3224-8085-3736,0,1,0,0,0,0,0,0,0
T6R7UHMH9_7531-2963-8043-3475,0,1,0,0,0,0,0,0,0
T6R7UHMH9_9485-5241-9997-5753,0,1,0,0,0,0,0,0,0
T6R7UHMH9_9485-5753-9997-6265,0,1,0,0,0,0,0,0,0
T72XVKDVM_15648-682-16160-1194,0,1,0,0,0,0,0,0,0
T72XVKDVM_16672-1194-17184-1706,0,1,0,0,0,0,0,0,0
T72XVKDVM_17184-1194-17696-1706,0,1,0,0,0,0,0,0,0
T72XVKDVM_17184-682-17696-1194,0,1,0,0,0,0,0,0,0
T72XVKDVM_16160-682-16672-1194,0,1,0,0,0,0,0,0,0
T72XVKDVM_16672-682-17184-1194,0,1,0,0,0,0,0,0,0
T72XVKDVM_17696-1194-18208-1706,0,1,0,0,0,0,0,0,0
T72XVKDVM_17696-682-18208-1194,0,1,0,0,0,0,0,0,0
T72XVKDVM_18208-1194-18720-1706,0,1,0,0,0,0,0,0,0
T72XVKDVM_18208-682-18720-1194,0,1,0,0,0,0,0,0,0
T72XVKDVM_19232-1194-19744-1706,0,1,0,0,0,0,0,0,0
T72XVKDVM_19232-682-19744-1194,0,1,0,0,0,0,0,0,0
T72XVKDVM_18720-1194-19232-1706,0,1,0,0,0,0,0,0,0
T72XVKDVM_19744-1194-20256-1706,0,1,0,0,0,0,0,0,0
T72XVKDVM_18720-682-19232-1194,0,1,0,0,0,0,0,0,0
T72XVKDVM_19744-682-20256-1194,0,1,0,0,0,0,0,0,0
T72XVKDVM_20768-682-21280-1194,0,1,0,0,0,0,0,0,0
T72XVKDVM_21280-682-21792-1194,0,1,0,0,0,0,0,0,0
T72XVKDVM_21792-682-22304-1194,0,1,0,0,0,0,0,0,0
T72XVKDVM_20256-682-20768-1194,0,1,0,0,0,0,0,0,0
T72XVKDVM_22304-1194-22816-1706,0,1,0,0,0,0,0,0,0
T72XVKDVM_22304-682-22816-1194,0,1,0,0,0,0,0,0,0
T72XVKDVM_22816-1194-23328-1706,0,1,0,0,0,0,0,0,0
T72XVKDVM_23328-1706-23840-2218,0,1,0,0,0,0,0,0,0
T72XVKDVM_22816-682-23328-1194,0,1,0,0,0,0,0,0,0
T72XVKDVM_23840-682-24352-1194,0,1,0,0,0,0,0,0,0
T72XVKDVM_23840-1706-24352-2218,0,1,0,0,0,0,0,0,0
T72XVKDVM_23328-682-23840-1194,0,1,0,0,0,0,0,0,0
T72XVKDVM_25376-1194-25888-1706,0,1,0,0,0,0,0,0,0
T72XVKDVM_24352-1706-24864-2218,0,1,0,0,0,0,0,0,0
T72XVKDVM_24864-1706-25376-2218,0,1,0,0,0,0,0,0,0
T72XVKDVM_24352-682-24864-1194,0,1,0,0,0,0,0,0,0
T72XVKDVM_24864-682-25376-1194,0,1,0,0,0,0,0,0,0
T72XVKDVM_25376-682-25888-1194,0,1,0,0,0,0,0,0,0
T72XVKDVM_26400-682-26912-1194,0,1,0,0,0,0,0,0,0
T89JYE12U_1003-5456-1515-5968,0,0,1,0,0,0,0,0,0
T89JYE12U_10055-7928-10567-8440,0,0,1,0,0,0,0,0,0
T89JYE12U_10024-808-10536-1320,0,0,1,0,0,0,0,0,0
T72XVKDVM_25888-1194-26400-1706,0,1,0,0,0,0,0,0,0
T72XVKDVM_25888-682-26400-1194,0,1,0,0,0,0,0,0,0
T89JYE12U_11197-782-11709-1294,0,0,1,0,0,0,0,0,0
T89JYE12U_11487-779-11999-1291,0,0,1,0,0,0,0,0,0
T89JYE12U_10685-782-11197-1294,0,0,1,0,0,0,0,0,0
T89JYE12U_12715-800-13227-1312,0,0,1,0,0,0,0,0,0
T89JYE12U_11880-5147-12392-5659,0,0,1,0,0,0,0,0,0
T89JYE12U_12203-800-12715-1312,0,0,1,0,0,0,0,0,0
T89JYE12U_13436-802-13948-1314,0,0,1,0,0,0,0,0,0
T89JYE12U_1386-788-1898-1300,0,0,1,0,0,0,0,0,0
T89JYE12U_13948-802-14460-1314,0,0,1,0,0,0,0,0,0
T89JYE12U_13679-7923-14191-8435,0,0,1,0,0,0,0,0,0
T89JYE12U_14460-802-14972-1314,0,0,1,0,0,0,0,0,0
T89JYE12U_14422-7884-14934-8396,0,0,1,0,0,0,0,0,0
T89JYE12U_14965-6469-15477-6981,0,0,1,0,0,0,0,0,0
T89JYE12U_1429-8077-1941-8589,0,0,1,0,0,0,0,0,0
T89JYE12U_14816-808-15328-1320,0,0,1,0,0,0,0,0,0
T89JYE12U_15161-5721-15673-6233,0,0,1,0,0,0,0,0,0
T89JYE12U_16763-839-17275-1351,0,0,1,0,0,0,0,0,0
T89JYE12U_16219-821-16731-1333,0,0,1,0,0,0,0,0,0
T89JYE12U_15634-809-16146-1321,0,0,1,0,0,0,0,0,0
T89JYE12U_1658-7918-2170-8430,0,0,1,0,0,0,0,0,0
T89JYE12U_15328-808-15840-1320,0,0,1,0,0,0,0,0,0
T89JYE12U_17455-983-17967-1495,0,0,1,0,0,0,0,0,0
T89JYE12U_17142-839-17654-1351,0,0,1,0,0,0,0,0,0
T89JYE12U_17654-839-18166-1351,0,0,1,0,0,0,0,0,0
T89JYE12U_19178-7184-19690-7696,0,0,1,0,0,0,0,0,0
T89JYE12U_1898-788-2410-1300,0,0,1,0,0,0,0,0,0
T89JYE12U_19348-6564-19860-7076,0,0,1,0,0,0,0,0,0
T89JYE12U_19022-7926-19534-8438,0,0,1,0,0,0,0,0,0
T89JYE12U_19897-7929-20409-8441,0,0,1,0,0,0,0,0,0
T89JYE12U_19723-5907-20235-6419,0,0,1,0,0,0,0,0,0
T89JYE12U_19584-6967-20096-7479,0,0,1,0,0,0,0,0,0
T89JYE12U_19917-895-20429-1407,0,0,1,0,0,0,0,0,0
T89JYE12U_20429-895-20941-1407,0,0,1,0,0,0,0,0,0
T89JYE12U_20498-4423-21010-4935,0,0,1,0,0,0,0,0,0
T89JYE12U_19510-5533-20022-6045,0,0,1,0,0,0,0,0,0
T89JYE12U_20577-3479-21089-3991,0,0,1,0,0,0,0,0,0
T89JYE12U_20671-7102-21183-7614,0,0,1,0,0,0,0,0,0
T89JYE12U_20546-3943-21058-4455,0,0,1,0,0,0,0,0,0
T89JYE12U_20685-5134-21197-5646,0,0,1,0,0,0,0,0,0
T89JYE12U_20697-7548-21209-8060,0,0,1,0,0,0,0,0,0
T89JYE12U_20740-6847-21252-7359,0,0,1,0,0,0,0,0,0
T89JYE12U_2082-7921-2594-8433,0,0,1,0,0,0,0,0,0
T89JYE12U_20959-5174-21471-5686,0,0,1,0,0,0,0,0,0
T89JYE12U_20941-895-21453-1407,0,0,1,0,0,0,0,0,0
T89JYE12U_20937-7756-21449-8268,0,0,1,0,0,0,0,0,0
T89JYE12U_20865-6142-21377-6654,0,0,1,0,0,0,0,0,0
T89JYE12U_21200-7292-21712-7804,0,0,1,0,0,0,0,0,0
T89JYE12U_21076-5538-21588-6050,0,0,1,0,0,0,0,0,0
T89JYE12U_20976-2150-21488-2662,0,0,1,0,0,0,0,0,0
T89JYE12U_21434-6669-21946-7181,0,0,1,0,0,0,0,0,0
T89JYE12U_21431-6019-21943-6531,0,0,1,0,0,0,0,0,0
T89JYE12U_21259-7709-21771-8221,0,0,1,0,0,0,0,0,0
T89JYE12U_21398-5287-21910-5799,0,0,1,0,0,0,0,0,0
T89JYE12U_21295-6471-21807-6983,0,0,1,0,0,0,0,0,0
T89JYE12U_21467-5559-21979-6071,0,0,1,0,0,0,0,0,0
T89JYE12U_21453-895-21965-1407,0,0,1,0,0,0,0,0,0
T89JYE12U_21483-5003-21995-5515,0,0,1,0,0,0,0,0,0
T89JYE12U_21738-841-22250-1353,0,0,1,0,0,0,0,0,0
T89JYE12U_21682-7796-22194-8308,0,0,1,0,0,0,0,0,0
T89JYE12U_21752-6388-22264-6900,0,0,1,0,0,0,0,0,0
T89JYE12U_22533-4231-23045-4743,0,0,1,0,0,0,0,0,0
T89JYE12U_22468-5234-22980-5746,0,0,1,0,0,0,0,0,0
T89JYE12U_22853-3459-23365-3971,0,0,1,0,0,0,0,0,0
T89JYE12U_22874-1287-23386-1799,0,0,1,0,0,0,0,0,0
T89JYE12U_22329-3932-22841-4444,0,0,1,0,0,0,0,0,0
T89JYE12U_22250-841-22762-1353,0,0,1,0,0,0,0,0,0
T89JYE12U_21925-5932-22437-6444,0,0,1,0,0,0,0,0,0
T89JYE12U_22539-4955-23051-5467,0,0,1,0,0,0,0,0,0
T89JYE12U_23111-3282-23623-3794,0,0,1,0,0,0,0,0,0
T89JYE12U_22657-3246-23169-3758,0,0,1,0,0,0,0,0,0
T89JYE12U_22762-841-23274-1353,0,0,1,0,0,0,0,0,0
T89JYE12U_22816-4874-23328-5386,0,0,1,0,0,0,0,0,0
T89JYE12U_23273-5017-23785-5529,0,0,1,0,0,0,0,0,0
T89JYE12U_23262-4390-23774-4902,0,0,1,0,0,0,0,0,0
T89JYE12U_23245-2812-23757-3324,0,0,1,0,0,0,0,0,0
T89JYE12U_23403-5310-23915-5822,0,0,1,0,0,0,0,0,0
T89JYE12U_23274-841-23786-1353,0,0,1,0,0,0,0,0,0
T89JYE12U_23908-2830-24420-3342,0,0,1,0,0,0,0,0,0
T89JYE12U_23437-2970-23949-3482,0,0,1,0,0,0,0,0,0
T89JYE12U_23725-5217-24237-5729,0,0,1,0,0,0,0,0,0
T89JYE12U_23677-4226-24189-4738,0,0,1,0,0,0,0,0,0
T89JYE12U_2410-788-2922-1300,0,0,1,0,0,0,0,0,0
T89JYE12U_23870-4028-24382-4540,0,0,1,0,0,0,0,0,0
T89JYE12U_24165-2731-24677-3243,0,0,1,0,0,0,0,0,0
T89JYE12U_23786-841-24298-1353,0,0,1,0,0,0,0,0,0
T89JYE12U_2424-7893-2936-8405,0,0,1,0,0,0,0,0,0
T89JYE12U_24175-1646-24687-2158,0,0,1,0,0,0,0,0,0
T89JYE12U_24182-3687-24694-4199,0,0,1,0,0,0,0,0,0
T89JYE12U_24182-3175-24694-3687,0,0,1,0,0,0,0,0,0
T89JYE12U_24284-1936-24796-2448,0,0,1,0,0,0,0,0,0
T89JYE12U_24295-3400-24807-3912,0,0,1,0,0,0,0,0,0
T89JYE12U_24350-4725-24862-5237,0,0,1,0,0,0,0,0,0
T89JYE12U_24298-841-24810-1353,0,0,1,0,0,0,0,0,0
T89JYE12U_2797-2725-3309-3237,0,0,1,0,0,0,0,0,0
T89JYE12U_24538-1713-25050-2225,0,0,1,0,0,0,0,0,0
T89JYE12U_2965-8077-3477-8589,0,0,1,0,0,0,0,0,0
T89JYE12U_3764-7922-4276-8434,0,0,1,0,0,0,0,0,0
T89JYE12U_3129-7910-3641-8422,0,0,1,0,0,0,0,0,0
T89JYE12U_2818-2362-3330-2874,0,0,1,0,0,0,0,0,0
T89JYE12U_4458-788-4970-1300,0,0,1,0,0,0,0,0,0
T89JYE12U_2837-956-3349-1468,0,0,1,0,0,0,0,0,0
T89JYE12U_3946-788-4458-1300,0,0,1,0,0,0,0,0,0
T89JYE12U_2805-5585-3317-6097,0,0,1,0,0,0,0,0,0
T89JYE12U_3594-900-4106-1412,0,0,1,0,0,0,0,0,0
T89JYE12U_4370-7915-4882-8427,0,0,1,0,0,0,0,0,0
T89JYE12U_4906-6241-5418-6753,0,0,1,0,0,0,0,0,0
T89JYE12U_4649-7916-5161-8428,0,0,1,0,0,0,0,0,0
T89JYE12U_657-8149-1169-8661,0,0,1,0,0,0,0,0,0
T89JYE12U_5994-788-6506-1300,0,0,1,0,0,0,0,0,0
T89JYE12U_4970-788-5482-1300,0,0,1,0,0,0,0,0,0
T89JYE12U_5482-788-5994-1300,0,0,1,0,0,0,0,0,0
T89JYE12U_6869-5271-7381-5783,0,0,1,0,0,0,0,0,0
T89JYE12U_6689-821-7201-1333,0,0,1,0,0,0,0,0,0
T89JYE12U_7683-2283-8195-2795,0,0,1,0,0,0,0,0,0
T89JYE12U_7573-3628-8085-4140,0,0,1,0,0,0,0,0,0
T89JYE12U_7342-7818-7854-8330,0,0,1,0,0,0,0,0,0
T89JYE12U_7713-821-8225-1333,0,0,1,0,0,0,0,0,0
T89JYE12U_788-1049-1300-1561,0,0,1,0,0,0,0,0,0
T89JYE12U_7544-3297-8056-3809,0,0,1,0,0,0,0,0,0
T89JYE12U_7834-2488-8346-3000,0,0,1,0,0,0,0,0,0
T89JYE12U_7201-821-7713-1333,0,0,1,0,0,0,0,0,0
T89JYE12U_7807-3222-8319-3734,0,0,1,0,0,0,0,0,0
T89JYE12U_7504-7518-8016-8030,0,0,1,0,0,0,0,0,0
T89JYE12U_7941-2783-8453-3295,0,0,1,0,0,0,0,0,0
T89JYE12U_8251-7525-8763-8037,0,0,1,0,0,0,0,0,0
T89JYE12U_8097-3255-8609-3767,0,0,1,0,0,0,0,0,0
T89JYE12U_8270-2954-8782-3466,0,0,1,0,0,0,0,0,0
T89JYE12U_8203-4162-8715-4674,0,0,1,0,0,0,0,0,0
T89JYE12U_8027-7327-8539-7839,0,0,1,0,0,0,0,0,0
T89JYE12U_8373-3570-8885-4082,0,0,1,0,0,0,0,0,0
T89JYE12U_8286-2527-8798-3039,0,0,1,0,0,0,0,0,0
T89JYE12U_8392-7314-8904-7826,0,0,1,0,0,0,0,0,0
T89JYE12U_878-3714-1390-4226,0,0,1,0,0,0,0,0,0
T89JYE12U_8458-3187-8970-3699,0,0,1,0,0,0,0,0,0
T89JYE12U_878-4226-1390-4738,0,0,1,0,0,0,0,0,0
T89JYE12U_878-2178-1390-2690,0,0,1,0,0,0,0,0,0
T89JYE12U_8488-808-9000-1320,0,0,1,0,0,0,0,0,0
T89JYE12U_878-2690-1390-3202,0,0,1,0,0,0,0,0,0
T89JYE12U_878-3202-1390-3714,0,0,1,0,0,0,0,0,0
T89JYE12U_8470-4113-8982-4625,0,0,1,0,0,0,0,0,0
T89JYE12U_878-5250-1390-5762,0,0,1,0,0,0,0,0,0
T89JYE12U_878-4738-1390-5250,0,0,1,0,0,0,0,0,0
T89JYE12U_9000-808-9512-1320,0,0,1,0,0,0,0,0,0
T89JYE12U_9375-7897-9887-8409,0,0,1,0,0,0,0,0,0
T89JYE12U_878-6786-1390-7298,0,0,1,0,0,0,0,0,0
T89JYE12U_8863-7897-9375-8409,0,0,1,0,0,0,0,0,0
T89JYE12U_878-5762-1390-6274,0,0,1,0,0,0,0,0,0
T89JYE12U_9512-808-10024-1320,0,0,1,0,0,0,0,0,0
T89JYE12U_938-7882-1450-8394,0,0,1,0,0,0,0,0,0
T89JYE12U_991-882-1503-1394,0,0,1,0,0,0,0,0,0
TA2PVBWJK_10089-5845-10601-6357,1,0,0,0,0,0,0,0,0
T89JYE12U_998-6163-1510-6675,0,0,1,0,0,0,0,0,0
T89JYE12U_991-1394-1503-1906,0,0,1,0,0,0,0,0,0
TA2PVBWJK_10089-4309-10601-4821,1,0,0,0,0,0,0,0,0
TA1ZNV372_1264-318-1776-830,0,0,0,0,0,1,0,0,0
TA2PVBWJK_10089-6357-10601-6869,1,0,0,0,0,0,0,0,0
T89JYE12U_969-7171-1481-7683,0,0,1,0,0,0,0,0,0
TA2PVBWJK_10089-6869-10601-7381,1,0,0,0,0,0,0,0,0
TA1ZNV372_405-475-917-987,0,0,0,0,0,1,0,0,0
TA1ZNV372_863-485-1375-997,0,0,1,0,0,1,0,0,0
TA2PVBWJK_10624-3473-11136-3985,1,0,0,0,0,0,0,0,0
TA2PVBWJK_10300-7032-10812-7544,1,0,0,0,0,0,0,0,0
TA2PVBWJK_10300-8056-10812-8568,1,0,0,0,0,0,0,0,0
TA2PVBWJK_10112-3473-10624-3985,1,0,0,0,0,0,0,0,0
TA2PVBWJK_10089-7893-10601-8405,1,0,0,0,0,0,0,0,0
TA2PVBWJK_10624-3985-11136-4497,1,0,0,0,0,0,0,0,0
TA2PVBWJK_10624-4497-11136-5009,1,0,0,0,0,0,0,0,0
TA2PVBWJK_1931-3629-2443-4141,1,0,0,0,0,0,0,0,0
TA2PVBWJK_10812-8056-11324-8568,1,0,0,0,0,0,0,0,0
TA2PVBWJK_2443-2605-2955-3117,1,0,0,0,0,0,0,0,0
TA2PVBWJK_1931-3117-2443-3629,1,0,0,0,0,0,0,0,0
TA2PVBWJK_2443-3117-2955-3629,1,0,0,0,0,0,0,0,0
TA2PVBWJK_10812-7544-11324-8056,1,0,0,0,0,0,0,0,0
TA2PVBWJK_2955-2605-3467-3117,1,0,0,0,0,0,0,0,0
TA2PVBWJK_2443-4141-2955-4653,1,0,0,0,0,0,0,0,0
TA2PVBWJK_2955-3117-3467-3629,1,0,0,0,0,0,0,0,0
TA2PVBWJK_2443-3629-2955-4141,1,0,0,0,0,0,0,0,0
TA2PVBWJK_2955-3629-3467-4141,1,0,0,0,0,0,0,0,0
TA2PVBWJK_2955-4141-3467-4653,1,0,0,0,0,0,0,0,0
TA2PVBWJK_3381-8110-3893-8622,1,0,0,0,0,0,0,0,0
TA2PVBWJK_3381-7086-3893-7598,1,0,0,0,0,0,0,0,0
TA2PVBWJK_3381-6574-3893-7086,1,0,0,0,0,0,0,0,0
TA2PVBWJK_3381-7598-3893-8110,1,0,0,0,0,0,0,0,0
TA2PVBWJK_3467-3629-3979-4141,1,0,0,0,0,0,0,0,0
TA2PVBWJK_3467-3117-3979-3629,1,0,0,0,0,0,0,0,0
TA2PVBWJK_3945-5333-4457-5845,1,0,0,0,0,0,0,0,0
TA2PVBWJK_3979-4141-4491-4653,1,0,0,0,0,0,0,0,0
TA2PVBWJK_3467-4141-3979-4653,1,0,0,0,0,0,0,0,0
TA2PVBWJK_3945-5845-4457-6357,1,0,0,0,0,0,0,0,0
TA2PVBWJK_3945-6357-4457-6869,1,0,0,0,0,0,0,0,0
TA2PVBWJK_3945-7893-4457-8405,1,0,0,0,0,0,0,0,0
TA2PVBWJK_3945-7381-4457-7893,1,0,0,0,0,0,0,0,0
TA2PVBWJK_3945-6869-4457-7381,1,0,0,0,0,0,0,0,0
TA2PVBWJK_3979-3117-4491-3629,1,0,0,0,0,0,0,0,0
TA2PVBWJK_4457-5333-4969-5845,1,0,0,0,0,0,0,0,0
TA2PVBWJK_4480-4497-4992-5009,1,0,0,0,0,0,0,0,0
TA2PVBWJK_4491-3117-5003-3629,1,0,0,0,0,0,0,0,0
TA2PVBWJK_4480-1425-4992-1937,1,0,0,0,0,0,0,0,0
TA2PVBWJK_4480-1937-4992-2449,1,0,0,0,0,0,0,0,0
TA2PVBWJK_4457-7893-4969-8405,1,0,0,0,0,0,0,0,0
TA2PVBWJK_4480-913-4992-1425,1,0,0,0,0,0,0,0,0
TA2PVBWJK_4491-4141-5003-4653,1,0,0,0,0,0,0,0,0
TA2PVBWJK_4491-3629-5003-4141,1,0,0,0,0,0,0,0,0
TA2PVBWJK_4992-913-5504-1425,1,0,0,0,0,0,0,0,0
TA2PVBWJK_4992-3473-5504-3985,1,0,0,0,0,0,0,0,0
TA2PVBWJK_4992-1937-5504-2449,1,0,0,0,0,0,0,0,0
TA2PVBWJK_5504-913-6016-1425,1,0,0,0,0,0,0,0,0
TA2PVBWJK_4969-7893-5481-8405,1,0,0,0,0,0,0,0,0
TA2PVBWJK_5504-2449-6016-2961,1,0,0,0,0,0,0,0,0
TA2PVBWJK_5504-3473-6016-3985,1,0,0,0,0,0,0,0,0
TA2PVBWJK_5504-3985-6016-4497,1,0,0,0,0,0,0,0,0
TA2PVBWJK_5003-4141-5515-4653,1,0,0,0,0,0,0,0,0
TA2PVBWJK_5481-7893-5993-8405,1,0,0,0,0,0,0,0,0
TA2PVBWJK_6016-913-6528-1425,1,0,0,0,0,0,0,0,0
TA2PVBWJK_6016-2449-6528-2961,1,0,0,0,0,0,0,0,0
TA2PVBWJK_6016-3985-6528-4497,1,0,0,0,0,0,0,0,0
TA2PVBWJK_5903-7309-6415-7821,1,0,0,0,0,0,0,0,0
TA2PVBWJK_5903-7821-6415-8333,1,0,0,0,0,0,0,0,0
TA2PVBWJK_5993-6869-6505-7381,1,0,0,0,0,0,0,0,0
TA2PVBWJK_6415-7309-6927-7821,1,0,0,0,0,0,0,0,0
TA2PVBWJK_6415-7821-6927-8333,1,0,0,0,0,0,0,0,0
TA2PVBWJK_6505-6869-7017-7381,1,0,0,0,0,0,0,0,0
TA2PVBWJK_6528-2449-7040-2961,1,0,0,0,0,0,0,0,0
TA2PVBWJK_6528-2961-7040-3473,1,0,0,0,0,0,0,0,0
TA2PVBWJK_6528-3985-7040-4497,1,0,0,0,0,0,0,0,0
TA2PVBWJK_7040-1425-7552-1937,1,0,0,0,0,0,0,0,0
TA2PVBWJK_7017-7381-7529-7893,1,0,0,0,0,0,0,0,0
TA2PVBWJK_6528-913-7040-1425,1,0,0,0,0,0,0,0,0
TA2PVBWJK_7017-7893-7529-8405,1,0,0,0,0,0,0,0,0
TA2PVBWJK_6528-4497-7040-5009,1,0,0,0,0,0,0,0,0
TA2PVBWJK_6961-6865-7473-7377,1,0,0,0,0,0,0,0,0
TA2PVBWJK_7473-6865-7985-7377,1,0,0,0,0,0,0,0,0
TA2PVBWJK_7040-4497-7552-5009,1,0,0,0,0,0,0,0,0
TA2PVBWJK_7529-7381-8041-7893,1,0,0,0,0,0,0,0,0
TA2PVBWJK_7529-4821-8041-5333,1,0,0,0,0,0,0,0,0
TA2PVBWJK_7040-913-7552-1425,1,0,0,0,0,0,0,0,0
TA2PVBWJK_7040-2961-7552-3473,1,0,0,0,0,0,0,0,0
TA2PVBWJK_7529-7893-8041-8405,1,0,0,0,0,0,0,0,0
TA2PVBWJK_7552-1425-8064-1937,1,0,0,0,0,0,0,0,0
TA2PVBWJK_7552-2961-8064-3473,1,0,0,0,0,0,0,0,0
TA2PVBWJK_7552-3473-8064-3985,1,0,0,0,0,0,0,0,0
TA2PVBWJK_7552-4497-8064-5009,1,0,0,0,0,0,0,0,0
TA2PVBWJK_8041-5333-8553-5845,1,0,0,0,0,0,0,0,0
TA2PVBWJK_8041-6357-8553-6869,1,0,0,0,0,0,0,0,0
TA2PVBWJK_8041-6869-8553-7381,1,0,0,0,0,0,0,0,0
TA2PVBWJK_7985-7889-8497-8401,1,0,0,0,0,0,0,0,0
TA2PVBWJK_8041-4821-8553-5333,1,0,0,0,0,0,0,0,0
TA2PVBWJK_8041-7381-8553-7893,1,0,0,0,0,0,0,0,0
TA2PVBWJK_8064-1425-8576-1937,1,0,0,0,0,0,0,0,0
TA2PVBWJK_8553-6869-9065-7381,1,0,0,0,0,0,0,0,0
TA2PVBWJK_8064-3473-8576-3985,1,0,0,0,0,0,0,0,0
TA2PVBWJK_8553-5845-9065-6357,1,0,0,0,0,0,0,0,0
TA2PVBWJK_8553-5333-9065-5845,1,0,0,0,0,0,0,0,0
TA2PVBWJK_8553-6357-9065-6869,1,0,0,0,0,0,0,0,0
TA2PVBWJK_8553-3797-9065-4309,1,0,0,0,0,0,0,0,0
TA2PVBWJK_8553-7381-9065-7893,1,0,0,0,0,0,0,0,0
TA2PVBWJK_8576-1937-9088-2449,1,0,0,0,0,0,0,0,0
TA2PVBWJK_9009-6865-9521-7377,1,0,0,0,0,0,0,0,0
TA2PVBWJK_8764-7032-9276-7544,1,0,0,0,0,0,0,0,0
TA2PVBWJK_8553-7893-9065-8405,1,0,0,0,0,0,0,0,0
TA2PVBWJK_8576-2449-9088-2961,1,0,0,0,0,0,0,0,0
TA2PVBWJK_8576-3473-9088-3985,1,0,0,0,0,0,0,0,0
TA2PVBWJK_9065-5333-9577-5845,1,0,0,0,0,0,0,0,0
TA2PVBWJK_9065-3797-9577-4309,1,0,0,0,0,0,0,0,0
TA2PVBWJK_8764-7544-9276-8056,1,0,0,0,0,0,0,0,0
TA2PVBWJK_9065-5845-9577-6357,1,0,0,0,0,0,0,0,0
TA2PVBWJK_9065-6357-9577-6869,1,0,0,0,0,0,0,0,0
TA2PVBWJK_9276-7032-9788-7544,1,0,0,0,0,0,0,0,0
TA2PVBWJK_9577-4309-10089-4821,1,0,0,0,0,0,0,0,0
TA2PVBWJK_9088-2961-9600-3473,1,0,0,0,0,0,0,0,0
TA2PVBWJK_9088-2449-9600-2961,1,0,0,0,0,0,0,0,0
TA2PVBWJK_9065-7893-9577-8405,1,0,0,0,0,0,0,0,0
TA2PVBWJK_9276-7544-9788-8056,1,0,0,0,0,0,0,0,0
TA2PVBWJK_9577-5845-10089-6357,1,0,0,0,0,0,0,0,0
TA2PVBWJK_9600-3985-10112-4497,1,0,0,0,0,0,0,0,0
TA2PVBWJK_9577-6869-10089-7381,1,0,0,0,0,0,0,0,0
TA2PVBWJK_9788-7032-10300-7544,1,0,0,0,0,0,0,0,0
TAMTWYYDA_1011-8278-1523-8790,0,0,0,0,0,1,0,0,0
TAMTWYYDA_10082-8375-10594-8887,0,0,0,0,1,0,0,0,0
TA2PVBWJK_9600-2961-10112-3473,1,0,0,0,0,0,0,0,0
TA2PVBWJK_9788-7544-10300-8056,1,0,0,0,0,0,0,0,0
TA2PVBWJK_9577-7381-10089-7893,1,0,0,0,0,0,0,0,0
TA2PVBWJK_9577-7893-10089-8405,1,0,0,0,0,0,0,0,0
TA2PVBWJK_9788-8056-10300-8568,1,0,0,0,0,0,0,0,0
TAMTWYYDA_1070-3954-1582-4466,0,0,0,0,0,1,0,0,0
TAMTWYYDA_10594-8375-11106-8887,0,0,0,0,1,0,0,0,0
TAMTWYYDA_10171-703-10683-1215,0,0,0,0,1,0,0,0,0
TAMTWYYDA_10641-686-11153-1198,0,0,0,0,1,0,0,0,0
TAMTWYYDA_1070-2930-1582-3442,0,0,0,0,0,1,0,0,0
TAMTWYYDA_11073-8374-11585-8886,0,0,0,0,1,0,0,0,0
TAMTWYYDA_1070-3442-1582-3954,0,0,0,0,0,1,0,0,0
TAMTWYYDA_12057-8383-12569-8895,0,0,0,0,1,0,0,0,0
TAMTWYYDA_1151-8034-1663-8546,0,0,0,0,0,1,0,0,0
TAMTWYYDA_11585-8374-12097-8886,0,0,0,0,1,0,0,0,0
TAMTWYYDA_11153-686-11665-1198,0,0,0,0,1,0,0,0,0
TAMTWYYDA_12568-5991-13080-6503,0,0,1,0,0,1,0,0,0
TAMTWYYDA_12568-7015-13080-7527,0,0,1,0,0,1,0,0,0
TAMTWYYDA_1157-7756-1669-8268,0,0,0,0,0,1,0,0,0
TAMTWYYDA_12568-6503-13080-7015,0,0,1,0,0,1,0,0,0
TAMTWYYDA_1157-7244-1669-7756,0,0,0,0,0,1,0,0,0
TAMTWYYDA_12569-8383-13081-8895,0,0,0,0,1,1,0,0,0
TAMTWYYDA_13521-8377-14033-8889,0,0,0,0,1,0,0,0,0
TAMTWYYDA_13227-8341-13739-8853,0,0,0,0,1,0,0,0,0
TAMTWYYDA_12792-8272-13304-8784,0,0,0,0,1,1,0,0,0
TAMTWYYDA_14067-4711-14579-5223,0,0,0,0,1,1,0,0,0
TAMTWYYDA_14033-8377-14545-8889,0,0,0,0,1,1,0,0,0
TAMTWYYDA_14284-8234-14796-8746,0,0,0,0,1,1,0,0,0
TAMTWYYDA_14554-4817-15066-5329,0,0,0,0,1,0,0,0,0
TAMTWYYDA_14501-8386-15013-8898,0,0,0,0,1,1,0,0,0
TAMTWYYDA_1492-689-2004-1201,0,0,0,0,0,1,0,0,0
TAMTWYYDA_15767-4836-16279-5348,0,0,0,0,1,0,0,0,0
TAMTWYYDA_15255-4836-15767-5348,0,0,0,0,1,0,0,0,0
TAMTWYYDA_15480-8371-15992-8883,0,0,0,0,1,1,0,0,0
TAMTWYYDA_15730-8246-16242-8758,0,0,0,0,1,1,0,0,0
TAMTWYYDA_16472-4836-16984-5348,0,0,0,0,1,1,0,0,0
TAMTWYYDA_15013-8386-15525-8898,0,0,0,0,1,1,0,0,0
TAMTWYYDA_15992-8371-16504-8883,0,0,0,0,1,1,0,0,0
TAMTWYYDA_1764-8383-2276-8895,0,0,0,0,1,0,0,0,0
TAMTWYYDA_15277-8237-15789-8749,0,0,0,0,1,1,0,0,0
TAMTWYYDA_3181-710-3693-1222,0,0,0,0,1,0,0,0,0
TAMTWYYDA_2004-689-2516-1201,0,0,0,0,1,1,0,0,0
TAMTWYYDA_2276-8383-2788-8895,0,0,0,0,1,0,0,0,0
TAMTWYYDA_2766-8386-3278-8898,0,0,0,0,1,0,0,0,0
TAMTWYYDA_2516-689-3028-1201,0,0,0,0,1,1,0,0,0
TAMTWYYDA_3758-8366-4270-8878,0,0,0,0,1,0,0,0,0
TAMTWYYDA_3693-710-4205-1222,0,0,0,0,1,0,0,0,0
TAMTWYYDA_3278-8386-3790-8898,0,0,0,0,1,0,0,0,0
TAMTWYYDA_4270-8366-4782-8878,0,0,0,0,1,0,0,0,0
TAMTWYYDA_4696-727-5208-1239,0,0,0,0,1,0,0,0,1
TAMTWYYDA_5190-713-5702-1225,0,0,0,0,1,0,0,0,1
TAMTWYYDA_4184-727-4696-1239,0,0,0,0,1,0,0,0,1
TAMTWYYDA_4439-810-4951-1322,0,0,0,0,1,0,0,0,1
TAMTWYYDA_4749-8351-5261-8863,0,0,0,0,1,0,0,0,1
TAMTWYYDA_5441-803-5953-1315,0,0,0,0,1,0,0,0,1
TAMTWYYDA_5261-8351-5773-8863,0,0,0,0,1,0,0,0,1
TAMTWYYDA_5702-713-6214-1225,0,0,0,0,1,0,0,0,1
TAMTWYYDA_4944-806-5456-1318,0,0,0,0,1,0,0,0,1
TAMTWYYDA_5944-803-6456-1315,0,0,0,0,1,0,0,0,1
TAMTWYYDA_5994-8256-6506-8768,0,0,0,0,1,1,0,0,1
TAMTWYYDA_6435-802-6947-1314,0,0,0,0,1,0,0,0,1
TAMTWYYDA_6373-8370-6885-8882,0,0,0,0,1,1,0,0,1
TAMTWYYDA_6667-704-7179-1216,0,0,0,0,1,0,0,0,1
TAMTWYYDA_6974-8253-7486-8765,0,0,0,0,1,1,0,0,1
TAMTWYYDA_6932-799-7444-1311,0,0,0,0,1,0,0,0,1
TAMTWYYDA_6719-8442-7231-8954,0,0,0,0,1,1,0,0,1
TAMTWYYDA_8667-8380-9179-8892,0,0,0,0,1,0,0,0,0
TAMTWYYDA_8155-8380-8667-8892,0,0,0,0,1,0,0,0,0
TAMTWYYDA_9180-719-9692-1231,0,0,0,0,1,0,0,0,0
TAMTWYYDA_8180-698-8692-1210,0,0,0,0,1,0,0,0,0
TAMTWYYDA_7231-8442-7743-8954,0,0,1,0,1,1,0,0,0
TAMTWYYDA_9131-8373-9643-8885,0,0,0,0,1,0,0,0,0
TAMTWYYDA_8696-815-9208-1327,0,0,0,0,1,1,0,0,0
TAMTWYYDA_7743-8442-8255-8954,0,0,1,0,1,1,0,0,0
TAMTWYYDA_7668-698-8180-1210,0,0,0,0,1,1,0,0,0
TAMTWYYDA_9643-8373-10155-8885,0,0,0,0,1,0,0,0,0
TBXN6DRN9_10025-6018-10537-6530,1,0,0,0,0,0,0,0,0
TBXN6DRN9_10259-3121-10771-3633,1,0,0,0,0,0,0,0,0
TBXN6DRN9_10202-5364-10714-5876,1,0,0,0,0,0,0,0,0
TBXN6DRN9_10025-6360-10537-6872,1,0,0,0,0,0,0,0,0
TAMTWYYDA_9659-703-10171-1215,0,0,0,0,1,0,0,0,0
TAMTWYYDA_980-689-1492-1201,0,0,1,0,0,1,0,0,0
TBXN6DRN9_10217-4795-10729-5307,1,0,0,0,0,0,0,0,0
TBXN6DRN9_10203-6728-10715-7240,1,0,0,0,0,0,0,0,0
TBXN6DRN9_10283-4506-10795-5018,1,0,0,0,0,0,0,0,0
TBXN6DRN9_10588-6666-11100-7178,1,0,0,0,0,0,0,0,0
TBXN6DRN9_10259-3633-10771-4145,1,0,0,0,0,0,0,0,0
TBXN6DRN9_10729-4795-11241-5307,1,0,0,0,0,0,0,0,0
TBXN6DRN9_10684-5778-11196-6290,1,0,0,0,0,0,0,0,0
TBXN6DRN9_10537-6360-11049-6872,1,0,0,0,0,0,0,0,0
TBXN6DRN9_10537-6018-11049-6530,1,0,0,0,0,0,0,0,0
TBXN6DRN9_10693-5136-11205-5648,1,0,0,0,0,0,0,0,0
TBXN6DRN9_10771-3121-11283-3633,1,0,0,0,0,0,0,0,0
TBXN6DRN9_10771-3633-11283-4145,1,0,0,0,0,0,0,0,0
TBXN6DRN9_10835-5985-11347-6497,1,0,0,0,0,0,0,0,0
TBXN6DRN9_10844-5360-11356-5872,1,0,0,0,0,0,0,0,0
TBXN6DRN9_10795-4506-11307-5018,1,0,0,0,0,0,0,0,0
TBXN6DRN9_11283-3121-11795-3633,1,0,0,0,0,0,0,0,0
TBXN6DRN9_11100-6666-11612-7178,1,0,0,0,0,0,0,0,0
TBXN6DRN9_11205-5136-11717-5648,1,0,0,0,0,0,0,0,0
TBXN6DRN9_11196-5778-11708-6290,1,0,0,0,0,0,0,0,0
TBXN6DRN9_11049-6360-11561-6872,1,0,0,0,0,0,0,0,0
TBXN6DRN9_11356-5360-11868-5872,1,0,0,0,0,0,0,0,0
TBXN6DRN9_11347-5985-11859-6497,1,0,0,0,0,0,0,0,0
TBXN6DRN9_11339-4257-11851-4769,1,0,0,0,0,0,0,0,0
TBXN6DRN9_11438-4488-11950-5000,1,0,0,0,0,0,0,0,0
TBXN6DRN9_11283-3633-11795-4145,1,0,0,0,0,0,0,0,0
TBXN6DRN9_11708-5778-12220-6290,1,0,0,0,0,0,0,0,0
TBXN6DRN9_11612-6666-12124-7178,1,0,0,0,0,0,0,0,0
TBXN6DRN9_11795-3121-12307-3633,1,0,0,0,0,0,0,0,0
TBXN6DRN9_11561-6360-12073-6872,1,0,0,0,0,0,0,0,0
TBXN6DRN9_11795-3633-12307-4145,1,0,0,0,0,0,0,0,0
TBXN6DRN9_11803-4975-12315-5487,1,0,0,0,0,0,0,0,0
TBXN6DRN9_11859-5985-12371-6497,1,0,0,0,0,0,0,0,0
TBXN6DRN9_11803-4463-12315-4975,1,0,0,0,0,0,0,0,0
TBXN6DRN9_12401-7127-12913-7639,1,0,0,0,0,0,0,0,0
TBXN6DRN9_12220-5778-12732-6290,1,0,0,0,0,0,0,0,0
TBXN6DRN9_11868-5360-12380-5872,1,0,0,0,0,0,0,0,0
TBXN6DRN9_13044-4488-13556-5000,1,0,0,0,0,0,0,0,0
TBXN6DRN9_13293-5381-13805-5893,1,0,0,0,0,0,0,0,0
TBXN6DRN9_13539-4657-14051-5169,1,0,0,0,0,0,0,0,0
TBXN6DRN9_13805-5381-14317-5893,1,0,0,0,0,0,0,0,0
TBXN6DRN9_13869-4958-14381-5470,1,0,0,0,0,0,0,0,0
TBXN6DRN9_14195-5632-14707-6144,1,0,0,0,0,0,0,0,0
TBXN6DRN9_13683-5632-14195-6144,1,0,0,0,0,0,0,0,0
TBXN6DRN9_13357-4958-13869-5470,1,0,0,0,0,0,0,0,0
TBXN6DRN9_14381-4958-14893-5470,1,0,0,0,0,0,0,0,0
TBXN6DRN9_14317-5381-14829-5893,1,0,0,0,0,0,0,0,0
TBXN6DRN9_2173-1945-2685-2457,1,0,0,0,0,0,0,0,0
TBXN6DRN9_2896-2431-3408-2943,1,0,0,0,0,0,0,0,0
TBXN6DRN9_2173-2457-2685-2969,1,0,0,0,0,0,0,0,0
TBXN6DRN9_3574-4552-4086-5064,1,0,0,0,0,0,0,0,0
TBXN6DRN9_2896-1919-3408-2431,1,0,0,0,0,0,0,0,0
TBXN6DRN9_2896-1407-3408-1919,1,0,0,0,0,0,0,0,0
TBXN6DRN9_4003-1320-4515-1832,1,0,0,0,0,0,0,0,0
TBXN6DRN9_2173-2969-2685-3481,1,0,0,0,0,0,0,0,0
TBXN6DRN9_4003-1832-4515-2344,1,0,0,0,0,0,0,0,0
TBXN6DRN9_4003-2344-4515-2856,1,0,0,0,0,0,0,0,0
TBXN6DRN9_4003-4392-4515-4904,1,0,0,0,0,0,0,0,0
TBXN6DRN9_4003-4904-4515-5416,1,0,0,0,0,0,0,0,0
TBXN6DRN9_4003-3368-4515-3880,1,0,0,0,0,0,0,0,0
TBXN6DRN9_4003-3880-4515-4392,1,0,0,0,0,0,0,0,0
TBXN6DRN9_4003-2856-4515-3368,1,0,0,0,0,0,0,0,0
TBXN6DRN9_4003-5416-4515-5928,1,0,0,0,0,0,0,0,0
TBXN6DRN9_4003-808-4515-1320,1,0,0,0,0,0,0,0,0
TBXN6DRN9_4286-1511-4798-2023,1,0,0,0,0,0,0,0,0
TBXN6DRN9_4286-2023-4798-2535,1,0,0,0,0,0,0,0,0
TBXN6DRN9_4286-3559-4798-4071,1,0,0,0,0,0,0,0,0
TBXN6DRN9_4286-2535-4798-3047,1,0,0,0,0,0,0,0,0
TBXN6DRN9_4286-4583-4798-5095,1,0,0,0,0,0,0,0,0
TBXN6DRN9_4286-3047-4798-3559,1,0,0,0,0,0,0,0,0
TBXN6DRN9_4286-5095-4798-5607,1,0,0,0,0,0,0,0,0
TBXN6DRN9_4286-4071-4798-4583,1,0,0,0,0,0,0,0,0
TBXN6DRN9_4286-999-4798-1511,1,0,0,0,0,0,0,0,0
TBXN6DRN9_4473-1245-4985-1757,1,0,0,0,0,0,0,0,0
TBXN6DRN9_4473-1757-4985-2269,1,0,0,0,0,0,0,0,0
TBXN6DRN9_4473-4317-4985-4829,1,0,0,0,0,0,0,0,0
TBXN6DRN9_4473-2781-4985-3293,1,0,0,0,0,0,0,0,0
TBXN6DRN9_4473-3805-4985-4317,1,0,0,0,0,0,0,0,0
TBXN6DRN9_4473-2269-4985-2781,1,0,0,0,0,0,0,0,0
TBXN6DRN9_4473-3293-4985-3805,1,0,0,0,0,0,0,0,0
TBXN6DRN9_4473-4829-4985-5341,1,0,0,0,0,0,0,0,0
TBXN6DRN9_4473-733-4985-1245,1,0,0,0,0,0,0,0,0
TBXN6DRN9_4473-5341-4985-5853,1,0,0,0,0,0,0,0,0
TBXN6DRN9_4716-11368-5228-11880,1,0,0,0,0,0,0,0,0
TBXN6DRN9_4716-10344-5228-10856,1,0,0,0,0,0,0,0,0
TBXN6DRN9_4716-9320-5228-9832,1,0,0,0,0,0,0,0,0
TBXN6DRN9_4716-8808-5228-9320,1,0,0,0,0,0,0,0,0
TBXN6DRN9_4716-8296-5228-8808,1,0,0,0,0,0,0,0,0
TBXN6DRN9_4716-9832-5228-10344,1,0,0,0,0,0,0,0,0
TBXN6DRN9_4716-10856-5228-11368,1,0,0,0,0,0,0,0,0
TBXN6DRN9_4985-1245-5497-1757,1,0,0,0,0,0,0,0,0
TBXN6DRN9_4985-1757-5497-2269,1,0,0,0,0,0,0,0,0
TBXN6DRN9_4985-2269-5497-2781,1,0,0,0,0,0,0,0,0
TBXN6DRN9_4985-3293-5497-3805,1,0,0,0,0,0,0,0,0
TBXN6DRN9_4985-2781-5497-3293,1,0,0,0,0,0,0,0,0
TBXN6DRN9_4985-3805-5497-4317,1,0,0,0,0,0,0,0,0
TBXN6DRN9_4985-5341-5497-5853,1,0,0,0,0,0,0,0,0
TBXN6DRN9_4985-4317-5497-4829,1,0,0,0,0,0,0,0,0
TBXN6DRN9_4985-4829-5497-5341,1,0,0,0,0,0,0,0,0
TBXN6DRN9_4985-733-5497-1245,1,0,0,0,0,0,0,0,0
TBXN6DRN9_5065-2017-5577-2529,1,0,0,0,0,0,0,0,0
TBXN6DRN9_5065-2529-5577-3041,1,0,0,0,0,0,0,0,0
TBXN6DRN9_5065-4065-5577-4577,1,0,0,0,0,0,0,0,0
TBXN6DRN9_5065-5089-5577-5601,1,0,0,0,0,0,0,0,0
TBXN6DRN9_5065-1505-5577-2017,1,0,0,0,0,0,0,0,0
TBXN6DRN9_5065-4577-5577-5089,1,0,0,0,0,0,0,0,0
TBXN6DRN9_5065-3041-5577-3553,1,0,0,0,0,0,0,0,0
TBXN6DRN9_5065-993-5577-1505,1,0,0,0,0,0,0,0,0
TBXN6DRN9_5065-3553-5577-4065,1,0,0,0,0,0,0,0,0
TBXN6DRN9_5228-10344-5740-10856,1,0,0,0,0,0,0,0,0
TBXN6DRN9_5228-7272-5740-7784,1,0,0,0,0,0,0,0,0
TBXN6DRN9_5228-9832-5740-10344,1,0,0,0,0,0,0,0,0
TBXN6DRN9_5228-7784-5740-8296,1,0,0,0,0,0,0,0,0
TBXN6DRN9_5228-8296-5740-8808,1,0,0,0,0,0,0,0,0
TBXN6DRN9_5228-8808-5740-9320,1,0,0,0,0,0,0,0,0
TBXN6DRN9_5577-1505-6089-2017,1,0,0,0,0,0,0,0,0
TBXN6DRN9_5228-9320-5740-9832,1,0,0,0,0,0,0,0,0
TBXN6DRN9_5577-2529-6089-3041,1,0,0,0,0,0,0,0,0
TBXN6DRN9_5577-2017-6089-2529,1,0,0,0,0,0,0,0,0
TBXN6DRN9_5577-3041-6089-3553,1,0,0,0,0,0,0,0,0
TBXN6DRN9_5577-993-6089-1505,1,0,0,0,0,0,0,0,0
TBXN6DRN9_5577-5089-6089-5601,1,0,0,0,0,0,0,0,0
TBXN6DRN9_5577-4577-6089-5089,1,0,0,0,0,0,0,0,0
TBXN6DRN9_5648-1256-6160-1768,1,0,0,0,0,0,0,0,0
TBXN6DRN9_5577-3553-6089-4065,1,0,0,0,0,0,0,0,0
TBXN6DRN9_5577-4065-6089-4577,1,0,0,0,0,0,0,0,0
TBXN6DRN9_5648-1768-6160-2280,1,0,0,0,0,0,0,0,0
TBXN6DRN9_5648-2280-6160-2792,1,0,0,0,0,0,0,0,0
TBXN6DRN9_5648-4328-6160-4840,1,0,0,0,0,0,0,0,0
TBXN6DRN9_5648-2792-6160-3304,1,0,0,0,0,0,0,0,0
TBXN6DRN9_5740-6760-6252-7272,1,0,0,0,0,0,0,0,0
TBXN6DRN9_5648-3304-6160-3816,1,0,0,0,0,0,0,0,0
TBXN6DRN9_5648-3816-6160-4328,1,0,0,0,0,0,0,0,0
TBXN6DRN9_5740-7784-6252-8296,1,0,0,0,0,0,0,0,0
TBXN6DRN9_5740-7272-6252-7784,1,0,0,0,0,0,0,0,0
TBXN6DRN9_6160-1768-6672-2280,1,0,0,0,0,0,0,0,0
TBXN6DRN9_6160-1256-6672-1768,1,0,0,0,0,0,0,0,0
TBXN6DRN9_5740-8296-6252-8808,1,0,0,0,0,0,0,0,0
TBXN6DRN9_6160-3304-6672-3816,1,0,0,0,0,0,0,0,0
TBXN6DRN9_6160-2280-6672-2792,1,0,0,0,0,0,0,0,0
TBXN6DRN9_6160-3816-6672-4328,1,0,0,0,0,0,0,0,0
TBXN6DRN9_6160-4328-6672-4840,1,0,0,0,0,0,0,0,0
TBXN6DRN9_6160-2792-6672-3304,1,0,0,0,0,0,0,0,0
TBXN6DRN9_6252-6760-6764-7272,1,0,0,0,0,0,0,0,0
TBXN6DRN9_6252-7272-6764-7784,1,0,0,0,0,0,0,0,0
TBXN6DRN9_6379-1521-6891-2033,1,0,0,0,0,0,0,0,0
TBXN6DRN9_6379-3057-6891-3569,1,0,0,0,0,0,0,0,0
TBXN6DRN9_6379-3569-6891-4081,1,0,0,0,0,0,0,0,0
TBXN6DRN9_6626-2086-7138-2598,1,0,0,0,0,0,0,0,0
TBXN6DRN9_6379-4081-6891-4593,1,0,0,0,0,0,0,0,0
TBXN6DRN9_6626-2598-7138-3110,1,0,0,0,0,0,0,0,0
TBXN6DRN9_6944-2412-7456-2924,1,0,0,0,0,0,0,0,0
TBXN6DRN9_6944-1900-7456-2412,1,0,0,0,0,0,0,0,0
TBXN6DRN9_6944-3948-7456-4460,1,0,0,0,0,0,0,0,0
TBXN6DRN9_6944-3436-7456-3948,1,0,0,0,0,0,0,0,0
TBXN6DRN9_7779-3082-8291-3594,1,0,0,0,0,0,0,0,0
TBXN6DRN9_7779-2058-8291-2570,1,0,0,0,0,0,0,0,0
TBXN6DRN9_6944-2924-7456-3436,1,0,0,0,0,0,0,0,0
TBXN6DRN9_7779-2570-8291-3082,1,0,0,0,0,0,0,0,0
TBXN6DRN9_7795-3400-8307-3912,1,0,0,0,0,0,0,0,0
TBXN6DRN9_8095-3841-8607-4353,1,0,0,0,0,0,0,0,0
TBXN6DRN9_7795-3912-8307-4424,1,0,0,0,0,0,0,0,0
TBXN6DRN9_8139-2083-8651-2595,1,0,0,0,0,0,0,0,0
TBXN6DRN9_8661-2526-9173-3038,1,0,0,0,0,0,0,0,0
TBXN6DRN9_8139-3107-8651-3619,1,0,0,0,0,0,0,0,0
TBXN6DRN9_8364-7819-8876-8331,1,0,0,0,0,0,0,0,0
TBXN6DRN9_8392-3666-8904-4178,1,0,0,0,0,0,0,0,0
TBXN6DRN9_8139-2595-8651-3107,1,0,0,0,0,0,0,0,0
TBXN6DRN9_8689-4023-9201-4535,1,0,0,0,0,0,0,0,0
TBXN6DRN9_8661-3038-9173-3550,1,0,0,0,0,0,0,0,0
TBXN6DRN9_8689-3511-9201-4023,1,0,0,0,0,0,0,0,0
TBXN6DRN9_8971-7243-9483-7755,1,0,0,0,0,0,0,0,0
TBXN6DRN9_8971-7755-9483-8267,1,0,0,0,0,0,0,0,0
TBXN6DRN9_8970-3678-9482-4190,1,0,0,0,0,0,0,0,0
TBXN6DRN9_9173-2526-9685-3038,1,0,0,0,0,0,0,0,0
TBXN6DRN9_8708-7845-9220-8357,1,0,0,0,0,0,0,0,0
TBXN6DRN9_9173-3038-9685-3550,1,0,0,0,0,0,0,0,0
TBXN6DRN9_9690-5364-10202-5876,1,0,0,0,0,0,0,0,0
TBXN6DRN9_9705-4795-10217-5307,1,0,0,0,0,0,0,0,0
TBXN6DRN9_9747-3121-10259-3633,1,0,0,0,0,0,0,0,0
TBXN6DRN9_9747-3633-10259-4145,1,0,0,0,0,0,0,0,0
TBXN6DRN9_9771-4506-10283-5018,1,0,0,0,0,0,0,0,0
TBXN6DRN9_9859-5596-10371-6108,1,0,0,0,0,0,0,0,0
TCF6ERQUB_1033-888-1545-1400,0,0,0,0,0,1,0,0,1
TCF6ERQUB_1136-3335-1648-3847,0,0,0,0,1,1,0,0,0
TBZRTGK1P_692-3554-1204-4066,0,0,0,1,0,0,0,0,0
TCF6ERQUB_1140-3644-1652-4156,0,0,0,0,1,1,0,0,0
TCF6ERQUB_1421-9052-1933-9564,0,0,0,0,1,1,0,0,0
TCF6ERQUB_1129-8928-1641-9440,0,0,0,0,1,1,0,0,0
TCF6ERQUB_1630-1123-2142-1635,0,0,1,0,0,1,0,0,0
TCF6ERQUB_1638-3323-2150-3835,0,0,0,0,1,0,0,0,0
TCF6ERQUB_1545-888-2057-1400,0,0,1,0,0,1,0,0,1
TCF6ERQUB_1790-8955-2302-9467,0,0,0,0,1,0,0,0,0
TCF6ERQUB_2060-1613-2572-2125,0,0,0,0,0,1,0,0,0
TCF6ERQUB_1990-743-2502-1255,0,0,0,0,1,1,0,0,1
TCF6ERQUB_2157-1867-2669-2379,0,0,0,0,0,1,0,0,0
TCF6ERQUB_2157-2379-2669-2891,0,0,0,0,0,1,0,0,0
TCF6ERQUB_2157-2891-2669-3403,0,0,0,0,0,1,0,0,0
TCF6ERQUB_2302-8955-2814-9467,0,0,0,0,1,0,0,0,0
TCF6ERQUB_2195-3203-2707-3715,0,0,0,0,0,1,0,0,0
TCF6ERQUB_2291-1389-2803-1901,0,0,0,0,0,1,0,0,0
TCF6ERQUB_2232-816-2744-1328,0,0,0,0,1,1,0,0,1
TCF6ERQUB_2744-816-3256-1328,0,0,0,0,1,0,0,0,0
TCF6ERQUB_2375-7099-2887-7611,0,0,0,0,1,0,0,0,1
TCF6ERQUB_2791-3996-3303-4508,0,0,0,0,0,0,0,0,1
TCF6ERQUB_2827-8972-3339-9484,0,0,0,0,1,0,0,0,0
TCF6ERQUB_2413-3347-2925-3859,0,0,0,0,0,1,0,0,0
TCF6ERQUB_4400-9003-4912-9515,0,0,0,0,1,0,0,0,0
TCF6ERQUB_3339-8972-3851-9484,0,0,0,0,1,0,0,0,0
TCF6ERQUB_3675-753-4187-1265,0,0,0,0,1,0,0,0,0
TCF6ERQUB_3159-777-3671-1289,0,0,0,0,1,0,0,0,0
TCF6ERQUB_3888-9003-4400-9515,0,0,0,0,1,0,0,0,0
TCF6ERQUB_4177-748-4689-1260,0,0,0,0,1,1,0,0,0
TCF6ERQUB_4944-8947-5456-9459,0,0,0,0,1,0,0,0,0
TCF6ERQUB_4689-748-5201-1260,0,0,0,0,1,1,0,0,0
TCF6ERQUB_5201-748-5713-1260,0,0,0,0,1,1,0,0,1
TCF6ERQUB_5456-8947-5968-9459,0,0,0,0,1,0,0,0,0
TCF6ERQUB_5560-757-6072-1269,0,0,0,0,1,0,0,0,1
TCF6ERQUB_5885-2190-6397-2702,0,0,0,0,0,1,0,0,0
TCF6ERQUB_5885-1678-6397-2190,0,0,0,0,0,1,0,0,0
TCF6ERQUB_6004-4600-6516-5112,0,0,0,0,0,1,0,0,0
TCF6ERQUB_6053-6506-6565-7018,0,0,0,0,0,1,0,0,0
TCF6ERQUB_5961-8242-6473-8754,0,0,0,0,0,1,0,0,0
TCF6ERQUB_6004-5112-6516-5624,0,0,0,0,0,1,0,0,0
TCF6ERQUB_6041-6019-6553-6531,0,0,0,0,0,1,0,0,0
TCF6ERQUB_6073-8936-6585-9448,0,0,0,0,0,1,0,0,0
TCF6ERQUB_739-1040-1251-1552,0,0,0,0,0,1,0,0,0
TCF6ERQUB_6248-9146-6760-9658,0,0,0,0,0,1,0,0,0
TCF6ERQUB_6072-757-6584-1269,0,0,0,0,1,1,0,0,1
TCF6ERQUB_759-5571-1271-6083,0,0,0,0,1,1,0,0,1
TCF6ERQUB_783-6022-1295-6534,0,0,0,0,1,0,0,0,1
TCF6ERQUB_855-647-1367-1159,0,0,0,0,0,1,0,0,1
TCF6ERQUB_919-5809-1431-6321,0,0,0,0,1,1,0,0,1
TCF6ERQUB_995-5391-1507-5903,0,0,0,0,0,1,0,0,1
TD62ZP6DW_4285-2535-4797-3047,0,0,0,0,0,0,0,0,1
TD62ZP6DW_4297-2944-4809-3456,0,0,0,0,0,0,0,0,1
TD62ZP6DW_4283-1078-4795-1590,0,0,0,0,0,0,0,0,1
TD62ZP6DW_4316-4266-4828-4778,0,0,0,0,0,0,0,0,1
TD62ZP6DW_4315-5924-4827-6436,0,0,0,0,0,0,0,0,1
TD62ZP6DW_4302-3850-4814-4362,0,0,0,0,0,0,0,0,1
TD62ZP6DW_4290-2210-4802-2722,0,0,0,0,0,0,0,0,1
TD62ZP6DW_4296-3485-4808-3997,0,0,0,0,0,0,0,0,1
TD62ZP6DW_4319-5364-4831-5876,0,0,0,0,0,0,0,0,1
TD62ZP6DW_682-1936-1194-2448,0,0,0,0,0,0,0,0,1
TD62ZP6DW_680-3751-1192-4263,0,0,0,0,0,0,0,0,1
TD62ZP6DW_677-1568-1189-2080,0,0,0,0,0,0,0,0,1
TD62ZP6DW_4322-5064-4834-5576,0,0,0,0,0,0,0,0,1
TDA4CNI28_3424-561-3936-1073,0,0,1,0,0,0,0,0,0
TDA4CNI28_714-786-1226-1298,0,0,1,0,0,0,0,0,0
TDA4CNI28_728-4310-1240-4822,0,0,1,0,0,0,0,0,0
TDA4CNI28_830-5812-1342-6324,0,0,1,0,0,0,0,0,0
TDA4CNI28_887-8414-1399-8926,0,0,1,0,0,0,0,0,0
TDXCEL2C8_1473-511-1985-1023,0,0,0,0,0,0,0,0,1
TEBAFAWB3_9157-9485-9669-9997,0,0,0,0,0,0,0,0,1
TDKWBLTCK_2083-4226-2595-4738,0,0,0,1,0,0,0,0,0
TDKWBLTCK_2083-3714-2595-4226,0,0,0,1,0,0,0,0,0
TDKWBLTCK_1571-3714-2083-4226,0,0,0,1,0,0,0,0,0
TEBAFAWB3_9535-9547-10047-10059,0,0,0,0,0,0,0,0,1
TEBAFAWB3_5479-2259-5991-2771,0,0,0,0,0,0,0,0,1
TEP7KYICA_10435-1230-10947-1742,0,0,0,0,0,0,0,1,0
TEQXV67LZ_2061-1989-2573-2501,0,0,0,0,0,0,0,0,1
TEP7KYICA_11386-937-11898-1449,0,0,0,0,0,0,0,1,0
TEQXV67LZ_2024-559-2536-1071,0,0,0,0,0,1,0,0,0
TEP7KYICA_10614-924-11126-1436,0,0,0,0,0,0,0,1,0
TEP7KYICA_11544-648-12056-1160,0,0,0,0,0,0,0,1,0
TEQXV67LZ_3183-2120-3695-2632,0,0,0,0,0,0,0,0,1
TEQXV67LZ_3225-2444-3737-2956,0,0,0,0,0,1,0,0,1
TEQXV67LZ_3364-5078-3876-5590,0,0,0,0,0,1,0,0,1
TEQXV67LZ_3209-1005-3721-1517,0,0,0,0,0,1,0,0,1
TEX1M72QQ_10171-883-10683-1395,0,0,1,0,0,1,0,0,0
TEX1M72QQ_10155-2777-10667-3289,0,0,1,0,0,0,0,0,0
TEX1M72QQ_10667-1753-11179-2265,0,0,1,0,0,0,0,0,0
TEX1M72QQ_10420-4583-10932-5095,0,0,0,0,0,1,0,0,0
TEX1M72QQ_10171-1395-10683-1907,0,0,1,0,0,0,0,0,0
TEX1M72QQ_10667-2265-11179-2777,0,0,1,0,0,0,0,0,0
TEX1M72QQ_10155-2265-10667-2777,0,0,1,0,0,0,0,0,0
TEQXV67LZ_3478-2598-3990-3110,0,0,0,0,0,1,0,0,1
TEX1M72QQ_10667-1241-11179-1753,0,0,1,0,0,0,0,0,0
TEX1M72QQ_11527-1776-12039-2288,0,0,1,0,0,0,0,0,0
TEX1M72QQ_11156-4551-11668-5063,0,0,0,0,0,1,0,0,0
TEX1M72QQ_11527-1264-12039-1776,0,0,1,0,0,0,0,0,0
TEX1M72QQ_10805-4559-11317-5071,0,0,0,0,0,1,0,0,0
TEX1M72QQ_11527-752-12039-1264,0,0,1,0,0,0,0,0,0
TEX1M72QQ_11668-4551-12180-5063,0,0,0,0,0,1,0,0,0
TEX1M72QQ_12039-1776-12551-2288,0,0,1,0,0,0,0,0,0
TEX1M72QQ_12039-752-12551-1264,0,0,1,0,0,0,0,0,0
TEX1M72QQ_12204-4527-12716-5039,0,0,0,0,0,1,0,0,0
TEX1M72QQ_12551-1776-13063-2288,0,0,1,0,0,0,0,0,0
TEX1M72QQ_12551-752-13063-1264,0,0,1,0,0,0,0,0,0
TEX1M72QQ_12554-4500-13066-5012,0,0,0,0,0,1,0,0,0
TEX1M72QQ_12551-1264-13063-1776,0,0,1,0,0,0,0,0,0
TEX1M72QQ_13063-1264-13575-1776,0,0,1,0,0,0,0,0,0
TEX1M72QQ_13063-752-13575-1264,0,0,1,0,0,0,0,0,0
TEX1M72QQ_13163-4446-13675-4958,0,0,0,0,0,1,0,0,0
TEX1M72QQ_12871-4468-13383-4980,0,0,0,0,0,1,0,0,0
TEX1M72QQ_1303-419-1815-931,0,0,1,0,0,0,0,0,0
TEX1M72QQ_1373-3717-1885-4229,0,0,1,0,0,0,0,0,0
TEX1M72QQ_13480-4466-13992-4978,0,0,0,0,0,1,0,0,0
TEX1M72QQ_1373-3205-1885-3717,0,0,1,0,0,0,0,0,0
TEX1M72QQ_1331-1733-1843-2245,0,0,1,0,0,0,0,0,0
TEX1M72QQ_1331-2245-1843-2757,0,0,1,0,0,0,0,0,0
TEX1M72QQ_13813-4462-14325-4974,0,0,0,0,0,1,0,0,0
TEX1M72QQ_15155-4497-15667-5009,0,0,0,0,0,1,0,0,0
TEX1M72QQ_14325-4462-14837-4974,0,0,0,0,0,1,0,0,0
TEX1M72QQ_15960-2830-16472-3342,0,0,1,0,0,0,0,0,0
TEX1M72QQ_16472-3854-16984-4366,0,0,1,0,0,0,0,0,0
TEX1M72QQ_15960-3342-16472-3854,0,0,1,0,0,0,0,0,0
TEX1M72QQ_15960-3854-16472-4366,0,0,1,0,0,0,0,0,0
TEX1M72QQ_16472-4366-16984-4878,0,0,1,0,0,1,0,0,0
TEX1M72QQ_1815-419-2327-931,0,0,1,0,0,0,0,0,0
TEX1M72QQ_1885-3205-2397-3717,0,0,1,0,0,0,0,0,0
TEX1M72QQ_16472-2830-16984-3342,0,0,1,0,0,0,0,0,0
TEX1M72QQ_15960-4366-16472-4878,0,0,1,0,0,1,0,0,0
TEX1M72QQ_16472-3342-16984-3854,0,0,1,0,0,0,0,0,0
TEX1M72QQ_1885-4229-2397-4741,0,0,1,0,0,0,0,0,0
TEX1M72QQ_2327-419-2839-931,0,0,1,0,0,0,0,0,0
TEX1M72QQ_1996-2320-2508-2832,0,0,1,0,0,0,0,0,0
TEX1M72QQ_1996-2832-2508-3344,0,0,1,0,0,0,0,0,0
TEX1M72QQ_2397-3205-2909-3717,0,0,1,0,0,0,0,0,0
TEX1M72QQ_2508-2832-3020-3344,0,0,1,0,0,0,0,0,0
TEX1M72QQ_2508-2320-3020-2832,0,0,1,0,0,0,0,0,0
TEX1M72QQ_2397-4229-2909-4741,0,0,1,0,0,0,0,0,0
TEX1M72QQ_2839-419-3351-931,0,0,1,0,0,0,0,0,0
TEX1M72QQ_3020-2832-3532-3344,0,0,1,0,0,0,0,0,0
TEX1M72QQ_3351-419-3863-931,0,0,1,0,0,0,0,0,0
TEX1M72QQ_2909-3205-3421-3717,0,0,1,0,0,0,0,0,0
TEX1M72QQ_3020-2320-3532-2832,0,0,1,0,0,0,0,0,0
TEX1M72QQ_3421-3205-3933-3717,0,0,1,0,0,0,0,0,0
TEX1M72QQ_2909-4229-3421-4741,0,0,1,0,0,0,0,0,0
TEX1M72QQ_2909-3717-3421-4229,0,0,1,0,0,0,0,0,0
TEX1M72QQ_3863-419-4375-931,0,0,1,0,0,0,0,0,0
TEX1M72QQ_3421-3717-3933-4229,0,0,1,0,0,0,0,0,0
TEX1M72QQ_4284-2057-4796-2569,0,0,1,0,0,0,0,0,0
TEX1M72QQ_4284-2569-4796-3081,0,0,1,0,0,0,0,0,0
TEX1M72QQ_4360-3520-4872-4032,0,0,1,0,0,0,0,0,0
TEX1M72QQ_4360-4032-4872-4544,0,0,1,0,0,0,0,0,0
TEX1M72QQ_4360-4544-4872-5056,0,0,1,0,0,0,0,0,0
TEX1M72QQ_4796-1545-5308-2057,0,0,1,0,0,0,0,0,0
TEX1M72QQ_4485-3022-4997-3534,0,0,1,0,0,0,0,0,0
TEX1M72QQ_4375-419-4887-931,0,0,1,0,0,0,0,0,0
TEX1M72QQ_4887-419-5399-931,0,0,1,0,0,0,0,0,0
TEX1M72QQ_4796-2569-5308-3081,0,0,1,0,0,0,0,0,0
TEX1M72QQ_4796-2057-5308-2569,0,0,1,0,0,0,0,0,0
TEX1M72QQ_4872-4544-5384-5056,0,0,1,0,0,0,0,0,0
TEX1M72QQ_4872-3520-5384-4032,0,0,1,0,0,0,0,0,0
TEX1M72QQ_5308-2057-5820-2569,0,0,1,0,0,0,0,0,0
TEX1M72QQ_5308-1545-5820-2057,0,0,1,0,0,0,0,0,0
TEX1M72QQ_4997-3022-5509-3534,0,0,1,0,0,0,0,0,0
TEX1M72QQ_5384-4032-5896-4544,0,0,1,0,0,0,0,0,0
TEX1M72QQ_5384-3520-5896-4032,0,0,1,0,0,0,0,0,0
TEX1M72QQ_5896-4544-6408-5056,0,0,1,0,0,0,0,0,0
TEX1M72QQ_5384-4544-5896-5056,0,0,1,0,0,0,0,0,0
TEX1M72QQ_6668-1445-7180-1957,0,0,1,0,0,0,0,0,0
TEX1M72QQ_5896-4032-6408-4544,0,0,1,0,0,0,0,0,0
TEX1M72QQ_6680-3970-7192-4482,0,0,1,0,0,0,0,0,0
TEX1M72QQ_6668-933-7180-1445,0,0,1,0,0,0,0,0,0
TEX1M72QQ_6680-2946-7192-3458,0,0,1,0,0,0,0,0,0
TEX1M72QQ_6680-3458-7192-3970,0,0,1,0,0,0,0,0,0
TEX1M72QQ_7456-1895-7968-2407,0,0,1,0,0,0,0,0,0
TEX1M72QQ_6944-2407-7456-2919,0,0,1,0,0,0,0,0,0
TEX1M72QQ_6944-1895-7456-2407,0,0,1,0,0,0,0,0,0
TEX1M72QQ_7192-2946-7704-3458,0,0,1,0,0,0,0,0,0
TEX1M72QQ_7180-933-7692-1445,0,0,1,0,0,0,0,0,0
TEX1M72QQ_7180-1445-7692-1957,0,0,1,0,0,0,0,0,0
TEX1M72QQ_7692-1445-8204-1957,0,0,1,0,0,0,0,0,0
TEX1M72QQ_7456-2407-7968-2919,0,0,1,0,0,0,0,0,0
TEX1M72QQ_7192-4482-7704-4994,0,0,1,0,0,0,0,0,0
TEX1M72QQ_7692-933-8204-1445,0,0,1,0,0,0,0,0,0
TEX1M72QQ_7704-2946-8216-3458,0,0,1,0,0,0,0,0,0
TEX1M72QQ_7704-3970-8216-4482,0,0,1,0,0,0,0,0,0
TEX1M72QQ_7704-3458-8216-3970,0,0,1,0,0,0,0,0,0
TEX1M72QQ_7704-4482-8216-4994,0,0,1,0,0,1,0,0,0
TEX1M72QQ_779-3425-1291-3937,0,0,0,0,0,1,0,0,0
TEX1M72QQ_779-3937-1291-4449,0,0,0,0,0,1,0,0,0
TEX1M72QQ_791-419-1303-931,0,0,1,0,0,0,0,0,0
TEX1M72QQ_819-1733-1331-2245,0,0,1,0,0,1,0,0,0
TEX1M72QQ_8290-2997-8802-3509,0,0,1,0,0,0,0,0,0
TEX1M72QQ_8123-1395-8635-1907,0,0,1,0,0,0,0,0,0
TEX1M72QQ_8290-2485-8802-2997,0,0,1,0,0,0,0,0,0
TEX1M72QQ_819-4561-1331-5073,0,0,0,0,0,1,0,0,0
TEX1M72QQ_8386-4537-8898-5049,0,0,0,0,0,1,0,0,0
TEX1M72QQ_7956-4534-8468-5046,0,0,1,0,0,1,0,0,0
TEX1M72QQ_8123-1907-8635-2419,0,0,1,0,0,0,0,0,0
TEX1M72QQ_819-2245-1331-2757,0,0,1,0,0,1,0,0,0
TEX1M72QQ_8635-1907-9147-2419,0,0,1,0,0,0,0,0,0
TEX1M72QQ_8635-883-9147-1395,0,0,1,0,0,0,0,0,0
TEX1M72QQ_8939-4573-9451-5085,0,0,0,0,0,1,0,0,0
TEX1M72QQ_8802-2485-9314-2997,0,0,1,0,0,0,0,0,0
TEX1M72QQ_8802-2997-9314-3509,0,0,1,0,0,0,0,0,0
TEX1M72QQ_9147-1395-9659-1907,0,0,1,0,0,0,0,0,0
TEX1M72QQ_9147-1907-9659-2419,0,0,1,0,0,0,0,0,0
TEX1M72QQ_9147-883-9659-1395,0,0,1,0,0,0,0,0,0
TEX1M72QQ_9228-4556-9740-5068,0,0,0,0,0,1,0,0,0
TEX1M72QQ_9643-1753-10155-2265,0,0,1,0,0,0,0,0,0
TEX1M72QQ_9643-2265-10155-2777,0,0,1,0,0,0,0,0,0
TFEB4DIDB_1073-4194-1585-4706,0,0,0,0,0,1,0,0,0
TEX1M72QQ_9643-1241-10155-1753,0,0,1,0,0,0,0,0,0
TFEB4DIDB_1097-4703-1609-5215,0,0,0,0,0,1,0,0,1
TEX1M72QQ_9659-883-10171-1395,0,0,1,0,0,1,0,0,0
TFEB4DIDB_4344-735-4856-1247,0,0,0,0,1,0,0,0,1
TEX1M72QQ_9908-4583-10420-5095,0,0,0,0,0,1,0,0,0
TEX1M72QQ_9606-4569-10118-5081,0,0,0,0,0,1,0,0,0
TFEB4DIDB_4856-735-5368-1247,0,0,0,0,1,0,0,0,0
TFEB4DIDB_5050-1093-5562-1605,0,0,0,0,1,0,0,0,0
TFEB4DIDB_5469-4265-5981-4777,0,0,0,0,0,1,0,0,0
TFEB4DIDB_5954-1524-6466-2036,0,0,0,0,1,0,0,0,0
TFEB4DIDB_5562-1093-6074-1605,0,0,0,0,1,0,0,0,0
TFEB4DIDB_6347-1911-6859-2423,0,0,0,0,1,0,0,0,0
TFEB4DIDB_6859-1911-7371-2423,0,0,0,0,1,0,0,0,0
TFEB4DIDB_821-4725-1333-5237,0,0,0,0,0,1,0,0,1
TFHI9AI4A_478-4061-990-4573,0,0,1,0,0,0,0,0,0
TFJLUNJ3F_237-3054-749-3566,0,0,0,0,1,0,0,0,0
TFHI9AI4A_2433-1045-2945-1557,0,0,1,0,0,0,0,0,0
TFHI9AI4A_868-1783-1380-2295,0,0,1,0,0,0,0,0,0
TFJLUNJ3F_239-2725-751-3237,0,0,0,0,1,0,0,0,0
TFHI9AI4A_792-576-1304-1088,0,0,1,0,0,0,0,0,0
TFHI9AI4A_1275-5968-1787-6480,0,0,1,0,0,0,0,0,0
TFJLUNJ3F_245-1720-757-2232,0,0,0,0,1,0,0,0,0
TFJLUNJ3F_259-3394-771-3906,0,0,0,0,1,0,0,0,0
TFJLUNJ3F_255-2055-767-2567,0,0,0,0,1,0,0,0,0
TFJLUNJ3F_9259-2139-9771-2651,0,0,0,0,1,0,0,0,0
TFJLUNJ3F_9275-1485-9787-1997,0,0,0,0,1,0,0,0,0
TFJLUNJ3F_9278-2480-9790-2992,0,0,0,0,1,0,0,0,0
TFJLUNJ3F_9275-1811-9787-2323,0,0,0,0,1,0,0,0,0
TFJLUNJ3F_9283-1144-9795-1656,0,0,0,0,1,0,0,0,0
TFKQN12ER_1129-590-1641-1102,0,0,1,0,0,0,0,0,0
TFKQN12ER_1313-1503-1825-2015,0,0,1,0,0,0,0,0,0
TFKQN12ER_1396-463-1908-975,0,0,1,0,0,0,0,0,0
TFTNARC6I_10697-4168-11209-4680,1,0,0,0,0,0,0,0,0
TFKQN12ER_997-1620-1509-2132,0,0,1,0,0,0,0,0,0
TFTNARC6I_11344-2331-11856-2843,1,0,0,0,0,0,0,0,0
TFTNARC6I_11321-860-11833-1372,1,0,0,0,0,0,0,0,0
TFTNARC6I_11209-4168-11721-4680,1,0,0,0,0,0,0,0,0
TFTNARC6I_11048-2865-11560-3377,1,0,0,0,0,0,0,0,0
TFTNARC6I_11230-1096-11742-1608,1,0,0,0,0,0,0,0,0
TFKQN12ER_495-1501-1007-2013,0,0,1,0,0,0,0,0,0
TFTNARC6I_10283-4319-10795-4831,1,0,0,0,0,0,0,0,0
TFTNARC6I_6552-4385-7064-4897,1,0,0,0,0,0,0,0,0
TFTNARC6I_7064-4385-7576-4897,1,0,0,0,0,0,0,0,0
TFTNARC6I_5016-4385-5528-4897,1,0,0,0,0,0,0,0,0
TFTNARC6I_5528-4385-6040-4897,1,0,0,0,0,0,0,0,0
TFTNARC6I_6040-4385-6552-4897,1,0,0,0,0,0,0,0,0
TFTNARC6I_7791-4427-8303-4939,1,0,0,0,0,0,0,0,0
TFTNARC6I_9327-4427-9839-4939,1,0,0,0,0,0,0,0,0
TFTNARC6I_8303-4427-8815-4939,1,0,0,0,0,0,0,0,0
TFTNARC6I_8815-4427-9327-4939,1,0,0,0,0,0,0,0,0
TFTNARC6I_9771-4319-10283-4831,1,0,0,0,0,0,0,0,0
TFTNARC6I_9696-3883-10208-4395,1,0,0,0,0,0,0,0,0
TI1FAXII3_1350-3522-1862-4034,0,0,0,1,0,0,0,0,0
TGD9T9G6Y_4038-584-4550-1096,0,0,0,0,0,0,0,0,1
TI1FAXII3_2302-5000-2814-5512,0,0,0,1,0,0,0,0,0
TI1FAXII3_2302-4488-2814-5000,0,0,0,1,0,0,0,0,0
TI1FAXII3_1862-3522-2374-4034,0,0,0,1,0,0,0,0,0
TI1FAXII3_2332-5703-2844-6215,0,0,0,1,0,0,0,0,0
TI1FAXII3_2302-3976-2814-4488,0,0,0,1,0,0,0,0,0
TI1FAXII3_2332-6215-2844-6727,0,0,0,1,0,0,0,0,0
TI1FAXII3_2374-3522-2886-4034,0,0,0,1,0,0,0,0,0
TI1FAXII3_2374-2498-2886-3010,0,0,0,1,0,0,0,0,0
TI1FAXII3_2332-6727-2844-7239,0,0,0,1,0,0,0,0,0
TI1FAXII3_2332-7239-2844-7751,0,0,0,1,0,0,0,0,0
TI1FAXII3_2450-2154-2962-2666,0,0,0,1,0,0,0,0,0
TI1FAXII3_2450-1130-2962-1642,0,0,0,1,0,0,0,0,0
TI1FAXII3_2450-1642-2962-2154,0,0,0,1,0,0,0,0,0
TI1FAXII3_2450-3178-2962-3690,0,0,0,1,0,0,0,0,0
TI1FAXII3_2450-618-2962-1130,0,0,0,1,0,0,0,0,0
TI1FAXII3_3004-7489-3516-8001,0,0,0,1,0,0,0,0,0
TI1FAXII3_2886-3010-3398-3522,0,0,0,1,0,0,0,0,0
TI1FAXII3_2886-3522-3398-4034,0,0,0,1,0,0,0,0,0
TI1FAXII3_3192-8490-3704-9002,0,0,0,1,0,0,0,0,0
TI1FAXII3_3398-3010-3910-3522,0,0,0,1,0,0,0,0,0
TI1FAXII3_2844-7239-3356-7751,0,0,0,1,0,0,0,0,0
TI1FAXII3_3398-2498-3910-3010,0,0,0,1,0,0,0,0,0
TI1FAXII3_3204-2781-3716-3293,0,0,0,1,0,0,0,0,0
TI1FAXII3_3513-7682-4025-8194,0,0,0,1,0,0,0,0,0
TI1FAXII3_3513-8194-4025-8706,0,0,0,1,0,0,0,0,0
TI1FAXII3_3910-2498-4422-3010,0,0,0,1,0,0,0,0,0
TI1FAXII3_3716-2781-4228-3293,0,0,0,1,0,0,0,0,0
TI1FAXII3_4025-8194-4537-8706,0,0,0,1,0,0,0,0,0
TI1FAXII3_4228-2781-4740-3293,0,0,0,1,0,0,0,0,0
TI1FAXII3_4025-8706-4537-9218,0,0,0,1,0,0,0,0,0
TI1FAXII3_745-8318-1257-8830,0,0,0,1,0,0,0,0,0
TI1FAXII3_4422-2498-4934-3010,0,0,0,1,0,0,0,0,0
TI1FAXII3_838-3522-1350-4034,0,0,0,1,0,0,0,0,0
TIDXK1TTH_2939-424-3451-936,0,0,0,0,0,0,0,0,1
TI1FAXII3_838-4034-1350-4546,0,0,0,1,0,0,0,0,0
TIDXK1TTH_4398-4871-4910-5383,0,0,0,0,0,0,0,0,1
TIKTCUWE8_1607-10127-2119-10639,0,0,0,0,0,1,0,0,0
TIKTCUWE8_5277-462-5789-974,0,0,0,0,0,1,0,0,0
TIDXK1TTH_4198-5834-4710-6346,0,0,0,0,0,0,0,0,1
TIKTCUWE8_4579-449-5091-961,0,0,0,0,0,1,0,0,0
TIDXK1TTH_5034-8575-5546-9087,0,0,0,0,0,0,0,0,1
TIKTCUWE8_7189-10135-7701-10647,0,0,0,0,0,1,0,0,0
TIKTCUWE8_5620-432-6132-944,0,0,0,0,0,1,0,0,0
TIKTCUWE8_608-10227-1120-10739,0,0,0,0,0,1,0,0,0
TIKTCUWE8_6909-9186-7421-9698,0,0,0,0,0,1,0,0,0
TIKTCUWE8_7242-9182-7754-9694,0,0,0,0,0,1,0,0,0
TIKTCUWE8_7514-8995-8026-9507,0,0,0,0,0,1,0,0,0
TIKTCUWE8_7643-351-8155-863,0,0,0,0,0,1,0,0,0
TJLUTQNNK_1256-6457-1768-6969,0,0,1,0,0,0,0,0,0
TJLUTQNNK_1100-8621-1612-9133,0,0,0,0,0,0,1,0,0
TJLUTQNNK_1100-9133-1612-9645,0,0,0,0,0,0,1,0,0
TJLUTQNNK_1210-5528-1722-6040,0,0,1,0,0,0,0,0,0
TJLUTQNNK_1455-5457-1967-5969,0,0,1,0,0,0,0,0,0
TJLUTQNNK_1389-550-1901-1062,0,0,1,0,0,0,0,0,0
TJLUTQNNK_1037-5356-1549-5868,0,0,1,0,0,0,0,0,0
TJLUTQNNK_1463-5773-1975-6285,0,0,1,0,0,0,0,0,0
TJLUTQNNK_1694-9645-2206-10157,0,0,1,0,0,0,1,0,0
TJLUTQNNK_1060-6288-1572-6800,0,0,1,0,0,0,0,0,0
TJLUTQNNK_1612-9133-2124-9645,0,0,1,0,0,0,1,0,0
TJLUTQNNK_1818-5738-2330-6250,0,0,1,0,0,0,0,0,0
TJLUTQNNK_2124-10157-2636-10669,0,0,1,0,0,0,1,0,0
TJLUTQNNK_1818-5226-2330-5738,0,0,1,0,0,0,0,0,0
TJLUTQNNK_2002-563-2514-1075,0,0,1,0,0,0,0,0,0
TJLUTQNNK_2124-9645-2636-10157,0,0,1,0,0,0,1,0,0
TJLUTQNNK_2299-507-2811-1019,0,0,1,0,0,0,0,0,0
TJLUTQNNK_2144-5886-2656-6398,0,0,1,0,0,0,0,0,0
TJLUTQNNK_2296-10446-2808-10958,0,0,1,0,0,0,1,0,0
TJLUTQNNK_2499-10735-3011-11247,0,0,1,0,0,0,1,0,0
TJLUTQNNK_3011-10223-3523-10735,0,0,1,0,0,0,1,0,0
TJLUTQNNK_2636-9645-3148-10157,0,0,0,0,0,0,1,0,0
TJLUTQNNK_3011-6127-3523-6639,0,0,0,0,0,0,1,0,0
TJLUTQNNK_3011-5615-3523-6127,0,0,0,0,0,0,1,0,0
TJLUTQNNK_2997-7415-3509-7927,0,0,1,0,0,0,1,0,0
TJLUTQNNK_2636-10157-3148-10669,0,0,1,0,0,0,1,0,0
TJLUTQNNK_3011-6639-3523-7151,0,0,0,0,0,0,1,0,0
TJLUTQNNK_3011-9711-3523-10223,0,0,1,0,0,0,1,0,0
TJLUTQNNK_3011-9199-3523-9711,0,0,1,0,0,0,1,0,0
TJLUTQNNK_3017-8155-3529-8667,0,0,1,0,0,0,1,0,0
TJLUTQNNK_3108-5069-3620-5581,0,0,1,0,0,0,1,0,0
TJLUTQNNK_3033-7779-3545-8291,0,0,1,0,0,0,1,0,0
TJLUTQNNK_3017-8667-3529-9179,0,0,1,0,0,0,1,0,0
TJLUTQNNK_3171-7258-3683-7770,0,0,1,0,0,0,1,0,0
TJLUTQNNK_3483-5602-3995-6114,0,0,1,0,0,0,1,0,0
TJLUTQNNK_3440-8931-3952-9443,0,0,1,0,0,0,1,0,0
TJLUTQNNK_3523-4079-4035-4591,0,0,0,0,0,0,1,0,0
TJLUTQNNK_3523-4591-4035-5103,0,0,1,0,0,0,1,0,0
TJLUTQNNK_3503-8508-4015-9020,0,0,1,0,0,0,1,0,0
TJLUTQNNK_3523-5103-4035-5615,0,0,1,0,0,0,1,0,0
TJLUTQNNK_3486-6012-3998-6524,0,0,1,0,0,0,1,0,0
TJLUTQNNK_3523-9199-4035-9711,0,0,1,0,0,0,1,0,0
TJLUTQNNK_3510-7246-4022-7758,0,0,1,0,0,0,1,0,0
TJLUTQNNK_3523-8175-4035-8687,0,0,1,0,0,0,1,0,0
TJLUTQNNK_3523-6639-4035-7151,0,0,1,0,0,0,1,0,0
TJLUTQNNK_3523-7663-4035-8175,0,0,1,0,0,0,1,0,0
TJLUTQNNK_3608-6887-4120-7399,0,0,1,0,0,0,1,0,0
TJLUTQNNK_559-10304-1071-10816,0,0,1,0,0,0,0,0,0
TJLUTQNNK_588-9133-1100-9645,0,0,1,0,0,0,0,0,0
TJLUTQNNK_564-9554-1076-10066,0,0,1,0,0,0,0,0,0
TJLUTQNNK_627-9973-1139-10485,0,0,1,0,0,0,0,0,0
TJLUTQNNK_969-7064-1481-7576,0,0,1,0,0,0,0,0,0
TJRQPYJ38_1297-2697-1809-3209,1,0,0,0,0,0,0,0,0
TJRQPYJ38_1220-665-1732-1177,1,0,0,0,0,0,0,0,0
TJLUTQNNK_792-6795-1304-7307,0,0,1,0,0,0,0,0,0
TJRQPYJ38_1332-2242-1844-2754,1,0,0,0,0,0,0,0,0
TJRQPYJ38_1220-1177-1732-1689,1,0,0,0,0,0,0,0,0
TJRQPYJ38_1332-3266-1844-3778,1,0,0,0,0,0,0,0,0
TJRQPYJ38_1732-1177-2244-1689,1,0,0,0,0,0,0,0,0
TJLUTQNNK_764-8733-1276-9245,0,0,1,0,0,0,1,0,0
TJLUTQNNK_792-7307-1304-7819,0,0,1,0,0,0,0,0,0
TJRQPYJ38_1732-665-2244-1177,1,0,0,0,0,0,0,0,0
TJRQPYJ38_1797-2288-2309-2800,1,0,0,0,0,0,0,0,0
TJRQPYJ38_1797-1776-2309-2288,1,0,0,0,0,0,0,0,0
TJRQPYJ38_1809-2697-2321-3209,1,0,0,0,0,0,0,0,0
TJRQPYJ38_1809-3209-2321-3721,1,0,0,0,0,0,0,0,0
TJRQPYJ38_1809-3721-2321-4233,1,0,0,0,0,0,0,0,0
TJRQPYJ38_1809-4233-2321-4745,1,0,0,0,0,0,0,0,0
TJRQPYJ38_2244-1177-2756-1689,1,0,0,0,0,0,0,0,0
TJRQPYJ38_2321-3721-2833-4233,1,0,0,0,0,0,0,0,0
TJRQPYJ38_2321-3209-2833-3721,1,0,0,0,0,0,0,0,0
TJRQPYJ38_2244-665-2756-1177,1,0,0,0,0,0,0,0,0
TJRQPYJ38_2833-2697-3345-3209,1,0,0,0,0,0,0,0,0
TJRQPYJ38_2833-3721-3345-4233,1,0,0,0,0,0,0,0,0
TJRQPYJ38_2309-1776-2821-2288,1,0,0,0,0,0,0,0,0
TJRQPYJ38_2833-4233-3345-4745,1,0,0,0,0,0,0,0,0
TJRQPYJ38_2309-2288-2821-2800,1,0,0,0,0,0,0,0,0
TJRQPYJ38_2821-1264-3333-1776,1,0,0,0,0,0,0,0,0
TJRQPYJ38_2321-4233-2833-4745,1,0,0,0,0,0,0,0,0
TJRQPYJ38_2821-1776-3333-2288,1,0,0,0,0,0,0,0,0
TJRQPYJ38_3104-3448-3616-3960,1,0,0,0,0,0,0,0,0
TJRQPYJ38_2938-2399-3450-2911,1,0,0,0,0,0,0,0,0
TJRQPYJ38_3333-1264-3845-1776,1,0,0,0,0,0,0,0,0
TJRQPYJ38_3333-1776-3845-2288,1,0,0,0,0,0,0,0,0
TJRQPYJ38_3345-3209-3857-3721,1,0,0,0,0,0,0,0,0
TJRQPYJ38_3345-3721-3857-4233,1,0,0,0,0,0,0,0,0
TJRQPYJ38_3345-4233-3857-4745,1,0,0,0,0,0,0,0,0
TJRQPYJ38_3616-3448-4128-3960,1,0,0,0,0,0,0,0,0
TJRQPYJ38_3857-2697-4369-3209,1,0,0,0,0,0,0,0,0
TJRQPYJ38_3845-1264-4357-1776,1,0,0,0,0,0,0,0,0
TJRQPYJ38_3450-2911-3962-3423,1,0,0,0,0,0,0,0,0
TJRQPYJ38_3845-1776-4357-2288,1,0,0,0,0,0,0,0,0
TJRQPYJ38_3857-3209-4369-3721,1,0,0,0,0,0,0,0,0
TJRQPYJ38_3450-2399-3962-2911,1,0,0,0,0,0,0,0,0
TJRQPYJ38_3857-3721-4369-4233,1,0,0,0,0,0,0,0,0
TJRQPYJ38_3845-2288-4357-2800,1,0,0,0,0,0,0,0,0
TJRQPYJ38_3857-4233-4369-4745,1,0,0,0,0,0,0,0,0
TJRQPYJ38_4126-1138-4638-1650,1,0,0,0,0,0,0,0,0
TJRQPYJ38_4128-3448-4640-3960,1,0,0,0,0,0,0,0,0
TJRQPYJ38_4126-626-4638-1138,1,0,0,0,0,0,0,0,0
TJRQPYJ38_4247-1792-4759-2304,1,0,0,0,0,0,0,0,0
TJRQPYJ38_4369-3721-4881-4233,1,0,0,0,0,0,0,0,0
TJRQPYJ38_4247-2304-4759-2816,1,0,0,0,0,0,0,0,0
TJRQPYJ38_4457-4200-4969-4712,1,0,0,0,0,0,0,0,0
TJRQPYJ38_4759-1792-5271-2304,1,0,0,0,0,0,0,0,0
TJRQPYJ38_5271-2304-5783-2816,1,0,0,0,0,0,0,0,0
TJRQPYJ38_5271-1280-5783-1792,1,0,0,0,0,0,0,0,0
TJRQPYJ38_5073-1642-5585-2154,1,0,0,0,0,0,0,0,0
TJRQPYJ38_5571-3145-6083-3657,1,0,0,0,0,0,0,0,0
TJRQPYJ38_4881-3721-5393-4233,1,0,0,0,0,0,0,0,0
TJRQPYJ38_4759-2304-5271-2816,1,0,0,0,0,0,0,0,0
TJRQPYJ38_5059-3145-5571-3657,1,0,0,0,0,0,0,0,0
TJRQPYJ38_4881-4233-5393-4745,1,0,0,0,0,0,0,0,0
TJRQPYJ38_5073-2154-5585-2666,1,0,0,0,0,0,0,0,0
TJRQPYJ38_5073-2666-5585-3178,1,0,0,0,0,0,0,0,0
TJRQPYJ38_5271-1792-5783-2304,1,0,0,0,0,0,0,0,0
TJRQPYJ38_5585-1642-6097-2154,1,0,0,0,0,0,0,0,0
TJRQPYJ38_5585-2154-6097-2666,1,0,0,0,0,0,0,0,0
TJRQPYJ38_708-1177-1220-1689,1,0,0,0,0,0,0,0,0
TJRQPYJ38_5585-2666-6097-3178,1,0,0,0,0,0,0,0,0
TJRQPYJ38_5622-3567-6134-4079,1,0,0,0,0,0,0,0,0
TJRQPYJ38_708-665-1220-1177,1,0,0,0,0,0,0,0,0
TJRQPYJ38_820-2754-1332-3266,1,0,0,0,0,0,0,0,0
TJRQPYJ38_820-3266-1332-3778,1,0,0,0,0,0,0,0,0
TJRQPYJ38_820-2242-1332-2754,1,0,0,0,0,0,0,0,0
TJUIWURYZ_629-13824-1141-14336,0,0,0,0,0,0,0,0,1
TJWFYTV1A_2255-1103-2767-1615,0,0,0,0,0,0,0,0,1
TJUIWURYZ_1213-6687-1725-7199,0,0,0,0,0,0,0,0,1
TJWFYTV1A_3228-1788-3740-2300,0,0,0,0,0,0,0,0,1
TJUIWURYZ_3050-6890-3562-7402,0,0,0,0,0,0,0,0,1
TJWFYTV1A_3740-1788-4252-2300,0,0,0,0,0,0,0,0,1
TJWFYTV1A_458-2561-970-3073,0,0,0,0,0,0,0,0,1
TJWFYTV1A_2716-1788-3228-2300,0,0,0,0,0,0,0,0,1
TJWFYTV1A_458-3073-970-3585,0,0,0,0,0,0,0,0,1
TJWFYTV1A_501-4021-1013-4533,0,0,0,0,0,0,0,0,1
TJWFYTV1A_4606-1747-5118-2259,0,0,0,0,0,0,0,0,1
TK8NQLZXQ_1175-3998-1687-4510,0,0,1,0,0,0,0,0,0
TK8NQLZXQ_1175-926-1687-1438,0,0,1,0,1,0,0,0,0
TJWFYTV1A_5664-1712-6176-2224,0,0,0,0,0,0,0,0,1
TK8NQLZXQ_1350-6056-1862-6568,0,0,1,0,0,0,0,0,0
TK8NQLZXQ_1350-5544-1862-6056,0,0,1,0,0,0,0,0,0
TK8NQLZXQ_1389-6715-1901-7227,0,0,1,0,0,0,0,0,0
TK8NQLZXQ_1350-7592-1862-8104,0,0,1,0,0,0,0,0,0
TK8NQLZXQ_1389-8251-1901-8763,0,0,1,0,0,0,0,0,0
TK8NQLZXQ_1389-8763-1901-9275,0,0,1,0,0,0,0,0,0
TK8NQLZXQ_1484-10842-1996-11354,0,0,1,0,1,0,0,0,0
TK8NQLZXQ_1389-7227-1901-7739,0,0,1,0,0,0,0,0,0
TK8NQLZXQ_1579-636-2091-1148,0,0,1,0,1,0,0,0,0
TK8NQLZXQ_1656-5158-2168-5670,0,0,0,0,0,1,0,0,0
TK8NQLZXQ_1393-11562-1905-12074,0,0,1,0,1,0,0,0,0
TK8NQLZXQ_1687-3998-2199-4510,0,0,1,0,0,0,0,0,0
TK8NQLZXQ_1687-926-2199-1438,0,0,1,0,1,1,0,0,0
TK8NQLZXQ_1862-5544-2374-6056,0,0,1,0,0,0,0,0,0
TK8NQLZXQ_1862-7080-2374-7592,0,0,1,0,0,0,0,0,0
TK8NQLZXQ_1862-8104-2374-8616,0,0,1,0,0,1,0,0,0
TK8NQLZXQ_1898-5880-2410-6392,0,0,1,0,0,0,0,0,0
TK8NQLZXQ_1898-6392-2410-6904,0,0,1,0,0,0,0,0,0
TK8NQLZXQ_2199-3998-2711-4510,0,0,1,0,0,0,0,0,0
TK8NQLZXQ_1901-6715-2413-7227,0,0,1,0,0,0,0,0,0
TK8NQLZXQ_1905-12074-2417-12586,0,0,1,0,0,0,0,0,0
TK8NQLZXQ_1996-12378-2508-12890,0,0,1,0,0,0,0,0,0
TK8NQLZXQ_1898-7416-2410-7928,0,0,1,0,0,0,0,0,0
TK8NQLZXQ_2092-661-2604-1173,0,0,1,0,1,1,0,0,0
TK8NQLZXQ_1901-8763-2413-9275,0,0,1,0,0,0,0,0,0
TK8NQLZXQ_2199-5022-2711-5534,0,0,1,0,0,0,0,0,0
TK8NQLZXQ_2199-926-2711-1438,0,0,1,0,1,1,0,0,0
TK8NQLZXQ_2254-9059-2766-9571,0,0,1,0,1,0,0,0,0
TK8NQLZXQ_1996-10842-2508-11354,0,0,1,0,1,0,0,0,0
TK8NQLZXQ_2254-8547-2766-9059,0,0,1,0,0,1,0,0,0
TK8NQLZXQ_2281-4540-2793-5052,0,0,1,0,0,0,0,0,0
TK8NQLZXQ_2410-5368-2922-5880,0,0,1,0,0,0,0,0,0
TK8NQLZXQ_2410-7416-2922-7928,0,0,1,0,0,0,0,0,0
TK8NQLZXQ_2413-7739-2925-8251,0,0,1,0,0,0,0,0,0
TK8NQLZXQ_2413-11323-2925-11835,0,0,1,0,0,0,0,0,0
TK8NQLZXQ_2413-8251-2925-8763,0,0,1,0,0,1,0,0,0
TK8NQLZXQ_2711-5022-3223-5534,0,0,1,0,0,0,0,0,0
TK8NQLZXQ_2766-8547-3278-9059,0,0,1,0,0,0,0,0,0
TK8NQLZXQ_2417-13098-2929-13610,0,0,1,0,0,0,0,0,0
TK8NQLZXQ_2413-9275-2925-9787,0,0,1,0,1,0,0,0,0
TK8NQLZXQ_2508-11866-3020-12378,0,0,1,0,0,0,0,0,0
TK8NQLZXQ_2413-8763-2925-9275,0,0,1,0,0,0,0,0,0
TK8NQLZXQ_2517-7979-3029-8491,0,0,1,0,0,0,0,0,0
TK8NQLZXQ_2711-4510-3223-5022,0,0,1,0,0,0,0,0,1
TK8NQLZXQ_2766-9059-3278-9571,0,0,1,0,1,0,0,0,0
TK8NQLZXQ_2922-5368-3434-5880,0,0,1,0,0,0,0,0,0
TK8NQLZXQ_2417-12586-2929-13098,0,0,1,0,0,0,0,0,0
TK8NQLZXQ_2711-926-3223-1438,0,0,1,0,1,1,0,0,0
TK8NQLZXQ_2925-11835-3437-12347,0,0,1,0,0,0,0,0,0
TK8NQLZXQ_2925-12485-3437-12997,0,0,1,0,0,0,0,0,0
TK8NQLZXQ_2925-12997-3437-13509,0,0,1,0,1,0,0,0,0
TK8NQLZXQ_2925-7227-3437-7739,0,0,1,0,0,0,0,0,0
TK8NQLZXQ_2925-13509-3437-14021,0,0,1,0,1,0,0,0,0
TK8NQLZXQ_2925-8251-3437-8763,0,0,1,0,0,1,0,0,0
TK8NQLZXQ_3179-575-3691-1087,0,0,1,0,1,0,0,0,0
TK8NQLZXQ_2925-9413-3437-9925,0,0,1,0,1,0,0,0,0
TK8NQLZXQ_3223-2462-3735-2974,0,0,1,0,0,0,0,0,0
TK8NQLZXQ_2925-8763-3437-9275,0,0,1,0,1,0,0,0,0
TK8NQLZXQ_3029-7467-3541-7979,0,0,1,0,0,0,0,0,0
TK8NQLZXQ_3437-11835-3949-12347,0,0,1,0,0,0,0,0,0
TK8NQLZXQ_2925-7739-3437-8251,0,0,1,0,0,1,0,0,0
TK8NQLZXQ_3434-5368-3946-5880,0,0,1,0,0,0,0,0,0
TK8NQLZXQ_3223-1950-3735-2462,0,0,1,0,0,0,0,0,0
TK8NQLZXQ_3223-4510-3735-5022,0,0,1,0,0,0,0,0,1
TK8NQLZXQ_3223-926-3735-1438,0,0,1,0,1,1,0,0,0
TK8NQLZXQ_3223-5022-3735-5534,0,0,1,0,0,0,0,0,0
TK8NQLZXQ_3437-4805-3949-5317,0,0,1,0,0,0,0,0,0
TK8NQLZXQ_3437-7227-3949-7739,0,0,1,0,0,0,0,0,0
TK8NQLZXQ_3437-7739-3949-8251,0,0,1,0,0,1,0,0,0
TK8NQLZXQ_3437-8251-3949-8763,0,0,1,0,0,1,0,0,0
TK8NQLZXQ_3437-9413-3949-9925,0,0,1,0,0,0,0,0,0
TK8NQLZXQ_3437-9787-3949-10299,0,0,1,0,0,0,0,0,0
TK8NQLZXQ_3735-1950-4247-2462,0,0,1,0,0,0,0,0,0
TK8NQLZXQ_3949-7227-4461-7739,0,0,1,0,0,0,0,0,0
TK8NQLZXQ_3949-11835-4461-12347,0,0,1,0,0,0,0,0,0
TK8NQLZXQ_3735-4510-4247-5022,0,0,1,0,0,0,0,0,0
TK8NQLZXQ_3949-4805-4461-5317,0,0,1,0,0,0,0,0,0
TK8NQLZXQ_3735-5022-4247-5534,0,0,1,0,0,0,0,0,0
TK8NQLZXQ_3858-2217-4370-2729,0,0,1,0,0,0,0,0,0
TK8NQLZXQ_3541-7467-4053-7979,0,0,1,0,0,0,0,0,0
TK8NQLZXQ_3735-926-4247-1438,0,0,1,0,1,1,0,0,0
TK8NQLZXQ_3946-5368-4458-5880,0,0,1,0,0,0,0,0,0
TK8NQLZXQ_3949-7739-4461-8251,0,0,1,0,0,1,0,0,0
TK8NQLZXQ_3735-2462-4247-2974,0,0,1,0,0,0,0,0,0
TK8NQLZXQ_3949-9413-4461-9925,0,0,1,0,0,0,0,0,0
TK8NQLZXQ_3949-8251-4461-8763,0,0,0,0,0,1,0,0,0
TK8NQLZXQ_3949-9925-4461-10437,0,0,1,0,0,0,0,0,0
TK8NQLZXQ_4075-721-4587-1233,0,0,1,0,1,1,0,0,0
TK8NQLZXQ_4195-8377-4707-8889,0,0,0,0,0,1,0,0,0
TK8NQLZXQ_4247-1950-4759-2462,0,0,1,0,0,0,0,0,0
TK8NQLZXQ_4247-5022-4759-5534,0,0,1,0,0,0,0,0,0
TK8NQLZXQ_4461-7877-4973-8389,0,0,1,0,1,1,0,0,0
TK8NQLZXQ_4247-2462-4759-2974,0,0,1,0,0,0,0,0,0
TK8NQLZXQ_4247-926-4759-1438,0,0,1,0,1,1,0,0,0
TK8NQLZXQ_4461-7227-4973-7739,0,0,1,0,1,0,0,0,0
TK8NQLZXQ_4461-11835-4973-12347,0,0,1,0,0,0,0,0,0
TK8NQLZXQ_4458-5368-4970-5880,0,0,1,0,0,0,0,0,0
TK8NQLZXQ_4461-9413-4973-9925,0,0,1,0,0,0,0,0,0
TK8NQLZXQ_4461-4805-4973-5317,0,0,1,0,0,0,0,0,0
TK8NQLZXQ_4461-8251-4973-8763,0,0,0,0,0,1,0,0,0
TK8NQLZXQ_4461-9787-4973-10299,0,0,1,0,0,0,0,0,0
TK8NQLZXQ_4587-721-5099-1233,0,0,1,0,1,1,0,0,0
TK8NQLZXQ_4759-2462-5271-2974,0,0,1,0,0,0,0,0,0
TK8NQLZXQ_4704-7711-5216-8223,0,0,1,0,1,1,0,0,0
TK8NQLZXQ_4759-5022-5271-5534,0,0,1,0,0,0,0,0,0
TK8NQLZXQ_4973-8763-5485-9275,0,0,1,0,0,0,0,0,0
TK8NQLZXQ_4973-11835-5485-12347,0,0,1,0,0,0,0,0,0
TK8NQLZXQ_5271-1438-5783-1950,0,0,1,0,0,0,0,0,0
TK8NQLZXQ_4973-5317-5485-5829,0,0,1,0,0,0,0,0,0
TK8NQLZXQ_5271-3486-5783-3998,0,0,1,0,0,0,0,0,0
TK8NQLZXQ_5271-2974-5783-3486,0,0,1,0,0,0,0,0,0
TK8NQLZXQ_4845-628-5357-1140,0,0,1,0,1,1,0,0,0
TK8NQLZXQ_4845-1140-5357-1652,0,0,1,0,0,0,0,0,0
TK8NQLZXQ_4973-8251-5485-8763,0,0,1,0,0,0,0,0,0
TK8NQLZXQ_4973-9413-5485-9925,0,0,1,0,0,0,0,0,0
TK8NQLZXQ_5271-4510-5783-5022,0,0,1,0,0,0,0,0,0
TK8NQLZXQ_5271-3998-5783-4510,0,0,1,0,0,0,0,0,0
TK8NQLZXQ_4973-7227-5485-7739,0,0,1,0,1,0,0,0,0
TK8NQLZXQ_4973-7739-5485-8251,0,0,1,0,1,1,0,0,0
TK8NQLZXQ_5271-5022-5783-5534,0,0,1,0,0,0,0,0,0
TK8NQLZXQ_5273-2195-5785-2707,0,0,1,0,0,0,0,0,0
TK8NQLZXQ_5271-926-5783-1438,0,0,1,0,1,1,0,0,0
TK8NQLZXQ_5623-4564-6135-5076,0,0,1,0,0,0,0,0,0
TK8NQLZXQ_5623-3028-6135-3540,0,0,1,0,0,0,0,0,0
TK8NQLZXQ_5482-7416-5994-7928,0,0,1,0,0,0,0,0,0
TK8NQLZXQ_5482-5880-5994-6392,0,0,1,0,0,0,0,0,0
TK8NQLZXQ_5485-11835-5997-12347,0,0,1,0,0,0,0,0,0
TK8NQLZXQ_5357-628-5869-1140,0,0,1,0,1,1,0,0,0
TK8NQLZXQ_5623-3540-6135-4052,0,0,1,0,0,0,0,0,0
TK8NQLZXQ_5485-5317-5997-5829,0,0,1,0,1,0,0,0,0
TK8NQLZXQ_5485-4805-5997-5317,0,0,1,0,0,0,0,0,0
TK8NQLZXQ_5623-4052-6135-4564,0,0,1,0,0,0,0,0,0
TK8NQLZXQ_5623-2004-6135-2516,0,0,1,0,0,0,0,0,0
TK8NQLZXQ_5869-1140-6381-1652,0,0,1,0,0,0,0,0,0
TK8NQLZXQ_5623-2516-6135-3028,0,0,1,0,0,0,0,0,0
TK8NQLZXQ_5623-1492-6135-2004,0,0,1,0,0,0,0,0,0
TK8NQLZXQ_5869-628-6381-1140,0,0,1,0,1,0,0,0,0
TK8NQLZXQ_5918-5125-6430-5637,0,0,1,0,1,0,0,0,0
TK8NQLZXQ_5994-5368-6506-5880,0,0,1,0,1,0,0,0,0
TK8NQLZXQ_5997-10437-6509-10949,0,0,1,0,0,0,0,0,0
TK8NQLZXQ_5997-11461-6509-11973,0,0,1,0,0,0,0,0,0
TK8NQLZXQ_5997-11835-6509-12347,0,0,1,0,0,0,0,0,0
TK8NQLZXQ_5997-6341-6509-6853,0,0,1,0,0,0,0,0,0
TK8NQLZXQ_5997-6715-6509-7227,0,0,1,0,0,0,0,0,0
TK8NQLZXQ_5997-5829-6509-6341,0,0,1,0,0,0,0,0,0
TK8NQLZXQ_5997-8901-6509-9413,0,0,1,0,0,0,0,0,0
TK8NQLZXQ_5997-9925-6509-10437,0,0,1,0,0,0,0,0,0
TK8NQLZXQ_5997-7877-6509-8389,0,0,1,0,0,0,0,0,0
TK8NQLZXQ_5997-10949-6509-11461,0,0,1,0,0,0,0,0,0
TK8NQLZXQ_6135-1492-6647-2004,0,0,1,0,0,0,0,0,0
TK8NQLZXQ_5997-7365-6509-7877,0,0,1,0,0,0,0,0,0
TK8NQLZXQ_5997-8389-6509-8901,0,0,1,0,0,0,0,0,0
TK8NQLZXQ_5997-4805-6509-5317,0,0,1,0,1,1,0,0,0
TK8NQLZXQ_5997-9413-6509-9925,0,0,1,0,0,0,0,0,0
TK8NQLZXQ_6135-2004-6647-2516,0,0,1,0,0,0,0,0,0
TK8NQLZXQ_6135-2516-6647-3028,0,0,1,0,0,0,0,0,0
TK8NQLZXQ_6135-3028-6647-3540,0,0,1,0,0,0,0,0,0
TK8NQLZXQ_6135-3540-6647-4052,0,0,1,0,0,0,0,0,0
TK8NQLZXQ_6135-4052-6647-4564,0,0,1,0,0,0,0,0,0
TK8NQLZXQ_6135-4564-6647-5076,0,0,1,0,0,0,0,0,0
TK8NQLZXQ_663-2462-1175-2974,0,0,1,0,0,0,0,0,0
TK8NQLZXQ_663-3486-1175-3998,0,0,1,0,0,0,0,0,0
TK8NQLZXQ_663-2974-1175-3486,0,0,1,0,0,0,0,0,0
TK8NQLZXQ_838-6056-1350-6568,0,0,1,0,0,1,0,0,0
TK8NQLZXQ_877-6715-1389-7227,0,0,1,0,0,0,0,0,0
TK8NQLZXQ_663-3998-1175-4510,0,0,1,0,0,0,0,0,0
TK8NQLZXQ_663-1950-1175-2462,0,0,1,0,0,0,0,0,0
TK8NQLZXQ_663-4510-1175-5022,0,0,1,0,0,0,0,0,0
TK8NQLZXQ_663-926-1175-1438,0,0,1,0,0,0,0,0,0
TK8NQLZXQ_663-1438-1175-1950,0,0,1,0,0,0,0,0,0
TK8NQLZXQ_838-5544-1350-6056,0,0,1,0,0,0,0,0,0
TK8NQLZXQ_877-10299-1389-10811,0,0,1,0,0,0,0,0,0
TK8NQLZXQ_877-7739-1389-8251,0,0,1,0,0,0,0,0,0
TK8NQLZXQ_877-7227-1389-7739,0,0,1,0,0,0,0,0,0
TK8NQLZXQ_877-8251-1389-8763,0,0,1,0,0,0,0,0,0
TK8NQLZXQ_877-8763-1389-9275,0,0,1,0,0,0,0,0,0
TK8NQLZXQ_881-11050-1393-11562,0,0,1,0,0,0,0,0,0
TK8NQLZXQ_877-9787-1389-10299,0,0,1,0,0,0,0,0,0
TK8NQLZXQ_877-9275-1389-9787,0,0,1,0,0,0,0,0,0
TKFR81ZLJ_1566-1715-2078-2227,1,0,0,0,0,0,0,0,0
TK8NQLZXQ_959-4429-1471-4941,0,0,1,0,0,0,0,0,0
TKFR81ZLJ_1448-2894-1960-3406,1,0,0,0,0,0,0,0,0
TKFR81ZLJ_1664-3456-2176-3968,1,0,0,0,0,0,0,0,0
TKFR81ZLJ_1324-5077-1836-5589,1,0,0,0,0,0,0,0,0
TKFR81ZLJ_1758-2598-2270-3110,1,0,0,0,0,0,0,0,0
TKFR81ZLJ_1689-3942-2201-4454,1,0,0,0,0,0,0,0,0
TKFR81ZLJ_1628-4945-2140-5457,1,0,0,0,0,0,0,0,0
TKFR81ZLJ_1195-2009-1707-2521,1,0,0,0,0,0,0,0,0
TKFR81ZLJ_1185-3579-1697-4091,1,0,0,0,0,0,0,0,0
TKFR81ZLJ_1707-2009-2219-2521,1,0,0,0,0,0,0,0,0
TKFR81ZLJ_2078-1715-2590-2227,1,0,0,0,0,0,0,0,0
TKFR81ZLJ_2008-5067-2520-5579,1,0,0,0,0,0,0,0,0
TKFR81ZLJ_2116-4011-2628-4523,1,0,0,0,0,0,0,0,0
TKFR81ZLJ_2176-3456-2688-3968,1,0,0,0,0,0,0,0,0
TKFR81ZLJ_2242-1354-2754-1866,1,0,0,0,0,0,0,0,0
TKFR81ZLJ_2453-4223-2965-4735,1,0,0,0,0,0,0,0,0
TKFR81ZLJ_2323-2697-2835-3209,1,0,0,0,0,0,0,0,0
TKFR81ZLJ_2261-4458-2773-4970,1,0,0,0,0,0,0,0,0
TKFR81ZLJ_2398-5081-2910-5593,1,0,0,0,0,0,0,0,0
TKFR81ZLJ_2555-3145-3067-3657,1,0,0,0,0,0,0,0,0
TKFR81ZLJ_2590-1203-3102-1715,1,0,0,0,0,0,0,0,0
TKFR81ZLJ_2590-691-3102-1203,1,0,0,0,0,0,0,0,0
TKFR81ZLJ_2608-2221-3120-2733,1,0,0,0,0,0,0,0,0
TKFR81ZLJ_2628-4011-3140-4523,1,0,0,0,0,0,0,0,0
TKFR81ZLJ_2819-5069-3331-5581,1,0,0,0,0,0,0,0,0
TKFR81ZLJ_2628-3499-3140-4011,1,0,0,0,0,0,0,0,0
TKFR81ZLJ_2590-1715-3102-2227,1,0,0,0,0,0,0,0,0
TKFR81ZLJ_2835-3209-3347-3721,1,0,0,0,0,0,0,0,0
TKFR81ZLJ_3027-2660-3539-3172,1,0,0,0,0,0,0,0,0
TKFR81ZLJ_2965-4223-3477-4735,1,0,0,0,0,0,0,0,0
TKFR81ZLJ_2926-2417-3438-2929,1,0,0,0,0,0,0,0,0
TKFR81ZLJ_2935-293-3447-805,1,0,0,0,0,0,0,0,0
TKFR81ZLJ_3253-4950-3765-5462,1,0,0,0,0,0,0,0,0
TKFR81ZLJ_3083-3603-3595-4115,1,0,0,0,0,0,0,0,0
TKFR81ZLJ_3230-2837-3742-3349,1,0,0,0,0,0,0,0,0
TKFR81ZLJ_3742-2837-4254-3349,1,0,0,0,0,0,0,0,0
TKFR81ZLJ_349-3348-861-3860,1,0,0,0,0,0,0,0,0
TKFR81ZLJ_3150-858-3662-1370,1,0,0,0,0,0,0,0,0
TKFR81ZLJ_3140-4011-3652-4523,1,0,0,0,0,0,0,0,0
TKFR81ZLJ_3068-1598-3580-2110,1,0,0,0,0,0,0,0,0
TKFR81ZLJ_3662-858-4174-1370,1,0,0,0,0,0,0,0,0
TKFR81ZLJ_3856-4175-4368-4687,1,0,0,0,0,0,0,0,0
TKFR81ZLJ_3439-2149-3951-2661,1,0,0,0,0,0,0,0,0
TKFR81ZLJ_369-2131-881-2643,1,0,0,0,0,0,0,0,0
TKFR81ZLJ_3357-1846-3869-2358,1,0,0,0,0,0,0,0,0
TKFR81ZLJ_3439-2661-3951-3173,1,0,0,0,0,0,0,0,0
TKFR81ZLJ_3856-4687-4368-5199,1,0,0,0,0,0,0,0,0
TKFR81ZLJ_4172-2839-4684-3351,1,0,0,0,0,0,0,0,0
TKFR81ZLJ_4368-4687-4880-5199,1,0,0,0,0,0,0,0,0
TKFR81ZLJ_4197-4918-4709-5430,1,0,0,0,0,0,0,0,0
TKFR81ZLJ_4885-1862-5397-2374,1,0,0,0,0,0,0,0,0
TKFR81ZLJ_792-3540-1304-4052,1,0,0,0,0,0,0,0,0
TKFR81ZLJ_909-437-1421-949,1,0,0,0,0,0,0,0,0
TKJ7Q9LEY_10059-1311-10571-1823,0,0,0,0,1,0,0,0,0
TKFR81ZLJ_4543-3544-5055-4056,1,0,0,0,0,0,0,0,0
TKFR81ZLJ_882-1159-1394-1671,1,0,0,0,0,0,0,0,0
TKJ7Q9LEY_10003-5457-10515-5969,0,0,0,0,0,1,0,0,0
TKJ7Q9LEY_10003-4945-10515-5457,0,0,0,0,0,1,0,0,0
TKJ7Q9LEY_10228-7720-10740-8232,0,0,0,0,1,1,0,0,0
TKJ7Q9LEY_10205-477-10717-989,0,0,0,0,0,1,0,0,0
TKFR81ZLJ_859-2095-1371-2607,1,0,0,0,0,0,0,0,0
TKFR81ZLJ_4600-4172-5112-4684,1,0,0,0,0,0,0,0,0
TKJ7Q9LEY_10166-2376-10678-2888,0,0,0,0,1,1,0,0,0
TKJ7Q9LEY_1917-608-2429-1120,0,0,0,0,0,1,0,0,0
TKJ7Q9LEY_2481-2463-2993-2975,0,0,0,0,1,0,0,0,0
TKJ7Q9LEY_2485-1391-2997-1903,0,0,0,0,1,1,0,0,0
TKJ7Q9LEY_2346-2787-2858-3299,0,0,0,0,1,1,0,0,0
TKJ7Q9LEY_2485-1903-2997-2415,0,0,0,0,1,1,0,0,0
TKJ7Q9LEY_4402-3927-4914-4439,0,0,1,0,0,1,0,0,0
TKJ7Q9LEY_5780-7782-6292-8294,0,0,0,0,1,1,0,0,0
TKJ7Q9LEY_2485-879-2997-1391,0,0,0,0,1,1,0,0,0
TKJ7Q9LEY_5766-4817-6278-5329,0,0,1,0,0,1,0,0,0
TKJ7Q9LEY_5688-4476-6200-4988,0,0,1,0,1,1,0,0,0
TKJ7Q9LEY_5426-3927-5938-4439,0,0,1,0,1,1,0,0,0
TKJ7Q9LEY_5688-3964-6200-4476,0,0,1,0,1,1,0,0,0
TKJ7Q9LEY_4914-3927-5426-4439,0,0,1,0,0,1,0,0,0
TKJ7Q9LEY_5766-6353-6278-6865,0,0,1,0,0,1,0,0,0
TKJ7Q9LEY_5766-5841-6278-6353,0,0,1,0,0,1,0,0,0
TKJ7Q9LEY_5984-3561-6496-4073,0,0,0,0,1,1,0,0,0
TKJ7Q9LEY_5957-7428-6469-7940,0,0,0,0,0,1,0,0,0
TKJ7Q9LEY_5766-5329-6278-5841,0,0,1,0,0,1,0,0,0
TKJ7Q9LEY_5999-5971-6511-6483,0,0,1,0,0,1,0,0,0
TKJ7Q9LEY_666-559-1178-1071,0,0,0,0,0,1,0,0,0
TKJ7Q9LEY_6426-3612-6938-4124,0,0,0,0,1,1,0,0,0
TKJ7Q9LEY_6426-3100-6938-3612,0,0,0,0,1,0,0,0,0
TKJ7Q9LEY_6345-7787-6857-8299,0,0,0,0,1,1,0,0,0
TKJ7Q9LEY_7881-7787-8393-8299,0,0,0,0,1,1,0,0,0
TKJ7Q9LEY_6938-3100-7450-3612,0,0,0,0,1,0,0,0,0
TKJ7Q9LEY_6938-3612-7450-4124,0,0,0,0,1,0,0,0,0
TKJ7Q9LEY_7665-2944-8177-3456,0,0,0,0,1,0,0,0,0
TKJ7Q9LEY_6857-7787-7369-8299,0,0,0,0,1,1,0,0,0
TKJ7Q9LEY_7369-7787-7881-8299,0,0,0,0,1,1,0,0,0
TKJ7Q9LEY_8689-2432-9201-2944,0,0,0,0,1,0,0,0,0
TKJ7Q9LEY_9201-2432-9713-2944,0,0,0,0,1,0,0,0,0
TKJ7Q9LEY_8692-7720-9204-8232,0,0,0,0,1,0,0,0,0
TKJ7Q9LEY_9204-7720-9716-8232,0,0,0,0,1,0,0,0,0
TKJ7Q9LEY_8177-2432-8689-2944,0,0,0,0,1,0,0,0,0
TKJ7Q9LEY_8177-2944-8689-3456,0,0,0,0,1,0,0,0,0
TKJ7Q9LEY_9713-2432-10225-2944,0,0,0,0,1,1,0,0,0
TKJ7Q9LEY_9716-7720-10228-8232,0,0,0,0,1,0,0,0,0
TLGGPLEEH_10451-10592-10963-11104,1,0,0,0,0,0,0,0,0
TLGGPLEEH_7208-2321-7720-2833,1,0,0,0,0,0,0,0,0
TLGGPLEEH_10963-10592-11475-11104,1,0,0,0,0,0,0,0,0
TLGGPLEEH_7720-2321-8232-2833,1,0,0,0,0,0,0,0,0
TLGGPLEEH_8284-2379-8796-2891,1,0,0,0,0,0,0,0,0
TLUZFMVAJ_3652-5154-4164-5666,0,0,1,0,0,0,0,0,0
TLUZFMVAJ_2505-8584-3017-9096,0,0,1,0,0,0,0,0,0
TLUZFMVAJ_2095-7675-2607-8187,0,0,1,0,0,0,0,0,0
TLUZFMVAJ_3662-8598-4174-9110,0,0,1,0,0,0,0,0,0
TLUZFMVAJ_817-2497-1329-3009,0,0,1,0,0,0,0,0,0
TLUZFMVAJ_721-2744-1233-3256,0,0,1,0,0,0,0,0,0
TLUZFMVAJ_2178-8556-2690-9068,0,0,1,0,0,0,0,0,0
TLUZFMVAJ_804-3000-1316-3512,0,0,1,0,0,0,0,0,0
TM1XXA1AY_3213-4531-3725-5043,0,0,0,0,0,0,1,0,0
TLUZFMVAJ_718-7034-1230-7546,0,0,1,0,0,0,0,0,0
TM1XXA1AY_4770-5514-5282-6026,0,0,0,0,0,0,1,0,0
TMQ9K1NMU_10037-482-10549-994,0,0,0,0,0,1,0,0,0
TMQ9K1NMU_10074-1691-10586-2203,0,0,0,0,0,1,0,0,0
TMQ9K1NMU_2341-1623-2853-2135,0,0,0,0,0,0,0,0,1
TMQ9K1NMU_1317-1623-1829-2135,0,0,0,0,0,0,0,0,1
TMQ9K1NMU_1829-1623-2341-2135,0,0,0,0,0,0,0,0,1
TMQ9K1NMU_2853-1623-3365-2135,0,0,0,0,0,0,0,0,1
TMQ9K1NMU_5413-1623-5925-2135,0,0,0,0,0,0,0,0,1
TMQ9K1NMU_3877-1623-4389-2135,0,0,0,0,0,0,0,0,1
TMQ9K1NMU_2520-474-3032-986,0,0,0,0,0,1,0,0,0
TMQ9K1NMU_10351-5039-10863-5551,0,0,0,0,0,1,0,0,0
TMQ9K1NMU_4389-1623-4901-2135,0,0,0,0,0,0,0,0,1
TMQ9K1NMU_3365-1623-3877-2135,0,0,0,0,0,0,0,0,1
TMQ9K1NMU_5925-1623-6437-2135,0,0,0,0,0,0,0,0,1
TMQ9K1NMU_4901-1623-5413-2135,0,0,0,0,0,0,0,0,1
TMQ9K1NMU_7973-1623-8485-2135,0,0,0,0,0,0,0,0,1
TMQ9K1NMU_7461-1623-7973-2135,0,0,0,0,0,0,0,0,1
TMQ9K1NMU_6437-1623-6949-2135,0,0,0,0,0,0,0,0,1
TMQ9K1NMU_6949-1623-7461-2135,0,0,0,0,0,0,0,0,1
TMQ9K1NMU_8485-1623-8997-2135,0,0,0,0,0,0,0,0,1
TMQ9K1NMU_8997-1623-9509-2135,0,0,0,0,0,0,0,0,1
TMTTYZ3CX_11097-1011-11609-1523,0,0,0,0,1,0,0,0,0
TMQ9K1NMU_931-764-1443-1276,0,0,0,0,0,1,0,0,0
TMTTYZ3CX_2675-1286-3187-1798,0,0,0,0,1,0,0,0,0
TMTTYZ3CX_10332-1186-10844-1698,0,0,0,0,1,0,0,0,0
TMTTYZ3CX_1142-466-1654-978,0,0,1,0,1,0,0,0,0
TMQ9K1NMU_9509-1623-10021-2135,0,0,0,0,0,0,0,0,1
TMTTYZ3CX_3232-1640-3744-2152,0,0,0,0,1,0,0,0,0
TMTTYZ3CX_3907-1263-4419-1775,0,0,1,0,0,0,0,0,0
TMTTYZ3CX_3881-2000-4393-2512,0,0,0,0,1,0,0,0,0
TMTTYZ3CX_3395-1263-3907-1775,0,0,1,0,0,0,0,0,0
TMTTYZ3CX_4654-1104-5166-1616,0,0,1,0,0,0,0,0,0
TMTTYZ3CX_1423-619-1935-1131,0,0,1,0,1,0,0,0,0
TMTTYZ3CX_11278-662-11790-1174,0,0,0,0,1,0,0,0,0
TMTTYZ3CX_6914-2539-7426-3051,0,0,0,0,1,0,0,0,0
TMTTYZ3CX_630-466-1142-978,0,0,1,0,0,0,0,0,0
TMTTYZ3CX_6929-2821-7441-3333,0,0,0,0,1,0,0,0,0
TMTTYZ3CX_6936-656-7448-1168,0,0,0,0,1,0,0,0,0
TMTTYZ3CX_6940-2196-7452-2708,0,0,0,0,1,0,0,0,0
TMTTYZ3CX_7458-1888-7970-2400,0,0,0,0,1,0,0,0,0
TMTTYZ3CX_7505-1177-8017-1689,0,0,0,0,1,0,0,0,0
TMTTYZ3CX_7459-838-7971-1350,0,0,0,0,1,0,0,0,0
TMTTYZ3CX_6949-1855-7461-2367,0,0,0,0,1,0,0,0,0
TMTTYZ3CX_6947-1498-7459-2010,0,0,0,0,1,0,0,0,0
TMTTYZ3CX_7476-2811-7988-3323,0,0,0,0,1,0,0,0,0
TMTTYZ3CX_6945-1142-7457-1654,0,0,0,0,1,0,0,0,0
TMTTYZ3CX_8570-2596-9082-3108,0,0,0,0,1,0,0,0,0
TMTTYZ3CX_8867-2431-9379-2943,0,0,0,0,1,0,0,0,0
TMTTYZ3CX_7469-2336-7981-2848,0,0,0,0,1,0,0,0,0
TMTTYZ3CX_7505-1567-8017-2079,0,0,0,0,1,0,0,0,0
TMTTYZ3CX_8449-1344-8961-1856,0,0,1,0,0,0,0,0,0
TMTTYZ3CX_8294-1771-8806-2283,0,0,1,0,0,0,0,0,0
TMTTYZ3CX_9342-2076-9854-2588,0,0,0,0,1,0,0,0,0
TMTTYZ3CX_9794-1374-10306-1886,0,0,0,0,1,0,0,0,0
TMTTYZ3CX_9419-1723-9931-2235,0,0,0,0,1,0,0,0,0
TMUKCM4UK_1060-976-1572-1488,0,0,0,1,0,0,0,0,0
TMUKCM4UK_5542-3338-6054-3850,0,0,0,1,0,0,0,0,0
TMZN6ZCU6_1273-2617-1785-3129,0,0,0,0,0,1,0,0,0
TMZN6ZCU6_1785-2617-2297-3129,0,0,0,0,0,1,0,0,0
TMUKCM4UK_2965-1896-3477-2408,0,0,0,1,0,0,0,0,0
TMUKCM4UK_404-2329-916-2841,0,0,0,1,0,0,0,0,0
TMUKCM4UK_1490-1653-2002-2165,0,0,0,1,0,0,0,0,0
TMZN6ZCU6_2297-2617-2809-3129,0,0,0,0,0,1,0,0,0
TMZN6ZCU6_3981-541-4493-1053,0,0,0,0,0,1,0,0,0
TMZN6ZCU6_5103-2671-5615-3183,0,0,0,0,0,1,0,0,0
TMZN6ZCU6_2809-2617-3321-3129,0,0,0,0,0,1,0,0,0
TMZN6ZCU6_3469-541-3981-1053,0,0,0,0,0,1,0,0,0
TMZN6ZCU6_4493-541-5005-1053,0,0,0,0,0,1,0,0,0
TMZN6ZCU6_716-6039-1228-6551,0,0,0,0,0,1,0,0,0
TMZN6ZCU6_5005-541-5517-1053,0,0,0,0,0,1,0,0,0
TMZN6ZCU6_761-2617-1273-3129,0,0,0,0,0,1,0,0,0
TMZN6ZCU6_7872-2510-8384-3022,0,0,0,0,0,1,0,0,0
TN6YJVVLC_2716-2260-3228-2772,0,0,0,0,0,0,0,0,1
TN6YJVVLC_2818-1953-3330-2465,0,0,0,0,0,0,0,0,1
TNA8UDELV_2073-619-2585-1131,0,0,0,1,0,0,0,0,0
TP3INZJ8Z_1253-3633-1765-4145,0,1,0,0,0,0,0,0,0
TNA8UDELV_1561-2155-2073-2667,0,0,0,1,0,0,0,0,0
TN6YJVVLC_7502-614-8014-1126,0,0,0,0,0,0,0,0,1
TNA8UDELV_2073-1643-2585-2155,0,0,0,1,0,0,0,0,0
TNA8UDELV_1049-3179-1561-3691,0,0,0,1,0,0,0,0,0
TN6YJVVLC_3122-2035-3634-2547,0,0,0,0,0,0,0,0,1
TNA8UDELV_2073-2155-2585-2667,0,0,0,1,0,0,0,0,0
TNA8UDELV_2073-1131-2585-1643,0,0,0,1,0,0,0,0,0
TP3INZJ8Z_1253-4657-1765-5169,0,1,0,0,0,0,0,0,0
TNA8UDELV_1561-2667-2073-3179,0,0,0,1,0,0,0,0,0
TNA8UDELV_537-3691-1049-4203,0,0,0,1,0,0,0,0,0
TP3INZJ8Z_1253-4145-1765-4657,0,1,0,0,0,0,0,0,0
TP3INZJ8Z_1253-6193-1765-6705,0,1,0,0,0,0,0,0,0
TP3INZJ8Z_1765-5169-2277-5681,0,1,0,0,0,0,0,0,0
TP3INZJ8Z_1765-3633-2277-4145,0,1,0,0,0,0,0,0,0
TP3INZJ8Z_1765-6193-2277-6705,0,1,0,0,0,0,0,0,0
TP3INZJ8Z_1765-6705-2277-7217,0,1,0,0,0,0,0,0,0
TP3INZJ8Z_2141-1766-2653-2278,0,1,0,0,0,0,0,0,0
TP3INZJ8Z_2789-3633-3301-4145,0,1,0,0,0,0,0,0,0
TP3INZJ8Z_2141-2278-2653-2790,0,1,0,0,0,0,0,0,0
TP3INZJ8Z_2277-6193-2789-6705,0,1,0,0,0,0,0,0,0
TP3INZJ8Z_2141-2790-2653-3302,0,1,0,0,0,0,0,0,0
TP3INZJ8Z_2277-3633-2789-4145,0,1,0,0,0,0,0,0,0
TP3INZJ8Z_2277-6705-2789-7217,0,1,0,0,0,0,0,0,0
TP3INZJ8Z_2789-5681-3301-6193,0,1,0,0,0,0,0,0,0
TP3INZJ8Z_2653-1766-3165-2278,0,1,0,0,0,0,0,0,0
TP3INZJ8Z_2277-5681-2789-6193,0,1,0,0,0,0,0,0,0
TP3INZJ8Z_2653-2790-3165-3302,0,1,0,0,0,0,0,0,0
TP3INZJ8Z_2709-1072-3221-1584,0,1,0,0,0,0,0,0,0
TP3INZJ8Z_2789-6193-3301-6705,0,1,0,0,0,0,0,0,0
TP3INZJ8Z_3165-1766-3677-2278,0,1,0,0,0,0,0,0,0
TP3INZJ8Z_2789-6705-3301-7217,0,1,0,0,0,0,0,0,0
TP3INZJ8Z_3221-1072-3733-1584,0,1,0,0,0,0,0,0,0
TP3INZJ8Z_3165-2790-3677-3302,0,1,0,0,0,0,0,0,0
TP3INZJ8Z_3301-4145-3813-4657,0,1,0,0,0,0,0,0,0
TP3INZJ8Z_3301-7217-3813-7729,0,1,0,0,0,0,0,0,0
TP3INZJ8Z_3813-4145-4325-4657,0,1,0,0,0,0,0,0,0
TP3INZJ8Z_4156-937-4668-1449,0,1,0,0,0,0,0,0,0
TP3INZJ8Z_3813-6705-4325-7217,0,1,0,0,0,0,0,0,0
TP3INZJ8Z_3813-6193-4325-6705,0,1,0,0,0,0,0,0,0
TP3INZJ8Z_3813-4657-4325-5169,0,1,0,0,0,0,0,0,0
TP3INZJ8Z_3677-1766-4189-2278,0,1,0,0,0,0,0,0,0
TP3INZJ8Z_3301-5169-3813-5681,0,1,0,0,0,0,0,0,0
TP3INZJ8Z_3813-5169-4325-5681,0,1,0,0,0,0,0,0,0
TP3INZJ8Z_4156-1961-4668-2473,0,1,0,0,0,0,0,0,0
TP3INZJ8Z_3677-2278-4189-2790,0,1,0,0,0,0,0,0,0
TP3INZJ8Z_4156-1449-4668-1961,0,1,0,0,0,0,0,0,0
TP3INZJ8Z_4325-5169-4837-5681,0,1,0,0,0,0,0,0,0
TP3INZJ8Z_4325-6193-4837-6705,0,1,0,0,0,0,0,0,0
TP3INZJ8Z_4189-2278-4701-2790,0,1,0,0,0,0,0,0,0
TP3INZJ8Z_4325-6705-4837-7217,0,1,0,0,0,0,0,0,0
TP3INZJ8Z_4668-1449-5180-1961,0,1,0,0,0,0,0,0,0
TP3INZJ8Z_4837-6705-5349-7217,0,1,0,0,0,0,0,0,0
TP3INZJ8Z_4837-6193-5349-6705,0,1,0,0,0,0,0,0,0
TP3INZJ8Z_4668-1961-5180-2473,0,1,0,0,0,0,0,0,0
TP3INZJ8Z_5349-6705-5861-7217,0,1,0,0,0,0,0,0,0
TP3INZJ8Z_4837-5169-5349-5681,0,1,0,0,0,0,0,0,0
TP3INZJ8Z_4837-7217-5349-7729,0,1,0,0,0,0,0,0,0
TP3INZJ8Z_4668-937-5180-1449,0,1,0,0,0,0,0,0,0
TP3INZJ8Z_5861-3633-6373-4145,0,1,0,0,0,0,0,0,0
TP3INZJ8Z_5349-5169-5861-5681,0,1,0,0,0,0,0,0,0
TP3INZJ8Z_4837-7729-5349-8241,0,1,0,0,0,0,0,0,0
TP3INZJ8Z_5349-6193-5861-6705,0,1,0,0,0,0,0,0,0
TP3INZJ8Z_5861-4657-6373-5169,0,1,0,0,0,0,0,0,0
TP3INZJ8Z_5349-7729-5861-8241,0,1,0,0,0,0,0,0,0
TP3INZJ8Z_5861-5681-6373-6193,0,1,0,0,0,0,0,0,0
TP3INZJ8Z_5861-6705-6373-7217,0,1,0,0,0,0,0,0,0
TP3INZJ8Z_5861-5169-6373-5681,0,1,0,0,0,0,0,0,0
TP3INZJ8Z_5861-7217-6373-7729,0,1,0,0,0,0,0,0,0
TP3INZJ8Z_5861-6193-6373-6705,0,1,0,0,0,0,0,0,0
TP3INZJ8Z_5897-2174-6409-2686,0,1,0,0,0,0,0,0,0
TPUX9VF4B_7953-3855-8465-4367,0,0,1,0,0,0,0,0,0
TP3INZJ8Z_5861-7729-6373-8241,0,1,0,0,0,0,0,0,0
TQ3GNYTE7_1099-4143-1611-4655,1,0,0,0,0,0,0,0,0
TPUX9VF4B_8053-2168-8565-2680,0,0,1,0,0,0,0,0,0
TPUX9VF4B_2314-3739-2826-4251,0,0,1,0,0,0,0,0,0
TP3INZJ8Z_5897-2686-6409-3198,0,1,0,0,0,0,0,0,0
TPUX9VF4B_2826-3739-3338-4251,0,0,1,0,0,0,0,0,0
TQ2DMVXUB_9226-483-9738-995,0,0,0,0,0,0,1,0,0
TP3INZJ8Z_5897-3198-6409-3710,0,1,0,0,0,0,0,0,0
TPUX9VF4B_998-904-1510-1416,0,0,1,0,0,0,0,0,0
TQ3GNYTE7_1099-3119-1611-3631,1,0,0,0,0,0,0,0,0
TQ3GNYTE7_1099-3631-1611-4143,1,0,0,0,0,0,0,0,0
TQ3GNYTE7_1611-4655-2123-5167,1,0,0,0,0,0,0,0,0
TQ3GNYTE7_1611-4143-2123-4655,1,0,0,0,0,0,0,0,0
TQ3GNYTE7_1611-5167-2123-5679,1,0,0,0,0,0,0,0,0
TQ3GNYTE7_1099-5167-1611-5679,1,0,0,0,0,0,0,0,0
TQ3GNYTE7_1099-4655-1611-5167,1,0,0,0,0,0,0,0,0
TQ3GNYTE7_1667-3719-2179-4231,1,0,0,0,0,0,0,0,0
TQ3GNYTE7_1829-1915-2341-2427,1,0,0,0,0,0,0,0,0
TQ3GNYTE7_587-4143-1099-4655,1,0,0,0,0,0,0,0,0
TQ3GNYTE7_587-4655-1099-5167,1,0,0,0,0,0,0,0,0
TQ3GNYTE7_1849-396-2361-908,1,0,0,0,0,0,0,0,0
TQ3GNYTE7_587-3631-1099-4143,1,0,0,0,0,0,0,0,0
TQCB64XNC_1778-425-2290-937,0,0,1,0,0,0,0,0,0
TQ3GNYTE7_587-5167-1099-5679,1,0,0,0,0,0,0,0,0
TQ3GNYTE7_587-3119-1099-3631,1,0,0,0,0,0,0,0,0
TQCB64XNC_2290-425-2802-937,0,0,1,0,0,0,0,0,0
TQCB64XNC_1266-425-1778-937,0,0,1,0,0,0,0,0,0
TQCB64XNC_2771-5472-3283-5984,0,0,1,0,0,0,0,0,0
TQCB64XNC_1036-782-1548-1294,0,0,0,0,0,1,0,0,0
TQCB64XNC_3826-425-4338-937,0,0,1,0,0,0,0,0,0
TQCB64XNC_2802-425-3314-937,0,0,1,0,0,0,0,0,0
TQCB64XNC_3314-425-3826-937,0,0,1,0,0,0,0,0,0
TQCB64XNC_2771-5984-3283-6496,0,0,1,0,0,0,0,0,0
TQCB64XNC_3283-5984-3795-6496,0,0,1,0,0,0,0,0,0
TQCB64XNC_4338-425-4850-937,0,0,1,0,0,0,0,0,0
TQCB64XNC_4850-425-5362-937,0,0,1,0,0,0,0,0,0
TQCB64XNC_5362-425-5874-937,0,0,1,0,0,0,0,0,0
TQCB64XNC_5874-425-6386-937,0,0,1,0,0,0,0,0,0
TQCB64XNC_6985-5855-7497-6367,0,0,0,0,0,1,0,0,0
TQCB64XNC_6316-5629-6828-6141,0,0,0,0,0,1,0,0,0
TQCB64XNC_6898-425-7410-937,0,0,1,0,0,0,0,0,0
TQCB64XNC_7100-1049-7612-1561,0,0,1,0,0,0,0,0,0
TQCB64XNC_6386-425-6898-937,0,0,1,0,0,0,0,0,0
TQCB64XNC_7100-1561-7612-2073,0,0,1,0,0,0,0,0,0
TQCB64XNC_7100-2073-7612-2585,0,0,1,0,0,0,0,0,0
TR7ANWP9Z_1338-2668-1850-3180,0,0,0,1,0,0,0,0,0
TQCB64XNC_754-425-1266-937,0,0,1,0,0,0,0,0,0
TRA7WU8YI_10014-14015-10526-14527,1,0,0,0,0,0,0,0,0
TR7ANWP9Z_1487-2474-1999-2986,0,0,0,1,0,0,0,0,0
TR7ANWP9Z_2285-598-2797-1110,0,0,0,1,0,0,0,0,0
TR7ANWP9Z_1338-3180-1850-3692,0,0,0,1,0,0,0,0,0
TR7ANWP9Z_1878-1308-2390-1820,0,0,0,1,0,0,0,0,0
TRA7WU8YI_10222-7199-10734-7711,1,0,0,0,0,0,0,0,0
TRA7WU8YI_10222-8223-10734-8735,1,0,0,0,0,0,0,0,0
TRA7WU8YI_10222-7711-10734-8223,1,0,0,0,0,0,0,0,0
TRA7WU8YI_10734-8735-11246-9247,1,0,0,0,0,0,0,0,0
TRA7WU8YI_11246-7199-11758-7711,1,0,0,0,0,0,0,0,0
TRA7WU8YI_10734-8223-11246-8735,1,0,0,0,0,0,0,0,0
TRA7WU8YI_11246-8223-11758-8735,1,0,0,0,0,0,0,0,0
TRA7WU8YI_11246-9247-11758-9759,1,0,0,0,0,0,0,0,0
TRA7WU8YI_10734-7199-11246-7711,1,0,0,0,0,0,0,0,0
TRA7WU8YI_11758-7199-12270-7711,1,0,0,0,0,0,0,0,0
TRA7WU8YI_11758-8223-12270-8735,1,0,0,0,0,0,0,0,0
TRA7WU8YI_10222-8735-10734-9247,1,0,0,0,0,0,0,0,0
TRA7WU8YI_11246-8735-11758-9247,1,0,0,0,0,0,0,0,0
TRA7WU8YI_11758-8735-12270-9247,1,0,0,0,0,0,0,0,0
TRA7WU8YI_12270-8223-12782-8735,1,0,0,0,0,0,0,0,0
TRA7WU8YI_11758-9247-12270-9759,1,0,0,0,0,0,0,0,0
TRA7WU8YI_12270-7199-12782-7711,1,0,0,0,0,0,0,0,0
TRA7WU8YI_12270-8735-12782-9247,1,0,0,0,0,0,0,0,0
TRA7WU8YI_1450-15580-1962-16092,1,0,0,0,0,0,0,0,0
TRA7WU8YI_1266-19944-1778-20456,1,0,0,0,0,0,0,0,0
TRA7WU8YI_12782-8223-13294-8735,1,0,0,0,0,0,0,0,0
TRA7WU8YI_13294-7199-13806-7711,1,0,0,0,0,0,0,0,0
TRA7WU8YI_12782-7199-13294-7711,1,0,0,0,0,0,0,0,0
TRA7WU8YI_1266-18920-1778-19432,1,0,0,0,0,0,0,0,0
TRA7WU8YI_13806-7199-14318-7711,1,0,0,0,0,0,0,0,0
TRA7WU8YI_14318-7199-14830-7711,1,0,0,0,0,0,0,0,0
TRA7WU8YI_1450-16604-1962-17116,1,0,0,0,0,0,0,0,0
TRA7WU8YI_1450-20188-1962-20700,1,0,0,0,0,0,0,0,0
TRA7WU8YI_1368-15002-1880-15514,1,0,0,0,0,0,0,0,0
TRA7WU8YI_1450-19676-1962-20188,1,0,0,0,0,0,0,0,0
TRA7WU8YI_1450-16092-1962-16604,1,0,0,0,0,0,0,0,0
TRA7WU8YI_1450-20700-1962-21212,1,0,0,0,0,0,0,0,0
TRA7WU8YI_1507-12930-2019-13442,1,0,0,0,0,0,0,0,0
TRA7WU8YI_1505-19385-2017-19897,1,0,0,0,0,0,0,0,0
TRA7WU8YI_1507-13954-2019-14466,1,0,0,0,0,0,0,0,0
TRA7WU8YI_14830-7199-15342-7711,1,0,0,0,0,0,0,0,0
TRA7WU8YI_16366-7199-16878-7711,1,0,0,0,0,0,0,0,0
TRA7WU8YI_15342-7199-15854-7711,1,0,0,0,0,0,0,0,0
TRA7WU8YI_16878-9247-17390-9759,1,0,0,0,0,0,0,0,0
TRA7WU8YI_15854-7199-16366-7711,1,0,0,0,0,0,0,0,0
TRA7WU8YI_17390-7199-17902-7711,1,0,0,0,0,0,0,0,0
TRA7WU8YI_16878-7199-17390-7711,1,0,0,0,0,0,0,0,0
TRA7WU8YI_16366-9247-16878-9759,1,0,0,0,0,0,0,0,0
TRA7WU8YI_17902-7199-18414-7711,1,0,0,0,0,0,0,0,0
TRA7WU8YI_18414-7199-18926-7711,1,0,0,0,0,0,0,0,0
TRA7WU8YI_17390-9247-17902-9759,1,0,0,0,0,0,0,0,0
TRA7WU8YI_18414-9247-18926-9759,1,0,0,0,0,0,0,0,0
TRA7WU8YI_1778-19432-2290-19944,1,0,0,0,0,0,0,0,0
TRA7WU8YI_17902-9247-18414-9759,1,0,0,0,0,0,0,0,0
TRA7WU8YI_2017-19897-2529-20409,1,0,0,0,0,0,0,0,0
TRA7WU8YI_1962-20700-2474-21212,1,0,0,0,0,0,0,0,0
TRA7WU8YI_1880-15002-2392-15514,1,0,0,0,0,0,0,0,0
TRA7WU8YI_1962-15580-2474-16092,1,0,0,0,0,0,0,0,0
TRA7WU8YI_2017-20409-2529-20921,1,0,0,0,0,0,0,0,0
TRA7WU8YI_2474-20188-2986-20700,1,0,0,0,0,0,0,0,0
TRA7WU8YI_2474-15580-2986-16092,1,0,0,0,0,0,0,0,0
TRA7WU8YI_2019-12930-2531-13442,1,0,0,0,0,0,0,0,0
TRA7WU8YI_2019-13954-2531-14466,1,0,0,0,0,0,0,0,0
TRA7WU8YI_2392-15002-2904-15514,1,0,0,0,0,0,0,0,0
TRA7WU8YI_2529-19897-3041-20409,1,0,0,0,0,0,0,0,0
TRA7WU8YI_2904-15002-3416-15514,1,0,0,0,0,0,0,0,0
TRA7WU8YI_2474-20700-2986-21212,1,0,0,0,0,0,0,0,0
TRA7WU8YI_2531-13954-3043-14466,1,0,0,0,0,0,0,0,0
TRA7WU8YI_2531-12930-3043-13442,1,0,0,0,0,0,0,0,0
TRA7WU8YI_2986-19676-3498-20188,1,0,0,0,0,0,0,0,0
TRA7WU8YI_2986-15580-3498-16092,1,0,0,0,0,0,0,0,0
TRA7WU8YI_3043-13442-3555-13954,1,0,0,0,0,0,0,0,0
TRA7WU8YI_3416-15002-3928-15514,1,0,0,0,0,0,0,0,0
TRA7WU8YI_3043-13954-3555-14466,1,0,0,0,0,0,0,0,0
TRA7WU8YI_3300-9478-3812-9990,1,0,0,0,0,0,0,0,0
TRA7WU8YI_3498-15580-4010-16092,1,0,0,0,0,0,0,0,0
TRA7WU8YI_3498-20188-4010-20700,1,0,0,0,0,0,0,0,0
TRA7WU8YI_4067-13442-4579-13954,1,0,0,0,0,0,0,0,0
TRA7WU8YI_3555-13442-4067-13954,1,0,0,0,0,0,0,0,0
TRA7WU8YI_3928-15002-4440-15514,1,0,0,0,0,0,0,0,0
TRA7WU8YI_4010-20188-4522-20700,1,0,0,0,0,0,0,0,0
TRA7WU8YI_4192-9349-4704-9861,1,0,0,0,0,0,0,0,0
TRA7WU8YI_4440-15002-4952-15514,1,0,0,0,0,0,0,0,0
TRA7WU8YI_3555-13954-4067-14466,1,0,0,0,0,0,0,0,0
TRA7WU8YI_4010-15580-4522-16092,1,0,0,0,0,0,0,0,0
TRA7WU8YI_4067-13954-4579-14466,1,0,0,0,0,0,0,0,0
TRA7WU8YI_4522-15580-5034-16092,1,0,0,0,0,0,0,0,0
TRA7WU8YI_4010-20700-4522-21212,1,0,0,0,0,0,0,0,0
TRA7WU8YI_4522-20700-5034-21212,1,0,0,0,0,0,0,0,0
TRA7WU8YI_5034-15580-5546-16092,1,0,0,0,0,0,0,0,0
TRA7WU8YI_4579-13442-5091-13954,1,0,0,0,0,0,0,0,0
TRA7WU8YI_4579-13954-5091-14466,1,0,0,0,0,0,0,0,0
TRA7WU8YI_4952-15002-5464-15514,1,0,0,0,0,0,0,0,0
TRA7WU8YI_5034-20700-5546-21212,1,0,0,0,0,0,0,0,0
TRA7WU8YI_5091-13442-5603-13954,1,0,0,0,0,0,0,0,0
TRA7WU8YI_5546-15580-6058-16092,1,0,0,0,0,0,0,0,0
TRA7WU8YI_6627-13954-7139-14466,1,0,0,0,0,0,0,0,0
TRA7WU8YI_5976-15002-6488-15514,1,0,0,0,0,0,0,0,0
TRA7WU8YI_5603-13954-6115-14466,1,0,0,0,0,0,0,0,0
TRA7WU8YI_6058-15580-6570-16092,1,0,0,0,0,0,0,0,0
TRA7WU8YI_5464-15002-5976-15514,1,0,0,0,0,0,0,0,0
TRA7WU8YI_6488-15002-7000-15514,1,0,0,0,0,0,0,0,0
TRA7WU8YI_5091-13954-5603-14466,1,0,0,0,0,0,0,0,0
TRA7WU8YI_5546-20700-6058-21212,1,0,0,0,0,0,0,0,0
TRA7WU8YI_6115-13954-6627-14466,1,0,0,0,0,0,0,0,0
TRA7WU8YI_6570-15580-7082-16092,1,0,0,0,0,0,0,0,0
TRA7WU8YI_7000-15002-7512-15514,1,0,0,0,0,0,0,0,0
TRA7WU8YI_7082-15580-7594-16092,1,0,0,0,0,0,0,0,0
TRA7WU8YI_7139-13954-7651-14466,1,0,0,0,0,0,0,0,0
TRA7WU8YI_7512-15002-8024-15514,1,0,0,0,0,0,0,0,0
TRA7WU8YI_754-18920-1266-19432,1,0,0,0,0,0,0,0,0
TRA7WU8YI_7594-15580-8106-16092,1,0,0,0,0,0,0,0,0
TRA7WU8YI_8024-15002-8536-15514,1,0,0,0,0,0,0,0,0
TRA7WU8YI_8106-15580-8618-16092,1,0,0,0,0,0,0,0,0
TRA7WU8YI_8292-9170-8804-9682,1,0,0,0,0,0,0,0,0
TRA7WU8YI_8618-15580-9130-16092,1,0,0,0,0,0,0,0,0
TRA7WU8YI_8675-13954-9187-14466,1,0,0,0,0,0,0,0,0
TRA7WU8YI_9030-5133-9542-5645,1,0,0,0,0,0,0,0,0
TRA7WU8YI_9048-15002-9560-15514,1,0,0,0,0,0,0,0,0
TRA7WU8YI_7651-13954-8163-14466,1,0,0,0,0,0,0,0,0
TRA7WU8YI_8163-13954-8675-14466,1,0,0,0,0,0,0,0,0
TRA7WU8YI_8785-9758-9297-10270,1,0,0,0,0,0,0,0,0
TRA7WU8YI_8536-15002-9048-15514,1,0,0,0,0,0,0,0,0
TRA7WU8YI_9018-9358-9530-9870,1,0,0,0,0,0,0,0,0
TRA7WU8YI_9052-5696-9564-6208,1,0,0,0,0,0,0,0,0
TRA7WU8YI_938-16604-1450-17116,1,0,0,0,0,0,0,0,0
TRA7WU8YI_9187-13954-9699-14466,1,0,0,0,0,0,0,0,0
TRA7WU8YI_9130-15580-9642-16092,1,0,0,0,0,0,0,0,0
TRA7WU8YI_938-17116-1450-17628,1,0,0,0,0,0,0,0,0
TRA7WU8YI_938-17628-1450-18140,1,0,0,0,0,0,0,0,0
TRA7WU8YI_938-18140-1450-18652,1,0,0,0,0,0,0,0,0
TRA7WU8YI_938-18652-1450-19164,1,0,0,0,0,0,0,0,0
TRA7WU8YI_938-19164-1450-19676,1,0,0,0,0,0,0,0,0
TRA7WU8YI_9606-6388-10118-6900,1,0,0,0,0,0,0,0,0
TRA7WU8YI_9642-15580-10154-16092,1,0,0,0,0,0,0,0,0
TRA7WU8YI_9642-16604-10154-17116,1,0,0,0,0,0,0,0,0
TRA7WU8YI_9530-9358-10042-9870,1,0,0,0,0,0,0,0,0
TRA7WU8YI_938-20188-1450-20700,1,0,0,0,0,0,0,0,0
TRA7WU8YI_9560-15002-10072-15514,1,0,0,0,0,0,0,0,0
TRA7WU8YI_9642-17628-10154-18140,1,0,0,0,0,0,0,0,0
TRA7WU8YI_9642-17116-10154-17628,1,0,0,0,0,0,0,0,0
TRA7WU8YI_9642-16092-10154-16604,1,0,0,0,0,0,0,0,0
TRA7WU8YI_9642-18140-10154-18652,1,0,0,0,0,0,0,0,0
TRA7WU8YI_9642-19676-10154-20188,1,0,0,0,0,0,0,0,0
TRA7WU8YI_9642-19164-10154-19676,1,0,0,0,0,0,0,0,0
TRA7WU8YI_9642-18652-10154-19164,1,0,0,0,0,0,0,0,0
TRA7WU8YI_9642-20188-10154-20700,1,0,0,0,0,0,0,0,0
TRA7WU8YI_9699-13954-10211-14466,1,0,0,0,0,0,0,0,0
TRA7WU8YI_9642-20700-10154-21212,1,0,0,0,0,0,0,0,0
TRA7WU8YI_995-13442-1507-13954,1,0,0,0,0,0,0,0,0
TRN1P3VBE_5391-1716-5903-2228,0,0,0,0,0,0,1,0,0
TRA7WU8YI_993-19897-1505-20409,1,0,0,0,0,0,0,0,0
TRN1P3VBE_4879-1716-5391-2228,0,0,0,0,0,0,1,0,0
TRN1P3VBE_5099-1475-5611-1987,0,0,0,0,0,0,1,0,0
TRA7WU8YI_993-20921-1505-21433,1,0,0,0,0,0,0,0,0
TRA7WU8YI_995-12930-1507-13442,1,0,0,0,0,0,0,0,0
TRN1P3VBE_738-1640-1250-2152,0,0,0,0,0,0,1,0,0
TRA7WU8YI_995-13954-1507-14466,1,0,0,0,0,0,0,0,0
TRR63ZEUY_2432-7866-2944-8378,0,0,0,1,0,0,0,0,0
TRR63ZEUY_3852-5329-4364-5841,0,0,0,1,0,0,0,0,0
TRR63ZEUY_4364-5329-4876-5841,0,0,0,1,0,0,0,0,0
TRR63ZEUY_3852-5841-4364-6353,0,0,0,1,0,0,0,0,0
TRR63ZEUY_4364-5841-4876-6353,0,0,0,1,0,0,0,0,0
TRR63ZEUY_829-2204-1341-2716,0,0,0,1,0,0,0,0,0
TT1DQYPB4_2251-5871-2763-6383,0,0,0,0,1,0,0,0,0
TT1DQYPB4_1711-5820-2223-6332,0,0,0,0,1,0,0,0,0
TT1DQYPB4_2119-1017-2631-1529,0,0,0,0,1,0,0,0,0
TT1DQYPB4_1547-815-2059-1327,0,0,0,0,1,0,0,0,0
TT1DQYPB4_2984-5414-3496-5926,0,0,0,0,1,1,0,0,0
TT1DQYPB4_2528-708-3040-1220,0,0,0,0,1,0,0,0,0
TT1DQYPB4_2747-5316-3259-5828,0,0,0,0,1,1,0,0,0
TT1DQYPB4_2914-691-3426-1203,0,0,0,0,1,0,0,0,0
TT1DQYPB4_3043-5984-3555-6496,0,0,0,0,0,1,0,0,0
TT1DQYPB4_866-5551-1378-6063,0,0,0,0,1,0,0,0,0
TT1DQYPB4_3284-655-3796-1167,0,0,0,0,1,1,0,0,0
TT1DQYPB4_789-5876-1301-6388,0,0,0,0,1,1,0,0,0
TTYZVJBZY_10009-1084-10521-1596,0,1,0,0,0,0,0,0,0
TTYZVJBZY_10009-4156-10521-4668,0,1,0,0,0,0,0,0,0
TTYZVJBZY_10009-572-10521-1084,0,1,0,0,0,0,0,0,0
TTYZVJBZY_10009-5692-10521-6204,0,1,0,0,0,0,0,0,0
TTYZVJBZY_10009-5180-10521-5692,0,1,0,0,0,0,0,0,0
TTYZVJBZY_10009-7740-10521-8252,0,1,0,0,0,0,0,0,0
TTYZVJBZY_10521-7228-11033-7740,0,1,0,0,0,0,0,0,0
TTYZVJBZY_10521-1596-11033-2108,0,1,0,0,0,0,0,0,0
TTYZVJBZY_11033-3644-11545-4156,0,1,0,0,0,0,0,0,0
TTYZVJBZY_10521-572-11033-1084,0,1,0,0,0,0,0,0,0
TTYZVJBZY_10521-6716-11033-7228,0,1,0,0,0,0,0,0,0
TTYZVJBZY_11033-3132-11545-3644,0,1,0,0,0,0,0,0,0
TTYZVJBZY_11033-1596-11545-2108,0,1,0,0,0,0,0,0,0
TTYZVJBZY_10521-4156-11033-4668,0,1,0,0,0,0,0,0,0
TTYZVJBZY_11033-2108-11545-2620,0,1,0,0,0,0,0,0,0
TTYZVJBZY_11033-2620-11545-3132,0,1,0,0,0,0,0,0,0
TTYZVJBZY_10521-1084-11033-1596,0,1,0,0,0,0,0,0,0
TTYZVJBZY_10521-5692-11033-6204,0,1,0,0,0,0,0,0,0
TTYZVJBZY_11033-4156-11545-4668,0,1,0,0,0,0,0,0,0
TTYZVJBZY_1305-1596-1817-2108,0,1,0,0,0,0,0,0,0
TTYZVJBZY_11033-6204-11545-6716,0,1,0,0,0,0,0,0,0
TTYZVJBZY_1305-9788-1817-10300,0,1,0,0,0,0,0,0,0
TTYZVJBZY_11033-6716-11545-7228,0,1,0,0,0,0,0,0,0
TTYZVJBZY_1817-1084-2329-1596,0,1,0,0,0,0,0,0,0
TTYZVJBZY_2329-9788-2841-10300,0,1,0,0,0,0,0,0,0
TTYZVJBZY_2329-1084-2841-1596,0,1,0,0,0,0,0,0,0
TTYZVJBZY_1817-9788-2329-10300,0,1,0,0,0,0,0,0,0
TTYZVJBZY_3353-572-3865-1084,0,1,0,0,0,0,0,0,0
TTYZVJBZY_2841-9788-3353-10300,0,1,0,0,0,0,0,0,0
TTYZVJBZY_4377-9788-4889-10300,0,1,0,0,0,0,0,0,0
TTYZVJBZY_2841-572-3353-1084,0,1,0,0,0,0,0,0,0
TTYZVJBZY_4377-572-4889-1084,0,1,0,0,0,0,0,0,0
TTYZVJBZY_2329-572-2841-1084,0,1,0,0,0,0,0,0,0
TTYZVJBZY_3353-9788-3865-10300,0,1,0,0,0,0,0,0,0
TTYZVJBZY_3865-9788-4377-10300,0,1,0,0,0,0,0,0,0
TTYZVJBZY_3865-572-4377-1084,0,1,0,0,0,0,0,0,0
TTYZVJBZY_4889-572-5401-1084,0,1,0,0,0,0,0,0,0
TTYZVJBZY_5401-572-5913-1084,0,1,0,0,0,0,0,0,0
TTYZVJBZY_5401-9276-5913-9788,0,1,0,0,0,0,0,0,0
TTYZVJBZY_5913-572-6425-1084,0,1,0,0,0,0,0,0,0
TTYZVJBZY_4889-9276-5401-9788,0,1,0,0,0,0,0,0,0
TTYZVJBZY_6425-8764-6937-9276,0,1,0,0,0,0,0,0,0
TTYZVJBZY_7449-572-7961-1084,0,1,0,0,0,0,0,0,0
TTYZVJBZY_6937-572-7449-1084,0,1,0,0,0,0,0,0,0
TTYZVJBZY_7449-6204-7961-6716,0,1,0,0,0,0,0,0,0
TTYZVJBZY_6937-8764-7449-9276,0,1,0,0,0,0,0,0,0
TTYZVJBZY_6425-572-6937-1084,0,1,0,0,0,0,0,0,0
TTYZVJBZY_5913-8764-6425-9276,0,1,0,0,0,0,0,0,0
TTYZVJBZY_7449-7228-7961-7740,0,1,0,0,0,0,0,0,0
TTYZVJBZY_7449-5692-7961-6204,0,1,0,0,0,0,0,0,0
TTYZVJBZY_7449-6716-7961-7228,0,1,0,0,0,0,0,0,0
TTYZVJBZY_793-2108-1305-2620,0,1,0,0,0,0,0,0,0
TTYZVJBZY_793-1596-1305-2108,0,1,0,0,0,0,0,0,0
TTYZVJBZY_7449-8764-7961-9276,0,1,0,0,0,0,0,0,0
TTYZVJBZY_793-2620-1305-3132,0,1,0,0,0,0,0,0,0
TTYZVJBZY_793-4156-1305-4668,0,1,0,0,0,0,0,0,0
TTYZVJBZY_793-3644-1305-4156,0,1,0,0,0,0,0,0,0
TTYZVJBZY_793-3132-1305-3644,0,1,0,0,0,0,0,0,0
TTYZVJBZY_793-4668-1305-5180,0,1,0,0,0,0,0,0,0
TTYZVJBZY_793-6204-1305-6716,0,1,0,0,0,0,0,0,0
TTYZVJBZY_793-8252-1305-8764,0,1,0,0,0,0,0,0,0
TTYZVJBZY_793-5692-1305-6204,0,1,0,0,0,0,0,0,0
TTYZVJBZY_793-6716-1305-7228,0,1,0,0,0,0,0,0,0
TTYZVJBZY_7961-3132-8473-3644,0,1,0,0,0,0,0,0,0
TTYZVJBZY_793-7228-1305-7740,0,1,0,0,0,0,0,0,0
TTYZVJBZY_793-8764-1305-9276,0,1,0,0,0,0,0,0,0
TTYZVJBZY_793-5180-1305-5692,0,1,0,0,0,0,0,0,0
TTYZVJBZY_7961-3644-8473-4156,0,1,0,0,0,0,0,0,0
TTYZVJBZY_793-9276-1305-9788,0,1,0,0,0,0,0,0,0
TTYZVJBZY_7961-4156-8473-4668,0,1,0,0,0,0,0,0,0
TTYZVJBZY_793-9788-1305-10300,0,1,0,0,0,0,0,0,0
TTYZVJBZY_793-7740-1305-8252,0,1,0,0,0,0,0,0,0
TTYZVJBZY_8473-3132-8985-3644,0,1,0,0,0,0,0,0,0
TTYZVJBZY_7961-5692-8473-6204,0,1,0,0,0,0,0,0,0
TTYZVJBZY_7961-572-8473-1084,0,1,0,0,0,0,0,0,0
TTYZVJBZY_7961-8252-8473-8764,0,1,0,0,0,0,0,0,0
TTYZVJBZY_7961-6716-8473-7228,0,1,0,0,0,0,0,0,0
TTYZVJBZY_8985-4668-9497-5180,0,1,0,0,0,0,0,0,0
TTYZVJBZY_8473-8252-8985-8764,0,1,0,0,0,0,0,0,0
TTYZVJBZY_8985-3644-9497-4156,0,1,0,0,0,0,0,0,0
TTYZVJBZY_8473-6204-8985-6716,0,1,0,0,0,0,0,0,0
TTYZVJBZY_8985-6204-9497-6716,0,1,0,0,0,0,0,0,0
TTYZVJBZY_8473-7228-8985-7740,0,1,0,0,0,0,0,0,0
TTYZVJBZY_8985-6716-9497-7228,0,1,0,0,0,0,0,0,0
TTYZVJBZY_8473-5692-8985-6204,0,1,0,0,0,0,0,0,0
TTYZVJBZY_8985-7228-9497-7740,0,1,0,0,0,0,0,0,0
TTYZVJBZY_8473-572-8985-1084,0,1,0,0,0,0,0,0,0
TTYZVJBZY_8473-4668-8985-5180,0,1,0,0,0,0,0,0,0
TTYZVJBZY_8473-7740-8985-8252,0,1,0,0,0,0,0,0,0
TTYZVJBZY_8985-572-9497-1084,0,1,0,0,0,0,0,0,0
TTYZVJBZY_9497-4668-10009-5180,0,1,0,0,0,0,0,0,0
TTYZVJBZY_8985-7740-9497-8252,0,1,0,0,0,0,0,0,0
TTYZVJBZY_8985-8252-9497-8764,0,1,0,0,0,0,0,0,0
TTYZVJBZY_9497-5180-10009-5692,0,1,0,0,0,0,0,0,0
TTYZVJBZY_9497-4156-10009-4668,0,1,0,0,0,0,0,0,0
TU7MBQ2TN_1790-3984-2302-4496,1,0,0,0,0,0,0,0,0
TU7MBQ2TN_1502-4769-2014-5281,1,0,0,0,0,0,0,0,0
TU7MBQ2TN_1781-2629-2293-3141,1,0,0,0,0,0,0,0,0
TU7MBQ2TN_1502-4257-2014-4769,1,0,0,0,0,0,0,0,0
TTYZVJBZY_9497-7740-10009-8252,0,1,0,0,0,0,0,0,0
TTYZVJBZY_9497-572-10009-1084,0,1,0,0,0,0,0,0,0
TU7MBQ2TN_2317-2940-2829-3452,1,0,0,0,0,0,0,0,0
TU7MBQ2TN_2993-3915-3505-4427,1,0,0,0,0,0,0,0,0
TU7MBQ2TN_2014-4769-2526-5281,1,0,0,0,0,0,0,0,0
TTZ72VKYU_647-3300-1159-3812,0,0,0,0,0,0,0,0,1
TU7MBQ2TN_2014-4257-2526-4769,1,0,0,0,0,0,0,0,0
TU7MBQ2TN_1835-3184-2347-3696,1,0,0,0,0,0,0,0,0
TU7MBQ2TN_2762-3700-3274-4212,1,0,0,0,0,0,0,0,0
TU7MBQ2TN_869-2499-1381-3011,1,0,0,0,0,0,0,0,0
TU7MBQ2TN_3485-3698-3997-4210,1,0,0,0,0,0,0,0,0
TU7MBQ2TN_402-2382-914-2894,1,0,0,0,0,0,0,0,0
TW7QGQ1TW_1230-5530-1742-6042,1,0,0,0,0,0,0,0,0
TU7MBQ2TN_728-3170-1240-3682,1,0,0,0,0,0,0,0,0
TW7QGQ1TW_2194-5852-2706-6364,1,0,0,0,0,0,0,0,0
TW7QGQ1TW_2706-5852-3218-6364,1,0,0,0,0,0,0,0,0
TWTAETC1H_1990-2194-2502-2706,0,0,0,0,0,0,0,0,1
TWTAETC1H_1478-2194-1990-2706,0,0,0,0,0,0,0,0,1
TWTAETC1H_3968-2478-4480-2990,0,0,0,0,0,0,0,0,1
TXEFVJFIH_1629-2227-2141-2739,0,1,0,0,0,0,0,0,0
TWTAETC1H_966-2194-1478-2706,0,0,0,0,0,0,0,0,1
TXEFVJFIH_1944-734-2456-1246,0,1,0,0,0,0,0,0,0
TXEFVJFIH_1944-1246-2456-1758,0,1,0,0,0,0,0,0,0
TWTAETC1H_2502-2194-3014-2706,0,0,0,0,0,0,0,0,1
TXEFVJFIH_3067-842-3579-1354,0,1,0,0,0,0,0,0,0
TXEFVJFIH_2657-677-3169-1189,0,1,0,0,0,0,0,0,0
TXEFVJFIH_2235-792-2747-1304,0,1,0,0,0,0,0,0,0
TXEFVJFIH_3323-1495-3835-2007,0,1,0,0,0,0,0,0,0
TXEFVJFIH_3338-3158-3850-3670,0,1,0,0,0,0,0,0,0
TXEFVJFIH_3323-2007-3835-2519,0,1,0,0,0,0,0,0,0
TXEFVJFIH_3699-1365-4211-1877,0,1,0,0,0,0,0,0,0
TXEFVJFIH_3338-3670-3850-4182,0,1,0,0,0,0,0,0,0
TXEFVJFIH_4007-1492-4519-2004,0,1,0,0,0,0,0,0,0
TXEFVJFIH_4007-2004-4519-2516,0,1,0,0,0,0,0,0,0
TXEFVJFIH_5355-2111-5867-2623,0,1,0,0,0,0,0,0,0
TXEFVJFIH_5358-756-5870-1268,0,1,0,0,0,0,0,0,0
TXEFVJFIH_3699-1877-4211-2389,0,1,0,0,0,0,0,0,0
TXEFVJFIH_5355-1599-5867-2111,0,1,0,0,0,0,0,0,0
TXEFVJFIH_6014-1037-6526-1549,0,1,0,0,0,0,0,0,0
TXEFVJFIH_6022-1392-6534-1904,0,1,0,0,0,0,0,0,0
TXEFVJFIH_5690-1082-6202-1594,0,1,0,0,0,0,0,0,0
TXEFVJFIH_5358-1268-5870-1780,0,1,0,0,0,0,0,0,0
TXEFVJFIH_6707-1648-7219-2160,0,1,0,0,0,0,0,0,0
TXEFVJFIH_6022-1904-6534-2416,0,1,0,0,0,0,0,0,0
TXEFVJFIH_7714-1774-8226-2286,0,1,0,0,0,0,0,0,0
TXEFVJFIH_7733-612-8245-1124,0,1,0,0,0,0,0,0,0
TXEFVJFIH_8585-3597-9097-4109,0,1,0,0,0,0,0,0,0
TY6VNCQ84_1225-322-1737-834,0,0,0,0,0,1,0,0,0
TY6VNCQ84_1990-367-2502-879,0,0,1,0,0,0,0,0,0
TY6VNCQ84_206-3614-718-4126,0,0,0,0,0,1,0,0,0
TY6VNCQ84_2533-1658-3045-2170,0,0,0,0,0,1,0,0,0
TY6VNCQ84_3455-213-3967-725,0,0,0,0,0,1,0,0,0
TY6VNCQ84_3761-2796-4273-3308,0,0,0,0,0,1,0,0,0
TY6VNCQ84_2433-1389-2945-1901,0,0,0,0,0,1,0,0,0
TY6VNCQ84_2066-695-2578-1207,0,0,1,0,0,0,0,0,0
TY6VNCQ84_4378-2255-4890-2767,0,0,1,0,0,0,0,0,0
TY6VNCQ84_2943-213-3455-725,0,0,0,0,0,1,0,0,0
TY6VNCQ84_3517-922-4029-1434,0,0,1,0,0,0,0,0,0
TY6VNCQ84_2431-213-2943-725,0,0,0,0,0,1,0,0,0
TY6VNCQ84_3485-2302-3997-2814,0,0,0,0,0,1,0,0,0
TY6VNCQ84_5296-139-5808-651,0,0,1,0,0,0,0,0,0
TY6VNCQ84_5705-653-6217-1165,0,0,1,0,0,0,0,0,0
TY6VNCQ84_4978-109-5490-621,0,0,1,0,0,0,0,0,0
TY6VNCQ84_6182-956-6694-1468,0,0,1,0,0,1,0,0,0
TY6VNCQ84_6267-3105-6779-3617,0,0,0,0,0,1,0,0,0
TY6VNCQ84_5771-2517-6283-3029,0,0,1,0,0,0,0,0,0
TY6VNCQ84_6217-653-6729-1165,0,0,1,0,0,1,0,0,0
TY6VNCQ84_6323-3633-6835-4145,0,0,0,0,0,1,0,0,0
TY6VNCQ84_6729-653-7241-1165,0,0,1,0,0,0,0,0,0
TYBQLWZJ8_5591-7468-6103-7980,0,0,0,0,0,0,1,0,0
TY6VNCQ84_6752-1254-7264-1766,0,0,0,0,0,1,0,0,0
TYGZLAT4Z_4823-3769-5335-4281,0,0,0,0,0,0,1,0,0
TYBQLWZJ8_7093-6151-7605-6663,0,0,0,0,0,0,1,0,0
TYBQLWZJ8_7605-6151-8117-6663,0,0,0,0,0,0,1,0,0
TYGZLAT4Z_4939-3330-5451-3842,0,0,0,0,0,0,1,0,0
TYGZLAT4Z_4033-4326-4545-4838,0,0,0,0,0,0,1,0,0
TYGZLAT4Z_4770-3071-5282-3583,0,0,0,0,0,0,1,0,0
TYGZLAT4Z_5439-1199-5951-1711,0,0,0,0,0,0,1,0,0
TYGZLAT4Z_5919-1735-6431-2247,0,0,0,0,0,0,1,0,0
TYGZLAT4Z_5919-1223-6431-1735,0,0,0,0,0,0,1,0,0
TYGZLAT4Z_6431-1223-6943-1735,0,0,0,0,0,0,1,0,0
TZ4UD9AU9_12927-4333-13439-4845,0,0,0,0,0,0,1,0,0
TYGZLAT4Z_6431-1735-6943-2247,0,0,0,0,0,0,1,0,0
TZADNN17K_1334-1433-1846-1945,0,0,0,0,0,0,1,0,0
TZ4UD9AU9_13439-4333-13951-4845,0,0,0,0,0,0,1,0,0
TZADNN17K_1334-921-1846-1433,0,0,0,0,0,0,1,0,0
TZADNN17K_1846-921-2358-1433,0,0,0,0,0,0,1,0,0
U14YUW2BE_263-6886-775-7398,0,0,0,0,0,1,0,0,0
U14YUW2BE_402-3943-914-4455,0,0,0,0,0,1,0,0,0
U1T6WU7J9_1643-1724-2155-2236,1,0,0,0,0,0,0,0,0
TZADNN17K_822-1433-1334-1945,0,0,0,0,0,0,1,0,0
U1I94LQH7_3019-5007-3531-5519,0,0,0,0,0,1,0,0,0
TZADNN17K_822-1945-1334-2457,0,0,0,0,0,0,1,0,0
U1T6WU7J9_1358-1909-1870-2421,1,0,0,0,0,0,0,0,0
U1T6WU7J9_1566-2983-2078-3495,1,0,0,0,0,0,0,0,0
U1T6WU7J9_1641-5077-2153-5589,1,0,0,0,0,0,0,0,0
U1T6WU7J9_2054-5190-2566-5702,1,0,0,0,0,0,0,0,0
U1T6WU7J9_2155-1724-2667-2236,1,0,0,0,0,0,0,0,0
U1T6WU7J9_1703-2719-2215-3231,1,0,0,0,0,0,0,0,0
U1T6WU7J9_2302-3874-2814-4386,1,0,0,0,0,0,0,0,0
U1T6WU7J9_2228-4726-2740-5238,1,0,0,0,0,0,0,0,0
U1T6WU7J9_2196-1352-2708-1864,1,0,0,0,0,0,0,0,0
U1T6WU7J9_2436-3656-2948-4168,1,0,0,0,0,0,0,0,0
U1T6WU7J9_2310-2592-2822-3104,1,0,0,0,0,0,0,0,0
U1T6WU7J9_2883-5192-3395-5704,1,0,0,0,0,0,0,0,0
U1T6WU7J9_2900-3343-3412-3855,1,0,0,0,0,0,0,0,0
U1T6WU7J9_2488-4250-3000-4762,1,0,0,0,0,0,0,0,0
U1T6WU7J9_2633-809-3145-1321,1,0,0,0,0,0,0,0,0
U1T6WU7J9_2854-565-3366-1077,1,0,0,0,0,0,0,0,0
U1T6WU7J9_2470-1782-2982-2294,1,0,0,0,0,0,0,0,0
U1T6WU7J9_2622-1487-3134-1999,1,0,0,0,0,0,0,0,0
U1T6WU7J9_2723-2105-3235-2617,1,0,0,0,0,0,0,0,0
U1T6WU7J9_2918-3707-3430-4219,1,0,0,0,0,0,0,0,0
U1T6WU7J9_2633-297-3145-809,1,0,0,0,0,0,0,0,0
U1T6WU7J9_2988-2481-3500-2993,1,0,0,0,0,0,0,0,0
U1T6WU7J9_3018-862-3530-1374,1,0,0,0,0,0,0,0,0
U1T6WU7J9_3000-4250-3512-4762,1,0,0,0,0,0,0,0,0
U1T6WU7J9_3216-285-3728-797,1,0,0,0,0,0,0,0,0
U1T6WU7J9_3160-3233-3672-3745,1,0,0,0,0,0,0,0,0
U1T6WU7J9_3274-5188-3786-5700,1,0,0,0,0,0,0,0,0
U1T6WU7J9_3307-696-3819-1208,1,0,0,0,0,0,0,0,0
U1T6WU7J9_3329-2814-3841-3326,1,0,0,0,0,0,0,0,0
U1T6WU7J9_382-2145-894-2657,1,0,0,0,0,0,0,0,0
U1T6WU7J9_3789-4083-4301-4595,1,0,0,0,0,0,0,0,0
U1T6WU7J9_3629-2445-4141-2957,1,0,0,0,0,0,0,0,0
U1T6WU7J9_4412-4682-4924-5194,1,0,0,0,0,0,0,0,0
U1T6WU7J9_416-3472-928-3984,1,0,0,0,0,0,0,0,0
U1T6WU7J9_3978-5072-4490-5584,1,0,0,0,0,0,0,0,0
U1T6WU7J9_3900-4682-4412-5194,1,0,0,0,0,0,0,0,0
U1T6WU7J9_4322-5188-4834-5700,1,0,0,0,0,0,0,0,0
U1T6WU7J9_4013-4364-4525-4876,1,0,0,0,0,0,0,0,0
U1T6WU7J9_3802-1079-4314-1591,1,0,0,0,0,0,0,0,0
U1T6WU7J9_4773-3946-5285-4458,1,0,0,0,0,0,0,0,0
U1T6WU7J9_4525-4364-5037-4876,1,0,0,0,0,0,0,0,0
U1T6WU7J9_4696-3694-5208-4206,1,0,0,0,0,0,0,0,0
U1T6WU7J9_929-2118-1441-2630,1,0,0,0,0,0,0,0,0
U1T6WU7J9_938-450-1450-962,1,0,0,0,0,0,0,0,0
U1T6WU7J9_4773-4458-5285-4970,1,0,0,0,0,0,0,0,0
U246XEJPV_4675-5083-5187-5595,0,0,1,0,0,0,0,0,0
U246XEJPV_10189-4785-10701-5297,0,0,1,0,0,0,0,0,0
U246XEJPV_5259-3396-5771-3908,0,0,1,0,0,0,0,0,0
U246XEJPV_5269-1621-5781-2133,0,0,1,0,0,0,0,0,0
U246XEJPV_5450-1834-5962-2346,0,0,1,0,0,0,0,0,0
U246XEJPV_5306-2102-5818-2614,0,0,1,0,0,0,0,0,0
U246XEJPV_5258-4384-5770-4896,0,0,1,0,0,0,0,0,0
U246XEJPV_5037-1936-5549-2448,0,0,1,0,0,0,0,0,0
U246XEJPV_4871-2970-5383-3482,0,0,1,0,0,0,0,0,0
U246XEJPV_5335-700-5847-1212,0,0,1,0,0,0,0,0,0
U246XEJPV_5227-4950-5739-5462,0,0,1,0,0,0,0,0,0
U246XEJPV_5245-2962-5757-3474,0,0,1,0,0,0,0,0,0
U246XEJPV_5482-3955-5994-4467,0,0,1,0,0,0,0,0,0
U246XEJPV_5479-1461-5991-1973,0,0,1,0,0,0,0,0,0
U246XEJPV_5483-3072-5995-3584,0,0,1,0,0,0,0,0,0
U246XEJPV_5486-5108-5998-5620,0,0,1,0,0,0,0,0,0
U246XEJPV_5486-4596-5998-5108,0,0,1,0,0,0,0,0,0
U246XEJPV_5483-3584-5995-4096,0,0,1,0,0,0,0,0,0
U246XEJPV_7311-5115-7823-5627,0,0,1,0,0,0,0,0,0
U246XEJPV_9828-5139-10340-5651,0,0,1,0,0,0,0,0,0
U2K319FAL_10487-1241-10999-1753,1,0,0,0,0,0,0,0,0
U2K319FAL_10487-1753-10999-2265,1,0,0,0,0,0,0,0,0
U2K319FAL_10487-2777-10999-3289,1,0,0,0,0,0,0,0,0
U2K319FAL_10487-2265-10999-2777,1,0,0,0,0,0,0,0,0
U2K319FAL_10487-3289-10999-3801,1,0,0,0,0,0,0,0,0
U2K319FAL_10422-5145-10934-5657,1,0,0,0,0,0,0,0,0
U2K319FAL_10487-729-10999-1241,1,0,0,0,0,0,0,0,0
U2K319FAL_10422-6681-10934-7193,1,0,0,0,0,0,0,0,0
U2K319FAL_10934-5657-11446-6169,1,0,0,0,0,0,0,0,0
U2K319FAL_10934-6681-11446-7193,1,0,0,0,0,0,0,0,0
U2K319FAL_11446-5657-11958-6169,1,0,0,0,0,0,0,0,0
U2K319FAL_10999-729-11511-1241,1,0,0,0,0,0,0,0,0
U2K319FAL_10999-3289-11511-3801,1,0,0,0,0,0,0,0,0
U2K319FAL_11446-6169-11958-6681,1,0,0,0,0,0,0,0,0
U2K319FAL_11446-6681-11958-7193,1,0,0,0,0,0,0,0,0
U2K319FAL_11511-1241-12023-1753,1,0,0,0,0,0,0,0,0
U2K319FAL_11511-1753-12023-2265,1,0,0,0,0,0,0,0,0
U2K319FAL_11511-2777-12023-3289,1,0,0,0,0,0,0,0,0
U2K319FAL_11511-729-12023-1241,1,0,0,0,0,0,0,0,0
U2K319FAL_11511-2265-12023-2777,1,0,0,0,0,0,0,0,0
U2K319FAL_1159-704-1671-1216,1,0,0,0,0,0,0,0,0
U2K319FAL_11511-3289-12023-3801,1,0,0,0,0,0,0,0,0
U2K319FAL_1159-8384-1671-8896,1,0,0,0,0,0,0,0,0
U2K319FAL_1671-704-2183-1216,1,0,0,0,0,0,0,0,0
U2K319FAL_1671-8384-2183-8896,1,0,0,0,0,0,0,0,0
U2K319FAL_2183-704-2695-1216,1,0,0,0,0,0,0,0,0
U2K319FAL_2183-8384-2695-8896,1,0,0,0,0,0,0,0,0
U2K319FAL_2695-704-3207-1216,1,0,0,0,0,0,0,0,0
U2K319FAL_2695-7872-3207-8384,1,0,0,0,0,0,0,0,0
U2K319FAL_3207-1728-3719-2240,1,0,0,0,0,0,0,0,0
U2K319FAL_3207-2240-3719-2752,1,0,0,0,0,0,0,0,0
U2K319FAL_3207-704-3719-1216,1,0,0,0,0,0,0,0,0
U2K319FAL_3207-7360-3719-7872,1,0,0,0,0,0,0,0,0
U2K319FAL_3719-1216-4231-1728,1,0,0,0,0,0,0,0,0
U2K319FAL_3719-1728-4231-2240,1,0,0,0,0,0,0,0,0
U2K319FAL_4231-704-4743-1216,1,0,0,0,0,0,0,0,0
U2K319FAL_3719-2240-4231-2752,1,0,0,0,0,0,0,0,0
U2K319FAL_3719-704-4231-1216,1,0,0,0,0,0,0,0,0
U2K319FAL_4231-6848-4743-7360,1,0,0,0,0,0,0,0,0
U2K319FAL_4231-1216-4743-1728,1,0,0,0,0,0,0,0,0
U2K319FAL_3719-6848-4231-7360,1,0,0,0,0,0,0,0,0
U2K319FAL_4743-6848-5255-7360,1,0,0,0,0,0,0,0,0
U2K319FAL_4743-2240-5255-2752,1,0,0,0,0,0,0,0,0
U2K319FAL_4231-2240-4743-2752,1,0,0,0,0,0,0,0,0
U2K319FAL_5255-3264-5767-3776,1,0,0,0,0,0,0,0,0
U2K319FAL_5255-2752-5767-3264,1,0,0,0,0,0,0,0,0
U2K319FAL_5255-4800-5767-5312,1,0,0,0,0,0,0,0,0
U2K319FAL_5255-4288-5767-4800,1,0,0,0,0,0,0,0,0
U2K319FAL_5255-3776-5767-4288,1,0,0,0,0,0,0,0,0
U2K319FAL_5255-5312-5767-5824,1,0,0,0,0,0,0,0,0
U2K319FAL_5255-5824-5767-6336,1,0,0,0,0,0,0,0,0
U2K319FAL_5255-6336-5767-6848,1,0,0,0,0,0,0,0,0
U2K319FAL_6449-1846-6961-2358,1,0,0,0,0,0,0,0,0
U2K319FAL_6449-2358-6961-2870,1,0,0,0,0,0,0,0,0
U2K319FAL_6449-1334-6961-1846,1,0,0,0,0,0,0,0,0
U2K319FAL_6449-2870-6961-3382,1,0,0,0,0,0,0,0,0
U2K319FAL_6449-3894-6961-4406,1,0,0,0,0,0,0,0,0
U2K319FAL_6449-5942-6961-6454,1,0,0,0,0,0,0,0,0
U2K319FAL_6449-5430-6961-5942,1,0,0,0,0,0,0,0,0
U2K319FAL_6449-4406-6961-4918,1,0,0,0,0,0,0,0,0
U2K319FAL_6449-4918-6961-5430,1,0,0,0,0,0,0,0,0
U2K319FAL_6449-3382-6961-3894,1,0,0,0,0,0,0,0,0
U2K319FAL_6449-6454-6961-6966,1,0,0,0,0,0,0,0,0
U2K319FAL_6449-822-6961-1334,1,0,0,0,0,0,0,0,0
U2K319FAL_647-2240-1159-2752,1,0,0,0,0,0,0,0,0
U2K319FAL_647-1728-1159-2240,1,0,0,0,0,0,0,0,0
U2K319FAL_647-1216-1159-1728,1,0,0,0,0,0,0,0,0
U2K319FAL_647-2752-1159-3264,1,0,0,0,0,0,0,0,0
U2K319FAL_647-3264-1159-3776,1,0,0,0,0,0,0,0,0
U2K319FAL_647-3776-1159-4288,1,0,0,0,0,0,0,0,0
U2K319FAL_647-6848-1159-7360,1,0,0,0,0,0,0,0,0
U2K319FAL_647-5824-1159-6336,1,0,0,0,0,0,0,0,0
U2K319FAL_647-4800-1159-5312,1,0,0,0,0,0,0,0,0
U2K319FAL_647-6336-1159-6848,1,0,0,0,0,0,0,0,0
U2K319FAL_647-4288-1159-4800,1,0,0,0,0,0,0,0,0
U2K319FAL_647-7872-1159-8384,1,0,0,0,0,0,0,0,0
U2K319FAL_647-5312-1159-5824,1,0,0,0,0,0,0,0,0
U2K319FAL_647-704-1159-1216,1,0,0,0,0,0,0,0,0
U2K319FAL_647-8384-1159-8896,1,0,0,0,0,0,0,0,0
U2K319FAL_647-7360-1159-7872,1,0,0,0,0,0,0,0,0
U2K319FAL_6961-1334-7473-1846,1,0,0,0,0,0,0,0,0
U2K319FAL_6961-1846-7473-2358,1,0,0,0,0,0,0,0,0
U2K319FAL_6961-3382-7473-3894,1,0,0,0,0,0,0,0,0
U2K319FAL_6961-2358-7473-2870,1,0,0,0,0,0,0,0,0
U2K319FAL_6961-2870-7473-3382,1,0,0,0,0,0,0,0,0
U2K319FAL_6961-4406-7473-4918,1,0,0,0,0,0,0,0,0
U2K319FAL_7473-4406-7985-4918,1,0,0,0,0,0,0,0,0
U2K319FAL_8886-6169-9398-6681,1,0,0,0,0,0,0,0,0
U2K319FAL_6961-6454-7473-6966,1,0,0,0,0,0,0,0,0
U2K319FAL_7473-6454-7985-6966,1,0,0,0,0,0,0,0,0
U2K319FAL_7473-5430-7985-5942,1,0,0,0,0,0,0,0,0
U2K319FAL_9398-6681-9910-7193,1,0,0,0,0,0,0,0,0
U2K319FAL_9398-5657-9910-6169,1,0,0,0,0,0,0,0,0
U2K319FAL_8886-5657-9398-6169,1,0,0,0,0,0,0,0,0
U2K319FAL_7473-5942-7985-6454,1,0,0,0,0,0,0,0,0
U2K319FAL_7473-4918-7985-5430,1,0,0,0,0,0,0,0,0
U2K319FAL_9910-5145-10422-5657,1,0,0,0,0,0,0,0,0
U2K319FAL_9910-5657-10422-6169,1,0,0,0,0,0,0,0,0
U2K319FAL_9975-2777-10487-3289,1,0,0,0,0,0,0,0,0
U2K319FAL_9910-6681-10422-7193,1,0,0,0,0,0,0,0,0
U2RVC6QCR_11632-2201-12144-2713,0,1,0,0,0,0,0,0,0
U2K319FAL_9975-2265-10487-2777,1,0,0,0,0,0,0,0,0
U2RVC6QCR_2819-2343-3331-2855,0,1,0,0,0,0,0,0,0
U2RVC6QCR_2894-763-3406-1275,0,1,0,0,0,0,0,0,0
U2RVC6QCR_4954-4022-5466-4534,0,1,0,0,0,0,1,0,0
U2RVC6QCR_6709-4889-7221-5401,0,1,0,0,0,0,1,0,0
U2RVC6QCR_5173-4377-5685-4889,0,1,0,0,0,0,1,0,0
U2RVC6QCR_5685-3865-6197-4377,0,0,0,0,0,0,1,0,0
U2RVC6QCR_5685-4377-6197-4889,0,1,0,0,0,0,1,0,0
U2RVC6QCR_4954-4534-5466-5046,0,1,0,0,0,0,0,0,0
U2RVC6QCR_6375-5017-6887-5529,0,1,0,0,0,0,1,0,0
U2RVC6QCR_6197-4377-6709-4889,0,0,0,0,0,0,1,0,0
U2RVC6QCR_5173-3865-5685-4377,0,1,0,0,0,0,1,0,0
U2RVC6QCR_6709-5401-7221-5913,0,0,0,0,0,0,1,0,0
U2RVC6QCR_5466-4534-5978-5046,0,1,0,0,0,0,1,0,0
U2RVC6QCR_5466-4022-5978-4534,0,1,0,0,0,0,1,0,0
U2RVC6QCR_7302-7077-7814-7589,0,1,0,0,0,0,0,0,0
U2RVC6QCR_7221-6425-7733-6937,0,1,0,0,0,0,1,0,0
U2RVC6QCR_7221-5913-7733-6425,0,1,0,0,0,0,1,0,0
U2RVC6QCR_6709-5913-7221-6425,0,0,0,0,0,0,1,0,0
U2RVC6QCR_7733-5913-8245-6425,0,0,0,0,0,0,1,0,0
U2RVC6QCR_7778-2208-8290-2720,0,1,0,0,0,0,0,0,0
U2RVC6QCR_8247-6931-8759-7443,0,0,0,0,0,0,1,0,0
U2RVC6QCR_7778-2720-8290-3232,0,1,0,0,0,0,0,0,0
U2RVC6QCR_7778-3232-8290-3744,0,1,0,0,0,0,0,0,0
U2RVC6QCR_8245-5913-8757-6425,0,1,0,0,0,0,1,0,0
U2RVC6QCR_8290-3232-8802-3744,0,1,0,0,0,0,0,0,0
U2RVC6QCR_8802-3232-9314-3744,0,1,0,0,0,0,0,0,0
U2RVC6QCR_8290-2720-8802-3232,0,1,0,0,0,0,0,0,0
U2RVC6QCR_8802-2720-9314-3232,0,1,0,0,0,0,0,0,0
U2RVC6QCR_8296-6171-8808-6683,0,1,0,0,0,0,1,0,0
U2RVC6QCR_8245-6425-8757-6937,0,1,0,0,0,0,1,0,0
U2RVC6QCR_8290-2208-8802-2720,0,1,0,0,0,0,0,0,0
U3F6UFF38_1521-2246-2033-2758,0,0,0,0,0,1,0,0,0
U3F6UFF38_1824-2758-2336-3270,0,0,0,0,0,1,0,0,0
U3F6UFF38_1884-660-2396-1172,0,0,0,0,0,1,0,0,0
U3F6UFF38_719-4211-1231-4723,0,0,0,0,0,0,0,0,1
U3F6UFF38_2685-1355-3197-1867,0,0,0,0,0,1,0,0,0
U9UJ41EZB_1207-5505-1719-6017,0,0,0,0,0,0,1,0,0
U4F13DQWE_3511-3300-4023-3812,0,0,0,0,0,0,0,0,1
U9UJ41EZB_1719-6017-2231-6529,0,0,0,0,0,0,1,0,0
U9UJ41EZB_2080-6887-2592-7399,0,0,0,0,0,0,1,0,0
U9UJ41EZB_2398-7154-2910-7666,0,0,0,0,0,0,1,0,0
U9UJ41EZB_1719-6529-2231-7041,0,0,0,0,0,0,1,0,0
U9UJ41EZB_2709-7937-3221-8449,0,0,0,0,0,0,1,0,0
U9UJ41EZB_1207-6017-1719-6529,0,0,0,0,0,0,1,0,0
U9UJ41EZB_1948-6682-2460-7194,0,0,0,0,0,0,1,0,0
U9UJ41EZB_2969-9047-3481-9559,0,0,0,0,0,0,1,0,0
U9UJ41EZB_2398-7666-2910-8178,0,0,0,0,0,0,1,0,0
UALH7UXFN_1022-2270-1534-2782,0,1,0,0,0,0,0,0,0
U9UJ41EZB_2969-8535-3481-9047,0,0,0,0,0,0,1,0,0
U9UJ41EZB_768-5401-1280-5913,0,0,0,0,0,0,1,0,0
UALH7UXFN_2076-1367-2588-1879,0,1,0,0,0,0,0,0,0
UALH7UXFN_1424-3946-1936-4458,0,1,0,0,0,0,0,0,0
UALH7UXFN_1534-2270-2046-2782,0,1,0,0,0,0,0,0,0
UALH7UXFN_2596-601-3108-1113,0,1,0,0,0,0,0,0,0
UALH7UXFN_3003-874-3515-1386,0,1,0,0,0,0,0,0,0
UALH7UXFN_3108-601-3620-1113,0,1,0,0,0,0,0,0,0
UALH7UXFN_3003-1386-3515-1898,0,1,0,0,0,0,0,0,0
UALH7UXFN_3193-2678-3705-3190,0,1,0,0,0,0,0,0,0
UALH7UXFN_4970-1106-5482-1618,0,1,0,0,0,0,0,0,0
UALH7UXFN_3515-874-4027-1386,0,1,0,0,0,0,0,0,0
UALH7UXFN_4035-1625-4547-2137,0,1,0,0,0,0,0,0,0
UALH7UXFN_5702-1269-6214-1781,0,1,0,0,0,0,0,0,0
UALH7UXFN_4140-651-4652-1163,0,1,0,0,0,0,0,0,0
UALH7UXFN_5075-508-5587-1020,0,1,0,0,0,0,0,0,0
UALH7UXFN_3515-1386-4027-1898,0,1,0,0,0,0,0,0,0
UALH7UXFN_5267-2811-5779-3323,0,1,0,0,0,0,0,0,0
UALH7UXFN_5702-757-6214-1269,0,1,0,0,0,0,0,0,0
UALH7UXFN_5779-1787-6291-2299,0,1,0,0,0,0,0,0,0
UALH7UXFN_5779-2811-6291-3323,0,1,0,0,0,0,0,0,0
UALH7UXFN_6291-1787-6803-2299,0,1,0,0,0,0,0,0,0
UALH7UXFN_5779-2299-6291-2811,0,1,0,0,0,0,0,0,0
UALH7UXFN_6291-2299-6803-2811,0,1,0,0,0,0,0,0,0
UALH7UXFN_7447-1266-7959-1778,0,1,0,0,0,0,0,0,0
UALH7UXFN_6621-4053-7133-4565,0,1,0,0,0,0,0,0,0
UALH7UXFN_9221-1519-9733-2031,0,1,0,0,0,0,0,0,0
UALH7UXFN_7133-3029-7645-3541,0,1,0,0,0,0,0,0,0
UALH7UXFN_7645-3029-8157-3541,0,1,0,0,0,0,0,0,0
UALH7UXFN_7133-4053-7645-4565,0,1,0,0,0,0,0,0,0
UALH7UXFN_912-3946-1424-4458,0,1,0,0,0,0,0,0,0
UALH7UXFN_7133-3541-7645-4053,0,1,0,0,0,0,0,0,0
UALH7UXFN_926-1168-1438-1680,0,1,0,0,0,0,0,0,0
UALH7UXFN_9221-1007-9733-1519,0,1,0,0,0,0,0,0,0
UALH7UXFN_9221-495-9733-1007,0,1,0,0,0,0,0,0,0
UALH7UXFN_9221-2031-9733-2543,0,1,0,0,0,0,0,0,0
UALH7UXFN_9733-495-10245-1007,0,1,0,0,0,0,0,0,0
UALH7UXFN_9733-1007-10245-1519,0,1,0,0,0,0,0,0,0
UALH7UXFN_9923-3263-10435-3775,0,1,0,0,0,0,0,0,0
UAUWCHJ34_2586-2627-3098-3139,1,0,0,0,0,0,0,0,0
UAUWCHJ34_2074-2627-2586-3139,1,0,0,0,0,0,0,0,0
UAUWCHJ34_1450-444-1962-956,1,0,0,0,0,0,0,0,0
UBXCR4MJK_8302-6683-8814-7195,0,0,0,0,0,0,1,0,0
UCQL67E73_1098-2030-1610-2542,0,0,1,0,0,0,0,0,0
UBXCR4MJK_7278-6683-7790-7195,0,0,0,0,0,0,1,0,0
UBXCR4MJK_7278-5659-7790-6171,0,0,0,0,0,0,1,0,0
UBXCR4MJK_7278-6171-7790-6683,0,0,0,0,0,0,1,0,0
UBXCR4MJK_7790-6683-8302-7195,0,0,0,0,0,0,1,0,0
UBXCR4MJK_7278-5147-7790-5659,0,0,0,0,0,0,1,0,0
UCQL67E73_2063-480-2575-992,0,0,1,0,0,0,0,0,0
UCQL67E73_688-2611-1200-3123,0,0,1,0,0,0,0,0,0
UCXCRZDAG_1209-4284-1721-4796,0,1,0,0,0,0,0,0,0
UCQL67E73_438-2501-950-3013,0,0,1,0,0,0,0,0,0
UCXCRZDAG_1209-4796-1721-5308,0,1,0,0,0,0,0,0,0
UCXCRZDAG_1412-2390-1924-2902,0,1,0,0,0,0,0,0,0
UCXCRZDAG_1412-1878-1924-2390,0,1,0,0,0,0,0,0,0
UCXCRZDAG_1585-4235-2097-4747,0,1,0,0,0,0,0,0,0
UCXCRZDAG_1412-2902-1924-3414,0,1,0,0,0,0,0,0,0
UCXCRZDAG_1492-6255-2004-6767,0,1,0,0,0,0,0,0,0
UCXCRZDAG_1823-4845-2335-5357,0,1,0,0,0,0,0,0,0
UCXCRZDAG_1924-2902-2436-3414,0,1,0,0,0,0,0,0,0
UCXCRZDAG_1823-5357-2335-5869,0,1,0,0,0,0,0,0,0
UCXCRZDAG_2436-2390-2948-2902,0,1,0,0,0,0,0,0,0
UCXCRZDAG_1941-4364-2453-4876,0,1,0,0,0,0,0,0,0
UCXCRZDAG_1924-2390-2436-2902,0,1,0,0,0,0,0,0,0
UCXCRZDAG_2497-4625-3009-5137,0,1,0,0,0,0,0,0,0
UCXCRZDAG_2497-5137-3009-5649,0,1,0,0,0,0,0,0,0
UCXCRZDAG_1930-5843-2442-6355,0,1,0,0,0,0,0,0,0
UCXCRZDAG_2436-2902-2948-3414,0,1,0,0,0,0,0,0,0
UCXCRZDAG_2497-4113-3009-4625,0,1,0,0,0,0,0,0,0
UCXCRZDAG_2740-842-3252-1354,0,1,0,0,0,0,0,0,0
UCXCRZDAG_3429-4066-3941-4578,0,1,0,0,0,0,0,0,0
UCXCRZDAG_3009-4625-3521-5137,0,1,0,0,0,0,0,0,0
UCXCRZDAG_3429-4578-3941-5090,0,1,0,0,0,0,0,0,0
UCXCRZDAG_3637-1489-4149-2001,0,1,0,0,0,0,0,0,0
UCXCRZDAG_3605-5025-4117-5537,0,1,0,0,0,0,0,0,0
UCXCRZDAG_3637-2001-4149-2513,0,1,0,0,0,0,0,0,0
UCXCRZDAG_4115-7273-4627-7785,0,1,0,0,0,0,0,0,0
UCXCRZDAG_900-2390-1412-2902,0,1,0,0,0,0,0,0,0
UCXCRZDAG_900-1878-1412-2390,0,1,0,0,0,0,0,0,0
UDTGVFRKI_2382-713-2894-1225,0,0,0,0,0,1,0,0,0
UCXCRZDAG_4208-1593-4720-2105,0,1,0,0,0,0,0,0,0
UDTGVFRKI_2382-1225-2894-1737,0,0,0,0,0,1,0,0,0
UCXCRZDAG_4291-7039-4803-7551,0,1,0,0,0,0,0,0,0
UCXCRZDAG_900-2902-1412-3414,0,1,0,0,0,0,0,0,0
UCXCRZDAG_4500-6600-5012-7112,0,1,0,0,0,0,0,0,0
UCXCRZDAG_4208-2105-4720-2617,0,1,0,0,0,0,0,0,0
UCXCRZDAG_930-6289-1442-6801,0,1,0,0,0,0,0,0,0
UDTGVFRKI_2538-10238-3050-10750,0,0,0,0,0,0,0,0,1
UDTGVFRKI_2433-439-2945-951,0,0,0,0,0,1,0,0,1
UF1ECVK1M_10022-1381-10534-1893,0,0,0,0,0,1,0,0,0
UF1ECVK1M_10013-2252-10525-2764,0,0,0,0,0,1,0,0,0
UF1ECVK1M_10051-1681-10563-2193,0,0,0,0,0,1,0,0,0
UF1ECVK1M_10022-869-10534-1381,0,0,0,0,0,1,0,0,0
UF1ECVK1M_10077-2641-10589-3153,0,0,0,0,0,1,0,0,0
UF1ECVK1M_10122-4831-10634-5343,0,0,0,0,0,1,0,0,0
UF1ECVK1M_10239-6292-10751-6804,0,0,0,0,1,0,0,0,0
UF1ECVK1M_1035-3163-1547-3675,0,0,0,0,1,0,0,0,0
UF1ECVK1M_2490-6878-3002-7390,0,0,0,0,0,1,0,0,0
UF1ECVK1M_1252-6210-1764-6722,0,0,0,0,1,0,0,0,0
UF1ECVK1M_10356-3974-10868-4486,0,0,0,0,0,1,0,0,0
UF1ECVK1M_1978-6878-2490-7390,0,0,0,0,0,1,0,0,0
UF1ECVK1M_10409-3660-10921-4172,0,0,0,0,0,1,0,0,0
UF1ECVK1M_1252-6722-1764-7234,0,0,0,0,1,1,0,0,0
UF1ECVK1M_3000-2113-3512-2625,0,0,0,0,1,0,0,0,0
UF1ECVK1M_1466-6878-1978-7390,0,0,0,0,1,1,0,0,0
UF1ECVK1M_6075-2858-6587-3370,0,0,0,0,0,1,0,0,0
UF1ECVK1M_6011-2230-6523-2742,0,0,0,0,0,1,0,0,0
UF1ECVK1M_5623-1289-6135-1801,0,0,0,0,1,1,0,0,0
UF1ECVK1M_5252-1323-5764-1835,0,0,0,0,1,1,0,0,0
UF1ECVK1M_6647-1289-7159-1801,0,0,0,0,0,1,0,0,0
UF1ECVK1M_6627-5704-7139-6216,0,0,0,0,0,1,0,0,0
UF1ECVK1M_6135-1289-6647-1801,0,0,0,0,0,1,0,0,0
UF1ECVK1M_7159-777-7671-1289,0,0,0,0,0,1,0,0,0
UF1ECVK1M_7773-4740-8285-5252,0,0,0,0,0,1,0,0,0
UF1ECVK1M_711-2954-1223-3466,0,0,0,0,1,1,0,0,0
UF1ECVK1M_740-6210-1252-6722,0,0,0,0,1,1,0,0,0
UF1ECVK1M_740-6722-1252-7234,0,0,0,0,1,1,0,0,0
UF1ECVK1M_7773-4228-8285-4740,0,0,0,0,0,1,0,0,0
UF1ECVK1M_7139-5704-7651-6216,0,0,0,0,0,1,0,0,0
UF1ECVK1M_7188-2863-7700-3375,0,0,0,0,0,1,0,0,0
UF1ECVK1M_7671-777-8183-1289,0,0,0,0,0,1,0,0,0
UF1ECVK1M_7964-4445-8476-4957,0,0,0,0,0,1,0,0,0
UF1ECVK1M_8183-777-8695-1289,0,0,0,0,0,1,0,0,0
UF1ECVK1M_8395-4657-8907-5169,0,0,0,0,0,1,0,0,0
UF1ECVK1M_8898-5398-9410-5910,0,0,0,0,0,1,0,0,0
UF1ECVK1M_8907-4657-9419-5169,0,0,0,0,0,1,0,0,0
UF1ECVK1M_8459-5554-8971-6066,0,0,0,0,0,1,0,0,0
UF1ECVK1M_9301-693-9813-1205,0,0,0,0,0,1,0,0,0
UF1ECVK1M_9323-2943-9835-3455,0,0,0,0,0,1,0,0,0
UF1ECVK1M_9197-3944-9709-4456,0,0,0,0,0,1,0,0,0
UF1ECVK1M_9410-5398-9922-5910,0,0,0,0,0,1,0,0,0
UF1ECVK1M_9354-3717-9866-4229,0,0,0,0,0,1,0,0,0
UF1ECVK1M_9489-1090-10001-1602,0,0,0,0,0,1,0,0,0
UF1ECVK1M_9609-684-10121-1196,0,0,0,0,0,1,0,0,0
UF1ECVK1M_9877-2871-10389-3383,0,0,0,0,0,1,0,0,0
UF1ECVK1M_9610-4831-10122-5343,0,0,0,0,0,1,0,0,0
UF1ECVK1M_9653-2252-10165-2764,0,0,0,0,0,1,0,0,0
UF1ECVK1M_9354-3205-9866-3717,0,0,0,0,0,1,0,0,0
UF1ECVK1M_9610-3846-10122-4358,0,0,0,0,0,1,0,0,0
UF3XMHTTK_160-968-672-1480,0,0,1,0,0,0,0,0,0
UF3XMHTTK_2129-1802-2641-2314,0,0,1,0,0,0,0,0,0
UF8MLWHMQ_1418-1878-1930-2390,0,0,0,1,0,0,0,0,0
UF3XMHTTK_2421-4122-2933-4634,0,0,0,0,0,1,0,0,1
UF8MLWHMQ_1418-2902-1930-3414,0,0,0,1,0,0,0,0,0
UF8MLWHMQ_1418-2390-1930-2902,0,0,0,1,0,0,0,0,0
UF8MLWHMQ_1418-342-1930-854,0,0,0,1,0,0,0,0,0
UF8MLWHMQ_1930-2902-2442-3414,0,0,0,1,0,0,0,0,0
UF8MLWHMQ_1930-1366-2442-1878,0,0,0,1,0,0,0,0,0
UF8MLWHMQ_2442-3414-2954-3926,0,0,0,1,0,0,0,0,0
UF8MLWHMQ_3466-3414-3978-3926,0,0,0,1,0,0,0,0,0
UF8MLWHMQ_1930-342-2442-854,0,0,0,1,0,0,0,0,0
UF8MLWHMQ_1930-854-2442-1366,0,0,0,1,0,0,0,0,0
UF8MLWHMQ_2442-2902-2954-3414,0,0,0,1,0,0,0,0,0
UF8MLWHMQ_4450-3796-4962-4308,0,0,0,1,0,0,0,0,0
UF8MLWHMQ_247-2315-759-2827,0,0,0,1,0,0,0,0,0
UF8MLWHMQ_2954-3414-3466-3926,0,0,0,1,0,0,0,0,0
UF8MLWHMQ_3978-3414-4490-3926,0,0,0,1,0,0,0,0,0
UF8MLWHMQ_906-1878-1418-2390,0,0,0,1,0,0,0,0,0
UFIY7DPKK_594-399-1106-911,0,0,0,0,0,1,0,0,0
UFCGGQJDI_689-760-1201-1272,0,1,0,0,0,0,0,0,0
UF8MLWHMQ_5422-4226-5934-4738,0,0,0,1,0,0,0,0,0
UFCGGQJDI_689-1272-1201-1784,0,1,0,0,0,0,0,0,0
UF8MLWHMQ_4962-3796-5474-4308,0,0,0,1,0,0,0,0,0
UFIY7DPKK_755-1280-1267-1792,0,0,0,0,0,1,0,0,0
UFIY7DPKK_6562-461-7074-973,0,0,0,0,0,1,0,0,0
UFKDV1H62_300-5666-812-6178,0,0,1,0,0,0,0,0,0
UI46F2DCK_1200-1292-1712-1804,0,1,0,0,0,0,0,0,0
UFKDV1H62_5115-2860-5627-3372,0,0,1,0,0,0,0,0,0
UI21JU97Y_8036-2386-8548-2898,0,0,1,0,0,0,0,0,0
UH8GAGMXE_3806-2527-4318-3039,0,0,0,0,0,0,0,0,1
UFKDV1H62_7998-5810-8510-6322,0,0,1,0,0,0,0,0,0
UH8GAGMXE_356-617-868-1129,0,0,0,0,0,1,0,0,0
UI46F2DCK_1371-4065-1883-4577,0,1,0,0,0,0,0,0,0
UH8GAGMXE_3857-2029-4369-2541,0,0,0,0,0,0,0,0,1
UI46F2DCK_1410-3034-1922-3546,0,1,0,0,0,0,0,0,0
UI46F2DCK_1780-808-2292-1320,0,1,0,0,0,0,0,0,0
UI46F2DCK_1740-1650-2252-2162,0,1,0,0,0,0,0,0,0
UI46F2DCK_1558-5003-2070-5515,0,1,0,0,0,0,0,0,0
UI46F2DCK_1740-2162-2252-2674,0,1,0,0,0,0,0,0,0
UI46F2DCK_1901-4064-2413-4576,0,1,0,0,0,0,0,0,0
UI46F2DCK_1410-3546-1922-4058,0,1,0,0,0,0,0,0,0
UI46F2DCK_1901-4576-2413-5088,0,1,0,0,0,0,0,0,0
UI46F2DCK_1922-3034-2434-3546,0,1,0,0,0,0,0,0,0
UI46F2DCK_2252-1650-2764-2162,0,1,0,0,0,0,0,0,0
UI46F2DCK_2259-4359-2771-4871,0,1,0,0,0,0,0,0,0
UI46F2DCK_2252-2162-2764-2674,0,1,0,0,0,0,0,0,0
UI46F2DCK_2070-5003-2582-5515,0,1,0,0,0,0,0,0,0
UI46F2DCK_2292-808-2804-1320,0,1,0,0,0,0,0,0,0
UI46F2DCK_1922-3546-2434-4058,0,1,0,0,0,0,0,0,0
UI46F2DCK_2413-4576-2925-5088,0,1,0,0,0,0,0,0,0
UI46F2DCK_2259-5383-2771-5895,0,1,0,0,0,0,0,0,0
UI46F2DCK_2413-4064-2925-4576,0,1,0,0,0,0,0,0,0
UI46F2DCK_2434-3546-2946-4058,0,1,0,0,0,0,0,0,0
UI46F2DCK_2764-2162-3276-2674,0,1,0,0,0,0,0,0,0
UI46F2DCK_2804-808-3316-1320,0,1,0,0,0,0,0,0,0
UI46F2DCK_2771-4871-3283-5383,0,1,0,0,0,0,0,0,0
UI46F2DCK_2771-4359-3283-4871,0,1,0,0,0,0,0,0,0
UI46F2DCK_2911-4087-3423-4599,0,1,0,0,0,0,0,0,0
UI46F2DCK_2771-5383-3283-5895,0,1,0,0,0,0,0,0,0
UI46F2DCK_2946-3546-3458-4058,0,1,0,0,0,0,0,0,0
UI46F2DCK_2946-3034-3458-3546,0,1,0,0,0,0,0,0,0
UI46F2DCK_3283-4871-3795-5383,0,1,0,0,0,0,0,0,0
UI46F2DCK_3316-808-3828-1320,0,1,0,0,0,0,0,0,0
UI46F2DCK_3283-4359-3795-4871,0,1,0,0,0,0,0,0,0
UI46F2DCK_3262-2346-3774-2858,0,1,0,0,0,0,0,0,0
UI46F2DCK_3230-1327-3742-1839,0,1,0,0,0,0,0,0,0
UI46F2DCK_3262-2858-3774-3370,0,1,0,0,0,0,0,0,0
UI46F2DCK_3283-5383-3795-5895,0,1,0,0,0,0,0,0,0
UI46F2DCK_3742-1327-4254-1839,0,1,0,0,0,0,0,0,0
UI46F2DCK_3795-4359-4307-4871,0,1,0,0,0,0,0,0,0
UI46F2DCK_3795-4871-4307-5383,0,1,0,0,0,0,0,0,0
UI46F2DCK_4555-2352-5067-2864,0,1,0,0,0,0,0,0,0
UI46F2DCK_4221-4571-4733-5083,0,1,0,0,0,0,0,0,0
UI46F2DCK_4063-778-4575-1290,0,1,0,0,0,0,0,0,0
UI46F2DCK_4254-1327-4766-1839,0,1,0,0,0,0,0,0,0
UI46F2DCK_4575-778-5087-1290,0,1,0,0,0,0,0,0,0
UI46F2DCK_4711-2788-5223-3300,0,1,0,0,0,0,0,0,0
UI46F2DCK_4733-4571-5245-5083,0,1,0,0,0,0,0,0,0
UI46F2DCK_4766-1327-5278-1839,0,1,0,0,0,0,0,0,0
UI46F2DCK_5361-714-5873-1226,0,1,0,0,0,0,0,0,0
UI46F2DCK_5223-2788-5735-3300,0,1,0,0,0,0,0,0,0
UI46F2DCK_5067-2352-5579-2864,0,1,0,0,0,0,0,0,0
UI46F2DCK_5278-1327-5790-1839,0,1,0,0,0,0,0,0,0
UI46F2DCK_5757-4059-6269-4571,0,1,0,0,0,0,0,0,0
UI46F2DCK_5245-4059-5757-4571,0,1,0,0,0,0,0,0,0
UI46F2DCK_5757-4571-6269-5083,0,1,0,0,0,0,0,0,0
UI46F2DCK_5790-1327-6302-1839,0,1,0,0,0,0,0,0,0
UI46F2DCK_5873-714-6385-1226,0,1,0,0,0,0,0,0,0
UI46F2DCK_688-1292-1200-1804,0,1,0,0,0,0,0,0,0
UI46F2DCK_6049-4975-6561-5487,0,1,0,0,0,0,0,0,0
UI46F2DCK_6049-4463-6561-4975,0,1,0,0,0,0,0,0,0
UI46F2DCK_688-1804-1200-2316,0,1,0,0,0,0,0,0,0
UI46F2DCK_6049-3951-6561-4463,0,1,0,0,0,0,0,0,0
UI46F2DCK_6110-907-6622-1419,0,1,0,0,0,0,0,0,0
UI46F2DCK_6049-5487-6561-5999,0,1,0,0,0,0,0,0,0
UI46F2DCK_688-2316-1200-2828,0,1,0,0,0,0,0,0,0
UI46F2DCK_688-780-1200-1292,0,1,0,0,0,0,0,0,0
UI46F2DCK_898-3546-1410-4058,0,1,0,0,0,0,0,0,0
UI46F2DCK_859-4065-1371-4577,0,1,0,0,0,0,0,0,0
UI46F2DCK_898-3034-1410-3546,0,1,0,0,0,0,0,0,0
UI4AVFAD9_2575-5106-3087-5618,0,0,0,0,0,1,0,0,0
UI4AVFAD9_4791-4770-5303-5282,0,0,0,0,0,1,0,0,0
UI4AVFAD9_2101-4987-2613-5499,0,0,0,0,0,1,0,0,0
UI4AVFAD9_4972-3787-5484-4299,0,0,0,0,0,1,0,0,0
UI4AVFAD9_488-542-1000-1054,0,0,0,0,0,1,0,0,0
UI4AVFAD9_5108-377-5620-889,0,0,0,0,0,1,0,0,0
UI6QMUEFZ_6161-16515-6673-17027,0,1,0,0,0,0,0,0,0
UI6QMUEFZ_5694-1982-6206-2494,0,1,0,0,0,0,0,0,0
UI6QMUEFZ_11013-1070-11525-1582,0,1,0,0,0,0,0,0,0
UI6QMUEFZ_6673-16003-7185-16515,0,1,0,0,0,0,0,0,0
UI6QMUEFZ_5694-2494-6206-3006,0,1,0,0,0,0,0,0,0
UI6QMUEFZ_11013-1582-11525-2094,0,1,0,0,0,0,0,0,0
UI6QMUEFZ_6161-16003-6673-16515,0,1,0,0,0,0,0,0,0
UI6QMUEFZ_7185-16003-7697-16515,0,1,0,0,0,0,0,0,0
UI6QMUEFZ_6673-16515-7185-17027,0,1,0,0,0,0,0,0,0
UI6QMUEFZ_8309-13610-8821-14122,0,1,0,0,0,0,0,0,0
UI6QMUEFZ_8435-937-8947-1449,0,1,0,0,0,0,0,0,0
UIBYEE9DM_1117-2977-1629-3489,0,0,1,0,0,0,0,0,0
UI6QMUEFZ_7185-16515-7697-17027,0,1,0,0,0,0,0,0,0
UIBYEE9DM_1117-2465-1629-2977,0,0,1,0,0,0,0,0,0
UIBYEE9DM_1117-3489-1629-4001,0,0,1,0,0,0,0,0,0
UIBYEE9DM_1117-4001-1629-4513,0,0,1,0,0,0,0,0,0
UIBYEE9DM_1187-1207-1699-1719,0,0,1,0,0,0,0,0,0
UIBYEE9DM_1187-1719-1699-2231,0,0,1,0,0,0,0,0,0
UIBYEE9DM_1699-1719-2211-2231,0,0,1,0,0,0,0,0,0
UIBYEE9DM_1462-429-1974-941,0,0,1,0,0,0,0,0,0
UIBYEE9DM_1187-695-1699-1207,0,0,1,0,0,0,0,0,0
UIBYEE9DM_1629-4001-2141-4513,0,0,1,0,0,0,0,0,0
UIBYEE9DM_1462-941-1974-1453,0,0,1,0,0,0,0,0,0
UIBYEE9DM_1587-4296-2099-4808,0,0,1,0,0,0,0,0,0
UIBYEE9DM_1699-695-2211-1207,0,0,1,0,0,0,0,0,0
UIBYEE9DM_2326-3757-2838-4269,0,0,1,0,0,0,0,0,0
UIBYEE9DM_2141-3489-2653-4001,0,0,1,0,0,0,0,0,0
UIBYEE9DM_2211-695-2723-1207,0,0,1,0,0,0,0,0,0
UIBYEE9DM_2141-1953-2653-2465,0,0,1,0,0,0,0,0,0
UIBYEE9DM_2141-4001-2653-4513,0,0,1,0,0,0,0,0,0
UIBYEE9DM_2326-4269-2838-4781,0,0,1,0,0,0,0,0,0
UIBYEE9DM_2653-1953-3165-2465,0,0,1,0,0,0,0,0,0
UIBYEE9DM_2663-1664-3175-2176,0,0,1,0,0,0,0,0,0
UIBYEE9DM_2708-3554-3220-4066,0,0,1,0,0,0,0,0,0
UIBYEE9DM_2708-4066-3220-4578,0,0,1,0,0,0,0,0,0
UIBYEE9DM_3054-466-3566-978,0,0,1,0,0,0,0,0,0
UIBYEE9DM_3165-1953-3677-2465,0,0,1,0,0,0,0,0,0
UIBYEE9DM_2838-4269-3350-4781,0,0,1,0,0,0,0,0,0
UIBYEE9DM_2723-695-3235-1207,0,0,1,0,0,0,0,0,0
UIBYEE9DM_3165-4001-3677-4513,0,0,1,0,0,0,0,0,0
UIBYEE9DM_3175-1152-3687-1664,0,0,1,0,0,0,0,0,0
UIBYEE9DM_2838-3757-3350-4269,0,0,1,0,0,0,0,0,0
UIBYEE9DM_3175-1664-3687-2176,0,0,1,0,0,0,0,0,0
UIBYEE9DM_3687-640-4199-1152,0,0,1,0,0,0,0,0,0
UIBYEE9DM_3235-695-3747-1207,0,0,1,0,0,0,0,0,0
UIBYEE9DM_3687-1664-4199-2176,0,0,1,0,0,0,0,0,0
UIBYEE9DM_3677-4001-4189-4513,0,0,1,0,0,0,0,0,0
UIBYEE9DM_3862-4269-4374-4781,0,0,1,0,0,0,0,0,0
UIBYEE9DM_3677-1953-4189-2465,0,0,1,0,0,0,0,0,0
UIBYEE9DM_3687-1152-4199-1664,0,0,1,0,0,0,0,0,0
UIBYEE9DM_3350-4269-3862-4781,0,0,1,0,0,0,0,0,0
UIBYEE9DM_4189-1953-4701-2465,0,0,1,0,0,0,0,0,0
UIBYEE9DM_3958-2098-4470-2610,0,0,1,0,0,0,0,0,0
UIBYEE9DM_4189-2465-4701-2977,0,0,1,0,0,0,0,0,0
UIBYEE9DM_4374-3245-4886-3757,0,0,1,0,0,0,0,0,0
UIBYEE9DM_4199-640-4711-1152,0,0,1,0,0,0,0,0,0
UIBYEE9DM_4189-3489-4701-4001,0,0,1,0,0,0,0,0,0
UIBYEE9DM_4199-1152-4711-1664,0,0,1,0,0,0,0,0,0
UIBYEE9DM_4199-1664-4711-2176,0,0,1,0,0,0,0,0,0
UIBYEE9DM_4189-2977-4701-3489,0,0,1,0,0,0,0,0,0
UIBYEE9DM_4374-4269-4886-4781,0,0,1,0,0,0,0,0,0
UIBYEE9DM_5494-2098-6006-2610,0,0,1,0,0,0,0,0,0
UIBYEE9DM_4891-2796-5403-3308,0,0,1,0,0,0,0,0,0
UIBYEE9DM_5398-3757-5910-4269,0,0,1,0,0,0,0,0,0
UIBYEE9DM_5398-3245-5910-3757,0,0,1,0,0,0,0,0,0
UIBYEE9DM_4886-4269-5398-4781,0,0,1,0,0,0,0,0,0
UIBYEE9DM_4886-3245-5398-3757,0,0,1,0,0,0,0,0,0
UIBYEE9DM_4470-2610-4982-3122,0,0,1,0,0,0,0,0,0
UIBYEE9DM_5398-4269-5910-4781,0,0,1,0,0,0,0,0,0
UIBYEE9DM_605-2465-1117-2977,0,0,1,0,0,0,0,0,0
UIBYEE9DM_5494-2610-6006-3122,0,0,1,0,0,0,0,0,0
UIBYEE9DM_605-4001-1117-4513,0,0,1,0,0,0,0,0,0
UIBYEE9DM_605-2977-1117-3489,0,0,1,0,0,0,0,0,0
UIBYEE9DM_605-3489-1117-4001,0,0,1,0,0,0,0,0,0
UIBYEE9DM_804-521-1316-1033,0,0,1,0,0,0,0,0,0
UIBYEE9DM_801-2729-1313-3241,0,0,1,0,0,0,0,0,0
UIBYEE9DM_801-2217-1313-2729,0,0,1,0,0,0,0,0,0
UIBYEE9DM_638-1814-1150-2326,0,0,1,0,0,0,0,0,0
UIBYEE9DM_813-1582-1325-2094,0,0,1,0,0,0,0,0,0
UIBYEE9DM_950-941-1462-1453,0,0,1,0,0,0,0,0,0
UJGAL3YJN_1528-9338-2040-9850,0,0,0,0,1,0,0,0,0
UJGAL3YJN_1642-8315-2154-8827,0,0,0,0,1,0,0,0,0
UJGAL3YJN_1237-793-1749-1305,0,0,0,0,1,0,0,0,0
UIBYEE9DM_913-4256-1425-4768,0,0,1,0,0,0,0,0,0
UIBYEE9DM_840-3370-1352-3882,0,0,1,0,0,0,0,0,0
UJGAL3YJN_1745-6741-2257-7253,0,0,0,0,1,0,0,0,0
UJGAL3YJN_1016-9338-1528-9850,0,0,0,0,1,0,0,0,0
UJGAL3YJN_1749-793-2261-1305,0,0,0,0,1,0,0,0,0
UJGAL3YJN_2257-6741-2769-7253,0,0,0,0,1,0,0,0,0
UJGAL3YJN_2320-813-2832-1325,0,0,0,0,1,0,0,0,0
UJGAL3YJN_2832-813-3344-1325,0,0,0,0,1,0,0,0,0
UJGAL3YJN_3904-6419-4416-6931,0,0,0,0,1,0,0,0,0
UJGAL3YJN_4416-6419-4928-6931,0,0,1,0,1,0,0,0,0
UJGAL3YJN_3922-809-4434-1321,0,0,0,0,1,0,0,0,0
UJGAL3YJN_3410-809-3922-1321,0,0,0,0,1,0,0,0,0
UJGAL3YJN_4136-7625-4648-8137,0,0,0,0,1,1,0,0,0
UJGAL3YJN_4434-809-4946-1321,0,0,0,0,1,0,0,0,0
UJGAL3YJN_4533-7666-5045-8178,0,0,0,0,1,0,0,0,0
UJGAL3YJN_775-7687-1287-8199,0,0,0,0,0,1,0,0,0
UJGAL3YJN_5088-6309-5600-6821,0,0,0,0,1,0,0,0,0
UJWXV93VI_3882-2487-4394-2999,0,0,0,0,0,0,1,0,0
UJGAL3YJN_5791-9554-6303-10066,0,0,0,0,0,1,0,0,0
UJGAL3YJN_5132-823-5644-1335,0,0,0,0,1,0,0,0,0
UJGAL3YJN_4587-6202-5099-6714,0,0,1,0,1,0,0,0,0
UJWXV93VI_4394-2487-4906-2999,0,0,0,0,0,0,1,0,0
UJWXV93VI_5418-2487-5930-2999,0,0,0,0,0,0,1,0,0
UJWXV93VI_4906-2487-5418-2999,0,0,0,0,0,0,1,0,0
UJWXV93VI_8337-3063-8849-3575,0,0,0,0,0,0,1,0,0
UJWXV93VI_5418-2999-5930-3511,0,0,0,0,0,0,1,0,0
UJWXV93VI_5930-2999-6442-3511,0,0,0,0,0,0,1,0,0
UJWXV93VI_6954-2999-7466-3511,0,0,0,0,0,0,1,0,0
UJWXV93VI_6442-2999-6954-3511,0,0,0,0,0,0,1,0,0
UJWXV93VI_7466-2999-7978-3511,0,0,0,0,0,0,1,0,0
UJWXV93VI_7825-3063-8337-3575,0,0,0,0,0,0,1,0,0
UJWXV93VI_9022-1748-9534-2260,0,0,0,0,0,0,1,0,0
UJWXV93VI_8510-1236-9022-1748,0,0,0,0,0,0,1,0,0
UJYWY9WQN_1374-1548-1886-2060,1,0,0,0,0,0,0,0,0
UJYWY9WQN_1374-2060-1886-2572,1,0,0,0,0,0,0,0,0
UJWXV93VI_8337-3575-8849-4087,0,0,0,0,0,0,1,0,0
UJYWY9WQN_1375-356-1887-868,1,0,0,0,0,0,0,0,0
UJYWY9WQN_1781-2203-2293-2715,1,0,0,0,0,0,0,0,0
UJYWY9WQN_1375-868-1887-1380,1,0,0,0,0,0,0,0,0
UJYWY9WQN_1887-356-2399-868,1,0,0,0,0,0,0,0,0
UJYWY9WQN_2293-2203-2805-2715,1,0,0,0,0,0,0,0,0
UJYWY9WQN_350-1548-862-2060,1,0,0,0,0,0,0,0,0
UJYWY9WQN_351-356-863-868,1,0,0,0,0,0,0,0,0
UJYWY9WQN_350-2060-862-2572,1,0,0,0,0,0,0,0,0
UJYWY9WQN_862-1548-1374-2060,1,0,0,0,0,0,0,0,0
UJYWY9WQN_351-868-863-1380,1,0,0,0,0,0,0,0,0
UJYWY9WQN_862-2060-1374-2572,1,0,0,0,0,0,0,0,0
UJYWY9WQN_863-868-1375-1380,1,0,0,0,0,0,0,0,0
UJYWY9WQN_863-356-1375-868,1,0,0,0,0,0,0,0,0
UK4VDJ8R7_1587-3873-2099-4385,0,0,0,0,0,0,0,0,1
UK4VDJ8R7_1037-3364-1549-3876,0,0,0,0,0,0,0,0,1
UK4VDJ8R7_1221-3509-1733-4021,0,0,0,0,0,0,0,0,1
UK4VDJ8R7_1675-2664-2187-3176,0,0,0,0,0,0,0,0,1
UK4VDJ8R7_1772-4041-2284-4553,0,0,0,0,0,0,0,0,1
UK4VDJ8R7_1950-4193-2462-4705,0,0,0,0,0,0,0,0,1
UK4VDJ8R7_1309-614-1821-1126,0,0,0,0,0,0,0,0,1
UK4VDJ8R7_1672-625-2184-1137,0,0,0,0,0,0,0,0,1
UK4VDJ8R7_1404-3667-1916-4179,0,0,0,0,0,0,0,0,1
UK4VDJ8R7_2134-4350-2646-4862,0,0,0,0,0,0,0,0,1
UK4VDJ8R7_2711-4758-3223-5270,0,0,0,0,0,0,0,0,1
UK4VDJ8R7_2357-4576-2869-5088,0,0,0,0,0,0,0,0,1
UK4VDJ8R7_2036-628-2548-1140,0,0,0,0,0,0,0,0,1
UK4VDJ8R7_2978-717-3490-1229,0,0,0,0,0,0,0,0,1
UK4VDJ8R7_2405-648-2917-1160,0,0,0,0,0,0,0,0,1
UK4VDJ8R7_3076-4781-3588-5293,0,0,0,0,0,0,0,0,1
UK4VDJ8R7_3714-688-4226-1200,0,0,0,0,0,0,0,0,1
UK4VDJ8R7_3359-703-3871-1215,0,0,0,0,0,0,0,0,1
UK4VDJ8R7_4002-3802-4514-4314,0,0,0,0,0,0,0,0,1
UK4VDJ8R7_4002-3290-4514-3802,0,0,0,0,0,0,0,0,1
UK4VDJ8R7_4002-4314-4514-4826,0,0,0,0,0,0,0,0,1
UK4VDJ8R7_4486-705-4998-1217,0,0,0,0,0,0,0,0,1
UK4VDJ8R7_4488-5404-5000-5916,0,0,0,0,0,0,0,0,1
UK4VDJ8R7_4082-681-4594-1193,0,0,0,0,0,0,0,0,1
UK4VDJ8R7_4416-6041-4928-6553,0,0,0,0,0,0,0,0,1
UK4VDJ8R7_4002-4826-4514-5338,0,0,0,0,0,0,0,0,1
UK4VDJ8R7_4360-3139-4872-3651,0,0,0,0,0,0,0,0,1
UKDLMP6LK_1135-5591-1647-6103,0,0,0,0,0,1,0,0,0
UK4VDJ8R7_854-3197-1366-3709,0,0,0,0,0,0,0,0,1
UK4VDJ8R7_945-606-1457-1118,0,0,0,0,0,0,0,0,1
UK4VDJ8R7_692-514-1204-1026,0,0,0,0,0,0,0,0,1
UKDLMP6LK_1314-7468-1826-7980,0,0,0,0,0,1,0,0,0
UKDLMP6LK_1135-6103-1647-6615,0,0,0,0,0,1,0,0,0
UKDLMP6LK_1647-5079-2159-5591,0,0,0,0,0,1,0,0,0
UKDLMP6LK_1647-6103-2159-6615,0,0,0,0,0,1,0,0,0
UKDLMP6LK_1699-4133-2211-4645,0,0,0,0,0,1,0,0,0
UKDLMP6LK_1699-4645-2211-5157,0,0,0,0,0,1,0,0,0
UKDLMP6LK_1802-5258-2314-5770,0,0,0,0,0,1,0,0,0
UKDLMP6LK_2211-3621-2723-4133,0,0,0,0,0,1,0,0,0
UKDLMP6LK_2211-4133-2723-4645,0,0,0,0,0,1,0,0,0
UKDLMP6LK_1790-7550-2302-8062,0,0,0,0,1,1,0,0,0
UKDLMP6LK_2287-1219-2799-1731,0,0,0,0,0,1,0,0,0
UKDLMP6LK_1839-5684-2351-6196,0,0,0,0,0,1,0,0,0
UKDLMP6LK_2082-2393-2594-2905,0,0,0,0,1,0,0,0,0
UKDLMP6LK_2287-2243-2799-2755,0,0,0,0,1,1,0,0,0
UKDLMP6LK_2287-2755-2799-3267,0,0,0,0,0,1,0,0,0
UKDLMP6LK_2314-5258-2826-5770,0,0,0,0,0,1,0,0,0
UKDLMP6LK_2351-5684-2863-6196,0,0,0,0,0,1,0,0,0
UKDLMP6LK_2287-3267-2799-3779,0,0,0,0,0,1,0,0,0
UKDLMP6LK_2787-803-3299-1315,0,0,0,0,1,1,0,0,0
UKDLMP6LK_2302-7550-2814-8062,0,0,0,0,1,1,0,0,0
UKDLMP6LK_2545-1049-3057-1561,0,0,0,0,1,1,0,0,0
UKDLMP6LK_2799-2243-3311-2755,0,0,0,0,0,1,0,0,0
UKDLMP6LK_2799-1219-3311-1731,0,0,0,0,0,1,0,0,0
UKDLMP6LK_2799-1731-3311-2243,0,0,0,0,0,1,0,0,0
UKDLMP6LK_2943-7510-3455-8022,0,0,0,0,1,1,0,0,0
UKDLMP6LK_3057-1049-3569-1561,0,0,0,0,1,1,0,0,0
UKDLMP6LK_3680-1869-4192-2381,0,0,0,0,0,1,0,0,0
UKDLMP6LK_3455-7510-3967-8022,0,0,0,0,1,1,0,0,0
UKDLMP6LK_3660-1312-4172-1824,0,0,0,0,0,1,0,0,0
UKDLMP6LK_3569-1049-4081-1561,0,0,0,0,1,1,0,0,0
UKDLMP6LK_3678-820-4190-1332,0,0,0,0,1,1,0,0,0
UKDLMP6LK_3774-1530-4286-2042,0,0,0,0,0,1,0,0,0
UKDLMP6LK_3937-7478-4449-7990,0,0,0,0,1,1,0,0,0
UKDLMP6LK_4348-1758-4860-2270,0,0,0,0,0,1,0,0,0
UKDLMP6LK_3934-1783-4446-2295,0,0,0,0,0,1,0,0,0
UKDLMP6LK_4321-1249-4833-1761,0,0,0,0,1,1,0,0,0
UKDLMP6LK_4833-1249-5345-1761,0,0,0,0,1,1,0,0,0
UKDLMP6LK_4449-7478-4961-7990,0,0,0,0,1,1,0,0,0
UKDLMP6LK_4860-1758-5372-2270,0,0,0,0,0,1,0,0,0
UKDLMP6LK_5458-7408-5970-7920,0,0,0,0,1,1,0,0,0
UKDLMP6LK_4946-7408-5458-7920,0,0,0,0,1,1,0,0,0
UKDLMP6LK_5811-1663-6323-2175,0,0,0,0,0,1,0,0,0
UKDLMP6LK_5372-1758-5884-2270,0,0,0,0,0,1,0,0,0
UKDLMP6LK_5493-1320-6005-1832,0,0,0,0,1,0,0,0,0
UKDLMP6LK_6045-7378-6557-7890,0,0,0,0,1,1,0,0,0
UKDLMP6LK_5983-1108-6495-1620,0,0,0,0,1,1,0,0,0
UKDLMP6LK_6214-1256-6726-1768,0,0,0,0,1,1,0,0,0
UKDLMP6LK_6008-837-6520-1349,0,0,0,0,1,1,0,0,0
UKDLMP6LK_6360-1005-6872-1517,0,0,0,1,1,1,0,0,0
UKDLMP6LK_6557-7378-7069-7890,0,0,0,0,1,0,0,0,0
UKDLMP6LK_6987-695-7499-1207,0,0,0,0,1,1,0,0,0
UKDLMP6LK_6872-1005-7384-1517,0,0,0,0,1,1,0,0,0
UKDLMP6LK_7376-1434-7888-1946,0,0,0,0,0,1,0,0,0
UKDLMP6LK_7141-7322-7653-7834,0,0,0,0,1,1,0,0,0
UKDLMP6LK_7351-1008-7863-1520,0,0,0,0,1,1,0,0,0
UKDLMP6LK_7095-2159-7607-2671,0,0,0,0,1,1,0,0,0
UKDLMP6LK_6602-845-7114-1357,0,0,0,1,1,1,0,0,0
UKDLMP6LK_7376-1946-7888-2458,0,0,0,0,1,1,0,0,0
UKDLMP6LK_7840-7590-8352-8102,0,0,0,0,0,1,0,0,0
UKDLMP6LK_7653-7322-8165-7834,0,0,0,0,1,1,0,0,0
UKDLMP6LK_7607-2159-8119-2671,0,0,0,0,1,1,0,0,0
UKDLMP6LK_8357-7114-8869-7626,0,0,1,0,0,0,0,0,0
UKDLMP6LK_8199-2130-8711-2642,0,0,1,0,0,0,0,0,0
UKDLMP6LK_874-6442-1386-6954,0,0,0,0,0,1,0,0,0
UKDLMP6LK_8357-7626-8869-8138,0,0,1,0,0,0,0,0,0
UKDLMP6LK_7499-695-8011-1207,0,0,0,0,1,0,0,0,0
UKDLMP6LK_874-6954-1386-7466,0,0,0,0,0,1,0,0,0
UKZETNFC1_1518-2477-2030-2989,0,0,1,0,0,0,0,0,0
UKDLMP6LK_874-7466-1386-7978,0,0,0,0,0,1,0,0,0
UKZETNFC1_1909-4693-2421-5205,0,0,1,0,0,0,0,0,0
UKZETNFC1_1397-4362-1909-4874,0,0,1,0,0,0,0,0,0
UKZETNFC1_2192-4860-2704-5372,0,0,1,0,0,0,0,0,0
UKZETNFC1_3647-4586-4159-5098,0,0,1,0,0,0,0,0,0
UKZETNFC1_3325-4285-3837-4797,0,0,1,0,0,0,0,0,0
UKZETNFC1_3647-5098-4159-5610,0,0,1,0,0,0,0,0,0
ULBXLBBY4_10085-4656-10597-5168,0,0,0,0,0,1,0,0,0
ULBXLBBY4_10084-1527-10596-2039,0,0,0,0,1,0,0,0,0
ULBXLBBY4_10186-441-10698-953,0,0,0,0,0,1,0,0,0
ULBXLBBY4_10385-4603-10897-5115,0,0,0,0,0,1,0,0,0
ULBXLBBY4_10671-4546-11183-5058,0,0,0,0,0,1,0,0,0
ULBXLBBY4_10972-4501-11484-5013,0,0,0,0,0,1,0,0,0
ULBXLBBY4_1189-3974-1701-4486,0,0,0,0,1,0,0,0,0
ULBXLBBY4_11151-2069-11663-2581,0,0,0,0,0,1,0,0,0
ULBXLBBY4_11841-4353-12353-4865,0,0,0,0,0,1,0,0,0
ULBXLBBY4_11430-2073-11942-2585,0,0,0,0,0,1,0,0,0
ULBXLBBY4_12987-4143-13499-4655,0,0,0,0,0,1,0,0,0
ULBXLBBY4_12131-4298-12643-4810,0,0,0,0,0,1,0,0,0
ULBXLBBY4_13275-4095-13787-4607,0,0,0,0,0,1,0,0,0
ULBXLBBY4_12293-2091-12805-2603,0,0,0,0,0,1,0,0,0
ULBXLBBY4_13149-2100-13661-2612,0,0,0,0,0,1,0,0,0
ULBXLBBY4_12707-4198-13219-4710,0,0,0,0,0,1,0,0,0
ULBXLBBY4_13436-2104-13948-2616,0,0,1,0,0,1,0,0,0
ULBXLBBY4_13837-3992-14349-4504,0,0,0,0,0,1,0,0,0
ULBXLBBY4_14690-3811-15202-4323,0,0,0,0,0,1,0,0,0
ULBXLBBY4_14825-2438-15337-2950,0,0,0,0,1,0,0,0,0
ULBXLBBY4_13557-4043-14069-4555,0,0,0,0,0,1,0,0,0
ULBXLBBY4_13751-1955-14263-2467,0,0,1,0,0,1,0,0,0
ULBXLBBY4_14831-3015-15343-3527,0,0,0,0,1,0,0,0,0
ULBXLBBY4_14120-3938-14632-4450,0,0,0,0,0,1,0,0,0
ULBXLBBY4_14858-2125-15370-2637,0,0,0,0,1,1,0,0,0
ULBXLBBY4_14023-2113-14535-2625,0,0,1,0,0,1,0,0,0
ULBXLBBY4_14404-3888-14916-4400,0,0,0,0,0,1,0,0,0
ULBXLBBY4_1636-3679-2148-4191,0,0,0,0,0,1,0,0,0
ULBXLBBY4_2207-3396-2719-3908,0,0,0,0,0,1,0,0,0
ULBXLBBY4_2808-2594-3320-3106,0,0,0,0,1,0,0,0,0
ULBXLBBY4_3315-2037-3827-2549,0,0,0,0,1,0,0,0,0
ULBXLBBY4_3668-1776-4180-2288,0,0,0,0,1,1,0,0,0
ULBXLBBY4_3441-2309-3953-2821,0,0,1,0,1,0,0,0,0
ULBXLBBY4_4039-1590-4551-2102,0,0,0,0,0,1,0,0,0
ULBXLBBY4_4343-1545-4855-2057,0,0,1,0,0,1,0,0,0
ULBXLBBY4_6522-931-7034-1443,0,0,0,0,0,1,0,0,0
ULBXLBBY4_5189-1585-5701-2097,0,0,1,0,0,0,0,0,0
ULBXLBBY4_631-5640-1143-6152,0,0,0,0,1,0,0,0,0
ULBXLBBY4_8333-4957-8845-5469,0,0,0,0,0,1,0,0,0
ULBXLBBY4_760-5094-1272-5606,0,0,0,0,1,0,0,0,0
ULBXLBBY4_7103-946-7615-1458,0,0,0,0,0,1,0,0,0
ULBXLBBY4_5936-1490-6448-2002,0,0,0,0,0,1,0,0,0
ULBXLBBY4_8815-752-9327-1264,0,0,0,0,0,1,0,0,0
ULBXLBBY4_5869-4409-6381-4921,0,0,0,0,0,0,0,0,1
ULBXLBBY4_6208-1179-6720-1691,0,0,0,0,0,1,0,0,0
ULBXLBBY4_8627-4915-9139-5427,0,0,0,0,0,1,0,0,0
ULBXLBBY4_9467-4785-9979-5297,0,0,0,0,0,1,0,0,0
ULBXLBBY4_9203-4822-9715-5334,0,0,0,0,0,1,0,0,0
ULBXLBBY4_9794-4703-10306-5215,0,0,0,0,0,1,0,0,0
ULBXLBBY4_9685-627-10197-1139,0,0,0,0,0,1,0,0,0
ULBXLBBY4_9400-693-9912-1205,0,0,0,0,0,1,0,0,0
ULBXLBBY4_9966-543-10478-1055,0,0,0,0,0,1,0,0,0
ULWWF627U_10014-6628-10526-7140,1,0,0,0,0,0,0,0,0
ULWWF627U_10077-4347-10589-4859,1,0,0,0,0,0,0,0,0
ULWWF627U_10232-6173-10744-6685,1,0,0,0,0,0,0,0,0
ULWWF627U_10077-4859-10589-5371,1,0,0,0,0,0,0,0,0
ULWWF627U_10190-4561-10702-5073,1,0,0,0,0,0,0,0,0
ULWWF627U_10105-9700-10617-10212,1,0,0,0,0,0,0,0,0
ULWWF627U_10105-8676-10617-9188,1,0,0,0,0,0,0,0,0
ULWWF627U_10232-5149-10744-5661,1,0,0,0,0,0,0,0,0
ULWWF627U_10526-5604-11038-6116,1,0,0,0,0,0,0,0,0
ULWWF627U_10232-5661-10744-6173,1,0,0,0,0,0,0,0,0
ULWWF627U_10526-6628-11038-7140,1,0,0,0,0,0,0,0,0
ULWWF627U_10526-6116-11038-6628,1,0,0,0,0,0,0,0,0
ULWWF627U_10589-4347-11101-4859,1,0,0,0,0,0,0,0,0
ULWWF627U_10617-7652-11129-8164,1,0,0,0,0,0,0,0,0
ULWWF627U_10589-4859-11101-5371,1,0,0,0,0,0,0,0,0
ULWWF627U_10589-3835-11101-4347,1,0,0,0,0,0,0,0,0
ULWWF627U_10617-7140-11129-7652,1,0,0,0,0,0,0,0,0
ULWWF627U_10617-9188-11129-9700,1,0,0,0,0,0,0,0,0
ULWWF627U_10617-9700-11129-10212,1,0,0,0,0,0,0,0,0
ULWWF627U_10617-8676-11129-9188,1,0,0,0,0,0,0,0,0
ULWWF627U_1065-11211-1577-11723,1,0,0,0,0,0,0,0,0
ULWWF627U_10986-9617-11498-10129,1,0,0,0,0,0,0,0,0
ULWWF627U_1065-9675-1577-10187,1,0,0,0,0,0,0,0,0
ULWWF627U_10986-9105-11498-9617,1,0,0,0,0,0,0,0,0
ULWWF627U_11038-5604-11550-6116,1,0,0,0,0,0,0,0,0
ULWWF627U_10744-4637-11256-5149,1,0,0,0,0,0,0,0,0
ULWWF627U_11101-4347-11613-4859,1,0,0,0,0,0,0,0,0
ULWWF627U_11038-6116-11550-6628,1,0,0,0,0,0,0,0,0
ULWWF627U_11206-6786-11718-7298,1,0,0,0,0,0,0,0,0
ULWWF627U_11101-4859-11613-5371,1,0,0,0,0,0,0,0,0
ULWWF627U_11206-7298-11718-7810,1,0,0,0,0,0,0,0,0
ULWWF627U_11613-4347-12125-4859,1,0,0,0,0,0,0,0,0
ULWWF627U_11613-4859-12125-5371,1,0,0,0,0,0,0,0,0
ULWWF627U_11718-6786-12230-7298,1,0,0,0,0,0,0,0,0
ULWWF627U_11256-4637-11768-5149,1,0,0,0,0,0,0,0,0
ULWWF627U_12615-5942-13127-6454,1,0,0,0,0,0,0,0,0
ULWWF627U_12125-4859-12637-5371,1,0,0,0,0,0,0,0,0
ULWWF627U_12615-6454-13127-6966,1,0,0,0,0,0,0,0,0
ULWWF627U_12615-5430-13127-5942,1,0,0,0,0,0,0,0,0
ULWWF627U_12615-6966-13127-7478,1,0,0,0,0,0,0,0,0
ULWWF627U_12615-7478-13127-7990,1,0,0,0,0,0,0,0,0
ULWWF627U_13639-5430-14151-5942,1,0,0,0,0,0,0,0,0
ULWWF627U_13127-7478-13639-7990,1,0,0,0,0,0,0,0,0
ULWWF627U_13127-5430-13639-5942,1,0,0,0,0,0,0,0,0
ULWWF627U_13127-6454-13639-6966,1,0,0,0,0,0,0,0,0
ULWWF627U_13127-6966-13639-7478,1,0,0,0,0,0,0,0,0
ULWWF627U_13639-6454-14151-6966,1,0,0,0,0,0,0,0,0
ULWWF627U_13639-6966-14151-7478,1,0,0,0,0,0,0,0,0
ULWWF627U_1577-10699-2089-11211,1,0,0,0,0,0,0,0,0
ULWWF627U_14151-5430-14663-5942,1,0,0,0,0,0,0,0,0
ULWWF627U_14151-6454-14663-6966,1,0,0,0,0,0,0,0,0
ULWWF627U_1577-11211-2089-11723,1,0,0,0,0,0,0,0,0
ULWWF627U_14151-5942-14663-6454,1,0,0,0,0,0,0,0,0
ULWWF627U_1577-9675-2089-10187,1,0,0,0,0,0,0,0,0
ULWWF627U_1875-4794-2387-5306,1,0,0,0,0,0,0,0,0
ULWWF627U_1772-3191-2284-3703,1,0,0,0,0,0,0,0,0
ULWWF627U_1875-5818-2387-6330,1,0,0,0,0,0,0,0,0
ULWWF627U_1772-3703-2284-4215,1,0,0,0,0,0,0,0,0
ULWWF627U_2007-2764-2519-3276,1,0,0,0,0,0,0,0,0
ULWWF627U_1875-5306-2387-5818,1,0,0,0,0,0,0,0,0
ULWWF627U_2089-11211-2601-11723,1,0,0,0,0,0,0,0,0
ULWWF627U_2089-9675-2601-10187,1,0,0,0,0,0,0,0,0
ULWWF627U_2089-10699-2601-11211,1,0,0,0,0,0,0,0,0
ULWWF627U_1981-10364-2493-10876,1,0,0,0,0,0,0,0,0
ULWWF627U_1875-6330-2387-6842,1,0,0,0,0,0,0,0,0
ULWWF627U_2115-1225-2627-1737,1,0,0,0,0,0,0,0,0
ULWWF627U_2387-6330-2899-6842,1,0,0,0,0,0,0,0,0
ULWWF627U_2387-6842-2899-7354,1,0,0,0,0,0,0,0,0
ULWWF627U_2284-3703-2796-4215,1,0,0,0,0,0,0,0,0
ULWWF627U_2387-4794-2899-5306,1,0,0,0,0,0,0,0,0
ULWWF627U_2467-10028-2979-10540,1,0,0,0,0,0,0,0,0
ULWWF627U_2899-5818-3411-6330,1,0,0,0,0,0,0,0,0
ULWWF627U_2493-10876-3005-11388,1,0,0,0,0,0,0,0,0
ULWWF627U_2493-11388-3005-11900,1,0,0,0,0,0,0,0,0
ULWWF627U_2493-10364-3005-10876,1,0,0,0,0,0,0,0,0
ULWWF627U_2899-5306-3411-5818,1,0,0,0,0,0,0,0,0
ULWWF627U_2979-10028-3491-10540,1,0,0,0,0,0,0,0,0
ULWWF627U_2467-9516-2979-10028,1,0,0,0,0,0,0,0,0
ULWWF627U_2899-6842-3411-7354,1,0,0,0,0,0,0,0,0
ULWWF627U_2979-9516-3491-10028,1,0,0,0,0,0,0,0,0
ULWWF627U_3005-10876-3517-11388,1,0,0,0,0,0,0,0,0
ULWWF627U_3005-10364-3517-10876,1,0,0,0,0,0,0,0,0
ULWWF627U_3309-925-3821-1437,1,0,0,0,0,0,0,0,0
ULWWF627U_3005-11388-3517-11900,1,0,0,0,0,0,0,0,0
ULWWF627U_3411-5306-3923-5818,1,0,0,0,0,0,0,0,0
ULWWF627U_3411-6842-3923-7354,1,0,0,0,0,0,0,0,0
ULWWF627U_3411-5818-3923-6330,1,0,0,0,0,0,0,0,0
ULWWF627U_3411-7354-3923-7866,1,0,0,0,0,0,0,0,0
ULWWF627U_3411-7866-3923-8378,1,0,0,0,0,0,0,0,0
ULWWF627U_3517-10876-4029-11388,1,0,0,0,0,0,0,0,0
ULWWF627U_3491-10028-4003-10540,1,0,0,0,0,0,0,0,0
ULWWF627U_3517-11388-4029-11900,1,0,0,0,0,0,0,0,0
ULWWF627U_3697-9848-4209-10360,1,0,0,0,0,0,0,0,0
ULWWF627U_3821-1437-4333-1949,1,0,0,0,0,0,0,0,0
ULWWF627U_3821-413-4333-925,1,0,0,0,0,0,0,0,0
ULWWF627U_3411-8378-3923-8890,1,0,0,0,0,0,0,0,0
ULWWF627U_3517-10364-4029-10876,1,0,0,0,0,0,0,0,0
ULWWF627U_3923-5306-4435-5818,1,0,0,0,0,0,0,0,0
ULWWF627U_3736-3272-4248-3784,1,0,0,0,0,0,0,0,0
ULWWF627U_3491-9516-4003-10028,1,0,0,0,0,0,0,0,0
ULWWF627U_3821-925-4333-1437,1,0,0,0,0,0,0,0,0
ULWWF627U_3923-5818-4435-6330,1,0,0,0,0,0,0,0,0
ULWWF627U_3923-8890-4435-9402,1,0,0,0,0,0,0,0,0
ULWWF627U_3923-6330-4435-6842,1,0,0,0,0,0,0,0,0
ULWWF627U_3923-7866-4435-8378,1,0,0,0,0,0,0,0,0
ULWWF627U_4220-7180-4732-7692,1,0,0,0,0,0,0,0,0
ULWWF627U_4352-2451-4864-2963,1,0,0,0,0,0,0,0,0
ULWWF627U_4220-9740-4732-10252,1,0,0,0,0,0,0,0,0
ULWWF627U_4333-1437-4845-1949,1,0,0,0,0,0,0,0,0
ULWWF627U_4248-3272-4760-3784,1,0,0,0,0,0,0,0,0
ULWWF627U_4220-8716-4732-9228,1,0,0,0,0,0,0,0,0
ULWWF627U_4435-7354-4947-7866,1,0,0,0,0,0,0,0,0
ULWWF627U_4333-1949-4845-2461,1,0,0,0,0,0,0,0,0
ULWWF627U_4333-413-4845-925,1,0,0,0,0,0,0,0,0
ULWWF627U_4435-6842-4947-7354,1,0,0,0,0,0,0,0,0
ULWWF627U_4435-8890-4947-9402,1,0,0,0,0,0,0,0,0
ULWWF627U_4435-5818-4947-6330,1,0,0,0,0,0,0,0,0
ULWWF627U_4435-6330-4947-6842,1,0,0,0,0,0,0,0,0
ULWWF627U_4732-7180-5244-7692,1,0,0,0,0,0,0,0,0
ULWWF627U_4732-8716-5244-9228,1,0,0,0,0,0,0,0,0
ULWWF627U_4732-9228-5244-9740,1,0,0,0,0,0,0,0,0
ULWWF627U_4732-9740-5244-10252,1,0,0,0,0,0,0,0,0
ULWWF627U_4845-1437-5357-1949,1,0,0,0,0,0,0,0,0
ULWWF627U_4947-7354-5459-7866,1,0,0,0,0,0,0,0,0
ULWWF627U_4845-413-5357-925,1,0,0,0,0,0,0,0,0
ULWWF627U_4990-5203-5502-5715,1,0,0,0,0,0,0,0,0
ULWWF627U_4947-7866-5459-8378,1,0,0,0,0,0,0,0,0
ULWWF627U_4990-4691-5502-5203,1,0,0,0,0,0,0,0,0
ULWWF627U_4845-925-5357-1437,1,0,0,0,0,0,0,0,0
ULWWF627U_4845-1949-5357-2461,1,0,0,0,0,0,0,0,0
ULWWF627U_4947-8378-5459-8890,1,0,0,0,0,0,0,0,0
ULWWF627U_5244-7692-5756-8204,1,0,0,0,0,0,0,0,0
ULWWF627U_4864-2451-5376-2963,1,0,0,0,0,0,0,0,0
ULWWF627U_4947-8890-5459-9402,1,0,0,0,0,0,0,0,0
ULWWF627U_5217-3634-5729-4146,1,0,0,0,0,0,0,0,0
ULWWF627U_5244-7180-5756-7692,1,0,0,0,0,0,0,0,0
ULWWF627U_5244-8204-5756-8716,1,0,0,0,0,0,0,0,0
ULWWF627U_5244-8716-5756-9228,1,0,0,0,0,0,0,0,0
ULWWF627U_5244-9228-5756-9740,1,0,0,0,0,0,0,0,0
ULWWF627U_5244-9740-5756-10252,1,0,0,0,0,0,0,0,0
ULWWF627U_5357-1437-5869-1949,1,0,0,0,0,0,0,0,0
ULWWF627U_553-10187-1065-10699,1,0,0,0,0,0,0,0,0
ULWWF627U_553-9675-1065-10187,1,0,0,0,0,0,0,0,0
ULWWF627U_5502-4179-6014-4691,1,0,0,0,0,0,0,0,0
ULWWF627U_5382-5273-5894-5785,1,0,0,0,0,0,0,0,0
ULWWF627U_5502-4691-6014-5203,1,0,0,0,0,0,0,0,0
ULWWF627U_5357-1949-5869-2461,1,0,0,0,0,0,0,0,0
ULWWF627U_5357-925-5869-1437,1,0,0,0,0,0,0,0,0
ULWWF627U_553-10699-1065-11211,1,0,0,0,0,0,0,0,0
ULWWF627U_5729-3634-6241-4146,1,0,0,0,0,0,0,0,0
ULWWF627U_5756-9228-6268-9740,1,0,0,0,0,0,0,0,0
ULWWF627U_553-11211-1065-11723,1,0,0,0,0,0,0,0,0
ULWWF627U_5756-9740-6268-10252,1,0,0,0,0,0,0,0,0
ULWWF627U_5756-7180-6268-7692,1,0,0,0,0,0,0,0,0
ULWWF627U_5934-1730-6446-2242,1,0,0,0,0,0,0,0,0
ULWWF627U_6014-3667-6526-4179,1,0,0,0,0,0,0,0,0
ULWWF627U_5934-2242-6446-2754,1,0,0,0,0,0,0,0,0
ULWWF627U_6014-4691-6526-5203,1,0,0,0,0,0,0,0,0
ULWWF627U_6014-4179-6526-4691,1,0,0,0,0,0,0,0,0
ULWWF627U_6268-7180-6780-7692,1,0,0,0,0,0,0,0,0
ULWWF627U_6395-5640-6907-6152,1,0,0,0,0,0,0,0,0
ULWWF627U_6014-5203-6526-5715,1,0,0,0,0,0,0,0,0
ULWWF627U_6268-8716-6780-9228,1,0,0,0,0,0,0,0,0
ULWWF627U_6446-2754-6958-3266,1,0,0,0,0,0,0,0,0
ULWWF627U_6615-8860-7127-9372,1,0,0,0,0,0,0,0,0
ULWWF627U_6446-1730-6958-2242,1,0,0,0,0,0,0,0,0
ULWWF627U_6526-4179-7038-4691,1,0,0,0,0,0,0,0,0
ULWWF627U_6526-5203-7038-5715,1,0,0,0,0,0,0,0,0
ULWWF627U_6268-9740-6780-10252,1,0,0,0,0,0,0,0,0
ULWWF627U_6103-9372-6615-9884,1,0,0,0,0,0,0,0,0
ULWWF627U_6780-8204-7292-8716,1,0,0,0,0,0,0,0,0
ULWWF627U_6780-9740-7292-10252,1,0,0,0,0,0,0,0,0
ULWWF627U_6958-2754-7470-3266,1,0,0,0,0,0,0,0,0
ULWWF627U_7033-7140-7545-7652,1,0,0,0,0,0,0,0,0
ULWWF627U_6904-2450-7416-2962,1,0,0,0,0,0,0,0,0
ULWWF627U_6978-8999-7490-9511,1,0,0,0,0,0,0,0,0
ULWWF627U_6907-5640-7419-6152,1,0,0,0,0,0,0,0,0
ULWWF627U_7038-5203-7550-5715,1,0,0,0,0,0,0,0,0
ULWWF627U_7416-2450-7928-2962,1,0,0,0,0,0,0,0,0
ULWWF627U_7038-4179-7550-4691,1,0,0,0,0,0,0,0,0
ULWWF627U_7419-5640-7931-6152,1,0,0,0,0,0,0,0,0
ULWWF627U_7545-7140-8057-7652,1,0,0,0,0,0,0,0,0
ULWWF627U_7033-7652-7545-8164,1,0,0,0,0,0,0,0,0
ULWWF627U_7545-8164-8057-8676,1,0,0,0,0,0,0,0,0
ULWWF627U_7033-8676-7545-9188,1,0,0,0,0,0,0,0,0
ULWWF627U_7490-8999-8002-9511,1,0,0,0,0,0,0,0,0
ULWWF627U_7545-8676-8057-9188,1,0,0,0,0,0,0,0,0
ULWWF627U_7550-3667-8062-4179,1,0,0,0,0,0,0,0,0
ULWWF627U_7545-9700-8057-10212,1,0,0,0,0,0,0,0,0
ULWWF627U_7550-4179-8062-4691,1,0,0,0,0,0,0,0,0
ULWWF627U_7639-9372-8151-9884,1,0,0,0,0,0,0,0,0
ULWWF627U_7550-4691-8062-5203,1,0,0,0,0,0,0,0,0
ULWWF627U_7931-5640-8443-6152,1,0,0,0,0,0,0,0,0
ULWWF627U_7550-5203-8062-5715,1,0,0,0,0,0,0,0,0
ULWWF627U_8057-7140-8569-7652,1,0,0,0,0,0,0,0,0
ULWWF627U_8057-7652-8569-8164,1,0,0,0,0,0,0,0,0
ULWWF627U_8062-4691-8574-5203,1,0,0,0,0,0,0,0,0
ULWWF627U_8062-4179-8574-4691,1,0,0,0,0,0,0,0,0
ULWWF627U_8057-9188-8569-9700,1,0,0,0,0,0,0,0,0
ULWWF627U_8062-3667-8574-4179,1,0,0,0,0,0,0,0,0
ULWWF627U_8057-9700-8569-10212,1,0,0,0,0,0,0,0,0
ULWWF627U_8057-8676-8569-9188,1,0,0,0,0,0,0,0,0
ULWWF627U_8062-5203-8574-5715,1,0,0,0,0,0,0,0,0
ULWWF627U_8057-8164-8569-8676,1,0,0,0,0,0,0,0,0
ULWWF627U_8541-4347-9053-4859,1,0,0,0,0,0,0,0,0
ULWWF627U_8277-2972-8789-3484,1,0,0,0,0,0,0,0,0
ULWWF627U_8541-3323-9053-3835,1,0,0,0,0,0,0,0,0
ULWWF627U_8569-8164-9081-8676,1,0,0,0,0,0,0,0,0
ULWWF627U_8569-8676-9081-9188,1,0,0,0,0,0,0,0,0
ULWWF627U_8569-9700-9081-10212,1,0,0,0,0,0,0,0,0
ULWWF627U_8574-3667-9086-4179,1,0,0,0,0,0,0,0,0
ULWWF627U_8569-9188-9081-9700,1,0,0,0,0,0,0,0,0
ULWWF627U_8574-4691-9086-5203,1,0,0,0,0,0,0,0,0
ULWWF627U_8646-6274-9158-6786,1,0,0,0,0,0,0,0,0
ULWWF627U_9081-9700-9593-10212,1,0,0,0,0,0,0,0,0
ULWWF627U_9053-3323-9565-3835,1,0,0,0,0,0,0,0,0
ULWWF627U_9053-4347-9565-4859,1,0,0,0,0,0,0,0,0
ULWWF627U_9053-3835-9565-4347,1,0,0,0,0,0,0,0,0
ULWWF627U_8574-5715-9086-6227,1,0,0,0,0,0,0,0,0
ULWWF627U_9053-4859-9565-5371,1,0,0,0,0,0,0,0,0
ULWWF627U_9081-8676-9593-9188,1,0,0,0,0,0,0,0,0
ULWWF627U_8990-6628-9502-7140,1,0,0,0,0,0,0,0,0
ULWWF627U_9208-5661-9720-6173,1,0,0,0,0,0,0,0,0
ULWWF627U_9208-4637-9720-5149,1,0,0,0,0,0,0,0,0
ULWWF627U_9208-6173-9720-6685,1,0,0,0,0,0,0,0,0
ULWWF627U_9208-5149-9720-5661,1,0,0,0,0,0,0,0,0
ULWWF627U_9502-6628-10014-7140,1,0,0,0,0,0,0,0,0
ULWWF627U_9565-3323-10077-3835,1,0,0,0,0,0,0,0,0
ULWWF627U_9565-4347-10077-4859,1,0,0,0,0,0,0,0,0
ULWWF627U_9565-3835-10077-4347,1,0,0,0,0,0,0,0,0
ULWWF627U_9502-5604-10014-6116,1,0,0,0,0,0,0,0,0
ULWWF627U_9565-4859-10077-5371,1,0,0,0,0,0,0,0,0
ULWWF627U_9720-4637-10232-5149,1,0,0,0,0,0,0,0,0
ULWWF627U_9670-6274-10182-6786,1,0,0,0,0,0,0,0,0
ULWWF627U_9593-8164-10105-8676,1,0,0,0,0,0,0,0,0
ULWWF627U_9720-5149-10232-5661,1,0,0,0,0,0,0,0,0
UMC9T2INJ_1079-3229-1591-3741,1,0,0,0,0,0,0,0,0
UMC9T2INJ_1332-4558-1844-5070,1,0,0,0,0,0,0,0,0
UMC9T2INJ_1180-4042-1692-4554,1,0,0,0,0,0,0,0,0
ULWWF627U_9593-9700-10105-10212,1,0,0,0,0,0,0,0,0
UMC9T2INJ_1180-3530-1692-4042,1,0,0,0,0,0,0,0,0
UMC9T2INJ_1403-3651-1915-4163,1,0,0,0,0,0,0,0,0
UMC9T2INJ_1358-1592-1870-2104,1,0,0,0,0,0,0,0,0
UMC9T2INJ_1403-4163-1915-4675,1,0,0,0,0,0,0,0,0
UMC9T2INJ_1537-2623-2049-3135,1,0,0,0,0,0,0,0,0
UMC9T2INJ_1528-2025-2040-2537,1,0,0,0,0,0,0,0,0
UMC9T2INJ_1870-2104-2382-2616,1,0,0,0,0,0,0,0,0
UMC9T2INJ_1907-5925-2419-6437,1,0,0,0,0,0,0,0,0
UMC9T2INJ_1537-3135-2049-3647,1,0,0,0,0,0,0,0,0
UMC9T2INJ_1940-5504-2452-6016,1,0,0,0,0,0,0,0,0
UMC9T2INJ_2122-3602-2634-4114,1,0,0,0,0,0,0,0,0
UMC9T2INJ_1947-3430-2459-3942,1,0,0,0,0,0,0,0,0
UMC9T2INJ_2122-4626-2634-5138,1,0,0,0,0,0,0,0,0
UMC9T2INJ_2788-6021-3300-6533,1,0,0,0,0,0,0,0,0
UMC9T2INJ_2206-5836-2718-6348,1,0,0,0,0,0,0,0,0
UMC9T2INJ_2289-3247-2801-3759,1,0,0,0,0,0,0,0,0
UMC9T2INJ_2801-3247-3313-3759,1,0,0,0,0,0,0,0,0
UMC9T2INJ_2122-4114-2634-4626,1,0,0,0,0,0,0,0,0
UMC9T2INJ_2289-2735-2801-3247,1,0,0,0,0,0,0,0,0
UMC9T2INJ_2801-2735-3313-3247,1,0,0,0,0,0,0,0,0
UMC9T2INJ_3042-3925-3554-4437,1,0,0,0,0,0,0,0,0
UMC9T2INJ_3042-3413-3554-3925,1,0,0,0,0,0,0,0,0
UMC9T2INJ_3204-5979-3716-6491,1,0,0,0,0,0,0,0,0
UMC9T2INJ_4329-5828-4841-6340,1,0,0,0,0,0,0,0,0
UMC9T2INJ_585-560-1097-1072,1,0,0,0,0,0,0,0,0
UMC9T2INJ_742-2623-1254-3135,1,0,0,0,0,0,0,0,0
UMC9T2INJ_742-3135-1254-3647,1,0,0,0,0,0,0,0,0
UMRYVHC73_1751-7938-2263-8450,0,0,0,0,1,0,0,0,0
UMJFR6DWV_3966-1183-4478-1695,1,0,0,0,0,0,0,0,0
UMRYVHC73_1017-8002-1529-8514,0,0,0,0,1,0,0,0,0
UMRYVHC73_2373-297-2885-809,0,0,0,0,1,0,0,0,0
UMC9T2INJ_984-4442-1496-4954,1,0,0,0,0,0,0,0,0
UMRYVHC73_5871-245-6383-757,0,0,0,0,1,0,0,0,0
UMRYVHC73_390-656-902-1168,0,0,0,0,1,0,0,0,0
UMRYVHC73_4938-265-5450-777,0,0,0,0,1,0,0,0,0
UMRYVHC73_3379-252-3891-764,0,0,0,0,1,0,0,0,0
UMRYVHC73_5871-5970-6383-6482,0,0,0,0,1,0,0,0,0
UMRYVHC73_2852-285-3364-797,0,0,0,0,1,0,0,0,0
UMRYVHC73_6344-236-6856-748,0,0,0,0,1,0,0,0,0
UMRYVHC73_6350-5984-6862-6496,0,0,0,0,1,0,0,0,0
UMRYVHC73_7232-4155-7744-4667,0,0,0,0,1,0,0,0,0
UMRYVHC73_6758-4163-7270-4675,0,0,0,0,1,0,0,0,0
UMRYVHC73_7285-5959-7797-6471,0,0,0,0,1,0,0,0,0
UNHN16JPL_10799-1129-11311-1641,1,0,0,0,0,0,0,0,0
UMRYVHC73_7466-2972-7978-3484,0,0,0,0,1,0,0,0,0
UNHN16JPL_13286-6844-13798-7356,1,0,0,0,0,0,0,0,0
UMRYVHC73_6766-2993-7278-3505,0,0,0,0,1,0,0,0,0
UMRYVHC73_7356-217-7868-729,0,0,0,0,1,0,0,0,0
UNHN16JPL_11300-6498-11812-7010,1,0,0,0,0,0,0,0,0
UNHN16JPL_12493-1874-13005-2386,1,0,0,0,0,0,0,0,0
UNHN16JPL_11981-1874-12493-2386,1,0,0,0,0,0,0,0,0
UNHN16JPL_11981-2386-12493-2898,1,0,0,0,0,0,0,0,0
UNHN16JPL_13006-4388-13518-4900,1,0,0,0,0,0,0,0,0
UNHN16JPL_13090-4783-13602-5295,1,0,0,0,0,0,0,0,0
UNHN16JPL_13478-5209-13990-5721,1,0,0,0,0,0,0,0,0
UNHN16JPL_12493-2386-13005-2898,1,0,0,0,0,0,0,0,0
UNHN16JPL_13518-4388-14030-4900,1,0,0,0,0,0,0,0,0
UNHN16JPL_13633-4690-14145-5202,1,0,0,0,0,0,0,0,0
UNHN16JPL_9380-4420-9892-4932,1,0,0,0,0,0,0,0,0
UNHN16JPL_14030-4388-14542-4900,1,0,0,0,0,0,0,0,0
UNHN16JPL_20161-7437-20673-7949,1,0,0,0,0,0,0,0,0
UNHN16JPL_8868-4420-9380-4932,1,0,0,0,0,0,0,0,0
UQWBZ1G4Y_1227-4355-1739-4867,0,1,0,0,0,0,0,0,0
UNHN16JPL_16095-5000-16607-5512,1,0,0,0,0,0,0,0,0
UNHN16JPL_14145-4690-14657-5202,1,0,0,0,0,0,0,0,0
UQWBZ1G4Y_1449-3893-1961-4405,0,1,0,0,0,0,0,0,0
UNHN16JPL_18821-7357-19333-7869,1,0,0,0,0,0,0,0,0
UNHN16JPL_19649-7437-20161-7949,1,0,0,0,0,0,0,0,0
UNHN16JPL_19137-7437-19649-7949,1,0,0,0,0,0,0,0,0
UNHN16JPL_13990-5209-14502-5721,1,0,0,0,0,0,0,0,0
UQWBZ1G4Y_2392-4949-2904-5461,0,1,0,0,0,0,0,0,0
UQWBZ1G4Y_2148-4599-2660-5111,0,1,0,0,0,0,0,0,0
UQWBZ1G4Y_2898-3311-3410-3823,0,1,0,0,0,0,0,0,0
UQWBZ1G4Y_1790-4380-2302-4892,0,1,0,0,0,0,0,0,0
UQWBZ1G4Y_3410-3311-3922-3823,0,1,0,0,0,0,0,0,0
UQWBZ1G4Y_2904-4949-3416-5461,0,1,0,0,0,0,0,0,0
UQWBZ1G4Y_5569-2376-6081-2888,0,1,0,0,0,0,0,0,0
UQWBZ1G4Y_4516-1901-5028-2413,0,1,0,0,0,0,0,0,0
UQWBZ1G4Y_4029-1314-4541-1826,0,1,0,0,0,0,0,0,0
UQWBZ1G4Y_4777-446-5289-958,0,1,0,0,0,0,0,0,0
UQWBZ1G4Y_4545-2376-5057-2888,0,1,0,0,0,0,0,0,0
UQWBZ1G4Y_5372-2854-5884-3366,0,1,0,0,0,0,0,0,0
UQWBZ1G4Y_5028-1901-5540-2413,0,1,0,0,0,0,0,0,0
UQWBZ1G4Y_4860-2854-5372-3366,0,1,0,0,0,0,0,0,0
UQWBZ1G4Y_4033-2376-4545-2888,0,1,0,0,0,0,0,0,0
UQWBZ1G4Y_5057-2376-5569-2888,0,1,0,0,0,0,0,0,0
UQWBZ1G4Y_5884-2854-6396-3366,0,1,0,0,0,0,0,0,0
UQWBZ1G4Y_6593-2376-7105-2888,0,1,0,0,0,0,0,0,0
UQWBZ1G4Y_7111-1384-7623-1896,0,1,0,0,0,0,0,0,0
UQWBZ1G4Y_6081-2376-6593-2888,0,1,0,0,0,0,0,0,0
UQWBZ1G4Y_7339-2827-7851-3339,0,1,0,0,0,0,0,0,0
UQWBZ1G4Y_7851-2827-8363-3339,0,1,0,0,0,0,0,0,0
UQWBZ1G4Y_937-3893-1449-4405,0,1,0,0,0,0,0,0,0
UQWBZ1G4Y_8363-2827-8875-3339,0,1,0,0,0,0,0,0,0
URHLHU3HP_1279-7050-1791-7562,0,0,1,0,0,0,0,0,0
URHLHU3HP_1767-6664-2279-7176,0,0,1,0,0,0,0,0,0
URHLHU3HP_1232-9208-1744-9720,0,0,1,0,0,0,0,0,0
URHLHU3HP_2338-8511-2850-9023,0,0,1,0,0,0,0,0,0
URHLHU3HP_1106-8060-1618-8572,0,0,1,0,0,0,0,0,0
URHLHU3HP_1613-8292-2125-8804,0,0,1,0,0,0,0,0,0
URHLHU3HP_1473-7344-1985-7856,0,0,1,0,0,0,0,0,0
URHLHU3HP_1847-9072-2359-9584,0,0,1,0,0,0,0,0,0
URHLHU3HP_1541-6797-2053-7309,0,0,1,0,0,0,0,0,0
URHLHU3HP_1258-7604-1770-8116,0,0,1,0,0,0,0,0,0
URHLHU3HP_2639-5469-3151-5981,0,0,1,0,0,0,0,0,0
URHLHU3HP_2639-6493-3151-7005,0,0,1,0,0,0,0,0,0
URHLHU3HP_2358-6597-2870-7109,0,0,1,0,0,0,0,0,0
URHLHU3HP_2639-5981-3151-6493,0,0,1,0,0,0,0,0,0
URHLHU3HP_2358-6085-2870-6597,0,0,1,0,0,0,0,0,0
URHLHU3HP_2639-7005-3151-7517,0,0,1,0,0,0,0,0,0
URHLHU3HP_2665-2865-3177-3377,0,0,1,0,0,0,0,0,0
URHLHU3HP_2722-5087-3234-5599,0,0,1,0,0,0,0,0,0
URHLHU3HP_3182-1984-3694-2496,0,0,1,0,0,0,0,0,0
URHLHU3HP_3151-5469-3663-5981,0,0,1,0,0,0,0,0,0
URHLHU3HP_2855-4649-3367-5161,0,0,1,0,0,0,0,0,0
URHLHU3HP_2849-3863-3361-4375,0,0,1,0,0,0,0,0,0
URHLHU3HP_3151-6493-3663-7005,0,0,1,0,0,0,0,0,0
URHLHU3HP_320-7655-832-8167,0,0,1,0,0,0,0,0,0
URHLHU3HP_3151-7005-3663-7517,0,0,1,0,0,0,0,0,0
URHLHU3HP_3648-9402-4160-9914,0,0,1,0,0,0,0,0,0
URHLHU3HP_310-8038-822-8550,0,0,1,0,0,0,0,0,0
URHLHU3HP_3151-5981-3663-6493,0,0,1,0,0,0,0,0,0
URHLHU3HP_3663-5981-4175-6493,0,0,1,0,0,0,0,0,0
URHLHU3HP_3765-1064-4277-1576,0,0,1,0,0,0,0,0,0
URHLHU3HP_3860-1831-4372-2343,0,0,1,0,0,0,0,0,0
URHLHU3HP_3936-830-4448-1342,0,0,1,0,0,0,0,0,0
URHLHU3HP_3663-6493-4175-7005,0,0,1,0,0,0,0,0,0
URHLHU3HP_4131-6854-4643-7366,0,0,0,1,0,0,0,0,0
URHLHU3HP_4162-8181-4674-8693,0,0,1,0,0,0,0,0,0
URHLHU3HP_720-9208-1232-9720,0,0,1,0,0,0,0,0,0
URXH1KEVX_2002-5703-2514-6215,1,0,0,0,0,0,0,0,0
URHLHU3HP_835-7092-1347-7604,0,0,1,0,0,0,0,0,0
UTRUFLCBT_1119-6809-1631-7321,0,0,0,0,0,1,0,0,1
UTRUFLCBT_10168-7793-10680-8305,0,0,0,0,0,1,0,0,1
UTRUFLCBT_10039-558-10551-1070,0,0,0,0,1,1,0,0,1
UTRUFLCBT_10350-5023-10862-5535,0,0,0,0,0,1,0,0,1
UTRUFLCBT_1451-6751-1963-7263,0,0,0,0,0,1,0,0,1
UTRUFLCBT_1258-7853-1770-8365,0,0,0,0,1,1,0,0,1
UTRUFLCBT_10127-4571-10639-5083,0,0,0,0,0,1,0,0,1
UTRUFLCBT_1131-7258-1643-7770,0,0,0,0,0,1,0,0,1
UTRUFLCBT_1577-7194-2089-7706,0,0,0,0,0,1,0,0,1
UTRUFLCBT_1483-715-1995-1227,0,0,0,0,1,1,0,0,1
UTRUFLCBT_1797-6696-2309-7208,0,0,0,0,0,1,0,0,1
UTRUFLCBT_2043-7861-2555-8373,0,0,0,0,1,1,0,0,1
UTRUFLCBT_1792-615-2304-1127,0,0,0,0,1,1,0,0,1
UTRUFLCBT_2420-709-2932-1221,0,0,0,0,1,1,0,0,1
UTRUFLCBT_2722-6589-3234-7101,0,0,0,0,0,1,0,0,1
UTRUFLCBT_2143-7106-2655-7618,0,0,0,0,0,1,0,0,1
UTRUFLCBT_2969-7856-3481-8368,0,0,0,0,1,1,0,0,1
UTRUFLCBT_2960-7029-3472-7541,0,0,0,0,0,1,0,0,1
UTRUFLCBT_3590-600-4102-1112,0,0,0,0,1,1,0,0,1
UTRUFLCBT_3183-6548-3695-7060,0,0,0,0,0,1,0,0,1
UTRUFLCBT_3421-6983-3933-7495,0,0,0,0,0,1,0,0,1
UTRUFLCBT_3600-7926-4112-8438,0,0,0,0,1,1,0,0,1
UTRUFLCBT_3628-6510-4140-7022,0,0,0,0,0,1,0,0,1
UTRUFLCBT_3895-7849-4407-8361,0,0,0,0,1,1,0,0,1
UTRUFLCBT_3078-600-3590-1112,0,0,0,0,1,1,0,0,1
UTRUFLCBT_3997-6921-4509-7433,0,0,0,0,0,1,0,0,1
UTRUFLCBT_4013-599-4525-1111,0,0,0,0,1,1,0,0,1
UTRUFLCBT_4276-703-4788-1215,0,0,0,0,1,1,0,0,1
UTRUFLCBT_4525-599-5037-1111,0,0,0,0,1,1,0,0,1
UTRUFLCBT_4112-6465-4624-6977,0,0,0,0,0,1,0,0,1
UTRUFLCBT_4348-6896-4860-7408,0,0,0,0,0,1,0,0,1
UTRUFLCBT_4530-7926-5042-8438,0,0,0,0,1,1,0,0,1
UTRUFLCBT_4813-6779-5325-7291,0,0,0,0,0,1,0,0,1
UTRUFLCBT_4707-6361-5219-6873,0,0,0,0,0,1,0,0,1
UTRUFLCBT_5261-6125-5773-6637,0,0,0,0,0,1,0,0,1
UTRUFLCBT_5221-671-5733-1183,0,0,0,0,1,1,0,0,1
UTRUFLCBT_5271-6606-5783-7118,0,0,0,0,0,1,0,0,1
UTRUFLCBT_4825-7850-5337-8362,0,0,0,0,1,1,0,0,1
UTRUFLCBT_5725-5931-6237-6443,0,0,0,0,0,1,0,0,1
UTRUFLCBT_4964-573-5476-1085,0,0,0,0,1,1,0,0,1
UTRUFLCBT_5454-7926-5966-8438,0,0,0,0,1,1,0,0,1
UTRUFLCBT_5476-573-5988-1085,0,0,0,0,1,1,0,0,1
UTRUFLCBT_5729-6420-6241-6932,0,0,0,0,0,1,0,0,1
UTRUFLCBT_5952-6313-6464-6825,0,0,0,0,0,1,0,0,1
UTRUFLCBT_5966-7926-6478-8438,0,0,0,0,1,1,0,0,1
UTRUFLCBT_6194-6239-6706-6751,0,0,0,0,0,1,0,0,1
UTRUFLCBT_5885-558-6397-1070,0,0,0,0,1,1,0,0,1
UTRUFLCBT_5952-5833-6464-6345,0,0,0,0,0,1,0,0,1
UTRUFLCBT_6133-668-6645-1180,0,0,0,0,1,1,0,0,1
UTRUFLCBT_6419-5675-6931-6187,0,0,0,0,0,1,0,0,1
UTRUFLCBT_6397-558-6909-1070,0,0,0,0,1,1,0,0,1
UTRUFLCBT_6388-7917-6900-8429,0,0,0,0,1,1,0,0,1
UTRUFLCBT_6786-558-7298-1070,0,0,0,0,1,1,0,0,1
UTRUFLCBT_6660-6083-7172-6595,0,0,0,0,0,1,0,0,1
UTRUFLCBT_7031-7825-7543-8337,0,0,0,0,1,1,0,0,1
UTRUFLCBT_7469-5339-7981-5851,0,0,0,0,0,1,0,0,1
UTRUFLCBT_7124-5935-7636-6447,0,0,0,0,0,1,0,0,1
UTRUFLCBT_7298-558-7810-1070,0,0,0,0,1,1,0,0,1
UTRUFLCBT_6877-5522-7389-6034,0,0,0,0,0,1,0,0,1
UTRUFLCBT_7039-665-7551-1177,0,0,0,0,1,1,0,0,1
UTRUFLCBT_6683-7838-7195-8350,0,0,0,0,1,1,0,0,1
UTRUFLCBT_7584-5792-8096-6304,0,0,0,0,0,1,0,0,1
UTRUFLCBT_7693-545-8205-1057,0,0,0,0,1,1,0,0,1
UTRUFLCBT_7803-5229-8315-5741,0,0,0,0,0,1,0,0,1
UTRUFLCBT_7498-7824-8010-8336,0,0,0,0,1,1,0,0,1
UTRUFLCBT_7815-5697-8327-6209,0,0,0,0,0,1,0,0,1
UTRUFLCBT_768-615-1280-1127,0,0,0,0,1,1,0,0,1
UTRUFLCBT_802-6833-1314-7345,0,0,0,0,0,1,0,0,1
UTRUFLCBT_7952-662-8464-1174,0,0,0,0,1,1,0,0,1
UTRUFLCBT_7856-7813-8368-8325,0,0,0,0,1,1,0,0,1
UTRUFLCBT_8506-5526-9018-6038,0,0,0,0,0,1,0,0,1
UTRUFLCBT_8161-5609-8673-6121,0,0,0,0,0,1,0,0,1
UTRUFLCBT_8617-565-9129-1077,0,0,0,0,1,1,0,0,1
UTRUFLCBT_8205-545-8717-1057,0,0,0,0,1,1,0,0,1
UTRUFLCBT_8984-5395-9496-5907,0,0,0,0,0,1,0,0,1
UTRUFLCBT_8736-4961-9248-5473,0,0,0,0,0,1,0,0,1
UTRUFLCBT_8864-664-9376-1176,0,0,0,0,1,1,0,0,1
UTRUFLCBT_8274-5093-8786-5605,0,0,0,0,0,1,0,0,1
UTRUFLCBT_8550-7829-9062-8341,0,0,0,0,1,1,0,0,1
UTRUFLCBT_932-7838-1444-8350,0,0,0,0,1,1,0,0,1
UTRUFLCBT_9448-5270-9960-5782,0,0,0,0,0,1,0,0,1
UTRUFLCBT_9129-565-9641-1077,0,0,0,0,1,1,0,0,1
UTRUFLCBT_9478-7822-9990-8334,0,0,0,0,1,1,0,0,1
UTRUFLCBT_9435-4790-9947-5302,0,0,0,0,0,1,0,0,1
UTRUFLCBT_9527-558-10039-1070,0,0,0,0,1,1,0,0,1
UTRUFLCBT_9905-5144-10417-5656,0,0,0,0,0,1,0,0,1
UTRUFLCBT_9762-665-10274-1177,0,0,0,0,1,1,0,0,1
UTRUFLCBT_9786-4674-10298-5186,0,0,0,0,0,1,0,0,1
UUZ3J8F6Q_2338-7784-2850-8296,0,1,0,0,0,0,0,0,0
UUZ3J8F6Q_2202-7011-2714-7523,0,1,0,0,0,0,0,0,0
UTVYEPQN1_1859-792-2371-1304,0,0,1,0,0,0,0,0,0
UTVYEPQN1_2515-3239-3027-3751,0,0,1,0,0,0,0,0,0
UUKJZQTYT_5136-2796-5648-3308,0,0,0,0,0,0,0,0,1
UV6QZMRJG_8241-3885-8753-4397,0,0,0,0,0,0,0,0,1
UV6QZMRJG_7955-3883-8467-4395,0,0,0,0,0,0,0,0,1
UTVYEPQN1_2816-2895-3328-3407,0,0,1,0,0,0,0,0,0
UWIQT2WKW_1037-1868-1549-2380,0,0,0,0,1,0,0,0,0
UWIQT2WKW_1485-1853-1997-2365,0,0,0,0,1,0,0,0,0
UWIQT2WKW_1943-1856-2455-2368,0,0,0,0,1,0,0,0,0
UWIQT2WKW_1236-257-1748-769,0,0,0,0,1,0,0,0,0
UWIQT2WKW_1697-253-2209-765,0,0,0,0,1,0,0,0,0
UWIQT2WKW_167-1926-679-2438,0,0,0,0,0,1,0,0,0
UWIQT2WKW_2155-258-2667-770,0,0,0,0,1,0,0,0,0
UWIQT2WKW_579-1858-1091-2370,0,0,0,0,1,0,0,0,0
UWIQT2WKW_377-267-889-779,0,0,0,0,1,0,0,0,0
UWIQT2WKW_776-249-1288-761,0,0,0,0,1,0,0,0,0
UWPGEBE3D_1838-5109-2350-5621,0,0,1,0,0,0,0,0,0
UWPGEBE3D_710-605-1222-1117,0,0,1,0,0,0,0,0,0
UX4EHTLLB_2994-3917-3506-4429,1,0,0,0,0,0,0,0,0
UX4EHTLLB_2967-1602-3479-2114,1,0,0,0,0,0,0,0,0
UX4EHTLLB_2967-1090-3479-1602,1,0,0,0,0,0,0,0,0
UWPGEBE3D_545-5082-1057-5594,0,0,1,0,0,0,0,0,0
UX4EHTLLB_2994-3405-3506-3917,1,0,0,0,0,0,0,0,0
UWPGEBE3D_3059-757-3571-1269,0,0,1,0,0,0,0,0,0
UX4EHTLLB_3071-682-3583-1194,1,0,0,0,0,0,0,0,0
UX4EHTLLB_3389-3549-3901-4061,1,0,0,0,0,0,0,0,0
UX4EHTLLB_3073-2787-3585-3299,1,0,0,0,0,0,0,0,0
UX4EHTLLB_3073-2275-3585-2787,1,0,0,0,0,0,0,0,0
UX4EHTLLB_3093-4912-3605-5424,1,0,0,0,0,0,0,0,0
UX4EHTLLB_3134-1895-3646-2407,1,0,0,0,0,0,0,0,0
UX4EHTLLB_3604-3257-4116-3769,1,0,0,0,0,0,0,0,0
UX4EHTLLB_3862-4178-4374-4690,1,0,0,0,0,0,0,0,0
UX4EHTLLB_3856-2928-4368-3440,1,0,0,0,0,0,0,0,0
UX4EHTLLB_3639-949-4151-1461,1,0,0,0,0,0,0,0,0
UX4EHTLLB_4265-2295-4777-2807,1,0,0,0,0,0,0,0,0
UX4EHTLLB_3894-683-4406-1195,1,0,0,0,0,0,0,0,0
UX4EHTLLB_4269-4242-4781-4754,1,0,0,0,0,0,0,0,0
UX4EHTLLB_4283-2591-4795-3103,1,0,0,0,0,0,0,0,0
UX4EHTLLB_4164-2885-4676-3397,1,0,0,0,0,0,0,0,0
UX4EHTLLB_4552-666-5064-1178,1,0,0,0,0,0,0,0,0
UX4EHTLLB_4549-4732-5061-5244,1,0,0,0,0,0,0,0,0
UX4EHTLLB_4592-3267-5104-3779,1,0,0,0,0,0,0,0,0
UX4EHTLLB_4324-457-4836-969,1,0,0,0,0,0,0,0,0
UX4EHTLLB_4979-1597-5491-2109,1,0,0,0,0,0,0,0,0
UX4EHTLLB_4906-2936-5418-3448,1,0,0,0,0,0,0,0,0
UX4EHTLLB_5111-572-5623-1084,1,0,0,0,0,0,0,0,0
UX4EHTLLB_4814-2572-5326-3084,1,0,0,0,0,0,0,0,0
UX4EHTLLB_5209-2872-5721-3384,1,0,0,0,0,0,0,0,0
UX4EHTLLB_5322-440-5834-952,1,0,0,0,0,0,0,0,0
UX4EHTLLB_5381-3689-5893-4201,1,0,0,0,0,0,0,0,0
UX4EHTLLB_5518-2211-6030-2723,1,0,0,0,0,0,0,0,0
UXAJI2EVE_2272-8134-2784-8646,0,0,0,0,0,0,0,0,1
UY9ARPBUH_1133-4585-1645-5097,0,0,0,1,0,0,0,0,0
UY9ARPBUH_1645-2537-2157-3049,0,0,0,1,0,0,0,0,0
UY9ARPBUH_1133-3561-1645-4073,0,0,0,1,0,0,0,0,0
UY9ARPBUH_1133-3049-1645-3561,0,0,0,1,0,0,0,0,0
UY9ARPBUH_1267-2575-1779-3087,0,0,0,1,0,0,0,0,0
UY9ARPBUH_1645-4073-2157-4585,0,0,0,1,0,0,0,0,0
UY9ARPBUH_1133-4073-1645-4585,0,0,0,1,0,0,0,0,0
UY9ARPBUH_1645-4585-2157-5097,0,0,0,1,0,0,0,0,0
UY9ARPBUH_1779-3087-2291-3599,0,0,0,1,0,0,0,0,0
UY9ARPBUH_2393-4591-2905-5103,0,0,1,0,0,0,0,0,0
UY9ARPBUH_1779-3599-2291-4111,0,0,0,1,0,0,0,0,0
UY9ARPBUH_2291-3087-2803-3599,0,0,0,1,0,0,0,0,0
UY9ARPBUH_2157-4073-2669-4585,0,0,0,1,0,0,0,0,0
UY9ARPBUH_2669-4585-3181-5097,0,0,1,0,0,0,0,0,0
UY9ARPBUH_2669-3049-3181-3561,0,0,0,1,0,0,0,0,0
UY9ARPBUH_2669-3561-3181-4073,0,0,0,1,0,0,0,0,0
UY9ARPBUH_2669-4073-3181-4585,0,0,0,1,0,0,0,0,0
UY9ARPBUH_3181-3561-3693-4073,0,0,0,1,0,0,0,0,0
UY9ARPBUH_3417-4591-3929-5103,0,0,1,1,0,0,0,0,0
UY9ARPBUH_3693-4073-4205-4585,0,0,0,1,0,0,0,0,0
UY9ARPBUH_3181-4073-3693-4585,0,0,0,1,0,0,0,0,0
UY9ARPBUH_4205-4585-4717-5097,0,0,0,1,0,0,0,0,0
UY9ARPBUH_4205-4073-4717-4585,0,0,0,1,0,0,0,0,0
UY9ARPBUH_4205-3561-4717-4073,0,0,0,1,0,0,0,0,0
UY9ARPBUH_3693-4585-4205-5097,0,0,1,1,0,0,0,0,0
UY9ARPBUH_3693-3561-4205-4073,0,0,0,1,0,0,0,0,0
UY9ARPBUH_621-2025-1133-2537,0,0,0,1,0,0,0,0,0
UYFIGY9HM_1203-1072-1715-1584,0,1,0,0,0,0,0,0,0
UYFIGY9HM_1203-560-1715-1072,0,1,0,0,0,0,0,0,0
UY9ARPBUH_755-2575-1267-3087,0,0,0,1,0,0,0,0,0
UYFIGY9HM_1715-1072-2227-1584,0,1,0,0,0,0,0,0,0
UYFIGY9HM_2227-1072-2739-1584,0,1,0,0,0,0,0,0,0
UYFIGY9HM_1715-560-2227-1072,0,1,0,0,0,0,0,0,0
UYFIGY9HM_2739-1072-3251-1584,0,1,0,0,0,0,0,0,0
UYFIGY9HM_2227-560-2739-1072,0,1,0,0,0,0,0,0,0
UYFIGY9HM_2739-560-3251-1072,0,1,0,0,0,0,0,0,0
UYFIGY9HM_3251-1072-3763-1584,0,1,0,0,0,0,0,0,0
UYFIGY9HM_3763-560-4275-1072,0,1,0,0,0,0,0,0,0
UYFIGY9HM_4787-1072-5299-1584,0,1,0,0,0,0,0,0,0
UYFIGY9HM_3763-1072-4275-1584,0,1,0,0,0,0,0,0,0
UYFIGY9HM_3251-560-3763-1072,0,1,0,0,0,0,0,0,0
UYFIGY9HM_4275-1072-4787-1584,0,1,0,0,0,0,0,0,0
UYFIGY9HM_4275-560-4787-1072,0,1,0,0,0,0,0,0,0
UYFIGY9HM_4787-560-5299-1072,0,1,0,0,0,0,0,0,0
UYFIGY9HM_5299-1072-5811-1584,0,1,0,0,0,0,0,0,0
UYFIGY9HM_6323-1072-6835-1584,0,1,0,0,0,0,0,0,0
UYFIGY9HM_6681-1761-7193-2273,0,1,0,0,0,0,0,0,0
UYFIGY9HM_6681-1249-7193-1761,0,1,0,0,0,0,0,0,0
UYFIGY9HM_5811-1072-6323-1584,0,1,0,0,0,0,0,0,0
UYFIGY9HM_6681-2273-7193-2785,0,1,0,0,0,0,0,0,0
UYFIGY9HM_6835-1072-7347-1584,0,1,0,0,0,0,0,0,0
UYFIGY9HM_6681-2785-7193-3297,0,1,0,0,0,0,0,0,0
UYFIGY9HM_691-1072-1203-1584,0,1,0,0,0,0,0,0,0
UYFIGY9HM_691-560-1203-1072,0,1,0,0,0,0,0,0,0
UYFIGY9HM_7193-2785-7705-3297,0,1,0,0,0,0,0,0,0
UYFIGY9HM_7193-1249-7705-1761,0,1,0,0,0,0,0,0,0
UYFIGY9HM_7193-1761-7705-2273,0,1,0,0,0,0,0,0,0
UYFIGY9HM_7193-2273-7705-2785,0,1,0,0,0,0,0,0,0
UYFIGY9HM_7859-1072-8371-1584,0,1,0,0,0,0,0,0,0
UYFIGY9HM_8371-1072-8883-1584,0,1,0,0,0,0,0,0,0
UYFIGY9HM_7347-1072-7859-1584,0,1,0,0,0,0,0,0,0
UYFIGY9HM_8371-560-8883-1072,0,1,0,0,0,0,0,0,0
UYFIGY9HM_8876-1858-9388-2370,0,1,0,0,0,0,0,0,0
UYFIGY9HM_8876-2370-9388-2882,0,1,0,0,0,0,0,0,0
UYFIGY9HM_8883-560-9395-1072,0,1,0,0,0,0,0,0,0
UYFIGY9HM_8883-1072-9395-1584,0,1,0,0,0,0,0,0,0
UYFIGY9HM_8876-3394-9388-3906,0,1,0,0,0,0,0,0,0
UYFIGY9HM_9388-2882-9900-3394,0,1,0,0,0,0,0,0,0
UYFIGY9HM_9388-3394-9900-3906,0,1,0,0,0,0,0,0,0
UYFIGY9HM_9388-1858-9900-2370,0,1,0,0,0,0,0,0,0
UYFIGY9HM_9388-2370-9900-2882,0,1,0,0,0,0,0,0,0
UYFIGY9HM_9900-2882-10412-3394,0,1,0,0,0,0,0,0,0
UYFIGY9HM_9900-2370-10412-2882,0,1,0,0,0,0,0,0,0
UYFIGY9HM_9900-3394-10412-3906,0,1,0,0,0,0,0,0,0
UYKNTHNXR_1835-5507-2347-6019,1,0,0,0,0,0,0,0,0
UYKNTHNXR_2369-2377-2881-2889,1,0,0,0,0,0,0,0,0
UYKNTHNXR_1707-5025-2219-5537,1,0,0,0,0,0,0,0,0
UYKNTHNXR_2369-2889-2881-3401,1,0,0,0,0,0,0,0,0
UYKNTHNXR_2369-1865-2881-2377,1,0,0,0,0,0,0,0,0
UYKNTHNXR_2485-6373-2997-6885,1,0,0,0,0,0,0,0,0
UYKNTHNXR_2848-5794-3360-6306,1,0,0,0,0,0,0,0,0
UYKNTHNXR_2485-6885-2997-7397,1,0,0,0,0,0,0,0,0
UYKNTHNXR_2848-5282-3360-5794,1,0,0,0,0,0,0,0,0
UYKNTHNXR_2848-6818-3360-7330,1,0,0,0,0,0,0,0,0
UYKNTHNXR_2848-6306-3360-6818,1,0,0,0,0,0,0,0,0
UYKNTHNXR_2959-3594-3471-4106,1,0,0,0,0,0,0,0,0
UYKNTHNXR_2959-4106-3471-4618,1,0,0,0,0,0,0,0,0
UYKNTHNXR_3360-6306-3872-6818,1,0,0,0,0,0,0,0,0
UYKNTHNXR_3360-5794-3872-6306,1,0,0,0,0,0,0,0,0
UYKNTHNXR_3360-7842-3872-8354,1,0,0,0,0,0,0,0,0
UYKNTHNXR_3360-7330-3872-7842,1,0,0,0,0,0,0,0,0
UYKNTHNXR_3403-1572-3915-2084,1,0,0,0,0,0,0,0,0
UYKNTHNXR_3636-5772-4148-6284,1,0,0,0,0,0,0,0,0
UYKNTHNXR_3403-1060-3915-1572,1,0,0,0,0,0,0,0,0
UYKNTHNXR_3636-6284-4148-6796,1,0,0,0,0,0,0,0,0
UYKNTHNXR_3660-3325-4172-3837,1,0,0,0,0,0,0,0,0
UYKNTHNXR_3360-6818-3872-7330,1,0,0,0,0,0,0,0,0
UYKNTHNXR_4069-2268-4581-2780,1,0,0,0,0,0,0,0,0
UYKNTHNXR_4929-3481-5441-3993,1,0,0,0,0,0,0,0,0
UYKNTHNXR_5167-4036-5679-4548,1,0,0,0,0,0,0,0,0
UYKNTHNXR_5097-3727-5609-4239,1,0,0,0,0,0,0,0,0
UYKNTHNXR_5672-660-6184-1172,1,0,0,0,0,0,0,0,0
UYKNTHNXR_5160-660-5672-1172,1,0,0,0,0,0,0,0,0
UYKNTHNXR_6041-4401-6553-4913,1,0,0,0,0,0,0,0,0
UYKNTHNXR_6041-3377-6553-3889,1,0,0,0,0,0,0,0,0
UYKNTHNXR_6041-3889-6553-4401,1,0,0,0,0,0,0,0,0
UYKNTHNXR_6041-5937-6553-6449,1,0,0,0,0,0,0,0,0
UYKNTHNXR_6041-5425-6553-5937,1,0,0,0,0,0,0,0,0
UYKNTHNXR_6041-4913-6553-5425,1,0,0,0,0,0,0,0,0
UYXUHWIVH_4583-13696-5095-14208,0,0,0,0,0,0,0,0,1
UYKNTHNXR_999-5042-1511-5554,1,0,0,0,0,0,0,0,0
UYXUHWIVH_3257-14507-3769-15019,0,0,0,0,0,0,0,0,1
UYXUHWIVH_11470-16976-11982-17488,0,0,0,0,0,0,0,0,1
UYXUHWIVH_5095-13696-5607-14208,0,0,0,0,0,0,0,0,1
UYXUHWIVH_3661-14326-4173-14838,0,0,0,0,0,0,0,0,1
UYXUHWIVH_7282-13356-7794-13868,0,0,0,0,0,0,0,0,1
UYXUHWIVH_5607-13696-6119-14208,0,0,0,0,0,0,0,0,1
UYXUHWIVH_6341-12265-6853-12777,0,0,0,0,0,0,0,0,1
UYXUHWIVH_6770-13356-7282-13868,0,0,0,0,0,0,0,0,1
UYXUHWIVH_589-16890-1101-17402,0,0,0,0,0,0,0,0,1
UYXUHWIVH_7309-12387-7821-12899,0,0,0,0,0,0,0,0,1
UYY79YV6N_1011-7025-1523-7537,0,0,1,0,0,0,0,0,0
UYY79YV6N_1011-7537-1523-8049,0,0,1,0,0,0,0,0,0
UYY79YV6N_1024-3975-1536-4487,0,0,1,0,0,0,0,0,0
UYY79YV6N_1024-4487-1536-4999,0,0,1,0,0,0,0,0,0
UYY79YV6N_1024-3463-1536-3975,0,0,1,0,0,0,1,0,0
UYY79YV6N_1326-6720-1838-7232,0,0,1,0,0,0,0,0,0
UYY79YV6N_1470-4508-1982-5020,0,0,1,0,0,0,0,0,0
UYY79YV6N_1153-4704-1665-5216,0,0,1,0,0,0,0,0,0
UYY79YV6N_1536-3463-2048-3975,0,0,1,0,0,0,0,0,0
UYY79YV6N_1523-6513-2035-7025,0,0,1,0,0,0,0,0,0
UYY79YV6N_1756-1932-2268-2444,0,0,1,0,0,0,0,0,0
UYY79YV6N_1536-3975-2048-4487,0,0,1,0,0,0,0,0,0
UYY79YV6N_1990-6923-2502-7435,0,0,1,0,0,0,0,0,0
UYY79YV6N_2035-7537-2547-8049,0,0,1,0,0,0,0,0,0
UYY79YV6N_1986-3139-2498-3651,0,0,1,0,0,0,0,0,0
UYY79YV6N_2012-6138-2524-6650,0,0,1,0,0,0,0,0,0
UYY79YV6N_1776-2297-2288-2809,0,0,1,0,0,0,0,0,0
UYY79YV6N_2035-6513-2547-7025,0,0,1,0,0,0,0,0,0
UYY79YV6N_2125-1725-2637-2237,0,0,1,0,0,0,0,0,0
UYY79YV6N_2048-3975-2560-4487,0,0,1,0,0,0,0,0,0
UYY79YV6N_2048-4487-2560-4999,0,0,1,0,0,0,0,0,0
UYY79YV6N_2268-1932-2780-2444,0,0,1,0,0,0,0,0,0
UYY79YV6N_2288-3396-2800-3908,0,0,1,0,0,0,0,0,0
UYY79YV6N_2235-5279-2747-5791,0,0,1,0,0,0,0,0,0
UYY79YV6N_2288-2297-2800-2809,0,0,1,0,0,0,0,0,0
UYY79YV6N_2332-2860-2844-3372,0,0,1,0,0,0,0,0,0
UYY79YV6N_2293-1469-2805-1981,0,0,1,0,0,0,0,0,0
UYY79YV6N_2300-5539-2812-6051,0,0,1,0,0,0,0,0,0
UYY79YV6N_2325-6400-2837-6912,0,0,1,0,0,0,0,0,0
UYY79YV6N_2332-4769-2844-5281,0,0,1,0,0,0,0,0,0
UYY79YV6N_2560-4487-3072-4999,0,0,1,0,0,0,0,0,0
UYY79YV6N_2602-1165-3114-1677,0,0,1,0,0,0,0,0,0
UYY79YV6N_2547-6513-3059-7025,0,0,1,0,0,0,0,0,0
UYY79YV6N_2547-7537-3059-8049,0,0,1,0,0,0,0,0,0
UYY79YV6N_2475-2513-2987-3025,0,0,1,0,0,0,0,0,0
UYY79YV6N_2560-3975-3072-4487,0,0,1,0,0,0,0,0,0
UYY79YV6N_2741-4992-3253-5504,0,0,1,0,0,0,0,0,0
UYY79YV6N_2664-1443-3176-1955,0,0,1,0,0,0,0,0,0
UYY79YV6N_2694-6308-3206-6820,0,0,1,0,0,0,0,0,0
UYY79YV6N_2735-2699-3247-3211,0,0,1,0,0,0,0,0,0
UYY79YV6N_2715-3364-3227-3876,0,0,1,0,0,0,0,0,0
UYY79YV6N_2747-5279-3259-5791,0,0,1,0,0,0,0,0,0
UYY79YV6N_2780-1932-3292-2444,0,0,1,0,0,0,0,0,0
UYY79YV6N_2800-2297-3312-2809,0,0,1,0,0,0,0,0,0
UYY79YV6N_2987-2513-3499-3025,0,0,1,0,0,0,0,0,0
UYY79YV6N_2858-712-3370-1224,0,0,1,0,0,0,0,0,0
UYY79YV6N_2992-1220-3504-1732,0,0,1,0,0,0,0,0,0
UYY79YV6N_2989-5528-3501-6040,0,0,1,0,0,0,0,0,0
UYY79YV6N_3162-3254-3674-3766,0,0,1,0,0,0,0,0,0
UYY79YV6N_3011-4863-3523-5375,0,0,1,0,0,0,0,0,0
UYY79YV6N_3166-856-3678-1368,0,0,1,0,0,0,0,0,0
UYY79YV6N_3069-1541-3581-2053,0,0,1,0,0,0,0,0,0
UYY79YV6N_3059-6513-3571-7025,0,0,1,0,0,0,0,0,0
UYY79YV6N_3190-5723-3702-6235,0,0,1,0,0,0,0,0,0
UYY79YV6N_3206-6308-3718-6820,0,0,1,0,0,0,0,0,0
UYY79YV6N_3227-2852-3739-3364,0,0,1,0,0,0,0,0,0
UYY79YV6N_3253-4992-3765-5504,0,0,1,0,0,0,0,0,0
UYY79YV6N_3259-5279-3771-5791,0,0,1,0,0,0,0,0,0
UYY79YV6N_3359-3922-3871-4434,0,0,1,0,0,0,0,0,0
UYY79YV6N_3281-2042-3793-2554,0,0,1,0,0,0,0,0,0
UYY79YV6N_3370-712-3882-1224,0,0,1,0,0,0,0,0,0
UYY79YV6N_3398-2337-3910-2849,0,0,1,0,0,0,0,0,0
UYY79YV6N_3392-6062-3904-6574,0,0,1,0,0,0,0,0,0
UYY79YV6N_3398-4767-3910-5279,0,0,1,0,0,0,0,0,0
UYY79YV6N_3425-2623-3937-3135,0,0,1,0,0,0,0,0,0
UYY79YV6N_3396-6467-3908-6979,0,0,1,0,0,0,0,0,0
UYY79YV6N_3476-4242-3988-4754,0,0,1,0,0,0,0,0,0
UYY79YV6N_3581-3787-4093-4299,0,0,1,0,0,0,0,0,0
UYY79YV6N_3501-5528-4013-6040,0,0,1,0,0,0,0,0,0
UYY79YV6N_3571-7537-4083-8049,0,0,1,0,0,0,0,0,0
UYY79YV6N_3620-5834-4132-6346,0,0,1,0,0,0,0,0,0
UYY79YV6N_3571-7025-4083-7537,0,0,1,0,0,0,0,0,0
UYY79YV6N_3729-4543-4241-5055,0,0,1,0,0,0,0,0,0
UYY79YV6N_3707-6083-4219-6595,0,0,1,0,0,0,0,0,0
UYY79YV6N_3739-2852-4251-3364,0,0,1,0,0,0,0,0,0
UYY79YV6N_3931-2585-4443-3097,0,0,1,0,0,0,0,0,0
UYY79YV6N_3739-3364-4251-3876,0,0,1,0,0,0,0,0,0
UYY79YV6N_3871-3922-4383-4434,0,0,1,0,0,0,0,0,0
UYY79YV6N_3931-2073-4443-2585,0,0,1,0,0,0,0,0,0
UYY79YV6N_3771-5279-4283-5791,0,0,1,0,0,0,0,0,0
UYY79YV6N_3909-1591-4421-2103,0,0,1,0,0,0,0,0,0
UYY79YV6N_3988-4242-4500-4754,0,0,1,0,0,0,0,0,0
UYY79YV6N_4021-3274-4533-3786,0,0,1,0,0,0,0,0,0
UYY79YV6N_4031-938-4543-1450,0,0,1,0,0,0,0,0,0
UYY79YV6N_4088-6331-4600-6843,0,0,1,0,0,0,0,0,0
UYY79YV6N_4283-5279-4795-5791,0,0,1,0,0,0,0,0,0
UYY79YV6N_4251-3364-4763-3876,0,0,1,0,0,0,0,0,0
UYY79YV6N_4144-2762-4656-3274,0,0,1,0,0,0,0,0,0
UYY79YV6N_4278-1253-4790-1765,0,0,1,0,0,0,0,0,0
UYY79YV6N_4219-6083-4731-6595,0,0,1,0,0,0,0,0,0
UYY79YV6N_4671-2616-5183-3128,0,0,1,0,0,0,0,0,0
UYY79YV6N_4380-3129-4892-3641,0,0,1,0,0,0,0,0,0
UYY79YV6N_4336-861-4848-1373,0,0,1,0,0,0,0,0,0
UYY79YV6N_4421-2103-4933-2615,0,0,1,0,0,0,0,0,0
UYY79YV6N_4703-3785-5215-4297,0,0,1,0,0,0,0,0,0
UYY79YV6N_4442-3704-4954-4216,0,0,1,0,0,0,0,0,0
UYY79YV6N_4479-666-4991-1178,0,0,1,0,0,0,0,0,0
UYY79YV6N_4421-1591-4933-2103,0,0,1,0,0,0,0,0,0
UYY79YV6N_4611-2972-5123-3484,0,0,1,0,0,0,0,0,0
UYY79YV6N_4860-656-5372-1168,0,0,1,0,0,0,0,0,0
UYY79YV6N_4625-1748-5137-2260,0,0,1,0,0,0,0,0,0
UYY79YV6N_4933-1591-5445-2103,0,0,1,0,0,0,0,0,0
UYY79YV6N_4933-2103-5445-2615,0,0,1,0,0,0,0,0,0
UYY79YV6N_5377-1497-5889-2009,0,0,1,0,0,0,0,0,0
UYY79YV6N_5299-2158-5811-2670,0,0,1,0,0,0,0,0,0
UYY79YV6N_5146-2665-5658-3177,0,0,1,0,0,0,0,0,0
UYY79YV6N_5437-805-5949-1317,0,0,1,0,0,0,0,0,0
UYY79YV6N_5501-2844-6013-3356,0,0,1,0,0,0,0,0,0
UYY79YV6N_6388-1896-6900-2408,0,0,1,0,0,0,0,0,0
UYY79YV6N_5884-656-6396-1168,0,0,1,0,0,0,0,0,0
UYY79YV6N_5889-1497-6401-2009,0,0,1,0,0,0,0,0,0
UYY79YV6N_6693-550-7205-1062,0,0,1,0,0,0,0,0,0
UYY79YV6N_7384-2677-7896-3189,0,0,1,0,0,0,0,0,0
UYY79YV6N_7885-1877-8397-2389,0,0,1,0,0,0,0,0,0
UYY79YV6N_7694-527-8206-1039,0,0,1,0,0,0,0,0,0
UYY79YV6N_6350-1016-6862-1528,0,0,1,0,0,0,0,0,0
UYY79YV6N_5658-2665-6170-3177,0,0,1,0,0,0,0,0,0
UYY79YV6N_7208-2867-7720-3379,0,0,1,0,0,0,0,0,0
UYY79YV6N_6857-3130-7369-3642,0,0,1,0,0,0,0,0,0
UYY79YV6N_8206-527-8718-1039,0,0,1,0,0,0,0,0,0
UYY79YV6N_822-2361-1334-2873,0,0,1,0,0,0,0,0,0
UYY79YV6N_823-3192-1335-3704,0,0,0,0,0,0,1,0,0
UZ1LRR6XL_1390-12025-1902-12537,0,1,0,0,0,0,0,0,0
UYY79YV6N_8330-1767-8842-2279,0,0,1,0,0,0,0,0,0
UZ1LRR6XL_1636-6588-2148-7100,0,1,0,0,0,0,0,0,0
UZ1LRR6XL_1390-11513-1902-12025,0,1,0,0,0,0,0,0,0
UZ1LRR6XL_1670-5286-2182-5798,0,1,0,0,0,0,0,0,0
UZ1LRR6XL_1636-7100-2148-7612,0,1,0,0,0,0,0,0,0
UZ1LRR6XL_1636-8636-2148-9148,0,1,0,0,0,0,0,0,0
UZ1LRR6XL_1636-8124-2148-8636,0,1,0,0,0,0,0,0,0
UZ1LRR6XL_3722-5436-4234-5948,0,1,0,0,0,0,0,0,0
UZ1LRR6XL_1636-7612-2148-8124,0,1,0,0,0,0,0,0,0
UZ1LRR6XL_1902-11513-2414-12025,0,1,0,0,0,0,0,0,0
UZ1LRR6XL_1670-5798-2182-6310,0,1,0,0,0,0,0,0,0
UZ1LRR6XL_2414-12025-2926-12537,0,1,0,0,0,0,0,0,0
UZ1LRR6XL_1902-12025-2414-12537,0,1,0,0,0,0,0,0,0
UZ1LRR6XL_3770-12630-4282-13142,0,1,0,0,0,0,0,0,0
UZ1LRR6XL_4103-12754-4615-13266,0,1,0,0,0,0,0,0,0
UZ1LRR6XL_3813-11587-4325-12099,0,1,0,0,0,0,0,0,0
UZ1LRR6XL_3813-12099-4325-12611,0,1,0,0,0,0,0,0,0
UZ1LRR6XL_3882-9704-4394-10216,0,1,0,0,0,0,0,0,0
UZ1LRR6XL_4332-12247-4844-12759,0,1,0,0,0,0,0,0,0
UZ1LRR6XL_4541-7928-5053-8440,0,1,0,0,0,0,0,0,0
UZ1LRR6XL_4541-7416-5053-7928,0,1,0,0,0,0,0,0,0
UZ1LRR6XL_4541-9464-5053-9976,0,1,0,0,0,0,0,0,0
UZ1LRR6XL_5027-6283-5539-6795,0,1,0,0,0,0,0,0,0
UZ1LRR6XL_4541-9976-5053-10488,0,1,0,0,0,0,0,0,0
UZ1LRR6XL_5473-6366-5985-6878,0,1,0,0,0,0,0,0,0
UZ1LRR6XL_4541-8440-5053-8952,0,1,0,0,0,0,0,0,0
UZ1LRR6XL_5027-5259-5539-5771,0,1,0,0,0,0,0,0,0
UZ1LRR6XL_5473-6878-5985-7390,0,1,0,0,0,0,0,0,0
UZ1LRR6XL_5473-5342-5985-5854,0,1,0,0,0,0,0,0,0
UZ1LRR6XL_4541-8952-5053-9464,0,1,0,0,0,0,0,0,0
UZ1LRR6XL_5027-5771-5539-6283,0,1,0,0,0,0,0,0,0
UZ1LRR6XL_5473-5854-5985-6366,0,1,0,0,0,0,0,0,0
UZ1LRR6XL_5473-8926-5985-9438,0,1,0,0,0,0,0,0,0
UZ1LRR6XL_5473-8414-5985-8926,0,1,0,0,0,0,0,0,0
UZ1LRR6XL_5473-7390-5985-7902,0,1,0,0,0,0,0,0,0
UZ1LRR6XL_5473-9438-5985-9950,0,1,0,0,0,0,0,0,0
UZ1LRR6XL_5473-7902-5985-8414,0,1,0,0,0,0,0,0,0
UZ1LRR6XL_6021-10655-6533-11167,0,1,0,0,0,0,0,0,0
UZ1LRR6XL_6021-10143-6533-10655,0,1,0,0,0,0,0,0,0
UZ1LRR6XL_6021-7071-6533-7583,0,1,0,0,0,0,0,0,0
UZ1LRR6XL_6021-6047-6533-6559,0,1,0,0,0,0,0,0,0
UZ1LRR6XL_6021-6559-6533-7071,0,1,0,0,0,0,0,0,0
UZ1LRR6XL_6021-8095-6533-8607,0,1,0,0,0,0,0,0,0
UZ1LRR6XL_6021-7583-6533-8095,0,1,0,0,0,0,0,0,0
UZ1LRR6XL_6587-10531-7099-11043,0,1,0,0,0,0,0,0,0
UZ1LRR6XL_6174-5233-6686-5745,0,1,0,0,0,0,0,0,0
UZ1LRR6XL_6021-9119-6533-9631,0,1,0,0,0,0,0,0,0
UZ1LRR6XL_6021-9631-6533-10143,0,1,0,0,0,0,0,0,0
UZ1LRR6XL_6562-12299-7074-12811,0,1,0,0,0,0,0,0,0
UZ1LRR6XL_6021-8607-6533-9119,0,1,0,0,0,0,0,0,0
UZ1LRR6XL_8309-7419-8821-7931,0,1,0,0,0,0,0,0,0
UZ1LRR6XL_7928-7813-8440-8325,0,1,0,0,0,0,0,0,0
UZ1LRR6XL_7536-11826-8048-12338,0,1,0,0,0,0,0,0,0
UZ1LRR6XL_7952-12173-8464-12685,0,1,0,0,0,0,0,0,0
UZM6VATDD_438-5313-950-5825,0,0,1,0,0,0,0,0,0
UZNA3N28L_10188-2286-10700-2798,1,0,0,0,0,0,0,0,0
UZNA3N28L_1032-6371-1544-6883,1,0,0,0,0,0,0,0,0
UZNA3N28L_1112-804-1624-1316,1,0,0,0,0,0,0,0,0
UZNA3N28L_1456-1933-1968-2445,1,0,0,0,0,0,0,0,0
UZNA3N28L_1032-6883-1544-7395,1,0,0,0,0,0,0,0,0
UZNA3N28L_1544-7395-2056-7907,1,0,0,0,0,0,0,0,0
UZNA3N28L_1456-2445-1968-2957,1,0,0,0,0,0,0,0,0
UZNA3N28L_1032-7395-1544-7907,1,0,0,0,0,0,0,0,0
UZNA3N28L_1112-1316-1624-1828,1,0,0,0,0,0,0,0,0
UZNA3N28L_1544-6371-2056-6883,1,0,0,0,0,0,0,0,0
UZNA3N28L_1498-3444-2010-3956,1,0,0,0,0,0,0,0,0
UZNA3N28L_1475-3002-1987-3514,1,0,0,0,0,0,0,0,0
UZNA3N28L_1547-4693-2059-5205,1,0,0,0,0,0,0,0,0
UZNA3N28L_1624-804-2136-1316,1,0,0,0,0,0,0,0,0
UZNA3N28L_1624-1316-2136-1828,1,0,0,0,0,0,0,0,0
UZNA3N28L_1929-1095-2441-1607,1,0,0,0,0,0,0,0,0
UZNA3N28L_1906-574-2418-1086,1,0,0,0,0,0,0,0,0
UZNA3N28L_1929-1607-2441-2119,1,0,0,0,0,0,0,0,0
UZNA3N28L_2010-2932-2522-3444,1,0,0,0,0,0,0,0,0
UZNA3N28L_2056-7395-2568-7907,1,0,0,0,0,0,0,0,0
UZNA3N28L_2270-1113-2782-1625,1,0,0,0,0,0,0,0,0
UZNA3N28L_2059-4693-2571-5205,1,0,0,0,0,0,0,0,0
UZNA3N28L_2010-3444-2522-3956,1,0,0,0,0,0,0,0,0
UZNA3N28L_2138-1950-2650-2462,1,0,0,0,0,0,0,0,0
UZNA3N28L_2545-5073-3057-5585,1,0,0,0,0,0,0,0,0
UZNA3N28L_2270-1625-2782-2137,1,0,0,0,0,0,0,0,0
UZNA3N28L_2134-6937-2646-7449,1,0,0,0,0,0,0,0,0
UZNA3N28L_2545-5585-3057-6097,1,0,0,0,0,0,0,0,0
UZNA3N28L_2545-6097-3057-6609,1,0,0,0,0,0,0,0,0
UZNA3N28L_2568-7395-3080-7907,1,0,0,0,0,0,0,0,0
UZNA3N28L_2568-6371-3080-6883,1,0,0,0,0,0,0,0,0
UZNA3N28L_2645-2832-3157-3344,1,0,0,0,0,0,0,0,0
UZNA3N28L_2645-2320-3157-2832,1,0,0,0,0,0,0,0,0
UZNA3N28L_2617-4108-3129-4620,1,0,0,0,0,0,0,0,0
UZNA3N28L_2645-3344-3157-3856,1,0,0,0,0,0,0,0,0
UZNA3N28L_2745-6974-3257-7486,1,0,0,0,0,0,0,0,0
UZNA3N28L_2782-1113-3294-1625,1,0,0,0,0,0,0,0,0
UZNA3N28L_3057-6097-3569-6609,1,0,0,0,0,0,0,0,0
UZNA3N28L_3157-2320-3669-2832,1,0,0,0,0,0,0,0,0
UZNA3N28L_3057-5073-3569-5585,1,0,0,0,0,0,0,0,0
UZNA3N28L_2782-1625-3294-2137,1,0,0,0,0,0,0,0,0
UZNA3N28L_3057-5585-3569-6097,1,0,0,0,0,0,0,0,0
UZNA3N28L_2858-5232-3370-5744,1,0,0,0,0,0,0,0,0
UZNA3N28L_3157-2832-3669-3344,1,0,0,0,0,0,0,0,0
UZNA3N28L_3129-4108-3641-4620,1,0,0,0,0,0,0,0,0
UZNA3N28L_3129-3596-3641-4108,1,0,0,0,0,0,0,0,0
UZNA3N28L_3172-1448-3684-1960,1,0,0,0,0,0,0,0,0
UZNA3N28L_3257-6974-3769-7486,1,0,0,0,0,0,0,0,0
UZNA3N28L_3257-6462-3769-6974,1,0,0,0,0,0,0,0,0
UZNA3N28L_3257-7486-3769-7998,1,0,0,0,0,0,0,0,0
UZNA3N28L_3569-5073-4081-5585,1,0,0,0,0,0,0,0,0
UZNA3N28L_3294-1113-3806-1625,1,0,0,0,0,0,0,0,0
UZNA3N28L_3569-5585-4081-6097,1,0,0,0,0,0,0,0,0
UZNA3N28L_3569-6097-4081-6609,1,0,0,0,0,0,0,0,0
UZNA3N28L_3641-3596-4153-4108,1,0,0,0,0,0,0,0,0
UZNA3N28L_3641-4108-4153-4620,1,0,0,0,0,0,0,0,0
UZNA3N28L_3806-1625-4318-2137,1,0,0,0,0,0,0,0,0
UZNA3N28L_3669-2832-4181-3344,1,0,0,0,0,0,0,0,0
UZNA3N28L_3769-6974-4281-7486,1,0,0,0,0,0,0,0,0
UZNA3N28L_3932-2748-4444-3260,1,0,0,0,0,0,0,0,0
UZNA3N28L_3646-2180-4158-2692,1,0,0,0,0,0,0,0,0
UZNA3N28L_3769-6462-4281-6974,1,0,0,0,0,0,0,0,0
UZNA3N28L_3806-1113-4318-1625,1,0,0,0,0,0,0,0,0
UZNA3N28L_4146-1131-4658-1643,1,0,0,0,0,0,0,0,0
UZNA3N28L_3932-3772-4444-4284,1,0,0,0,0,0,0,0,0
UZNA3N28L_3932-3260-4444-3772,1,0,0,0,0,0,0,0,0
UZNA3N28L_4146-1643-4658-2155,1,0,0,0,0,0,0,0,0
UZNA3N28L_4337-3920-4849-4432,1,0,0,0,0,0,0,0,0
UZNA3N28L_4368-646-4880-1158,1,0,0,0,0,0,0,0,0
UZNA3N28L_4337-4432-4849-4944,1,0,0,0,0,0,0,0,0
UZNA3N28L_4444-2748-4956-3260,1,0,0,0,0,0,0,0,0
UZNA3N28L_4444-3260-4956-3772,1,0,0,0,0,0,0,0,0
UZNA3N28L_4601-1063-5113-1575,1,0,0,0,0,0,0,0,0
UZNA3N28L_4675-2662-5187-3174,1,0,0,0,0,0,0,0,0
UZNA3N28L_4671-2145-5183-2657,1,0,0,0,0,0,0,0,0
UZNA3N28L_4675-3174-5187-3686,1,0,0,0,0,0,0,0,0
UZNA3N28L_4601-1575-5113-2087,1,0,0,0,0,0,0,0,0
UZNA3N28L_4929-5884-5441-6396,1,0,0,0,0,0,0,0,0
UZNA3N28L_4827-3450-5339-3962,1,0,0,0,0,0,0,0,0
UZNA3N28L_4922-5120-5434-5632,1,0,0,0,0,0,0,0,0
UZNA3N28L_4899-2441-5411-2953,1,0,0,0,0,0,0,0,0
UZNA3N28L_5113-1063-5625-1575,1,0,0,0,0,0,0,0,0
UZNA3N28L_5187-2662-5699-3174,1,0,0,0,0,0,0,0,0
UZNA3N28L_5113-1575-5625-2087,1,0,0,0,0,0,0,0,0
UZNA3N28L_4957-618-5469-1130,1,0,0,0,0,0,0,0,0
UZNA3N28L_5441-5372-5953-5884,1,0,0,0,0,0,0,0,0
UZNA3N28L_5187-3174-5699-3686,1,0,0,0,0,0,0,0,0
UZNA3N28L_5441-5884-5953-6396,1,0,0,0,0,0,0,0,0
UZNA3N28L_5662-3081-6174-3593,1,0,0,0,0,0,0,0,0
UZNA3N28L_5469-618-5981-1130,1,0,0,0,0,0,0,0,0
UZNA3N28L_5727-2705-6239-3217,1,0,0,0,0,0,0,0,0
UZNA3N28L_5981-618-6493-1130,1,0,0,0,0,0,0,0,0
UZNA3N28L_5783-5508-6295-6020,1,0,0,0,0,0,0,0,0
UZNA3N28L_5854-1892-6366-2404,1,0,0,0,0,0,0,0,0
UZNA3N28L_5854-2404-6366-2916,1,0,0,0,0,0,0,0,0
UZNA3N28L_6194-3015-6706-3527,1,0,0,0,0,0,0,0,0
UZNA3N28L_6147-5412-6659-5924,1,0,0,0,0,0,0,0,0
UZNA3N28L_6077-3627-6589-4139,1,0,0,0,0,0,0,0,0
UZNA3N28L_6366-1892-6878-2404,1,0,0,0,0,0,0,0,0
UZNA3N28L_6589-3627-7101-4139,1,0,0,0,0,0,0,0,0
UZNA3N28L_6600-4861-7112-5373,1,0,0,0,0,0,0,0,0
UZNA3N28L_6366-2404-6878-2916,1,0,0,0,0,0,0,0,0
UZNA3N28L_6482-739-6994-1251,1,0,0,0,0,0,0,0,0
UZNA3N28L_6600-5373-7112-5885,1,0,0,0,0,0,0,0,0
UZNA3N28L_6878-1892-7390-2404,1,0,0,0,0,0,0,0,0
UZNA3N28L_6878-2404-7390-2916,1,0,0,0,0,0,0,0,0
UZNA3N28L_7112-5373-7624-5885,1,0,0,0,0,0,0,0,0
UZNA3N28L_6994-739-7506-1251,1,0,0,0,0,0,0,0,0
UZNA3N28L_7390-1892-7902-2404,1,0,0,0,0,0,0,0,0
UZNA3N28L_7353-4751-7865-5263,1,0,0,0,0,0,0,0,0
UZNA3N28L_7112-4861-7624-5373,1,0,0,0,0,0,0,0,0
UZNA3N28L_7091-2940-7603-3452,1,0,0,0,0,0,0,0,0
UZNA3N28L_7272-829-7784-1341,1,0,0,0,0,0,0,0,0
UZNA3N28L_7353-4239-7865-4751,1,0,0,0,0,0,0,0,0
UZNA3N28L_7390-2404-7902-2916,1,0,0,0,0,0,0,0,0
UZNA3N28L_7624-4861-8136-5373,1,0,0,0,0,0,0,0,0
UZNA3N28L_7624-5373-8136-5885,1,0,0,0,0,0,0,0,0
UZNA3N28L_7784-829-8296-1341,1,0,0,0,0,0,0,0,0
UZNA3N28L_7865-3727-8377-4239,1,0,0,0,0,0,0,0,0
UZNA3N28L_7741-2968-8253-3480,1,0,0,0,0,0,0,0,0
UZNA3N28L_7865-4239-8377-4751,1,0,0,0,0,0,0,0,0
UZNA3N28L_8035-690-8547-1202,1,0,0,0,0,0,0,0,0
UZNA3N28L_7865-4751-8377-5263,1,0,0,0,0,0,0,0,0
UZNA3N28L_8734-1142-9246-1654,1,0,0,0,0,0,0,0,0
UZNA3N28L_8626-3149-9138-3661,1,0,0,0,0,0,0,0,0
UZNA3N28L_8368-3407-8880-3919,1,0,0,0,0,0,0,0,0
UZNA3N28L_8377-3727-8889-4239,1,0,0,0,0,0,0,0,0
UZNA3N28L_8377-4239-8889-4751,1,0,0,0,0,0,0,0,0
UZNA3N28L_8547-690-9059-1202,1,0,0,0,0,0,0,0,0
UZNA3N28L_885-1519-1397-2031,1,0,0,0,0,0,0,0,0
UZNA3N28L_8377-4751-8889-5263,1,0,0,0,0,0,0,0,0
UZNA3N28L_885-1007-1397-1519,1,0,0,0,0,0,0,0,0
UZNA3N28L_8626-2125-9138-2637,1,0,0,0,0,0,0,0,0
UZNA3N28L_8889-3727-9401-4239,1,0,0,0,0,0,0,0,0
UZNA3N28L_8889-4751-9401-5263,1,0,0,0,0,0,0,0,0
UZNA3N28L_9138-2637-9650-3149,1,0,0,0,0,0,0,0,0
UZNA3N28L_9059-690-9571-1202,1,0,0,0,0,0,0,0,0
UZNA3N28L_9138-2125-9650-2637,1,0,0,0,0,0,0,0,0
UZNA3N28L_9138-3149-9650-3661,1,0,0,0,0,0,0,0,0
UZNA3N28L_9246-1142-9758-1654,1,0,0,0,0,0,0,0,0
UZNA3N28L_9393-1732-9905-2244,1,0,0,0,0,0,0,0,0
UZNA3N28L_9401-3727-9913-4239,1,0,0,0,0,0,0,0,0
UZNA3N28L_944-2445-1456-2957,1,0,0,0,0,0,0,0,0
UZNA3N28L_944-1933-1456-2445,1,0,0,0,0,0,0,0,0
UZNA3N28L_963-3514-1475-4026,1,0,0,0,0,0,0,0,0
UZNA3N28L_9401-4239-9913-4751,1,0,0,0,0,0,0,0,0
UZNA3N28L_9851-737-10363-1249,1,0,0,0,0,0,0,0,0
UZNA3N28L_9650-3149-10162-3661,1,0,0,0,0,0,0,0,0
UZNA3N28L_9650-2637-10162-3149,1,0,0,0,0,0,0,0,0
UZNA3N28L_9650-2125-10162-2637,1,0,0,0,0,0,0,0,0
UZNA3N28L_963-3002-1475-3514,1,0,0,0,0,0,0,0,0
UZNA3N28L_9905-1732-10417-2244,1,0,0,0,0,0,0,0,0
UZNA3N28L_9913-3727-10425-4239,1,0,0,0,0,0,0,0,0
V11RW9464_1445-2932-1957-3444,0,1,0,0,0,0,0,0,0
UZNA3N28L_9913-4239-10425-4751,1,0,0,0,0,0,0,0,0
V11RW9464_1648-3747-2160-4259,0,1,0,0,0,0,0,0,0
V11RW9464_1648-3235-2160-3747,0,1,0,0,0,0,0,0,0
V11RW9464_3692-1083-4204-1595,0,1,0,0,0,0,0,0,0
V11RW9464_2604-3223-3116-3735,0,1,0,0,0,0,0,0,0
V11RW9464_3116-3223-3628-3735,0,1,0,0,0,0,0,0,0
V11RW9464_4905-1059-5417-1571,0,1,0,0,0,0,0,0,0
V11RW9464_2867-2899-3379-3411,0,1,0,0,0,0,0,0,0
V11RW9464_3940-1514-4452-2026,0,1,0,0,0,0,0,0,0
V11RW9464_4385-3610-4897-4122,0,1,0,0,0,0,0,0,0
V11RW9464_3379-2899-3891-3411,0,1,0,0,0,0,0,0,0
V11RW9464_5409-2282-5921-2794,0,1,0,0,0,0,0,0,0
V11RW9464_5921-2282-6433-2794,0,1,0,0,0,0,0,0,0
V11RW9464_4430-2700-4942-3212,0,1,0,0,0,0,0,0,0
V11RW9464_5921-2794-6433-3306,0,1,0,0,0,0,0,0,0
V11RW9464_609-2967-1121-3479,0,1,0,0,0,0,0,0,0
V11RW9464_6433-2282-6945-2794,0,1,0,0,0,0,0,0,0
V11RW9464_6408-1487-6920-1999,0,1,0,0,0,0,0,0,0
V11RW9464_6186-2111-6698-2623,0,1,0,0,0,0,0,0,0
V11RW9464_6945-2282-7457-2794,0,1,0,0,0,0,0,0,0
V11RW9464_6433-2794-6945-3306,0,1,0,0,0,0,0,0,0
V11RW9464_6945-2794-7457-3306,0,1,0,0,0,0,0,0,0
V11RW9464_8080-886-8592-1398,0,1,0,0,0,0,0,0,0
V11RW9464_7879-2621-8391-3133,0,1,0,0,0,0,0,0,0
V11RW9464_7367-2109-7879-2621,0,1,0,0,0,0,0,0,0
V11RW9464_7367-2621-7879-3133,0,1,0,0,0,0,0,0,0
V29M8MVZH_2764-1197-3276-1709,0,0,1,0,0,0,0,0,0
V11RW9464_8186-2512-8698-3024,0,1,0,0,0,0,0,0,0
V11RW9464_8077-1365-8589-1877,0,1,0,0,0,0,0,0,0
V29M8MVZH_2395-1384-2907-1896,0,0,1,0,0,0,0,0,0
V11RW9464_7544-936-8056-1448,0,1,0,0,0,0,0,0,0
V11RW9464_8284-2145-8796-2657,0,1,0,0,0,0,0,0,0
V11RW9464_7879-2109-8391-2621,0,1,0,0,0,0,0,0,0
V29M8MVZH_2809-2004-3321-2516,0,0,1,0,0,0,0,0,0
V29M8MVZH_3087-1008-3599-1520,0,0,1,0,0,0,0,0,0
V29M8MVZH_2838-562-3350-1074,0,0,1,0,0,0,0,0,0
V29M8MVZH_3079-688-3591-1200,0,0,1,0,0,0,0,0,0
V29M8MVZH_2907-1384-3419-1896,0,0,1,0,0,0,0,0,0
V29M8MVZH_3368-2453-3880-2965,0,0,1,0,0,0,0,0,0
V29M8MVZH_3740-1262-4252-1774,0,0,1,0,0,0,0,0,0
V29M8MVZH_3820-840-4332-1352,0,0,1,0,0,0,0,0,0
V29M8MVZH_4210-1258-4722-1770,0,0,1,0,0,0,0,0,0
V29M8MVZH_3891-4300-4403-4812,0,0,1,0,0,0,0,0,0
V29M8MVZH_3479-809-3991-1321,0,0,1,0,0,0,0,0,0
V29M8MVZH_3896-5356-4408-5868,0,0,1,0,0,0,0,0,0
V29M8MVZH_4175-3195-4687-3707,0,0,1,0,0,0,0,0,0
V29M8MVZH_3912-2947-4424-3459,0,0,1,0,0,0,0,0,0
V29M8MVZH_3393-567-3905-1079,0,0,1,0,0,0,0,0,0
V29M8MVZH_4182-6297-4694-6809,0,0,1,0,0,0,0,0,0
V29M8MVZH_4380-633-4892-1145,0,0,1,0,0,0,0,0,0
V29M8MVZH_4110-819-4622-1331,0,0,1,0,0,0,0,0,0
V2G7H7UQC_10212-4000-10724-4512,0,0,0,0,0,1,0,0,0
V29M8MVZH_4467-2737-4979-3249,0,0,1,0,0,0,0,0,0
V2G7H7UQC_10008-2110-10520-2622,0,0,0,0,0,1,0,0,0
V2G7H7UQC_10466-3935-10978-4447,0,0,0,0,0,1,0,0,0
V2G7H7UQC_10143-3124-10655-3636,0,0,0,0,0,1,0,0,0
V2G7H7UQC_1157-700-1669-1212,0,0,0,0,0,1,0,0,0
V2G7H7UQC_13817-8484-14329-8996,0,0,0,0,0,1,0,0,0
V2G7H7UQC_14121-8485-14633-8997,0,0,0,0,0,1,0,0,0
V2G7H7UQC_14628-9394-15140-9906,0,0,0,0,0,1,0,0,0
V2G7H7UQC_1174-1864-1686-2376,0,0,0,0,0,1,0,0,0
V2G7H7UQC_15770-8317-16282-8829,0,0,0,0,0,1,0,0,0
V2G7H7UQC_15152-9553-15664-10065,0,0,0,0,0,1,0,0,0
V2G7H7UQC_14427-8493-14939-9005,0,0,0,0,0,1,0,0,0
V2G7H7UQC_13802-9695-14314-10207,0,0,0,0,0,1,0,0,0
V2G7H7UQC_15642-9519-16154-10031,0,0,0,0,0,1,0,0,0
V2G7H7UQC_14178-9464-14690-9976,0,0,0,0,0,1,0,0,0
V2G7H7UQC_16208-8812-16720-9324,0,0,0,0,0,1,0,0,0
V2G7H7UQC_16273-8551-16785-9063,0,0,0,0,0,1,0,0,0
V2G7H7UQC_1681-692-2193-1204,0,0,0,0,0,1,0,0,0
V2G7H7UQC_17359-6925-17871-7437,0,0,0,0,0,1,0,0,0
V2G7H7UQC_1806-1975-2318-2487,0,0,0,0,0,1,0,0,0
V2G7H7UQC_18868-9217-19380-9729,0,0,0,0,0,1,0,0,0
V2G7H7UQC_19380-9217-19892-9729,0,0,0,0,0,1,0,0,0
V2G7H7UQC_2061-1703-2573-2215,0,0,0,0,0,1,0,0,0
V2G7H7UQC_4454-1973-4966-2485,0,0,0,0,0,1,0,0,0
V2G7H7UQC_19565-7894-20077-8406,0,0,0,0,0,1,0,0,0
V2G7H7UQC_3323-2209-3835-2721,0,0,0,0,0,1,0,0,0
V2G7H7UQC_4300-1055-4812-1567,0,0,0,0,0,1,0,0,0
V2G7H7UQC_2584-599-3096-1111,0,0,0,0,0,1,0,0,0
V2G7H7UQC_19663-9459-20175-9971,0,0,0,0,0,1,0,0,0
V2G7H7UQC_3910-1747-4422-2259,0,0,0,0,0,1,0,0,0
V2G7H7UQC_3822-2009-4334-2521,0,0,0,0,0,1,0,0,0
V2G7H7UQC_2342-751-2854-1263,0,0,0,0,0,1,0,0,0
V2G7H7UQC_4019-1410-4531-1922,0,0,0,0,0,1,0,0,0
V2G7H7UQC_1967-745-2479-1257,0,0,0,0,0,1,0,0,0
V2G7H7UQC_4572-828-5084-1340,0,0,0,0,0,1,0,0,0
V2G7H7UQC_4966-1973-5478-2485,0,0,0,0,0,1,0,0,0
V2G7H7UQC_4887-1029-5399-1541,0,0,0,0,0,1,0,0,0
V2G7H7UQC_6001-2807-6513-3319,0,0,0,0,0,1,0,0,0
V2G7H7UQC_5436-2047-5948-2559,0,0,0,0,0,1,0,0,0
V2G7H7UQC_5257-496-5769-1008,0,0,0,0,0,1,0,0,0
V2G7H7UQC_6517-6879-7029-7391,0,0,0,0,0,1,0,0,0
V2G7H7UQC_6412-2008-6924-2520,0,0,0,0,0,1,0,0,0
V2G7H7UQC_6640-2899-7152-3411,0,0,0,0,0,1,0,0,0
V2G7H7UQC_6924-2008-7436-2520,0,0,0,0,0,1,0,0,0
V2G7H7UQC_6955-3655-7467-4167,0,0,0,0,0,1,0,0,0
V2G7H7UQC_6670-3833-7182-4345,0,0,0,0,0,1,0,0,0
V2G7H7UQC_6437-4446-6949-4958,0,0,0,0,0,1,0,0,0
V2G7H7UQC_7205-3829-7717-4341,0,0,0,0,0,1,0,0,0
V2G7H7UQC_6968-2877-7480-3389,0,0,0,0,0,1,0,0,0
V2G7H7UQC_6290-4897-6802-5409,0,0,0,0,0,1,0,0,0
V2G7H7UQC_7480-2877-7992-3389,0,0,0,0,0,1,0,0,0
V2G7H7UQC_7995-5332-8507-5844,0,0,0,0,0,1,0,0,0
V2G7H7UQC_7769-2857-8281-3369,0,0,0,0,0,1,0,0,0
V2G7H7UQC_8074-2873-8586-3385,0,0,0,0,0,1,0,0,0
V2G7H7UQC_7995-5844-8507-6356,0,0,0,0,0,1,0,0,0
V2G7H7UQC_8635-3276-9147-3788,0,0,0,0,0,1,0,0,0
V2G7H7UQC_8819-2581-9331-3093,0,0,0,0,0,1,0,0,0
V2G7H7UQC_8311-3009-8823-3521,0,0,0,0,0,1,0,0,0
V2G7H7UQC_9005-3541-9517-4053,0,0,0,0,0,1,0,0,0
V2G7H7UQC_9812-1255-10324-1767,0,0,0,0,0,1,0,0,0
V2G7H7UQC_9635-3990-10147-4502,0,0,0,0,0,1,0,0,0
V2G7H7UQC_9961-669-10473-1181,0,0,0,0,0,1,0,0,0
V2G7H7UQC_9836-2750-10348-3262,0,0,0,0,0,1,0,0,0
V3MHE1GKK_1191-1027-1703-1539,0,0,0,0,0,1,0,0,0
V2G7H7UQC_9586-2906-10098-3418,0,0,0,0,0,1,0,0,0
V2G7H7UQC_9424-3758-9936-4270,0,0,0,0,0,1,0,0,0
V2G7H7UQC_9795-1854-10307-2366,0,0,0,0,0,1,0,0,0
V3MHE1GKK_2099-755-2611-1267,0,0,0,0,0,1,0,0,0
V2G7H7UQC_9361-2744-9873-3256,0,0,0,0,0,1,0,0,0
V3MHE1GKK_2857-4844-3369-5356,0,0,0,0,0,1,0,0,0
V3MHE1GKK_2611-755-3123-1267,0,0,0,0,0,1,0,0,0
V3MHE1GKK_3123-755-3635-1267,0,0,0,0,0,1,0,0,0
V3MHE1GKK_3369-4844-3881-5356,0,0,0,0,0,1,0,0,0
V3MHE1GKK_4031-5255-4543-5767,0,0,0,0,0,1,0,0,0
V3MHE1GKK_5373-8805-5885-9317,0,0,0,0,0,1,0,0,0
V3MHE1GKK_3519-5255-4031-5767,0,0,0,0,0,1,0,0,0
V3MHE1GKK_7664-7317-8176-7829,0,0,0,0,0,1,0,0,0
V3MHE1GKK_679-1027-1191-1539,0,0,0,0,0,1,0,0,0
V4EJX3X8K_1173-1736-1685-2248,0,1,0,0,0,0,0,0,0
V4EJX3X8K_1084-1049-1596-1561,0,1,0,0,0,0,0,0,0
V4EJX3X8K_1245-5604-1757-6116,0,0,0,0,0,0,0,0,1
V4EJX3X8K_1048-4327-1560-4839,0,1,0,0,0,0,0,0,0
V4EJX3X8K_1397-1096-1909-1608,0,1,0,0,0,0,0,0,0
V4EJX3X8K_1397-584-1909-1096,0,1,0,0,0,0,0,0,0
V3MHE1GKK_6640-7317-7152-7829,0,0,0,0,0,1,0,0,0
V4EJX3X8K_1048-3815-1560-4327,0,1,0,0,0,0,0,0,0
V3MHE1GKK_7152-7317-7664-7829,0,0,0,0,0,1,0,0,0
V4EJX3X8K_1557-914-2069-1426,0,1,0,0,0,0,0,0,0
V4EJX3X8K_1479-1503-1991-2015,0,1,0,0,0,0,0,0,0
V4EJX3X8K_1909-1096-2421-1608,0,1,0,0,0,0,0,0,0
V4EJX3X8K_1909-584-2421-1096,0,1,0,0,0,0,0,0,0
V4EJX3X8K_2280-658-2792-1170,0,1,0,0,0,0,0,0,0
V4EJX3X8K_3628-3788-4140-4300,0,1,0,0,0,0,0,0,0
V4EJX3X8K_4691-6046-5203-6558,0,0,0,0,0,0,0,0,1
V4Z1PP9A9_1259-3303-1771-3815,0,0,1,0,0,0,0,0,0
V4Z1PP9A9_1335-486-1847-998,0,0,1,0,0,0,0,0,0
V4Z1PP9A9_1020-910-1532-1422,0,0,1,0,0,0,0,0,0
V4Z1PP9A9_1020-1422-1532-1934,0,0,1,0,0,0,0,0,0
V4Z1PP9A9_1020-398-1532-910,0,0,1,0,0,0,0,0,0
V4Z1PP9A9_1020-1934-1532-2446,0,0,1,0,0,0,0,0,0
V4Z1PP9A9_1703-625-2215-1137,0,0,1,1,0,0,0,0,0
V4Z1PP9A9_1532-910-2044-1422,0,0,1,1,0,0,0,0,0
V4Z1PP9A9_1423-3470-1935-3982,0,0,1,0,0,0,0,0,0
V4Z1PP9A9_1402-2752-1914-3264,0,0,1,0,0,0,0,0,0
V4Z1PP9A9_1934-1630-2446-2142,0,0,1,0,0,0,0,0,0
V4Z1PP9A9_1976-1310-2488-1822,0,0,1,0,0,0,0,0,0
V4Z1PP9A9_508-1422-1020-1934,0,0,1,0,0,0,0,0,0
V4Z1PP9A9_508-1934-1020-2446,0,0,1,0,0,0,0,0,0
V4Z1PP9A9_508-398-1020-910,0,0,1,0,0,0,0,0,0
V4Z1PP9A9_508-910-1020-1422,0,0,1,0,0,0,0,0,0
V7A6813CU_1088-6475-1600-6987,0,1,0,0,0,0,0,0,0
V7A6813CU_1106-8774-1618-9286,0,1,0,0,0,0,0,0,0
V7A6813CU_1106-9286-1618-9798,0,1,0,0,0,0,0,0,0
V7A6813CU_1618-9286-2130-9798,0,1,0,0,0,0,0,0,0
V7A6813CU_1209-3644-1721-4156,0,1,0,0,0,0,0,0,0
V7A6813CU_1525-4055-2037-4567,0,1,0,0,0,0,0,0,0
V7A6813CU_1531-2739-2043-3251,0,1,0,0,0,0,0,0,0
V7A6813CU_1600-6475-2112-6987,0,1,0,0,0,0,0,0,0
V7A6813CU_1209-572-1721-1084,0,0,0,0,0,0,1,0,0
V7A6813CU_1618-8774-2130-9286,0,1,0,0,0,0,0,0,0
V7A6813CU_1209-1084-1721-1596,0,0,0,0,0,0,1,0,0
V7A6813CU_1721-3644-2233-4156,0,1,0,0,0,0,0,0,0
V7A6813CU_3178-768-3690-1280,0,1,0,0,0,0,0,0,0
V7A6813CU_2112-6475-2624-6987,0,1,0,0,0,0,0,0,0
V7A6813CU_1721-572-2233-1084,0,0,0,0,0,0,1,0,0
V7A6813CU_3530-1847-4042-2359,0,1,0,0,0,0,1,0,0
V7A6813CU_3214-1666-3726-2178,0,1,0,0,0,0,0,0,0
V7A6813CU_3661-6750-4173-7262,0,1,0,0,0,0,0,0,0
V7A6813CU_3990-8976-4502-9488,0,1,0,0,0,0,0,0,0
V7A6813CU_3607-3631-4119-4143,0,1,0,0,0,0,0,0,0
V7A6813CU_4173-6750-4685-7262,0,1,0,0,0,0,0,0,0
V7A6813CU_4047-6305-4559-6817,0,1,0,0,0,0,0,0,0
V7A6813CU_4122-7035-4634-7547,0,1,0,0,0,0,0,0,0
V7A6813CU_4122-1915-4634-2427,0,0,0,0,0,0,1,0,0
V7A6813CU_4122-2939-4634-3451,0,0,0,0,0,0,1,0,0
V7A6813CU_4122-1403-4634-1915,0,0,0,0,0,0,1,0,0
V7A6813CU_4122-2427-4634-2939,0,0,0,0,0,0,1,0,0
V7A6813CU_3667-9403-4179-9915,0,1,0,0,0,0,0,0,0
V7A6813CU_4122-3451-4634-3963,0,0,0,0,0,0,1,0,0
V7A6813CU_4173-8286-4685-8798,0,1,0,0,0,0,0,0,0
V7A6813CU_4502-8464-5014-8976,0,1,0,0,0,0,0,0,0
V7A6813CU_4502-8976-5014-9488,0,1,0,0,0,0,0,0,0
V7A6813CU_4241-828-4753-1340,0,1,0,0,0,0,1,0,0
V7A6813CU_4634-3451-5146-3963,0,0,0,0,0,0,1,0,0
V7A6813CU_4634-3963-5146-4475,0,0,0,0,0,0,1,0,0
V7A6813CU_4685-8286-5197-8798,0,1,0,0,0,0,0,0,0
V7A6813CU_4634-6011-5146-6523,0,0,0,0,0,0,1,0,0
V7A6813CU_4634-7035-5146-7547,0,1,0,0,0,0,1,0,0
V7A6813CU_4634-4475-5146-4987,0,0,0,0,0,0,1,0,0
V7A6813CU_4634-4987-5146-5499,0,0,0,0,0,0,1,0,0
V7A6813CU_5146-6011-5658-6523,0,0,0,0,0,0,1,0,0
V7A6813CU_4634-5499-5146-6011,0,0,0,0,0,0,1,0,0
V7A6813CU_4685-7774-5197-8286,0,1,0,0,0,0,0,0,0
V7A6813CU_4952-9384-5464-9896,0,1,0,0,0,0,0,0,0
V7A6813CU_4685-6750-5197-7262,0,1,0,0,0,0,1,0,0
V7A6813CU_4753-828-5265-1340,0,1,0,0,0,0,0,0,0
V7A6813CU_5146-7035-5658-7547,0,1,0,0,0,0,1,0,0
V7A6813CU_5146-891-5658-1403,0,1,0,0,0,0,0,0,0
V7A6813CU_5209-7307-5721-7819,0,1,0,0,0,0,1,0,0
V7A6813CU_5209-6283-5721-6795,0,1,0,0,0,0,1,0,0
V7A6813CU_5332-5563-5844-6075,0,1,0,0,0,0,0,0,0
V7A6813CU_5724-8373-6236-8885,0,1,0,0,0,0,0,0,0
V7A6813CU_5408-8138-5920-8650,0,1,0,0,0,0,1,0,0
V7A6813CU_5408-9162-5920-9674,0,1,0,0,0,0,1,0,0
V7A6813CU_5721-6283-6233-6795,0,1,0,0,0,0,0,0,0
V7A6813CU_697-1084-1209-1596,0,0,0,0,0,0,1,0,0
V7A6813CU_5721-7307-6233-7819,0,1,0,0,0,0,0,0,0
V7A6813CU_5408-8650-5920-9162,0,1,0,0,0,0,1,0,0
V7A6813CU_576-6475-1088-6987,0,1,0,0,0,0,0,0,0
V7A6813CU_5724-9397-6236-9909,0,1,0,0,0,0,1,0,0
V7A6813CU_697-1596-1209-2108,0,0,0,0,0,0,1,0,0
V7A6813CU_5721-6795-6233-7307,0,1,0,0,0,0,0,0,0
V7A6813CU_5724-7861-6236-8373,0,1,0,0,0,0,0,0,0
V7A6813CU_5724-8885-6236-9397,0,1,0,0,0,0,1,0,0
V7A6813CU_697-2108-1209-2620,0,0,0,0,0,0,1,0,0
V7A6813CU_697-3644-1209-4156,0,0,0,0,0,0,1,0,0
V7A6813CU_697-2620-1209-3132,0,0,0,0,0,0,1,0,0
V7A6813CU_697-3132-1209-3644,0,0,0,0,0,0,1,0,0
V7A6813CU_837-8263-1349-8775,0,1,0,0,0,0,0,0,0
V8HD2QKXC_1225-6689-1737-7201,1,0,0,0,0,0,0,0,0
V8HD2QKXC_1225-7713-1737-8225,1,0,0,0,0,0,0,0,0
V8HD2QKXC_1225-5665-1737-6177,1,0,0,0,0,0,0,0,0
V8HD2QKXC_1225-6177-1737-6689,1,0,0,0,0,0,0,0,0
V8HD2QKXC_1737-5665-2249-6177,1,0,0,0,0,0,0,0,0
V8HD2QKXC_1225-8225-1737-8737,1,0,0,0,0,0,0,0,0
V8HD2QKXC_1737-7201-2249-7713,1,0,0,0,0,0,0,0,0
V8HD2QKXC_1737-6689-2249-7201,1,0,0,0,0,0,0,0,0
V8HD2QKXC_2249-7201-2761-7713,1,0,0,0,0,0,0,0,0
V8HD2QKXC_1737-8225-2249-8737,1,0,0,0,0,0,0,0,0
V8HD2QKXC_2249-6689-2761-7201,1,0,0,0,0,0,0,0,0
V8HD2QKXC_2249-5153-2761-5665,1,0,0,0,0,0,0,0,0
V8HD2QKXC_1737-7713-2249-8225,1,0,0,0,0,0,0,0,0
V8HD2QKXC_2249-7713-2761-8225,1,0,0,0,0,0,0,0,0
V8HD2QKXC_2249-8225-2761-8737,1,0,0,0,0,0,0,0,0
V8HD2QKXC_2761-7713-3273-8225,1,0,0,0,0,0,0,0,0
V8HD2QKXC_2761-5153-3273-5665,1,0,0,0,0,0,0,0,0
V8HD2QKXC_3273-5153-3785-5665,1,0,0,0,0,0,0,0,0
V8HD2QKXC_4297-5153-4809-5665,1,0,0,0,0,0,0,0,0
V8HD2QKXC_3273-7201-3785-7713,1,0,0,0,0,0,0,0,0
V8HD2QKXC_3785-7201-4297-7713,1,0,0,0,0,0,0,0,0
V8HD2QKXC_3785-5153-4297-5665,1,0,0,0,0,0,0,0,0
V8HD2QKXC_3273-7713-3785-8225,1,0,0,0,0,0,0,0,0
V8HD2QKXC_4297-7713-4809-8225,1,0,0,0,0,0,0,0,0
V8HD2QKXC_4297-7201-4809-7713,1,0,0,0,0,0,0,0,0
V8HD2QKXC_4917-8323-5429-8835,1,0,0,0,0,0,0,0,0
V8HD2QKXC_4809-7713-5321-8225,1,0,0,0,0,0,0,0,0
V8HD2QKXC_4809-5153-5321-5665,1,0,0,0,0,0,0,0,0
V8HD2QKXC_5321-5665-5833-6177,1,0,0,0,0,0,0,0,0
V8HD2QKXC_5321-5153-5833-5665,1,0,0,0,0,0,0,0,0
V8HD2QKXC_4917-8835-5429-9347,1,0,0,0,0,0,0,0,0
V8HD2QKXC_5321-6689-5833-7201,1,0,0,0,0,0,0,0,0
V8HD2QKXC_5321-7201-5833-7713,1,0,0,0,0,0,0,0,0
V8HD2QKXC_5321-6177-5833-6689,1,0,0,0,0,0,0,0,0
V8HD2QKXC_5429-7811-5941-8323,1,0,0,0,0,0,0,0,0
V8HD2QKXC_5429-8835-5941-9347,1,0,0,0,0,0,0,0,0
V8HD2QKXC_5833-8225-6345-8737,1,0,0,0,0,0,0,0,0
V8HD2QKXC_5941-8835-6453-9347,1,0,0,0,0,0,0,0,0
V8HD2QKXC_5833-5665-6345-6177,1,0,0,0,0,0,0,0,0
V8WGPJUHD_2571-1214-3083-1726,1,0,0,0,0,0,0,0,0
V8HD2QKXC_5833-5153-6345-5665,1,0,0,0,0,0,0,0,0
V8HD2QKXC_5941-7811-6453-8323,1,0,0,0,0,0,0,0,0
V8WGPJUHD_2990-996-3502-1508,1,0,0,0,0,0,0,0,0
V9HLQNAXP_1216-916-1728-1428,0,1,0,0,0,0,0,0,0
V9HLQNAXP_2353-1351-2865-1863,0,1,0,0,0,0,0,0,1
V9HLQNAXP_1743-1376-2255-1888,0,1,0,0,0,0,0,0,1
V9HLQNAXP_2538-1174-3050-1686,0,1,0,0,0,0,0,0,1
V9HLQNAXP_2675-910-3187-1422,0,1,0,0,0,0,0,0,1
V9HLQNAXP_2838-713-3350-1225,0,1,0,0,0,0,0,0,0
V9ILVT3RG_1395-2302-1907-2814,0,1,0,0,0,0,0,0,0
V9HLQNAXP_998-677-1510-1189,0,1,0,0,0,0,0,0,0
V9ILVT3RG_1248-7358-1760-7870,0,1,0,0,0,0,0,0,0
V9ILVT3RG_1248-7870-1760-8382,0,1,0,0,0,0,0,0,0
V9ILVT3RG_2178-7636-2690-8148,0,1,0,0,0,0,0,0,0
V9ILVT3RG_1395-2814-1907-3326,0,1,0,0,0,0,0,0,0
V9ILVT3RG_3029-1625-3541-2137,0,1,0,0,0,0,0,0,0
V9ILVT3RG_1604-7740-2116-8252,0,1,0,0,0,0,0,0,0
V9ILVT3RG_2631-7511-3143-8023,0,1,0,0,0,0,0,0,0
V9ILVT3RG_2860-7611-3372-8123,0,1,0,0,0,0,0,0,0
V9ILVT3RG_3358-7504-3870-8016,0,1,0,0,0,0,0,0,0
V9ILVT3RG_3398-1513-3910-2025,0,1,0,0,0,0,0,0,0
V9ILVT3RG_3481-1023-3993-1535,0,1,0,0,0,0,0,0,0
V9ILVT3RG_3678-3200-4190-3712,0,1,0,0,0,0,0,0,0
V9ILVT3RG_3678-2688-4190-3200,0,1,0,0,0,0,0,0,0
V9ILVT3RG_3901-1483-4413-1995,0,1,0,0,0,0,0,0,0
V9ILVT3RG_827-1830-1339-2342,0,1,0,0,0,0,0,0,0
V9ILVT3RG_986-1163-1498-1675,0,1,0,0,0,0,0,0,0
V9ILVT3RG_986-2187-1498-2699,0,1,0,0,0,0,0,0,0
V9ILVT3RG_986-2699-1498-3211,0,1,0,0,0,0,0,0,0
V9NKMEQ4T_1180-2496-1692-3008,0,0,0,0,0,1,0,0,0
V9NKMEQ4T_1692-2496-2204-3008,0,0,0,0,0,1,0,0,0
V9NKMEQ4T_7131-5268-7643-5780,0,0,0,0,0,1,0,0,0
V9NKMEQ4T_251-2482-763-2994,0,0,0,0,0,1,0,0,0
V9NKMEQ4T_2683-1410-3195-1922,0,0,0,0,0,1,0,0,0
V9NKMEQ4T_7332-4785-7844-5297,0,0,0,0,0,0,0,0,1
V9RDQ7XNT_6003-7588-6515-8100,0,0,0,0,0,0,1,0,0
V9RDQ7XNT_10099-7076-10611-7588,0,0,0,0,0,0,1,0,0
V9RDQ7XNT_10611-7076-11123-7588,0,0,0,0,0,0,1,0,0
V9NKMEQ4T_7951-5332-8463-5844,0,0,0,0,0,1,0,0,0
V9RDQ7XNT_5876-3383-6388-3895,0,0,0,0,0,0,1,0,0
V9NKMEQ4T_951-3580-1463-4092,0,0,0,0,0,0,0,0,1
V9RDQ7XNT_6515-7588-7027-8100,0,0,0,0,0,0,1,0,0
V9RDQ7XNT_6388-3383-6900-3895,0,0,0,0,0,0,1,0,0
V9RDQ7XNT_7027-7076-7539-7588,0,0,0,0,0,0,1,0,0
V9RDQ7XNT_7027-7588-7539-8100,0,0,0,0,0,0,1,0,0
V9RDQ7XNT_8051-7076-8563-7588,0,0,0,0,0,0,1,0,0
V9RDQ7XNT_7539-7076-8051-7588,0,0,0,0,0,0,1,0,0
V9RDQ7XNT_8563-7076-9075-7588,0,0,0,0,0,0,1,0,0
V9RDQ7XNT_9075-7076-9587-7588,0,0,0,0,0,0,1,0,0
V9TWZBZ47_140-5323-652-5835,1,0,0,0,0,0,0,0,0
V9TWZBZ47_1164-5323-1676-5835,1,0,0,0,0,0,0,0,0
V9RDQ7XNT_9587-7076-10099-7588,0,0,0,0,0,0,1,0,0
V9TWZBZ47_140-4811-652-5323,1,0,0,0,0,0,0,0,0
V9TWZBZ47_1861-4578-2373-5090,1,0,0,0,0,0,0,0,0
V9TWZBZ47_1407-4984-1919-5496,1,0,0,0,0,0,0,0,0
V9TWZBZ47_1802-2594-2314-3106,1,0,0,0,0,0,0,0,0
V9TWZBZ47_1407-4472-1919-4984,1,0,0,0,0,0,0,0,0
V9TWZBZ47_1719-5358-2231-5870,1,0,0,0,0,0,0,0,0
V9TWZBZ47_1407-3960-1919-4472,1,0,0,0,0,0,0,0,0
V9TWZBZ47_2231-5358-2743-5870,1,0,0,0,0,0,0,0,0
V9TWZBZ47_1919-4984-2431-5496,1,0,0,0,0,0,0,0,0
V9TWZBZ47_1919-3960-2431-4472,1,0,0,0,0,0,0,0,0
V9TWZBZ47_2235-3007-2747-3519,1,0,0,0,0,0,0,0,0
V9TWZBZ47_2373-5090-2885-5602,1,0,0,0,0,0,0,0,0
V9TWZBZ47_2813-3708-3325-4220,1,0,0,0,0,0,0,0,0
V9TWZBZ47_2373-4578-2885-5090,1,0,0,0,0,0,0,0,0
V9TWZBZ47_2993-3862-3505-4374,1,0,0,0,0,0,0,0,0
V9TWZBZ47_307-2596-819-3108,1,0,0,0,0,0,0,0,0
V9TWZBZ47_3531-3528-4043-4040,1,0,0,0,0,0,0,0,0
V9TWZBZ47_307-2084-819-2596,1,0,0,0,0,0,0,0,0
V9TWZBZ47_3531-4040-4043-4552,1,0,0,0,0,0,0,0,0
V9TWZBZ47_4809-2800-5321-3312,1,0,0,0,0,0,0,0,0
V9TWZBZ47_4550-4620-5062-5132,1,0,0,0,0,0,0,0,0
V9TWZBZ47_4742-1693-5254-2205,1,0,0,0,0,0,0,0,0
V9TWZBZ47_4986-3481-5498-3993,1,0,0,0,0,0,0,0,0
V9TWZBZ47_4986-2969-5498-3481,1,0,0,0,0,0,0,0,0
V9TWZBZ47_4708-3734-5220-4246,1,0,0,0,0,0,0,0,0
V9TWZBZ47_4708-4246-5220-4758,1,0,0,0,0,0,0,0,0
V9TWZBZ47_4809-2288-5321-2800,1,0,0,0,0,0,0,0,0
V9TWZBZ47_5220-3734-5732-4246,1,0,0,0,0,0,0,0,0
V9TWZBZ47_5254-1693-5766-2205,1,0,0,0,0,0,0,0,0
V9TWZBZ47_5321-2800-5833-3312,1,0,0,0,0,0,0,0,0
V9TWZBZ47_652-4811-1164-5323,1,0,0,0,0,0,0,0,0
V9TWZBZ47_5254-2205-5766-2717,1,0,0,0,0,0,0,0,0
V9TWZBZ47_796-3130-1308-3642,1,0,0,0,0,0,0,0,0
V9TWZBZ47_652-5323-1164-5835,1,0,0,0,0,0,0,0,0
V9TWZBZ47_867-2475-1379-2987,1,0,0,0,0,0,0,0,0
VAMGNUA7G_10206-3979-10718-4491,0,0,1,0,0,0,0,0,0
VAMGNUA7G_10206-4491-10718-5003,0,0,1,0,0,0,0,0,0
VAMGNUA7G_9694-4491-10206-5003,0,0,1,0,0,0,0,0,0
VBJAEIV6Y_4059-1444-4571-1956,0,0,0,0,0,0,0,0,1
VAMGNUA7G_9694-3979-10206-4491,0,0,1,0,0,0,0,0,0
VBJAEIV6Y_3612-11168-4124-11680,0,0,0,0,0,0,0,0,1
VBJAEIV6Y_3470-9995-3982-10507,0,0,0,0,0,0,0,0,1
VBJAEIV6Y_3895-11105-4407-11617,0,0,0,0,0,0,0,0,1
VBJAEIV6Y_4096-11304-4608-11816,0,0,0,0,0,0,0,0,1
VBJAEIV6Y_2111-10817-2623-11329,0,0,0,0,0,0,0,0,1
VBJAEIV6Y_4425-11383-4937-11895,0,0,0,0,0,0,0,0,1
VCKJCEEHV_1218-5735-1730-6247,0,0,0,1,0,0,0,0,0
VBJAEIV6Y_4571-1444-5083-1956,0,0,0,0,0,0,0,0,1
VCKJCEEHV_1218-5223-1730-5735,0,0,0,1,0,0,0,0,0
VCKJCEEHV_1218-4711-1730-5223,0,0,0,1,0,0,0,0,0
VCKJCEEHV_1454-3015-1966-3527,0,0,0,1,0,0,0,0,0
VCKJCEEHV_1454-1991-1966-2503,0,0,0,1,0,0,0,0,0
VCKJCEEHV_1454-3527-1966-4039,0,0,0,1,0,0,0,0,0
VCKJCEEHV_1730-5223-2242-5735,0,0,0,1,0,0,0,0,0
VCKJCEEHV_1966-3015-2478-3527,0,0,0,1,0,0,0,0,0
VCKJCEEHV_2242-5223-2754-5735,0,0,0,1,0,0,0,0,0
VCKJCEEHV_1966-2503-2478-3015,0,0,0,1,0,0,0,0,0
VCKJCEEHV_1730-6247-2242-6759,0,0,0,1,0,0,0,0,0
VCKJCEEHV_1966-1991-2478-2503,0,0,0,1,0,0,0,0,0
VCKJCEEHV_2242-6247-2754-6759,0,0,0,1,0,0,0,0,0
VCKJCEEHV_1730-6759-2242-7271,0,0,0,1,0,0,0,0,0
VCKJCEEHV_2242-5735-2754-6247,0,0,0,1,0,0,0,0,0
VCKJCEEHV_2242-6759-2754-7271,0,0,0,1,0,0,0,0,0
VCKJCEEHV_2990-1479-3502-1991,0,0,0,1,0,0,0,0,0
VCKJCEEHV_2478-1991-2990-2503,0,0,0,1,0,0,0,0,0
VCKJCEEHV_2478-1479-2990-1991,0,0,0,1,0,0,0,0,0
VCKJCEEHV_2990-967-3502-1479,0,0,0,1,0,0,0,0,0
VCKJCEEHV_3502-1479-4014-1991,0,0,0,1,0,0,0,0,0
VCKJCEEHV_3502-967-4014-1479,0,0,0,1,0,0,0,0,0
VCKJCEEHV_430-3015-942-3527,0,0,0,1,0,0,0,0,0
VCKJCEEHV_3774-900-4286-1412,0,0,0,1,0,0,0,0,0
VCKJCEEHV_4286-388-4798-900,0,0,0,1,0,0,0,0,0
VCKJCEEHV_430-3527-942-4039,0,0,0,1,0,0,0,0,0
VCKJCEEHV_4798-388-5310-900,0,0,0,1,0,0,0,0,0
VCKJCEEHV_4286-900-4798-1412,0,0,0,1,0,0,0,0,0
VCKJCEEHV_430-4039-942-4551,0,0,0,1,0,0,0,0,0
VCKJCEEHV_5310-388-5822-900,0,0,0,1,0,0,0,0,0
VCKJCEEHV_430-4551-942-5063,0,0,0,1,0,0,0,0,0
VCKJCEEHV_4971-6877-5483-7389,0,0,0,1,0,0,0,0,0
VCKJCEEHV_4798-900-5310-1412,0,0,0,1,0,0,0,0,0
VCKJCEEHV_5310-900-5822-1412,0,0,0,1,0,0,0,0,0
VCKJCEEHV_706-4711-1218-5223,0,0,0,1,0,0,0,0,0
VCKJCEEHV_942-2503-1454-3015,0,0,0,1,0,0,0,0,0
VCKJCEEHV_942-1991-1454-2503,0,0,0,1,0,0,0,0,0
VCKJCEEHV_5822-388-6334-900,0,0,0,1,0,0,0,0,0
VCKJCEEHV_942-4039-1454-4551,0,0,0,1,0,0,0,0,0
VDDH6DQKR_10998-669-11510-1181,0,0,0,0,0,1,0,0,0
VDDH6DQKR_10652-5434-11164-5946,0,0,0,0,0,1,0,0,0
VDDH6DQKR_10140-5434-10652-5946,0,0,0,0,0,1,0,0,0
VDDH6DQKR_1116-5570-1628-6082,0,0,0,0,0,1,0,0,0
VDDH6DQKR_10486-669-10998-1181,0,0,0,0,0,1,0,0,0
VCKJCEEHV_942-4551-1454-5063,0,0,0,1,0,0,0,0,0
VDDH6DQKR_11164-5434-11676-5946,0,0,0,0,0,1,0,0,0
VDDH6DQKR_12022-669-12534-1181,0,0,0,0,0,1,0,0,0
VDDH6DQKR_11676-5434-12188-5946,0,0,0,0,0,1,0,0,0
VDDH6DQKR_12188-5434-12700-5946,0,0,0,0,0,1,0,0,0
VDDH6DQKR_11510-669-12022-1181,0,0,0,0,0,1,0,0,0
VDDH6DQKR_12534-669-13046-1181,0,0,0,0,0,1,0,0,0
VDDH6DQKR_12700-5434-13212-5946,0,0,0,0,0,1,0,0,0
VDDH6DQKR_13212-5434-13724-5946,0,0,0,0,0,1,0,0,0
VDDH6DQKR_13046-669-13558-1181,0,0,0,0,0,1,0,0,0
VDDH6DQKR_13724-5434-14236-5946,0,0,0,0,0,1,0,0,0
VDDH6DQKR_13558-669-14070-1181,0,0,0,0,0,1,0,0,0
VDDH6DQKR_1510-797-2022-1309,0,0,0,0,0,1,0,0,0
VDDH6DQKR_2140-5570-2652-6082,0,0,0,0,0,1,0,0,0
VDDH6DQKR_3164-5570-3676-6082,0,0,0,0,0,1,0,0,0
VDDH6DQKR_2022-797-2534-1309,0,0,0,0,0,1,0,0,0
VDDH6DQKR_2652-5570-3164-6082,0,0,0,0,0,1,0,0,0
VDDH6DQKR_2678-917-3190-1429,0,0,0,0,0,1,0,0,0
VDDH6DQKR_1628-5570-2140-6082,0,0,0,0,0,1,0,0,0
VDDH6DQKR_3670-2264-4182-2776,0,0,0,0,0,1,0,0,0
VDDH6DQKR_3190-917-3702-1429,0,0,0,0,0,1,0,0,0
VDDH6DQKR_3670-1240-4182-1752,0,0,0,0,0,1,0,0,0
VDDH6DQKR_3670-2776-4182-3288,0,0,0,0,0,1,0,0,0
VDDH6DQKR_3670-3288-4182-3800,0,0,0,0,0,1,0,0,0
VDDH6DQKR_3670-3800-4182-4312,0,0,0,0,0,1,0,0,0
VDDH6DQKR_3790-1802-4302-2314,0,0,0,0,0,1,0,0,0
VDDH6DQKR_3702-917-4214-1429,0,0,0,0,0,1,0,0,0
VDDH6DQKR_3676-5570-4188-6082,0,0,0,0,0,1,0,0,0
VDDH6DQKR_4188-5570-4700-6082,0,0,0,0,0,1,0,0,0
VDDH6DQKR_4214-917-4726-1429,0,0,0,0,0,1,0,0,0
VDDH6DQKR_4700-5570-5212-6082,0,0,0,0,0,1,0,0,0
VDDH6DQKR_4854-669-5366-1181,0,0,0,0,0,1,0,0,0
VDDH6DQKR_4726-917-5238-1429,0,0,0,0,0,1,0,0,0
VDDH6DQKR_5212-5570-5724-6082,0,0,0,0,0,1,0,0,0
VDDH6DQKR_6236-5570-6748-6082,0,0,0,0,0,1,0,0,0
VDDH6DQKR_5366-669-5878-1181,0,0,0,0,0,1,0,0,0
VDDH6DQKR_5878-669-6390-1181,0,0,0,0,0,1,0,0,0
VDDH6DQKR_5724-5570-6236-6082,0,0,0,0,0,1,0,0,0
VDDH6DQKR_6390-669-6902-1181,0,0,0,0,0,1,0,0,0
VDDH6DQKR_6902-669-7414-1181,0,0,0,0,0,1,0,0,0
VDDH6DQKR_7260-5570-7772-6082,0,0,0,0,0,1,0,0,0
VDDH6DQKR_6748-5570-7260-6082,0,0,0,0,0,1,0,0,0
VDDH6DQKR_7414-669-7926-1181,0,0,0,0,0,1,0,0,0
VDDH6DQKR_7926-669-8438-1181,0,0,0,0,0,1,0,0,0
VDDH6DQKR_8284-5570-8796-6082,0,0,0,0,0,1,0,0,0
VDDH6DQKR_8438-669-8950-1181,0,0,0,0,0,1,0,0,0
VDDH6DQKR_7772-5570-8284-6082,0,0,0,0,0,1,0,0,0
VDDH6DQKR_8606-1220-9118-1732,0,0,0,0,0,1,0,0,0
VDDH6DQKR_8606-3780-9118-4292,0,0,0,0,0,1,0,0,0
VDDH6DQKR_8950-669-9462-1181,0,0,0,0,0,1,0,0,0
VDDH6DQKR_8606-2756-9118-3268,0,0,0,0,0,1,0,0,0
VDDH6DQKR_8606-1732-9118-2244,0,0,0,0,0,1,0,0,0
VDDH6DQKR_8606-5316-9118-5828,0,0,0,0,0,1,0,0,0
VDDH6DQKR_8606-2244-9118-2756,0,0,0,0,0,1,0,0,0
VDDH6DQKR_8606-3268-9118-3780,0,0,0,0,0,1,0,0,0
VDDH6DQKR_8606-4804-9118-5316,0,0,0,0,0,1,0,0,0
VDDH6DQKR_9116-5434-9628-5946,0,0,0,0,0,1,0,0,0
VDDH6DQKR_8606-4292-9118-4804,0,0,0,0,0,1,0,0,0
VDDH6DQKR_9462-669-9974-1181,0,0,0,0,0,1,0,0,0
VDDH6DQKR_9628-5434-10140-5946,0,0,0,0,0,1,0,0,0
VEU11LL29_1896-3390-2408-3902,0,0,1,0,0,0,0,0,0
VDDH6DQKR_998-797-1510-1309,0,0,0,0,0,1,0,0,0
VDDH6DQKR_9974-669-10486-1181,0,0,0,0,0,1,0,0,0
VEU11LL29_10147-9535-10659-10047,0,0,1,0,0,0,0,0,0
VEU11LL29_2408-2878-2920-3390,0,0,1,0,0,0,0,0,0
VEU11LL29_2408-3390-2920-3902,0,0,1,0,0,0,0,0,0
VEU11LL29_4334-6136-4846-6648,0,0,1,0,0,0,0,0,0
VEU11LL29_6732-10638-7244-11150,0,0,1,0,0,0,0,0,0
VEU11LL29_9128-11848-9640-12360,0,0,1,0,0,0,0,0,0
VEU11LL29_6842-8664-7354-9176,0,0,0,0,0,0,0,0,1
VEU11LL29_3460-5080-3972-5592,0,0,1,0,0,0,0,0,0
VFAFM9IAJ_1258-2933-1770-3445,0,1,0,0,0,0,0,0,0
VFAFM9IAJ_1186-1047-1698-1559,0,1,0,0,0,0,0,0,0
VEU11LL29_9227-9027-9739-9539,0,0,1,0,0,0,0,0,0
VFAFM9IAJ_1743-1483-2255-1995,0,1,0,0,0,0,0,0,0
VFAFM9IAJ_1258-2421-1770-2933,0,1,0,0,0,0,0,0,0
VFAFM9IAJ_1186-535-1698-1047,0,1,0,0,0,0,0,0,0
VFAFM9IAJ_1743-1995-2255-2507,0,1,0,0,0,0,0,0,0
VFUFL2M77_1466-4225-1978-4737,0,0,1,0,0,0,0,0,0
VFUFL2M77_1782-4662-2294-5174,0,0,1,0,0,0,0,0,0
VFUFL2M77_1466-4737-1978-5249,0,0,1,0,0,0,0,0,0
VFUFL2M77_2303-4303-2815-4815,0,0,1,0,0,0,0,0,0
VFUFL2M77_1978-4225-2490-4737,0,0,1,0,0,0,0,0,0
VFUFL2M77_2815-4815-3327-5327,0,0,1,0,0,0,0,0,0
VFUFL2M77_2528-5286-3040-5798,0,0,1,0,0,0,0,0,0
VFUFL2M77_2303-4815-2815-5327,0,0,1,0,0,0,0,0,0
VFUFL2M77_3034-4649-3546-5161,0,0,1,0,0,0,0,0,0
VFUFL2M77_2815-4303-3327-4815,0,0,1,0,0,0,0,0,0
VFUFL2M77_3034-4137-3546-4649,0,0,1,0,0,0,0,0,0
VGLRBZPJU_10231-4799-10743-5311,0,0,1,0,0,0,0,0,0
VGLRBZPJU_10160-6352-10672-6864,0,0,1,0,0,0,0,0,0
VGLRBZPJU_10743-4799-11255-5311,0,0,1,0,0,0,0,0,0
VGLRBZPJU_10672-6352-11184-6864,0,0,1,0,0,0,0,0,0
VGLRBZPJU_11184-6352-11696-6864,0,0,1,0,0,0,0,0,0
VGLRBZPJU_11255-4799-11767-5311,0,0,1,0,0,0,0,0,0
VGLRBZPJU_11696-6352-12208-6864,0,0,1,0,0,0,0,0,0
VGLRBZPJU_12208-6352-12720-6864,0,0,1,0,0,0,0,0,0
VGLRBZPJU_11767-4799-12279-5311,0,0,1,0,0,0,0,0,0
VGLRBZPJU_1267-8938-1779-9450,0,0,1,0,0,0,0,0,0
VGLRBZPJU_12720-6352-13232-6864,0,0,1,0,0,0,0,0,0
VGLRBZPJU_14126-1258-14638-1770,0,0,0,0,0,1,0,0,0
VGLRBZPJU_14126-746-14638-1258,0,0,0,0,0,1,0,0,0
VGLRBZPJU_1525-8463-2037-8975,0,0,1,0,0,0,0,0,0
VGLRBZPJU_2425-8056-2937-8568,0,0,1,0,0,0,0,0,0
VGLRBZPJU_2937-7544-3449-8056,0,0,1,0,0,0,0,0,0
VGLRBZPJU_3961-7032-4473-7544,0,0,1,0,0,0,0,0,0
VGLRBZPJU_3961-7544-4473-8056,0,0,1,0,0,0,0,0,0
VGLRBZPJU_2937-8056-3449-8568,0,0,1,0,0,0,0,0,0
VGLRBZPJU_3449-7544-3961-8056,0,0,1,0,0,0,0,0,0
VGLRBZPJU_4473-6520-4985-7032,0,0,1,0,0,0,0,0,0
VGLRBZPJU_4985-6520-5497-7032,0,0,1,0,0,0,0,0,0
VGLRBZPJU_5497-6520-6009-7032,0,0,1,0,0,0,0,0,0
VGLRBZPJU_6009-6520-6521-7032,0,0,1,0,0,0,0,0,0
VGLRBZPJU_6521-6520-7033-7032,0,0,1,0,0,0,0,0,0
VGLRBZPJU_7033-6520-7545-7032,0,0,1,0,0,0,0,0,0
VGLRBZPJU_669-10016-1181-10528,0,0,1,0,0,0,0,0,0
VGLRBZPJU_7545-6520-8057-7032,0,0,1,0,0,0,0,0,0
VGLRBZPJU_793-9786-1305-10298,0,0,1,0,0,0,0,0,0
VGLRBZPJU_8057-6520-8569-7032,0,0,1,0,0,0,0,0,0
VGN4DRUHA_1021-1972-1533-2484,0,0,0,0,0,1,0,0,0
VGN4DRUHA_4302-2263-4814-2775,0,0,0,0,0,1,0,0,0
VGN4DRUHA_10130-4644-10642-5156,0,0,0,0,0,1,0,0,0
VGLRBZPJU_8868-6405-9380-6917,0,0,1,0,0,0,0,0,0
VGN4DRUHA_4361-2688-4873-3200,0,0,0,0,0,1,0,0,0
VGLRBZPJU_948-9503-1460-10015,0,0,1,0,0,0,0,0,0
VGLRBZPJU_9648-6352-10160-6864,0,0,1,0,0,0,0,0,0
VGN4DRUHA_1073-3852-1585-4364,0,0,0,0,0,1,0,0,0
VGN4DRUHA_1125-4312-1637-4824,0,0,0,0,0,1,0,0,0
VGN4DRUHA_4564-2875-5076-3387,0,0,0,0,0,1,0,0,0
VGN4DRUHA_4690-1835-5202-2347,0,0,0,0,0,1,0,0,0
VGN4DRUHA_5748-3094-6260-3606,0,0,0,0,0,1,0,0,0
VGN4DRUHA_6128-2771-6640-3283,0,0,0,0,0,1,0,0,0
VGN4DRUHA_6906-1749-7418-2261,0,0,0,0,0,0,0,0,1
VGN4DRUHA_6204-1473-6716-1985,0,0,0,0,0,1,0,0,0
VGN4DRUHA_8376-2765-8888-3277,0,0,0,0,0,0,0,0,1
VGN4DRUHA_7734-3203-8246-3715,0,0,0,0,0,0,0,0,1
VGN4DRUHA_8258-2472-8770-2984,0,0,0,0,0,1,0,0,1
VGN4DRUHA_8741-2440-9253-2952,0,0,0,0,0,1,0,0,0
VGN4DRUHA_8894-1893-9406-2405,0,0,0,0,0,1,0,0,0
VGN4DRUHA_9213-2258-9725-2770,0,0,0,0,0,1,0,0,0
VGN4DRUHA_8522-3193-9034-3705,0,0,0,0,0,0,0,0,1
VGN4DRUHA_9879-2962-10391-3474,0,0,0,0,0,0,0,0,1
VGN4DRUHA_9324-4765-9836-5277,0,0,0,0,0,0,0,0,1
VGN4DRUHA_9868-3545-10380-4057,0,0,0,0,0,0,0,0,1
VGN4DRUHA_9146-2950-9658-3462,0,0,0,0,0,0,0,0,1
VGN4DRUHA_9908-667-10420-1179,0,0,0,0,0,1,0,0,1
VGVDL213L_3521-1321-4033-1833,0,0,0,0,1,0,0,0,0
VGVDL213L_3304-8512-3816-9024,0,0,0,0,1,0,0,0,0
VGVDL213L_3816-8512-4328-9024,0,0,0,0,1,0,0,0,0
VGVDL213L_4033-1321-4545-1833,0,0,0,0,1,0,0,0,0
VGVDL213L_4486-1034-4998-1546,0,0,0,0,1,0,0,0,0
VGVDL213L_4303-8619-4815-9131,0,0,0,0,1,0,0,0,0
VGVDL213L_4035-4608-4547-5120,0,0,0,0,1,0,0,0,0
VGVDL213L_4547-4608-5059-5120,0,0,0,0,1,0,0,0,0
VJ2AGCK2I_1077-6917-1589-7429,0,0,1,0,0,0,0,0,0
VH4JM46BH_2381-3092-2893-3604,0,0,0,0,0,1,0,0,0
VGVDL213L_5041-8367-5553-8879,0,0,0,0,1,1,0,0,0
VGVDL213L_4932-978-5444-1490,0,0,0,0,0,1,0,0,0
VGVDL213L_4815-8619-5327-9131,0,0,0,0,1,1,0,0,1
VGVDL213L_5032-6681-5544-7193,0,0,0,0,0,1,0,0,0
VJ2AGCK2I_1077-7429-1589-7941,0,0,1,0,0,0,0,0,0
VI72NBMGG_2686-5029-3198-5541,0,0,0,0,0,1,0,0,0
VH4JM46BH_396-441-908-953,0,0,1,0,0,0,0,0,0
VJ2AGCK2I_1077-7941-1589-8453,0,0,1,0,0,0,0,0,0
VJ2AGCK2I_1253-5304-1765-5816,0,0,1,0,0,0,0,0,0
VJ2AGCK2I_1589-7941-2101-8453,0,0,1,0,0,0,0,0,0
VJ2AGCK2I_1662-3091-2174-3603,0,0,1,0,0,0,0,0,0
VJ2AGCK2I_1662-3603-2174-4115,0,0,1,0,0,0,0,0,0
VJ2AGCK2I_1746-7481-2258-7993,0,0,1,0,0,0,0,0,0
VJ2AGCK2I_1662-4115-2174-4627,0,0,1,0,0,0,0,0,0
VJ2AGCK2I_1746-6969-2258-7481,0,0,1,0,0,0,0,0,0
VJ2AGCK2I_1765-5304-2277-5816,0,0,1,0,0,0,0,0,0
VJ2AGCK2I_2241-6677-2753-7189,0,0,1,0,0,0,0,0,0
VJ2AGCK2I_2174-4115-2686-4627,0,0,1,0,0,0,0,0,0
VJ2AGCK2I_2103-7569-2615-8081,0,0,1,0,0,0,0,0,0
VJ2AGCK2I_1853-6691-2365-7203,0,0,1,0,0,0,0,0,0
VJ2AGCK2I_2557-1155-3069-1667,0,0,1,0,0,0,0,0,0
VJ2AGCK2I_1835-4573-2347-5085,0,0,1,0,0,0,0,0,0
VJ2AGCK2I_2174-3603-2686-4115,0,0,1,0,0,0,0,0,0
VJ2AGCK2I_2241-7189-2753-7701,0,0,1,0,0,0,0,0,0
VJ2AGCK2I_2450-728-2962-1240,0,0,1,0,0,0,0,0,0
VJ2AGCK2I_2753-6677-3265-7189,0,0,1,0,0,0,0,0,0
VJ2AGCK2I_2753-7701-3265-8213,0,0,1,0,0,0,0,0,0
VJ2AGCK2I_2753-7189-3265-7701,0,0,1,0,0,0,0,0,0
VJ2AGCK2I_2865-856-3377-1368,0,0,1,0,0,0,0,0,0
VJ2AGCK2I_3027-6557-3539-7069,0,0,1,0,0,0,0,0,0
VJ2AGCK2I_3027-5533-3539-6045,0,0,1,0,0,0,0,0,0
VJ2AGCK2I_3027-7069-3539-7581,0,0,1,0,0,0,0,0,0
VJ2AGCK2I_3069-1155-3581-1667,0,0,1,0,0,0,0,0,0
VJ2AGCK2I_3027-6045-3539-6557,0,0,1,0,0,0,0,0,0
VJ2AGCK2I_3027-7581-3539-8093,0,0,1,0,0,0,0,0,0
VJ2AGCK2I_3239-750-3751-1262,0,0,1,0,0,0,0,0,0
VJ2AGCK2I_4051-7581-4563-8093,0,0,1,0,0,0,0,0,0
VJ2AGCK2I_4051-7069-4563-7581,0,0,1,0,0,0,0,0,0
VJ2AGCK2I_4051-6557-4563-7069,0,0,1,0,0,0,0,0,0
VJ2AGCK2I_3539-7581-4051-8093,0,0,1,0,0,0,0,0,0
VJ2AGCK2I_4051-6045-4563-6557,0,0,1,0,0,0,0,0,0
VJ2AGCK2I_3539-8093-4051-8605,0,0,1,0,0,0,0,0,0
VJ2AGCK2I_3539-5533-4051-6045,0,0,1,0,0,0,0,0,0
VJ2AGCK2I_565-6917-1077-7429,0,0,1,0,0,0,0,0,0
VJ2AGCK2I_565-7429-1077-7941,0,0,1,0,0,0,0,0,0
VJ2AGCK2I_4051-8093-4563-8605,0,0,1,0,0,0,0,0,0
VJ2AGCK2I_741-6328-1253-6840,0,0,1,0,0,0,0,0,0
VJ2AGCK2I_741-5304-1253-5816,0,0,1,0,0,0,0,0,0
VJ2AGCK2I_565-7941-1077-8453,0,0,1,0,0,0,0,0,0
VK4KH3ZP3_3721-1281-4233-1793,0,0,0,0,0,0,1,0,0
VJ2AGCK2I_741-5816-1253-6328,0,0,1,0,0,0,0,0,0
VK4KH3ZP3_3209-769-3721-1281,0,0,0,0,0,0,1,0,0
VK4KH3ZP3_3721-769-4233-1281,0,0,0,0,0,0,1,0,0
VK4KH3ZP3_4745-1281-5257-1793,0,0,0,0,0,0,1,0,0
VK4KH3ZP3_4233-1281-4745-1793,0,0,0,0,0,0,1,0,0
VK4KH3ZP3_4233-1793-4745-2305,0,0,0,0,0,0,1,0,0
VK4KH3ZP3_4745-1793-5257-2305,0,0,0,0,0,0,1,0,0
VK8X3EQ4D_10062-10100-10574-10612,0,0,0,0,0,0,0,0,1
VK8X3EQ4D_10464-16725-10976-17237,0,0,0,0,0,0,0,0,1
VK8X3EQ4D_3050-1238-3562-1750,0,0,0,0,0,0,0,0,1
VK8X3EQ4D_3277-1341-3789-1853,0,0,0,0,0,0,0,0,1
VK8X3EQ4D_4542-2224-5054-2736,0,0,0,0,0,0,0,0,1
VK8X3EQ4D_5297-1964-5809-2476,0,0,0,0,0,0,0,0,1
VK8X3EQ4D_5489-2286-6001-2798,0,0,0,0,0,0,0,0,1
VLABVAH3T_6728-1234-7240-1746,0,0,0,0,0,0,1,0,0
VLABVAH3T_11287-8734-11799-9246,0,0,0,0,0,0,1,0,0
VK8X3EQ4D_7594-16703-8106-17215,0,0,0,0,0,0,0,0,1
VK8X3EQ4D_9555-9525-10067-10037,0,0,0,0,0,0,0,0,1
VK8X3EQ4D_8983-16632-9495-17144,0,0,0,0,0,0,0,0,1
VLABVAH3T_6728-722-7240-1234,0,0,0,0,0,0,1,0,0
VLABVAH3T_11287-8222-11799-8734,0,0,0,0,0,0,1,0,0
VLABVAH3T_6812-7844-7324-8356,0,0,0,0,0,0,1,0,0
VLABVAH3T_7985-1386-8497-1898,0,0,0,0,0,0,1,0,0
VLABVAH3T_7240-722-7752-1234,0,0,0,0,0,0,1,0,0
VLABVAH3T_7985-1898-8497-2410,0,0,0,0,0,0,1,0,0
VLABVAH3T_6812-7332-7324-7844,0,0,0,0,0,0,1,0,0
VLABVAH3T_6812-8356-7324-8868,0,0,0,0,0,0,1,0,0
VLABVAH3T_7985-874-8497-1386,0,0,0,0,0,0,1,0,0
VLABVAH3T_8392-7406-8904-7918,0,0,0,0,0,0,1,0,0
VLABVAH3T_8142-8085-8654-8597,0,0,0,0,0,0,1,0,0
VLABVAH3T_8142-8597-8654-9109,0,0,0,0,0,0,1,0,0
VLABVAH3T_8392-7918-8904-8430,0,0,0,0,0,0,1,0,0
VLABVAH3T_9273-1555-9785-2067,0,0,0,0,0,0,1,0,0
VLABVAH3T_9416-5870-9928-6382,0,0,0,0,0,0,1,0,0
VLABVAH3T_8761-1555-9273-2067,0,0,0,0,0,0,1,0,0
VLABVAH3T_8761-2067-9273-2579,0,0,0,0,0,0,1,0,0
VLABVAH3T_8904-7406-9416-7918,0,0,0,0,0,0,1,0,0
VLABVAH3T_8904-6894-9416-7406,0,0,0,0,0,0,1,0,0
VLF3CERP7_1599-366-2111-878,0,0,1,0,0,0,0,0,0
VLF3CERP7_1409-710-1921-1222,0,0,1,0,0,0,0,0,0
VLABVAH3T_9993-8284-10505-8796,0,0,0,0,0,0,1,0,0
VLABVAH3T_9993-8796-10505-9308,0,0,0,0,0,0,1,0,0
VLABVAH3T_9416-6382-9928-6894,0,0,0,0,0,0,1,0,0
VLABVAH3T_9993-7772-10505-8284,0,0,0,0,0,0,1,0,0
VLABVAH3T_9416-6894-9928-7406,0,0,0,0,0,0,1,0,0
VLF3CERP7_170-1419-682-1931,0,0,1,0,0,0,0,0,0
VM41WRAYA_1071-6770-1583-7282,0,0,1,0,0,0,0,0,0
VLF3CERP7_897-710-1409-1222,0,0,1,0,0,0,0,0,0
VLF3CERP7_606-1111-1118-1623,0,0,1,0,0,0,0,0,0
VM41WRAYA_1113-3200-1625-3712,0,0,1,0,0,0,0,0,0
VM41WRAYA_1213-2973-1725-3485,0,0,1,0,0,0,0,0,0
VM41WRAYA_1219-8281-1731-8793,0,0,1,0,0,0,0,0,0
VM41WRAYA_1472-3131-1984-3643,0,0,1,0,0,0,0,0,0
VM41WRAYA_1430-7009-1942-7521,0,0,1,0,0,0,0,0,0
VM41WRAYA_1501-5005-2013-5517,0,0,1,0,0,0,0,0,0
VM41WRAYA_1501-3469-2013-3981,0,0,1,0,0,0,0,0,0
VM41WRAYA_1501-5517-2013-6029,0,0,1,0,0,0,0,0,0
VM41WRAYA_1501-6029-2013-6541,0,0,1,0,0,0,0,0,0
VM41WRAYA_1501-7565-2013-8077,0,0,1,0,0,0,0,0,0
VM41WRAYA_1501-6541-2013-7053,0,0,1,0,0,0,0,0,0
VM41WRAYA_1501-8077-2013-8589,0,0,1,0,0,0,0,0,0
VM41WRAYA_1653-8404-2165-8916,0,0,1,0,0,0,0,0,0
VM41WRAYA_1704-1822-2216-2334,0,0,1,0,0,0,0,0,0
VM41WRAYA_1868-6738-2380-7250,0,0,1,0,0,0,0,0,0
VM41WRAYA_1731-5658-2243-6170,0,0,1,0,0,0,0,0,0
VM41WRAYA_2013-2957-2525-3469,0,0,1,0,0,0,0,0,0
VM41WRAYA_1847-8156-2359-8668,0,0,1,0,0,0,0,0,0
VM41WRAYA_2013-3469-2525-3981,0,0,1,0,0,0,0,0,0
VM41WRAYA_2013-3981-2525-4493,0,0,1,0,0,0,0,0,0
VM41WRAYA_2013-5517-2525-6029,0,0,1,0,0,0,0,0,0
VM41WRAYA_2013-4493-2525-5005,0,0,1,0,0,0,0,0,0
VM41WRAYA_2013-6029-2525-6541,0,0,1,0,0,0,0,0,0
VM41WRAYA_2013-6541-2525-7053,0,0,1,0,0,0,0,0,0
VM41WRAYA_2401-1075-2913-1587,0,0,1,0,0,0,0,0,0
VM41WRAYA_2013-7053-2525-7565,0,0,1,0,0,0,0,0,0
VM41WRAYA_2013-5005-2525-5517,0,0,1,0,0,0,0,0,0
VM41WRAYA_2525-3469-3037-3981,0,0,1,0,0,0,0,0,0
VM41WRAYA_2496-7137-3008-7649,0,0,1,0,0,0,0,0,0
VM41WRAYA_2013-7565-2525-8077,0,0,1,0,0,0,0,0,0
VM41WRAYA_2525-3981-3037-4493,0,0,1,0,0,0,0,0,0
VM41WRAYA_2525-5005-3037-5517,0,0,1,0,0,0,0,0,0
VM41WRAYA_2525-6029-3037-6541,0,0,1,0,0,0,0,0,0
VM41WRAYA_2525-7565-3037-8077,0,0,1,0,0,0,0,0,0
VM41WRAYA_2525-6541-3037-7053,0,0,1,0,0,0,0,0,0
VM41WRAYA_2525-5517-3037-6029,0,0,1,0,0,0,0,0,0
VM41WRAYA_2800-5593-3312-6105,0,0,1,0,0,0,0,0,0
VM41WRAYA_2800-6105-3312-6617,0,0,1,0,0,0,0,0,0
VM41WRAYA_2800-5081-3312-5593,0,0,1,0,0,0,0,0,0
VM41WRAYA_2544-4399-3056-4911,0,0,1,0,0,0,0,0,0
VM41WRAYA_2962-2906-3474-3418,0,0,1,0,0,0,0,0,0
VM41WRAYA_2555-1275-3067-1787,0,0,1,0,0,0,0,0,0
VM41WRAYA_3095-3898-3607-4410,0,0,1,0,0,0,0,0,0
VM41WRAYA_2956-4735-3468-5247,0,0,1,0,0,0,0,0,0
VM41WRAYA_2800-8365-3312-8877,0,0,1,0,0,0,0,0,0
VM41WRAYA_3030-4284-3542-4796,0,0,1,0,0,0,0,0,0
VM41WRAYA_3125-7821-3637-8333,0,0,1,0,0,0,0,0,0
VM41WRAYA_3173-6385-3685-6897,0,0,1,0,0,0,0,0,0
VM41WRAYA_3173-5873-3685-6385,0,0,1,0,0,0,0,0,0
VM41WRAYA_3186-7169-3698-7681,0,0,1,0,0,0,0,0,0
VM41WRAYA_3225-2731-3737-3243,0,0,1,0,0,0,0,0,0
VM41WRAYA_3225-2219-3737-2731,0,0,1,0,0,0,0,0,0
VM41WRAYA_3225-3243-3737-3755,0,0,1,0,0,0,0,0,0
VM41WRAYA_3186-6657-3698-7169,0,0,1,0,0,0,0,0,0
VM41WRAYA_3312-4569-3824-5081,0,0,1,0,0,0,0,0,0
VM41WRAYA_3312-5081-3824-5593,0,0,1,0,0,0,0,0,0
VM41WRAYA_3245-8165-3757-8677,0,0,1,0,0,0,0,0,0
VM41WRAYA_3312-6105-3824-6617,0,0,1,0,0,0,0,0,0
VM41WRAYA_3356-1370-3868-1882,0,0,1,0,0,0,0,0,0
VM41WRAYA_3369-7387-3881-7899,0,0,1,0,0,0,0,0,0
VM41WRAYA_3429-6545-3941-7057,0,0,1,0,0,0,0,0,0
VM41WRAYA_3312-5593-3824-6105,0,0,1,0,0,0,0,0,0
VM41WRAYA_3542-3772-4054-4284,0,0,1,0,0,0,0,0,0
VM41WRAYA_3542-4284-4054-4796,0,0,1,0,0,0,0,0,0
VM41WRAYA_3551-8400-4063-8912,0,0,1,0,0,0,0,0,0
VM41WRAYA_3545-3423-4057-3935,0,0,1,0,0,0,0,0,0
VM41WRAYA_3554-1941-4066-2453,0,0,1,0,0,0,0,0,0
VM41WRAYA_3588-2383-4100-2895,0,0,1,0,0,0,0,0,0
VM41WRAYA_3652-6272-4164-6784,0,0,1,0,0,0,0,0,0
VM41WRAYA_3565-7733-4077-8245,0,0,1,0,0,0,0,0,0
VM41WRAYA_3588-2895-4100-3407,0,0,1,0,0,0,0,0,0
VM41WRAYA_3565-7221-4077-7733,0,0,1,0,0,0,0,0,0
VM41WRAYA_4076-1978-4588-2490,0,0,1,0,0,0,0,0,0
VM41WRAYA_4054-4284-4566-4796,0,0,1,0,0,0,0,0,0
VM41WRAYA_4054-3260-4566-3772,0,0,1,0,0,0,0,0,0
VM41WRAYA_3685-810-4197-1322,0,0,1,0,0,0,0,0,0
VM41WRAYA_3773-3273-4285-3785,0,0,1,0,0,0,0,0,0
VM41WRAYA_4202-5668-4714-6180,0,0,1,0,0,0,0,0,0
VM41WRAYA_4195-3657-4707-4169,0,0,1,0,0,0,0,0,0
VM41WRAYA_3837-1120-4349-1632,0,0,1,0,0,0,0,0,0
VM41WRAYA_4289-7687-4801-8199,0,0,1,0,0,0,0,0,0
VM41WRAYA_4334-6612-4846-7124,0,0,1,0,0,0,0,0,0
VM41WRAYA_4318-1345-4830-1857,0,0,1,0,0,0,0,0,0
VM41WRAYA_4312-6112-4824-6624,0,0,1,0,0,0,0,0,0
VM41WRAYA_4353-643-4865-1155,0,0,1,0,0,0,0,0,0
VM41WRAYA_4358-2293-4870-2805,0,0,1,0,0,0,0,0,0
VM41WRAYA_707-3816-1219-4328,0,0,1,0,0,0,0,0,0
VM41WRAYA_718-6938-1230-7450,0,0,1,0,0,0,0,0,0
VM41WRAYA_4488-5194-5000-5706,0,0,1,0,0,0,0,0,0
VM41WRAYA_728-4618-1240-5130,0,0,1,0,0,0,0,0,0
VM41WRAYA_801-8382-1313-8894,0,0,1,0,0,0,0,0,0
VM41WRAYA_813-6547-1325-7059,0,0,1,0,0,0,0,0,0
VM41WRAYA_751-7830-1263-8342,0,0,1,0,0,0,0,0,0
VM41WRAYA_956-3550-1468-4062,0,0,1,0,0,0,0,0,0
VM41WRAYA_989-5005-1501-5517,0,0,1,0,0,0,0,0,0
VM41WRAYA_989-5517-1501-6029,0,0,1,0,0,0,0,0,0
VM41WRAYA_989-4493-1501-5005,0,0,1,0,0,0,0,0,0
VM41WRAYA_989-3981-1501-4493,0,0,1,0,0,0,0,0,0
VM41WRAYA_989-7053-1501-7565,0,0,1,0,0,0,0,0,0
VM41WRAYA_989-6029-1501-6541,0,0,1,0,0,0,0,0,0
VMGD1MH1R_1693-2077-2205-2589,1,0,0,0,0,0,0,0,0
VM41WRAYA_989-7565-1501-8077,0,0,1,0,0,0,0,0,0
VM41WRAYA_989-8077-1501-8589,0,0,1,0,0,0,0,0,0
VMGD1MH1R_1693-4125-2205-4637,1,0,0,0,0,0,0,0,0
VMGD1MH1R_1693-3101-2205-3613,1,0,0,0,0,0,0,0,0
VMGD1MH1R_1693-3613-2205-4125,1,0,0,0,0,0,0,0,0
VMGD1MH1R_1693-2589-2205-3101,1,0,0,0,0,0,0,0,0
VMGD1MH1R_1693-4637-2205-5149,1,0,0,0,0,0,0,0,0
VMGD1MH1R_2717-4125-3229-4637,1,0,0,0,0,0,0,0,0
VMGD1MH1R_2205-4637-2717-5149,1,0,0,0,0,0,0,0,0
VMGD1MH1R_2205-2077-2717-2589,1,0,0,0,0,0,0,0,0
VMGD1MH1R_2717-1053-3229-1565,1,0,0,0,0,0,0,0,0
VMGD1MH1R_2717-541-3229-1053,1,0,0,0,0,0,0,0,0
VMGD1MH1R_2717-3613-3229-4125,1,0,0,0,0,0,0,0,0
VMGD1MH1R_2205-1565-2717-2077,1,0,0,0,0,0,0,0,0
VMGD1MH1R_2205-4125-2717-4637,1,0,0,0,0,0,0,0,0
VMGD1MH1R_3229-1053-3741-1565,1,0,0,0,0,0,0,0,0
VMGD1MH1R_3229-3101-3741-3613,1,0,0,0,0,0,0,0,0
VMGD1MH1R_3229-2589-3741-3101,1,0,0,0,0,0,0,0,0
VMGD1MH1R_3229-1565-3741-2077,1,0,0,0,0,0,0,0,0
VMGD1MH1R_3229-3613-3741-4125,1,0,0,0,0,0,0,0,0
VMGD1MH1R_3229-541-3741-1053,1,0,0,0,0,0,0,0,0
VMGD1MH1R_3741-2077-4253-2589,1,0,0,0,0,0,0,0,0
VMGD1MH1R_3741-2589-4253-3101,1,0,0,0,0,0,0,0,0
VMGD1MH1R_3741-1565-4253-2077,1,0,0,0,0,0,0,0,0
VMXJG68G6_2329-7231-2841-7743,0,1,0,0,0,0,0,0,0
VN8H6LC2E_10562-4802-11074-5314,0,1,0,0,0,0,0,0,0
VN8H6LC2E_10050-4802-10562-5314,0,1,0,0,0,0,0,0,0
VMXJG68G6_2427-8022-2939-8534,0,1,0,0,0,0,0,0,0
VMXJG68G6_4514-4812-5026-5324,0,1,0,0,0,0,0,0,0
VN8H6LC2E_11074-4802-11586-5314,0,1,0,0,0,0,0,0,0
VMMCWCAP3_1128-3983-1640-4495,0,1,0,0,0,0,0,0,0
VMXJG68G6_4002-4812-4514-5324,0,1,0,0,0,0,0,0,0
VMXJG68G6_5026-4812-5538-5324,0,1,0,0,0,0,0,0,0
VN8H6LC2E_12610-4802-13122-5314,0,1,0,0,0,0,0,0,0
VN8H6LC2E_17599-2655-18111-3167,0,1,0,0,0,0,0,0,0
VN8H6LC2E_11586-4802-12098-5314,0,1,0,0,0,0,0,0,0
VN8H6LC2E_12098-4802-12610-5314,0,1,0,0,0,0,0,0,0
VN8H6LC2E_12037-8598-12549-9110,0,1,0,0,0,0,0,0,0
VN8H6LC2E_17644-1430-18156-1942,0,1,0,0,0,0,0,0,0
VN8H6LC2E_17615-4874-18127-5386,0,1,0,0,0,0,0,0,0
VN8H6LC2E_17599-3167-18111-3679,0,1,0,0,0,0,0,0,0
VN8H6LC2E_6826-1469-7338-1981,0,1,0,0,0,0,0,0,0
VN8H6LC2E_7219-4953-7731-5465,0,1,0,0,0,0,0,0,0
VN8H6LC2E_7219-4441-7731-4953,0,1,0,0,0,0,0,0,0
VN8H6LC2E_7338-1469-7850-1981,0,1,0,0,0,0,0,0,0
VN8H6LC2E_7731-4441-8243-4953,0,1,0,0,0,0,0,0,0
VN8H6LC2E_8354-8602-8866-9114,0,1,0,0,0,0,0,0,0
VN8H6LC2E_8866-8602-9378-9114,0,1,0,0,0,0,0,0,0
VN8H6LC2E_9026-4802-9538-5314,0,1,0,0,0,0,0,0,0
VN8H6LC2E_8239-4857-8751-5369,0,1,0,0,0,0,0,0,0
VN8H6LC2E_9538-4802-10050-5314,0,1,0,0,0,0,0,0,0
VNEW4WCWG_3705-2438-4217-2950,0,0,0,0,1,0,0,0,0
VQL2C9LLF_2311-747-2823-1259,0,0,0,0,0,0,0,0,1
VQL2C9LLF_1943-747-2455-1259,0,0,0,0,0,0,0,0,1
VQL2C9LLF_1975-8058-2487-8570,0,0,0,0,0,0,0,0,1
VQL2C9LLF_1612-8056-2124-8568,0,0,0,0,0,0,0,0,1
VQZURLFA7_3679-689-4191-1201,0,1,0,0,0,0,0,0,0
VQL2C9LLF_4329-595-4841-1107,0,0,0,0,0,0,0,0,1
VQL2C9LLF_2345-8057-2857-8569,0,0,0,0,0,0,0,0,1
VQZURLFA7_4191-689-4703-1201,0,1,0,0,0,0,0,0,0
VQZURLFA7_4703-689-5215-1201,0,1,0,0,0,0,0,0,0
VR4KJWRM4_2362-8491-2874-9003,0,0,0,0,1,1,0,0,0
VR4KJWRM4_1632-616-2144-1128,0,0,0,0,1,0,0,0,0
VR4KJWRM4_1075-1185-1587-1697,0,0,0,0,0,1,0,0,0
VR4KJWRM4_2144-616-2656-1128,0,0,0,0,1,0,0,0,0
VR4KJWRM4_1858-8475-2370-8987,0,0,0,0,1,1,0,0,0
VR4KJWRM4_1286-8455-1798-8967,0,0,0,0,1,1,0,0,0
VR4KJWRM4_1075-673-1587-1185,0,0,0,0,0,1,0,0,0
VR4KJWRM4_2174-8633-2686-9145,0,0,0,0,1,1,0,0,0
VR4KJWRM4_2686-8633-3198-9145,0,0,0,0,1,1,0,0,0
VR4KJWRM4_3647-640-4159-1152,0,0,0,0,1,0,0,0,0
VR4KJWRM4_3024-8652-3536-9164,0,0,0,0,1,1,0,0,0
VR4KJWRM4_3536-8652-4048-9164,0,0,0,0,1,1,0,0,0
VR4KJWRM4_3848-8541-4360-9053,0,0,0,0,1,1,0,0,0
VR4KJWRM4_4048-8669-4560-9181,0,0,0,0,1,1,0,0,0
VR4KJWRM4_4353-795-4865-1307,0,0,0,0,1,0,0,0,1
VR4KJWRM4_4159-640-4671-1152,0,0,0,0,1,0,0,0,1
VR4KJWRM4_4521-8559-5033-9071,0,0,0,0,1,1,0,0,0
VR6H6KWZ8_3340-263-3852-775,0,0,1,0,0,0,0,0,0
VR6H6KWZ8_3433-795-3945-1307,0,0,1,0,0,0,0,0,0
VR4KJWRM4_5205-8679-5717-9191,0,0,0,0,1,0,0,0,0
VR6H6KWZ8_746-687-1258-1199,0,0,1,0,0,0,0,0,0
VR4KJWRM4_4871-772-5383-1284,0,0,0,0,0,1,0,0,0
VR4KJWRM4_928-8574-1440-9086,0,0,0,0,1,1,0,0,0
VR6H6KWZ8_1306-658-1818-1170,0,0,1,0,0,0,0,0,0
VR4KJWRM4_5531-623-6043-1135,0,0,0,0,1,1,0,0,0
VR6N8AEXK_10010-676-10522-1188,0,0,0,0,1,1,0,0,0
VR6N8AEXK_11034-676-11546-1188,0,0,0,0,1,1,0,0,0
VR6N8AEXK_1005-631-1517-1143,0,0,0,0,1,1,0,0,0
VR6N8AEXK_10522-676-11034-1188,0,0,0,0,1,1,0,0,0
VR6N8AEXK_10314-5683-10826-6195,0,0,0,0,1,0,0,0,0
VR6N8AEXK_1218-4525-1730-5037,0,0,0,0,1,1,0,0,0
VR6N8AEXK_1517-631-2029-1143,0,0,0,0,1,1,0,0,0
VR6N8AEXK_1730-4525-2242-5037,0,0,0,0,1,1,0,0,0
VR6N8AEXK_2029-631-2541-1143,0,0,0,0,1,1,0,0,0
VR6N8AEXK_2242-4525-2754-5037,0,0,0,0,1,1,0,0,0
VR6N8AEXK_2754-4525-3266-5037,0,0,0,0,1,1,0,0,0
VR6N8AEXK_2900-617-3412-1129,0,0,0,0,1,1,0,0,0
VR6N8AEXK_4264-546-4776-1058,0,0,0,0,1,0,0,0,0
VR6N8AEXK_3778-4525-4290-5037,0,0,0,0,1,1,0,0,0
VR6N8AEXK_3266-4525-3778-5037,0,0,0,0,1,1,0,0,0
VR6N8AEXK_3565-631-4077-1143,0,0,0,0,1,1,0,0,0
VR6N8AEXK_4212-4506-4724-5018,0,0,0,0,1,1,0,0,0
VR6N8AEXK_2541-631-3053-1143,0,0,0,0,1,1,0,0,0
VR6N8AEXK_4589-631-5101-1143,0,0,0,0,1,1,0,0,0
VR6N8AEXK_4724-4506-5236-5018,0,0,0,0,1,1,0,0,0
VR6N8AEXK_5236-4506-5748-5018,0,0,0,0,1,1,0,0,0
VR6N8AEXK_5375-2070-5887-2582,0,0,0,0,1,0,0,0,0
VR6N8AEXK_5684-2372-6196-2884,0,0,0,0,1,0,0,0,0
VR6N8AEXK_5748-4506-6260-5018,0,0,0,0,1,1,0,0,0
VR6N8AEXK_5914-676-6426-1188,0,0,0,0,0,1,0,0,0
VR6N8AEXK_6009-2055-6521-2567,0,0,0,0,1,0,0,0,0
VR6N8AEXK_6212-2629-6724-3141,0,0,0,0,1,0,0,0,0
VR6N8AEXK_6502-2805-7014-3317,0,0,0,0,1,0,0,0,0
VR6N8AEXK_6587-8908-7099-9420,0,0,0,0,1,0,0,0,0
VR6N8AEXK_6457-4327-6969-4839,0,0,0,0,0,1,0,0,0
VR6N8AEXK_6463-7286-6975-7798,0,0,0,0,1,0,0,0,0
VR6N8AEXK_6426-676-6938-1188,0,0,0,0,1,1,0,0,0
VR6N8AEXK_6564-6168-7076-6680,0,0,1,0,1,0,0,0,0
VR6N8AEXK_6502-3317-7014-3829,0,0,0,0,1,0,0,0,0
VR6N8AEXK_6260-4506-6772-5018,0,0,0,0,1,1,0,0,0
VR6N8AEXK_6521-2055-7033-2567,0,0,0,0,1,0,0,0,0
VR6N8AEXK_6938-676-7450-1188,0,0,0,0,1,1,0,0,0
VR6N8AEXK_7104-2569-7616-3081,0,0,0,0,1,0,0,0,0
VR6N8AEXK_7142-8973-7654-9485,0,0,0,0,1,0,0,0,0
VR6N8AEXK_7121-6409-7633-6921,0,0,0,0,1,0,0,0,0
VR6N8AEXK_7104-3081-7616-3593,0,0,0,0,1,0,0,0,0
VR6N8AEXK_7616-3081-8128-3593,0,0,0,0,1,0,0,0,0
VR6N8AEXK_7616-2569-8128-3081,0,0,0,0,1,0,0,0,0
VR6N8AEXK_7300-3529-7812-4041,0,0,0,0,1,0,0,0,0
VR6N8AEXK_7450-676-7962-1188,0,0,0,0,1,1,0,0,0
VR6N8AEXK_7654-6387-8166-6899,0,0,0,0,1,1,0,0,0
VR6N8AEXK_7644-8849-8156-9361,0,0,0,0,1,0,0,0,0
VR6N8AEXK_7774-5887-8286-6399,0,0,0,0,0,1,0,0,0
VR6N8AEXK_7880-649-8392-1161,0,0,0,0,1,1,0,0,0
VR6N8AEXK_8474-676-8986-1188,0,0,0,0,1,1,0,0,0
VR6N8AEXK_8060-8845-8572-9357,0,0,0,0,1,0,0,0,0
VR6N8AEXK_8235-7619-8747-8131,0,0,0,0,1,0,0,0,0
VR6N8AEXK_7654-6899-8166-7411,0,0,0,0,1,1,0,0,0
VR6N8AEXK_836-1566-1348-2078,0,0,0,0,1,0,0,0,0
VR6N8AEXK_8750-5519-9262-6031,0,0,0,0,1,0,0,0,0
VR6N8AEXK_9498-676-10010-1188,0,0,0,0,1,1,0,0,0
VR6N8AEXK_9423-5644-9935-6156,0,0,0,0,1,0,0,0,0
VR6N8AEXK_8917-666-9429-1178,0,0,0,0,1,1,0,0,0
VR6N8AEXK_9935-5644-10447-6156,0,0,0,0,1,0,0,0,0
VR79EHB24_1603-1812-2115-2324,0,0,0,0,0,1,0,0,0
VR79EHB24_183-2641-695-3153,0,0,0,0,0,1,0,0,0
VR79EHB24_225-295-737-807,0,0,0,0,0,1,0,0,0
VR79EHB24_2526-982-3038-1494,0,0,0,0,0,1,0,0,0
VR9YAXL4P_5972-1299-6484-1811,0,0,0,0,0,0,1,0,0
VR79EHB24_5299-2847-5811-3359,0,0,0,0,0,1,0,0,0
VR79EHB24_2616-10421-3128-10933,0,0,0,0,0,1,0,0,0
VR79EHB24_5351-10412-5863-10924,0,0,0,0,0,1,0,0,0
VR79EHB24_5780-7529-6292-8041,0,0,0,0,0,1,0,0,0
VR9YAXL4P_7216-690-7728-1202,0,0,0,0,0,0,1,0,0
VR9YAXL4P_5363-1020-5875-1532,0,0,0,0,0,0,1,0,0
VTKFZ3ENG_6999-1241-7511-1753,0,0,0,0,0,0,1,0,0
VTKFZ3ENG_6999-1753-7511-2265,0,0,0,0,0,0,1,0,0
VTKFZ3ENG_6999-2265-7511-2777,0,0,0,0,0,0,1,0,0
VTKFZ3ENG_6999-2777-7511-3289,0,0,0,0,0,0,1,0,0
VTKFZ3ENG_6999-3289-7511-3801,0,0,0,0,0,0,1,0,0
VTKFZ3ENG_6999-4313-7511-4825,0,0,0,0,0,0,1,0,0
VTKFZ3ENG_6999-3801-7511-4313,0,0,0,0,0,0,1,0,0
VTKFZ3ENG_6999-729-7511-1241,0,0,0,0,0,0,1,0,0
VTKFZ3ENG_8023-4313-8535-4825,0,0,0,0,0,0,1,0,0
VTKFZ3ENG_7511-4313-8023-4825,0,0,0,0,0,0,1,0,0
VTKFZ3ENG_8023-4825-8535-5337,0,0,0,0,0,0,1,0,0
VTKFZ3ENG_8535-4825-9047-5337,0,0,0,0,0,0,1,0,0
VVGANF381_3077-426-3589-938,0,0,0,1,0,0,0,0,0
VVANPP7GH_8482-3388-8994-3900,0,0,0,0,0,0,0,0,1
VVGANF381_1115-5509-1627-6021,0,0,0,1,0,0,0,0,0
VVGANF381_3378-4384-3890-4896,0,0,0,1,0,0,0,0,0
VVGANF381_3378-4896-3890-5408,0,0,0,1,0,0,0,0,0
VVGANF381_1115-4997-1627-5509,0,0,0,1,0,0,0,0,0
VVGANF381_3589-426-4101-938,0,0,0,1,0,0,0,0,0
VVGANF381_3378-5408-3890-5920,0,0,0,1,0,0,0,0,0
VVGANF381_3890-5408-4402-5920,0,0,0,1,0,0,0,0,0
VVKK2FUU8_7295-2072-7807-2584,0,1,0,0,0,0,0,0,0
VVGANF381_3890-4384-4402-4896,0,0,0,1,0,0,0,0,0
VVKK2FUU8_10287-3067-10799-3579,0,1,0,0,0,0,0,0,0
VVGANF381_3890-4896-4402-5408,0,0,0,1,0,0,0,0,0
VVKK2FUU8_9775-3067-10287-3579,0,1,0,0,0,0,0,0,0
VVKK2FUU8_9592-3418-10104-3930,0,1,0,0,0,0,0,0,0
VVKK2FUU8_7807-2072-8319-2584,0,1,0,0,0,0,0,0,0
VVKZE1H6R_10103-8859-10615-9371,0,0,0,0,1,0,0,0,0
VVKZE1H6R_10618-5021-11130-5533,0,0,0,0,1,0,0,0,0
VVKZE1H6R_10391-8878-10903-9390,0,0,0,0,1,0,0,0,0
VVKK2FUU8_9833-1434-10345-1946,0,1,0,0,0,0,0,0,0
VVKZE1H6R_10721-1881-11233-2393,0,0,0,0,0,1,0,0,0
VVKZE1H6R_10903-8878-11415-9390,0,0,0,0,1,0,0,0,0
VVKZE1H6R_10329-5022-10841-5534,0,0,0,0,1,0,0,0,0
VVKZE1H6R_11130-5021-11642-5533,0,0,0,0,1,0,0,0,0
VVKZE1H6R_11405-6325-11917-6837,0,0,0,0,0,1,0,0,0
VVKZE1H6R_11336-8862-11848-9374,0,0,0,0,1,0,0,0,0
VVKZE1H6R_11646-6448-12158-6960,0,0,0,0,0,1,0,0,0
VVKZE1H6R_11428-1712-11940-2224,0,0,0,0,0,1,0,0,0
VVKZE1H6R_11782-8862-12294-9374,0,0,0,0,1,0,0,0,0
VVKZE1H6R_12041-5017-12553-5529,0,0,0,0,1,0,0,0,0
VVKZE1H6R_11529-5017-12041-5529,0,0,0,0,1,0,0,0,0
VVKZE1H6R_12685-8882-13197-9394,0,0,0,0,1,0,0,0,0
VVKZE1H6R_12361-5017-12873-5529,0,0,0,0,1,0,0,0,0
VVKZE1H6R_12249-8864-12761-9376,0,0,0,0,1,0,0,0,0
VVKZE1H6R_12806-5801-13318-6313,0,0,0,0,0,1,0,0,0
VVKZE1H6R_12873-5017-13385-5529,0,0,0,0,1,1,0,0,0
VVKZE1H6R_12818-6368-13330-6880,0,0,0,0,0,1,0,0,0
VVKZE1H6R_13132-5171-13644-5683,0,0,0,0,1,1,0,0,0
VVKZE1H6R_13764-1575-14276-2087,0,0,0,0,0,1,0,0,0
VVKZE1H6R_12806-5289-13318-5801,0,0,0,0,1,1,0,0,0
VVKZE1H6R_13378-5028-13890-5540,0,0,0,0,1,1,0,0,0
VVKZE1H6R_14276-1575-14788-2087,0,0,0,0,0,1,0,0,0
VVKZE1H6R_1473-1164-1985-1676,0,0,0,0,1,0,0,0,0
VVKZE1H6R_1473-1676-1985-2188,0,0,0,0,1,0,0,0,0
VVKZE1H6R_15300-1575-15812-2087,0,0,0,0,0,1,0,0,0
VVKZE1H6R_15812-1575-16324-2087,0,0,0,0,0,1,0,0,0
VVKZE1H6R_1483-4505-1995-5017,0,0,0,0,1,0,0,0,0
VVKZE1H6R_14788-1575-15300-2087,0,0,0,0,0,1,0,0,0
VVKZE1H6R_1483-5017-1995-5529,0,0,0,0,1,1,0,0,0
VVKZE1H6R_17126-1679-17638-2191,0,0,0,0,0,1,0,0,0
VVKZE1H6R_16614-1679-17126-2191,0,0,0,0,0,1,0,0,0
VVKZE1H6R_1675-2238-2187-2750,0,0,0,0,1,0,0,0,0
VVKZE1H6R_18118-4761-18630-5273,0,0,0,0,1,0,0,0,0
VVKZE1H6R_17638-1679-18150-2191,0,0,0,0,0,1,0,0,0
VVKZE1H6R_18141-3897-18653-4409,0,0,0,0,1,0,0,0,0
VVKZE1H6R_18062-2109-18574-2621,0,0,0,0,1,0,0,0,0
VVKZE1H6R_18155-3192-18667-3704,0,0,0,0,1,0,0,0,0
VVKZE1H6R_18141-4409-18653-4921,0,0,0,0,1,0,0,0,0
VVKZE1H6R_18166-2477-18678-2989,0,0,0,0,1,0,0,0,0
VVKZE1H6R_18188-5056-18700-5568,0,0,0,0,1,0,0,0,0
VVKZE1H6R_18222-1761-18734-2273,0,0,0,0,1,1,0,0,0
VVKZE1H6R_18320-1503-18832-2015,0,0,0,0,1,1,0,0,0
VVKZE1H6R_2084-1329-2596-1841,0,0,0,0,0,1,0,0,0
VVKZE1H6R_2125-2897-2637-3409,0,0,0,0,1,0,0,0,0
VVKZE1H6R_2354-3195-2866-3707,0,0,0,0,1,0,0,0,0
VVKZE1H6R_1995-5017-2507-5529,0,0,0,0,1,1,0,0,0
VVKZE1H6R_2507-5017-3019-5529,0,0,0,0,1,1,0,0,0
VVKZE1H6R_2840-2697-3352-3209,0,0,0,0,1,0,0,0,0
VVKZE1H6R_2593-1477-3105-1989,0,0,0,0,1,1,0,0,0
VVKZE1H6R_3019-5017-3531-5529,0,0,0,0,1,1,0,0,0
VVKZE1H6R_3105-1477-3617-1989,0,0,0,0,1,1,0,0,0
VVKZE1H6R_3531-5017-4043-5529,0,0,0,0,0,1,0,0,0
VVKZE1H6R_3307-3186-3819-3698,0,0,0,0,1,0,0,0,0
VVKZE1H6R_3324-4183-3836-4695,0,0,0,0,1,0,0,0,0
VVKZE1H6R_3617-1477-4129-1989,0,0,0,0,1,1,0,0,0
VVKZE1H6R_4129-1477-4641-1989,0,0,0,0,1,1,0,0,0
VVKZE1H6R_3776-3742-4288-4254,0,0,0,0,1,0,0,0,0
VVKZE1H6R_4348-5019-4860-5531,0,0,0,0,0,1,0,0,0
VVKZE1H6R_4208-4215-4720-4727,0,0,0,0,0,1,0,0,0
VVKZE1H6R_4342-3702-4854-4214,0,0,0,0,0,1,0,0,0
VVKZE1H6R_4656-3945-5168-4457,0,0,0,0,0,1,0,0,0
VVKZE1H6R_4787-4906-5299-5418,0,0,0,0,1,0,0,0,0
VVKZE1H6R_4687-3594-5199-4106,0,0,0,0,0,1,0,0,0
VVKZE1H6R_4641-1477-5153-1989,0,0,0,0,1,1,0,0,0
VVKZE1H6R_5153-1477-5665-1989,0,0,0,0,1,1,0,0,0
VVKZE1H6R_5199-3594-5711-4106,0,0,0,0,0,1,0,0,0
VVKZE1H6R_5594-4947-6106-5459,0,0,0,0,1,0,0,0,0
VVKZE1H6R_5168-3945-5680-4457,0,0,0,0,0,1,0,0,0
VVKZE1H6R_5680-3945-6192-4457,0,0,0,0,0,1,0,0,0
VVKZE1H6R_5299-4906-5811-5418,0,0,0,0,1,0,0,0,0
VVKZE1H6R_5665-1477-6177-1989,0,0,0,0,1,1,0,0,0
VVKZE1H6R_560-5089-1072-5601,0,0,0,0,0,1,0,0,0
VVKZE1H6R_6177-1477-6689-1989,0,0,0,0,1,1,0,0,0
VVKZE1H6R_5711-3594-6223-4106,0,0,0,0,0,1,0,0,0
VVKZE1H6R_6106-4947-6618-5459,0,0,0,0,1,0,0,0,0
VVKZE1H6R_659-635-1171-1147,0,0,0,0,0,1,0,0,0
VVKZE1H6R_648-1237-1160-1749,0,0,0,0,1,1,0,0,0
VVKZE1H6R_6517-1435-7029-1947,0,0,0,0,1,1,0,0,0
VVKZE1H6R_7442-4663-7954-5175,0,0,0,0,1,0,0,0,0
VVKZE1H6R_6879-4937-7391-5449,0,0,0,0,1,0,0,0,0
VVKZE1H6R_7201-1477-7713-1989,0,0,0,0,1,1,0,0,0
VVKZE1H6R_7713-1477-8225-1989,0,0,0,0,1,1,0,0,0
VVKZE1H6R_8526-8826-9038-9338,0,0,0,0,0,1,0,0,0
VVKZE1H6R_8643-2582-9155-3094,0,0,0,0,1,0,0,0,0
VVKZE1H6R_8642-4808-9154-5320,0,0,0,0,1,0,0,0,0
VVKZE1H6R_8658-4528-9170-5040,0,0,0,0,1,0,0,0,0
VVKZE1H6R_8568-6312-9080-6824,0,0,0,0,0,1,0,0,0
VVKZE1H6R_8658-4016-9170-4528,0,0,0,0,1,0,0,0,0
VVKZE1H6R_8643-3094-9155-3606,0,0,0,0,1,0,0,0,0
VVKZE1H6R_8665-2294-9177-2806,0,0,0,0,1,0,0,0,0
VVKZE1H6R_8656-3727-9168-4239,0,0,0,0,1,0,0,0,0
VVKZE1H6R_8674-3370-9186-3882,0,0,0,0,1,0,0,0,0
VVKZE1H6R_8685-1940-9197-2452,0,0,0,0,1,0,0,0,0
VVKZE1H6R_8714-1551-9226-2063,0,0,0,0,1,0,0,0,0
VVKZE1H6R_9273-8875-9785-9387,0,0,0,0,1,0,0,0,0
VVKZE1H6R_9038-6465-9550-6977,0,0,0,0,1,0,0,0,0
VVKZE1H6R_9493-6490-10005-7002,0,0,0,0,0,1,0,0,0
VVKZE1H6R_9525-4921-10037-5433,0,0,0,0,0,1,0,0,0
VVKZE1H6R_9591-8859-10103-9371,0,0,0,0,1,0,0,0,0
VVKZE1H6R_961-1164-1473-1676,0,0,0,0,1,1,0,0,0
VVNXRDXW9_4927-4788-5439-5300,0,0,0,0,0,0,1,0,0
VWN69VPZ3_1802-2057-2314-2569,0,0,1,0,0,1,0,0,0
VVKZE1H6R_9817-5022-10329-5534,0,0,0,0,1,1,0,0,0
VVNXRDXW9_5951-4788-6463-5300,0,0,0,0,0,0,1,0,0
VVKZE1H6R_961-1676-1473-2188,0,0,0,0,1,0,0,0,0
VVKZE1H6R_971-5017-1483-5529,0,0,0,0,1,1,0,0,0
VVNXRDXW9_5439-4788-5951-5300,0,0,0,0,0,0,1,0,0
VWN69VPZ3_1621-481-2133-993,0,0,1,0,0,1,0,0,0
VWN69VPZ3_1207-396-1719-908,0,0,1,0,0,1,0,0,0
VWN69VPZ3_183-396-695-908,0,0,1,0,0,1,0,0,0
VWN69VPZ3_183-908-695-1420,0,0,1,0,0,0,0,0,0
VWN69VPZ3_251-2175-763-2687,0,0,0,0,0,1,0,0,0
VWN69VPZ3_2133-481-2645-993,0,0,0,0,0,1,0,0,0
VWN69VPZ3_597-481-1109-993,0,0,1,0,0,1,0,0,0
VWN69VPZ3_1980-1342-2492-1854,0,0,1,0,0,0,0,0,0
VWN69VPZ3_2102-1981-2614-2493,0,0,1,0,0,1,0,0,0
VWWNDQPXK_1107-20664-1619-21176,0,0,0,0,1,1,0,0,0
VWWNDQPXK_1314-2317-1826-2829,0,0,0,0,0,1,0,0,0
VWWNDQPXK_1314-3853-1826-4365,0,0,0,0,0,1,0,0,0
VWWNDQPXK_1619-20664-2131-21176,0,0,0,0,1,1,0,0,0
VWWNDQPXK_1314-2829-1826-3341,0,0,0,0,0,1,0,0,0
VWWNDQPXK_1314-4365-1826-4877,0,0,0,0,0,1,0,0,0
VWWNDQPXK_1826-2317-2338-2829,0,0,0,0,1,1,0,0,0
VWWNDQPXK_1314-3341-1826-3853,0,0,0,0,0,1,0,0,0
VWWNDQPXK_2338-2317-2850-2829,0,0,0,0,1,1,0,0,0
VWWNDQPXK_2131-20664-2643-21176,0,0,0,0,1,1,0,0,0
VWWNDQPXK_2344-5925-2856-6437,0,0,0,0,1,0,0,0,0
VWWNDQPXK_2444-20667-2956-21179,0,0,0,0,1,1,0,0,0
VWWNDQPXK_3167-14431-3679-14943,0,0,0,0,0,1,0,0,0
VWWNDQPXK_2850-2317-3362-2829,0,0,0,0,1,1,0,0,0
VWWNDQPXK_2956-20667-3468-21179,0,0,0,0,1,1,0,0,0
VWWNDQPXK_3149-2467-3661-2979,0,0,0,0,1,1,0,0,0
VWWNDQPXK_3167-14943-3679-15455,0,0,0,0,0,1,0,0,0
VWWNDQPXK_2856-5925-3368-6437,0,0,0,0,1,0,0,0,0
VWWNDQPXK_3167-15455-3679-15967,0,0,0,0,0,1,0,0,0
VWWNDQPXK_3167-15967-3679-16479,0,0,0,0,0,1,0,0,0
VWWNDQPXK_3468-20667-3980-21179,0,0,0,0,1,1,0,0,0
VWWNDQPXK_3190-12544-3702-13056,0,0,0,0,0,1,0,0,0
VWWNDQPXK_3167-16991-3679-17503,0,0,0,0,0,1,0,0,0
VWWNDQPXK_3167-17503-3679-18015,0,0,0,0,0,1,0,0,0
VWWNDQPXK_3980-20667-4492-21179,0,0,0,0,1,1,0,0,0
VWWNDQPXK_3167-16479-3679-16991,0,0,0,0,0,1,0,0,0
VWWNDQPXK_4185-2245-4697-2757,0,0,0,0,0,1,0,0,0
VWWNDQPXK_3791-2176-4303-2688,0,0,0,0,0,1,0,0,0
VWWNDQPXK_4071-827-4583-1339,0,0,0,0,0,1,0,0,0
VWWNDQPXK_4342-928-4854-1440,0,0,0,0,1,1,0,0,0
VWWNDQPXK_4538-746-5050-1258,0,0,0,0,1,1,0,0,0
VWWNDQPXK_5196-890-5708-1402,0,0,0,0,1,1,0,0,0
VWWNDQPXK_4854-928-5366-1440,0,0,0,0,1,1,0,0,0
VWWNDQPXK_4456-20443-4968-20955,0,0,0,0,1,1,0,0,0
VWWNDQPXK_4769-20491-5281-21003,0,0,0,0,1,1,0,0,0
VWWNDQPXK_5281-20491-5793-21003,0,0,0,0,1,1,0,0,0
VWWNDQPXK_5708-890-6220-1402,0,0,0,0,1,1,0,0,0
VWWNDQPXK_6454-2263-6966-2775,0,0,0,0,0,1,0,0,0
VWWNDQPXK_6453-20515-6965-21027,0,0,0,0,1,1,0,0,0
VWWNDQPXK_5905-1026-6417-1538,0,0,0,0,1,1,0,0,0
VWWNDQPXK_6454-2775-6966-3287,0,0,0,0,0,1,0,0,0
VWWNDQPXK_6250-865-6762-1377,0,0,0,0,0,1,0,0,0
VWWNDQPXK_6566-17139-7078-17651,0,0,0,0,0,1,0,0,0
VWWNDQPXK_6566-18163-7078-18675,0,0,0,0,0,1,0,0,0
VWWNDQPXK_6566-17651-7078-18163,0,0,0,0,0,1,0,0,0
VWWNDQPXK_5941-20515-6453-21027,0,0,0,0,1,1,0,0,0
VWWNDQPXK_6566-16627-7078-17139,0,0,0,0,0,1,0,0,0
VWWNDQPXK_6566-19699-7078-20211,0,0,0,0,0,1,0,0,0
VWWNDQPXK_6581-11174-7093-11686,0,0,0,0,0,1,0,0,0
VWWNDQPXK_6581-11686-7093-12198,0,0,0,0,0,1,0,0,0
VWWNDQPXK_6566-18675-7078-19187,0,0,0,0,0,1,0,0,0
VWWNDQPXK_6566-19187-7078-19699,0,0,0,0,0,1,0,0,0
VWWNDQPXK_6566-20211-7078-20723,0,0,0,0,1,1,0,0,0
VWWNDQPXK_6581-12198-7093-12710,0,0,0,0,0,1,0,0,0
VWWNDQPXK_6581-12710-7093-13222,0,0,0,0,0,1,0,0,0
VZ19IDBZA_306-3178-818-3690,0,0,0,1,0,0,0,0,0
VZ19IDBZA_1693-2824-2205-3336,0,0,0,1,0,0,0,0,0
VWWNDQPXK_6581-13734-7093-14246,0,0,0,0,0,1,0,0,0
VZ19IDBZA_2440-2661-2952-3173,0,0,0,1,0,0,0,0,0
VWWNDQPXK_6762-865-7274-1377,0,0,0,0,0,1,0,0,0
VWWNDQPXK_6581-14758-7093-15270,0,0,0,0,0,1,0,0,0
VWWNDQPXK_865-2798-1377-3310,0,0,0,0,0,0,0,0,1
VWWNDQPXK_6581-14246-7093-14758,0,0,0,0,0,1,0,0,0
VWWNDQPXK_6581-13222-7093-13734,0,0,0,0,0,1,0,0,0
VWWNDQPXK_6965-20515-7477-21027,0,0,0,0,0,1,0,0,0
W1NRFWJUB_15954-5733-16466-6245,1,0,0,0,0,0,0,0,0
W17BGUZPX_3924-559-4436-1071,0,0,0,1,0,0,0,0,0
W1NRFWJUB_15766-1900-16278-2412,1,0,0,0,0,0,0,0,0
W1NRFWJUB_15954-5221-16466-5733,1,0,0,0,0,0,0,0,0
W1NRFWJUB_15954-4709-16466-5221,1,0,0,0,0,0,0,0,0
W1NRFWJUB_13773-1656-14285-2168,1,0,0,0,0,0,0,0,0
W1NRFWJUB_15954-6245-16466-6757,1,0,0,0,0,0,0,0,0
W1NRFWJUB_16424-3623-16936-4135,1,0,0,0,0,0,0,0,0
W1NRFWJUB_16424-3111-16936-3623,1,0,0,0,0,0,0,0,0
W1NRFWJUB_16424-4647-16936-5159,1,0,0,0,0,0,0,0,0
W1NRFWJUB_16424-4135-16936-4647,1,0,0,0,0,0,0,0,0
W1NRFWJUB_16466-5733-16978-6245,1,0,0,0,0,0,0,0,0
W1NRFWJUB_16466-5221-16978-5733,1,0,0,0,0,0,0,0,0
W1NRFWJUB_16936-2599-17448-3111,1,0,0,0,0,0,0,0,0
W1NRFWJUB_16936-3623-17448-4135,1,0,0,0,0,0,0,0,0
W1NRFWJUB_16936-4647-17448-5159,1,0,0,0,0,0,0,0,0
W1NRFWJUB_16936-4135-17448-4647,1,0,0,0,0,0,0,0,0
W1NRFWJUB_16466-6245-16978-6757,1,0,0,0,0,0,0,0,0
W1NRFWJUB_17448-2599-17960-3111,1,0,0,0,0,0,0,0,0
W1NRFWJUB_17960-2599-18472-3111,1,0,0,0,0,0,0,0,0
W1NRFWJUB_17448-3111-17960-3623,1,0,0,0,0,0,0,0,0
W1NRFWJUB_17960-2087-18472-2599,1,0,0,0,0,0,0,0,0
W1NRFWJUB_18472-2087-18984-2599,1,0,0,0,0,0,0,0,0
W1NRFWJUB_4446-6834-4958-7346,1,0,0,0,0,0,0,0,0
W1NRFWJUB_4958-6834-5470-7346,1,0,0,0,0,0,0,0,0
W1NRFWJUB_9355-5372-9867-5884,1,0,0,0,0,0,0,0,0
W1NRFWJUB_4958-7346-5470-7858,1,0,0,0,0,0,0,0,0
W1NRFWJUB_8843-5372-9355-5884,1,0,0,0,0,0,0,0,0
W1NRFWJUB_4446-7346-4958-7858,1,0,0,0,0,0,0,0,0
W26E1CPEK_10481-7886-10993-8398,0,0,0,0,0,0,1,0,0
W26E1CPEK_10993-7886-11505-8398,0,0,0,0,0,0,1,0,0
W26E1CPEK_11505-8398-12017-8910,0,0,0,0,0,0,1,0,0
W26E1CPEK_1255-8468-1767-8980,0,0,0,0,0,0,1,0,0
W26E1CPEK_10993-8398-11505-8910,0,0,0,0,0,0,1,0,0
W26E1CPEK_1255-7956-1767-8468,0,0,0,0,0,0,1,0,0
W26E1CPEK_1767-7956-2279-8468,0,0,0,0,0,0,1,0,0
W26E1CPEK_3303-7956-3815-8468,0,0,0,0,0,0,1,0,0
W26E1CPEK_2791-7956-3303-8468,0,0,0,0,0,0,1,0,0
W26E1CPEK_2279-7956-2791-8468,0,0,0,0,0,0,1,0,0
W26E1CPEK_3527-10632-4039-11144,0,1,0,0,0,0,0,0,0
W26E1CPEK_3527-10120-4039-10632,0,1,0,0,0,0,0,0,0
W26E1CPEK_3815-7956-4327-8468,0,0,0,0,0,0,1,0,0
W26E1CPEK_4551-11144-5063-11656,0,1,0,0,0,0,0,0,0
W26E1CPEK_4551-10120-5063-10632,0,1,0,0,0,0,0,0,0
W26E1CPEK_4039-11144-4551-11656,0,1,0,0,0,0,0,0,0
W26E1CPEK_5063-11144-5575-11656,0,1,0,0,0,0,0,0,0
W26E1CPEK_4039-10120-4551-10632,0,1,0,0,0,0,0,0,0
W26E1CPEK_4880-5828-5392-6340,0,1,0,0,0,0,0,0,0
W26E1CPEK_5063-10120-5575-10632,0,1,0,0,0,0,0,0,0
W26E1CPEK_5392-5828-5904-6340,0,1,0,0,0,0,0,0,0
W26E1CPEK_4327-7956-4839-8468,0,0,0,0,0,0,1,0,0
W26E1CPEK_4839-7956-5351-8468,0,0,0,0,0,0,1,0,0
W26E1CPEK_5351-7956-5863-8468,0,0,0,0,0,0,1,0,0
W26E1CPEK_5575-10120-6087-10632,0,1,0,0,0,0,0,0,0
W26E1CPEK_6375-7956-6887-8468,0,0,0,0,0,0,1,0,0
W26E1CPEK_5863-7956-6375-8468,0,0,0,0,0,0,1,0,0
W26E1CPEK_6087-11656-6599-12168,0,1,0,0,0,0,0,0,0
W26E1CPEK_6087-10120-6599-10632,0,1,0,0,0,0,0,0,0
W26E1CPEK_5575-11656-6087-12168,0,1,0,0,0,0,0,0,0
W26E1CPEK_5904-5828-6416-6340,0,1,0,0,0,0,0,0,0
W26E1CPEK_6599-11656-7111-12168,0,1,0,0,0,0,0,0,0
W26E1CPEK_7111-10120-7623-10632,0,1,0,0,0,0,0,0,0
W26E1CPEK_6928-5828-7440-6340,0,1,0,0,0,0,0,0,0
W26E1CPEK_743-8980-1255-9492,0,0,0,0,0,0,1,0,0
W26E1CPEK_7399-7956-7911-8468,0,0,0,0,0,0,1,0,0
W26E1CPEK_6416-5828-6928-6340,0,1,0,0,0,0,0,0,0
W26E1CPEK_7111-11656-7623-12168,0,1,0,0,0,0,0,0,0
W26E1CPEK_6599-10120-7111-10632,0,1,0,0,0,0,0,0,0
W26E1CPEK_7010-7727-7522-8239,0,0,0,0,0,0,1,0,0
W26E1CPEK_743-8468-1255-8980,0,0,0,0,0,0,1,0,0
W26E1CPEK_6887-7956-7399-8468,0,0,0,0,0,0,1,0,0
W26E1CPEK_7440-5828-7952-6340,0,1,0,0,0,0,0,0,0
W26E1CPEK_7952-5828-8464-6340,0,1,0,0,0,0,0,0,0
W26E1CPEK_7623-11656-8135-12168,0,1,0,0,0,0,0,0,0
W26E1CPEK_7471-9439-7983-9951,0,1,0,0,0,0,0,0,0
W26E1CPEK_7522-7727-8034-8239,0,0,0,0,0,0,1,0,0
W26E1CPEK_7623-10120-8135-10632,0,1,0,0,0,0,0,0,0
W26E1CPEK_7983-9439-8495-9951,0,1,0,0,0,0,0,0,0
W26E1CPEK_8135-10120-8647-10632,0,1,0,0,0,0,0,0,0
W26E1CPEK_8495-9951-9007-10463,0,1,0,0,0,0,0,0,0
W26E1CPEK_8647-10632-9159-11144,0,1,0,0,0,0,0,0,0
W26E1CPEK_8647-11144-9159-11656,0,1,0,0,0,0,0,0,0
W26E1CPEK_8135-11144-8647-11656,0,1,0,0,0,0,0,0,0
W26E1CPEK_8464-5828-8976-6340,0,1,0,0,0,0,0,0,0
W26E1CPEK_9457-7886-9969-8398,0,0,0,0,0,0,1,0,0
W26E1CPEK_9007-9439-9519-9951,0,1,0,0,0,0,0,0,0
W26E1CPEK_8976-5828-9488-6340,0,1,0,0,0,0,0,0,0
W26E1CPEK_8495-9439-9007-9951,0,1,0,0,0,0,0,0,0
W26E1CPEK_9007-9951-9519-10463,0,1,0,0,0,0,0,0,0
W26E1CPEK_9969-7886-10481-8398,0,0,0,0,0,0,1,0,0
W4MNM3MRB_1087-825-1599-1337,0,0,1,0,0,0,0,0,0
W4MNM3MRB_1590-4975-2102-5487,0,0,1,0,0,0,0,0,0
W4MNM3MRB_1744-1559-2256-2071,0,0,1,0,0,0,0,0,0
W4MNM3MRB_1352-1869-1864-2381,0,0,1,0,0,0,0,0,0
W4MNM3MRB_2390-899-2902-1411,0,0,1,0,0,0,0,0,0
W4MNM3MRB_590-1429-1102-1941,0,0,1,0,0,0,0,0,0
W4PMM2UKR_10509-1802-11021-2314,0,0,0,0,1,0,0,0,0
W4MNM3MRB_949-1521-1461-2033,0,0,1,0,0,0,0,0,0
W4PMM2UKR_1164-4991-1676-5503,0,0,0,0,0,1,0,0,0
W4PMM2UKR_10466-4282-10978-4794,0,0,0,0,1,1,0,0,0
W4PMM2UKR_10509-3921-11021-4433,0,0,0,0,1,1,0,0,0
W4PMM2UKR_11175-7492-11687-8004,0,0,1,0,0,1,0,0,0
W4PMM2UKR_10526-1113-11038-1625,0,0,0,0,1,0,0,0,0
W4PMM2UKR_10406-7346-10918-7858,0,0,0,0,0,1,0,0,0
W4PMM2UKR_10517-3213-11029-3725,0,0,0,0,1,0,0,0,0
W4PMM2UKR_10515-2510-11027-3022,0,0,0,0,1,0,0,0,0
W4PMM2UKR_11687-7492-12199-8004,0,0,1,0,0,1,0,0,0
W4PMM2UKR_12199-7492-12711-8004,0,0,1,0,0,1,0,0,0
W4PMM2UKR_12711-7492-13223-8004,0,0,1,0,0,1,0,0,0
W4PMM2UKR_13223-7492-13735-8004,0,0,1,0,0,1,0,0,0
W4PMM2UKR_14759-7492-15271-8004,0,0,0,0,0,1,0,0,0
W4PMM2UKR_14247-7492-14759-8004,0,0,0,0,0,1,0,0,0
W4PMM2UKR_13735-7492-14247-8004,0,0,1,0,0,1,0,0,0
W4PMM2UKR_15783-7492-16295-8004,0,0,0,0,0,1,0,0,0
W4PMM2UKR_16807-7492-17319-8004,0,0,0,0,0,1,0,0,0
W4PMM2UKR_15271-7492-15783-8004,0,0,0,0,0,1,0,0,0
W4PMM2UKR_16295-7492-16807-8004,0,0,0,0,0,1,0,0,0
W4PMM2UKR_17119-1329-17631-1841,0,0,0,0,1,0,0,0,0
W4PMM2UKR_17128-4042-17640-4554,0,0,0,0,1,0,0,0,0
W4PMM2UKR_17133-3356-17645-3868,0,0,0,0,1,0,0,0,0
W4PMM2UKR_17147-2667-17659-3179,0,0,0,0,1,0,0,0,0
W4PMM2UKR_17114-4732-17626-5244,0,0,1,0,1,1,0,0,0
W4PMM2UKR_17139-6484-17651-6996,0,0,0,0,1,1,0,0,0
W4PMM2UKR_17139-5972-17651-6484,0,0,0,0,1,1,0,0,0
W4PMM2UKR_17147-5449-17659-5961,0,0,0,0,1,0,0,0,0
W4PMM2UKR_3651-7393-4163-7905,0,0,0,0,0,1,0,0,0
W4PMM2UKR_17153-1991-17665-2503,0,0,0,0,1,0,0,0,0
W4PMM2UKR_4095-6144-4607-6656,0,0,0,0,0,1,0,0,0
W4PMM2UKR_2251-6105-2763-6617,0,0,0,0,1,0,0,0,0
W4PMM2UKR_17147-6788-17659-7300,0,0,0,0,1,1,0,0,0
W4PMM2UKR_17147-7300-17659-7812,0,0,0,0,1,1,0,0,0
W4PMM2UKR_4607-6656-5119-7168,0,0,0,0,1,1,0,0,0
W4PMM2UKR_4607-7168-5119-7680,0,0,1,0,1,1,0,0,0
W4PMM2UKR_4152-5345-4664-5857,0,0,0,0,0,1,0,0,0
W4PMM2UKR_4781-7344-5293-7856,0,0,1,0,1,1,0,0,0
W4PMM2UKR_4095-6656-4607-7168,0,0,0,0,0,1,0,0,0
W4PMM2UKR_4095-7168-4607-7680,0,0,0,0,1,0,0,0,0
W4PMM2UKR_5805-7344-6317-7856,0,0,1,0,0,1,0,0,0
W4PMM2UKR_5293-7344-5805-7856,0,0,1,0,0,0,0,0,0
W4PMM2UKR_657-4030-1169-4542,0,0,0,0,0,1,0,0,0
W4PMM2UKR_6317-7344-6829-7856,0,0,1,0,0,1,0,0,0
W4PMM2UKR_6977-4190-7489-4702,0,0,0,0,0,1,0,0,0
W4PMM2UKR_6829-7344-7341-7856,0,0,1,0,0,1,0,0,0
W4PMM2UKR_7853-7344-8365-7856,0,0,1,0,0,1,0,0,0
W4PMM2UKR_737-6483-1249-6995,0,0,0,0,1,0,0,0,0
W4PMM2UKR_746-5796-1258-6308,0,0,0,0,1,0,0,0,0
W4PMM2UKR_7341-7344-7853-7856,0,0,1,0,0,1,0,0,0
W4PMM2UKR_8365-7344-8877-7856,0,0,1,0,0,1,0,0,0
W4PMM2UKR_782-4981-1294-5493,0,0,0,0,0,1,0,0,0
W4PMM2UKR_8877-7344-9389-7856,0,0,1,0,0,1,0,0,0
W4VWLIVHE_1386-1581-1898-2093,0,0,1,0,0,0,0,0,0
W4PMM2UKR_9901-7344-10413-7856,0,0,1,0,0,1,0,0,0
W4VWLIVHE_1261-7977-1773-8489,0,0,1,0,0,0,0,0,0
W4PMM2UKR_9389-7344-9901-7856,0,0,1,0,0,1,0,0,0
W4VWLIVHE_1490-449-2002-961,0,0,1,0,0,0,0,0,0
W4VWLIVHE_1763-7964-2275-8476,0,0,1,0,0,0,0,0,0
W4VWLIVHE_1737-558-2249-1070,0,0,1,0,0,0,0,0,0
W4VWLIVHE_1913-779-2425-1291,0,0,1,0,0,0,0,0,0
W4VWLIVHE_1523-8034-2035-8546,0,0,1,0,0,0,0,0,0
W4VWLIVHE_1923-1424-2435-1936,0,0,1,0,0,0,0,0,0
W4VWLIVHE_2011-8112-2523-8624,0,0,1,0,0,0,0,0,0
W4VWLIVHE_2056-7808-2568-8320,0,0,1,0,0,0,0,0,0
W4VWLIVHE_2716-2391-3228-2903,0,0,1,0,0,0,0,0,0
W4VWLIVHE_3259-8083-3771-8595,0,0,1,0,0,0,0,0,0
W4VWLIVHE_2643-1984-3155-2496,0,0,1,0,0,0,0,0,0
W4VWLIVHE_3487-3213-3999-3725,0,0,1,0,0,0,0,0,0
W4VWLIVHE_3278-7679-3790-8191,0,0,1,0,0,0,0,0,0
W4VWLIVHE_3528-4034-4040-4546,0,0,1,0,0,0,0,0,0
W4VWLIVHE_3663-3017-4175-3529,0,0,1,0,0,0,0,0,0
W4VWLIVHE_3884-7853-4396-8365,0,0,1,0,0,0,0,0,0
W4VWLIVHE_3528-3522-4040-4034,0,0,1,0,0,0,0,0,0
W4VWLIVHE_714-1622-1226-2134,0,0,1,0,0,0,0,0,0
W4VWLIVHE_507-1990-1019-2502,0,0,1,0,0,0,0,0,0
W4VWLIVHE_648-1353-1160-1865,0,0,1,0,0,0,0,0,0
W6KFDP1TW_3298-1325-3810-1837,0,0,0,0,0,0,1,0,0
W6KFDP1TW_3810-1325-4322-1837,0,0,0,0,0,0,1,0,0
W4VWLIVHE_781-2002-1293-2514,0,0,1,0,0,0,0,0,0
W6KFDP1TW_4322-1325-4834-1837,0,0,0,0,0,0,1,0,0
W6KFDP1TW_4322-1837-4834-2349,0,0,0,0,0,0,1,0,0
W6KFDP1TW_4322-2349-4834-2861,0,0,0,0,0,0,1,0,0
W6KFDP1TW_5346-3373-5858-3885,0,0,0,0,0,0,1,0,0
W6KFDP1TW_4322-2861-4834-3373,0,0,0,0,0,0,1,0,0
W6KFDP1TW_4834-2861-5346-3373,0,0,0,0,0,0,1,0,0
W6KFDP1TW_4834-3373-5346-3885,0,0,0,0,0,0,1,0,0
W6KFDP1TW_5346-2861-5858-3373,0,0,0,0,0,0,1,0,0
W6KFDP1TW_6370-3373-6882-3885,0,0,0,0,0,0,1,0,0
W6KFDP1TW_5858-2861-6370-3373,0,0,0,0,0,0,1,0,0
W6KFDP1TW_7394-3373-7906-3885,0,0,0,0,0,0,1,0,0
W6YN2HWKX_1217-11559-1729-12071,0,0,0,1,0,0,0,0,0
W6KFDP1TW_5858-3373-6370-3885,0,0,0,0,0,0,1,0,0
W6YN2HWKX_1217-11047-1729-11559,0,0,0,1,0,0,0,0,0
W6KFDP1TW_6882-3373-7394-3885,0,0,0,0,0,0,1,0,0
W6KFDP1TW_7906-3373-8418-3885,0,0,0,0,0,0,1,0,0
W6YN2HWKX_1217-10535-1729-11047,0,0,0,1,0,0,0,0,0
W6YN2HWKX_1217-12071-1729-12583,0,0,0,1,0,0,0,0,0
W6YN2HWKX_1918-10715-2430-11227,0,0,0,1,0,0,0,0,0
W6YN2HWKX_1918-11227-2430-11739,0,0,0,1,0,0,0,0,0
W6YN2HWKX_2640-10529-3152-11041,0,0,0,1,0,0,0,0,0
W6YN2HWKX_2128-10529-2640-11041,0,0,0,1,0,0,0,0,0
W6YN2HWKX_2128-11041-2640-11553,0,0,0,1,0,0,0,0,0
W6YN2HWKX_2128-11553-2640-12065,0,0,0,1,0,0,0,0,0
W6YN2HWKX_2640-11041-3152-11553,0,0,0,1,0,0,0,0,0
W6YN2HWKX_2640-11553-3152-12065,0,0,0,1,0,0,0,0,0
W87KGQL7T_350-2357-862-2869,0,0,1,0,0,0,0,0,0
W87KGQL7T_2812-2571-3324-3083,0,0,1,0,0,0,0,0,0
W6YN2HWKX_3152-11041-3664-11553,0,0,0,1,0,0,0,0,0
W6YN2HWKX_4025-3620-4537-4132,0,0,0,1,0,0,0,0,0
W6YN2HWKX_3152-11553-3664-12065,0,0,0,1,0,0,0,0,0
W87KGQL7T_2749-3256-3261-3768,0,0,1,0,0,0,0,0,0
W6YN2HWKX_4025-4132-4537-4644,0,0,0,1,0,0,0,0,0
W87KGQL7T_3656-3404-4168-3916,0,0,1,0,0,0,0,0,0
W87KGQL7T_1626-2413-2138-2925,0,0,1,0,0,0,0,0,0
W87KGQL7T_3385-3417-3897-3929,0,0,1,0,0,0,0,0,0
W87KGQL7T_4092-3399-4604-3911,0,0,1,0,0,0,0,0,0
W87KGQL7T_454-490-966-1002,0,0,1,0,0,0,0,0,0
W87KGQL7T_5892-3335-6404-3847,0,0,1,0,0,0,0,0,0
W87KGQL7T_6604-2637-7116-3149,0,0,1,0,0,0,0,0,0
W87KGQL7T_4653-3377-5165-3889,0,0,1,0,0,0,0,0,0
W87KGQL7T_4807-1525-5319-2037,0,0,1,0,0,0,0,0,0
W87KGQL7T_6542-3020-7054-3532,0,0,1,0,0,0,0,0,0
W8U3ABI4F_6345-1744-6857-2256,1,0,0,0,0,0,0,0,0
W87KGQL7T_888-2468-1400-2980,0,0,1,0,0,0,0,0,0
W8U3ABI4F_5516-623-6028-1135,1,0,0,0,0,0,0,0,0
W8U3ABI4F_5004-623-5516-1135,1,0,0,0,0,0,0,0,0
W8U3ABI4F_6364-1334-6876-1846,1,0,0,0,0,0,0,0,0
W8U3ABI4F_6103-807-6615-1319,1,0,0,0,0,0,0,0,0
W8U3ABI4F_7998-10004-8510-10516,1,0,0,0,0,0,0,0,0
W8U3ABI4F_7133-1189-7645-1701,1,0,0,0,0,0,0,0,0
W8U3ABI4F_7998-10516-8510-11028,1,0,0,0,0,0,0,0,0
W8U3ABI4F_8321-541-8833-1053,1,0,0,0,0,0,0,0,0
W8U3ABI4F_7141-1720-7653-2232,1,0,0,0,0,0,0,0,0
W8U3ABI4F_8510-10516-9022-11028,1,0,0,0,0,0,0,0,0
W8U3ABI4F_8510-10004-9022-10516,1,0,0,0,0,0,0,0,0
W8U3ABI4F_8881-5286-9393-5798,1,0,0,0,0,0,0,0,0
W8U3ABI4F_8837-2372-9349-2884,1,0,0,0,0,0,0,0,0
W8U3ABI4F_8785-539-9297-1051,1,0,0,0,0,0,0,0,0
W8U3ABI4F_8881-5798-9393-6310,1,0,0,0,0,0,0,0,0
W8U3ABI4F_9022-10516-9534-11028,1,0,0,0,0,0,0,0,0
W8U3ABI4F_9726-2239-10238-2751,1,0,0,0,0,0,0,0,0
W8U3ABI4F_9297-539-9809-1051,1,0,0,0,0,0,0,0,0
W8U3ABI4F_9393-5798-9905-6310,1,0,0,0,0,0,0,0,0
W8U3ABI4F_9903-3863-10415-4375,1,0,0,0,0,0,0,0,0
W8U3ABI4F_9349-2372-9861-2884,1,0,0,0,0,0,0,0,0
W8U3ABI4F_9393-5286-9905-5798,1,0,0,0,0,0,0,0,0
W8U3ABI4F_9905-5286-10417-5798,1,0,0,0,0,0,0,0,0
W8U3ABI4F_9905-5798-10417-6310,1,0,0,0,0,0,0,0,0
W8U3ABI4F_9905-6310-10417-6822,1,0,0,0,0,0,0,0,0
W8X33RQYQ_1323-5059-1835-5571,0,0,1,0,0,0,0,0,0
W8U3ABI4F_9903-4375-10415-4887,1,0,0,0,0,0,0,0,0
W8X33RQYQ_1330-1170-1842-1682,0,0,1,0,0,0,0,0,0
W8X33RQYQ_1473-4412-1985-4924,0,0,1,0,0,0,0,0,0
W8X33RQYQ_171-3848-683-4360,0,0,1,0,0,0,0,0,0
W8X33RQYQ_1641-316-2153-828,0,0,1,0,0,0,0,0,0
W8X33RQYQ_1692-4607-2204-5119,0,0,1,0,0,0,0,0,0
W8X33RQYQ_171-3336-683-3848,0,0,1,0,0,0,0,0,0
W8X33RQYQ_171-4360-683-4872,0,0,1,0,0,0,0,0,0
W8X33RQYQ_1937-412-2449-924,0,0,1,0,0,0,0,0,0
W8X33RQYQ_1929-4371-2441-4883,0,0,1,0,0,0,0,0,0
W8X33RQYQ_171-4872-683-5384,0,0,1,0,0,0,0,0,0
W8X33RQYQ_1973-3976-2485-4488,0,0,1,0,0,0,0,0,0
W8X33RQYQ_2160-3793-2672-4305,0,0,1,0,0,0,0,0,0
W8X33RQYQ_1761-4848-2273-5360,0,0,1,0,0,0,0,0,0
W8X33RQYQ_2168-4227-2680-4739,0,0,1,0,0,0,0,0,0
W8X33RQYQ_241-1850-753-2362,0,0,1,0,0,0,0,0,0
W8X33RQYQ_2202-4861-2714-5373,0,0,1,0,0,0,0,0,0
W8X33RQYQ_2347-5059-2859-5571,0,0,1,0,0,0,0,0,0
W8X33RQYQ_241-2362-753-2874,0,0,1,0,0,0,0,0,0
W8X33RQYQ_2449-412-2961-924,0,0,1,0,0,0,0,0,0
W8X33RQYQ_2428-4434-2940-4946,0,0,1,0,0,0,0,0,0
W8X33RQYQ_2859-5059-3371-5571,0,0,1,0,0,0,0,0,0
W8X33RQYQ_2618-3601-3130-4113,0,0,1,0,0,0,0,0,0
W8X33RQYQ_258-1459-770-1971,0,0,1,0,0,0,0,0,0
W8X33RQYQ_2715-617-3227-1129,0,0,1,0,0,0,0,0,0
W8X33RQYQ_2875-3530-3387-4042,0,0,1,0,0,0,0,0,0
W8X33RQYQ_2875-4042-3387-4554,0,0,1,0,0,0,0,0,0
W8X33RQYQ_3373-2976-3885-3488,0,0,1,0,0,0,0,0,0
W8X33RQYQ_3373-1952-3885-2464,0,0,1,0,0,0,0,0,0
W8X33RQYQ_2894-2874-3406-3386,0,0,1,0,0,0,0,0,0
W8X33RQYQ_2961-412-3473-924,0,0,1,0,0,0,0,0,0
W8X33RQYQ_3089-3260-3601-3772,0,0,1,0,0,0,0,0,0
W8X33RQYQ_3373-2464-3885-2976,0,0,1,0,0,0,0,0,0
W8X33RQYQ_3170-3773-3682-4285,0,0,1,0,0,0,0,0,0
W8X33RQYQ_3373-3488-3885-4000,0,0,1,0,0,0,0,0,0
W8X33RQYQ_3373-4000-3885-4512,0,0,1,0,0,0,0,0,0
W8X33RQYQ_3373-4512-3885-5024,0,0,1,0,0,0,0,0,0
W8X33RQYQ_3373-928-3885-1440,0,0,1,0,0,0,0,0,0
W8X33RQYQ_3373-5024-3885-5536,0,0,1,0,0,0,0,0,0
W8X33RQYQ_3440-1207-3952-1719,0,0,1,0,0,0,0,0,0
W8X33RQYQ_3481-1630-3993-2142,0,0,1,0,0,0,0,0,0
W8X33RQYQ_3473-412-3985-924,0,0,1,0,0,0,0,0,0
W8X33RQYQ_3791-351-4303-863,0,0,1,0,0,0,0,0,0
W8X33RQYQ_3885-4512-4397-5024,0,0,1,0,0,0,0,0,0
W8X33RQYQ_387-287-899-799,0,0,1,0,0,0,0,0,0
W8X33RQYQ_4303-863-4815-1375,0,0,1,0,0,0,0,0,0
W8X33RQYQ_3885-2976-4397-3488,0,0,1,0,0,0,0,0,0
W8X33RQYQ_4397-2464-4909-2976,0,0,1,0,0,0,0,0,0
W8X33RQYQ_3885-2464-4397-2976,0,0,1,0,0,0,0,0,0
W8X33RQYQ_3885-1952-4397-2464,0,0,1,0,0,0,0,0,0
W8X33RQYQ_3885-5024-4397-5536,0,0,1,0,0,0,0,0,0
W8X33RQYQ_4303-351-4815-863,0,0,1,0,0,0,0,0,0
W8X33RQYQ_4052-1565-4564-2077,0,0,1,0,0,0,0,0,0
W8X33RQYQ_4397-2976-4909-3488,0,0,1,0,0,0,0,0,0
W8X33RQYQ_4397-4512-4909-5024,0,0,1,0,0,0,0,0,0
W8X33RQYQ_4397-5024-4909-5536,0,0,1,0,0,0,0,0,0
W8X33RQYQ_447-5070-959-5582,0,0,1,0,0,0,0,0,0
W8X33RQYQ_4543-1374-5055-1886,0,0,1,0,0,0,0,0,0
W8X33RQYQ_4815-351-5327-863,0,0,1,0,0,0,0,0,0
W8X33RQYQ_4616-747-5128-1259,0,0,1,0,0,0,0,0,0
W8X33RQYQ_4543-1886-5055-2398,0,0,1,0,0,0,0,0,0
W8X33RQYQ_4909-2976-5421-3488,0,0,1,0,0,0,0,0,0
W8X33RQYQ_4909-3488-5421-4000,0,0,1,0,0,0,0,0,0
W8X33RQYQ_5040-638-5552-1150,0,0,1,0,0,0,0,0,0
W8X33RQYQ_4909-2464-5421-2976,0,0,1,0,0,0,0,0,0
W8X33RQYQ_4909-1440-5421-1952,0,0,1,0,0,0,0,0,0
W8X33RQYQ_4909-4512-5421-5024,0,0,1,0,0,0,0,0,0
W8X33RQYQ_4909-928-5421-1440,0,0,1,0,0,0,0,0,0
W8X33RQYQ_4909-5024-5421-5536,0,0,1,0,0,0,0,0,0
W8X33RQYQ_4909-4000-5421-4512,0,0,1,0,0,0,0,0,0
W8X33RQYQ_4909-1952-5421-2464,0,0,1,0,0,0,0,0,0
W8X33RQYQ_899-287-1411-799,0,0,1,0,0,0,0,0,0
W8X33RQYQ_884-5093-1396-5605,0,0,1,0,0,0,0,0,0
W8YE3MK71_1151-2515-1663-3027,0,1,0,0,0,0,0,0,0
W8YE3MK71_1970-2029-2482-2541,0,1,0,0,0,0,0,0,0
W8YE3MK71_2482-2029-2994-2541,0,1,0,0,0,0,0,0,0
W8YE3MK71_3511-2486-4023-2998,0,1,0,0,0,0,0,0,0
W8YE3MK71_3408-4185-3920-4697,0,1,0,0,0,0,0,0,0
W8YE3MK71_3613-3061-4125-3573,0,1,0,0,0,0,0,0,0
W8YE3MK71_4084-1886-4596-2398,0,1,0,0,0,0,0,0,0
W8YE3MK71_3920-4185-4432-4697,0,1,0,0,0,0,0,0,0
W8YE3MK71_905-1288-1417-1800,0,1,0,0,0,0,0,0,0
W8YE3MK71_853-1538-1365-2050,0,1,0,0,0,0,0,0,0
W8YE3MK71_925-2350-1437-2862,0,1,0,0,0,0,0,0,0
W8YE3MK71_925-1838-1437-2350,0,1,0,0,0,0,0,0,0
W8YE3MK71_4087-1137-4599-1649,0,1,0,0,0,0,0,0,1
W8YE3MK71_4131-3070-4643-3582,0,1,0,0,0,0,0,0,0
W8YE3MK71_780-1081-1292-1593,0,1,0,0,0,0,0,0,0
W8YE3MK71_4154-3348-4666-3860,0,1,0,0,0,0,0,0,1
W9CEC76LA_1531-2720-2043-3232,1,0,0,0,0,0,0,0,0
W9CEC76LA_1531-3232-2043-3744,1,0,0,0,0,0,0,0,0
W9CEC76LA_1868-1360-2380-1872,1,0,0,0,0,0,0,0,0
W9CEC76LA_2005-2107-2517-2619,1,0,0,0,0,0,0,0,0
W9CEC76LA_2043-3232-2555-3744,1,0,0,0,0,0,0,0,0
W9CEC76LA_2043-2720-2555-3232,1,0,0,0,0,0,0,0,0
W9CEC76LA_2043-3744-2555-4256,1,0,0,0,0,0,0,0,0
W9CEC76LA_2338-3265-2850-3777,1,0,0,0,0,0,0,0,0
W9CEC76LA_2380-1360-2892-1872,1,0,0,0,0,0,0,0,0
W9CEC76LA_2759-1783-3271-2295,1,0,0,0,0,0,0,0,0
W9CEC76LA_2517-2107-3029-2619,1,0,0,0,0,0,0,0,0
W9CEC76LA_2338-3777-2850-4289,1,0,0,0,0,0,0,0,0
W9CEC76LA_2517-2619-3029-3131,1,0,0,0,0,0,0,0,0
W9CEC76LA_2797-1334-3309-1846,1,0,0,0,0,0,0,0,0
W9CEC76LA_2759-2295-3271-2807,1,0,0,0,0,0,0,0,0
W9CEC76LA_3309-1334-3821-1846,1,0,0,0,0,0,0,0,0
W9CEC76LA_3271-1783-3783-2295,1,0,0,0,0,0,0,0,0
W9CEC76LA_3271-2295-3783-2807,1,0,0,0,0,0,0,0,0
W9CEC76LA_3632-2041-4144-2553,1,0,0,0,0,0,0,0,0
W9CEC76LA_3309-822-3821-1334,1,0,0,0,0,0,0,0,0
W9CEC76LA_3666-1267-4178-1779,1,0,0,0,0,0,0,0,0
W9CEC76LA_3666-1779-4178-2291,1,0,0,0,0,0,0,0,0
W9CEC76LA_4144-2553-4656-3065,1,0,0,0,0,0,0,0,0
W9CEC76LA_4144-2041-4656-2553,1,0,0,0,0,0,0,0,0
W9CEC76LA_4178-1267-4690-1779,1,0,0,0,0,0,0,0,0
W9CEC76LA_4178-1779-4690-2291,1,0,0,0,0,0,0,0,0
W9CEC76LA_5149-1705-5661-2217,1,0,0,0,0,0,0,0,0
W9CEC76LA_5566-2044-6078-2556,1,0,0,0,0,0,0,0,0
W9CEC76LA_4637-1193-5149-1705,1,0,0,0,0,0,0,0,0
W9CEC76LA_5566-3068-6078-3580,1,0,0,0,0,0,0,0,0
W9CEC76LA_6270-4317-6782-4829,1,0,0,0,0,0,0,0,0
W9CEC76LA_5149-1193-5661-1705,1,0,0,0,0,0,0,0,0
W9CEC76LA_6270-3805-6782-4317,1,0,0,0,0,0,0,0,0
W9CEC76LA_5566-2556-6078-3068,1,0,0,0,0,0,0,0,0
W9CEC76LA_5758-3293-6270-3805,1,0,0,0,0,0,0,0,0
W9CEC76LA_5758-3805-6270-4317,1,0,0,0,0,0,0,0,0
WAII8IL3P_4398-513-4910-1025,0,1,0,0,0,0,0,0,0
WAII8IL3P_4182-818-4694-1330,0,1,0,0,0,0,0,0,0
WAII8IL3P_4694-818-5206-1330,0,1,0,0,0,0,0,0,0
WAII8IL3P_4910-513-5422-1025,0,1,0,0,0,0,0,0,0
WAII8IL3P_5422-513-5934-1025,0,1,0,0,0,0,0,0,0
WAII8IL3P_5206-818-5718-1330,0,1,0,0,0,0,0,0,0
WAII8IL3P_5813-608-6325-1120,0,1,0,0,0,0,0,0,0
WAII8IL3P_6325-608-6837-1120,0,1,0,0,0,0,0,0,0
WAZWY3CRH_10137-1231-10649-1743,0,0,0,0,1,1,0,0,0
WAII8IL3P_8166-730-8678-1242,0,1,0,0,0,0,0,0,0
WAII8IL3P_7325-809-7837-1321,0,1,0,0,0,0,0,0,0
WAII8IL3P_7837-809-8349-1321,0,1,0,0,0,0,0,0,0
WAII8IL3P_6837-608-7349-1120,0,1,0,0,0,0,0,0,0
WAZWY3CRH_10156-1581-10668-2093,0,0,0,0,1,1,0,0,0
WAZWY3CRH_10163-3279-10675-3791,0,0,1,0,0,1,0,0,0
WAZWY3CRH_10163-3791-10675-4303,0,0,1,0,1,1,0,0,0
WAZWY3CRH_10163-2767-10675-3279,0,0,1,0,0,1,0,0,0
WAZWY3CRH_10238-1861-10750-2373,0,0,0,0,1,1,0,0,0
WAZWY3CRH_10263-507-10775-1019,0,0,0,0,0,1,0,0,0
WAZWY3CRH_10269-4055-10781-4567,0,0,0,0,1,1,0,0,0
WAZWY3CRH_10288-2243-10800-2755,0,0,0,0,0,1,0,0,0
WAZWY3CRH_3403-3746-3915-4258,0,0,1,0,0,0,0,0,0
WAZWY3CRH_2140-3754-2652-4266,0,0,1,0,0,0,0,0,0
WAZWY3CRH_4191-961-4703-1473,0,0,0,0,0,1,0,0,0
WAZWY3CRH_3809-622-4321-1134,0,0,1,0,0,1,0,0,0
WAZWY3CRH_3679-961-4191-1473,0,0,0,0,0,1,0,0,0
WAZWY3CRH_4669-3745-5181-4257,0,0,1,0,0,0,0,0,0
WAZWY3CRH_4703-961-5215-1473,0,0,0,0,0,1,0,0,0
WAZWY3CRH_5350-1427-5862-1939,0,0,1,0,0,1,0,0,0
WAZWY3CRH_5081-656-5593-1168,0,0,0,0,0,1,0,0,0
WAZWY3CRH_5509-1129-6021-1641,0,0,1,0,0,1,0,0,0
WAZWY3CRH_5593-656-6105-1168,0,0,0,0,0,1,0,0,0
WAZWY3CRH_5862-1939-6374-2451,0,0,0,0,0,1,0,0,0
WAZWY3CRH_5215-961-5727-1473,0,0,1,0,0,1,0,0,0
WAZWY3CRH_553-526-1065-1038,0,0,0,0,1,1,0,0,0
WAZWY3CRH_5709-1311-6221-1823,0,0,1,0,0,1,0,0,0
WAZWY3CRH_6374-1939-6886-2451,0,0,0,0,0,1,0,0,0
WAZWY3CRH_6168-3755-6680-4267,0,0,1,0,0,1,0,0,0
WAZWY3CRH_6886-1939-7398-2451,0,0,0,0,0,1,0,0,0
WAZWY3CRH_663-1289-1175-1801,0,0,0,0,1,1,0,0,0
WAZWY3CRH_6680-3755-7192-4267,0,0,0,0,0,1,0,0,0
WAZWY3CRH_754-1810-1266-2322,0,0,0,0,0,1,0,0,0
WAZWY3CRH_7192-3755-7704-4267,0,0,1,0,0,1,0,0,0
WAZWY3CRH_732-777-1244-1289,0,0,0,0,1,1,0,0,0
WAZWY3CRH_8328-3755-8840-4267,0,0,1,0,0,1,0,0,0
WAZWY3CRH_7704-3755-8216-4267,0,0,1,0,0,1,0,0,0
WAZWY3CRH_846-3423-1358-3935,0,0,0,0,1,1,0,0,0
WAZWY3CRH_815-2299-1327-2811,0,0,0,0,1,1,0,0,0
WAZWY3CRH_8842-2283-9354-2795,0,0,1,0,0,0,0,0,0
WAZWY3CRH_8330-2283-8842-2795,0,0,1,0,0,0,0,0,0
WAZWY3CRH_8840-3755-9352-4267,0,0,1,0,0,1,0,0,0
WAZWY3CRH_862-3805-1374-4317,0,0,0,0,1,1,0,0,0
WAZWY3CRH_9354-2283-9866-2795,0,0,1,0,0,0,0,0,0
WAZWY3CRH_9352-3755-9864-4267,0,0,1,0,0,1,0,0,0
WAZWY3CRH_952-2611-1464-3123,0,0,0,0,1,1,0,0,0
WAZWY3CRH_959-2953-1471-3465,0,0,0,0,0,1,0,0,0
WCKJLTWCH_1745-1493-2257-2005,0,0,0,0,0,1,0,0,0
WAZWY3CRH_9864-3755-10376-4267,0,0,1,0,1,1,0,0,0
WCKJLTWCH_1724-568-2236-1080,0,0,0,0,0,1,0,0,0
WCKJLTWCH_1093-4077-1605-4589,0,0,0,0,0,0,0,0,1
WCKJLTWCH_2836-1875-3348-2387,0,0,0,0,0,1,0,0,1
WCKJLTWCH_3051-1608-3563-2120,0,0,0,0,0,1,0,0,1
WCKJLTWCH_5326-535-5838-1047,0,0,0,0,0,1,0,0,0
WCKJLTWCH_5211-2770-5723-3282,0,0,0,0,0,1,0,0,1
WCKJLTWCH_4205-4100-4717-4612,0,0,0,0,0,1,0,0,0
WCKJLTWCH_5148-4006-5660-4518,0,0,0,0,0,0,0,0,1
WCKJLTWCH_4752-3990-5264-4502,0,0,0,0,0,0,0,0,1
WCKJLTWCH_5514-2778-6026-3290,0,0,0,0,0,1,0,0,1
WCKJLTWCH_4016-3475-4528-3987,0,0,0,0,0,1,0,0,1
WCKJLTWCH_5272-1054-5784-1566,0,0,0,0,0,1,0,0,1
WDGJC67Q9_572-637-1084-1149,0,0,0,0,0,0,0,0,1
WCKJLTWCH_5526-1280-6038-1792,0,0,0,0,0,1,0,0,1
WDLK38Q98_1127-4175-1639-4687,1,0,0,0,0,0,0,0,0
WDGJC67Q9_8297-602-8809-1114,0,0,0,0,0,0,0,0,1
WDLK38Q98_1127-4687-1639-5199,1,0,0,0,0,0,0,0,0
WDLK38Q98_1254-810-1766-1322,1,0,0,0,0,0,0,0,0
WDLK38Q98_1462-1853-1974-2365,1,0,0,0,0,0,0,0,0
WDLK38Q98_1208-5561-1720-6073,1,0,0,0,0,0,0,0,0
WDLK38Q98_1315-4896-1827-5408,1,0,0,0,0,0,0,0,0
WDLK38Q98_1254-298-1766-810,1,0,0,0,0,0,0,0,0
WDLK38Q98_1720-5049-2232-5561,1,0,0,0,0,0,0,0,0
WDLK38Q98_1766-810-2278-1322,1,0,0,0,0,0,0,0,0
WDLK38Q98_1720-5561-2232-6073,1,0,0,0,0,0,0,0,0
WDLK38Q98_1462-2365-1974-2877,1,0,0,0,0,0,0,0,0
WDLK38Q98_1462-3389-1974-3901,1,0,0,0,0,0,0,0,0
WDLK38Q98_1831-1652-2343-2164,1,0,0,0,0,0,0,0,0
WDLK38Q98_1462-2877-1974-3389,1,0,0,0,0,0,0,0,0
WDLK38Q98_1791-4675-2303-5187,1,0,0,0,0,0,0,0,0
WDLK38Q98_1831-2676-2343-3188,1,0,0,0,0,0,0,0,0
WDLK38Q98_1831-2164-2343-2676,1,0,0,0,0,0,0,0,0
WDLK38Q98_188-726-700-1238,1,0,0,0,0,0,0,0,0
WDLK38Q98_2232-5049-2744-5561,1,0,0,0,0,0,0,0,0
WDLK38Q98_2278-1322-2790-1834,1,0,0,0,0,0,0,0,0
WDLK38Q98_2232-5561-2744-6073,1,0,0,0,0,0,0,0,0
WDLK38Q98_2278-810-2790-1322,1,0,0,0,0,0,0,0,0
WDLK38Q98_2239-4094-2751-4606,1,0,0,0,0,0,0,0,0
WDLK38Q98_2239-3582-2751-4094,1,0,0,0,0,0,0,0,0
WDLK38Q98_2278-298-2790-810,1,0,0,0,0,0,0,0,0
WDLK38Q98_2751-4606-3263-5118,1,0,0,0,0,0,0,0,0
WDLK38Q98_2343-2676-2855-3188,1,0,0,0,0,0,0,0,0
WDLK38Q98_2343-2164-2855-2676,1,0,0,0,0,0,0,0,0
WDLK38Q98_2727-1771-3239-2283,1,0,0,0,0,0,0,0,0
WDLK38Q98_2751-3582-3263-4094,1,0,0,0,0,0,0,0,0
WDLK38Q98_2343-1652-2855-2164,1,0,0,0,0,0,0,0,0
WDLK38Q98_2790-1322-3302-1834,1,0,0,0,0,0,0,0,0
WDLK38Q98_2751-4094-3263-4606,1,0,0,0,0,0,0,0,0
WDLK38Q98_2790-298-3302-810,1,0,0,0,0,0,0,0,0
WDLK38Q98_2790-810-3302-1322,1,0,0,0,0,0,0,0,0
WDLK38Q98_2855-2164-3367-2676,1,0,0,0,0,0,0,0,0
WDLK38Q98_2837-5376-3349-5888,1,0,0,0,0,0,0,0,0
WDLK38Q98_2855-2676-3367-3188,1,0,0,0,0,0,0,0,0
WDLK38Q98_3119-5602-3631-6114,1,0,0,0,0,0,0,0,0
WDLK38Q98_3239-1771-3751-2283,1,0,0,0,0,0,0,0,0
WDLK38Q98_3152-3817-3664-4329,1,0,0,0,0,0,0,0,0
WDLK38Q98_3239-2795-3751-3307,1,0,0,0,0,0,0,0,0
WDLK38Q98_3239-2283-3751-2795,1,0,0,0,0,0,0,0,0
WDLK38Q98_3546-5371-4058-5883,1,0,0,0,0,0,0,0,0
WDLK38Q98_3263-4606-3775-5118,1,0,0,0,0,0,0,0,0
WDLK38Q98_3527-2820-4039-3332,1,0,0,0,0,0,0,0,0
WDLK38Q98_3263-3582-3775-4094,1,0,0,0,0,0,0,0,0
WDLK38Q98_3302-1322-3814-1834,1,0,0,0,0,0,0,0,0
WDLK38Q98_3263-4094-3775-4606,1,0,0,0,0,0,0,0,0
WDLK38Q98_329-4870-841-5382,1,0,0,0,0,0,0,0,0
WDLK38Q98_3421-920-3933-1432,1,0,0,0,0,0,0,0,0
WDLK38Q98_3664-3817-4176-4329,1,0,0,0,0,0,0,0,0
WDLK38Q98_3760-435-4272-947,1,0,0,0,0,0,0,0,0
WDLK38Q98_3842-4396-4354-4908,1,0,0,0,0,0,0,0,0
WDLK38Q98_3775-4094-4287-4606,1,0,0,0,0,0,0,0,0
WDLK38Q98_3775-3582-4287-4094,1,0,0,0,0,0,0,0,0
WDLK38Q98_3784-2073-4296-2585,1,0,0,0,0,0,0,0,0
WDLK38Q98_3784-2585-4296-3097,1,0,0,0,0,0,0,0,0
WDLK38Q98_3933-920-4445-1432,1,0,0,0,0,0,0,0,0
WDLK38Q98_3959-1495-4471-2007,1,0,0,0,0,0,0,0,0
WDLK38Q98_4058-3958-4570-4470,1,0,0,0,0,0,0,0,0
WDLK38Q98_4058-4982-4570-5494,1,0,0,0,0,0,0,0,0
WDLK38Q98_4080-2210-4592-2722,1,0,0,0,0,0,0,0,0
WDLK38Q98_4058-5371-4570-5883,1,0,0,0,0,0,0,0,0
WDLK38Q98_4354-3884-4866-4396,1,0,0,0,0,0,0,0,0
WDLK38Q98_4354-4396-4866-4908,1,0,0,0,0,0,0,0,0
WDLK38Q98_4354-3372-4866-3884,1,0,0,0,0,0,0,0,0
WDLK38Q98_438-1853-950-2365,1,0,0,0,0,0,0,0,0
WDLK38Q98_4080-2722-4592-3234,1,0,0,0,0,0,0,0,0
WDLK38Q98_438-2877-950-3389,1,0,0,0,0,0,0,0,0
WDLK38Q98_438-2365-950-2877,1,0,0,0,0,0,0,0,0
WDLK38Q98_438-3389-950-3901,1,0,0,0,0,0,0,0,0
WDLK38Q98_4570-4982-5082-5494,1,0,0,0,0,0,0,0,0
WDLK38Q98_457-4585-969-5097,1,0,0,0,0,0,0,0,0
WDLK38Q98_4445-920-4957-1432,1,0,0,0,0,0,0,0,0
WDLK38Q98_4592-2210-5104-2722,1,0,0,0,0,0,0,0,0
WDLK38Q98_4592-2722-5104-3234,1,0,0,0,0,0,0,0,0
WDLK38Q98_4570-5494-5082-6006,1,0,0,0,0,0,0,0,0
WDLK38Q98_4789-650-5301-1162,1,0,0,0,0,0,0,0,0
WDLK38Q98_4642-1182-5154-1694,1,0,0,0,0,0,0,0,0
WDLK38Q98_4859-3051-5371-3563,1,0,0,0,0,0,0,0,0
WDLK38Q98_4642-1694-5154-2206,1,0,0,0,0,0,0,0,0
WDLK38Q98_4866-4908-5378-5420,1,0,0,0,0,0,0,0,0
WDLK38Q98_5082-4470-5594-4982,1,0,0,0,0,0,0,0,0
WDLK38Q98_4859-3563-5371-4075,1,0,0,0,0,0,0,0,0
WDLK38Q98_5082-3958-5594-4470,1,0,0,0,0,0,0,0,0
WDLK38Q98_5038-739-5550-1251,1,0,0,0,0,0,0,0,0
WDLK38Q98_5104-2722-5616-3234,1,0,0,0,0,0,0,0,0
WDLK38Q98_5104-2210-5616-2722,1,0,0,0,0,0,0,0,0
WDLK38Q98_5114-5498-5626-6010,1,0,0,0,0,0,0,0,0
WDLK38Q98_5258-4995-5770-5507,1,0,0,0,0,0,0,0,0
WDLK38Q98_5594-3958-6106-4470,1,0,0,0,0,0,0,0,0
WDLK38Q98_5594-4982-6106-5494,1,0,0,0,0,0,0,0,0
WDLK38Q98_5594-4470-6106-4982,1,0,0,0,0,0,0,0,0
WDLK38Q98_542-1468-1054-1980,1,0,0,0,0,0,0,0,0
WDLK38Q98_615-4175-1127-4687,1,0,0,0,0,0,0,0,0
WFLCT8Z27_1187-13589-1699-14101,0,0,0,0,0,0,1,0,0
WDLK38Q98_950-1853-1462-2365,1,0,0,0,0,0,0,0,0
WDLK38Q98_723-5620-1235-6132,1,0,0,0,0,0,0,0,0
WEZI3PT8I_7432-889-7944-1401,0,0,0,0,0,1,0,0,0
WDLK38Q98_950-3389-1462-3901,1,0,0,0,0,0,0,0,0
WFLCT8Z27_1187-14101-1699-14613,0,0,0,0,0,0,1,0,0
WEZI3PT8I_6402-902-6914-1414,0,0,0,0,0,1,0,0,0
WEZI3PT8I_6982-2110-7494-2622,0,0,0,0,0,1,0,0,0
WEZI3PT8I_4554-702-5066-1214,0,0,0,0,0,1,0,0,0
WFLCT8Z27_1187-14613-1699-15125,0,0,0,0,0,0,1,0,0
WFLCT8Z27_1219-4466-1731-4978,0,0,0,0,0,0,1,0,0
WFLCT8Z27_1450-9739-1962-10251,0,0,0,0,0,0,1,0,0
WFLCT8Z27_1357-13389-1869-13901,0,0,0,0,0,0,1,0,0
WFLCT8Z27_1962-9739-2474-10251,0,0,0,0,0,0,1,0,0
WFLCT8Z27_1731-4466-2243-4978,0,0,0,0,0,0,1,0,0
WFLCT8Z27_1699-13589-2211-14101,0,0,0,0,0,0,1,0,0
WFLCT8Z27_1357-12877-1869-13389,0,0,0,0,0,0,1,0,0
WFLCT8Z27_2005-17438-2517-17950,0,0,0,0,0,0,1,0,0
WFLCT8Z27_2235-3722-2747-4234,0,0,0,0,0,0,1,0,0
WFLCT8Z27_2123-1018-2635-1530,0,0,0,0,0,0,1,0,0
WFLCT8Z27_2123-1530-2635-2042,0,0,0,0,0,0,1,0,0
WFLCT8Z27_2123-506-2635-1018,0,0,0,0,0,0,1,0,0
WFLCT8Z27_2474-9739-2986-10251,0,0,0,0,0,0,1,0,0
WFLCT8Z27_2235-4234-2747-4746,0,0,0,0,0,0,1,0,0
WFLCT8Z27_2517-16926-3029-17438,0,0,0,0,0,0,1,0,0
WFLCT8Z27_2517-17438-3029-17950,0,0,0,0,0,0,1,0,0
WFLCT8Z27_2123-2042-2635-2554,0,0,0,0,0,0,1,0,0
WFLCT8Z27_2635-3066-3147-3578,0,0,0,0,0,0,1,0,0
WFLCT8Z27_2635-2042-3147-2554,0,0,0,0,0,0,1,0,0
WFLCT8Z27_2747-2698-3259-3210,0,0,0,0,0,0,1,0,0
WFLCT8Z27_2747-3722-3259-4234,0,0,0,0,0,0,1,0,0
WFLCT8Z27_3267-4978-3779-5490,0,0,0,0,0,0,1,0,0
WFLCT8Z27_3029-16926-3541-17438,0,0,0,0,0,0,1,0,0
WFLCT8Z27_3405-11992-3917-12504,0,0,0,0,0,0,1,0,0
WFLCT8Z27_2986-9739-3498-10251,0,0,0,0,0,0,1,0,0
WFLCT8Z27_2755-4466-3267-4978,0,0,0,0,0,0,1,0,0
WFLCT8Z27_4053-16414-4565-16926,0,0,0,0,0,0,1,0,0
WFLCT8Z27_3779-4978-4291-5490,0,0,0,0,0,0,1,0,0
WFLCT8Z27_3541-16414-4053-16926,0,0,0,0,0,0,1,0,0
WFLCT8Z27_3405-12504-3917-13016,0,0,0,0,0,0,1,0,0
WFLCT8Z27_3541-16926-4053-17438,0,0,0,0,0,0,1,0,0
WFLCT8Z27_4010-9739-4522-10251,0,0,0,0,0,0,1,0,0
WFLCT8Z27_4479-5222-4991-5734,0,0,0,0,0,0,1,0,0
WFLCT8Z27_3498-9739-4010-10251,0,0,0,0,0,0,1,0,0
WFLCT8Z27_4291-4978-4803-5490,0,0,0,0,0,0,1,0,0
WFLCT8Z27_4522-9739-5034-10251,0,0,0,0,0,0,1,0,0
WFLCT8Z27_4991-5222-5503-5734,0,0,0,0,0,0,1,0,0
WFLCT8Z27_6529-5679-7041-6191,0,0,0,0,0,0,1,0,0
WFLCT8Z27_707-4466-1219-4978,0,0,0,0,0,0,1,0,0
WFLCT8Z27_7553-7215-8065-7727,0,0,0,0,0,0,1,0,0
WFLCT8Z27_7041-6191-7553-6703,0,0,0,0,0,0,1,0,0
WFLCT8Z27_7553-6703-8065-7215,0,0,0,0,0,0,1,0,0
WFLCT8Z27_6686-15470-7198-15982,0,0,0,0,0,0,1,0,0
WFLCT8Z27_7041-5679-7553-6191,0,0,0,0,0,0,1,0,0
WFLCT8Z27_938-9739-1450-10251,0,0,0,0,0,0,1,0,0
WH7EAF7YX_1434-5424-1946-5936,0,0,0,0,0,0,1,0,0
WFLCT8Z27_845-12877-1357-13389,0,0,0,0,0,0,1,0,0
WGNM6EZ77_5401-3186-5913-3698,0,0,0,1,0,0,0,0,0
WFLCT8Z27_845-12365-1357-12877,0,0,0,0,0,0,1,0,0
WGNM6EZ77_4889-3186-5401-3698,0,0,0,1,0,0,0,0,0
WH7EAF7YX_3382-5286-3894-5798,0,0,0,0,0,0,1,0,0
WGNM6EZ77_1631-1685-2143-2197,0,0,0,1,0,0,0,0,0
WH7EAF7YX_2870-4774-3382-5286,0,0,0,0,0,0,1,0,0
WH7EAF7YX_3583-4306-4095-4818,0,0,0,0,0,0,1,0,0
WH7EAF7YX_3894-5286-4406-5798,0,0,0,0,0,0,1,0,0
WH7EAF7YX_4095-4306-4607-4818,0,0,0,0,0,0,1,0,0
WH7EAF7YX_3894-5798-4406-6310,0,0,0,0,0,0,1,0,0
WH8KHXIV1_5765-2818-6277-3330,0,1,0,0,0,0,0,0,0
WH8KHXIV1_1216-2173-1728-2685,0,1,0,0,0,0,0,0,0
WH8KHXIV1_9159-3726-9671-4238,0,1,0,0,0,0,0,0,0
WH7EAF7YX_4095-4818-4607-5330,0,0,0,0,0,0,1,0,0
WHMVN3CUI_1690-6362-2202-6874,0,1,0,0,0,0,0,0,0
WHMVN3CUI_1132-8342-1644-8854,0,1,0,0,0,0,0,0,0
WHMVN3CUI_1271-7863-1783-8375,0,1,0,0,0,0,0,0,0
WHMVN3CUI_1854-8373-2366-8885,0,1,0,0,0,0,0,0,0
WHMVN3CUI_1690-6874-2202-7386,0,1,0,0,0,0,0,0,0
WHMVN3CUI_3539-6235-4051-6747,0,1,0,0,0,0,0,0,0
WHMVN3CUI_1401-5740-1913-6252,0,1,0,0,0,0,0,0,0
WHMVN3CUI_1535-7184-2047-7696,0,1,0,0,0,0,0,0,0
WHMVN3CUI_3817-5097-4329-5609,0,1,0,0,0,0,0,0,0
WHMVN3CUI_3817-5609-4329-6121,0,1,0,0,0,0,0,0,0
WHMVN3CUI_4058-5760-4570-6272,0,1,0,0,0,0,0,0,0
WHMVN3CUI_4500-6177-5012-6689,0,1,0,0,0,0,0,0,0
WHMVN3CUI_4563-8034-5075-8546,0,1,0,0,0,0,0,0,0
WHMVN3CUI_4570-5760-5082-6272,0,1,0,0,0,0,0,0,0
WIHN46GM2_1393-302-1905-814,0,0,0,0,1,0,0,0,0
WHMVN3CUI_915-8181-1427-8693,0,1,0,0,0,0,0,0,0
WIHN46GM2_1105-5359-1617-5871,0,0,0,0,1,0,0,0,0
WIHN46GM2_1309-7690-1821-8202,0,0,0,0,1,0,0,0,0
WIHN46GM2_2314-7666-2826-8178,0,0,0,0,1,0,0,0,0
WIHN46GM2_2694-5425-3206-5937,0,0,0,0,1,0,0,0,0
WIHN46GM2_2267-186-2779-698,0,0,0,0,1,0,0,0,0
WIHN46GM2_3277-7268-3789-7780,0,0,0,0,1,0,0,0,0
WIHN46GM2_1716-7671-2228-8183,0,0,0,0,1,0,0,0,0
WIHN46GM2_3273-5462-3785-5974,0,0,0,0,1,0,0,0,0
WIHN46GM2_3226-2069-3738-2581,0,0,0,0,1,0,0,0,0
WIHN46GM2_3742-5484-4254-5996,0,0,0,0,1,0,0,0,0
WIHN46GM2_3730-5893-4242-6405,0,0,0,0,1,0,0,0,0
WIHN46GM2_384-5874-896-6386,0,0,0,0,1,0,0,0,0
WIHN46GM2_4126-189-4638-701,0,0,0,0,1,0,0,0,0
WIHN46GM2_3933-456-4445-968,0,0,0,0,1,0,0,0,0
WIHN46GM2_3892-1656-4404-2168,0,0,0,0,1,0,0,0,0
WIHN46GM2_4592-181-5104-693,0,0,0,0,1,0,0,0,0
WIHN46GM2_4428-1181-4940-1693,0,0,0,0,1,0,0,0,0
WIHN46GM2_4719-1261-5231-1773,0,0,0,0,1,0,0,0,0
WIHN46GM2_438-291-950-803,0,0,0,0,1,0,0,0,0
WIHN46GM2_4658-693-5170-1205,0,0,0,0,1,0,0,0,0
WIHN46GM2_7168-211-7680-723,0,0,0,0,1,0,0,0,0
WIJZGCQKG_1478-5050-1990-5562,0,1,0,0,0,0,0,0,0
WIHN46GM2_5822-171-6334-683,0,0,0,0,1,0,0,0,0
WIHN46GM2_876-300-1388-812,0,0,0,0,1,0,0,0,0
WIHN46GM2_506-5340-1018-5852,0,0,0,0,1,0,0,0,0
WIHN46GM2_5193-178-5705-690,0,0,0,0,1,0,0,0,0
WIHN46GM2_7833-182-8345-694,0,0,0,0,1,0,0,0,0
WIJZGCQKG_1549-9324-2061-9836,0,1,0,0,0,0,0,0,0
WIJZGCQKG_1478-5562-1990-6074,0,1,0,0,0,0,0,0,0
WIJZGCQKG_1549-9836-2061-10348,0,1,0,0,0,0,0,0,0
WIJZGCQKG_1872-9859-2384-10371,0,1,0,0,0,0,0,0,0
WIJZGCQKG_3669-687-4181-1199,0,1,0,0,0,0,0,0,0
WIJZGCQKG_3669-1199-4181-1711,0,1,0,0,0,0,0,0,0
WIJZGCQKG_4181-687-4693-1199,0,1,0,0,0,0,0,0,0
WIJZGCQKG_4454-4133-4966-4645,0,1,0,0,0,0,0,0,0
WIJZGCQKG_2384-9859-2896-10371,0,1,0,0,0,0,0,0,0
WIJZGCQKG_4181-1199-4693-1711,0,1,0,0,0,0,0,0,0
WIJZGCQKG_4454-4645-4966-5157,0,1,0,0,0,0,0,0,0
WIJZGCQKG_4631-2567-5143-3079,0,1,0,0,0,0,0,0,0
WIJZGCQKG_4966-4645-5478-5157,0,1,0,0,0,0,0,0,0
WIJZGCQKG_4693-687-5205-1199,0,1,0,0,0,0,0,0,0
WIJZGCQKG_4631-2055-5143-2567,0,1,0,0,0,0,0,0,0
WIJZGCQKG_4631-1543-5143-2055,0,1,0,0,0,0,0,0,0
WIJZGCQKG_4966-4133-5478-4645,0,1,0,0,0,0,0,0,0
WIJZGCQKG_4631-1031-5143-1543,0,1,0,0,0,0,0,0,0
WIJZGCQKG_5143-2567-5655-3079,0,1,0,0,0,0,0,0,0
WIJZGCQKG_5143-1543-5655-2055,0,1,0,0,0,0,0,0,0
WIJZGCQKG_5655-1031-6167-1543,0,1,0,0,0,0,0,0,0
WIJZGCQKG_5655-2055-6167-2567,0,1,0,0,0,0,0,0,0
WIJZGCQKG_6167-1543-6679-2055,0,1,0,0,0,0,0,0,0
WIJZGCQKG_5655-1543-6167-2055,0,1,0,0,0,0,0,0,0
WIJZGCQKG_6170-3243-6682-3755,0,1,0,0,0,0,0,0,0
WIJZGCQKG_966-5562-1478-6074,0,1,0,0,0,0,0,0,0
WIJZGCQKG_6167-2055-6679-2567,0,1,0,0,0,0,0,0,0
WIJZGCQKG_966-5050-1478-5562,0,1,0,0,0,0,0,0,0
WIVVETMAY_4247-1529-4759-2041,0,0,0,1,0,0,0,0,0
WIU3JJFI6_3021-1250-3533-1762,0,0,0,0,0,0,1,0,0
WIVVETMAY_4247-505-4759-1017,0,0,0,1,0,0,0,0,0
WIVVETMAY_4759-1529-5271-2041,0,0,0,1,0,0,0,0,0
WIU3JJFI6_3533-1250-4045-1762,0,0,0,0,0,0,1,0,0
WIVVETMAY_4247-2041-4759-2553,0,0,0,1,0,0,0,0,0
WIVVETMAY_4759-1017-5271-1529,0,0,0,1,0,0,0,0,0
WIVVETMAY_4247-1017-4759-1529,0,0,0,1,0,0,0,0,0
WIVVETMAY_4759-2553-5271-3065,0,0,0,1,0,0,0,0,0
WIVVETMAY_4759-2041-5271-2553,0,0,0,1,0,0,0,0,0
WIVVETMAY_4759-505-5271-1017,0,0,0,1,0,0,0,0,0
WIVVETMAY_5084-724-5596-1236,0,0,0,1,0,0,0,0,0
WIVVETMAY_5084-2260-5596-2772,0,0,0,1,0,0,0,0,0
WIVVETMAY_5084-1748-5596-2260,0,0,0,1,0,0,0,0,0
WIVVETMAY_5596-1748-6108-2260,0,0,0,1,0,0,0,0,0
WIVVETMAY_5220-363-5732-875,0,0,0,1,0,0,0,0,0
WIVVETMAY_5596-1236-6108-1748,0,0,0,1,0,0,0,0,0
WIVVETMAY_5596-2260-6108-2772,0,0,0,1,0,0,0,0,0
WIVVETMAY_6244-363-6756-875,0,0,0,1,0,0,0,0,0
WJU9GPDEV_2150-2736-2662-3248,0,0,0,0,0,1,0,0,0
WIVVETMAY_6108-724-6620-1236,0,0,0,1,0,0,0,0,0
WJU9GPDEV_2167-6786-2679-7298,0,0,0,0,0,1,0,0,0
WJPEB2E6A_2779-8193-3291-8705,0,0,0,0,0,0,0,0,1
WIVVETMAY_6108-1236-6620-1748,0,0,0,1,0,0,0,0,0
WJPEB2E6A_8368-8347-8880-8859,0,0,0,0,0,0,0,0,1
WIVVETMAY_5732-363-6244-875,0,0,0,1,0,0,0,0,0
WJU9GPDEV_2567-6797-3079-7309,0,0,0,0,0,1,0,0,0
WJU9GPDEV_2844-4731-3356-5243,0,0,0,0,0,0,0,0,1
WJU9GPDEV_5594-1300-6106-1812,0,0,1,0,0,0,0,0,0
WJZJEE14I_1351-4180-1863-4692,0,0,1,0,0,0,0,0,0
WJZJEE14I_1723-1999-2235-2511,0,0,1,0,0,0,0,0,0
WJZJEE14I_1021-4723-1533-5235,0,0,1,0,0,0,0,0,0
WJZJEE14I_1467-1644-1979-2156,0,0,1,0,0,0,0,0,0
WJZJEE14I_1740-2802-2252-3314,0,0,1,0,0,0,0,0,0
WJZJEE14I_1805-4580-2317-5092,0,0,1,0,0,0,0,0,0
WJZJEE14I_1575-4458-2087-4970,0,0,1,0,0,0,0,0,0
WJZJEE14I_2034-2010-2546-2522,0,0,1,0,0,0,0,0,0
WJZJEE14I_1855-4127-2367-4639,0,0,1,0,0,0,0,0,0
WJZJEE14I_1838-3707-2350-4219,0,0,1,0,0,0,0,0,0
WJZJEE14I_2161-2813-2673-3325,0,0,1,0,0,0,0,0,0
WJZJEE14I_2013-1551-2525-2063,0,0,1,0,0,0,0,0,0
WJZJEE14I_2123-4401-2635-4913,0,0,1,0,0,0,0,0,0
WJZJEE14I_1881-1778-2393-2290,0,0,1,0,0,0,0,0,0
WJZJEE14I_2000-3084-2512-3596,0,0,1,0,0,0,0,0,0
WJZJEE14I_2234-3848-2746-4360,0,0,1,0,0,0,0,0,0
WJZJEE14I_2314-1470-2826-1982,0,0,1,0,0,0,0,0,0
WJZJEE14I_2314-4677-2826-5189,0,0,1,0,0,0,0,0,0
WJZJEE14I_2314-4165-2826-4677,0,0,1,0,0,0,0,0,0
WJZJEE14I_2826-4677-3338-5189,0,0,1,0,0,0,0,0,0
WJZJEE14I_2826-3141-3338-3653,0,0,1,0,0,0,0,0,0
WJZJEE14I_2414-3478-2926-3990,0,0,1,0,0,0,0,0,0
WJZJEE14I_2435-1883-2947-2395,0,0,1,0,0,0,0,0,0
WJZJEE14I_2529-4019-3041-4531,0,0,1,0,0,0,0,0,0
WJZJEE14I_2542-3043-3054-3555,0,0,1,0,0,0,0,0,0
WJZJEE14I_3059-3631-3571-4143,0,0,1,0,0,0,0,0,0
WJZJEE14I_3059-4143-3571-4655,0,0,1,0,0,0,0,0,0
WJZJEE14I_2946-2195-3458-2707,0,0,1,0,0,0,0,0,0
WJZJEE14I_2922-1839-3434-2351,0,0,1,0,0,0,0,0,0
WJZJEE14I_2871-570-3383-1082,0,0,1,0,0,0,0,0,0
WJZJEE14I_2956-2767-3468-3279,0,0,1,0,0,0,0,0,0
WJZJEE14I_2923-1526-3435-2038,0,0,1,0,0,0,0,0,0
WJZJEE14I_2826-5189-3338-5701,0,0,1,0,0,0,0,0,0
WJZJEE14I_3149-3889-3661-4401,0,0,1,0,0,0,0,0,0
WJZJEE14I_3090-3247-3602-3759,0,0,1,0,0,0,0,0,0
WJZJEE14I_3338-4677-3850-5189,0,0,1,0,0,0,0,0,0
WJZJEE14I_3338-3653-3850-4165,0,0,1,0,0,0,0,0,0
WJZJEE14I_3338-4165-3850-4677,0,0,1,0,0,0,0,0,0
WJZJEE14I_3338-3141-3850-3653,0,0,1,0,0,0,0,0,0
WJZJEE14I_3178-2623-3690-3135,0,0,1,0,0,0,0,0,0
WJZJEE14I_3338-5189-3850-5701,0,0,1,0,0,0,0,0,0
WJZJEE14I_3444-608-3956-1120,0,0,1,0,0,0,0,0,0
WJZJEE14I_3467-1415-3979-1927,0,0,1,0,0,0,0,0,0
WJZJEE14I_3784-4283-4296-4795,0,0,1,0,0,0,0,0,0
WJZJEE14I_3538-4392-4050-4904,0,0,1,0,0,0,0,0,0
WJZJEE14I_3611-4838-4123-5350,0,0,1,0,0,0,0,0,0
WJZJEE14I_3599-7120-4111-7632,0,0,1,0,0,0,0,0,0
WJZJEE14I_3538-3880-4050-4392,0,0,1,0,0,0,0,0,0
WJZJEE14I_3701-1507-4213-2019,0,0,1,0,0,0,0,0,0
WJZJEE14I_3796-4564-4308-5076,0,0,1,0,0,0,0,0,0
WJZJEE14I_3542-1970-4054-2482,0,0,1,0,0,0,0,0,0
WJZJEE14I_3972-4025-4484-4537,0,0,1,0,0,0,0,0,0
WJZJEE14I_3796-5076-4308-5588,0,0,1,0,0,0,0,0,0
WJZJEE14I_4118-5806-4630-6318,0,0,1,0,0,0,0,0,0
WKBCTTAK6_1281-4062-1793-4574,0,1,0,0,0,0,0,0,0
WJZJEE14I_4246-1092-4758-1604,0,0,1,0,0,0,0,0,0
WJZJEE14I_4024-4843-4536-5355,0,0,1,0,0,0,0,0,0
WJZJEE14I_4292-4748-4804-5260,0,0,1,0,0,0,0,0,0
WKBCTTAK6_1768-3428-2280-3940,0,1,0,0,0,0,0,0,0
WJZJEE14I_4361-852-4873-1364,0,0,1,0,0,0,0,0,0
WKBCTTAK6_1788-2674-2300-3186,0,1,0,0,0,0,0,0,0
WKBCTTAK6_2397-2150-2909-2662,0,1,0,0,0,0,0,0,0
WKBCTTAK6_3957-3691-4469-4203,0,1,0,0,0,0,0,0,0
WKBCTTAK6_3736-2768-4248-3280,0,1,0,0,0,0,0,0,0
WKBCTTAK6_2388-2757-2900-3269,0,1,0,0,0,0,0,0,0
WKBCTTAK6_3001-4118-3513-4630,0,1,0,0,0,0,0,0,0
WKBCTTAK6_4023-4242-4535-4754,0,1,0,0,0,0,0,0,0
WKBCTTAK6_3192-2729-3704-3241,0,1,0,0,0,0,0,0,0
WKBCTTAK6_1800-4127-2312-4639,0,1,0,0,0,0,0,0,0
WKBCTTAK6_4174-3231-4686-3743,0,1,0,0,0,0,0,0,0
WKBCTTAK6_586-3502-1098-4014,0,1,0,0,0,0,0,0,0
WKBCTTAK6_4108-2891-4620-3403,0,1,0,0,0,0,0,0,0
WKBCTTAK6_4776-2801-5288-3313,0,1,0,0,0,0,0,0,0
WKBCTTAK6_4637-3620-5149-4132,0,1,0,0,0,0,0,0,0
WKBCTTAK6_4474-2824-4986-3336,0,1,0,0,0,0,0,0,0
WKBCTTAK6_610-4506-1122-5018,0,1,0,0,0,0,0,0,0
WKEP13Y8P_1365-2448-1877-2960,0,1,0,0,0,0,0,0,0
WKEP13Y8P_1365-3472-1877-3984,0,1,0,0,0,0,0,0,0
WKEP13Y8P_1877-2448-2389-2960,0,1,0,0,0,0,0,0,0
WKEP13Y8P_1427-4817-1939-5329,0,1,0,0,0,0,0,0,0
WKEP13Y8P_1939-4817-2451-5329,0,1,0,0,0,0,0,0,0
WKEP13Y8P_1877-2960-2389-3472,0,1,0,0,0,0,0,0,0
WKEP13Y8P_1877-3472-2389-3984,0,1,0,0,0,0,0,0,0
WKEP13Y8P_2389-2448-2901-2960,0,1,0,0,0,0,0,0,0
WKEP13Y8P_1719-1757-2231-2269,0,1,0,0,0,0,0,0,0
WKEP13Y8P_1640-867-2152-1379,0,1,0,0,0,0,0,0,0
WKEP13Y8P_2231-1757-2743-2269,0,1,0,0,0,0,0,0,0
WKEP13Y8P_2901-2448-3413-2960,0,1,0,0,0,0,0,0,0
WKEP13Y8P_2469-4498-2981-5010,0,1,0,0,0,0,0,0,0
WKEP13Y8P_2901-2960-3413-3472,0,1,0,0,0,0,0,0,0
WKEP13Y8P_2901-3472-3413-3984,0,1,0,0,0,0,0,0,0
WKEP13Y8P_2389-3472-2901-3984,0,1,0,0,0,0,0,0,0
WKEP13Y8P_2389-2960-2901-3472,0,1,0,0,0,0,0,0,0
WKEP13Y8P_2779-2704-3291-3216,0,1,0,0,0,0,0,0,0
WKEP13Y8P_3413-2448-3925-2960,0,1,0,0,0,0,0,0,0
WKEP13Y8P_3427-1949-3939-2461,0,1,0,0,0,0,0,0,0
WKEP13Y8P_3925-2960-4437-3472,0,1,0,0,0,0,0,0,0
WKEP13Y8P_2915-1949-3427-2461,0,1,0,0,0,0,0,0,0
WKEP13Y8P_3683-680-4195-1192,0,1,0,0,0,0,0,0,0
WKEP13Y8P_2981-4498-3493-5010,0,1,0,0,0,0,0,0,0
WKEP13Y8P_4092-1139-4604-1651,0,1,0,0,0,0,0,0,0
WKEP13Y8P_3291-2704-3803-3216,0,1,0,0,0,0,0,0,0
WKEP13Y8P_3413-2960-3925-3472,0,1,0,0,0,0,0,0,0
WKEP13Y8P_3956-2305-4468-2817,0,1,0,0,0,0,0,0,0
WKEP13Y8P_4195-680-4707-1192,0,1,0,0,0,0,0,0,0
WKEP13Y8P_4213-1896-4725-2408,0,1,0,0,0,0,0,0,0
WKEP13Y8P_4437-2448-4949-2960,0,1,0,0,0,0,0,0,0
WKEP13Y8P_4498-609-5010-1121,0,1,0,0,0,0,0,0,0
WKEP13Y8P_4437-2960-4949-3472,0,1,0,0,0,0,0,0,0
WKEP13Y8P_4590-2674-5102-3186,0,1,0,0,0,0,0,0,0
WKEP13Y8P_4604-1139-5116-1651,0,1,0,0,0,0,0,0,0
WKEP13Y8P_4414-4431-4926-4943,0,1,0,0,0,0,0,0,0
WKEP13Y8P_4861-1823-5373-2335,0,1,0,0,0,0,0,0,0
WKEP13Y8P_4872-1171-5384-1683,0,1,0,0,0,0,0,0,0
WKEP13Y8P_4949-2448-5461-2960,0,1,0,0,0,0,0,0,0
WKEP13Y8P_4949-2960-5461-3472,0,1,0,0,0,0,0,0,0
WKEP13Y8P_5102-2674-5614-3186,0,1,0,0,0,0,0,0,0
WKEP13Y8P_5461-2960-5973-3472,0,1,0,0,0,0,0,0,0
WKEP13Y8P_5438-4431-5950-4943,0,1,0,0,0,0,0,0,0
WKEP13Y8P_5272-657-5784-1169,0,1,0,0,0,0,0,0,0
WKEP13Y8P_4926-4431-5438-4943,0,1,0,0,0,0,0,0,0
WKEP13Y8P_5384-1171-5896-1683,0,1,0,0,0,0,0,0,0
WKEP13Y8P_5492-2305-6004-2817,0,1,0,0,0,0,0,0,0
WKEP13Y8P_5955-3676-6467-4188,0,1,0,0,0,0,0,0,0
WKEP13Y8P_5872-4611-6384-5123,0,1,0,0,0,0,0,0,0
WKEP13Y8P_5872-5123-6384-5635,0,1,0,0,0,0,0,0,0
WKEP13Y8P_5718-1992-6230-2504,0,1,0,0,0,0,0,0,0
WKEP13Y8P_5973-2960-6485-3472,0,1,0,0,0,0,0,0,0
WKEP13Y8P_5896-1171-6408-1683,0,1,0,0,0,0,0,0,0
WKEP13Y8P_5784-657-6296-1169,0,1,0,0,0,0,0,0,0
WKEP13Y8P_737-1663-1249-2175,0,1,0,0,0,0,0,0,0
WKEP13Y8P_6004-2305-6516-2817,0,1,0,0,0,0,0,0,0
WKJHY3P7H_1505-2498-2017-3010,0,1,0,0,0,0,0,0,0
WKEP13Y8P_737-2175-1249-2687,0,1,0,0,0,0,0,0,0
WKJHY3P7H_1505-3522-2017-4034,0,1,0,0,0,0,0,0,0
WKJHY3P7H_1505-3010-2017-3522,0,1,0,0,0,0,0,0,0
WKEP13Y8P_853-2448-1365-2960,0,1,0,0,0,0,0,0,0
WKJHY3P7H_2017-2498-2529-3010,0,1,0,0,0,0,0,0,0
WKEP13Y8P_853-2960-1365-3472,0,1,0,0,0,0,0,0,0
WKEP13Y8P_853-3472-1365-3984,0,1,0,0,0,0,0,0,0
WKJHY3P7H_2017-3010-2529-3522,0,1,0,0,0,0,0,0,0
WKJHY3P7H_2017-3522-2529-4034,0,1,0,0,0,0,0,0,0
WKJHY3P7H_2017-4034-2529-4546,0,1,0,0,0,0,0,0,0
WKJHY3P7H_2017-5570-2529-6082,0,1,0,0,0,0,0,0,0
WKJHY3P7H_2017-4546-2529-5058,0,1,0,0,0,0,0,0,0
WKJHY3P7H_2017-5058-2529-5570,0,1,0,0,0,0,0,0,0
WKJHY3P7H_2529-3522-3041-4034,0,1,0,0,0,0,0,0,0
WKJHY3P7H_2529-4034-3041-4546,0,1,0,0,0,0,0,0,0
WKJHY3P7H_2529-6082-3041-6594,0,1,0,0,0,0,0,0,0
WKJHY3P7H_2529-5570-3041-6082,0,1,0,0,0,0,0,0,0
WKJHY3P7H_3041-5570-3553-6082,0,1,0,0,0,0,0,0,0
WKJHY3P7H_3041-4034-3553-4546,0,1,0,0,0,0,0,0,0
WKJHY3P7H_2529-5058-3041-5570,0,1,0,0,0,0,0,0,0
WKJHY3P7H_3041-6082-3553-6594,0,1,0,0,0,0,0,0,0
WKJHY3P7H_6224-756-6736-1268,0,1,0,0,0,0,0,0,0
WLBI8CZ9D_614-3515-1126-4027,0,0,0,0,0,0,0,0,1
WLBI8CZ9D_2017-4038-2529-4550,0,0,0,0,0,0,0,0,1
WLBI8CZ9D_2433-673-2945-1185,0,0,0,0,0,0,0,0,1
WLBI8CZ9D_630-1571-1142-2083,0,0,0,0,0,0,0,0,1
WLK62R79W_1336-478-1848-990,0,0,1,0,0,0,0,0,0
WLBI8CZ9D_668-686-1180-1198,0,0,0,0,0,0,0,0,1
WLK62R79W_1377-2044-1889-2556,0,0,1,0,0,0,0,0,0
WLBI8CZ9D_724-4086-1236-4598,0,0,0,0,0,0,0,0,1
WLK62R79W_1572-1817-2084-2329,0,0,1,0,0,0,0,0,0
WLK62R79W_1572-2329-2084-2841,0,0,1,0,0,0,0,0,0
WLK62R79W_1701-1068-2213-1580,0,0,1,0,0,0,0,0,0
WLK62R79W_1701-1580-2213-2092,0,0,1,0,0,0,0,0,0
WLK62R79W_2560-3776-3072-4288,0,0,1,0,0,0,0,0,0
WLK62R79W_1978-3910-2490-4422,0,0,1,0,0,0,0,0,0
WLK62R79W_2238-609-2750-1121,0,0,1,0,0,0,0,0,0
WLK62R79W_2695-2015-3207-2527,0,0,1,0,0,0,0,0,0
WLK62R79W_3012-1864-3524-2376,0,0,1,0,0,0,0,0,0
WLK62R79W_2695-1503-3207-2015,0,0,1,0,0,0,0,0,0
WLK62R79W_2695-991-3207-1503,0,0,1,0,0,0,0,0,0
WLK62R79W_1701-556-2213-1068,0,0,1,0,0,0,0,0,0
WLK62R79W_2528-514-3040-1026,0,0,1,0,0,0,0,0,0
WLK62R79W_317-1816-829-2328,0,0,1,0,0,0,0,0,0
WLK62R79W_3204-888-3716-1400,0,0,1,0,0,0,0,0,0
WLK62R79W_3713-1211-4225-1723,0,0,1,0,0,0,0,0,0
WLK62R79W_3204-1400-3716-1912,0,0,1,0,0,0,0,0,0
WLK62R79W_359-730-871-1242,0,0,1,0,0,0,0,0,0
WLK62R79W_317-2328-829-2840,0,0,1,0,0,0,0,0,0
WLK62R79W_3180-3781-3692-4293,0,0,1,0,0,0,0,0,0
WLK62R79W_3713-1723-4225-2235,0,0,1,0,0,0,0,0,0
WLK62R79W_3716-888-4228-1400,0,0,1,0,0,0,0,0,0
WLK62R79W_3713-2747-4225-3259,0,0,1,0,0,0,0,0,0
WLK62R79W_3713-2235-4225-2747,0,0,1,0,0,0,0,0,0
WLK62R79W_510-1427-1022-1939,0,0,1,0,0,0,0,0,0
WLK62R79W_3807-3818-4319-4330,0,0,1,0,0,0,0,0,0
WLK62R79W_834-3912-1346-4424,0,0,1,0,0,0,0,0,0
WLVGAU7C4_2245-2756-2757-3268,0,0,0,0,0,0,0,0,1
WLVGAU7C4_1730-2746-2242-3258,0,0,0,0,0,0,0,0,1
WLVGAU7C4_1674-2010-2186-2522,0,0,0,0,0,0,0,0,1
WLK62R79W_3807-3306-4319-3818,0,0,1,0,0,0,0,0,0
WLVGAU7C4_2855-3408-3367-3920,0,0,0,0,0,0,0,0,1
WLVGAU7C4_3322-3511-3834-4023,0,0,0,0,0,0,0,0,1
WLVGAU7C4_3574-1485-4086-1997,0,0,0,0,0,0,0,0,1
WLVGAU7C4_3557-845-4069-1357,0,0,0,0,0,0,0,0,1
WLVGAU7C4_3220-674-3732-1186,0,0,0,0,0,0,0,0,1
WLVGAU7C4_3742-995-4254-1507,0,0,0,0,0,0,0,0,1
WLVGAU7C4_3698-2045-4210-2557,0,0,0,0,0,0,0,0,1
WLVGAU7C4_3761-1626-4273-2138,0,0,0,0,0,0,0,0,1
WLVGAU7C4_4010-1844-4522-2356,0,0,0,0,0,0,0,0,1
WLVGAU7C4_4209-2098-4721-2610,0,0,0,0,0,0,0,0,1
WN47KRGJJ_1549-564-2061-1076,0,1,0,0,0,0,0,0,0
WN47KRGJJ_3153-1698-3665-2210,0,1,0,0,0,0,0,0,0
WLVGAU7C4_4366-3196-4878-3708,0,0,0,0,0,0,0,0,1
WN47KRGJJ_3639-456-4151-968,0,1,0,0,0,0,0,0,0
WLVGAU7C4_4342-3495-4854-4007,0,0,0,0,0,0,0,0,1
WN47KRGJJ_2061-564-2573-1076,0,1,0,0,0,0,0,0,0
WN47KRGJJ_3665-1698-4177-2210,0,1,0,0,0,0,0,0,0
WN47KRGJJ_3964-416-4476-928,0,1,0,0,0,0,0,0,0
WN47KRGJJ_4104-774-4616-1286,0,1,0,0,0,0,0,0,0
WN47KRGJJ_4229-1722-4741-2234,0,1,0,0,0,0,0,0,0
WN47KRGJJ_6007-2740-6519-3252,0,1,0,0,0,0,0,0,0
WN47KRGJJ_5060-2307-5572-2819,0,1,0,0,0,0,0,0,0
WN47KRGJJ_4548-2307-5060-2819,0,1,0,0,0,0,0,0,0
WN47KRGJJ_6454-428-6966-940,0,0,0,0,0,0,1,0,0
WN47KRGJJ_6454-940-6966-1452,0,0,0,0,0,0,1,0,0
WN47KRGJJ_8045-2637-8557-3149,0,1,0,0,0,0,0,0,0
WN47KRGJJ_8185-2366-8697-2878,0,1,0,0,0,0,0,0,0
WN47KRGJJ_8037-1745-8549-2257,0,1,0,0,0,0,0,0,0
WN47QTPRA_2293-2440-2805-2952,1,0,0,0,0,0,0,0,0
WN47QTPRA_2265-1824-2777-2336,1,0,0,0,0,0,0,0,0
WN47QTPRA_1185-633-1697-1145,1,0,0,0,0,0,0,0,0
WN47QTPRA_2033-1200-2545-1712,1,0,0,0,0,0,0,0,0
WN47QTPRA_1790-295-2302-807,1,0,0,0,0,0,0,0,0
WN47QTPRA_1278-295-1790-807,1,0,0,0,0,0,0,0,0
WN47QTPRA_233-1810-745-2322,1,0,0,0,0,0,0,0,0
WN47QTPRA_233-1298-745-1810,1,0,0,0,0,0,0,0,0
WN47QTPRA_233-2322-745-2834,1,0,0,0,0,0,0,0,0
WN47QTPRA_2857-1202-3369-1714,1,0,0,0,0,0,0,0,0
WN47QTPRA_2594-1338-3106-1850,1,0,0,0,0,0,0,0,0
WN47QTPRA_3749-505-4261-1017,1,0,0,0,0,0,0,0,0
WN47QTPRA_401-1575-913-2087,1,0,0,0,0,0,0,0,0
WN47QTPRA_2975-1409-3487-1921,1,0,0,0,0,0,0,0,0
WN47QTPRA_3217-1067-3729-1579,1,0,0,0,0,0,0,0,0
WN47QTPRA_434-1139-946-1651,1,0,0,0,0,0,0,0,0
WN47QTPRA_401-2087-913-2599,1,0,0,0,0,0,0,0,0
WNF1DTA1Z_14433-2013-14945-2525,0,1,0,0,0,0,0,0,0
WNF1DTA1Z_10346-5374-10858-5886,0,1,0,0,0,0,0,0,0
WN47QTPRA_4204-361-4716-873,1,0,0,0,0,0,0,0,0
WN47QTPRA_4493-610-5005-1122,1,0,0,0,0,0,0,0,0
WN47QTPRA_845-661-1357-1173,1,0,0,0,0,0,0,0,0
WN47QTPRA_913-2087-1425-2599,1,0,0,0,0,0,0,0,0
WNF1DTA1Z_14433-2525-14945-3037,0,1,0,0,0,0,0,0,0
WNF1DTA1Z_14945-2013-15457-2525,0,1,0,0,0,0,0,0,0
WNF1DTA1Z_14945-2525-15457-3037,0,1,0,0,0,0,0,0,0
WNF1DTA1Z_15969-3037-16481-3549,0,1,0,0,0,0,0,0,0
WNF1DTA1Z_4397-6035-4909-6547,0,1,0,0,0,0,0,0,0
WNF1DTA1Z_4397-6547-4909-7059,0,1,0,0,0,0,0,0,0
WNF1DTA1Z_4909-6035-5421-6547,0,1,0,0,0,0,0,0,0
WNF1DTA1Z_4909-5523-5421-6035,0,1,0,0,0,0,0,0,0
WNF1DTA1Z_15457-2525-15969-3037,0,1,0,0,0,0,0,0,0
WNF1DTA1Z_7011-6394-7523-6906,0,1,0,0,0,0,0,0,0
WNF1DTA1Z_6499-5882-7011-6394,0,1,0,0,0,0,0,0,0
WP4UJZACN_1048-8433-1560-8945,0,0,0,0,0,1,0,0,0
WNF1DTA1Z_9322-4862-9834-5374,0,1,0,0,0,0,0,0,0
WP4UJZACN_1215-6300-1727-6812,0,0,0,0,0,1,0,0,0
WNF1DTA1Z_9834-4862-10346-5374,0,1,0,0,0,0,0,0,0
WNF1DTA1Z_9834-5374-10346-5886,0,1,0,0,0,0,0,0,0
WNF1DTA1Z_7011-5882-7523-6394,0,1,0,0,0,0,0,0,0
WP4UJZACN_2394-5469-2906-5981,0,0,0,0,0,1,0,0,0
WP4UJZACN_2528-8396-3040-8908,0,0,0,0,0,1,0,0,0
WP4UJZACN_2748-1714-3260-2226,0,0,0,0,0,1,0,0,0
WP4UJZACN_2801-8121-3313-8633,0,0,0,0,0,1,0,0,0
WP4UJZACN_3213-5351-3725-5863,0,0,0,0,0,1,0,0,0
WP4UJZACN_3824-5358-4336-5870,0,0,0,0,0,1,0,0,0
WP4UJZACN_3156-10026-3668-10538,0,0,0,0,0,1,0,0,0
WP4UJZACN_2939-5373-3451-5885,0,0,0,0,0,1,0,0,0
WP4UJZACN_2989-10465-3501-10977,0,0,0,0,0,1,0,0,0
WP4UJZACN_392-9757-904-10269,0,0,0,0,0,1,0,0,0
WPBTBPCG4_10316-17203-10828-17715,0,0,0,0,0,1,0,0,0
WPBTBPCG4_1052-9620-1564-10132,0,0,0,0,0,1,0,0,0
WPBTBPCG4_10310-17778-10822-18290,0,0,0,0,1,1,0,0,0
WPBTBPCG4_10124-811-10636-1323,0,0,0,0,1,1,0,0,0
WPBTBPCG4_10399-705-10911-1217,0,0,0,0,1,1,0,0,0
WPBTBPCG4_10124-17948-10636-18460,0,0,0,0,1,1,0,0,0
WPBTBPCG4_1061-12183-1573-12695,0,0,0,0,0,1,0,0,0
WPBTBPCG4_10911-705-11423-1217,0,0,0,0,1,1,0,0,0
WPBTBPCG4_10636-17948-11148-18460,0,0,0,0,1,1,0,0,0
WPBTBPCG4_11173-795-11685-1307,0,0,0,0,1,1,0,0,0
WPBTBPCG4_1137-14412-1649-14924,0,0,0,0,1,1,0,0,0
WPBTBPCG4_11372-16777-11884-17289,0,0,0,0,0,1,0,0,0
WPBTBPCG4_11685-795-12197-1307,0,0,0,0,1,0,0,0,0
WPBTBPCG4_11460-17736-11972-18248,0,0,0,0,0,1,0,0,0
WPBTBPCG4_11884-16777-12396-17289,0,0,0,0,0,1,0,0,0
WPBTBPCG4_11891-4729-12403-5241,0,0,0,0,1,1,0,0,0
WPBTBPCG4_11928-9903-12440-10415,0,0,0,0,0,1,0,0,0
WPBTBPCG4_11972-17736-12484-18248,0,0,0,0,0,1,0,0,0
WPBTBPCG4_12368-18022-12880-18534,0,0,0,0,0,1,0,0,0
WPBTBPCG4_12755-9864-13267-10376,0,0,0,0,0,1,0,0,0
WPBTBPCG4_12484-17736-12996-18248,0,0,0,0,0,1,0,0,0
WPBTBPCG4_12209-775-12721-1287,0,0,0,0,1,0,0,0,0
WPBTBPCG4_12721-775-13233-1287,0,0,0,0,1,0,0,0,0
WPBTBPCG4_1305-11268-1817-11780,0,0,0,0,0,1,0,0,0
WPBTBPCG4_12835-17985-13347-18497,0,0,0,0,1,0,0,0,0
WPBTBPCG4_1316-11698-1828-12210,0,0,0,0,0,1,0,0,0
WPBTBPCG4_12546-4591-13058-5103,0,0,0,0,1,1,0,0,0
WPBTBPCG4_12858-4602-13370-5114,0,0,0,0,1,1,0,0,0
WPBTBPCG4_1319-10799-1831-11311,0,0,0,0,0,1,0,0,0
WPBTBPCG4_13266-753-13778-1265,0,0,0,0,1,1,0,0,0
WPBTBPCG4_13643-9811-14155-10323,0,0,0,0,1,0,0,0,0
WPBTBPCG4_13347-17985-13859-18497,0,0,0,0,1,0,0,0,0
WPBTBPCG4_13267-9864-13779-10376,0,0,0,0,0,1,0,0,0
WPBTBPCG4_13778-753-14290-1265,0,0,0,0,1,1,0,0,0
WPBTBPCG4_1364-9795-1876-10307,0,0,0,0,1,1,0,0,0
WPBTBPCG4_13974-18119-14486-18631,0,0,0,0,0,1,0,0,0
WPBTBPCG4_13882-4602-14394-5114,0,0,0,0,1,1,0,0,0
WPBTBPCG4_13370-4602-13882-5114,0,0,0,0,1,1,0,0,0
WPBTBPCG4_14043-871-14555-1383,0,0,0,0,1,1,0,0,0
WPBTBPCG4_14310-721-14822-1233,0,0,0,0,1,1,0,0,0
WPBTBPCG4_14394-4602-14906-5114,0,0,0,0,1,1,0,0,0
WPBTBPCG4_15124-4651-15636-5163,0,0,0,0,1,1,0,0,0
WPBTBPCG4_14667-9811-15179-10323,0,0,0,0,1,0,0,0,0
WPBTBPCG4_14822-721-15334-1233,0,0,0,0,1,1,0,0,0
WPBTBPCG4_14155-9811-14667-10323,0,0,0,0,1,0,0,0,0
WPBTBPCG4_15179-9811-15691-10323,0,0,0,0,1,0,0,0,0
WPBTBPCG4_15266-17891-15778-18403,0,0,0,0,0,1,0,0,0
WPBTBPCG4_15334-721-15846-1233,0,0,0,0,1,1,0,0,0
WPBTBPCG4_15846-721-16358-1233,0,0,0,0,1,1,0,0,0
WPBTBPCG4_15636-4651-16148-5163,0,0,0,0,1,0,0,0,0
WPBTBPCG4_15784-9751-16296-10263,0,0,0,0,1,0,0,0,0
WPBTBPCG4_15363-17621-15875-18133,0,0,0,0,0,1,0,0,0
WPBTBPCG4_16096-4645-16608-5157,0,0,0,0,1,0,0,0,0
WPBTBPCG4_16296-9751-16808-10263,0,0,0,0,1,0,0,0,0
WPBTBPCG4_1611-12426-2123-12938,0,0,0,0,1,1,0,0,0
WPBTBPCG4_1649-14412-2161-14924,0,0,0,0,1,1,0,0,0
WPBTBPCG4_16608-4645-17120-5157,0,0,0,0,1,0,0,0,0
WPBTBPCG4_17082-9733-17594-10245,0,0,0,0,0,1,0,0,0
WPBTBPCG4_17034-699-17546-1211,0,0,0,0,1,1,0,0,0
WPBTBPCG4_16522-699-17034-1211,0,0,0,0,0,1,0,0,0
WPBTBPCG4_1744-16757-2256-17269,0,0,0,0,0,1,0,0,0
WPBTBPCG4_17149-4848-17661-5360,0,0,0,0,0,1,0,0,0
WPBTBPCG4_17546-699-18058-1211,0,0,0,0,1,1,0,0,0
WPBTBPCG4_1758-18045-2270-18557,0,0,0,0,0,1,0,0,0
WPBTBPCG4_1876-9795-2388-10307,0,0,0,0,1,1,0,0,0
WPBTBPCG4_2256-16757-2768-17269,0,0,0,0,0,1,0,0,0
WPBTBPCG4_2100-10000-2612-10512,0,0,0,0,1,1,0,0,0
WPBTBPCG4_2123-12426-2635-12938,0,0,0,0,1,1,0,0,0
WPBTBPCG4_1987-12186-2499-12698,0,0,0,0,1,1,0,0,0
WPBTBPCG4_2266-17747-2778-18259,0,0,0,0,1,1,0,0,0
WPBTBPCG4_2388-9795-2900-10307,0,0,0,0,1,1,0,0,0
WPBTBPCG4_2266-18259-2778-18771,0,0,0,0,1,0,0,0,0
WPBTBPCG4_2499-12186-3011-12698,0,0,0,0,1,1,0,0,0
WPBTBPCG4_2612-10000-3124-10512,0,0,0,0,1,1,0,0,0
WPBTBPCG4_2552-17780-3064-18292,0,0,0,0,1,1,0,0,0
WPBTBPCG4_2900-9795-3412-10307,0,0,0,0,1,1,0,0,0
WPBTBPCG4_2829-14702-3341-15214,0,0,0,0,0,1,0,0,0
WPBTBPCG4_2778-18259-3290-18771,0,0,0,0,1,0,0,0,0
WPBTBPCG4_2948-14209-3460-14721,0,0,0,0,0,1,0,0,0
WPBTBPCG4_2865-17788-3377-18300,0,0,0,0,1,1,0,0,0
WPBTBPCG4_2697-12432-3209-12944,0,0,0,0,1,1,0,0,0
WPBTBPCG4_2954-12199-3466-12711,0,0,0,0,0,1,0,0,0
WPBTBPCG4_3290-18259-3802-18771,0,0,0,0,1,0,0,0,0
WPBTBPCG4_3290-17747-3802-18259,0,0,0,0,1,1,0,0,0
WPBTBPCG4_3341-14702-3853-15214,0,0,0,0,0,1,0,0,0
WPBTBPCG4_3125-9996-3637-10508,0,0,0,0,1,1,0,0,0
WPBTBPCG4_3637-9996-4149-10508,0,0,0,0,1,1,0,0,0
WPBTBPCG4_3412-13570-3924-14082,0,0,0,0,0,1,0,0,0
WPBTBPCG4_3412-9795-3924-10307,0,0,0,0,1,1,0,0,0
WPBTBPCG4_3466-12199-3978-12711,0,0,0,0,0,1,0,0,0
WPBTBPCG4_3209-12432-3721-12944,0,0,0,0,0,1,0,0,0
WPBTBPCG4_3802-18259-4314-18771,0,0,0,0,1,0,0,0,0
WPBTBPCG4_3802-17747-4314-18259,0,0,0,0,1,1,0,0,0
WPBTBPCG4_4436-9795-4948-10307,0,0,0,0,1,1,0,0,0
WPBTBPCG4_3924-9795-4436-10307,0,0,0,0,1,1,0,0,0
WPBTBPCG4_4314-17747-4826-18259,0,0,0,0,1,1,0,0,0
WPBTBPCG4_4314-18259-4826-18771,0,0,0,0,1,0,0,0,0
WPBTBPCG4_4823-15238-5335-15750,0,0,0,0,0,1,0,0,0
WPBTBPCG4_4548-12659-5060-13171,0,0,0,0,0,1,0,0,0
WPBTBPCG4_4826-17747-5338-18259,0,0,0,0,1,1,0,0,0
WPBTBPCG4_4948-9795-5460-10307,0,0,0,0,1,1,0,0,0
WPBTBPCG4_5335-15238-5847-15750,0,0,0,0,0,1,0,0,0
WPBTBPCG4_5115-15586-5627-16098,0,0,0,0,0,1,0,0,0
WPBTBPCG4_5060-12659-5572-13171,0,0,0,0,0,1,0,0,0
WPBTBPCG4_5338-18259-5850-18771,0,0,0,0,1,0,0,0,0
WPBTBPCG4_5090-10006-5602-10518,0,0,0,0,1,1,0,0,0
WPBTBPCG4_5591-9705-6103-10217,0,0,0,0,1,0,0,0,0
WPBTBPCG4_5784-14331-6296-14843,0,0,0,0,0,1,0,0,0
WPBTBPCG4_5338-17747-5850-18259,0,0,0,0,1,1,0,0,0
WPBTBPCG4_5437-9989-5949-10501,0,0,0,0,1,1,0,0,0
WPBTBPCG4_5847-15238-6359-15750,0,0,0,0,0,1,0,0,0
WPBTBPCG4_4826-18259-5338-18771,0,0,0,0,1,0,0,0,0
WPBTBPCG4_5850-17747-6362-18259,0,0,0,0,1,1,0,0,0
WPBTBPCG4_5850-18259-6362-18771,0,0,0,0,1,0,0,0,0
WPBTBPCG4_6115-17772-6627-18284,0,0,0,0,1,1,0,0,0
WPBTBPCG4_6103-9705-6615-10217,0,0,0,0,1,0,0,0,0
WPBTBPCG4_5949-9989-6461-10501,0,0,0,0,1,1,0,0,0
WPBTBPCG4_6296-14331-6808-14843,0,0,0,0,0,1,0,0,0
WPBTBPCG4_6406-9995-6918-10507,0,0,0,0,1,1,0,0,0
WPBTBPCG4_6676-9437-7188-9949,0,0,0,0,0,1,0,0,0
WPBTBPCG4_6811-9984-7323-10496,0,0,0,0,0,1,0,0,0
WPBTBPCG4_6362-18259-6874-18771,0,0,0,0,1,0,0,0,0
WPBTBPCG4_7152-7622-7664-8134,0,0,0,0,0,1,0,0,0
WPBTBPCG4_6874-17747-7386-18259,0,0,0,0,1,1,0,0,0
WPBTBPCG4_7128-8584-7640-9096,0,0,0,0,0,1,0,0,0
WPBTBPCG4_6955-9485-7467-9997,0,0,0,0,0,1,0,0,0
WPBTBPCG4_7148-2147-7660-2659,0,0,0,0,0,1,0,0,0
WPBTBPCG4_6874-18259-7386-18771,0,0,0,0,1,0,0,0,0
WPBTBPCG4_6928-873-7440-1385,0,0,0,0,1,1,0,0,0
WPBTBPCG4_7152-2655-7664-3167,0,0,0,0,0,1,0,0,0
WPBTBPCG4_7152-8053-7664-8565,0,0,0,0,0,1,0,0,0
WPBTBPCG4_7168-4617-7680-5129,0,0,0,0,0,1,0,0,0
WPBTBPCG4_7158-7066-7670-7578,0,0,0,0,0,1,0,0,0
WPBTBPCG4_7165-1657-7677-2169,0,0,0,0,0,1,0,0,0
WPBTBPCG4_7165-4238-7677-4750,0,0,0,0,0,1,0,0,0
WPBTBPCG4_7198-5578-7710-6090,0,0,0,0,0,1,0,0,0
WPBTBPCG4_7184-17755-7696-18267,0,0,0,0,1,1,0,0,0
WPBTBPCG4_7171-999-7683-1511,0,0,0,0,1,1,0,0,0
WPBTBPCG4_7579-8198-8091-8710,0,0,0,0,0,1,0,0,0
WPBTBPCG4_7175-5112-7687-5624,0,0,0,0,0,1,0,0,0
WPBTBPCG4_7536-7831-8048-8343,0,0,0,0,0,1,0,0,0
WPBTBPCG4_7386-18259-7898-18771,0,0,0,0,1,0,0,0,0
WPBTBPCG4_7175-6055-7687-6567,0,0,0,0,0,1,0,0,0
WPBTBPCG4_7225-9370-7737-9882,0,0,0,0,0,1,0,0,0
WPBTBPCG4_7898-17747-8410-18259,0,0,0,0,1,1,0,0,0
WPBTBPCG4_7178-6586-7690-7098,0,0,0,0,0,1,0,0,0
WPBTBPCG4_8127-16257-8639-16769,0,0,0,0,0,1,0,0,0
WPBTBPCG4_7440-873-7952-1385,0,0,0,0,1,1,0,0,0
WPBTBPCG4_7904-873-8416-1385,0,0,0,0,1,1,0,0,0
WPBTBPCG4_7898-18259-8410-18771,0,0,0,0,1,0,0,0,0
WPBTBPCG4_822-12408-1334-12920,0,0,0,0,0,1,0,0,0
WPBTBPCG4_8259-17750-8771-18262,0,0,0,0,1,1,0,0,0
WPBTBPCG4_8410-16679-8922-17191,0,0,0,0,0,1,0,0,0
WPBTBPCG4_8410-18259-8922-18771,0,0,0,0,1,0,0,0,0
WPBTBPCG4_8639-16257-9151-16769,0,0,0,0,0,1,0,0,0
WPBTBPCG4_8548-3942-9060-4454,0,0,0,0,0,1,0,0,0
WPBTBPCG4_9060-3942-9572-4454,0,0,0,0,0,1,0,0,0
WPBTBPCG4_8416-873-8928-1385,0,0,0,0,1,1,0,0,0
WPBTBPCG4_9554-3581-10066-4093,0,0,0,0,0,1,0,0,0
WPBTBPCG4_9473-14161-9985-14673,0,0,0,0,0,1,0,0,0
WPBTBPCG4_9042-3581-9554-4093,0,0,0,0,0,1,0,0,0
WPBTBPCG4_9100-17948-9612-18460,0,0,0,0,1,1,0,0,0
WPBTBPCG4_9100-811-9612-1323,0,0,0,0,1,0,0,0,0
WPBTBPCG4_8807-17829-9319-18341,0,0,0,0,1,1,0,0,0
WPBTBPCG4_9336-6572-9848-7084,0,0,0,0,0,1,0,0,0
WPBTBPCG4_9804-17203-10316-17715,0,0,0,0,0,1,0,0,0
WPBTBPCG4_9612-17948-10124-18460,0,0,0,0,1,1,0,0,0
WPBTBPCG4_9848-6572-10360-7084,0,0,0,0,0,1,0,0,0
WPBTBPCG4_9612-811-10124-1323,0,0,0,0,1,1,0,0,0
WPBTBPCG4_9979-16305-10491-16817,0,0,0,0,0,1,0,0,0
WPBTBPCG4_9853-962-10365-1474,0,0,0,0,1,1,0,0,0
WPP3HK2N8_4690-4528-5202-5040,0,1,0,0,0,0,0,0,0
WPVET1KMR_1061-4885-1573-5397,1,0,0,0,0,0,0,0,0
WPVET1KMR_1573-4373-2085-4885,1,0,0,0,0,0,0,0,0
WPVET1KMR_1139-7611-1651-8123,1,0,0,0,0,0,0,0,0
WPVET1KMR_1061-5397-1573-5909,1,0,0,0,0,0,0,0,0
WPVET1KMR_1617-4793-2129-5305,1,0,0,0,0,0,0,0,0
WPVET1KMR_1573-5397-2085-5909,1,0,0,0,0,0,0,0,0
WPVET1KMR_1139-8635-1651-9147,1,0,0,0,0,0,0,0,0
WPBTBPCG4_9985-14161-10497-14673,0,0,0,0,0,1,0,0,0
WPVET1KMR_1230-9674-1742-10186,1,0,0,0,0,0,0,0,0
WPVET1KMR_1617-5817-2129-6329,1,0,0,0,0,0,0,0,0
WPVET1KMR_1061-4373-1573-4885,1,0,0,0,0,0,0,0,0
WPVET1KMR_1651-8635-2163-9147,1,0,0,0,0,0,0,0,0
WPVET1KMR_1651-7099-2163-7611,1,0,0,0,0,0,0,0,0
WPVET1KMR_1651-7611-2163-8123,1,0,0,0,0,0,0,0,0
WPVET1KMR_1742-9674-2254-10186,1,0,0,0,0,0,0,0,0
WPVET1KMR_1742-9162-2254-9674,1,0,0,0,0,0,0,0,0
WPVET1KMR_2085-4373-2597-4885,1,0,0,0,0,0,0,0,0
WPVET1KMR_2085-5397-2597-5909,1,0,0,0,0,0,0,0,0
WPVET1KMR_2163-9147-2675-9659,1,0,0,0,0,0,0,0,0
WPVET1KMR_2163-8635-2675-9147,1,0,0,0,0,0,0,0,0
WPVET1KMR_2129-5817-2641-6329,1,0,0,0,0,0,0,0,0
WPVET1KMR_2163-7099-2675-7611,1,0,0,0,0,0,0,0,0
WPVET1KMR_2641-5305-3153-5817,1,0,0,0,0,0,0,0,0
WPVET1KMR_2675-6075-3187-6587,1,0,0,0,0,0,0,0,0
WPVET1KMR_2163-8123-2675-8635,1,0,0,0,0,0,0,0,0
WPVET1KMR_2129-4793-2641-5305,1,0,0,0,0,0,0,0,0
WPVET1KMR_2597-3861-3109-4373,1,0,0,0,0,0,0,0,0
WPVET1KMR_2641-4281-3153-4793,1,0,0,0,0,0,0,0,0
WPVET1KMR_2597-4885-3109-5397,1,0,0,0,0,0,0,0,0
WPVET1KMR_2675-8123-3187-8635,1,0,0,0,0,0,0,0,0
WPVET1KMR_2675-7099-3187-7611,1,0,0,0,0,0,0,0,0
WPVET1KMR_2675-6587-3187-7099,1,0,0,0,0,0,0,0,0
WPVET1KMR_2675-7611-3187-8123,1,0,0,0,0,0,0,0,0
WPVET1KMR_2675-8635-3187-9147,1,0,0,0,0,0,0,0,0
WPVET1KMR_3109-3861-3621-4373,1,0,0,0,0,0,0,0,0
WPVET1KMR_3187-9147-3699-9659,1,0,0,0,0,0,0,0,0
WPVET1KMR_3153-4281-3665-4793,1,0,0,0,0,0,0,0,0
WPVET1KMR_3109-4885-3621-5397,1,0,0,0,0,0,0,0,0
WPVET1KMR_3187-6075-3699-6587,1,0,0,0,0,0,0,0,0
WPVET1KMR_3187-8635-3699-9147,1,0,0,0,0,0,0,0,0
WPVET1KMR_3153-5305-3665-5817,1,0,0,0,0,0,0,0,0
WPVET1KMR_3187-7099-3699-7611,1,0,0,0,0,0,0,0,0
WPVET1KMR_549-4885-1061-5397,1,0,0,0,0,0,0,0,0
WPVET1KMR_3278-9674-3790-10186,1,0,0,0,0,0,0,0,0
WPVET1KMR_3187-7611-3699-8123,1,0,0,0,0,0,0,0,0
WPVET1KMR_3187-6587-3699-7099,1,0,0,0,0,0,0,0,0
WPVET1KMR_3187-8123-3699-8635,1,0,0,0,0,0,0,0,0
WPVET1KMR_627-8123-1139-8635,1,0,0,0,0,0,0,0,0
WPVET1KMR_798-7477-1310-7989,1,0,0,0,0,0,0,0,0
WPVET1KMR_609-6616-1121-7128,1,0,0,0,0,0,0,0,0
WPVET1KMR_549-5397-1061-5909,1,0,0,0,0,0,0,0,0
WR3ZAYAIW_1352-2869-1864-3381,0,0,0,1,0,0,0,0,0
WR3ZAYAIW_2420-2218-2932-2730,0,0,0,1,0,0,0,0,0
WR3ZAYAIW_476-534-988-1046,0,0,0,1,0,0,0,0,0
WR3ZAYAIW_476-1046-988-1558,0,0,0,1,0,0,0,0,0
WR3ZAYAIW_3006-515-3518-1027,0,0,0,1,0,0,0,0,0
WR3ZAYAIW_2932-2730-3444-3242,0,0,0,1,0,0,0,0,0
WR3ZAYAIW_2932-2218-3444-2730,0,0,0,1,0,0,0,0,0
WR3ZAYAIW_2420-2730-2932-3242,0,0,0,1,0,0,0,0,0
WR3ZAYAIW_9725-1818-10237-2330,0,0,0,1,0,0,0,0,0
WR3ZAYAIW_3518-515-4030-1027,0,0,0,1,0,0,0,0,0
WR3ZAYAIW_9213-1306-9725-1818,0,0,0,1,0,0,0,0,0
WR3ZAYAIW_9725-1306-10237-1818,0,0,0,1,0,0,0,0,0
WR3ZAYAIW_9213-1818-9725-2330,0,0,0,1,0,0,0,0,0
WR3ZAYAIW_988-1046-1500-1558,0,0,0,1,0,0,0,0,0
WR63N2IZV_19167-2495-19679-3007,0,0,0,0,1,1,0,0,0
WR63N2IZV_1471-1285-1983-1797,0,0,0,0,1,1,0,0,0
WR63N2IZV_1325-1063-1837-1575,0,0,0,0,1,1,0,0,0
WR63N2IZV_1590-1490-2102-2002,0,0,0,0,1,1,0,0,0
WR3ZAYAIW_988-534-1500-1046,0,0,0,1,0,0,0,0,0
WR63N2IZV_19172-494-19684-1006,0,0,0,0,1,1,0,0,0
WR63N2IZV_19199-1391-19711-1903,0,0,0,0,1,1,0,0,0
WR63N2IZV_3470-2535-3982-3047,0,0,0,0,0,1,0,0,0
WR63N2IZV_4672-1955-5184-2467,0,0,1,0,0,1,0,0,0
WR63N2IZV_19221-2844-19733-3356,0,0,0,0,1,1,0,0,0
WR63N2IZV_4315-2296-4827-2808,0,0,1,0,0,0,0,0,0
WR63N2IZV_19199-879-19711-1391,0,0,0,0,1,1,0,0,0
WR63N2IZV_1959-1999-2471-2511,0,0,0,0,1,1,0,0,0
WR63N2IZV_19207-3180-19719-3692,0,0,0,0,1,1,0,0,0
WR63N2IZV_4315-1784-4827-2296,0,0,1,0,0,1,0,0,0
WR63N2IZV_1983-1285-2495-1797,0,0,0,0,1,1,0,0,0
WR63N2IZV_4827-2296-5339-2808,0,0,1,0,0,0,0,0,0
WR63N2IZV_5598-1383-6110-1895,0,0,1,0,0,1,0,0,0
WR63N2IZV_5867-2769-6379-3281,0,0,0,0,1,0,0,0,0
WR63N2IZV_5749-2274-6261-2786,0,0,1,0,0,1,0,0,0
WR63N2IZV_579-827-1091-1339,0,0,0,0,1,1,0,0,0
WR63N2IZV_6073-1278-6585-1790,0,0,1,0,0,1,0,0,0
WR63N2IZV_6095-1768-6607-2280,0,0,1,0,0,1,0,0,0
WR63N2IZV_6607-1768-7119-2280,0,0,1,0,0,1,0,0,0
WR63N2IZV_6451-1491-6963-2003,0,0,1,0,0,1,0,0,0
WR63N2IZV_6095-2280-6607-2792,0,0,1,0,0,1,0,0,0
WR63N2IZV_6592-3230-7104-3742,0,0,0,0,1,1,0,0,0
WR63N2IZV_824-2352-1336-2864,0,0,0,0,1,0,0,0,0
WR63N2IZV_6338-3008-6850-3520,0,0,0,0,1,0,0,0,0
WR63N2IZV_934-630-1446-1142,0,0,0,0,1,1,0,0,0
WR63N2IZV_6386-2148-6898-2660,0,0,1,0,0,1,0,0,0
WR63N2IZV_6697-3482-7209-3994,0,0,0,0,1,1,0,0,0
WR63N2IZV_896-371-1408-883,0,0,0,0,1,1,0,0,0
WR63N2IZV_6607-2280-7119-2792,0,0,1,0,0,1,0,0,0
WRYUKIP34_14155-1110-14667-1622,0,1,0,0,0,0,0,0,0
WRYUKIP34_14155-3158-14667-3670,0,1,0,0,0,0,0,0,0
WRYUKIP34_13736-8031-14248-8543,0,1,0,0,0,0,0,0,0
WRYUKIP34_14155-2134-14667-2646,0,1,0,0,0,0,0,0,0
WRYUKIP34_14155-1622-14667-2134,0,1,0,0,0,0,0,0,0
WRYUKIP34_14155-2646-14667-3158,0,1,0,0,0,0,0,0,0
WRYUKIP34_14155-3670-14667-4182,0,1,0,0,0,0,0,0,0
WRYUKIP34_14155-4182-14667-4694,0,1,0,0,0,0,0,0,0
WRYUKIP34_14736-1599-15248-2111,0,1,0,0,0,0,0,0,0
WRYUKIP34_14155-4694-14667-5206,0,1,0,0,0,0,0,0,0
WRYUKIP34_14155-5206-14667-5718,0,1,0,0,0,0,0,0,0
WRYUKIP34_14736-3135-15248-3647,0,1,0,0,0,0,0,0,0
WRYUKIP34_14736-1087-15248-1599,0,1,0,0,0,0,0,0,0
WRYUKIP34_14736-2623-15248-3135,0,1,0,0,0,0,0,0,0
WRYUKIP34_14736-2111-15248-2623,0,1,0,0,0,0,0,0,0
WRYUKIP34_14736-3647-15248-4159,0,1,0,0,0,0,0,0,0
WRYUKIP34_14736-4671-15248-5183,0,1,0,0,0,0,0,0,0
WRYUKIP34_14736-4159-15248-4671,0,1,0,0,0,0,0,0,0
WRYUKIP34_14736-7231-15248-7743,0,1,0,0,0,0,0,0,0
WRYUKIP34_14736-5695-15248-6207,0,1,0,0,0,0,0,0,0
WRYUKIP34_14736-5183-15248-5695,0,1,0,0,0,0,0,0,0
WRYUKIP34_14736-6207-15248-6719,0,1,0,0,0,0,0,0,0
WRYUKIP34_14736-6719-15248-7231,0,1,0,0,0,0,0,0,0
WRYUKIP34_14736-8255-15248-8767,0,1,0,0,0,0,0,0,0
WRYUKIP34_14736-7743-15248-8255,0,1,0,0,0,0,0,0,0
WRYUKIP34_17596-1672-18108-2184,0,1,0,0,0,0,0,0,0
WRYUKIP34_17000-1880-17512-2392,0,1,0,0,0,0,0,0,0
WRYUKIP34_4022-2131-4534-2643,0,1,0,0,0,0,0,0,0
WRYUKIP34_4534-2643-5046-3155,0,1,0,0,0,0,0,0,0
WRYUKIP34_6070-3155-6582-3667,0,1,0,0,0,0,0,0,0
WRYUKIP34_5558-3155-6070-3667,0,1,0,0,0,0,0,0,0
WRYUKIP34_5046-2643-5558-3155,0,1,0,0,0,0,0,0,0
WVLNWZ83A_1066-1925-1578-2437,0,0,1,0,0,0,1,0,0
WVLNWZ83A_1119-2731-1631-3243,0,0,1,0,0,0,1,0,0
WVLNWZ83A_1075-4219-1587-4731,0,0,1,0,0,0,0,0,0
WVLNWZ83A_1131-1394-1643-1906,0,0,1,0,0,0,0,0,0
WVLNWZ83A_1134-7862-1646-8374,0,0,1,0,0,0,0,0,0
WVLNWZ83A_1148-4485-1660-4997,0,0,1,0,0,0,0,0,0
WVLNWZ83A_1159-944-1671-1456,0,0,1,0,0,0,0,0,0
WVLNWZ83A_1175-1694-1687-2206,0,0,1,0,0,0,1,0,0
WVLNWZ83A_1200-8223-1712-8735,0,0,1,0,0,0,0,0,0
WVLNWZ83A_1246-3415-1758-3927,0,0,1,0,0,0,0,0,0
WVLNWZ83A_1240-4755-1752-5267,0,0,1,0,0,0,0,0,0
WVLNWZ83A_1250-8553-1762-9065,0,0,1,0,0,0,0,0,0
WVLNWZ83A_1320-6610-1832-7122,0,0,1,0,0,0,0,0,0
WVLNWZ83A_1252-5616-1764-6128,0,0,1,0,0,0,0,0,0
WVLNWZ83A_1252-6128-1764-6640,0,0,1,0,0,0,0,0,0
WVLNWZ83A_1301-9237-1813-9749,0,0,1,0,0,0,0,0,0
WVLNWZ83A_1346-1521-1858-2033,0,0,1,0,0,0,0,0,0
WVLNWZ83A_1316-2560-1828-3072,0,0,1,0,0,0,1,0,0
WVLNWZ83A_1346-1987-1858-2499,0,0,1,0,0,0,1,0,0
WVLNWZ83A_1455-675-1967-1187,0,0,1,0,0,0,0,0,0
WVLNWZ83A_1426-8722-1938-9234,0,0,1,0,0,0,0,0,0
WVLNWZ83A_1396-5868-1908-6380,0,0,1,0,0,0,0,0,0
WVLNWZ83A_1530-8322-2042-8834,0,0,1,0,0,0,0,0,0
WVLNWZ83A_1484-4239-1996-4751,0,0,1,0,0,0,0,0,0
WVLNWZ83A_1467-5321-1979-5833,0,0,1,0,0,0,0,0,0
WVLNWZ83A_1535-5667-2047-6179,0,0,1,0,0,0,0,0,0
WVLNWZ83A_1588-7927-2100-8439,0,0,1,0,0,0,0,0,0
WVLNWZ83A_1661-1424-2173-1936,0,0,1,0,0,0,0,0,0
WVLNWZ83A_1687-1694-2199-2206,0,0,1,0,0,0,0,0,0
WVLNWZ83A_1720-4839-2232-5351,0,0,1,0,0,0,0,0,0
WVLNWZ83A_1743-3891-2255-4403,0,0,1,0,0,0,0,0,0
WVLNWZ83A_1758-8417-2270-8929,0,0,1,0,0,0,0,0,0
WVLNWZ83A_1720-4327-2232-4839,0,0,1,0,0,0,0,0,0
WVLNWZ83A_1814-8142-2326-8654,0,0,1,0,0,0,0,0,0
WVLNWZ83A_1734-8718-2246-9230,0,0,1,0,0,0,0,0,0
WVLNWZ83A_1839-2641-2351-3153,0,0,1,0,0,0,0,0,0
WVLNWZ83A_1894-2114-2406-2626,0,0,1,0,0,0,0,0,0
WVLNWZ83A_1872-690-2384-1202,0,0,1,0,0,0,0,0,0
WVLNWZ83A_1935-1784-2447-2296,0,0,1,0,0,0,0,0,0
WVLNWZ83A_1921-3266-2433-3778,0,0,1,0,0,0,0,0,0
WVLNWZ83A_2024-8795-2536-9307,0,0,1,0,0,0,0,0,0
WVLNWZ83A_1954-6850-2466-7362,0,0,1,0,0,0,0,0,0
WVLNWZ83A_2037-8439-2549-8951,0,0,1,0,0,0,0,0,0
WVLNWZ83A_2078-2310-2590-2822,0,0,1,0,0,0,0,0,0
WVLNWZ83A_2101-1607-2613-2119,0,0,1,0,0,0,0,0,0
WVLNWZ83A_2117-1136-2629-1648,0,0,1,0,0,0,0,0,0
WVLNWZ83A_2089-6345-2601-6857,0,0,1,0,0,0,0,0,0
WVLNWZ83A_2137-2034-2649-2546,0,0,1,0,0,0,0,0,0
WVLNWZ83A_2159-2680-2671-3192,0,0,1,0,0,0,0,0,0
WVLNWZ83A_2129-5487-2641-5999,0,0,1,0,0,0,0,0,0
WVLNWZ83A_2197-3506-2709-4018,0,0,1,0,0,0,0,0,0
WVLNWZ83A_2172-4031-2684-4543,0,0,1,0,0,0,0,0,0
WVLNWZ83A_2238-792-2750-1304,0,0,1,0,0,0,0,0,0
WVLNWZ83A_2202-7031-2714-7543,0,0,1,0,0,0,0,0,0
WVLNWZ83A_2282-5976-2794-6488,0,0,1,0,0,0,0,0,0
WVLNWZ83A_2270-9164-2782-9676,0,0,1,0,0,0,0,0,0
WVLNWZ83A_2387-609-2899-1121,0,0,1,0,0,0,0,0,0
WVLNWZ83A_2349-1922-2861-2434,0,0,1,0,0,0,0,0,0
WVLNWZ83A_2389-5569-2901-6081,0,0,1,0,0,0,0,0,0
WVLNWZ83A_2405-2470-2917-2982,0,0,1,0,0,0,0,0,0
WVLNWZ83A_2398-1222-2910-1734,0,0,1,0,0,0,0,0,0
WVLNWZ83A_2436-3758-2948-4270,0,0,1,0,0,0,0,0,0
WVLNWZ83A_2474-1498-2986-2010,0,0,1,0,0,0,0,0,0
WVLNWZ83A_2485-7526-2997-8038,0,0,1,0,0,0,0,0,0
WVLNWZ83A_2543-7887-3055-8399,0,0,1,0,0,0,0,0,0
WVLNWZ83A_2546-9090-3058-9602,0,0,1,0,0,0,0,0,0
WVLNWZ83A_2676-721-3188-1233,0,0,1,0,0,0,0,0,0
WVLNWZ83A_2720-4291-3232-4803,0,0,1,0,0,0,0,0,0
WVLNWZ83A_2636-6234-3148-6746,0,0,1,0,0,0,0,0,0
WVLNWZ83A_2756-6000-3268-6512,0,0,1,0,0,0,0,0,0
WVLNWZ83A_2755-1569-3267-2081,0,0,1,0,0,0,0,0,0
WVLNWZ83A_2727-7628-3239-8140,0,0,1,0,0,0,0,0,0
WVLNWZ83A_2798-7311-3310-7823,0,0,1,0,0,0,0,0,0
WVLNWZ83A_2771-8777-3283-9289,0,0,1,0,0,0,0,0,0
WVLNWZ83A_2761-8449-3273-8961,0,0,1,0,0,0,0,0,0
WVLNWZ83A_2821-4527-3333-5039,0,0,1,0,0,0,0,0,0
WVLNWZ83A_2837-6406-3349-6918,0,0,1,0,0,0,0,0,0
WVLNWZ83A_2842-3696-3354-4208,0,0,1,0,0,0,0,0,0
WVLNWZ83A_2836-5471-3348-5983,0,0,1,0,0,0,0,0,0
WVLNWZ83A_2837-2790-3349-3302,0,0,1,0,0,0,0,0,0
WVLNWZ83A_3040-1568-3552-2080,0,0,1,0,0,0,0,0,0
WVLNWZ83A_3000-8997-3512-9509,0,0,1,0,0,0,0,0,0
WVLNWZ83A_2947-798-3459-1310,0,0,1,0,0,0,0,0,0
WVLNWZ83A_3184-9329-3696-9841,0,0,1,0,0,0,0,0,0
WVLNWZ83A_3193-6050-3705-6562,0,0,1,0,0,0,0,0,0
WVLNWZ83A_3075-6273-3587-6785,0,0,1,0,0,0,0,0,0
WVLNWZ83A_3156-2697-3668-3209,0,0,1,0,0,0,0,0,0
WVLNWZ83A_3128-7241-3640-7753,0,0,1,0,0,0,0,0,0
WVLNWZ83A_3184-8305-3696-8817,0,0,1,0,0,0,0,0,0
WVLNWZ83A_3061-6573-3573-7085,0,0,1,0,0,0,1,0,0
WVLNWZ83A_3202-914-3714-1426,0,0,1,0,0,0,0,0,0
WVLNWZ83A_3201-4621-3713-5133,0,0,1,0,0,0,0,0,0
WVLNWZ83A_3224-8653-3736-9165,0,0,1,0,0,0,0,0,0
WVLNWZ83A_3232-639-3744-1151,0,0,1,0,0,0,0,0,0
WVLNWZ83A_3322-2342-3834-2854,0,0,1,0,0,0,0,0,0
WVLNWZ83A_3263-7465-3775-7977,0,0,1,0,0,0,0,0,0
WVLNWZ83A_3307-7977-3819-8489,0,0,1,0,0,0,0,0,0
WVLNWZ83A_3311-6503-3823-7015,0,0,1,0,0,0,1,0,0
WVLNWZ83A_3383-5539-3895-6051,0,0,1,0,0,0,0,0,0
WVLNWZ83A_3371-4357-3883-4869,0,0,1,0,0,0,0,0,0
WVLNWZ83A_3459-798-3971-1310,0,0,1,0,0,0,0,0,0
WVLNWZ83A_3656-4657-4168-5169,0,0,1,0,0,0,0,0,0
WVLNWZ83A_3461-3722-3973-4234,0,0,1,0,0,0,0,0,0
WVLNWZ83A_3689-7932-4201-8444,0,0,0,0,0,0,1,0,0
WVLNWZ83A_3692-5946-4204-6458,0,0,1,0,0,0,0,0,0
WVLNWZ83A_3673-9242-4185-9754,0,0,1,0,0,0,0,0,0
WVLNWZ83A_3655-8880-4167-9392,0,0,1,0,0,0,0,0,0
WVLNWZ83A_3704-8375-4216-8887,0,0,1,0,0,0,0,0,0
WVLNWZ83A_3800-629-4312-1141,0,0,1,0,0,0,0,0,0
WVLNWZ83A_3782-6370-4294-6882,0,0,1,0,0,0,1,0,0
WVLNWZ83A_3723-5283-4235-5795,0,0,1,0,0,0,1,0,0
WVLNWZ83A_3849-1685-4361-2197,0,0,1,0,0,0,0,0,0
WVLNWZ83A_3821-3828-4333-4340,0,0,1,0,0,0,0,0,0
WVLNWZ83A_3812-1425-4324-1937,0,0,1,0,0,0,0,0,0
WVLNWZ83A_3832-6678-4344-7190,0,0,1,0,0,0,1,0,0
WVLNWZ83A_3857-4867-4369-5379,0,0,1,0,0,0,1,0,0
WVLNWZ83A_3873-8562-4385-9074,0,0,1,0,0,0,0,0,0
WVLNWZ83A_3898-6077-4410-6589,0,0,1,0,0,0,0,0,0
WVLNWZ83A_4020-763-4532-1275,0,0,1,0,0,0,0,0,0
WVLNWZ83A_4029-6310-4541-6822,0,0,1,0,0,0,0,0,0
WVLNWZ83A_4046-4170-4558-4682,0,0,1,0,0,0,0,0,0
WVLNWZ83A_4130-1663-4642-2175,0,0,1,0,0,0,0,0,0
WVLNWZ83A_4052-5892-4564-6404,0,0,1,0,0,0,1,0,0
WVLNWZ83A_4092-8236-4604-8748,0,0,1,0,0,0,1,0,0
WVLNWZ83A_4034-3606-4546-4118,0,0,1,0,0,0,0,0,0
WVLNWZ83A_4119-7323-4631-7835,0,0,1,0,0,0,0,0,0
WVLNWZ83A_4225-3825-4737-4337,0,0,1,0,0,0,0,0,0
WVLNWZ83A_4141-5153-4653-5665,0,0,0,0,0,0,1,0,0
WVLNWZ83A_4141-5665-4653-6177,0,0,1,0,0,0,1,0,0
WVLNWZ83A_4241-4521-4753-5033,0,0,1,0,0,0,1,0,0
WVLNWZ83A_4231-7965-4743-8477,0,0,1,0,0,0,1,0,0
WVLNWZ83A_4227-1965-4739-2477,0,0,1,0,0,0,0,0,0
WVLNWZ83A_4279-7527-4791-8039,0,0,1,0,0,0,0,0,0
WVLNWZ83A_4300-2450-4812-2962,0,0,1,0,0,0,0,0,0
WVLNWZ83A_4301-618-4813-1130,0,0,1,0,0,0,0,0,0
WVLNWZ83A_4344-6678-4856-7190,0,0,1,0,0,0,1,0,0
WVLNWZ83A_4362-932-4874-1444,0,0,1,0,0,0,0,0,0
WVLNWZ83A_4362-4308-4874-4820,0,0,1,0,0,0,0,0,0
WVLNWZ83A_4430-5852-4942-6364,0,0,0,0,0,0,1,0,0
WVLNWZ83A_4352-8512-4864-9024,0,0,0,0,0,0,1,0,0
WVLNWZ83A_4443-1465-4955-1977,0,0,1,0,0,0,0,0,0
WVLNWZ83A_4430-6364-4942-6876,0,0,1,0,0,0,1,0,0
WVLNWZ83A_4478-8833-4990-9345,0,0,1,0,0,0,1,0,0
WVLNWZ83A_4453-3540-4965-4052,0,0,1,0,0,0,0,0,0
WVLNWZ83A_4485-3259-4997-3771,0,0,1,0,0,0,0,0,0
WVLNWZ83A_4507-9475-5019-9987,0,0,1,0,0,0,1,0,0
WVLNWZ83A_4501-6933-5013-7445,0,0,1,0,0,0,1,0,0
WVLNWZ83A_4567-572-5079-1084,0,0,1,0,0,0,0,0,0
WVLNWZ83A_4565-4107-5077-4619,0,0,1,0,0,0,0,0,0
WVLNWZ83A_4581-4645-5093-5157,0,0,1,0,0,0,0,0,0
WVLNWZ83A_4616-8018-5128-8530,0,0,1,0,0,0,1,0,0
WVLNWZ83A_4643-6488-5155-7000,0,0,1,0,0,0,1,0,0
WVLNWZ83A_4623-5020-5135-5532,0,0,1,0,0,0,0,0,0
WVLNWZ83A_4683-5489-5195-6001,0,0,1,0,0,0,0,0,0
WVLNWZ83A_4733-7556-5245-8068,0,0,1,0,0,0,1,0,0
WVLNWZ83A_4884-9253-5396-9765,0,0,1,0,0,0,1,0,0
WVLNWZ83A_4781-8881-5293-9393,0,0,1,0,0,0,1,0,0
WVLNWZ83A_4781-8369-5293-8881,0,0,1,0,0,0,1,0,0
WVLNWZ83A_4966-8162-5478-8674,0,0,1,0,0,0,1,0,0
WVLNWZ83A_4921-5566-5433-6078,0,0,1,0,0,0,0,0,0
WVLNWZ83A_4984-3393-5496-3905,0,0,1,0,0,0,0,0,0
WVLNWZ83A_4842-7213-5354-7725,0,0,1,0,0,0,1,0,0
WVLNWZ83A_5057-1063-5569-1575,0,0,1,0,0,0,0,0,0
WVLNWZ83A_5037-1656-5549-2168,0,0,1,0,0,0,0,0,0
WVLNWZ83A_5037-8938-5549-9450,0,0,1,0,0,0,1,0,0
WVLNWZ83A_5156-4042-5668-4554,0,0,1,0,0,0,0,0,0
WVLNWZ83A_5183-8037-5695-8549,0,0,1,0,0,0,0,0,0
WVLNWZ83A_5137-4897-5649-5409,0,0,1,0,0,0,0,0,0
WVLNWZ83A_5110-4502-5622-5014,0,0,1,0,0,0,0,0,0
WVLNWZ83A_5320-7314-5832-7826,0,0,1,0,0,0,0,0,0
WVLNWZ83A_5375-5792-5887-6304,0,0,1,0,0,0,1,0,0
WVLNWZ83A_5226-3502-5738-4014,0,0,1,0,0,0,0,0,0
WVLNWZ83A_5258-6079-5770-6591,0,0,1,0,0,0,1,0,0
WVLNWZ83A_5320-9594-5832-10106,0,0,1,0,0,0,0,0,0
WVLNWZ83A_5371-6692-5883-7204,0,0,1,0,0,0,0,0,0
WVLNWZ83A_5388-8937-5900-9449,0,0,1,0,0,0,0,0,0
WVLNWZ83A_5325-1511-5837-2023,0,0,1,0,0,0,0,0,0
WVLNWZ83A_5370-3295-5882-3807,0,0,1,0,0,0,0,0,0
WVLNWZ83A_5420-8129-5932-8641,0,0,1,0,0,0,0,0,0
WVLNWZ83A_5404-4426-5916-4938,0,0,1,0,0,0,0,0,0
WVLNWZ83A_5464-894-5976-1406,0,0,1,0,0,0,0,0,0
WVLNWZ83A_5441-7669-5953-8181,0,0,1,0,0,0,0,0,0
WVLNWZ83A_5536-5968-6048-6480,0,0,1,0,0,0,1,0,0
WVLNWZ83A_720-6514-1232-7026,0,0,1,0,0,0,0,0,0
WVLNWZ83A_5553-5321-6065-5833,0,0,1,0,0,0,0,0,0
WVLNWZ83A_646-5355-1158-5867,0,0,1,0,0,0,0,0,0
WVLNWZ83A_5536-6950-6048-7462,0,0,1,0,0,0,0,0,0
WVLNWZ83A_755-5807-1267-6319,0,0,1,0,0,0,0,0,0
WVLNWZ83A_745-4480-1257-4992,0,0,1,0,0,0,0,0,0
WVLNWZ83A_810-8263-1322-8775,0,0,1,0,0,0,0,0,0
WVLNWZ83A_781-2605-1293-3117,0,0,1,0,0,0,0,0,0
WVLNWZ83A_786-8965-1298-9477,0,0,1,0,0,0,0,0,0
WVLNWZ83A_811-3599-1323-4111,0,0,1,0,0,0,0,0,0
WVLNWZ83A_820-8686-1332-9198,0,0,1,0,0,0,0,0,0
WVLNWZ83A_861-1444-1373-1956,0,0,1,0,0,0,0,0,0
WVLNWZ83A_819-9232-1331-9744,0,0,1,0,0,0,0,0,0
WVLNWZ83A_880-1152-1392-1664,0,0,1,0,0,0,0,0,0
WVLNWZ83A_864-689-1376-1201,0,0,1,0,0,0,0,0,0
WVLNWZ83A_984-6277-1496-6789,0,0,1,0,0,0,0,0,0
WVLNWZ83A_982-6660-1494-7172,0,0,1,0,0,0,0,0,0
WVLNWZ83A_993-2403-1505-2915,0,0,1,0,0,0,0,0,0
WVLNWZ83A_993-8079-1505-8591,0,0,1,0,0,0,0,0,0
WWCAEGIYK_11188-2657-11700-3169,1,0,0,0,0,0,0,0,0
WVUTRV9H6_768-3448-1280-3960,0,0,0,0,1,0,0,0,0
WVUTRV9H6_820-3810-1332-4322,0,0,0,0,1,0,0,0,0
WWCAEGIYK_12079-2403-12591-2915,1,0,0,0,0,0,0,0,0
WWCAEGIYK_12212-2657-12724-3169,1,0,0,0,0,0,0,0,0
WWCAEGIYK_11700-2657-12212-3169,1,0,0,0,0,0,0,0,0
WWCAEGIYK_12079-2915-12591-3427,1,0,0,0,0,0,0,0,0
WWCAEGIYK_13103-2915-13615-3427,1,0,0,0,0,0,0,0,0
WWCAEGIYK_11374-2252-11886-2764,1,0,0,0,0,0,0,0,0
WWCAEGIYK_12760-3115-13272-3627,1,0,0,0,0,0,0,0,0
WWCAEGIYK_12591-2403-13103-2915,1,0,0,0,0,0,0,0,0
WWCAEGIYK_12591-2915-13103-3427,1,0,0,0,0,0,0,0,0
WWCAEGIYK_17351-8742-17863-9254,1,0,0,0,0,0,0,0,0
WWCAEGIYK_18189-8448-18701-8960,1,0,0,0,0,0,0,0,0
WWFU2LZDU_1244-8254-1756-8766,0,1,0,0,0,0,0,0,0
WWFU2LZDU_1244-8766-1756-9278,0,1,0,0,0,0,0,0,0
WWCAEGIYK_18347-8712-18859-9224,1,0,0,0,0,0,0,0,0
WWFU2LZDU_2268-7742-2780-8254,0,1,0,0,0,0,0,0,0
WWFU2LZDU_1756-8766-2268-9278,0,1,0,0,0,0,0,0,0
WWFU2LZDU_2268-8766-2780-9278,0,1,0,0,0,0,0,0,0
WWFU2LZDU_1756-7742-2268-8254,0,1,0,0,0,0,0,0,0
WWFU2LZDU_2780-7742-3292-8254,0,1,0,0,0,0,0,0,0
WWFU2LZDU_3447-5358-3959-5870,0,1,0,0,0,0,0,0,0
WWIE7HRXA_1044-3622-1556-4134,0,0,0,0,0,0,0,0,1
WX322IR38_1406-1526-1918-2038,0,0,0,0,0,1,0,0,0
WWFU2LZDU_2780-8254-3292-8766,0,1,0,0,0,0,0,0,0
WWIE7HRXA_1649-4746-2161-5258,0,0,0,0,0,0,0,0,1
WWIE7HRXA_1859-4931-2371-5443,0,0,0,0,0,0,0,0,1
WWFU2LZDU_2780-8766-3292-9278,0,1,0,0,0,0,0,0,0
WX322IR38_1918-1526-2430-2038,0,0,0,0,0,1,0,0,0
WX322IR38_2624-1397-3136-1909,0,0,0,0,0,1,0,0,0
WX322IR38_3290-1262-3802-1774,0,0,0,0,0,1,0,0,0
WX322IR38_3648-1397-4160-1909,0,0,0,0,0,1,0,0,0
WX322IR38_3290-750-3802-1262,0,0,0,0,0,1,0,0,0
WX322IR38_4034-596-4546-1108,0,0,0,0,0,1,0,0,0
WX322IR38_4304-1201-4816-1713,0,0,0,0,0,1,0,0,0
WX322IR38_4339-814-4851-1326,0,0,0,0,0,1,0,0,0
WX322IR38_4851-814-5363-1326,0,0,0,0,0,1,0,0,0
WX322IR38_5137-682-5649-1194,0,0,0,0,0,1,0,0,0
WXJWTX9PK_2077-4392-2589-4904,0,0,1,0,0,0,0,0,0
WXJWTX9PK_1623-4381-2135-4893,0,0,1,0,0,0,0,0,0
WXJWTX9PK_1245-4801-1757-5313,0,0,1,0,0,0,0,0,0
WXJWTX9PK_2589-4392-3101-4904,0,0,1,0,0,0,0,0,0
WXJWTX9PK_1111-4381-1623-4893,0,0,1,0,0,0,0,0,0
WXJWTX9PK_2802-2001-3314-2513,0,0,1,0,0,0,0,0,0
WXJWTX9PK_2980-3912-3492-4424,0,0,1,0,0,0,0,0,0
WX322IR38_5452-666-5964-1178,0,0,0,0,0,1,0,0,0
WXJWTX9PK_3147-5032-3659-5544,0,0,1,0,0,0,0,0,0
WXJWTX9PK_3150-4753-3662-5265,0,0,1,0,0,0,0,0,0
WXJWTX9PK_3166-1867-3678-2379,0,0,1,0,0,0,0,0,0
WXJWTX9PK_3354-7436-3866-7948,0,0,1,0,0,0,0,0,0
WXJWTX9PK_3242-4368-3754-4880,0,0,1,0,0,0,0,0,0
WXJWTX9PK_3166-2379-3678-2891,0,0,1,0,0,0,0,0,0
WXJWTX9PK_3518-1510-4030-2022,0,0,1,0,0,0,0,0,0
WXJWTX9PK_3453-8002-3965-8514,0,0,1,0,0,0,0,0,0
WXJWTX9PK_3518-998-4030-1510,0,0,1,0,0,0,0,0,0
WXJWTX9PK_3638-568-4150-1080,0,0,1,0,0,0,0,0,0
WXJWTX9PK_5157-6544-5669-7056,0,0,1,0,0,0,0,0,0
WXJWTX9PK_4952-5998-5464-6510,0,0,1,0,0,0,0,0,0
WXJWTX9PK_3854-6549-4366-7061,0,0,1,0,0,0,0,0,0
WXJWTX9PK_4012-1600-4524-2112,0,0,1,0,0,0,0,0,0
WXJWTX9PK_5300-5837-5812-6349,0,0,1,0,0,0,0,0,0
WXJWTX9PK_5073-2276-5585-2788,0,0,1,0,0,0,0,0,0
WXJWTX9PK_5347-2050-5859-2562,0,0,1,0,0,0,0,0,0
WXJWTX9PK_4150-568-4662-1080,0,0,1,0,0,0,0,0,0
WXJWTX9PK_5647-6441-6159-6953,0,0,1,0,0,0,0,0,0
WXJWTX9PK_5809-2842-6321-3354,0,0,1,0,0,0,0,0,0
WXJWTX9PK_599-4381-1111-4893,0,0,1,0,0,0,0,0,0
WXJWTX9PK_5996-5545-6508-6057,0,0,1,0,0,0,0,0,0
WXJWTX9PK_6119-957-6631-1469,0,0,1,0,0,0,0,0,0
WXJWTX9PK_6601-1722-7113-2234,0,0,1,0,0,0,0,0,0
WXJWTX9PK_6794-2575-7306-3087,0,0,1,0,0,0,0,0,0
WXJWTX9PK_7300-1556-7812-2068,0,0,1,0,0,0,0,0,0
WXZFNUK6W_1225-5437-1737-5949,1,0,0,0,0,0,0,0,0
WXJWTX9PK_7315-7778-7827-8290,0,0,1,0,0,0,0,0,0
WXJWTX9PK_7613-4532-8125-5044,0,0,1,0,0,0,0,0,0
WXJWTX9PK_827-5051-1339-5563,0,0,1,0,0,0,0,0,0
WXZFNUK6W_1272-6328-1784-6840,1,0,0,0,0,0,0,0,0
WXJWTX9PK_7411-2424-7923-2936,0,0,1,0,0,0,0,0,0
WXJWTX9PK_7472-4760-7984-5272,0,0,1,0,0,0,0,0,0
WXJWTX9PK_7470-3458-7982-3970,0,0,1,0,0,0,0,0,0
WXJWTX9PK_7731-987-8243-1499,0,0,1,0,0,0,0,0,0
WXZFNUK6W_1664-6937-2176-7449,1,0,0,0,0,0,0,0,0
WXZFNUK6W_1272-6840-1784-7352,1,0,0,0,0,0,0,0,0
WXZFNUK6W_1664-7449-2176-7961,1,0,0,0,0,0,0,0,0
WXZFNUK6W_2176-6937-2688-7449,1,0,0,0,0,0,0,0,0
WXZFNUK6W_2375-7771-2887-8283,1,0,0,0,0,0,0,0,0
WXZFNUK6W_2176-7449-2688-7961,1,0,0,0,0,0,0,0,0
WXZFNUK6W_2688-6937-3200-7449,1,0,0,0,0,0,0,0,0
WXZFNUK6W_2688-7449-3200-7961,1,0,0,0,0,0,0,0,0
WXZFNUK6W_760-6328-1272-6840,1,0,0,0,0,0,0,0,0
WXZFNUK6W_760-6840-1272-7352,1,0,0,0,0,0,0,0,0
WYZ641E9J_3961-1437-4473-1949,0,1,0,0,0,0,0,0,0
WYQNCNZ11_957-1396-1469-1908,0,1,0,0,0,0,0,0,0
WYNM7ZW32_2816-8276-3328-8788,0,0,0,0,0,0,0,0,1
WYZ641E9J_3618-850-4130-1362,0,1,0,0,0,0,0,0,0
WYZ641E9J_1040-3082-1552-3594,0,1,0,0,0,0,0,0,0
WYZ641E9J_3107-610-3619-1122,0,1,0,0,0,0,0,0,0
WYZ641E9J_3941-1747-4453-2259,0,1,0,0,0,0,0,0,0
WYZ641E9J_4350-577-4862-1089,0,1,0,0,0,0,0,0,0
WYZ641E9J_4253-1166-4765-1678,0,1,0,0,0,0,0,0,0
WYZ641E9J_4130-850-4642-1362,0,1,0,0,0,0,0,0,0
WYZ641E9J_4653-583-5165-1095,0,1,0,0,0,0,0,0,0
WYZ641E9J_4453-1747-4965-2259,0,1,0,0,0,0,0,0,0
WYZ641E9J_4484-1447-4996-1959,0,1,0,0,0,0,0,0,0
WYZ641E9J_4965-1747-5477-2259,0,1,0,0,0,0,0,0,0
WYZ641E9J_610-804-1122-1316,0,1,0,0,0,0,0,0,0
WYZ641E9J_5054-614-5566-1126,0,1,0,0,0,0,0,0,0
WYZ641E9J_4996-1447-5508-1959,0,1,0,0,0,0,0,0,0
WYZ641E9J_6493-1045-7005-1557,0,1,0,0,0,0,0,0,0
WYZ641E9J_7005-1045-7517-1557,0,1,0,0,0,0,0,0,0
WYZ641E9J_6584-1697-7096-2209,0,1,0,0,0,0,0,0,0
WYZ641E9J_6713-1318-7225-1830,0,1,0,0,0,0,0,0,0
WYZ641E9J_7288-2385-7800-2897,0,1,0,0,0,0,0,0,0
WYZ641E9J_7948-3080-8460-3592,0,1,0,0,0,0,0,0,0
WYZ641E9J_8428-3659-8940-4171,0,1,0,0,0,0,0,0,0
WYZ641E9J_7898-603-8410-1115,0,1,0,0,0,0,0,0,0
WYZ641E9J_8503-1335-9015-1847,0,1,0,0,0,0,0,0,0
WYZ641E9J_8805-3455-9317-3967,0,1,0,0,0,0,0,0,0
WYZ641E9J_8805-3967-9317-4479,0,1,0,0,0,0,0,0,0
WYZ641E9J_8977-3150-9489-3662,0,1,0,0,0,0,0,0,0
WYZ641E9J_8954-1184-9466-1696,0,1,0,0,0,0,0,0,0
WYZ641E9J_9022-1931-9534-2443,0,1,0,0,0,0,0,0,0
WZ199K1KP_10216-15713-10728-16225,0,1,0,0,0,0,0,0,0
WZ199K1KP_10419-10157-10931-10669,0,1,0,0,0,0,0,0,0
WZ199K1KP_10728-15713-11240-16225,0,1,0,0,0,0,0,0,0
WZ199K1KP_10419-11181-10931-11693,0,1,0,0,0,0,0,0,0
WZ199K1KP_10510-9481-11022-9993,0,1,0,0,0,0,0,0,0
WZ199K1KP_1365-14879-1877-15391,0,1,0,0,0,0,0,0,0
WZ199K1KP_10711-13858-11223-14370,0,1,0,0,0,0,0,0,0
WZ199K1KP_1350-10310-1862-10822,0,1,0,0,0,0,0,0,0
WZ199K1KP_1059-11240-1571-11752,0,1,0,0,0,0,0,0,0
WZ199K1KP_10711-13346-11223-13858,0,1,0,0,0,0,0,0,0
WZ199K1KP_10419-10669-10931-11181,0,1,0,0,0,0,0,0,0
WZ199K1KP_1365-15391-1877-15903,0,1,0,0,0,0,0,0,0
WZ199K1KP_1877-14879-2389-15391,0,1,0,0,0,0,0,0,0
WZ199K1KP_1365-15903-1877-16415,0,1,0,0,0,0,0,0,0
WZ199K1KP_1571-11240-2083-11752,0,1,0,0,0,0,0,0,0
WZ199K1KP_1877-15391-2389-15903,0,1,0,0,0,0,0,0,0
WZ199K1KP_1877-15903-2389-16415,0,1,0,0,0,0,0,0,0
WZ199K1KP_3339-14708-3851-15220,0,1,0,0,0,0,0,0,0
WZ199K1KP_3331-8512-3843-9024,0,1,0,0,0,0,0,0,0
WZ199K1KP_3513-14308-4025-14820,0,1,0,0,0,0,0,0,0
WZ199K1KP_3389-2775-3901-3287,0,1,0,0,0,0,0,0,0
WZ199K1KP_3389-3287-3901-3799,0,1,0,0,0,0,0,0,0
WZ199K1KP_3851-15220-4363-15732,0,1,0,0,0,0,0,0,0
WZ199K1KP_3901-3287-4413-3799,0,1,0,0,0,0,0,0,0
WZ199K1KP_3722-3099-4234-3611,0,1,0,0,0,0,0,0,0
WZ199K1KP_3949-6848-4461-7360,0,1,0,0,0,0,0,0,0
WZ199K1KP_3722-3611-4234-4123,0,1,0,0,0,0,0,0,0
WZ199K1KP_3851-14708-4363-15220,0,1,0,0,0,0,0,0,0
WZ199K1KP_3901-2775-4413-3287,0,1,0,0,0,0,0,0,0
WZ199K1KP_4025-12772-4537-13284,0,1,0,0,0,0,0,0,0
WZ199K1KP_4025-13284-4537-13796,0,1,0,0,0,0,0,0,0
WZ199K1KP_3949-7360-4461-7872,0,1,0,0,0,0,0,0,0
WZ199K1KP_4025-13796-4537-14308,0,1,0,0,0,0,0,0,0
WZ199K1KP_4187-8886-4699-9398,0,1,0,0,0,0,0,0,0
WZ199K1KP_4025-14308-4537-14820,0,1,0,0,0,0,0,0,0
WZ199K1KP_4234-3099-4746-3611,0,1,0,0,0,0,0,0,0
WZ199K1KP_4234-3611-4746-4123,0,1,0,0,0,0,0,0,0
WZ199K1KP_4461-7360-4973-7872,0,1,0,0,0,0,0,0,0
WZ199K1KP_4461-6848-4973-7360,0,1,0,0,0,0,0,0,0
WZ199K1KP_4461-7872-4973-8384,0,1,0,0,0,0,0,0,0
WZ199K1KP_4537-12772-5049-13284,0,1,0,0,0,0,0,0,0
WZ199K1KP_4363-14708-4875-15220,0,1,0,0,0,0,0,0,0
WZ199K1KP_4363-15220-4875-15732,0,1,0,0,0,0,0,0,0
WZ199K1KP_4537-13796-5049-14308,0,1,0,0,0,0,0,0,0
WZ199K1KP_4537-13284-5049-13796,0,1,0,0,0,0,0,0,0
WZ199K1KP_4537-14308-5049-14820,0,1,0,0,0,0,0,0,0
WZ199K1KP_4699-8886-5211-9398,0,1,0,0,0,0,0,0,0
WZ199K1KP_4784-10201-5296-10713,0,1,0,0,0,0,0,0,0
WZ199K1KP_4746-3611-5258-4123,0,1,0,0,0,0,0,0,0
WZ199K1KP_4746-3099-5258-3611,0,1,0,0,0,0,0,0,0
WZ199K1KP_4784-9177-5296-9689,0,1,0,0,0,0,0,0,0
WZ199K1KP_4784-9689-5296-10201,0,1,0,0,0,0,0,0,0
WZ199K1KP_4875-14708-5387-15220,0,1,0,0,0,0,0,0,0
WZ199K1KP_4973-6848-5485-7360,0,1,0,0,0,0,0,0,0
WZ199K1KP_4875-15220-5387-15732,0,1,0,0,0,0,0,0,0
WZ199K1KP_5049-14308-5561-14820,0,1,0,0,0,0,0,0,0
WZ199K1KP_4973-7872-5485-8384,0,1,0,0,0,0,0,0,0
WZ199K1KP_5049-13796-5561-14308,0,1,0,0,0,0,0,0,0
WZ199K1KP_5296-10201-5808-10713,0,1,0,0,0,0,0,0,0
WZ199K1KP_5296-9177-5808-9689,0,1,0,0,0,0,0,0,0
WZ199K1KP_5049-13284-5561-13796,0,1,0,0,0,0,0,0,0
WZ199K1KP_5296-9689-5808-10201,0,1,0,0,0,0,0,0,0
WZ199K1KP_5485-6848-5997-7360,0,1,0,0,0,0,0,0,0
WZ199K1KP_4973-7360-5485-7872,0,1,0,0,0,0,0,0,0
WZ199K1KP_5485-7360-5997-7872,0,1,0,0,0,0,0,0,0
WZ199K1KP_5808-9177-6320-9689,0,1,0,0,0,0,0,0,0
WZ199K1KP_5808-10201-6320-10713,0,1,0,0,0,0,0,0,0
WZ199K1KP_5808-9689-6320-10201,0,1,0,0,0,0,0,0,0
WZ199K1KP_6017-14265-6529-14777,0,1,0,0,0,0,0,0,0
WZ199K1KP_6258-8706-6770-9218,0,1,0,0,0,0,0,0,0
WZ199K1KP_6017-14777-6529-15289,0,1,0,0,0,0,0,0,0
WZ199K1KP_6320-9689-6832-10201,0,1,0,0,0,0,0,0,0
WZ199K1KP_6409-11421-6921-11933,0,1,0,0,0,0,0,0,0
WZ199K1KP_6409-12628-6921-13140,0,1,0,0,0,0,0,0,0
WZ199K1KP_6529-14265-7041-14777,0,1,0,0,0,0,0,0,0
WZ199K1KP_6409-11933-6921-12445,0,1,0,0,0,0,0,0,0
WZ199K1KP_6320-9177-6832-9689,0,1,0,0,0,0,0,0,0
WZ199K1KP_6750-14586-7262-15098,0,1,0,0,0,0,0,0,0
WZ199K1KP_6529-14777-7041-15289,0,1,0,0,0,0,0,0,0
WZ199K1KP_6529-15289-7041-15801,0,1,0,0,0,0,0,0,0
WZ199K1KP_6770-8706-7282-9218,0,1,0,0,0,0,0,0,0
WZ199K1KP_6750-14074-7262-14586,0,1,0,0,0,0,0,0,0
WZ199K1KP_6921-11421-7433-11933,0,1,0,0,0,0,0,0,0
WZ199K1KP_6921-11933-7433-12445,0,1,0,0,0,0,0,0,0
WZ199K1KP_7083-8994-7595-9506,0,1,0,0,0,0,0,0,0
WZ199K1KP_6921-12445-7433-12957,0,1,0,0,0,0,0,0,0
WZ199K1KP_7200-12672-7712-13184,0,1,0,0,0,0,0,0,0
WZ199K1KP_7200-13184-7712-13696,0,1,0,0,0,0,0,0,0
WZ199K1KP_7388-15020-7900-15532,0,1,0,0,0,0,0,0,0
WZ199K1KP_7262-14074-7774-14586,0,1,0,0,0,0,0,0,0
WZ199K1KP_7200-13696-7712-14208,0,1,0,0,0,0,0,0,0
WZ199K1KP_7388-16044-7900-16556,0,1,0,0,0,0,0,0,0
WZ199K1KP_7388-15532-7900-16044,0,1,0,0,0,0,0,0,0
WZ199K1KP_7433-11933-7945-12445,0,1,0,0,0,0,0,0,0
WZ199K1KP_7433-11421-7945-11933,0,1,0,0,0,0,0,0,0
WZ199K1KP_7262-14586-7774-15098,0,1,0,0,0,0,0,0,0
WZ199K1KP_7433-12445-7945-12957,0,1,0,0,0,0,0,0,0
WZ199K1KP_7712-13184-8224-13696,0,1,0,0,0,0,0,0,0
WZ199K1KP_7712-12672-8224-13184,0,1,0,0,0,0,0,0,0
WZ199K1KP_7712-13696-8224-14208,0,1,0,0,0,0,0,0,0
WZ199K1KP_7900-15532-8412-16044,0,1,0,0,0,0,0,0,0
WZ199K1KP_7774-14074-8286-14586,0,1,0,0,0,0,0,0,0
WZ199K1KP_7900-15020-8412-15532,0,1,0,0,0,0,0,0,0
WZ199K1KP_7774-14586-8286-15098,0,1,0,0,0,0,0,0,0
WZ199K1KP_8224-13696-8736-14208,0,1,0,0,0,0,0,0,0
WZ199K1KP_7900-16044-8412-16556,0,1,0,0,0,0,0,0,0
WZ199K1KP_8286-14074-8798-14586,0,1,0,0,0,0,0,0,0
WZ199K1KP_8224-13184-8736-13696,0,1,0,0,0,0,0,0,0
WZ199K1KP_853-14367-1365-14879,0,1,0,0,0,0,0,0,0
WZ199K1KP_8421-15511-8933-16023,0,1,0,0,0,0,0,0,0
WZ199K1KP_8286-14586-8798-15098,0,1,0,0,0,0,0,0,0
WZ199K1KP_8421-16023-8933-16535,0,1,0,0,0,0,0,0,0
WZ199K1KP_8863-12781-9375-13293,0,1,0,0,0,0,0,0,0
WZ199K1KP_8933-16023-9445-16535,0,1,0,0,0,0,0,0,0
WZ199K1KP_8551-14896-9063-15408,0,1,0,0,0,0,0,0,0
WZ199K1KP_853-14879-1365-15391,0,1,0,0,0,0,0,0,0
WZ199K1KP_8933-15511-9445-16023,0,1,0,0,0,0,0,0,0
WZ199K1KP_9069-15825-9581-16337,0,1,0,0,0,0,0,0,0
WZ199K1KP_8974-9993-9486-10505,0,1,0,0,0,0,0,0,0
WZ199K1KP_9069-15313-9581-15825,0,1,0,0,0,0,0,0,0
WZ199K1KP_9154-13717-9666-14229,0,1,0,0,0,0,0,0,0
WZ199K1KP_9160-9106-9672-9618,0,1,0,0,0,0,0,0,0
WZ199K1KP_9486-9993-9998-10505,0,1,0,0,0,0,0,0,0
WZ199K1KP_9581-15313-10093-15825,0,1,0,0,0,0,0,0,0
WZ199K1KP_9395-10669-9907-11181,0,1,0,0,0,0,0,0,0
WZ199K1KP_9998-9481-10510-9993,0,1,0,0,0,0,0,0,0
WZ199K1KP_9486-9481-9998-9993,0,1,0,0,0,0,0,0,0
WZ199K1KP_9395-11181-9907-11693,0,1,0,0,0,0,0,0,0
WZ199K1KP_9581-15825-10093-16337,0,1,0,0,0,0,0,0,0
WZ199K1KP_9998-9993-10510-10505,0,1,0,0,0,0,0,0,0
WZ199K1KP_9907-11181-10419-11693,0,1,0,0,0,0,0,0,0
WZ23N3RCF_20969-7302-21481-7814,0,1,0,0,0,0,0,0,0
WZ199K1KP_9666-13717-10178-14229,0,1,0,0,0,0,0,0,0
WZ23N3RCF_21481-6790-21993-7302,0,1,0,0,0,0,0,0,0
WZ23N3RCF_21481-7302-21993-7814,0,1,0,0,0,0,0,0,0
WZ23N3RCF_22505-6790-23017-7302,0,1,0,0,0,0,0,0,0
WZ23N3RCF_21993-6790-22505-7302,0,1,0,0,0,0,0,0,0
WZ23N3RCF_21993-7302-22505-7814,0,1,0,0,0,0,0,0,0
WZ23N3RCF_23621-6377-24133-6889,0,1,0,0,0,0,0,0,0
WZ23N3RCF_24459-5984-24971-6496,0,1,0,0,0,0,0,0,0
WZAD6ITCR_2113-530-2625-1042,0,0,0,0,0,0,0,0,1
WZAD6ITCR_3599-12325-4111-12837,0,0,0,0,0,0,0,0,1
WZAD6ITCR_4054-840-4566-1352,0,0,0,0,0,0,0,0,1
WZAD6ITCR_3615-936-4127-1448,0,0,0,0,0,0,0,0,1
WZAD6ITCR_2141-1462-2653-1974,0,0,0,0,0,0,0,0,1
WZAD6ITCR_4297-8744-4809-9256,0,0,0,0,0,0,0,0,1
WZAD6ITCR_1868-776-2380-1288,0,0,0,0,0,0,0,0,1
WZAD6ITCR_3901-12544-4413-13056,0,0,0,0,0,0,0,0,1
WZAD6ITCR_4308-928-4820-1440,0,0,0,0,0,0,0,0,1
WZAD6ITCR_4354-5318-4866-5830,0,0,0,0,0,0,0,0,1
WZAD6ITCR_4360-4579-4872-5091,0,0,0,0,0,0,0,0,1
WZAD6ITCR_4354-5830-4866-6342,0,0,0,0,0,0,0,0,1
WZAD6ITCR_4409-1961-4921-2473,0,0,0,0,0,0,0,0,1
WZAZEB8VP_11070-5009-11582-5521,1,0,0,0,0,0,0,0,0
WZAZEB8VP_11582-5009-12094-5521,1,0,0,0,0,0,0,0,0
WZAD6ITCR_4464-603-4976-1115,0,0,0,0,0,0,0,0,1
WZAZEB8VP_12094-5009-12606-5521,1,0,0,0,0,0,0,0,0
WZAZEB8VP_16688-5146-17200-5658,1,0,0,0,0,0,0,0,0
WZAZEB8VP_15090-5161-15602-5673,1,0,0,0,0,0,0,0,0
WZAZEB8VP_15090-4649-15602-5161,1,0,0,0,0,0,0,0,0
WZAZEB8VP_12885-4749-13397-5261,1,0,0,0,0,0,0,0,0
WZAZEB8VP_15602-4649-16114-5161,1,0,0,0,0,0,0,0,0
WZAZEB8VP_14578-4649-15090-5161,1,0,0,0,0,0,0,0,0
WZAZEB8VP_16114-4649-16626-5161,1,0,0,0,0,0,0,0,0
WZAZEB8VP_14578-5161-15090-5673,1,0,0,0,0,0,0,0,0
WZAZEB8VP_2394-4732-2906-5244,1,0,0,0,0,0,0,0,0
WZAZEB8VP_16114-5161-16626-5673,1,0,0,0,0,0,0,0,0
WZAZEB8VP_3483-4955-3995-5467,1,0,0,0,0,0,0,0,0
WZAZEB8VP_3825-4838-4337-5350,1,0,0,0,0,0,0,0,0
WZAZEB8VP_6829-4700-7341-5212,1,0,0,0,0,0,0,0,0
WZAZEB8VP_2906-4732-3418-5244,1,0,0,0,0,0,0,0,0
WZAZEB8VP_7341-4700-7853-5212,1,0,0,0,0,0,0,0,0
WZAZEB8VP_7853-4700-8365-5212,1,0,0,0,0,0,0,0,0
WZAZEB8VP_7853-5212-8365-5724,1,0,0,0,0,0,0,0,0
WZAZEB8VP_8365-4700-8877-5212,1,0,0,0,0,0,0,0,0
WZLZU9V6B_3207-772-3719-1284,0,0,0,0,1,0,0,0,0
WZLZU9V6B_3287-1279-3799-1791,0,0,0,0,1,0,0,0,0
WZAZEB8VP_8877-4700-9389-5212,1,0,0,0,0,0,0,0,0
WZLZU9V6B_3214-1658-3726-2170,0,0,0,0,1,1,0,0,0
WZAZEB8VP_8877-5212-9389-5724,1,0,0,0,0,0,0,0,0
WZAZEB8VP_8365-5212-8877-5724,1,0,0,0,0,0,0,0,0
WZLZU9V6B_946-1063-1458-1575,0,0,0,0,1,0,0,0,0
WZLZU9V6B_894-763-1406-1275,0,0,0,0,1,0,0,0,0
WZLZU9V6B_947-1507-1459-2019,0,0,0,0,1,0,0,0,0
X1ERDCQX2_2394-651-2906-1163,0,0,0,0,0,1,0,0,0
X1X71C63M_1710-2482-2222-2994,0,0,0,0,0,1,0,0,0
X1X71C63M_2135-610-2647-1122,0,0,1,0,0,0,0,0,0
X1X71C63M_2213-930-2725-1442,0,0,1,0,0,0,0,0,0
X1X71C63M_2297-393-2809-905,0,0,1,0,0,0,0,0,0
X1X71C63M_2652-995-3164-1507,0,0,1,0,0,0,0,0,0
X1X71C63M_2415-1221-2927-1733,0,0,1,0,0,0,0,0,0
X1X71C63M_2718-447-3230-959,0,0,1,0,0,1,0,0,0
X1X71C63M_2724-1822-3236-2334,0,0,1,0,0,0,0,0,0
X1X71C63M_2877-2595-3389-3107,0,0,1,0,0,0,0,0,0
X1X71C63M_2746-2845-3258-3357,0,0,1,0,0,0,0,0,0
X1X71C63M_2779-5288-3291-5800,0,0,0,0,0,1,0,0,0
X1XMTL6QX_7303-723-7815-1235,0,0,0,0,0,0,0,0,1
X1XMTL6QX_2379-8609-2891-9121,0,0,0,0,0,0,0,0,1
X1XMTL6QX_2379-8097-2891-8609,0,0,0,0,0,0,0,0,1
X1X71C63M_349-2281-861-2793,0,0,0,0,0,1,0,0,0
X1XMTL6QX_1049-8740-1561-9252,0,0,0,0,0,0,0,0,1
X1XMTL6QX_6072-715-6584-1227,0,0,0,0,0,0,0,0,1
X2BC1NHPC_10233-4127-10745-4639,0,1,0,0,0,0,0,0,0
X2BC1NHPC_10143-3492-10655-4004,0,1,0,0,0,0,0,0,0
X2BC1NHPC_9039-4139-9551-4651,0,1,0,0,0,0,0,0,0
X1XMTL6QX_7600-726-8112-1238,0,0,0,0,0,0,0,0,1
X2BC1NHPC_9728-1026-10240-1538,0,1,0,0,0,0,0,0,0
X2D9HB8IL_1592-1999-2104-2511,0,0,0,0,0,0,0,0,1
X2BC1NHPC_9728-514-10240-1026,0,1,0,0,0,0,0,0,0
X2D9HB8IL_2138-858-2650-1370,0,0,0,0,0,0,0,0,1
X2D9HB8IL_2961-3405-3473-3917,0,0,0,0,0,0,0,0,1
X2D9HB8IL_3331-3505-3843-4017,0,0,0,0,0,0,0,0,1
X2D9HB8IL_3530-831-4042-1343,0,0,0,0,0,0,0,0,1
X2D9HB8IL_3220-667-3732-1179,0,0,0,0,0,0,0,0,1
X2D9HB8IL_3731-983-4243-1495,0,0,0,0,0,0,0,0,1
X2D9HB8IL_3885-1682-4397-2194,0,0,0,0,0,0,0,0,1
X2D9HB8IL_4107-1843-4619-2355,0,0,0,0,0,0,0,0,1
X2D9HB8IL_4206-2084-4718-2596,0,0,0,0,0,0,0,0,1
X2D9HB8IL_4102-3045-4614-3557,0,0,0,0,0,0,0,0,1
X2D9HB8IL_4302-1671-4814-2183,0,0,0,0,0,0,0,0,1
X2D9HB8IL_4566-1786-5078-2298,0,0,0,0,0,0,0,0,1
X2D9HB8IL_4340-3491-4852-4003,0,0,0,0,0,0,0,0,1
X2D9HB8IL_904-2803-1416-3315,0,0,0,0,0,0,0,0,1
X2D9HB8IL_718-2993-1230-3505,0,0,0,0,0,0,0,0,1
X2E86NFZN_1067-358-1579-870,1,0,0,0,0,0,0,0,0
X2E86NFZN_1160-6468-1672-6980,1,0,0,0,0,0,0,0,0
X2E86NFZN_1160-6980-1672-7492,1,0,0,0,0,0,0,0,0
X2E86NFZN_1315-1723-1827-2235,1,0,0,0,0,0,0,0,0
X2E86NFZN_1315-2235-1827-2747,1,0,0,0,0,0,0,0,0
X2E86NFZN_1386-6571-1898-7083,1,0,0,0,0,0,0,0,0
X2E86NFZN_1315-2747-1827-3259,1,0,0,0,0,0,0,0,0
X2E86NFZN_1579-358-2091-870,1,0,0,0,0,0,0,0,0
X2E86NFZN_1827-2235-2339-2747,1,0,0,0,0,0,0,0,0
X2E86NFZN_1827-1723-2339-2235,1,0,0,0,0,0,0,0,0
X2E86NFZN_1787-7693-2299-8205,1,0,0,0,0,0,0,0,0
X2E86NFZN_1556-643-2068-1155,1,0,0,0,0,0,0,0,0
X2E86NFZN_1386-7083-1898-7595,1,0,0,0,0,0,0,0,0
X2E86NFZN_1898-7083-2410-7595,1,0,0,0,0,0,0,0,0
X2E86NFZN_2106-3440-2618-3952,1,0,0,0,0,0,0,0,0
X2E86NFZN_2081-10555-2593-11067,1,0,0,0,0,0,0,0,0
X2E86NFZN_214-7520-726-8032,1,0,0,0,0,0,0,0,0
X2E86NFZN_2114-9070-2626-9582,1,0,0,0,0,0,0,0,0
X2E86NFZN_2306-7041-2818-7553,1,0,0,0,0,0,0,0,0
X2E86NFZN_2316-8596-2828-9108,1,0,0,0,0,0,0,0,0
X2E86NFZN_2324-8879-2836-9391,1,0,0,0,0,0,0,0,0
X2E86NFZN_2339-2235-2851-2747,1,0,0,0,0,0,0,0,0
X2E86NFZN_2339-1723-2851-2235,1,0,0,0,0,0,0,0,0
X2E86NFZN_588-7232-1100-7744,1,0,0,0,0,0,0,0,0
X2E86NFZN_2425-8157-2937-8669,1,0,0,0,0,0,0,0,0
X2E86NFZN_291-2747-803-3259,1,0,0,0,0,0,0,0,0
X2E86NFZN_281-8261-793-8773,1,0,0,0,0,0,0,0,0
X2E86NFZN_2402-10557-2914-11069,1,0,0,0,0,0,0,0,0
X2E86NFZN_291-1723-803-2235,1,0,0,0,0,0,0,0,0
X2E86NFZN_291-2235-803-2747,1,0,0,0,0,0,0,0,0
X2E86NFZN_291-8774-803-9286,1,0,0,0,0,0,0,0,0
X2E86NFZN_291-9286-803-9798,1,0,0,0,0,0,0,0,0
X2E86NFZN_803-1723-1315-2235,1,0,0,0,0,0,0,0,0
X2E86NFZN_803-2235-1315-2747,1,0,0,0,0,0,0,0,0
X2E86NFZN_804-7934-1316-8446,1,0,0,0,0,0,0,0,0
X2E86NFZN_803-2747-1315-3259,1,0,0,0,0,0,0,0,0
X2E86NFZN_961-7298-1473-7810,1,0,0,0,0,0,0,0,0
X2E86NFZN_970-6834-1482-7346,1,0,0,0,0,0,0,0,0
X2LETU1XC_1177-2100-1689-2612,1,0,0,0,0,0,0,0,0
X2LETU1XC_1177-3636-1689-4148,1,0,0,0,0,0,0,0,0
X2LETU1XC_1177-564-1689-1076,1,0,0,0,0,0,0,0,0
X2LETU1XC_2201-1588-2713-2100,1,0,0,0,0,0,0,0,0
X2LETU1XC_2201-1076-2713-1588,1,0,0,0,0,0,0,0,0
X2LETU1XC_1689-564-2201-1076,1,0,0,0,0,0,0,0,0
X2LETU1XC_2201-3636-2713-4148,1,0,0,0,0,0,0,0,0
X2LETU1XC_2201-564-2713-1076,1,0,0,0,0,0,0,0,0
X2LETU1XC_1689-3636-2201-4148,1,0,0,0,0,0,0,0,0
X2LETU1XC_2713-1588-3225-2100,1,0,0,0,0,0,0,0,0
X2LETU1XC_2713-3124-3225-3636,1,0,0,0,0,0,0,0,0
X2LETU1XC_2713-2612-3225-3124,1,0,0,0,0,0,0,0,0
X2LETU1XC_2713-3636-3225-4148,1,0,0,0,0,0,0,0,0
X2LETU1XC_2713-564-3225-1076,1,0,0,0,0,0,0,0,0
X2LETU1XC_2835-887-3347-1399,1,0,0,0,0,0,0,0,0
X2LETU1XC_3225-1588-3737-2100,1,0,0,0,0,0,0,0,0
X2LETU1XC_3225-2100-3737-2612,1,0,0,0,0,0,0,0,0
X2LETU1XC_3225-3636-3737-4148,1,0,0,0,0,0,0,0,0
X2LETU1XC_3225-2612-3737-3124,1,0,0,0,0,0,0,0,0
X2LETU1XC_3225-564-3737-1076,1,0,0,0,0,0,0,0,0
X2LETU1XC_3347-887-3859-1399,1,0,0,0,0,0,0,0,0
X2LETU1XC_3737-1076-4249-1588,1,0,0,0,0,0,0,0,0
X2LETU1XC_3859-1399-4371-1911,1,0,0,0,0,0,0,0,0
X2LETU1XC_3737-3636-4249-4148,1,0,0,0,0,0,0,0,0
X2LETU1XC_3737-564-4249-1076,1,0,0,0,0,0,0,0,0
X2LETU1XC_3737-2100-4249-2612,1,0,0,0,0,0,0,0,0
X2LETU1XC_3737-2612-4249-3124,1,0,0,0,0,0,0,0,0
X2LETU1XC_4249-1076-4761-1588,1,0,0,0,0,0,0,0,0
X2LETU1XC_4249-2100-4761-2612,1,0,0,0,0,0,0,0,0
X2LETU1XC_4249-564-4761-1076,1,0,0,0,0,0,0,0,0
X2LETU1XC_4249-3636-4761-4148,1,0,0,0,0,0,0,0,0
X2LETU1XC_4371-1399-4883-1911,1,0,0,0,0,0,0,0,0
X2LETU1XC_4761-3636-5273-4148,1,0,0,0,0,0,0,0,0
X2LETU1XC_4761-564-5273-1076,1,0,0,0,0,0,0,0,0
X2LETU1XC_5273-2100-5785-2612,1,0,0,0,0,0,0,0,0
X2LETU1XC_5273-564-5785-1076,1,0,0,0,0,0,0,0,0
X2LETU1XC_4883-1399-5395-1911,1,0,0,0,0,0,0,0,0
X2LETU1XC_5785-564-6297-1076,1,0,0,0,0,0,0,0,0
X2LETU1XC_5907-1399-6419-1911,1,0,0,0,0,0,0,0,0
X2LETU1XC_5785-2100-6297-2612,1,0,0,0,0,0,0,0,0
X2LETU1XC_665-1076-1177-1588,1,0,0,0,0,0,0,0,0
X2LETU1XC_5395-1399-5907-1911,1,0,0,0,0,0,0,0,0
X2LETU1XC_6419-887-6931-1399,1,0,0,0,0,0,0,0,0
X2LETU1XC_6419-375-6931-887,1,0,0,0,0,0,0,0,0
X2LETU1XC_6297-1588-6809-2100,1,0,0,0,0,0,0,0,0
X2LETU1XC_665-2100-1177-2612,1,0,0,0,0,0,0,0,0
X2LETU1XC_665-1588-1177-2100,1,0,0,0,0,0,0,0,0
X2LETU1XC_665-2612-1177-3124,1,0,0,0,0,0,0,0,0
X2LETU1XC_665-3636-1177-4148,1,0,0,0,0,0,0,0,0
X2LETU1XC_665-3124-1177-3636,1,0,0,0,0,0,0,0,0
X2LETU1XC_6809-1588-7321-2100,1,0,0,0,0,0,0,0,0
X2LETU1XC_665-564-1177-1076,1,0,0,0,0,0,0,0,0
X2LETU1XC_6931-887-7443-1399,1,0,0,0,0,0,0,0,0
X2LETU1XC_6809-564-7321-1076,1,0,0,0,0,0,0,0,0
X2LETU1XC_7321-1588-7833-2100,1,0,0,0,0,0,0,0,0
X2LETU1XC_7443-887-7955-1399,1,0,0,0,0,0,0,0,0
X2LETU1XC_7833-564-8345-1076,1,0,0,0,0,0,0,0,0
X2LETU1XC_7955-887-8467-1399,1,0,0,0,0,0,0,0,0
X2LETU1XC_7321-564-7833-1076,1,0,0,0,0,0,0,0,0
X2LETU1XC_7833-2612-8345-3124,1,0,0,0,0,0,0,0,0
X2LETU1XC_7833-3124-8345-3636,1,0,0,0,0,0,0,0,0
X2LETU1XC_8345-3124-8857-3636,1,0,0,0,0,0,0,0,0
X2LETU1XC_8345-2612-8857-3124,1,0,0,0,0,0,0,0,0
X2LETU1XC_8345-564-8857-1076,1,0,0,0,0,0,0,0,0
X2LETU1XC_9369-1076-9881-1588,1,0,0,0,0,0,0,0,0
X2LETU1XC_8857-2612-9369-3124,1,0,0,0,0,0,0,0,0
X2LETU1XC_9369-1588-9881-2100,1,0,0,0,0,0,0,0,0
X2LETU1XC_9369-2612-9881-3124,1,0,0,0,0,0,0,0,0
X2LETU1XC_9881-1076-10393-1588,1,0,0,0,0,0,0,0,0
X2LETU1XC_9369-564-9881-1076,1,0,0,0,0,0,0,0,0
X2LETU1XC_9881-2100-10393-2612,1,0,0,0,0,0,0,0,0
X2LETU1XC_9881-1588-10393-2100,1,0,0,0,0,0,0,0,0
X2LETU1XC_9881-2612-10393-3124,1,0,0,0,0,0,0,0,0
X2LETU1XC_9881-3124-10393-3636,1,0,0,0,0,0,0,0,0
X2LETU1XC_9881-3636-10393-4148,1,0,0,0,0,0,0,0,0
X2NN7WBYA_10434-2075-10946-2587,0,0,1,0,0,0,0,0,0
X2NN7WBYA_10434-4123-10946-4635,0,0,1,0,1,0,0,0,0
X2NN7WBYA_10434-3099-10946-3611,0,0,1,0,0,0,0,0,0
X2LETU1XC_9881-564-10393-1076,1,0,0,0,0,0,0,0,0
X2NN7WBYA_10434-2587-10946-3099,0,0,1,0,0,0,0,0,0
X2NN7WBYA_10434-3611-10946-4123,0,0,1,0,1,0,0,0,0
X2NN7WBYA_10434-5659-10946-6171,0,0,1,0,0,0,0,0,0
X2NN7WBYA_10434-4635-10946-5147,0,0,1,0,0,0,0,0,0
X2NN7WBYA_10434-6171-10946-6683,0,0,1,0,0,0,0,0,0
X2NN7WBYA_10434-5147-10946-5659,0,0,1,0,0,0,0,0,0
X2NN7WBYA_10434-6683-10946-7195,0,0,1,0,0,0,0,0,0
X2NN7WBYA_10434-7707-10946-8219,0,0,1,0,0,0,0,0,0
X2NN7WBYA_10434-7195-10946-7707,0,0,1,0,0,0,0,0,0
X2NN7WBYA_10946-2075-11458-2587,0,0,1,0,0,0,0,0,0
X2NN7WBYA_2204-2104-2716-2616,0,0,1,0,0,0,0,0,0
X2NN7WBYA_10434-8219-10946-8731,0,0,1,0,0,0,0,0,0
X2NN7WBYA_1180-4664-1692-5176,0,0,1,0,1,0,0,0,0
X2NN7WBYA_1692-4664-2204-5176,0,0,1,0,1,0,0,0,0
X2NN7WBYA_10946-8219-11458-8731,0,0,1,0,0,0,0,0,0
X2NN7WBYA_2204-6200-2716-6712,0,0,1,0,0,1,0,0,0
X2NN7WBYA_2204-2616-2716-3128,0,0,1,0,0,0,0,0,0
X2NN7WBYA_2204-4664-2716-5176,0,0,1,0,0,0,0,0,0
X2NN7WBYA_2204-5688-2716-6200,0,0,1,0,0,1,0,0,0
X2NN7WBYA_2204-5176-2716-5688,0,0,1,0,1,0,0,0,0
X2NN7WBYA_2204-7736-2716-8248,0,0,1,0,0,1,0,0,0
X2NN7WBYA_2204-6712-2716-7224,0,0,1,0,0,0,0,0,0
X2NN7WBYA_2204-7224-2716-7736,0,0,1,0,0,0,0,0,0
X2NN7WBYA_2204-8248-2716-8760,0,0,1,0,0,1,0,0,0
X2NN7WBYA_2977-4714-3489-5226,0,0,1,0,1,0,0,0,0
X2NN7WBYA_2977-5738-3489-6250,0,0,1,0,0,1,0,0,0
X2NN7WBYA_2977-5226-3489-5738,0,0,1,0,1,1,0,0,0
X2NN7WBYA_2977-6762-3489-7274,0,0,1,0,0,0,0,0,0
X2NN7WBYA_2977-7274-3489-7786,0,0,1,0,0,1,0,0,0
X2NN7WBYA_3393-1072-3905-1584,0,0,1,0,0,0,0,0,0
X2NN7WBYA_2977-6250-3489-6762,0,0,1,0,0,1,0,0,0
X2NN7WBYA_2977-7786-3489-8298,0,0,1,0,0,1,0,0,0
X2NN7WBYA_3393-2096-3905-2608,0,0,1,0,0,0,0,0,0
X2NN7WBYA_3393-1584-3905-2096,0,0,1,0,0,0,0,0,0
X2NN7WBYA_3393-2608-3905-3120,0,0,1,0,0,0,0,0,0
X2NN7WBYA_2977-8298-3489-8810,0,0,1,0,1,1,0,0,0
X2NN7WBYA_3393-3120-3905-3632,0,0,1,0,0,1,0,0,0
X2NN7WBYA_3454-6712-3966-7224,0,0,1,0,0,0,0,0,0
X2NN7WBYA_3393-3632-3905-4144,0,0,1,0,0,1,0,0,0
X2NN7WBYA_3489-4714-4001-5226,0,0,1,0,1,0,0,0,0
X2NN7WBYA_3454-7224-3966-7736,0,0,1,0,0,0,0,0,0
X2NN7WBYA_3489-5226-4001-5738,0,0,1,0,1,0,0,0,0
X2NN7WBYA_3489-5738-4001-6250,0,0,1,0,0,0,0,0,0
X2NN7WBYA_3489-6250-4001-6762,0,0,1,0,0,0,0,0,0
X2NN7WBYA_3489-7786-4001-8298,0,0,1,0,0,1,0,0,0
X2NN7WBYA_3852-6467-4364-6979,0,0,1,0,0,0,0,0,0
X2NN7WBYA_3654-5031-4166-5543,0,0,1,0,1,0,0,0,0
X2NN7WBYA_4001-4202-4513-4714,0,0,1,0,0,0,0,0,0
X2NN7WBYA_3905-2096-4417-2608,0,0,1,0,0,0,0,0,0
X2NN7WBYA_3905-2608-4417-3120,0,0,1,0,0,1,0,0,0
X2NN7WBYA_4001-4714-4513-5226,0,0,1,0,1,0,0,0,0
X2NN7WBYA_3905-1584-4417-2096,0,0,1,0,0,1,0,0,0
X2NN7WBYA_4001-5226-4513-5738,0,0,1,0,1,0,0,0,0
X2NN7WBYA_3489-8298-4001-8810,0,0,1,0,1,1,0,0,0
X2NN7WBYA_4001-5738-4513-6250,0,0,1,0,0,0,0,0,0
X2NN7WBYA_4001-6762-4513-7274,0,0,1,0,0,0,0,0,0
X2NN7WBYA_4001-7786-4513-8298,0,0,1,0,0,1,0,0,0
X2NN7WBYA_4001-7274-4513-7786,0,0,1,0,0,0,0,0,0
X2NN7WBYA_4001-6250-4513-6762,0,0,1,0,0,0,0,0,0
X2NN7WBYA_4001-8298-4513-8810,0,0,1,0,0,1,0,0,0
X2NN7WBYA_4513-4202-5025-4714,0,0,1,0,0,0,0,0,0
X2NN7WBYA_4929-4144-5441-4656,0,0,1,0,0,0,0,0,0
X2NN7WBYA_4513-8298-5025-8810,0,0,1,0,0,0,0,0,0
X2NN7WBYA_5025-8298-5537-8810,0,0,1,0,1,0,0,0,0
X2NN7WBYA_5537-8298-6049-8810,0,0,1,0,0,0,0,0,0
X2NN7WBYA_5441-4144-5953-4656,0,0,1,0,0,0,0,0,0
X2NN7WBYA_5441-2096-5953-2608,0,0,1,0,0,0,0,0,0
X2NN7WBYA_5953-1584-6465-2096,0,0,1,0,1,1,0,0,0
X2NN7WBYA_5441-1584-5953-2096,0,0,1,0,1,1,0,0,0
X2NN7WBYA_5441-2608-5953-3120,0,0,1,0,0,1,0,0,0
X2NN7WBYA_5953-1072-6465-1584,0,0,1,0,1,1,0,0,0
X2NN7WBYA_5953-2608-6465-3120,0,0,1,0,1,1,0,0,0
X2NN7WBYA_5953-4144-6465-4656,0,0,1,0,0,0,0,0,0
X2NN7WBYA_6465-1072-6977-1584,0,0,1,0,1,1,0,0,0
X2NN7WBYA_5953-3632-6465-4144,0,0,1,0,0,0,0,0,0
X2NN7WBYA_5953-3120-6465-3632,0,0,1,0,0,0,0,0,0
X2NN7WBYA_5953-560-6465-1072,0,0,1,0,1,0,0,0,0
X2NN7WBYA_6465-3120-6977-3632,0,0,1,0,0,0,0,0,0
X2NN7WBYA_6465-1584-6977-2096,0,0,1,0,0,1,0,0,0
X2NN7WBYA_6465-2096-6977-2608,0,0,1,0,1,0,0,0,0
X2NN7WBYA_6465-2608-6977-3120,0,0,1,0,0,0,0,0,0
X2NN7WBYA_6561-5226-7073-5738,0,0,1,0,0,0,0,0,0
X2NN7WBYA_6561-4714-7073-5226,0,0,1,0,0,0,0,0,0
X2NN7WBYA_6561-5738-7073-6250,0,0,1,0,0,0,0,0,0
X2NN7WBYA_6977-2096-7489-2608,0,0,1,0,1,0,0,0,0
X2NN7WBYA_6465-560-6977-1072,0,0,1,0,1,0,0,0,0
X2NN7WBYA_6561-8298-7073-8810,0,0,1,0,0,0,0,0,0
X2NN7WBYA_668-4664-1180-5176,0,0,1,0,1,0,0,0,0
X2NN7WBYA_6977-1584-7489-2096,0,0,1,0,0,1,0,0,0
X2NN7WBYA_7073-6250-7585-6762,0,0,1,0,0,0,0,0,0
X2NN7WBYA_7073-7274-7585-7786,0,0,1,0,0,0,0,0,0
X2NN7WBYA_7073-7786-7585-8298,0,0,1,0,0,0,0,0,0
X2NN7WBYA_6977-560-7489-1072,0,0,1,0,1,0,0,0,0
X2NN7WBYA_7073-6762-7585-7274,0,0,1,0,0,0,0,0,0
X2NN7WBYA_7156-8150-7668-8662,0,0,1,0,0,0,0,0,1
X2NN7WBYA_7489-2096-8001-2608,0,0,1,0,0,0,0,0,0
X2NN7WBYA_7489-1584-8001-2096,0,0,1,0,0,1,0,0,0
X2NN7WBYA_7489-1072-8001-1584,0,0,1,0,1,0,0,0,0
X2NN7WBYA_7489-560-8001-1072,0,0,1,0,1,0,0,0,0
X32DPL33V_1017-5285-1529-5797,0,0,0,0,0,0,0,1,0
X32DPL33V_1017-4773-1529-5285,0,0,0,0,0,0,0,1,0
X32DPL33V_1063-8265-1575-8777,0,0,0,0,0,0,0,1,0
X32DPL33V_1017-5797-1529-6309,0,0,0,0,0,0,0,1,0
X32DPL33V_1370-6881-1882-7393,0,0,0,0,0,0,0,1,0
X32DPL33V_1017-6309-1529-6821,0,0,0,0,0,0,0,1,0
X32DPL33V_1017-4261-1529-4773,0,0,0,0,0,0,0,1,0
X32DPL33V_1370-7393-1882-7905,0,0,0,0,0,0,0,1,0
X32DPL33V_1486-2008-1998-2520,0,0,0,0,0,0,0,1,0
X32DPL33V_1486-2520-1998-3032,0,0,0,0,0,0,0,1,0
X32DPL33V_1486-3032-1998-3544,0,0,0,0,0,0,0,1,0
X32DPL33V_1370-7905-1882-8417,0,0,0,0,0,0,0,1,0
X32DPL33V_1433-700-1945-1212,0,0,0,0,0,0,0,1,0
X32DPL33V_1371-1081-1883-1593,0,0,0,0,0,0,0,1,0
X32DPL33V_1486-4056-1998-4568,0,0,0,0,0,0,0,1,0
X32DPL33V_1486-3544-1998-4056,0,0,0,0,0,0,0,1,0
X32DPL33V_1486-4568-1998-5080,0,0,0,0,0,0,0,1,0
X32DPL33V_1826-6711-2338-7223,0,0,0,0,0,0,0,1,0
X32DPL33V_1486-6104-1998-6616,0,0,0,0,0,0,0,1,0
X32DPL33V_1662-7716-2174-8228,0,0,0,0,0,0,0,1,0
X32DPL33V_1662-8228-2174-8740,0,0,0,0,0,0,0,1,0
X32DPL33V_1486-5080-1998-5592,0,0,0,0,0,0,0,1,0
X32DPL33V_1883-2105-2395-2617,0,0,0,0,0,0,0,1,0
X32DPL33V_1826-7223-2338-7735,0,0,0,0,0,0,0,1,0
X32DPL33V_1883-1081-2395-1593,0,0,0,0,0,0,0,1,0
X32DPL33V_1945-700-2457-1212,0,0,0,0,0,0,0,1,0
X32DPL33V_1998-5592-2510-6104,0,0,0,0,0,0,0,1,0
X32DPL33V_1998-6104-2510-6616,0,0,0,0,0,0,0,1,0
X32DPL33V_1998-2520-2510-3032,0,0,0,0,0,0,0,1,0
X32DPL33V_1998-8555-2510-9067,0,0,0,0,0,0,0,1,0
X32DPL33V_1998-1496-2510-2008,0,0,0,0,0,0,0,1,0
X32DPL33V_2174-7204-2686-7716,0,0,0,0,0,0,0,1,0
X32DPL33V_2174-8228-2686-8740,0,0,0,0,0,0,0,1,0
X32DPL33V_2174-7716-2686-8228,0,0,0,0,0,0,0,1,0
X32DPL33V_2338-6199-2850-6711,0,0,0,0,0,0,0,1,0
X32DPL33V_2510-1496-3022-2008,0,0,0,0,0,0,0,1,0
X32DPL33V_2338-6711-2850-7223,0,0,0,0,0,0,0,1,0
X32DPL33V_2395-1081-2907-1593,0,0,0,0,0,0,0,1,0
X32DPL33V_2510-5592-3022-6104,0,0,0,0,0,0,0,1,0
X32DPL33V_2457-700-2969-1212,0,0,0,0,0,0,0,1,0
X32DPL33V_2510-2520-3022-3032,0,0,0,0,0,0,0,1,0
X32DPL33V_2735-6464-3247-6976,0,0,0,0,0,0,0,1,0
X32DPL33V_2535-7805-3047-8317,0,0,0,0,0,0,0,1,0
X32DPL33V_3022-2520-3534-3032,0,0,0,0,0,0,0,1,0
X32DPL33V_2907-1593-3419-2105,0,0,0,0,0,0,0,1,0
X32DPL33V_2735-6976-3247-7488,0,0,0,0,0,0,0,1,0
X32DPL33V_2820-8058-3332-8570,0,0,0,0,0,0,0,1,0
X32DPL33V_2969-700-3481-1212,0,0,0,0,0,0,0,1,0
X32DPL33V_3022-3032-3534-3544,0,0,0,0,0,0,0,1,0
X32DPL33V_3022-3544-3534-4056,0,0,0,0,0,0,0,1,0
X32DPL33V_3022-5592-3534-6104,0,0,0,0,0,0,0,1,0
X32DPL33V_3126-6228-3638-6740,0,0,0,0,0,0,0,1,0
X32DPL33V_3022-5080-3534-5592,0,0,0,0,0,0,0,1,0
X32DPL33V_3419-1081-3931-1593,0,0,0,0,0,0,0,1,0
X32DPL33V_3126-6740-3638-7252,0,0,0,0,0,0,0,1,0
X32DPL33V_3419-1593-3931-2105,0,0,0,0,0,0,0,1,0
X32DPL33V_3281-5031-3793-5543,0,0,0,0,0,0,0,1,0
X32DPL33V_3281-5543-3793-6055,0,0,0,0,0,0,0,1,0
X32DPL33V_3534-2520-4046-3032,0,0,0,0,0,0,0,1,0
X32DPL33V_3534-2008-4046-2520,0,0,0,0,0,0,0,1,0
X32DPL33V_3534-3032-4046-3544,0,0,0,0,0,0,0,1,0
X32DPL33V_3637-5399-4149-5911,0,0,0,0,0,0,0,1,0
X32DPL33V_3638-6228-4150-6740,0,0,0,0,0,0,0,1,0
X32DPL33V_3602-7076-4114-7588,0,0,0,0,0,0,0,1,0
X32DPL33V_3638-6740-4150-7252,0,0,0,0,0,0,0,1,0
X32DPL33V_3850-4353-4362-4865,0,0,0,0,0,0,0,1,0
X32DPL33V_3534-4568-4046-5080,0,0,0,0,0,0,0,1,0
X32DPL33V_3534-5080-4046-5592,0,0,0,0,0,0,0,1,0
X32DPL33V_3864-5775-4376-6287,0,0,0,0,0,0,0,1,0
X32DPL33V_3850-4865-4362-5377,0,0,0,0,0,0,0,1,0
X32DPL33V_3882-7268-4394-7780,0,0,0,0,0,0,0,1,0
X32DPL33V_4046-3032-4558-3544,0,0,0,0,0,0,0,1,0
X32DPL33V_4046-4056-4558-4568,0,0,0,0,0,0,0,1,0
X32DPL33V_4046-1496-4558-2008,0,0,0,0,0,0,0,1,0
X32DPL33V_4046-2520-4558-3032,0,0,0,0,0,0,0,1,0
X32DPL33V_4046-4568-4558-5080,0,0,0,0,0,0,0,1,0
X32DPL33V_4046-2008-4558-2520,0,0,0,0,0,0,0,1,0
X32DPL33V_4046-5080-4558-5592,0,0,0,0,0,0,0,1,0
X32DPL33V_4046-6104-4558-6616,0,0,0,0,0,0,0,1,0
X32DPL33V_4046-5592-4558-6104,0,0,0,0,0,0,0,1,0
X32DPL33V_4362-4353-4874-4865,0,0,0,0,0,0,0,1,0
X32DPL33V_4338-5153-4850-5665,0,0,0,0,0,0,0,1,0
X32DPL33V_4346-7169-4858-7681,0,0,0,0,0,0,0,1,0
X32DPL33V_4362-4865-4874-5377,0,0,0,0,0,0,0,1,0
X32DPL33V_4376-6287-4888-6799,0,0,0,0,0,0,0,1,0
X32DPL33V_4138-747-4650-1259,0,0,0,0,0,0,0,1,0
X32DPL33V_4379-1674-4891-2186,0,0,0,0,0,0,0,1,0
X32DPL33V_4376-6799-4888-7311,0,0,0,0,0,0,0,1,0
X32DPL33V_4558-2008-5070-2520,0,0,0,0,0,0,0,1,0
X32DPL33V_4558-4056-5070-4568,0,0,0,0,0,0,0,1,0
X32DPL33V_4558-4568-5070-5080,0,0,0,0,0,0,0,1,0
X32DPL33V_4558-1496-5070-2008,0,0,0,0,0,0,0,1,0
X32DPL33V_4558-5592-5070-6104,0,0,0,0,0,0,0,1,0
X32DPL33V_4379-1162-4891-1674,0,0,0,0,0,0,0,1,0
X32DPL33V_4558-984-5070-1496,0,0,0,0,0,0,0,1,0
X32DPL33V_4558-6104-5070-6616,0,0,0,0,0,0,0,1,0
X32DPL33V_4804-6980-5316-7492,0,0,0,0,0,0,0,1,0
X32DPL33V_4874-4353-5386-4865,0,0,0,0,0,0,0,1,0
X32DPL33V_4650-747-5162-1259,0,0,0,0,0,0,0,1,0
X32DPL33V_4891-1162-5403-1674,0,0,0,0,0,0,0,1,0
X32DPL33V_4686-6489-5198-7001,0,0,0,0,0,0,0,1,0
X32DPL33V_4891-1674-5403-2186,0,0,0,0,0,0,0,1,0
X32DPL33V_5068-7088-5580-7600,0,0,0,0,0,0,0,1,0
X32DPL33V_4874-4865-5386-5377,0,0,0,0,0,0,0,1,0
X32DPL33V_5070-984-5582-1496,0,0,0,0,0,0,0,1,0
X32DPL33V_5335-6934-5847-7446,0,0,0,0,0,0,0,1,0
X32DPL33V_5320-6587-5832-7099,0,0,0,0,0,0,0,1,0
X32DPL33V_5287-4075-5799-4587,0,0,0,0,0,0,0,1,0
X32DPL33V_5070-1496-5582-2008,0,0,0,0,0,0,0,1,0
X32DPL33V_5070-5080-5582-5592,0,0,0,0,0,0,0,1,0
X32DPL33V_5070-5592-5582-6104,0,0,0,0,0,0,0,1,0
X32DPL33V_5070-4568-5582-5080,0,0,0,0,0,0,0,1,0
X32DPL33V_5451-664-5963-1176,0,0,0,0,0,0,0,1,0
X32DPL33V_5582-5592-6094-6104,0,0,0,0,0,0,0,1,0
X32DPL33V_5582-984-6094-1496,0,0,0,0,0,0,0,1,0
X32DPL33V_5832-6587-6344-7099,0,0,0,0,0,0,0,1,0
X32DPL33V_5963-664-6475-1176,0,0,0,0,0,0,0,1,0
X32DPL33V_5832-7099-6344-7611,0,0,0,0,0,0,0,1,0
X32DPL33V_5799-4075-6311-4587,0,0,0,0,0,0,0,1,0
X32DPL33V_5582-6104-6094-6616,0,0,0,0,0,0,0,1,0
X32DPL33V_5971-6285-6483-6797,0,0,0,0,0,0,0,1,0
X32DPL33V_5971-6797-6483-7309,0,0,0,0,0,0,0,1,0
X32DPL33V_6094-1496-6606-2008,0,0,0,0,0,0,0,1,0
X32DPL33V_6094-5592-6606-6104,0,0,0,0,0,0,0,1,0
X32DPL33V_6094-2520-6606-3032,0,0,0,0,0,0,0,1,0
X32DPL33V_6094-3544-6606-4056,0,0,0,0,0,0,0,1,0
X32DPL33V_6094-984-6606-1496,0,0,0,0,0,0,0,1,0
X32DPL33V_6094-3032-6606-3544,0,0,0,0,0,0,0,1,0
X32DPL33V_6094-2008-6606-2520,0,0,0,0,0,0,0,1,0
X32DPL33V_6094-4056-6606-4568,0,0,0,0,0,0,0,1,0
X32DPL33V_859-1081-1371-1593,0,0,0,0,0,0,0,1,0
X32DPL33V_858-6881-1370-7393,0,0,0,0,0,0,0,1,0
X32DPL33V_6095-5871-6607-6383,0,0,0,0,0,0,0,1,0
X32DPL33V_858-7905-1370-8417,0,0,0,0,0,0,0,1,0
X32DPL33V_866-2505-1378-3017,0,0,0,0,0,0,0,1,0
X32DPL33V_859-2105-1371-2617,0,0,0,0,0,0,0,1,0
X32DPL33V_859-1593-1371-2105,0,0,0,0,0,0,0,1,0
X32DPL33V_858-7393-1370-7905,0,0,0,0,0,0,0,1,0
X32DPL33V_866-3017-1378-3529,0,0,0,0,0,0,0,1,0
X32DPL33V_866-3529-1378-4041,0,0,0,0,0,0,0,1,0
X32DPL33V_866-4041-1378-4553,0,0,0,0,0,0,0,1,0
X3QQQZVR4_531-4122-1043-4634,0,0,1,0,0,0,0,0,0
X3QQQZVR4_769-3561-1281-4073,0,0,1,0,0,0,0,0,0
X3QQQZVR4_1281-3561-1793-4073,0,0,1,0,0,0,0,0,0
X3QUUU2D3_1720-12321-2232-12833,0,0,0,0,0,0,0,0,1
X32DPL33V_921-700-1433-1212,0,0,0,0,0,0,0,1,0
X3QUUU2D3_1715-9402-2227-9914,0,0,0,0,0,0,0,0,1
X3TCZMYRZ_3925-2071-4437-2583,0,0,1,0,0,0,0,0,0
X48X7RACB_1533-7608-2045-8120,0,0,0,0,0,1,0,0,0
X48X7RACB_1179-12277-1691-12789,0,0,0,0,0,1,0,0,0
X48X7RACB_1691-12277-2203-12789,0,0,0,0,0,1,0,0,0
X48X7RACB_1691-12789-2203-13301,0,0,0,0,1,1,0,0,0
X48X7RACB_1573-11327-2085-11839,0,0,0,0,0,1,0,0,0
X48X7RACB_1533-7096-2045-7608,0,0,0,0,0,1,0,0,0
X48X7RACB_2203-12789-2715-13301,0,0,0,0,1,1,0,0,0
X48X7RACB_1179-12789-1691-13301,0,0,0,0,1,1,0,0,0
X48X7RACB_2973-4158-3485-4670,0,0,0,0,1,1,0,0,0
X48X7RACB_2715-12789-3227-13301,0,0,0,0,1,1,0,0,0
X48X7RACB_3365-12806-3877-13318,0,0,0,0,1,1,0,0,0
X48X7RACB_3877-12806-4389-13318,0,0,0,0,1,1,0,0,0
X48X7RACB_3485-4158-3997-4670,0,0,0,0,1,1,0,0,0
X48X7RACB_3905-3386-4417-3898,0,0,0,0,1,1,0,0,0
X48X7RACB_4417-3898-4929-4410,0,0,0,0,0,1,0,0,0
X48X7RACB_4389-12806-4901-13318,0,0,0,0,1,1,0,0,0
X48X7RACB_3905-3898-4417-4410,0,0,0,0,1,1,0,0,0
X48X7RACB_4417-3386-4929-3898,0,0,0,0,1,1,0,0,0
X48X7RACB_5021-3115-5533-3627,0,0,0,0,1,1,0,0,0
X48X7RACB_5007-12711-5519-13223,0,0,0,0,1,1,0,0,0
X48X7RACB_4701-12880-5213-13392,0,0,0,0,1,1,0,0,0
X48X7RACB_5021-2603-5533-3115,0,0,0,0,1,0,0,0,0
X48X7RACB_5533-3115-6045-3627,0,0,0,0,1,1,0,0,0
X48X7RACB_5519-12711-6031-13223,0,0,0,0,1,1,0,0,0
X48X7RACB_5756-12856-6268-13368,0,0,0,0,1,1,0,0,0
X48X7RACB_5533-2603-6045-3115,0,0,0,0,1,1,0,0,0
X48X7RACB_6031-12711-6543-13223,0,0,0,0,1,1,0,0,0
X48X7RACB_6045-2603-6557-3115,0,0,0,0,1,1,0,0,0
X48X7RACB_6905-1680-7417-2192,0,0,0,0,0,1,0,0,0
X48X7RACB_7183-12871-7695-13383,0,0,0,0,1,1,0,0,0
X48X7RACB_6090-2348-6602-2860,0,0,0,0,1,1,0,0,0
X48X7RACB_6905-2192-7417-2704,0,0,0,0,0,1,0,0,0
X48X7RACB_6325-12689-6837-13201,0,0,0,0,1,1,0,0,0
X48X7RACB_6602-2348-7114-2860,0,0,0,0,1,1,0,0,0
X48X7RACB_6827-12854-7339-13366,0,0,0,0,1,1,0,0,0
X48X7RACB_7929-1680-8441-2192,0,0,0,0,0,1,0,0,0
X48X7RACB_7528-12861-8040-13373,0,0,0,0,1,1,0,0,0
X48X7RACB_7417-1680-7929-2192,0,0,0,0,0,1,0,0,0
X48X7RACB_7349-12689-7861-13201,0,0,0,0,1,1,0,0,0
X48X7RACB_7861-12689-8373-13201,0,0,0,0,1,1,0,0,0
X48X7RACB_7929-1168-8441-1680,0,0,0,0,0,1,0,0,0
X48X7RACB_8135-915-8647-1427,0,0,0,0,0,1,0,0,0
X4LG6KQK6_1018-2378-1530-2890,0,0,1,0,0,0,0,0,0
X4LG6KQK6_1013-3806-1525-4318,0,0,1,0,0,0,0,0,0
X4LG6KQK6_1018-3402-1530-3914,0,0,1,0,0,0,0,0,0
X4LG6KQK6_1018-2890-1530-3402,0,0,1,0,0,0,0,0,0
X4LG6KQK6_1446-650-1958-1162,0,0,1,0,0,0,0,0,0
X4LG6KQK6_1530-3656-2042-4168,0,0,1,0,0,0,0,0,0
X4LG6KQK6_1134-1661-1646-2173,0,0,1,0,0,0,0,0,0
X4LG6KQK6_1074-1408-1586-1920,0,0,1,0,0,0,0,0,0
X4LG6KQK6_1450-2010-1962-2522,0,0,1,0,0,0,0,0,0
X4LG6KQK6_1615-2290-2127-2802,0,0,1,0,0,0,0,0,0
X4LG6KQK6_1615-1778-2127-2290,0,0,1,0,0,0,0,0,0
X4LG6KQK6_2043-502-2555-1014,0,0,1,0,0,0,0,0,0
X4LG6KQK6_2144-1696-2656-2208,0,0,1,0,0,0,0,0,0
X4LG6KQK6_1850-992-2362-1504,0,0,1,0,0,0,0,0,0
X4LG6KQK6_2895-2120-3407-2632,0,0,1,0,0,0,0,0,0
X4LG6KQK6_2460-1401-2972-1913,0,0,1,0,0,0,0,0,0
X4LG6KQK6_2555-502-3067-1014,0,0,1,0,0,0,0,0,0
X4LG6KQK6_2552-4335-3064-4847,0,0,1,0,0,0,0,0,0
X4LG6KQK6_2705-3780-3217-4292,0,0,1,0,0,0,0,0,0
X4LG6KQK6_2949-2867-3461-3379,0,0,1,0,0,0,0,0,0
X4LG6KQK6_2967-3426-3479-3938,0,0,1,0,0,0,0,0,0
X4LG6KQK6_2965-2362-3477-2874,0,0,1,0,0,0,0,0,0
X4LG6KQK6_3155-3204-3667-3716,0,0,1,0,0,0,0,0,0
X4LG6KQK6_3472-1410-3984-1922,0,0,1,0,0,0,0,0,0
X4LG6KQK6_3243-3531-3755-4043,0,0,1,0,0,0,0,0,0
X4LG6KQK6_3243-4043-3755-4555,0,0,1,0,0,0,0,0,0
X4LG6KQK6_3156-3774-3668-4286,0,0,1,0,0,0,0,0,0
X4LG6KQK6_3387-977-3899-1489,0,0,1,0,0,0,0,0,0
X4LG6KQK6_3510-2843-4022-3355,0,0,1,0,0,0,0,0,0
X4LG6KQK6_3533-3671-4045-4183,0,0,1,0,0,0,0,0,0
X4LG6KQK6_3698-2589-4210-3101,0,0,1,0,0,0,0,0,0
X4LG6KQK6_3729-717-4241-1229,0,0,1,0,0,0,0,0,0
X4LG6KQK6_4270-822-4782-1334,0,0,1,0,0,0,0,0,0
X4LG6KQK6_3873-3068-4385-3580,0,0,1,0,0,0,0,0,0
X4LG6KQK6_3804-3354-4316-3866,0,0,1,0,0,0,0,0,0
X4LG6KQK6_3472-1922-3984-2434,0,0,1,0,0,0,0,0,0
X4LG6KQK6_4352-1117-4864-1629,0,0,1,0,0,0,0,0,0
X4LG6KQK6_557-3686-1069-4198,0,0,1,0,0,0,0,0,0
X4LG6KQK6_703-455-1215-967,0,0,1,0,0,0,0,0,0
X4LG6KQK6_557-4198-1069-4710,0,0,1,0,0,0,0,0,0
X61HEHUEI_5616-1727-6128-2239,0,0,0,0,0,1,0,0,0
X64MI1KK9_1016-5649-1528-6161,0,0,0,0,0,1,0,0,0
X61HEHUEI_5603-2000-6115-2512,0,0,0,0,0,1,0,0,0
X61HEHUEI_5621-1406-6133-1918,0,0,0,0,0,1,0,0,0
X4WFZAI18_4454-8043-4966-8555,0,0,0,1,0,0,0,0,0
X61HEHUEI_5602-524-6114-1036,0,0,0,0,0,1,0,0,0
X64MI1KK9_1019-4426-1531-4938,0,0,0,0,0,1,0,0,0
X64MI1KK9_1019-4938-1531-5450,0,0,0,0,0,1,0,0,0
X64MI1KK9_1038-10094-1550-10606,0,0,0,0,0,1,0,0,0
X64MI1KK9_1038-9070-1550-9582,0,0,0,0,0,1,0,0,0
X64MI1KK9_1038-8558-1550-9070,0,0,0,0,0,1,0,0,0
X64MI1KK9_1019-3914-1531-4426,0,0,0,0,0,1,0,0,0
X64MI1KK9_10263-5025-10775-5537,0,0,0,0,1,1,0,0,0
X64MI1KK9_10234-649-10746-1161,0,0,0,0,1,1,0,0,0
X64MI1KK9_1038-9582-1550-10094,0,0,0,0,0,1,0,0,0
X64MI1KK9_10775-5025-11287-5537,0,0,0,0,1,1,0,0,0
X64MI1KK9_10447-766-10959-1278,0,0,0,0,1,1,0,0,0
X64MI1KK9_10671-563-11183-1075,0,0,0,0,0,1,0,0,0
X64MI1KK9_2526-726-3038-1238,0,0,0,0,1,1,0,0,0
X64MI1KK9_2001-10649-2513-11161,0,0,0,0,1,1,0,0,0
X64MI1KK9_1251-10606-1763-11118,0,0,0,0,1,1,0,0,0
X64MI1KK9_2360-10750-2872-11262,0,0,0,0,1,1,0,0,0
X64MI1KK9_1133-567-1645-1079,0,0,0,0,0,1,0,0,1
X64MI1KK9_1502-726-2014-1238,0,0,0,0,0,1,0,0,0
X64MI1KK9_3038-726-3550-1238,0,0,0,0,1,1,0,0,0
X64MI1KK9_2014-726-2526-1238,0,0,0,0,1,1,0,0,0
X64MI1KK9_2872-10750-3384-11262,0,0,0,0,1,1,0,0,0
X64MI1KK9_4174-10875-4686-11387,0,0,0,0,1,1,0,0,0
X64MI1KK9_4062-726-4574-1238,0,0,0,0,1,1,0,0,0
X64MI1KK9_3384-10750-3896-11262,0,0,0,0,1,1,0,0,0
X64MI1KK9_3896-10750-4408-11262,0,0,0,0,1,1,0,0,0
X64MI1KK9_3550-726-4062-1238,0,0,0,0,1,1,0,0,0
X64MI1KK9_4574-726-5086-1238,0,0,0,0,1,1,0,0,0
X64MI1KK9_4686-10875-5198-11387,0,0,0,0,1,1,0,0,0
X64MI1KK9_5302-1191-5814-1703,0,0,0,0,0,1,0,0,1
X64MI1KK9_5099-809-5611-1321,0,0,0,0,0,1,0,0,1
X64MI1KK9_4862-1014-5374-1526,0,0,0,0,0,1,0,0,1
X64MI1KK9_5572-6302-6084-6814,0,0,0,0,0,1,0,0,0
X64MI1KK9_5569-10601-6081-11113,0,0,0,0,1,1,0,0,0
X64MI1KK9_5572-5790-6084-6302,0,0,0,0,0,1,0,0,0
X64MI1KK9_5569-10089-6081-10601,0,0,0,0,0,1,0,0,0
X64MI1KK9_5572-7326-6084-7838,0,0,0,0,0,1,0,0,0
X64MI1KK9_5572-6814-6084-7326,0,0,0,0,0,1,0,0,0
X64MI1KK9_5680-5007-6192-5519,0,0,0,0,0,1,0,0,0
X64MI1KK9_5198-10875-5710-11387,0,0,0,0,1,1,0,0,0
X64MI1KK9_5882-1026-6394-1538,0,0,0,0,0,1,0,0,0
X64MI1KK9_5710-10875-6222-11387,0,0,0,0,1,1,0,0,0
X64MI1KK9_5691-550-6203-1062,0,0,0,0,0,1,0,0,0
X64MI1KK9_5755-815-6267-1327,0,0,0,0,0,1,0,0,0
X64MI1KK9_6088-824-6600-1336,0,0,0,0,0,1,0,0,0
X64MI1KK9_6096-4908-6608-5420,0,0,0,0,1,1,0,0,0
X64MI1KK9_6860-5011-7372-5523,0,0,0,0,1,1,0,0,0
X64MI1KK9_6764-697-7276-1209,0,0,0,0,1,1,0,0,0
X64MI1KK9_7372-5011-7884-5523,0,0,0,0,1,1,0,0,0
X64MI1KK9_6348-5011-6860-5523,0,0,0,0,1,1,0,0,0
X64MI1KK9_7788-697-8300-1209,0,0,0,0,1,1,0,0,0
X64MI1KK9_8215-5025-8727-5537,0,0,0,0,1,1,0,0,0
X64MI1KK9_8727-5025-9239-5537,0,0,0,0,1,1,0,0,0
X64MI1KK9_739-10606-1251-11118,0,0,0,0,1,1,0,0,0
X64MI1KK9_7884-5011-8396-5523,0,0,0,0,1,1,0,0,0
X64MI1KK9_7276-697-7788-1209,0,0,0,0,1,1,0,0,0
X64MI1KK9_8761-663-9273-1175,0,0,0,0,1,1,0,0,0
X64MI1KK9_8300-697-8812-1209,0,0,0,0,1,1,0,0,0
X64MI1KK9_9722-649-10234-1161,0,0,0,0,1,1,0,0,0
X64MI1KK9_9022-793-9534-1305,0,0,0,0,1,1,0,0,0
X64MI1KK9_9239-5025-9751-5537,0,0,0,0,1,1,0,0,0
X64MI1KK9_9273-663-9785-1175,0,0,0,0,1,1,0,0,0
X64MI1KK9_9751-5025-10263-5537,0,0,0,0,1,1,0,0,0
X6BMT7DZ1_18836-10042-19348-10554,1,0,0,0,0,0,0,0,0
X6BMT7DZ1_1906-11168-2418-11680,1,0,0,0,0,0,0,0,0
X6BMT7DZ1_1906-10656-2418-11168,1,0,0,0,0,0,0,0,0
X6BMT7DZ1_1906-11680-2418-12192,1,0,0,0,0,0,0,0,0
X6BMT7DZ1_2418-14240-2930-14752,1,0,0,0,0,0,0,0,0
X6BMT7DZ1_1906-12704-2418-13216,1,0,0,0,0,0,0,0,0
X6BMT7DZ1_1906-9632-2418-10144,1,0,0,0,0,0,0,0,0
X6BMT7DZ1_2418-13728-2930-14240,1,0,0,0,0,0,0,0,0
X6BMT7DZ1_2418-14752-2930-15264,1,0,0,0,0,0,0,0,0
X6BMT7DZ1_1906-10144-2418-10656,1,0,0,0,0,0,0,0,0
X6BMT7DZ1_1906-12192-2418-12704,1,0,0,0,0,0,0,0,0
X6BMT7DZ1_2418-15264-2930-15776,1,0,0,0,0,0,0,0,0
X6BMT7DZ1_2418-15776-2930-16288,1,0,0,0,0,0,0,0,0
X6BMT7DZ1_2418-9632-2930-10144,1,0,0,0,0,0,0,0,0
X6BMT7DZ1_2418-17312-2930-17824,1,0,0,0,0,0,0,0,0
X6BMT7DZ1_2418-16800-2930-17312,1,0,0,0,0,0,0,0,0
X6BMT7DZ1_2418-16288-2930-16800,1,0,0,0,0,0,0,0,0
X6BMT7DZ1_2930-17312-3442-17824,1,0,0,0,0,0,0,0,0
X6BMT7DZ1_2930-9632-3442-10144,1,0,0,0,0,0,0,0,0
X6BMT7DZ1_3442-9632-3954-10144,1,0,0,0,0,0,0,0,0
X6BMT7DZ1_3954-13216-4466-13728,1,0,0,0,0,0,0,0,0
X6BMT7DZ1_3954-10656-4466-11168,1,0,0,0,0,0,0,0,0
X6BMT7DZ1_3442-17312-3954-17824,1,0,0,0,0,0,0,0,0
X6BMT7DZ1_3954-10144-4466-10656,1,0,0,0,0,0,0,0,0
X6BMT7DZ1_3954-11680-4466-12192,1,0,0,0,0,0,0,0,0
X6BMT7DZ1_3954-11168-4466-11680,1,0,0,0,0,0,0,0,0
X6BMT7DZ1_3954-12704-4466-13216,1,0,0,0,0,0,0,0,0
X6BMT7DZ1_3954-12192-4466-12704,1,0,0,0,0,0,0,0,0
X6BMT7DZ1_3954-14240-4466-14752,1,0,0,0,0,0,0,0,0
X6BMT7DZ1_3954-13728-4466-14240,1,0,0,0,0,0,0,0,0
X6BMT7DZ1_3954-9632-4466-10144,1,0,0,0,0,0,0,0,0
X6BMT7DZ1_3954-17312-4466-17824,1,0,0,0,0,0,0,0,0
X6BMT7DZ1_4466-15264-4978-15776,1,0,0,0,0,0,0,0,0
X6BMT7DZ1_4466-15776-4978-16288,1,0,0,0,0,0,0,0,0
X6BMT7DZ1_4466-16288-4978-16800,1,0,0,0,0,0,0,0,0
X6BMT7DZ1_4466-16800-4978-17312,1,0,0,0,0,0,0,0,0
X6CMRY2BD_5054-4498-5566-5010,0,1,0,0,0,0,0,0,0
X6BMT7DZ1_5641-8944-6153-9456,1,0,0,0,0,0,0,0,0
X6CMRY2BD_10461-6521-10973-7033,0,1,0,0,0,0,0,0,0
X6BMT7DZ1_5641-9456-6153-9968,1,0,0,0,0,0,0,0,0
X6CMRY2BD_4542-4498-5054-5010,0,1,0,0,0,0,0,0,0
X6BMT7DZ1_4466-17312-4978-17824,1,0,0,0,0,0,0,0,0
X6CMRY2BD_10003-8505-10515-9017,0,1,0,0,0,0,0,0,0
X6BMT7DZ1_5958-9016-6470-9528,1,0,0,0,0,0,0,0,0
X6CMRY2BD_4542-5010-5054-5522,0,1,0,0,0,0,0,0,0
X6CMRY2BD_10461-6009-10973-6521,0,1,0,0,0,0,0,0,0
X6CMRY2BD_5566-4498-6078-5010,0,1,0,0,0,0,0,0,0
X6CMRY2BD_5054-5010-5566-5522,0,1,0,0,0,0,0,0,0
X6CMRY2BD_6078-4498-6590-5010,0,1,0,0,0,0,0,0,0
X6CMRY2BD_5566-5010-6078-5522,0,1,0,0,0,0,0,0,0
X6CMRY2BD_6078-5010-6590-5522,0,1,0,0,0,0,0,0,0
X6CMRY2BD_6176-8375-6688-8887,0,1,0,0,0,0,0,0,0
X6CMRY2BD_6590-4498-7102-5010,0,1,0,0,0,0,0,0,0
X6CMRY2BD_6590-5010-7102-5522,0,1,0,0,0,0,0,0,0
X6CMRY2BD_7200-8375-7712-8887,0,1,0,0,0,0,0,0,0
X6CMRY2BD_9491-8505-10003-9017,0,1,0,0,0,0,0,0,0
X6CMRY2BD_7712-8375-8224-8887,0,1,0,0,0,0,0,0,0
X6CMRY2BD_8736-8375-9248-8887,0,1,0,0,0,0,0,0,0
X6CMRY2BD_7162-4401-7674-4913,0,1,0,0,0,0,0,0,0
X6CMRY2BD_7674-4401-8186-4913,0,1,0,0,0,0,0,0,0
X6CMRY2BD_6688-8375-7200-8887,0,1,0,0,0,0,0,0,0
X6H4C4M8J_2151-1193-2663-1705,0,1,0,0,0,0,0,0,0
X6CMRY2BD_8224-8375-8736-8887,0,1,0,0,0,0,0,0,0
X6H4C4M8J_2559-8402-3071-8914,0,1,0,0,0,0,0,0,0
X6H4C4M8J_2663-1193-3175-1705,0,1,0,0,0,0,0,0,0
X6H4C4M8J_2640-887-3152-1399,0,1,0,0,0,0,0,0,0
X6H4C4M8J_3256-3618-3768-4130,0,1,0,0,0,0,0,0,0
X6H4C4M8J_3099-3145-3611-3657,0,1,0,0,0,0,0,0,0
X6H4C4M8J_2744-3618-3256-4130,0,1,0,0,0,0,0,0,0
X6H4C4M8J_3441-3155-3953-3667,0,1,0,0,0,0,0,0,0
X6H4C4M8J_3152-887-3664-1399,0,1,0,0,0,0,0,0,0
X6H4C4M8J_3862-1896-4374-2408,0,1,0,0,0,0,0,0,0
X6H4C4M8J_5222-7552-5734-8064,0,1,0,0,0,0,0,0,0
X6H4C4M8J_5686-2150-6198-2662,0,1,0,0,0,0,0,0,0
X6H4C4M8J_6039-912-6551-1424,0,1,0,0,0,0,0,0,0
X6H4C4M8J_6039-1424-6551-1936,0,1,0,0,0,0,0,0,0
X6H4C4M8J_4683-2034-5195-2546,0,1,0,0,0,0,0,0,0
X6H4C4M8J_6202-3978-6714-4490,0,1,0,0,0,0,0,0,0
X6H4C4M8J_7253-2021-7765-2533,0,1,0,0,0,0,0,0,0
X6H4C4M8J_6551-1424-7063-1936,0,1,0,0,0,0,0,0,0
X6H4C4M8J_6551-912-7063-1424,0,1,0,0,0,0,0,0,0
X6H4C4M8J_7253-1509-7765-2021,0,1,0,0,0,0,0,0,0
X6H4C4M8J_6928-1943-7440-2455,0,1,0,0,0,0,0,0,0
X6H4C4M8J_7278-3071-7790-3583,0,1,0,0,0,0,0,0,0
X74ZBTC2I_1243-2057-1755-2569,1,0,0,0,0,0,0,0,0
X6H4C4M8J_7765-997-8277-1509,0,1,0,0,0,0,0,0,0
X74ZBTC2I_1701-696-2213-1208,1,0,0,0,0,0,0,0,0
X6H4C4M8J_7765-1509-8277-2021,0,1,0,0,0,0,0,0,0
X74ZBTC2I_1243-2569-1755-3081,1,0,0,0,0,0,0,0,0
X74ZBTC2I_200-1474-712-1986,1,0,0,0,0,0,0,0,0
X74ZBTC2I_233-4076-745-4588,1,0,0,0,0,0,0,0,0
X74ZBTC2I_233-3564-745-4076,1,0,0,0,0,0,0,0,0
X74ZBTC2I_3415-1827-3927-2339,1,0,0,0,0,0,0,0,0
X74ZBTC2I_3560-4842-4072-5354,1,0,0,0,0,0,0,0,0
X74ZBTC2I_3731-1340-4243-1852,1,0,0,0,0,0,0,0,0
X74ZBTC2I_3731-1852-4243-2364,1,0,0,0,0,0,0,0,0
X74ZBTC2I_233-3052-745-3564,1,0,0,0,0,0,0,0,0
X74ZBTC2I_3373-3642-3885-4154,1,0,0,0,0,0,0,0,0
X74ZBTC2I_3415-1315-3927-1827,1,0,0,0,0,0,0,0,0
X74ZBTC2I_2487-1285-2999-1797,1,0,0,0,0,0,0,0,0
X74ZBTC2I_3373-3130-3885-3642,1,0,0,0,0,0,0,0,0
X74ZBTC2I_3777-4479-4289-4991,1,0,0,0,0,0,0,0,0
X74ZBTC2I_3885-3130-4397-3642,1,0,0,0,0,0,0,0,0
X74ZBTC2I_3885-4154-4397-4666,1,0,0,0,0,0,0,0,0
X74ZBTC2I_4397-4154-4909-4666,1,0,0,0,0,0,0,0,0
X74ZBTC2I_4397-3642-4909-4154,1,0,0,0,0,0,0,0,0
X74ZBTC2I_3885-3642-4397-4154,1,0,0,0,0,0,0,0,0
X74ZBTC2I_699-1458-1211-1970,1,0,0,0,0,0,0,0,0
X74ZBTC2I_4537-271-5049-783,1,0,0,0,0,0,0,0,0
X74ZBTC2I_4416-4516-4928-5028,1,0,0,0,0,0,0,0,0
X74ZBTC2I_4607-566-5119-1078,1,0,0,0,0,0,0,0,0
X74ZBTC2I_5221-570-5733-1082,1,0,0,0,0,0,0,0,0
X74ZBTC2I_4723-5050-5235-5562,1,0,0,0,0,0,0,0,0
X74ZBTC2I_5232-846-5744-1358,1,0,0,0,0,0,0,0,0
X847NLNIX_2075-7076-2587-7588,0,0,0,0,0,0,1,0,0
X74ZBTC2I_918-1904-1430-2416,1,0,0,0,0,0,0,0,0
X74ZBTC2I_524-1680-1036-2192,1,0,0,0,0,0,0,0,0
X74ZBTC2I_766-2275-1278-2787,1,0,0,0,0,0,0,0,0
X847NLNIX_1563-7076-2075-7588,0,0,0,0,0,0,1,0,0
X847NLNIX_2876-6446-3388-6958,0,0,0,0,0,0,1,0,0
X847NLNIX_3388-6446-3900-6958,0,0,0,0,0,0,1,0,0
X847NLNIX_4412-5422-4924-5934,0,0,0,0,0,0,1,0,0
X847NLNIX_3900-5934-4412-6446,0,0,0,0,0,0,1,0,0
X847NLNIX_4924-4398-5436-4910,0,0,0,0,0,0,1,0,0
X847NLNIX_3388-5934-3900-6446,0,0,0,0,0,0,1,0,0
X847NLNIX_5436-4398-5948-4910,0,0,0,0,0,0,1,0,0
X847NLNIX_4924-4910-5436-5422,0,0,0,0,0,0,1,0,0
X8A4GFQIB_1226-4202-1738-4714,0,0,0,0,0,0,1,0,0
X8A4GFQIB_1738-4202-2250-4714,0,0,0,0,0,0,1,0,0
X847NLNIX_5852-7460-6364-7972,0,0,0,0,0,0,1,0,0
X847NLNIX_5852-6948-6364-7460,0,0,0,0,0,0,1,0,0
X8A4GFQIB_1204-3689-1716-4201,0,0,0,0,0,0,1,0,0
X8A4GFQIB_10019-5122-10531-5634,0,0,0,0,0,0,1,0,0
X8A4GFQIB_2191-4330-2703-4842,0,0,0,0,0,0,1,0,0
X8A4GFQIB_2607-8272-3119-8784,0,0,0,0,0,0,1,0,0
X8A4GFQIB_10531-5122-11043-5634,0,0,0,0,0,0,1,0,0
X8A4GFQIB_2684-4370-3196-4882,0,0,0,0,0,0,1,0,0
X8A4GFQIB_2911-4008-3423-4520,0,0,0,0,0,0,1,0,0
X8A4GFQIB_3196-4370-3708-4882,0,0,0,0,0,0,1,0,0
X8A4GFQIB_3631-8272-4143-8784,0,0,0,0,0,0,1,0,0
X8A4GFQIB_3423-4008-3935-4520,0,0,0,0,0,0,1,0,0
X8A4GFQIB_3708-4370-4220-4882,0,0,0,0,0,0,1,0,0
X8A4GFQIB_3119-8272-3631-8784,0,0,0,0,0,0,1,0,0
X8A4GFQIB_3918-6724-4430-7236,0,0,0,0,0,0,1,0,0
X8A4GFQIB_5097-9147-5609-9659,0,0,0,0,0,0,1,0,0
X8A4GFQIB_3918-8260-4430-8772,0,0,0,0,0,0,1,0,0
X8A4GFQIB_4185-8125-4697-8637,0,0,0,0,0,0,1,0,0
X8A4GFQIB_3965-7646-4477-8158,0,0,0,0,0,0,1,0,0
X8A4GFQIB_4430-8260-4942-8772,0,0,0,0,0,0,1,0,0
X8A4GFQIB_4585-8635-5097-9147,0,0,0,0,0,0,1,0,0
X8A4GFQIB_714-4202-1226-4714,0,0,0,0,0,0,1,0,0
X8A4GFQIB_692-3689-1204-4201,0,0,0,0,0,0,1,0,0
X8A4GFQIB_4430-7748-4942-8260,0,0,0,0,0,0,1,0,0
X8A4GFQIB_3918-7236-4430-7748,0,0,0,0,0,0,1,0,0
X8A4GFQIB_8995-5122-9507-5634,0,0,0,0,0,0,1,0,0
X8K9Y6H26_1902-4833-2414-5345,0,0,0,0,0,1,0,0,0
X8A4GFQIB_9507-5122-10019-5634,0,0,0,0,0,0,1,0,0
X8K9Y6H26_1108-723-1620-1235,0,0,0,0,0,1,0,0,0
X8K9Y6H26_3197-4645-3709-5157,0,0,0,0,0,1,0,0,0
X8K9Y6H26_1679-4959-2191-5471,0,0,0,0,0,1,0,0,0
X8K9Y6H26_1612-668-2124-1180,0,0,0,0,0,1,0,0,0
X8K9Y6H26_3546-4595-4058-5107,0,0,0,0,0,1,0,0,0
X8K9Y6H26_732-793-1244-1305,0,0,0,0,0,1,0,0,0
X8K9Y6H26_411-5069-923-5581,0,0,0,0,0,1,0,0,0
X8K9Y6H26_3371-450-3883-962,0,0,0,0,0,1,0,0,0
X9JJNT1U8_3044-7674-3556-8186,0,0,0,1,0,0,0,0,0
X8K9Y6H26_3657-383-4169-895,0,0,0,0,0,1,0,0,0
X9JJNT1U8_4312-7820-4824-8332,0,0,0,1,0,0,0,0,0
X8K9Y6H26_3796-613-4308-1125,0,0,0,0,0,1,0,0,0
X9JJNT1U8_4587-7813-5099-8325,0,0,0,1,0,0,0,0,0
X8K9Y6H26_400-837-912-1349,0,0,0,0,0,1,0,0,0
XAELYPH72_1995-4027-2507-4539,1,0,0,0,0,0,0,0,0
XAELYPH72_3019-2491-3531-3003,1,0,0,0,0,0,0,0,0
XAELYPH72_2507-3515-3019-4027,1,0,0,0,0,0,0,0,0
XAELYPH72_2507-3003-3019-3515,1,0,0,0,0,0,0,0,0
XAELYPH72_3019-3003-3531-3515,1,0,0,0,0,0,0,0,0
XAELYPH72_1995-4539-2507-5051,1,0,0,0,0,0,0,0,0
XAELYPH72_2507-4027-3019-4539,1,0,0,0,0,0,0,0,0
XAELYPH72_3531-1467-4043-1979,1,0,0,0,0,0,0,0,0
XAELYPH72_4043-1467-4555-1979,1,0,0,0,0,0,0,0,0
XAELYPH72_3531-1979-4043-2491,1,0,0,0,0,0,0,0,0
XAELYPH72_3531-2491-4043-3003,1,0,0,0,0,0,0,0,0
XAELYPH72_4383-5120-4895-5632,1,0,0,0,0,0,0,0,0
XAELYPH72_4043-955-4555-1467,1,0,0,0,0,0,0,0,0
XAELYPH72_4411-933-4923-1445,1,0,0,0,0,0,0,0,0
XAELYPH72_4743-1465-5255-1977,1,0,0,0,0,0,0,0,0
XAELYPH72_4411-421-4923-933,1,0,0,0,0,0,0,0,0
XAELYPH72_4895-5632-5407-6144,1,0,0,0,0,0,0,0,0
XAELYPH72_4895-5120-5407-5632,1,0,0,0,0,0,0,0,0
XAELYPH72_4383-5632-4895-6144,1,0,0,0,0,0,0,0,0
XAELYPH72_5255-953-5767-1465,1,0,0,0,0,0,0,0,0
XAELYPH72_4923-421-5435-933,1,0,0,0,0,0,0,0,0
XAELYPH72_4923-933-5435-1445,1,0,0,0,0,0,0,0,0
XAELYPH72_5255-1465-5767-1977,1,0,0,0,0,0,0,0,0
XAELYPH72_4996-696-5508-1208,1,0,0,0,0,0,0,0,0
XAELYPH72_5407-4608-5919-5120,1,0,0,0,0,0,0,0,0
XAELYPH72_5407-5632-5919-6144,1,0,0,0,0,0,0,0,0
XAELYPH72_5919-3584-6431-4096,1,0,0,0,0,0,0,0,0
XAELYPH72_5435-421-5947-933,1,0,0,0,0,0,0,0,0
XAELYPH72_5919-3072-6431-3584,1,0,0,0,0,0,0,0,0
XAELYPH72_5508-696-6020-1208,1,0,0,0,0,0,0,0,0
XAELYPH72_5919-2048-6431-2560,1,0,0,0,0,0,0,0,0
XAELYPH72_5919-5632-6431-6144,1,0,0,0,0,0,0,0,0
XAELYPH72_5919-4096-6431-4608,1,0,0,0,0,0,0,0,0
XAELYPH72_5919-4608-6431-5120,1,0,0,0,0,0,0,0,0
XAELYPH72_6431-2560-6943-3072,1,0,0,0,0,0,0,0,0
XAELYPH72_6431-3072-6943-3584,1,0,0,0,0,0,0,0,0
XAELYPH72_6431-2048-6943-2560,1,0,0,0,0,0,0,0,0
XAELYPH72_6431-5632-6943-6144,1,0,0,0,0,0,0,0,0
XAELYPH72_6943-5120-7455-5632,1,0,0,0,0,0,0,0,0
XAELYPH72_6943-3584-7455-4096,1,0,0,0,0,0,0,0,0
XAELYPH72_6943-3072-7455-3584,1,0,0,0,0,0,0,0,0
XAELYPH72_6943-4608-7455-5120,1,0,0,0,0,0,0,0,0
XAELYPH72_6943-4096-7455-4608,1,0,0,0,0,0,0,0,0
XAELYPH72_6943-5632-7455-6144,1,0,0,0,0,0,0,0,0
XAELYPH72_7372-1068-7884-1580,1,0,0,0,0,0,0,0,0
XAELYPH72_7544-505-8056-1017,1,0,0,0,0,0,0,0,0
XAELYPH72_8056-505-8568-1017,1,0,0,0,0,0,0,0,0
XAELYPH72_8579-6777-9091-7289,1,0,0,0,0,0,0,0,0
XAELYPH72_9043-3203-9555-3715,1,0,0,0,0,0,0,0,0
XAELYPH72_9148-6416-9660-6928,1,0,0,0,0,0,0,0,0
XAELYPH72_9091-6777-9603-7289,1,0,0,0,0,0,0,0,0
XAELYPH72_9043-3715-9555-4227,1,0,0,0,0,0,0,0,0
XAELYPH72_9463-3012-9975-3524,1,0,0,0,0,0,0,0,0
XAELYPH72_8636-6416-9148-6928,1,0,0,0,0,0,0,0,0
XAELYPH72_9603-6777-10115-7289,1,0,0,0,0,0,0,0,0
XAHR7JTNA_2812-3028-3324-3540,0,0,0,0,0,0,1,0,0
XAELYPH72_9660-6416-10172-6928,1,0,0,0,0,0,0,0,0
XAHR7JTNA_1788-3540-2300-4052,0,0,0,0,0,0,1,0,0
XAHR7JTNA_1276-3540-1788-4052,0,0,0,0,0,0,1,0,0
XAHR7JTNA_2300-3028-2812-3540,0,0,0,0,0,0,1,0,0
XAHR7JTNA_3324-3028-3836-3540,0,0,0,0,0,0,1,0,0
XAHR7JTNA_3941-2776-4453-3288,0,0,0,0,0,0,1,0,0
XAHR7JTNA_764-3540-1276-4052,0,0,0,0,0,0,1,0,0
XAZVDPP2E_1348-422-1860-934,0,0,0,0,0,1,0,0,0
XBZQRC1R8_11333-464-11845-976,0,0,0,0,0,0,0,0,1
XBZQRC1R8_1158-200-1670-712,0,0,0,0,0,0,0,0,1
XAZVDPP2E_2279-5009-2791-5521,0,0,0,0,0,1,0,0,0
XAZVDPP2E_844-4851-1356-5363,0,0,0,0,0,1,0,0,0
XAZVDPP2E_669-417-1181-929,0,0,0,0,0,1,0,0,0
XBZQRC1R8_11981-8022-12493-8534,0,0,0,0,0,0,0,0,1
XBZQRC1R8_12649-7616-13161-8128,0,0,0,0,0,0,0,0,1
XBZQRC1R8_13036-1623-13548-2135,0,0,0,0,0,0,0,0,1
XBZQRC1R8_12137-7616-12649-8128,0,0,0,0,0,0,0,0,1
XBZQRC1R8_13836-5941-14348-6453,0,0,0,0,0,0,0,0,1
XBZQRC1R8_13657-6193-14169-6705,0,0,0,0,0,0,0,0,1
XBZQRC1R8_1919-371-2431-883,0,0,0,0,0,0,0,0,1
XBZQRC1R8_1670-200-2182-712,0,0,0,0,0,0,0,0,1
XBZQRC1R8_2694-200-3206-712,0,0,0,0,0,0,0,0,1
XBZQRC1R8_2182-200-2694-712,0,0,0,0,0,0,0,0,1
XBZQRC1R8_2726-3672-3238-4184,0,0,0,0,0,0,0,0,1
XBZQRC1R8_4721-854-5233-1366,0,0,0,0,0,0,0,0,1
XBZQRC1R8_3206-200-3718-712,0,0,0,0,0,0,0,0,1
XBZQRC1R8_3718-200-4230-712,0,0,0,0,0,0,0,0,1
XBZQRC1R8_5745-854-6257-1366,0,0,0,0,0,0,0,0,1
XBZQRC1R8_4230-200-4742-712,0,0,0,0,0,0,0,0,1
XBZQRC1R8_5233-854-5745-1366,0,0,0,0,0,0,0,0,1
XBZQRC1R8_6257-854-6769-1366,0,0,0,0,0,0,0,0,1
XBZQRC1R8_6582-937-7094-1449,0,0,0,0,0,0,0,0,1
XBZQRC1R8_7606-937-8118-1449,0,0,0,0,0,0,0,0,1
XBZQRC1R8_7094-937-7606-1449,0,0,0,0,0,0,0,0,1
XBZQRC1R8_7409-8040-7921-8552,0,0,0,0,0,0,0,0,1
XBZQRC1R8_8302-357-8814-869,0,0,0,0,0,0,0,0,1
XC97PYGEY_1033-5224-1545-5736,0,0,0,0,0,1,0,0,0
XBZQRC1R8_8118-937-8630-1449,0,0,0,0,0,0,0,0,1
XBZQRC1R8_8853-382-9365-894,0,0,0,0,0,0,0,0,1
XBZQRC1R8_7921-8040-8433-8552,0,0,0,0,0,0,0,0,1
XBZQRC1R8_8433-8040-8945-8552,0,0,0,0,0,0,0,0,1
XC97PYGEY_1433-2078-1945-2590,0,0,0,0,0,1,0,0,0
XC97PYGEY_1938-4850-2450-5362,0,0,0,0,0,1,0,0,0
XC97PYGEY_1545-5224-2057-5736,0,0,0,0,0,1,0,0,0
XC97PYGEY_2680-1709-3192-2221,0,0,0,0,0,1,0,0,0
XC97PYGEY_2981-5307-3493-5819,0,0,0,0,0,1,0,0,0
XC97PYGEY_3192-1709-3704-2221,0,0,0,0,0,1,0,0,0
XC97PYGEY_2641-4672-3153-5184,0,0,0,0,0,1,0,0,0
XC97PYGEY_2292-1945-2804-2457,0,0,0,0,0,1,0,0,0
XC97PYGEY_248-404-760-916,0,0,0,0,0,1,0,0,0
XC97PYGEY_3192-2221-3704-2733,0,0,0,0,0,1,0,0,0
XC97PYGEY_3663-3983-4175-4495,0,0,0,0,0,1,0,0,0
XC97PYGEY_3484-5231-3996-5743,0,0,0,0,0,1,0,0,0
XC97PYGEY_3832-2745-4344-3257,0,0,0,0,0,1,0,0,0
XC97PYGEY_3704-2221-4216-2733,0,0,0,0,0,1,0,0,0
XC97PYGEY_3753-1523-4265-2035,0,0,0,0,0,1,0,0,0
XC97PYGEY_3753-1011-4265-1523,0,0,0,0,0,1,0,0,0
XC97PYGEY_3753-499-4265-1011,0,0,0,0,0,1,0,0,0
XC97PYGEY_3947-2963-4459-3475,0,0,0,0,0,1,0,0,0
XC97PYGEY_521-5224-1033-5736,0,0,0,0,0,1,0,0,0
XC9XQ2DH8_1480-2230-1992-2742,0,1,0,0,0,0,0,0,0
XC97PYGEY_965-1906-1477-2418,0,0,0,0,0,1,0,0,0
XC9XQ2DH8_2030-1310-2542-1822,0,1,0,0,0,0,0,0,0
XC9XQ2DH8_1992-2742-2504-3254,0,1,0,0,0,0,0,0,0
XC9XQ2DH8_2162-425-2674-937,0,1,0,0,0,0,0,0,0
XC9XQ2DH8_1213-353-1725-865,0,1,0,0,0,0,0,0,0
XC9XQ2DH8_1480-1718-1992-2230,0,1,0,0,0,0,0,0,0
XC9XQ2DH8_2199-1723-2711-2235,0,1,0,0,0,0,0,0,0
XC9XQ2DH8_3408-2968-3920-3480,0,1,0,0,0,0,0,0,0
XC9XQ2DH8_2896-2968-3408-3480,0,1,0,0,0,0,0,0,0
XC9XQ2DH8_2931-2479-3443-2991,0,1,0,0,0,0,0,0,0
XC9XQ2DH8_4356-3017-4868-3529,0,1,0,0,0,0,0,0,0
XC9XQ2DH8_4919-1327-5431-1839,0,1,0,0,0,0,0,0,0
XC9XQ2DH8_3844-3017-4356-3529,0,1,0,0,0,0,0,0,0
XC9XQ2DH8_3768-462-4280-974,0,1,0,0,0,0,0,0,0
XC9XQ2DH8_5626-1321-6138-1833,0,1,0,0,0,0,0,0,0
XC9XQ2DH8_5212-1603-5724-2115,0,1,0,0,0,0,0,0,0
XC9XQ2DH8_968-1206-1480-1718,0,1,0,0,0,0,0,0,0
XC9XQ2DH8_7530-1643-8042-2155,0,1,0,0,0,0,0,0,0
XC9XQ2DH8_6949-1221-7461-1733,0,1,0,0,0,0,0,0,0
XC9XQ2DH8_968-1718-1480-2230,0,1,0,0,0,0,0,0,0
XC9XQ2DH8_6044-535-6556-1047,0,1,0,0,0,0,0,0,0
XCT3CMDJN_2647-1303-3159-1815,0,0,0,0,1,0,0,0,0
XCT3CMDJN_1331-782-1843-1294,0,0,0,0,1,0,0,0,0
XCT3CMDJN_6058-1134-6570-1646,0,0,0,0,1,0,0,0,0
XCT3CMDJN_1679-1115-2191-1627,0,0,0,0,1,0,0,0,0
XCT3CMDJN_675-1984-1187-2496,0,0,0,0,1,0,0,0,0
XCT3CMDJN_6607-1829-7119-2341,0,0,0,0,1,0,0,0,0
XCT3CMDJN_6310-1477-6822-1989,0,0,0,0,1,0,0,0,0
XCT3CMDJN_6854-2168-7366-2680,0,0,0,0,1,0,0,0,0
XCT3CMDJN_688-2337-1200-2849,0,0,0,0,1,0,0,0,0
XCT3CMDJN_702-1292-1214-1804,0,0,0,0,1,0,0,0,0
XCT3CMDJN_680-1636-1192-2148,0,0,0,0,1,0,0,0,0
XCT3CMDJN_691-937-1203-1449,0,0,0,0,1,0,0,0,0
XCT3CMDJN_708-2782-1220-3294,0,0,0,0,1,0,0,0,0
XCT3CMDJN_732-492-1244-1004,0,0,0,0,1,0,0,0,0
XFGN2KZRZ_1809-1357-2321-1869,0,0,0,0,0,1,0,0,0
XCT3CMDJN_7119-2509-7631-3021,0,0,0,0,1,0,0,0,0
XCT3CMDJN_7434-2863-7946-3375,0,0,0,0,1,0,0,0,0
XFUEDQNIB_1856-4042-2368-4554,0,0,1,0,0,0,0,0,0
XFGN2KZRZ_331-2444-843-2956,0,0,0,0,0,1,0,0,0
XFUEDQNIB_1726-4422-2238-4934,0,0,1,0,0,0,0,0,0
XFGN2KZRZ_4925-5096-5437-5608,0,0,0,0,0,1,0,0,0
XFGN2KZRZ_246-367-758-879,0,0,0,0,0,1,0,0,0
XFUEDQNIB_1907-1710-2419-2222,0,0,1,0,0,0,0,0,0
XFUEDQNIB_2172-4461-2684-4973,0,0,1,0,0,0,0,0,0
XFUEDQNIB_2330-831-2842-1343,0,0,1,0,0,0,0,0,0
XFUEDQNIB_2397-443-2909-955,0,0,1,0,0,0,0,0,0
XH8WZKCK3_1513-1134-2025-1646,0,0,0,1,0,0,0,0,0
XFUEDQNIB_2456-1185-2968-1697,0,0,1,0,0,0,0,0,0
XFUEDQNIB_2714-1035-3226-1547,0,0,1,0,0,0,0,0,0
XFUEDQNIB_2954-1189-3466-1701,0,0,1,0,0,0,0,0,0
XH8WZKCK3_1513-622-2025-1134,0,0,0,1,0,0,0,0,0
XH8WZKCK3_2054-771-2566-1283,0,0,0,1,0,0,0,0,0
XH8WZKCK3_3907-2740-4419-3252,0,0,0,1,0,0,0,0,0
XH8WZKCK3_3907-2228-4419-2740,0,0,0,1,0,0,0,0,0
XH8WZKCK3_2054-1283-2566-1795,0,0,0,1,0,0,0,0,0
XH8WZKCK3_2054-1795-2566-2307,0,0,0,1,0,0,0,0,0
XH8WZKCK3_4406-1980-4918-2492,0,0,0,1,0,0,0,0,0
XH8WZKCK3_5343-2244-5855-2756,0,0,0,1,0,0,0,0,0
XH8WZKCK3_4406-2492-4918-3004,0,0,0,1,0,0,0,0,0
XH8WZKCK3_6325-2142-6837-2654,0,0,0,1,0,0,0,0,0
XH8WZKCK3_6325-1630-6837-2142,0,0,0,1,0,0,0,0,0
XH8WZKCK3_7184-1507-7696-2019,0,0,0,1,0,0,0,0,0
XH8WZKCK3_7184-2019-7696-2531,0,0,0,1,0,0,0,0,0
XI1JRV2Y2_4405-9425-4917-9937,0,0,0,0,0,0,0,0,1
XI1JRV2Y2_1236-1854-1748-2366,0,0,0,0,0,0,0,0,1
XI1JRV2Y2_782-8148-1294-8660,0,0,0,0,0,0,0,0,1
XI1JRV2Y2_600-8300-1112-8812,0,0,0,0,0,0,0,0,1
XI1JRV2Y2_4917-9425-5429-9937,0,0,0,0,0,0,0,0,1
XIPUWCVWA_1335-649-1847-1161,0,1,0,0,0,0,0,0,0
XIPUWCVWA_699-5310-1211-5822,0,1,0,0,0,0,0,0,0
XIRAKD2M3_1446-5281-1958-5793,1,0,0,0,0,0,0,0,0
XIRAKD2M3_1227-8114-1739-8626,1,0,0,0,0,0,0,0,0
XIPUWCVWA_823-649-1335-1161,0,1,0,0,0,0,0,0,0
XIRAKD2M3_1644-6968-2156-7480,1,0,0,0,0,0,0,0,0
XIRAKD2M3_1644-7480-2156-7992,1,0,0,0,0,0,0,0,0
XIRAKD2M3_1227-7602-1739-8114,1,0,0,0,0,0,0,0,0
XIPUWCVWA_1847-649-2359-1161,0,1,0,0,0,0,0,0,0
XIRAKD2M3_1664-6314-2176-6826,1,0,0,0,0,0,0,0,0
XIRAKD2M3_1664-5802-2176-6314,1,0,0,0,0,0,0,0,0
XIRAKD2M3_2114-6723-2626-7235,1,0,0,0,0,0,0,0,0
XIRAKD2M3_1958-5281-2470-5793,1,0,0,0,0,0,0,0,0
XIRAKD2M3_2156-6456-2668-6968,1,0,0,0,0,0,0,0,0
XIRAKD2M3_1739-8114-2251-8626,1,0,0,0,0,0,0,0,0
XIRAKD2M3_2431-6220-2943-6732,1,0,0,0,0,0,0,0,0
XIRAKD2M3_2302-8060-2814-8572,1,0,0,0,0,0,0,0,0
XIRAKD2M3_2156-7480-2668-7992,1,0,0,0,0,0,0,0,0
XIRAKD2M3_2668-7480-3180-7992,1,0,0,0,0,0,0,0,0
XIRAKD2M3_2626-6723-3138-7235,1,0,0,0,0,0,0,0,0
XIRAKD2M3_2895-7708-3407-8220,1,0,0,0,0,0,0,0,0
XIRAKD2M3_4437-8136-4949-8648,1,0,0,0,0,0,0,0,0
XIRAKD2M3_2668-6456-3180-6968,1,0,0,0,0,0,0,0,0
XIRAKD2M3_3407-7708-3919-8220,1,0,0,0,0,0,0,0,0
XIRAKD2M3_3999-7469-4511-7981,1,0,0,0,0,0,0,0,0
XIRAKD2M3_6746-724-7258-1236,1,0,0,0,0,0,0,0,0
XIRAKD2M3_4949-8136-5461-8648,1,0,0,0,0,0,0,0,0
XIRAKD2M3_7168-1671-7680-2183,1,0,0,0,0,0,0,0,0
XIRAKD2M3_7243-8316-7755-8828,1,0,0,0,0,0,0,0,0
XJ9FK1F2A_205-704-717-1216,0,0,0,0,1,0,0,0,0
XJ9FK1F2A_255-1816-767-2328,0,0,0,0,1,0,0,0,0
XJ9FK1F2A_209-2126-721-2638,0,0,1,0,1,0,0,0,0
XJ9FK1F2A_1029-3708-1541-4220,0,0,0,0,1,0,0,0,0
XJ9FK1F2A_291-3410-803-3922,0,0,0,0,1,0,0,0,0
XJ9FK1F2A_3136-1566-3648-2078,0,0,0,0,1,0,0,0,0
XJ9FK1F2A_328-1563-840-2075,0,0,0,0,1,0,0,0,0
XJ9FK1F2A_383-1192-895-1704,0,0,0,0,1,0,0,0,0
XJ9FK1F2A_4489-2108-5001-2620,0,0,1,0,0,0,0,0,0
XJ9FK1F2A_604-716-1116-1228,0,0,0,0,1,0,0,0,0
XJ9FK1F2A_5531-324-6043-836,0,0,0,0,1,0,0,0,0
XJ9FK1F2A_4095-1055-4607-1567,0,0,1,0,0,0,0,0,0
XJ9FK1F2A_3820-1062-4332-1574,0,0,1,0,0,0,0,0,0
XJ9FK1F2A_3991-2070-4503-2582,0,0,1,0,0,0,0,0,0
XJ9FK1F2A_5563-661-6075-1173,0,0,0,0,1,0,0,0,0
XJR9X97TX_670-3201-1182-3713,0,1,0,0,0,0,0,0,0
XJR9X97TX_1947-2003-2459-2515,0,1,0,0,0,0,0,0,0
XJ9FK1F2A_738-1315-1250-1827,0,0,0,0,1,0,0,0,0
XJR9X97TX_660-735-1172-1247,0,1,0,0,0,0,0,0,0
XJR9X97TX_1727-1895-2239-2407,0,1,0,0,0,0,0,0,0
XJ9FK1F2A_619-1641-1131-2153,0,0,0,0,1,0,0,0,0
XJR9X97TX_1115-2426-1627-2938,0,1,0,0,0,0,0,0,0
XJR9X97TX_975-1987-1487-2499,0,1,0,0,0,0,0,0,0
XJR9X97TX_975-1475-1487-1987,0,1,0,0,0,0,0,0,0
XJR9X97TX_975-963-1487-1475,0,1,0,0,0,0,0,0,0
XJXV6C9IE_6224-820-6736-1332,1,0,0,0,0,0,0,0,0
XJXV6C9IE_7085-3904-7597-4416,1,0,0,0,0,0,0,0,0
XJXV6C9IE_5712-820-6224-1332,1,0,0,0,0,0,0,0,0
XJXV6C9IE_7114-2127-7626-2639,1,0,0,0,0,0,0,0,0
XJXV6C9IE_7114-1615-7626-2127,1,0,0,0,0,0,0,0,0
XJXV6C9IE_6573-3904-7085-4416,1,0,0,0,0,0,0,0,0
XJXV6C9IE_6774-3674-7286-4186,1,0,0,0,0,0,0,0,0
XK88Q2VEJ_10867-13282-11379-13794,0,0,1,0,1,0,0,0,0
XJXV6C9IE_7167-4292-7679-4804,1,0,0,0,0,0,0,0,0
XJXV6C9IE_7626-2127-8138-2639,1,0,0,0,0,0,0,0,0
XK88Q2VEJ_10867-13794-11379-14306,0,0,1,0,1,0,0,0,0
XJXV6C9IE_7626-2639-8138-3151,1,0,0,0,0,0,0,0,0
XK88Q2VEJ_10355-4578-10867-5090,0,0,1,0,0,0,0,0,0
XK88Q2VEJ_10355-16354-10867-16866,0,0,1,0,0,0,0,0,0
XK88Q2VEJ_10867-12770-11379-13282,0,0,1,0,1,0,0,0,0
XK88Q2VEJ_10867-14818-11379-15330,0,0,1,0,1,0,0,0,0
XK88Q2VEJ_10867-14306-11379-14818,0,0,1,0,1,0,0,0,0
XK88Q2VEJ_10867-15330-11379-15842,0,0,1,0,0,0,0,0,0
XK88Q2VEJ_10867-15842-11379-16354,0,0,1,0,0,0,0,0,0
XK88Q2VEJ_11379-12258-11891-12770,0,0,1,0,0,0,0,0,0
XK88Q2VEJ_10867-16354-11379-16866,0,0,1,0,0,0,0,0,0
XK88Q2VEJ_10867-5090-11379-5602,0,0,1,0,0,0,0,0,0
XK88Q2VEJ_11379-5090-11891-5602,0,0,1,0,0,0,0,0,0
XK88Q2VEJ_11018-4689-11530-5201,0,0,1,0,0,0,0,0,0
XK88Q2VEJ_1139-12770-1651-13282,0,0,1,0,1,0,0,0,0
XK88Q2VEJ_1139-16354-1651-16866,0,0,1,0,0,0,0,0,0
XK88Q2VEJ_11530-4689-12042-5201,0,0,1,0,0,0,0,0,0
XK88Q2VEJ_1139-8674-1651-9186,0,0,1,0,0,0,0,0,0
XK88Q2VEJ_11891-4578-12403-5090,0,0,1,0,0,0,0,0,0
XK88Q2VEJ_12915-12258-13427-12770,0,0,1,0,0,0,0,0,0
XK88Q2VEJ_11891-12258-12403-12770,0,0,1,0,0,0,0,0,0
XK88Q2VEJ_12403-12258-12915-12770,0,0,1,0,0,0,0,0,0
XK88Q2VEJ_12403-4578-12915-5090,0,0,1,0,0,0,0,0,0
XK88Q2VEJ_12915-4578-13427-5090,0,0,1,0,0,0,0,0,0
XK88Q2VEJ_13427-12258-13939-12770,0,0,1,0,0,0,0,0,0
XK88Q2VEJ_13939-4578-14451-5090,0,0,1,0,0,0,0,0,0
XK88Q2VEJ_13427-4578-13939-5090,0,0,1,0,0,0,0,0,0
XK88Q2VEJ_13939-12258-14451-12770,0,0,1,0,0,0,0,0,0
XK88Q2VEJ_14451-4578-14963-5090,0,0,1,0,0,0,0,0,0
XK88Q2VEJ_14451-12258-14963-12770,0,0,1,0,0,0,0,0,0
XK88Q2VEJ_14963-4578-15475-5090,0,0,1,0,0,0,0,0,0
XK88Q2VEJ_14963-12258-15475-12770,0,0,1,0,0,0,0,0,0
XK88Q2VEJ_15475-12258-15987-12770,0,0,1,0,0,0,0,0,0
XK88Q2VEJ_15475-2530-15987-3042,0,0,1,0,0,0,0,0,0
XK88Q2VEJ_15475-4578-15987-5090,0,0,1,0,0,0,0,0,0
XK88Q2VEJ_15475-482-15987-994,0,0,1,0,0,1,0,0,0
XK88Q2VEJ_15475-1506-15987-2018,0,0,1,0,1,0,0,0,0
XK88Q2VEJ_15475-2018-15987-2530,0,0,1,0,1,0,0,0,0
XK88Q2VEJ_15987-12258-16499-12770,0,0,1,0,0,0,0,0,0
XK88Q2VEJ_15475-994-15987-1506,0,0,1,0,1,1,0,0,0
XK88Q2VEJ_15987-2530-16499-3042,0,0,1,0,0,0,0,0,0
XK88Q2VEJ_15987-482-16499-994,0,0,1,0,0,0,0,0,0
XK88Q2VEJ_16499-2530-17011-3042,0,0,1,0,0,0,0,0,0
XK88Q2VEJ_15987-4578-16499-5090,0,0,1,0,0,0,0,0,0
XK88Q2VEJ_16499-4578-17011-5090,0,0,1,0,0,0,0,0,0
XK88Q2VEJ_16499-12258-17011-12770,0,0,1,0,0,0,0,0,0
XK88Q2VEJ_16499-482-17011-994,0,0,1,0,0,0,0,0,0
XK88Q2VEJ_1651-12770-2163-13282,0,0,1,0,0,0,0,0,0
XK88Q2VEJ_1651-8674-2163-9186,0,0,1,0,0,0,0,0,0
XK88Q2VEJ_1651-16354-2163-16866,0,0,1,0,0,0,0,0,0
XK88Q2VEJ_17011-4578-17523-5090,0,0,1,0,0,0,0,0,0
XK88Q2VEJ_17011-12258-17523-12770,0,0,1,0,0,0,0,0,0
XK88Q2VEJ_17523-4578-18035-5090,0,0,1,0,0,0,0,0,0
XK88Q2VEJ_17523-3042-18035-3554,0,0,1,0,0,0,0,0,0
XK88Q2VEJ_17523-12258-18035-12770,0,0,1,0,0,0,0,0,0
XK88Q2VEJ_17011-2530-17523-3042,0,0,1,0,0,0,0,0,0
XK88Q2VEJ_17523-2530-18035-3042,0,0,1,0,0,0,0,0,0
XK88Q2VEJ_18035-12258-18547-12770,0,0,1,0,0,0,0,0,0
XK88Q2VEJ_17523-482-18035-994,0,0,1,0,0,0,0,0,0
XK88Q2VEJ_18035-4578-18547-5090,0,0,1,0,0,0,0,0,0
XK88Q2VEJ_18035-4066-18547-4578,0,0,1,0,1,0,0,0,0
XK88Q2VEJ_18035-8674-18547-9186,0,0,1,0,0,0,0,0,0
XK88Q2VEJ_18547-12258-19059-12770,0,0,1,0,0,0,0,0,0
XK88Q2VEJ_18035-3554-18547-4066,0,0,1,0,1,0,0,0,0
XK88Q2VEJ_18035-482-18547-994,0,0,1,0,0,0,0,0,0
XK88Q2VEJ_18547-482-19059-994,0,0,1,0,0,0,0,0,0
XK88Q2VEJ_19571-12258-20083-12770,0,0,1,0,0,0,0,0,0
XK88Q2VEJ_19059-4066-19571-4578,0,0,1,0,0,0,0,0,0
XK88Q2VEJ_18876-12240-19388-12752,0,0,1,0,0,0,0,0,0
XK88Q2VEJ_19059-3554-19571-4066,0,0,1,0,0,0,0,0,0
XK88Q2VEJ_18547-8674-19059-9186,0,0,1,0,0,0,0,0,0
XK88Q2VEJ_19059-482-19571-994,0,0,1,0,0,0,0,0,0
XK88Q2VEJ_19571-3042-20083-3554,0,0,1,0,0,0,0,0,0
XK88Q2VEJ_19059-8674-19571-9186,0,0,1,0,0,0,0,0,0
XK88Q2VEJ_19571-4066-20083-4578,0,0,1,0,0,0,0,0,0
XK88Q2VEJ_19571-8162-20083-8674,0,0,1,0,0,0,0,0,0
XK88Q2VEJ_19571-482-20083-994,0,0,1,0,0,0,0,0,0
XK88Q2VEJ_20083-4066-20595-4578,0,0,1,0,0,0,0,0,0
XK88Q2VEJ_20083-12258-20595-12770,0,0,1,0,0,0,0,0,0
XK88Q2VEJ_20083-3554-20595-4066,0,0,1,0,0,0,0,0,0
XK88Q2VEJ_19571-8674-20083-9186,0,0,1,0,0,0,0,0,0
XK88Q2VEJ_20083-8162-20595-8674,0,0,1,0,0,0,0,0,0
XK88Q2VEJ_20083-482-20595-994,0,0,1,0,0,0,0,0,0
XK88Q2VEJ_20595-8162-21107-8674,0,0,1,0,0,0,0,0,0
XK88Q2VEJ_20595-12258-21107-12770,0,0,1,0,0,0,0,0,0
XK88Q2VEJ_21107-482-21619-994,0,0,1,0,0,0,0,0,0
XK88Q2VEJ_20083-8674-20595-9186,0,0,1,0,0,0,0,0,0
XK88Q2VEJ_20595-3042-21107-3554,0,0,1,0,0,0,0,0,0
XK88Q2VEJ_20595-482-21107-994,0,0,1,0,0,0,0,0,0
XK88Q2VEJ_21107-12258-21619-12770,0,0,1,0,0,0,0,0,0
XK88Q2VEJ_21107-8162-21619-8674,0,0,1,0,0,0,0,0,0
XK88Q2VEJ_21107-10210-21619-10722,0,0,1,0,0,0,0,0,0
XK88Q2VEJ_21619-10722-22131-11234,0,0,1,0,0,0,0,0,0
XK88Q2VEJ_21459-12277-21971-12789,0,0,1,0,0,0,0,0,0
XK88Q2VEJ_21619-10210-22131-10722,0,0,1,0,0,0,0,0,0
XK88Q2VEJ_2163-16354-2675-16866,0,0,1,0,0,0,0,0,0
XK88Q2VEJ_21619-482-22131-994,0,0,1,0,0,0,0,0,0
XK88Q2VEJ_2163-8674-2675-9186,0,0,1,0,0,0,0,0,0
XK88Q2VEJ_22131-10210-22643-10722,0,0,1,0,0,0,0,0,0
XK88Q2VEJ_2163-12770-2675-13282,0,0,1,0,0,0,0,0,0
XK88Q2VEJ_21619-8162-22131-8674,0,0,1,0,0,0,0,0,0
XK88Q2VEJ_22131-11746-22643-12258,0,0,1,0,0,0,0,0,0
XK88Q2VEJ_22131-10722-22643-11234,0,0,1,0,0,0,0,0,0
XK88Q2VEJ_22131-8674-22643-9186,0,0,1,0,0,0,0,0,0
XK88Q2VEJ_22131-9698-22643-10210,0,0,1,0,0,0,0,0,0
XK88Q2VEJ_22131-12258-22643-12770,0,0,1,0,0,0,0,0,0
XK88Q2VEJ_22131-8162-22643-8674,0,0,1,0,0,0,0,0,0
XK88Q2VEJ_22643-10722-23155-11234,0,0,1,0,0,0,0,0,0
XK88Q2VEJ_22131-11234-22643-11746,0,0,1,0,0,0,0,0,0
XK88Q2VEJ_22131-482-22643-994,0,0,1,0,0,0,0,0,0
XK88Q2VEJ_22643-11234-23155-11746,0,0,1,0,0,0,0,0,0
XK88Q2VEJ_22643-12258-23155-12770,0,0,1,0,0,0,0,0,0
XK88Q2VEJ_22643-11746-23155-12258,0,0,1,0,0,0,0,0,0
XK88Q2VEJ_23155-12258-23667-12770,0,0,1,0,0,0,0,0,0
XK88Q2VEJ_22643-8162-23155-8674,0,0,1,0,0,0,0,0,0
XK88Q2VEJ_22643-482-23155-994,0,0,1,0,0,0,0,0,0
XK88Q2VEJ_23155-482-23667-994,0,0,1,0,0,0,0,0,0
XK88Q2VEJ_22643-1506-23155-2018,0,0,1,0,0,0,0,0,0
XK88Q2VEJ_22643-994-23155-1506,0,0,1,0,0,0,0,0,0
XK88Q2VEJ_23667-12258-24179-12770,0,0,1,0,0,0,0,0,0
XK88Q2VEJ_24179-3554-24691-4066,0,0,1,0,0,0,0,0,0
XK88Q2VEJ_23155-8162-23667-8674,0,0,1,0,0,0,0,0,0
XK88Q2VEJ_23667-8162-24179-8674,0,0,1,0,0,0,0,0,0
XK88Q2VEJ_24179-4578-24691-5090,0,0,1,0,0,0,0,0,0
XK88Q2VEJ_24179-4066-24691-4578,0,0,1,0,0,0,0,0,0
XK88Q2VEJ_23667-482-24179-994,0,0,1,0,0,0,0,0,0
XK88Q2VEJ_24179-482-24691-994,0,0,1,0,0,0,0,0,0
XK88Q2VEJ_24179-12258-24691-12770,0,0,1,0,0,0,0,0,0
XK88Q2VEJ_24179-8162-24691-8674,0,0,1,0,0,0,0,0,0
XK88Q2VEJ_24179-8674-24691-9186,0,0,1,0,0,0,0,0,0
XK88Q2VEJ_24691-12258-25203-12770,0,0,1,0,0,0,0,0,0
XK88Q2VEJ_24691-5090-25203-5602,0,0,1,0,0,0,0,0,0
XK88Q2VEJ_25203-3554-25715-4066,0,0,1,0,0,0,0,0,0
XK88Q2VEJ_25203-12258-25715-12770,0,0,1,0,0,0,0,0,0
XK88Q2VEJ_24691-4578-25203-5090,0,0,1,0,0,0,0,0,0
XK88Q2VEJ_24691-8674-25203-9186,0,0,1,0,0,0,0,0,0
XK88Q2VEJ_25203-10210-25715-10722,0,0,1,0,0,0,0,0,0
XK88Q2VEJ_25470-9610-25982-10122,0,0,1,0,0,0,0,0,0
XK88Q2VEJ_25470-10122-25982-10634,0,0,1,0,0,0,0,0,0
XK88Q2VEJ_25203-9698-25715-10210,0,0,1,0,0,0,0,0,0
XK88Q2VEJ_25203-8674-25715-9186,0,0,1,0,0,0,0,0,0
XK88Q2VEJ_25715-12258-26227-12770,0,0,1,0,0,0,0,0,0
XK88Q2VEJ_25715-3554-26227-4066,0,0,1,0,0,0,0,0,0
XK88Q2VEJ_25715-9698-26227-10210,0,0,1,0,1,0,0,0,0
XK88Q2VEJ_25715-10210-26227-10722,0,0,1,0,1,0,0,0,0
XK88Q2VEJ_25715-8674-26227-9186,0,0,1,0,0,0,0,0,0
XK88Q2VEJ_25982-9610-26494-10122,0,0,1,0,1,0,0,0,0
XK88Q2VEJ_26227-10210-26739-10722,0,0,1,0,1,0,0,0,0
XK88Q2VEJ_25982-10122-26494-10634,0,0,1,0,1,0,0,0,0
XK88Q2VEJ_26227-5602-26739-6114,0,0,1,0,0,0,0,0,0
XK88Q2VEJ_26227-11746-26739-12258,0,0,1,0,1,0,0,0,0
XK88Q2VEJ_26227-12258-26739-12770,0,0,1,0,0,0,0,0,0
XK88Q2VEJ_26227-10722-26739-11234,0,0,1,0,1,0,0,0,0
XK88Q2VEJ_26227-3554-26739-4066,0,0,1,0,0,0,0,0,0
XK88Q2VEJ_26227-11234-26739-11746,0,0,1,0,1,0,0,0,0
XK88Q2VEJ_26227-6114-26739-6626,0,0,1,0,0,0,0,0,0
XK88Q2VEJ_26227-8674-26739-9186,0,0,1,0,0,0,0,0,0
XK88Q2VEJ_26227-9186-26739-9698,0,0,1,0,0,0,0,0,0
XK88Q2VEJ_2675-12770-3187-13282,0,0,1,0,0,0,0,0,0
XK88Q2VEJ_26227-7138-26739-7650,0,0,1,0,0,0,0,0,0
XK88Q2VEJ_26227-8162-26739-8674,0,0,1,0,0,0,0,0,0
XK88Q2VEJ_26227-6626-26739-7138,0,0,1,0,0,0,0,0,0
XK88Q2VEJ_2675-16354-3187-16866,0,0,1,0,0,0,0,0,0
XK88Q2VEJ_26227-9698-26739-10210,0,0,1,0,1,0,0,0,0
XK88Q2VEJ_3187-16354-3699-16866,0,0,1,0,0,0,0,0,0
XK88Q2VEJ_2675-8674-3187-9186,0,0,1,0,0,0,0,0,0
XK88Q2VEJ_3187-12770-3699-13282,0,0,1,0,0,0,0,0,0
XK88Q2VEJ_4211-12770-4723-13282,0,0,1,0,0,0,0,0,0
XK88Q2VEJ_3699-8674-4211-9186,0,0,1,0,0,0,0,0,0
XK88Q2VEJ_4211-13282-4723-13794,0,0,1,0,0,0,0,0,0
XK88Q2VEJ_3699-12770-4211-13282,0,0,1,0,0,0,0,0,0
XK88Q2VEJ_3699-16354-4211-16866,0,0,1,0,0,0,0,0,0
XK88Q2VEJ_3187-8674-3699-9186,0,0,1,0,0,0,0,0,0
XK88Q2VEJ_4211-16354-4723-16866,0,0,1,0,0,0,0,0,0
XK88Q2VEJ_4211-8674-4723-9186,0,0,1,0,0,0,0,0,0
XK88Q2VEJ_4723-8674-5235-9186,0,0,1,0,0,0,0,0,0
XK88Q2VEJ_5235-13794-5747-14306,0,0,1,0,0,0,0,0,0
XK88Q2VEJ_4723-13282-5235-13794,0,0,1,0,0,0,0,0,0
XK88Q2VEJ_5235-16354-5747-16866,0,0,1,0,0,0,0,0,0
XK88Q2VEJ_5235-13282-5747-13794,0,0,1,0,0,0,0,0,0
XK88Q2VEJ_5235-8674-5747-9186,0,0,1,0,0,0,0,0,0
XK88Q2VEJ_4723-16354-5235-16866,0,0,1,0,0,0,0,0,0
XK88Q2VEJ_5747-12770-6259-13282,0,0,1,0,0,0,0,0,0
XK88Q2VEJ_5747-13282-6259-13794,0,0,1,0,0,0,0,0,0
XK88Q2VEJ_5747-13794-6259-14306,0,0,1,0,0,0,0,0,0
XK88Q2VEJ_6259-12770-6771-13282,0,0,1,0,0,0,0,0,0
XK88Q2VEJ_6259-13794-6771-14306,0,0,1,0,0,0,0,0,0
XK88Q2VEJ_5747-14306-6259-14818,0,0,1,0,0,0,0,0,0
XK88Q2VEJ_5747-16354-6259-16866,0,0,1,0,0,0,0,0,0
XK88Q2VEJ_6259-13282-6771-13794,0,0,1,0,0,0,0,0,0
XK88Q2VEJ_6259-14818-6771-15330,0,0,1,0,0,0,0,0,0
XK88Q2VEJ_627-7650-1139-8162,0,0,1,0,0,0,0,0,0
XK88Q2VEJ_627-7138-1139-7650,0,0,1,0,0,0,0,0,0
XK88Q2VEJ_6771-13794-7283-14306,0,0,1,0,0,0,0,0,0
XK88Q2VEJ_627-6626-1139-7138,0,0,1,0,0,0,0,0,0
XK88Q2VEJ_627-8674-1139-9186,0,0,1,0,0,0,0,0,0
XK88Q2VEJ_6259-16354-6771-16866,0,0,1,0,0,0,0,0,0
XK88Q2VEJ_6682-12966-7194-13478,0,0,1,0,0,0,0,0,0
XK88Q2VEJ_6771-13282-7283-13794,0,0,1,0,0,0,0,0,0
XK88Q2VEJ_6363-14215-6875-14727,0,0,1,0,0,0,0,0,0
XK88Q2VEJ_6771-14818-7283-15330,0,0,1,0,0,0,0,0,0
XK88Q2VEJ_6771-14306-7283-14818,0,0,1,0,0,0,0,0,0
XK88Q2VEJ_6771-16354-7283-16866,0,0,1,0,0,0,0,0,0
XK88Q2VEJ_7283-16354-7795-16866,0,0,1,0,0,0,0,0,0
XK88Q2VEJ_7795-16354-8307-16866,0,0,1,0,0,0,0,0,0
XK88Q2VEJ_8819-16354-9331-16866,0,0,1,0,0,0,0,0,0
XK88Q2VEJ_8307-16354-8819-16866,0,0,1,0,0,0,0,0,0
XK88Q2VEJ_7283-14818-7795-15330,0,0,1,0,0,0,0,0,0
XK88Q2VEJ_8819-4578-9331-5090,0,0,1,0,0,0,0,0,0
XK88Q2VEJ_9331-16354-9843-16866,0,0,1,0,0,0,0,0,0
XKFXG2F19_13142-10809-13654-11321,0,1,0,0,0,0,0,0,0
XKFXG2F19_11431-11559-11943-12071,0,1,0,0,0,0,0,0,0
XKFXG2F19_1117-1135-1629-1647,0,1,0,0,0,0,0,0,0
XK88Q2VEJ_9843-4578-10355-5090,0,0,1,0,0,0,0,0,0
XK88Q2VEJ_9843-16354-10355-16866,0,0,1,0,0,0,0,0,0
XKFXG2F19_2625-1507-3137-2019,0,1,0,0,0,0,0,0,0
XK88Q2VEJ_9331-4578-9843-5090,0,0,1,0,0,0,0,0,0
XKFXG2F19_1629-1135-2141-1647,0,1,0,0,0,0,0,0,0
XKFXG2F19_4979-460-5491-972,0,1,0,0,0,0,0,0,0
XKFXG2F19_5491-460-6003-972,0,1,0,0,0,0,0,0,0
XKFXG2F19_605-1135-1117-1647,0,1,0,0,0,0,0,0,0
XKFXG2F19_6515-460-7027-972,0,1,0,0,0,0,0,0,0
XKFXG2F19_6003-460-6515-972,0,1,0,0,0,0,0,0,0
XKFXG2F19_7539-460-8051-972,0,1,0,0,0,0,0,0,0
XKFXG2F19_7027-460-7539-972,0,1,0,0,0,0,0,0,0
XLNANF7YE_7383-5458-7895-5970,1,0,0,0,0,0,0,0,0
XLNANF7YE_9051-5042-9563-5554,1,0,0,0,0,0,0,0,0
XLNANF7YE_9475-5391-9987-5903,1,0,0,0,0,0,0,0,0
XM2RGBJ4A_1835-5108-2347-5620,0,0,0,0,0,1,0,0,0
XLNANF7YE_9327-5727-9839-6239,1,0,0,0,0,0,0,0,0
XM2RGBJ4A_1975-375-2487-887,0,0,1,0,0,0,0,0,0
XLNANF7YE_9051-5554-9563-6066,1,0,0,0,0,0,0,0,0
XLNANF7YE_8184-4418-8696-4930,1,0,0,0,0,0,0,0,0
XM2RGBJ4A_2338-4873-2850-5385,0,0,0,0,0,1,0,0,0
XM2RGBJ4A_2418-456-2930-968,0,0,1,0,0,0,0,0,1
XM2RGBJ4A_400-5093-912-5605,0,0,1,0,0,0,0,0,0
XM2RGBJ4A_473-326-985-838,0,0,1,0,0,0,0,0,0
XM2RGBJ4A_732-5062-1244-5574,0,0,1,0,0,0,0,0,0
XM78HH6H8_3793-13778-4305-14290,0,0,0,0,0,0,1,0,0
XM2RGBJ4A_769-343-1281-855,0,0,1,0,0,0,0,0,0
XM78HH6H8_3793-13266-4305-13778,0,0,0,0,0,0,1,0,0
XM78HH6H8_4047-14454-4559-14966,0,0,0,0,0,0,1,0,0
XM78HH6H8_3793-14290-4305-14802,0,0,0,0,0,0,1,0,0
XMB8H9319_1011-151-1523-663,1,0,0,0,0,0,0,0,0
XMB8H9319_1295-1403-1807-1915,1,0,0,0,0,0,0,0,0
XM78HH6H8_4047-14966-4559-15478,0,0,0,0,0,0,1,0,0
XMB8H9319_1299-780-1811-1292,1,0,0,0,0,0,0,0,0
XMB8H9319_1088-1254-1600-1766,1,0,0,0,0,0,0,0,0
XMB8H9319_1472-936-1984-1448,1,0,0,0,0,0,0,0,0
XM78HH6H8_4559-15990-5071-16502,0,0,0,0,0,0,1,0,0
XM78HH6H8_4559-15478-5071-15990,0,0,0,0,0,0,1,0,0
XMB8H9319_1600-1254-2112-1766,1,0,0,0,0,0,0,0,0
XMB8H9319_1807-1403-2319-1915,1,0,0,0,0,0,0,0,0
XMB8H9319_1811-780-2323-1292,1,0,0,0,0,0,0,0,0
XMB8H9319_1885-1075-2397-1587,1,0,0,0,0,0,0,0,0
XMB8H9319_2755-1411-3267-1923,1,0,0,0,0,0,0,0,0
XMB8H9319_2390-1089-2902-1601,1,0,0,0,0,0,0,0,0
XMB8H9319_2243-1411-2755-1923,1,0,0,0,0,0,0,0,0
XMB8H9319_2397-563-2909-1075,1,0,0,0,0,0,0,0,0
XMB8H9319_2547-59-3059-571,1,0,0,0,0,0,0,0,0
XMB8H9319_2830-297-3342-809,1,0,0,0,0,0,0,0,0
XMB8H9319_2902-1089-3414-1601,1,0,0,0,0,0,0,0,0
XMB8H9319_3342-297-3854-809,1,0,0,0,0,0,0,0,0
XMB8H9319_2909-563-3421-1075,1,0,0,0,0,0,0,0,0
XMB8H9319_3059-59-3571-571,1,0,0,0,0,0,0,0,0
XMB8H9319_3421-1075-3933-1587,1,0,0,0,0,0,0,0,0
XMB8H9319_3267-1411-3779-1923,1,0,0,0,0,0,0,0,0
XMB8H9319_3421-563-3933-1075,1,0,0,0,0,0,0,0,0
XMB8H9319_349-563-861-1075,1,0,0,0,0,0,0,0,0
XMB8H9319_3571-59-4083-571,1,0,0,0,0,0,0,0,0
XMB8H9319_3784-1588-4296-2100,1,0,0,0,0,0,0,0,0
XMB8H9319_3854-297-4366-809,1,0,0,0,0,0,0,0,0
XMB8H9319_3933-1075-4445-1587,1,0,0,0,0,0,0,0,0
XMB8H9319_3859-780-4371-1292,1,0,0,0,0,0,0,0,0
XMB8H9319_787-780-1299-1292,1,0,0,0,0,0,0,0,0
XMB8H9319_499-151-1011-663,1,0,0,0,0,0,0,0,0
XMB8H9319_576-1254-1088-1766,1,0,0,0,0,0,0,0,0
XMB8H9319_448-936-960-1448,1,0,0,0,0,0,0,0,0
XMB8H9319_783-1403-1295-1915,1,0,0,0,0,0,0,0,0
XMB8H9319_960-936-1472-1448,1,0,0,0,0,0,0,0,0
XMMRAH8WX_1532-3045-2044-3557,0,0,0,0,0,1,0,0,0
XMMRAH8WX_2273-2628-2785-3140,0,0,0,0,0,1,0,0,0
XMMRAH8WX_2636-2439-3148-2951,0,0,0,0,0,1,0,0,0
XMMRAH8WX_2048-2744-2560-3256,0,0,0,0,0,1,0,0,0
XMB8H9319_830-442-1342-954,1,0,0,0,0,0,0,0,0
XMKBJ1VWJ_1502-1126-2014-1638,0,0,0,0,0,0,0,0,1
XMMRAH8WX_1829-2861-2341-3373,0,0,0,0,0,1,0,0,0
XMMRAH8WX_2933-2246-3445-2758,0,0,0,0,0,1,0,0,0
XMMRAH8WX_3138-3516-3650-4028,0,0,0,0,0,1,0,0,0
XMMRAH8WX_3606-2404-4118-2916,0,0,1,0,0,1,0,0,0
XMMRAH8WX_5920-2342-6432-2854,0,0,0,0,0,1,0,0,0
XMMRAH8WX_471-3817-983-4329,0,0,1,0,0,0,0,0,0
XMMRAH8WX_4739-465-5251-977,0,0,0,0,0,1,0,0,0
XMMRAH8WX_6200-3623-6712-4135,0,0,0,0,0,1,0,0,0
XMMRAH8WX_4048-2528-4560-3040,0,0,1,0,0,1,0,0,0
XMMRAH8WX_928-3695-1440-4207,0,0,1,0,0,0,0,0,0
XMMRAH8WX_5920-2854-6432-3366,0,0,0,0,0,1,0,0,0
XNKGLTAMZ_1324-3860-1836-4372,1,0,0,0,0,0,0,0,0
XNKGLTAMZ_1203-1170-1715-1682,1,0,0,0,0,0,0,0,0
XNKGLTAMZ_1715-1170-2227-1682,1,0,0,0,0,0,0,0,0
XNKGLTAMZ_1625-3866-2137-4378,1,0,0,0,0,0,0,0,0
XNKGLTAMZ_2953-974-3465-1486,1,0,0,0,0,0,0,0,0
XNKGLTAMZ_1965-1797-2477-2309,1,0,0,0,0,0,0,0,0
XNKGLTAMZ_2953-462-3465-974,1,0,0,0,0,0,0,0,0
XNKGLTAMZ_3056-3842-3568-4354,1,0,0,0,0,0,0,0,0
XNKGLTAMZ_3465-462-3977-974,1,0,0,0,0,0,0,0,0
XNKGLTAMZ_3977-462-4489-974,1,0,0,0,0,0,0,0,0
XNKGLTAMZ_3465-974-3977-1486,1,0,0,0,0,0,0,0,0
XNKGLTAMZ_4800-463-5312-975,1,0,0,0,0,0,0,0,0
XNKGLTAMZ_3977-974-4489-1486,1,0,0,0,0,0,0,0,0
XNKGLTAMZ_6084-2353-6596-2865,1,0,0,0,0,0,0,0,0
XNKGLTAMZ_6596-2353-7108-2865,1,0,0,0,0,0,0,0,0
XNKGLTAMZ_6861-509-7373-1021,1,0,0,0,0,0,0,0,0
XNKGLTAMZ_6802-3399-7314-3911,1,0,0,0,0,0,0,0,0
XNKGLTAMZ_7164-1532-7676-2044,1,0,0,0,0,0,0,0,0
XNKGLTAMZ_7526-2685-8038-3197,1,0,0,0,0,0,0,0,0
XNKGLTAMZ_7676-1532-8188-2044,1,0,0,0,0,0,0,0,0
XNKGLTAMZ_7676-2044-8188-2556,1,0,0,0,0,0,0,0,0
XNKGLTAMZ_7164-2044-7676-2556,1,0,0,0,0,0,0,0,0
XNKGLTAMZ_9476-1455-9988-1967,1,0,0,0,0,0,0,0,0
XNKGLTAMZ_8038-2685-8550-3197,1,0,0,0,0,0,0,0,0
XNKGLTAMZ_9988-1455-10500-1967,1,0,0,0,0,0,0,0,0
XNKGLTAMZ_9476-1967-9988-2479,1,0,0,0,0,0,0,0,0
XNZBB2NGA_4953-770-5465-1282,0,1,0,0,0,0,0,0,0
XNZBB2NGA_5465-770-5977-1282,0,1,0,0,0,0,0,0,0
XNKGLTAMZ_9988-1967-10500-2479,1,0,0,0,0,0,0,0,0
XNZBB2NGA_6746-2781-7258-3293,0,1,0,0,0,0,0,0,0
XPK4CEGNF_2417-507-2929-1019,0,0,0,0,0,0,1,0,0
XNZBB2NGA_8159-4216-8671-4728,0,1,0,0,0,0,0,0,0
XNZBB2NGA_5854-1313-6366-1825,0,1,0,0,0,0,0,0,0
XPK4CEGNF_2417-1531-2929-2043,0,0,0,0,0,0,1,0,0
XPK4CEGNF_2417-1019-2929-1531,0,0,0,0,0,0,1,0,0
XNZBB2NGA_6416-2532-6928-3044,0,1,0,0,0,0,0,0,0
XPK4CEGNF_3441-2043-3953-2555,0,0,0,0,0,0,1,0,0
XPK4CEGNF_3863-2325-4375-2837,0,0,0,0,0,0,1,0,0
XPK4CEGNF_2929-1531-3441-2043,0,0,0,0,0,0,1,0,0
XPK4CEGNF_5656-1172-6168-1684,0,0,0,0,0,0,1,0,0
XPK4CEGNF_4662-2885-5174-3397,0,0,0,0,0,0,1,0,0
XPK4CEGNF_5144-660-5656-1172,0,0,0,0,0,0,1,0,0
XPK4CEGNF_6168-1172-6680-1684,0,0,0,0,0,0,1,0,0
XQ3IEWURW_1142-4040-1654-4552,0,0,1,0,0,0,0,0,0
XQ3IEWURW_1257-4872-1769-5384,0,0,1,0,0,0,0,0,0
XQ3IEWURW_1300-600-1812-1112,0,0,1,0,0,0,0,0,0
XQ3IEWURW_1381-4138-1893-4650,0,0,1,0,0,0,0,0,0
XQ3IEWURW_1630-3990-2142-4502,0,0,1,0,0,0,0,0,0
XQ3IEWURW_1429-4406-1941-4918,0,0,1,0,0,0,0,0,0
XQ3IEWURW_1628-3678-2140-4190,0,0,1,0,0,0,0,0,0
XQ3IEWURW_613-1844-1125-2356,0,0,1,0,0,0,0,0,0
XQ3IEWURW_1571-669-2083-1181,0,0,1,0,0,0,0,0,0
XQ3IEWURW_1461-5064-1973-5576,0,0,1,0,0,0,0,0,0
XQ3IEWURW_630-4040-1142-4552,0,0,1,0,0,0,0,0,0
XQ3IEWURW_646-2312-1158-2824,0,0,1,0,0,0,0,0,0
XQ3IEWURW_657-1500-1169-2012,0,0,1,0,0,0,0,0,0
XQ3IEWURW_680-2580-1192-3092,0,0,1,0,0,0,0,0,0
XQ3IEWURW_788-600-1300-1112,0,0,1,0,0,0,0,0,0
XQ3IEWURW_931-2144-1443-2656,0,0,1,0,0,0,0,0,0
XQ64HH2IN_1884-2343-2396-2855,0,0,1,0,0,0,0,0,0
XQ64HH2IN_1717-2172-2229-2684,0,0,1,0,0,0,0,0,0
XQ64HH2IN_1317-863-1829-1375,0,0,1,1,0,0,0,0,0
XQ64HH2IN_2127-3898-2639-4410,0,0,1,0,0,0,0,0,0
XQ64HH2IN_2127-3386-2639-3898,0,0,1,0,0,0,0,0,0
XQ64HH2IN_2254-1775-2766-2287,0,0,1,0,0,0,0,0,0
XQ64HH2IN_2507-3067-3019-3579,0,0,1,0,0,0,0,0,0
XQ64HH2IN_2711-3720-3223-4232,0,0,1,0,0,0,0,0,0
XQ64HH2IN_2507-3579-3019-4091,0,0,1,0,0,0,0,0,0
XQ64HH2IN_2412-2694-2924-3206,0,0,1,0,0,0,0,0,0
XQ64HH2IN_2797-1113-3309-1625,0,0,1,1,0,0,0,0,0
XQ64HH2IN_2428-2337-2940-2849,0,0,1,0,0,0,0,0,0
XQ64HH2IN_2748-4026-3260-4538,0,0,1,0,0,0,0,0,0
XQ64HH2IN_2856-3201-3368-3713,0,0,1,0,0,0,0,0,0
XQ64HH2IN_2990-1451-3502-1963,0,0,1,1,0,0,0,0,0
XQ64HH2IN_2978-3599-3490-4111,0,0,1,0,0,0,0,0,0
XQ64HH2IN_2955-4615-3467-5127,0,0,1,0,0,0,0,0,0
XQ64HH2IN_2990-939-3502-1451,0,0,1,1,0,0,0,0,0
XQ64HH2IN_3502-1451-4014-1963,0,0,0,1,0,0,0,0,0
XQ64HH2IN_3016-4334-3528-4846,0,0,1,0,0,0,0,0,0
XQ64HH2IN_3347-4667-3859-5179,0,0,1,0,0,0,0,0,0
XQ64HH2IN_3528-4334-4040-4846,0,0,1,0,0,0,0,0,0
XQ64HH2IN_3502-939-4014-1451,0,0,0,1,0,0,0,0,0
XQ64HH2IN_3646-4723-4158-5235,0,0,1,0,0,0,0,0,0
XQ64HH2IN_3898-4505-4410-5017,0,0,1,0,0,0,0,0,0
XQ64HH2IN_3929-4794-4441-5306,0,0,1,0,0,0,0,0,0
XQ64HH2IN_3796-5576-4308-6088,0,0,1,0,0,0,0,0,0
XQ64HH2IN_4111-4336-4623-4848,0,0,1,0,0,0,0,0,0
XQ64HH2IN_4139-5886-4651-6398,0,0,1,0,0,0,0,0,0
XQ64HH2IN_3698-5276-4210-5788,0,0,1,0,0,0,0,0,0
XQ64HH2IN_3919-5172-4431-5684,0,0,1,0,0,0,0,0,0
XQ64HH2IN_4296-6506-4808-7018,0,0,1,0,0,0,0,0,0
XQ64HH2IN_4157-5072-4669-5584,0,0,1,0,0,0,0,0,0
XQ64HH2IN_4403-6754-4915-7266,0,0,1,0,0,0,0,0,0
XQ64HH2IN_4377-6188-4889-6700,0,0,1,0,0,0,0,0,0
XQ64HH2IN_4407-4414-4919-4926,0,0,1,0,0,0,0,0,0
XQ64HH2IN_4652-4245-5164-4757,0,0,1,0,0,0,0,0,0
XQ64HH2IN_4664-5563-5176-6075,0,0,1,0,0,0,0,0,0
XQ64HH2IN_4652-4757-5164-5269,0,0,1,0,0,0,0,0,0
XQ64HH2IN_4664-6587-5176-7099,0,0,1,0,0,0,0,0,0
XQ64HH2IN_4664-6075-5176-6587,0,0,1,0,0,0,0,0,0
XQ64HH2IN_5315-1063-5827-1575,0,0,1,0,0,0,0,0,0
XQ64HH2IN_5440-1547-5952-2059,0,0,1,0,0,0,0,0,0
XQ64HH2IN_5267-6062-5779-6574,0,0,1,0,0,0,0,0,0
XQ64HH2IN_4664-7099-5176-7611,0,0,1,0,0,0,0,0,0
XQ64HH2IN_5541-929-6053-1441,0,0,1,0,0,0,0,0,0
XQ64HH2IN_5643-4051-6155-4563,0,0,1,0,0,0,0,0,0
XQ64HH2IN_5391-1850-5903-2362,0,0,1,0,0,0,0,0,0
XQ64HH2IN_5614-4837-6126-5349,0,0,1,0,0,0,0,0,0
XQ64HH2IN_5993-1003-6505-1515,0,0,1,0,0,0,0,0,0
XQ64HH2IN_5912-4353-6424-4865,0,0,1,0,0,0,0,0,0
XQ64HH2IN_5643-4563-6155-5075,0,0,1,0,0,0,0,0,0
XQ64HH2IN_5740-1886-6252-2398,0,0,1,0,0,0,0,0,0
XQ64HH2IN_6300-2705-6812-3217,0,0,1,0,0,0,0,0,0
XQ64HH2IN_6244-4217-6756-4729,0,0,1,0,0,0,0,0,0
XQ64HH2IN_6180-2066-6692-2578,0,0,1,0,0,0,0,0,0
XQ64HH2IN_6180-1554-6692-2066,0,0,1,0,0,0,0,0,0
XQ64HH2IN_6343-1803-6855-2315,0,0,1,0,0,0,0,0,0
XQ64HH2IN_6461-3266-6973-3778,0,0,1,0,0,0,0,0,0
XQ64HH2IN_6479-2216-6991-2728,0,0,1,0,0,0,0,0,0
XQ64HH2IN_6588-877-7100-1389,0,0,1,0,0,0,0,0,0
XQ64HH2IN_6886-894-7398-1406,0,0,1,0,0,0,0,0,0
XQ64HH2IN_6838-3025-7350-3537,0,0,1,0,0,0,0,0,0
XQ64HH2IN_6667-2057-7179-2569,0,0,1,0,0,0,0,0,0
XQ64HH2IN_6764-1110-7276-1622,0,0,1,0,0,0,0,0,0
XQ64HH2IN_6582-1537-7094-2049,0,0,1,0,0,0,0,0,0
XQ64HH2IN_8207-1257-8719-1769,0,0,1,0,0,0,0,0,0
XQC9CDYKB_10095-2530-10607-3042,1,0,0,0,0,0,0,0,0
XQ64HH2IN_6980-7835-7492-8347,0,0,1,0,0,0,0,0,0
XQC9CDYKB_10095-3042-10607-3554,1,0,0,0,0,0,0,0,0
XQ64HH2IN_7075-2787-7587-3299,0,0,1,0,0,0,0,0,0
XQC9CDYKB_10095-3554-10607-4066,1,0,0,0,0,0,0,0,0
XQC9CDYKB_10174-4538-10686-5050,1,0,0,0,0,0,0,0,0
XQC9CDYKB_10136-5965-10648-6477,1,0,0,0,0,0,0,0,0
XQC9CDYKB_10174-5050-10686-5562,1,0,0,0,0,0,0,0,0
XQC9CDYKB_10174-6586-10686-7098,1,0,0,0,0,0,0,0,0
XQC9CDYKB_10174-5562-10686-6074,1,0,0,0,0,0,0,0,0
XQC9CDYKB_10297-3983-10809-4495,1,0,0,0,0,0,0,0,0
XQC9CDYKB_10231-7233-10743-7745,1,0,0,0,0,0,0,0,0
XQC9CDYKB_10376-7438-10888-7950,1,0,0,0,0,0,0,0,0
XQC9CDYKB_10607-2530-11119-3042,1,0,0,0,0,0,0,0,0
XQC9CDYKB_10607-3554-11119-4066,1,0,0,0,0,0,0,0,0
XQC9CDYKB_10376-6926-10888-7438,1,0,0,0,0,0,0,0,0
XQC9CDYKB_10607-3042-11119-3554,1,0,0,0,0,0,0,0,0
XQC9CDYKB_10686-5050-11198-5562,1,0,0,0,0,0,0,0,0
XQC9CDYKB_10686-4538-11198-5050,1,0,0,0,0,0,0,0,0
XQC9CDYKB_10686-5562-11198-6074,1,0,0,0,0,0,0,0,0
XQC9CDYKB_10607-4066-11119-4578,1,0,0,0,0,0,0,0,0
XQC9CDYKB_10686-6074-11198-6586,1,0,0,0,0,0,0,0,0
XQC9CDYKB_10686-6586-11198-7098,1,0,0,0,0,0,0,0,0
XQC9CDYKB_10743-7233-11255-7745,1,0,0,0,0,0,0,0,0
XQC9CDYKB_10888-6926-11400-7438,1,0,0,0,0,0,0,0,0
XQC9CDYKB_10888-6414-11400-6926,1,0,0,0,0,0,0,0,0
XQC9CDYKB_1111-2816-1623-3328,1,0,0,0,0,0,0,0,0
XQC9CDYKB_11119-2530-11631-3042,1,0,0,0,0,0,0,0,0
XQC9CDYKB_10888-7438-11400-7950,1,0,0,0,0,0,0,0,0
XQC9CDYKB_11198-5050-11710-5562,1,0,0,0,0,0,0,0,0
XQC9CDYKB_11119-3042-11631-3554,1,0,0,0,0,0,0,0,0
XQC9CDYKB_11119-3554-11631-4066,1,0,0,0,0,0,0,0,0
XQC9CDYKB_11198-4538-11710-5050,1,0,0,0,0,0,0,0,0
XQC9CDYKB_11198-6074-11710-6586,1,0,0,0,0,0,0,0,0
XQC9CDYKB_11198-5562-11710-6074,1,0,0,0,0,0,0,0,0
XQC9CDYKB_1129-5993-1641-6505,1,0,0,0,0,0,0,0,0
XQC9CDYKB_11198-6586-11710-7098,1,0,0,0,0,0,0,0,0
XQC9CDYKB_1136-3537-1648-4049,1,0,0,0,0,0,0,0,0
XQC9CDYKB_11321-3983-11833-4495,1,0,0,0,0,0,0,0,0
XQC9CDYKB_11198-7098-11710-7610,1,0,0,0,0,0,0,0,0
XQC9CDYKB_11400-6414-11912-6926,1,0,0,0,0,0,0,0,0
XQC9CDYKB_1136-4049-1648-4561,1,0,0,0,0,0,0,0,0
XQC9CDYKB_11400-8462-11912-8974,1,0,0,0,0,0,0,0,0
XQC9CDYKB_11631-2530-12143-3042,1,0,0,0,0,0,0,0,0
XQC9CDYKB_11631-3042-12143-3554,1,0,0,0,0,0,0,0,0
XQC9CDYKB_11710-5562-12222-6074,1,0,0,0,0,0,0,0,0
XQC9CDYKB_11710-4538-12222-5050,1,0,0,0,0,0,0,0,0
XQC9CDYKB_11710-6074-12222-6586,1,0,0,0,0,0,0,0,0
XQC9CDYKB_11710-5050-12222-5562,1,0,0,0,0,0,0,0,0
XQC9CDYKB_11631-3554-12143-4066,1,0,0,0,0,0,0,0,0
XQC9CDYKB_11710-6586-12222-7098,1,0,0,0,0,0,0,0,0
XQC9CDYKB_11710-7610-12222-8122,1,0,0,0,0,0,0,0,0
XQC9CDYKB_11710-7098-12222-7610,1,0,0,0,0,0,0,0,0
XQC9CDYKB_11833-3983-12345-4495,1,0,0,0,0,0,0,0,0
XQC9CDYKB_11912-6926-12424-7438,1,0,0,0,0,0,0,0,0
XQC9CDYKB_11912-7438-12424-7950,1,0,0,0,0,0,0,0,0
XQC9CDYKB_11912-6414-12424-6926,1,0,0,0,0,0,0,0,0
XQC9CDYKB_12143-2530-12655-3042,1,0,0,0,0,0,0,0,0
XQC9CDYKB_12143-3554-12655-4066,1,0,0,0,0,0,0,0,0
XQC9CDYKB_12143-4066-12655-4578,1,0,0,0,0,0,0,0,0
XQC9CDYKB_12143-3042-12655-3554,1,0,0,0,0,0,0,0,0
XQC9CDYKB_12222-4538-12734-5050,1,0,0,0,0,0,0,0,0
XQC9CDYKB_12402-5570-12914-6082,1,0,0,0,0,0,0,0,0
XQC9CDYKB_12222-6586-12734-7098,1,0,0,0,0,0,0,0,0
XQC9CDYKB_12279-7233-12791-7745,1,0,0,0,0,0,0,0,0
XQC9CDYKB_12222-6074-12734-6586,1,0,0,0,0,0,0,0,0
XQC9CDYKB_12222-7610-12734-8122,1,0,0,0,0,0,0,0,0
XQC9CDYKB_12222-5050-12734-5562,1,0,0,0,0,0,0,0,0
XQC9CDYKB_12424-6414-12936-6926,1,0,0,0,0,0,0,0,0
XQC9CDYKB_12424-6926-12936-7438,1,0,0,0,0,0,0,0,0
XQC9CDYKB_12424-7438-12936-7950,1,0,0,0,0,0,0,0,0
XQC9CDYKB_1246-4899-1758-5411,1,0,0,0,0,0,0,0,0
XQC9CDYKB_1246-4387-1758-4899,1,0,0,0,0,0,0,0,0
XQC9CDYKB_1246-5411-1758-5923,1,0,0,0,0,0,0,0,0
XQC9CDYKB_12424-7950-12936-8462,1,0,0,0,0,0,0,0,0
XQC9CDYKB_12655-3554-13167-4066,1,0,0,0,0,0,0,0,0
XQC9CDYKB_12734-5050-13246-5562,1,0,0,0,0,0,0,0,0
XQC9CDYKB_12734-4026-13246-4538,1,0,0,0,0,0,0,0,0
XQC9CDYKB_12734-4538-13246-5050,1,0,0,0,0,0,0,0,0
XQC9CDYKB_12734-5562-13246-6074,1,0,0,0,0,0,0,0,0
XQC9CDYKB_12734-7098-13246-7610,1,0,0,0,0,0,0,0,0
XQC9CDYKB_12734-6586-13246-7098,1,0,0,0,0,0,0,0,0
XQC9CDYKB_13167-3554-13679-4066,1,0,0,0,0,0,0,0,0
XQC9CDYKB_12734-6074-13246-6586,1,0,0,0,0,0,0,0,0
XQC9CDYKB_12936-7438-13448-7950,1,0,0,0,0,0,0,0,0
XQC9CDYKB_13167-2530-13679-3042,1,0,0,0,0,0,0,0,0
XQC9CDYKB_12734-7610-13246-8122,1,0,0,0,0,0,0,0,0
XQC9CDYKB_12936-6414-13448-6926,1,0,0,0,0,0,0,0,0
XQC9CDYKB_13246-4538-13758-5050,1,0,0,0,0,0,0,0,0
XQC9CDYKB_13246-6586-13758-7098,1,0,0,0,0,0,0,0,0
XQC9CDYKB_13246-7098-13758-7610,1,0,0,0,0,0,0,0,0
XQC9CDYKB_13246-6074-13758-6586,1,0,0,0,0,0,0,0,0
XQC9CDYKB_13246-5050-13758-5562,1,0,0,0,0,0,0,0,0
XQC9CDYKB_13246-5562-13758-6074,1,0,0,0,0,0,0,0,0
XQC9CDYKB_13369-3983-13881-4495,1,0,0,0,0,0,0,0,0
XQC9CDYKB_13448-6414-13960-6926,1,0,0,0,0,0,0,0,0
XQC9CDYKB_13246-7610-13758-8122,1,0,0,0,0,0,0,0,0
XQC9CDYKB_13448-6926-13960-7438,1,0,0,0,0,0,0,0,0
XQC9CDYKB_13448-8462-13960-8974,1,0,0,0,0,0,0,0,0
XQC9CDYKB_13448-7438-13960-7950,1,0,0,0,0,0,0,0,0
XQC9CDYKB_13758-5562-14270-6074,1,0,0,0,0,0,0,0,0
XQC9CDYKB_13679-2530-14191-3042,1,0,0,0,0,0,0,0,0
XQC9CDYKB_13448-7950-13960-8462,1,0,0,0,0,0,0,0,0
XQC9CDYKB_13758-6586-14270-7098,1,0,0,0,0,0,0,0,0
XQC9CDYKB_13758-7098-14270-7610,1,0,0,0,0,0,0,0,0
XQC9CDYKB_13758-6074-14270-6586,1,0,0,0,0,0,0,0,0
XQC9CDYKB_1381-2890-1893-3402,1,0,0,0,0,0,0,0,0
XQC9CDYKB_13758-7610-14270-8122,1,0,0,0,0,0,0,0,0
XQC9CDYKB_1637-4831-2149-5343,1,0,0,0,0,0,0,0,0
XQC9CDYKB_1381-2378-1893-2890,1,0,0,0,0,0,0,0,0
XQC9CDYKB_1758-3875-2270-4387,1,0,0,0,0,0,0,0,0
XQC9CDYKB_1648-3537-2160-4049,1,0,0,0,0,0,0,0,0
XQC9CDYKB_1758-5411-2270-5923,1,0,0,0,0,0,0,0,0
XQC9CDYKB_1758-4387-2270-4899,1,0,0,0,0,0,0,0,0
XQC9CDYKB_1758-5923-2270-6435,1,0,0,0,0,0,0,0,0
XQC9CDYKB_1816-2471-2328-2983,1,0,0,0,0,0,0,0,0
XQC9CDYKB_1758-6435-2270-6947,1,0,0,0,0,0,0,0,0
XQC9CDYKB_2270-3875-2782-4387,1,0,0,0,0,0,0,0,0
XQC9CDYKB_2270-4387-2782-4899,1,0,0,0,0,0,0,0,0
XQC9CDYKB_1893-2890-2405-3402,1,0,0,0,0,0,0,0,0
XQC9CDYKB_2270-5923-2782-6435,1,0,0,0,0,0,0,0,0
XQC9CDYKB_2270-4899-2782-5411,1,0,0,0,0,0,0,0,0
XQC9CDYKB_2270-5411-2782-5923,1,0,0,0,0,0,0,0,0
XQC9CDYKB_2160-3537-2672-4049,1,0,0,0,0,0,0,0,0
XQC9CDYKB_2328-2983-2840-3495,1,0,0,0,0,0,0,0,0
XQC9CDYKB_2328-2471-2840-2983,1,0,0,0,0,0,0,0,0
XQC9CDYKB_2782-4387-3294-4899,1,0,0,0,0,0,0,0,0
XQC9CDYKB_2270-6435-2782-6947,1,0,0,0,0,0,0,0,0
XQC9CDYKB_2782-3875-3294-4387,1,0,0,0,0,0,0,0,0
XQC9CDYKB_2782-4899-3294-5411,1,0,0,0,0,0,0,0,0
XQC9CDYKB_2782-6435-3294-6947,1,0,0,0,0,0,0,0,0
XQC9CDYKB_2782-5923-3294-6435,1,0,0,0,0,0,0,0,0
XQC9CDYKB_2782-5411-3294-5923,1,0,0,0,0,0,0,0,0
XQC9CDYKB_2840-2471-3352-2983,1,0,0,0,0,0,0,0,0
XQC9CDYKB_2840-3495-3352-4007,1,0,0,0,0,0,0,0,0
XQC9CDYKB_3294-4899-3806-5411,1,0,0,0,0,0,0,0,0
XQC9CDYKB_2840-2983-3352-3495,1,0,0,0,0,0,0,0,0
XQC9CDYKB_3294-3875-3806-4387,1,0,0,0,0,0,0,0,0
XQC9CDYKB_3294-5923-3806-6435,1,0,0,0,0,0,0,0,0
XQC9CDYKB_3294-4387-3806-4899,1,0,0,0,0,0,0,0,0
XQC9CDYKB_3294-5411-3806-5923,1,0,0,0,0,0,0,0,0
XQC9CDYKB_2840-1959-3352-2471,1,0,0,0,0,0,0,0,0
XQC9CDYKB_3294-6435-3806-6947,1,0,0,0,0,0,0,0,0
XQC9CDYKB_3352-1447-3864-1959,1,0,0,0,0,0,0,0,0
XQC9CDYKB_3352-1959-3864-2471,1,0,0,0,0,0,0,0,0
XQC9CDYKB_3352-2983-3864-3495,1,0,0,0,0,0,0,0,0
XQC9CDYKB_3352-3495-3864-4007,1,0,0,0,0,0,0,0,0
XQC9CDYKB_3352-423-3864-935,1,0,0,0,0,0,0,0,0
XQC9CDYKB_3394-2216-3906-2728,1,0,0,0,0,0,0,0,0
XQC9CDYKB_3439-4066-3951-4578,1,0,0,0,0,0,0,0,0
XQC9CDYKB_3352-935-3864-1447,1,0,0,0,0,0,0,0,0
XQC9CDYKB_3799-1439-4311-1951,1,0,0,0,0,0,0,0,0
XQC9CDYKB_3906-2216-4418-2728,1,0,0,0,0,0,0,0,0
XQC9CDYKB_3864-3495-4376-4007,1,0,0,0,0,0,0,0,0
XQC9CDYKB_3806-3875-4318-4387,1,0,0,0,0,0,0,0,0
XQC9CDYKB_3799-1951-4311-2463,1,0,0,0,0,0,0,0,0
XQC9CDYKB_3951-2530-4463-3042,1,0,0,0,0,0,0,0,0
XQC9CDYKB_3864-2983-4376-3495,1,0,0,0,0,0,0,0,0
XQC9CDYKB_3799-927-4311-1439,1,0,0,0,0,0,0,0,0
XQC9CDYKB_3806-4387-4318-4899,1,0,0,0,0,0,0,0,0
XQC9CDYKB_4318-4387-4830-4899,1,0,0,0,0,0,0,0,0
XQC9CDYKB_3951-4066-4463-4578,1,0,0,0,0,0,0,0,0
XQC9CDYKB_4318-3875-4830-4387,1,0,0,0,0,0,0,0,0
XQC9CDYKB_4376-1959-4888-2471,1,0,0,0,0,0,0,0,0
XQC9CDYKB_4376-2471-4888-2983,1,0,0,0,0,0,0,0,0
XQC9CDYKB_4442-874-4954-1386,1,0,0,0,0,0,0,0,0
XQC9CDYKB_4376-2983-4888-3495,1,0,0,0,0,0,0,0,0
XQC9CDYKB_4442-1386-4954-1898,1,0,0,0,0,0,0,0,0
XQC9CDYKB_4463-3554-4975-4066,1,0,0,0,0,0,0,0,0
XQC9CDYKB_4830-4387-5342-4899,1,0,0,0,0,0,0,0,0
XQC9CDYKB_4888-2983-5400-3495,1,0,0,0,0,0,0,0,0
XQC9CDYKB_4463-4066-4975-4578,1,0,0,0,0,0,0,0,0
XQC9CDYKB_4830-3875-5342-4387,1,0,0,0,0,0,0,0,0
XQC9CDYKB_4888-1959-5400-2471,1,0,0,0,0,0,0,0,0
XQC9CDYKB_4823-927-5335-1439,1,0,0,0,0,0,0,0,0
XQC9CDYKB_4975-3554-5487-4066,1,0,0,0,0,0,0,0,0
XQC9CDYKB_4888-2471-5400-2983,1,0,0,0,0,0,0,0,0
XQC9CDYKB_4954-1386-5466-1898,1,0,0,0,0,0,0,0,0
XQC9CDYKB_5342-3875-5854-4387,1,0,0,0,0,0,0,0,0
XQC9CDYKB_5335-1439-5847-1951,1,0,0,0,0,0,0,0,0
XQC9CDYKB_4975-4066-5487-4578,1,0,0,0,0,0,0,0,0
XQC9CDYKB_5342-4387-5854-4899,1,0,0,0,0,0,0,0,0
XQC9CDYKB_5400-1959-5912-2471,1,0,0,0,0,0,0,0,0
XQC9CDYKB_5442-2728-5954-3240,1,0,0,0,0,0,0,0,0
XQC9CDYKB_5400-2471-5912-2983,1,0,0,0,0,0,0,0,0
XQC9CDYKB_5400-3495-5912-4007,1,0,0,0,0,0,0,0,0
XQC9CDYKB_5400-935-5912-1447,1,0,0,0,0,0,0,0,0
XQC9CDYKB_5847-927-6359-1439,1,0,0,0,0,0,0,0,0
XQC9CDYKB_5487-3042-5999-3554,1,0,0,0,0,0,0,0,0
XQC9CDYKB_5487-4066-5999-4578,1,0,0,0,0,0,0,0,0
XQC9CDYKB_5854-4387-6366-4899,1,0,0,0,0,0,0,0,0
XQC9CDYKB_5854-3875-6366-4387,1,0,0,0,0,0,0,0,0
XQC9CDYKB_5978-1386-6490-1898,1,0,0,0,0,0,0,0,0
XQC9CDYKB_5877-2857-6389-3369,1,0,0,0,0,0,0,0,0
XQC9CDYKB_5912-1959-6424-2471,1,0,0,0,0,0,0,0,0
XQC9CDYKB_5912-2471-6424-2983,1,0,0,0,0,0,0,0,0
XQC9CDYKB_5999-4066-6511-4578,1,0,0,0,0,0,0,0,0
XQC9CDYKB_5999-3554-6511-4066,1,0,0,0,0,0,0,0,0
XQC9CDYKB_624-3025-1136-3537,1,0,0,0,0,0,0,0,0
XQC9CDYKB_624-3537-1136-4049,1,0,0,0,0,0,0,0,0
XQC9CDYKB_6359-1439-6871-1951,1,0,0,0,0,0,0,0,0
XQC9CDYKB_6359-927-6871-1439,1,0,0,0,0,0,0,0,0
XQC9CDYKB_6366-4387-6878-4899,1,0,0,0,0,0,0,0,0
XQC9CDYKB_6366-3875-6878-4387,1,0,0,0,0,0,0,0,0
XQC9CDYKB_6389-2857-6901-3369,1,0,0,0,0,0,0,0,0
XQC9CDYKB_6878-3875-7390-4387,1,0,0,0,0,0,0,0,0
XQC9CDYKB_6424-1959-6936-2471,1,0,0,0,0,0,0,0,0
XQC9CDYKB_6511-3554-7023-4066,1,0,0,0,0,0,0,0,0
XQC9CDYKB_6511-4066-7023-4578,1,0,0,0,0,0,0,0,0
XQC9CDYKB_6424-2471-6936-2983,1,0,0,0,0,0,0,0,0
XQC9CDYKB_6901-2857-7413-3369,1,0,0,0,0,0,0,0,0
XQC9CDYKB_6424-423-6936-935,1,0,0,0,0,0,0,0,0
XQC9CDYKB_6871-927-7383-1439,1,0,0,0,0,0,0,0,0
XQC9CDYKB_6878-4387-7390-4899,1,0,0,0,0,0,0,0,0
XQC9CDYKB_7002-1386-7514-1898,1,0,0,0,0,0,0,0,0
XQC9CDYKB_6936-1959-7448-2471,1,0,0,0,0,0,0,0,0
XQC9CDYKB_6936-423-7448-935,1,0,0,0,0,0,0,0,0
XQC9CDYKB_6978-2216-7490-2728,1,0,0,0,0,0,0,0,0
XQC9CDYKB_7023-4066-7535-4578,1,0,0,0,0,0,0,0,0
XQC9CDYKB_7023-3554-7535-4066,1,0,0,0,0,0,0,0,0
XQC9CDYKB_734-3875-1246-4387,1,0,0,0,0,0,0,0,0
XQC9CDYKB_734-4387-1246-4899,1,0,0,0,0,0,0,0,0
XQC9CDYKB_7023-2530-7535-3042,1,0,0,0,0,0,0,0,0
XQC9CDYKB_7390-3875-7902-4387,1,0,0,0,0,0,0,0,0
XQC9CDYKB_734-6435-1246-6947,1,0,0,0,0,0,0,0,0
XQC9CDYKB_734-5411-1246-5923,1,0,0,0,0,0,0,0,0
XQC9CDYKB_7448-1959-7960-2471,1,0,0,0,0,0,0,0,0
XQC9CDYKB_734-5923-1246-6435,1,0,0,0,0,0,0,0,0
XQC9CDYKB_734-4899-1246-5411,1,0,0,0,0,0,0,0,0
XQC9CDYKB_7390-4387-7902-4899,1,0,0,0,0,0,0,0,0
XQC9CDYKB_7448-2983-7960-3495,1,0,0,0,0,0,0,0,0
XQC9CDYKB_7448-2471-7960-2983,1,0,0,0,0,0,0,0,0
XQC9CDYKB_7514-1386-8026-1898,1,0,0,0,0,0,0,0,0
XQC9CDYKB_7514-874-8026-1386,1,0,0,0,0,0,0,0,0
XQC9CDYKB_7448-423-7960-935,1,0,0,0,0,0,0,0,0
XQC9CDYKB_7535-3554-8047-4066,1,0,0,0,0,0,0,0,0
XQC9CDYKB_7902-4387-8414-4899,1,0,0,0,0,0,0,0,0
XQC9CDYKB_7960-1959-8472-2471,1,0,0,0,0,0,0,0,0
XQC9CDYKB_7535-4066-8047-4578,1,0,0,0,0,0,0,0,0
XQC9CDYKB_7902-3875-8414-4387,1,0,0,0,0,0,0,0,0
XQC9CDYKB_7751-3076-8263-3588,1,0,0,0,0,0,0,0,0
XQC9CDYKB_8002-2728-8514-3240,1,0,0,0,0,0,0,0,0
XQC9CDYKB_7960-423-8472-935,1,0,0,0,0,0,0,0,0
XQC9CDYKB_8026-1386-8538-1898,1,0,0,0,0,0,0,0,0
XQC9CDYKB_8047-3042-8559-3554,1,0,0,0,0,0,0,0,0
XQC9CDYKB_7960-3495-8472-4007,1,0,0,0,0,0,0,0,0
XQC9CDYKB_8002-2216-8514-2728,1,0,0,0,0,0,0,0,0
XQC9CDYKB_8047-4066-8559-4578,1,0,0,0,0,0,0,0,0
XQC9CDYKB_8026-874-8538-1386,1,0,0,0,0,0,0,0,0
XQC9CDYKB_8407-1439-8919-1951,1,0,0,0,0,0,0,0,0
XQC9CDYKB_8407-1951-8919-2463,1,0,0,0,0,0,0,0,0
XQC9CDYKB_8414-3875-8926-4387,1,0,0,0,0,0,0,0,0
XQC9CDYKB_8407-927-8919-1439,1,0,0,0,0,0,0,0,0
XQC9CDYKB_8414-4387-8926-4899,1,0,0,0,0,0,0,0,0
XQC9CDYKB_8472-2471-8984-2983,1,0,0,0,0,0,0,0,0
XQC9CDYKB_8414-5923-8926-6435,1,0,0,0,0,0,0,0,0
XQC9CDYKB_8414-5411-8926-5923,1,0,0,0,0,0,0,0,0
XQC9CDYKB_8414-6435-8926-6947,1,0,0,0,0,0,0,0,0
XQC9CDYKB_8414-4899-8926-5411,1,0,0,0,0,0,0,0,0
XQC9CDYKB_8559-4066-9071-4578,1,0,0,0,0,0,0,0,0
XQC9CDYKB_8559-3554-9071-4066,1,0,0,0,0,0,0,0,0
XQC9CDYKB_8652-5171-9164-5683,1,0,0,0,0,0,0,0,0
XQC9CDYKB_8472-2983-8984-3495,1,0,0,0,0,0,0,0,0
XQC9CDYKB_8472-423-8984-935,1,0,0,0,0,0,0,0,0
XQC9CDYKB_8652-6195-9164-6707,1,0,0,0,0,0,0,0,0
XQC9CDYKB_8652-4659-9164-5171,1,0,0,0,0,0,0,0,0
XQC9CDYKB_8652-5683-9164-6195,1,0,0,0,0,0,0,0,0
XQC9CDYKB_8652-6707-9164-7219,1,0,0,0,0,0,0,0,0
XQC9CDYKB_8652-7219-9164-7731,1,0,0,0,0,0,0,0,0
XQC9CDYKB_869-2890-1381-3402,1,0,0,0,0,0,0,0,0
XQC9CDYKB_869-2378-1381-2890,1,0,0,0,0,0,0,0,0
XQC9CDYKB_8840-8462-9352-8974,1,0,0,0,0,0,0,0,0
XQC9CDYKB_8840-6414-9352-6926,1,0,0,0,0,0,0,0,0
XQC9CDYKB_8926-4387-9438-4899,1,0,0,0,0,0,0,0,0
XQC9CDYKB_8840-7950-9352-8462,1,0,0,0,0,0,0,0,0
XQC9CDYKB_8840-7438-9352-7950,1,0,0,0,0,0,0,0,0
XQC9CDYKB_8840-6926-9352-7438,1,0,0,0,0,0,0,0,0
XQC9CDYKB_9150-4538-9662-5050,1,0,0,0,0,0,0,0,0
XQC9CDYKB_8926-5411-9438-5923,1,0,0,0,0,0,0,0,0
XQC9CDYKB_9071-2530-9583-3042,1,0,0,0,0,0,0,0,0
XQC9CDYKB_9071-4066-9583-4578,1,0,0,0,0,0,0,0,0
XQC9CDYKB_9150-5050-9662-5562,1,0,0,0,0,0,0,0,0
XQC9CDYKB_9071-3554-9583-4066,1,0,0,0,0,0,0,0,0
XQC9CDYKB_8926-5923-9438-6435,1,0,0,0,0,0,0,0,0
XQC9CDYKB_9071-3042-9583-3554,1,0,0,0,0,0,0,0,0
XQC9CDYKB_9150-5562-9662-6074,1,0,0,0,0,0,0,0,0
XQC9CDYKB_9150-6586-9662-7098,1,0,0,0,0,0,0,0,0
XQC9CDYKB_9150-7610-9662-8122,1,0,0,0,0,0,0,0,0
XQC9CDYKB_9150-7098-9662-7610,1,0,0,0,0,0,0,0,0
XQC9CDYKB_9583-2530-10095-3042,1,0,0,0,0,0,0,0,0
XQC9CDYKB_9352-7438-9864-7950,1,0,0,0,0,0,0,0,0
XQC9CDYKB_9583-3042-10095-3554,1,0,0,0,0,0,0,0,0
XQC9CDYKB_9583-3554-10095-4066,1,0,0,0,0,0,0,0,0
XQC9CDYKB_9164-6195-9676-6707,1,0,0,0,0,0,0,0,0
XQC9CDYKB_9352-6926-9864-7438,1,0,0,0,0,0,0,0,0
XQC9CDYKB_9624-5965-10136-6477,1,0,0,0,0,0,0,0,0
XQC9CDYKB_9662-7610-10174-8122,1,0,0,0,0,0,0,0,0
XQC9CDYKB_9583-4066-10095-4578,1,0,0,0,0,0,0,0,0
XQC9CDYKB_9662-6586-10174-7098,1,0,0,0,0,0,0,0,0
XQC9CDYKB_9662-5050-10174-5562,1,0,0,0,0,0,0,0,0
XQC9CDYKB_9842-5570-10354-6082,1,0,0,0,0,0,0,0,0
XQC9CDYKB_9864-6926-10376-7438,1,0,0,0,0,0,0,0,0
XQC9CDYKB_9662-4538-10174-5050,1,0,0,0,0,0,0,0,0
XQC9CDYKB_9719-7233-10231-7745,1,0,0,0,0,0,0,0,0
XQC9CDYKB_9864-7438-10376-7950,1,0,0,0,0,0,0,0,0
XQU86WA16_1085-4022-1597-4534,0,0,1,0,0,0,0,0,0
XQU86WA16_1085-3510-1597-4022,0,0,1,0,0,0,0,0,0
XQU86WA16_1202-2874-1714-3386,0,0,1,0,0,0,0,0,0
XQU86WA16_1300-3664-1812-4176,0,0,1,0,0,0,0,0,0
XQU86WA16_1297-2263-1809-2775,0,0,1,0,0,0,0,0,0
XQU86WA16_1300-3152-1812-3664,0,0,1,0,0,0,0,0,0
XQU86WA16_1300-592-1812-1104,0,0,1,0,0,0,0,0,0
XQU86WA16_1300-2640-1812-3152,0,0,1,0,0,0,0,0,0
XQU86WA16_1812-1104-2324-1616,0,0,1,0,0,0,0,0,0
XQU86WA16_1597-3510-2109-4022,0,0,1,0,0,0,0,0,0
XQU86WA16_1354-4048-1866-4560,0,0,1,0,0,0,0,0,0
XQU86WA16_1812-2128-2324-2640,0,0,1,0,0,0,0,0,0
XQU86WA16_1791-3242-2303-3754,0,0,1,0,0,0,0,0,0
XQU86WA16_1684-1602-2196-2114,0,0,1,0,0,0,0,0,0
XQU86WA16_1576-5058-2088-5570,0,0,1,0,0,0,0,0,0
XQU86WA16_1657-3049-2169-3561,0,0,1,0,0,0,0,0,0
XQU86WA16_1684-2626-2196-3138,0,0,1,0,0,0,0,0,0
XQU86WA16_1812-3664-2324-4176,0,0,1,0,0,0,0,0,0
XQU86WA16_1812-592-2324-1104,0,0,1,0,0,0,0,0,0
XQU86WA16_1866-5072-2378-5584,0,0,1,0,0,0,0,0,0
XQU86WA16_1967-885-2479-1397,0,0,1,0,0,0,0,0,0
XQU86WA16_1949-2871-2461-3383,0,0,1,0,0,0,0,0,0
XQU86WA16_2027-4589-2539-5101,0,0,1,0,0,0,0,0,0
XQU86WA16_1967-1397-2479-1909,0,0,1,0,0,0,0,0,0
XQU86WA16_2027-4077-2539-4589,0,0,1,0,0,0,0,0,0
XQU86WA16_2196-1602-2708-2114,0,0,1,0,0,0,0,0,0
XQU86WA16_2196-2114-2708-2626,0,0,1,0,0,0,0,0,0
XQU86WA16_2196-2626-2708-3138,0,0,1,0,0,0,0,0,0
XQU86WA16_2339-1914-2851-2426,0,0,1,0,0,0,0,0,0
XQU86WA16_2378-5072-2890-5584,0,0,1,0,0,0,0,0,0
XQU86WA16_2378-4560-2890-5072,0,0,1,0,0,0,0,0,0
XQU86WA16_2339-2938-2851-3450,0,0,1,0,0,0,0,0,1
XQU86WA16_2339-2426-2851-2938,0,0,1,0,0,0,0,0,0
XQU86WA16_2378-4048-2890-4560,0,0,1,0,0,0,0,0,0
XQU86WA16_2479-1397-2991-1909,0,0,1,0,0,0,0,0,0
XQU86WA16_2479-885-2991-1397,0,0,1,0,1,0,0,0,0
XQU86WA16_2780-2371-3292-2883,0,0,1,0,1,0,0,0,0
XQU86WA16_2780-1859-3292-2371,0,0,1,0,1,0,0,0,0
XQU86WA16_2819-554-3331-1066,0,0,1,0,1,0,0,0,0
XQU86WA16_2876-3727-3388-4239,0,0,1,0,0,0,0,0,0
XQU86WA16_2823-976-3335-1488,0,0,1,0,0,0,0,0,0
XQU86WA16_2876-2703-3388-3215,0,0,1,0,0,0,0,0,1
XQU86WA16_2876-3215-3388-3727,0,0,1,0,0,0,0,0,1
XQU86WA16_2890-4048-3402-4560,0,0,1,0,0,0,0,0,0
XQU86WA16_2890-5072-3402-5584,0,0,1,0,0,0,0,0,0
XQU86WA16_3402-4048-3914-4560,0,0,1,0,0,0,0,0,0
XQU86WA16_2890-4560-3402-5072,0,0,1,0,0,0,0,0,0
XQU86WA16_3388-2703-3900-3215,0,0,1,0,0,0,0,0,0
XQU86WA16_3050-1147-3562-1659,0,0,1,0,0,0,0,0,0
XQU86WA16_3080-654-3592-1166,0,0,1,0,1,0,0,0,0
XQU86WA16_3183-2376-3695-2888,0,0,1,0,1,0,0,0,0
XQU86WA16_3402-4560-3914-5072,0,0,1,0,0,0,0,0,0
XQU86WA16_3402-5072-3914-5584,0,0,1,0,1,0,0,0,0
XQU86WA16_3469-1901-3981-2413,0,0,1,0,0,0,0,0,0
XQU86WA16_3469-1389-3981-1901,0,0,1,0,0,0,0,0,0
XQU86WA16_3900-4239-4412-4751,0,0,1,0,0,0,0,0,0
XQU86WA16_3469-877-3981-1389,0,0,1,0,1,0,0,0,0
XQU86WA16_3562-635-4074-1147,0,0,1,0,0,0,0,0,0
XQU86WA16_3900-2703-4412-3215,0,0,1,0,0,0,0,0,0
XQU86WA16_3469-2413-3981-2925,0,0,1,0,0,0,0,0,0
XQU86WA16_3562-1147-4074-1659,0,0,1,0,0,0,0,0,0
XQU86WA16_3981-877-4493-1389,0,0,1,0,1,0,0,0,0
XQU86WA16_3981-2413-4493-2925,0,0,1,0,0,0,0,0,0
XQU86WA16_3914-4560-4426-5072,0,0,1,0,0,0,0,0,0
XQU86WA16_3914-5072-4426-5584,0,0,1,0,1,0,0,0,0
XQU86WA16_4074-635-4586-1147,0,0,1,0,1,0,0,0,0
XQU86WA16_3981-1901-4493-2413,0,0,1,0,0,0,0,0,0
XQU86WA16_4412-3215-4924-3727,0,0,1,0,0,0,0,0,0
XQU86WA16_4412-2703-4924-3215,0,0,1,0,0,0,0,0,0
XQU86WA16_4237-1970-4749-2482,0,0,1,0,0,0,0,0,0
XQU86WA16_4412-4239-4924-4751,0,0,1,0,0,0,0,0,0
XQU86WA16_4440-4575-4952-5087,0,0,1,0,0,0,0,0,0
XQU86WA16_4493-877-5005-1389,0,0,1,0,0,0,0,0,0
XQU86WA16_4579-2396-5091-2908,0,0,1,0,0,0,0,0,0
XQU86WA16_4426-5072-4938-5584,0,0,1,0,0,0,0,0,0
XQU86WA16_4579-2908-5091-3420,0,0,1,0,0,0,0,0,0
XQU86WA16_4579-3420-5091-3932,0,0,1,0,0,0,0,0,0
XQU86WA16_4493-1901-5005-2413,0,0,1,0,0,0,0,0,0
XQU86WA16_4658-5291-5170-5803,0,0,1,0,0,0,0,0,0
XQU86WA16_4803-3072-5315-3584,0,0,1,0,0,0,0,0,0
XQU86WA16_5005-877-5517-1389,0,0,1,0,1,0,0,0,0
XQU86WA16_4690-686-5202-1198,0,0,1,0,1,0,0,0,0
XQU86WA16_5005-2413-5517-2925,0,0,1,0,0,0,0,0,0
XQU86WA16_5005-1389-5517-1901,0,0,1,0,0,0,0,0,0
XQU86WA16_4938-5072-5450-5584,0,0,1,0,0,0,0,0,0
XQU86WA16_4938-4560-5450-5072,0,0,1,0,0,0,0,0,0
XQU86WA16_5091-2908-5603-3420,0,0,1,0,0,0,0,0,0
XQU86WA16_5058-537-5570-1049,0,0,1,0,1,0,0,0,0
XQU86WA16_5156-3564-5668-4076,0,0,1,0,0,0,0,0,0
XQU86WA16_5603-2396-6115-2908,0,0,1,0,0,0,0,0,0
XQU86WA16_788-3664-1300-4176,0,0,1,0,0,0,0,0,0
XQU86WA16_5464-4575-5976-5087,0,0,1,0,0,0,0,0,0
XQU86WA16_5570-537-6082-1049,0,0,1,0,0,0,0,0,0
XQU86WA16_5464-3551-5976-4063,0,0,1,0,0,0,0,0,0
XQU86WA16_788-2128-1300-2640,0,0,1,0,0,0,0,0,0
XR1FZBIAM_1191-4718-1703-5230,0,0,1,0,0,0,0,0,0
XR1FZBIAM_2374-5119-2886-5631,0,0,1,0,0,0,0,0,0
XRHWLWTAN_2222-1096-2734-1608,0,0,0,1,0,0,0,0,0
XR1FZBIAM_2573-1677-3085-2189,0,0,1,0,0,0,0,0,0
XRHWLWTAN_11963-2523-12475-3035,0,0,0,1,0,0,0,0,0
XRHWLWTAN_12475-2523-12987-3035,0,0,0,1,0,0,0,0,0
XRHWLWTAN_2222-584-2734-1096,0,0,0,1,0,0,0,0,0
XRHWLWTAN_1710-584-2222-1096,0,0,0,1,0,0,0,0,0
XRHWLWTAN_12569-711-13081-1223,0,0,0,1,0,0,0,0,0
XRHWLWTAN_12569-1223-13081-1735,0,0,0,1,0,0,0,0,0
XRHWLWTAN_2734-1096-3246-1608,0,0,0,1,0,0,0,0,0
XRHWLWTAN_2734-584-3246-1096,0,0,0,1,0,0,0,0,0
XRHWLWTAN_3884-1880-4396-2392,0,0,0,1,0,0,0,0,0
XRHWLWTAN_3372-1368-3884-1880,0,0,0,1,0,0,0,0,0
XRHWLWTAN_3884-1368-4396-1880,0,0,0,1,0,0,0,0,0
XRHWLWTAN_4388-2289-4900-2801,0,0,0,1,0,0,0,0,0
XRHWLWTAN_3372-1880-3884-2392,0,0,0,1,0,0,0,0,0
XRHWLWTAN_4396-1368-4908-1880,0,0,0,1,0,0,0,0,0
XRHWLWTAN_3884-856-4396-1368,0,0,0,1,0,0,0,0,0
XRHWLWTAN_4396-1880-4908-2392,0,0,0,1,0,0,0,0,0
XRHWLWTAN_4579-2635-5091-3147,0,0,0,1,0,0,0,0,0
XRHWLWTAN_4396-856-4908-1368,0,0,0,1,0,0,0,0,0
XRHWLWTAN_4579-3147-5091-3659,0,0,0,1,0,0,0,0,0
XRHWLWTAN_4579-1099-5091-1611,0,0,0,1,0,0,0,0,0
XRHWLWTAN_4579-2123-5091-2635,0,0,0,1,0,0,0,0,0
XRHWLWTAN_4579-1611-5091-2123,0,0,0,1,0,0,0,0,0
XRHWLWTAN_4579-587-5091-1099,0,0,0,1,0,0,0,0,0
XRHWLWTAN_4782-733-5294-1245,0,0,0,1,0,0,0,0,0
XRHWLWTAN_4908-1368-5420-1880,0,0,0,1,0,0,0,0,0
XRHWLWTAN_5091-2123-5603-2635,0,0,0,1,0,0,0,0,0
XRHWLWTAN_5091-2635-5603-3147,0,0,0,1,0,0,0,0,0
XRHWLWTAN_5091-1099-5603-1611,0,0,0,1,0,0,0,0,0
XRHWLWTAN_5091-3147-5603-3659,0,0,0,1,0,0,0,0,0
XRHWLWTAN_5603-1611-6115-2123,0,0,0,1,0,0,0,0,0
XRHWLWTAN_5091-587-5603-1099,0,0,0,1,0,0,0,0,0
XRHWLWTAN_5603-2123-6115-2635,0,0,0,1,0,0,0,0,0
XRHWLWTAN_5603-2635-6115-3147,0,0,0,1,0,0,0,0,0
XRHWLWTAN_6115-2635-6627-3147,0,0,0,1,0,0,0,0,0
XRHWLWTAN_6115-1099-6627-1611,0,0,0,1,0,0,0,0,0
XRHWLWTAN_6115-1611-6627-2123,0,0,0,1,0,0,0,0,0
XRHWLWTAN_6627-587-7139-1099,0,0,0,1,0,0,0,0,0
XRHWLWTAN_7139-1611-7651-2123,0,0,0,1,0,0,0,0,0
XRHWLWTAN_6627-2123-7139-2635,0,0,0,1,0,0,0,0,0
XRHWLWTAN_6627-1099-7139-1611,0,0,0,1,0,0,0,0,0
XRHWLWTAN_6627-1611-7139-2123,0,0,0,1,0,0,0,0,0
XRHWLWTAN_6885-6285-7397-6797,0,0,0,1,0,0,0,0,0
XRHWLWTAN_7397-5261-7909-5773,0,0,0,1,0,0,0,0,0
XRHWLWTAN_7397-5773-7909-6285,0,0,0,1,0,0,0,0,0
XRHWLWTAN_7139-587-7651-1099,0,0,0,1,0,0,0,0,0
XRHWLWTAN_7397-6285-7909-6797,0,0,0,1,0,0,0,0,0
XRHWLWTAN_7651-1099-8163-1611,0,0,0,1,0,0,0,0,0
XRHWLWTAN_7994-4008-8506-4520,0,0,0,1,0,0,0,0,0
XRHWLWTAN_7909-5773-8421-6285,0,0,0,1,0,0,0,0,0
XRHWLWTAN_7909-5261-8421-5773,0,0,0,1,0,0,0,0,0
XRHWLWTAN_8421-5261-8933-5773,0,0,0,1,0,0,0,0,0
XRHWLWTAN_9973-3935-10485-4447,0,0,0,1,0,0,0,0,0
XRHWLWTAN_9461-3935-9973-4447,0,0,0,1,0,0,0,0,0
XRHWLWTAN_8949-3935-9461-4447,0,0,0,1,0,0,0,0,0
XRHWLWTAN_8117-1178-8629-1690,0,0,0,1,0,0,0,0,0
XRHWLWTAN_8437-3935-8949-4447,0,0,0,1,0,0,0,0,0
XT41Q8F7B_1140-2491-1652-3003,0,1,0,0,0,0,0,0,0
XT41Q8F7B_1058-1343-1570-1855,0,1,0,0,0,0,0,0,1
XRHWLWTAN_8277-812-8789-1324,0,0,0,1,0,0,0,0,0
XRR6CQLDA_6499-10272-7011-10784,0,0,0,0,0,1,0,0,0
XT41Q8F7B_1313-3191-1825-3703,0,1,0,0,0,0,0,0,0
XT41Q8F7B_1337-2193-1849-2705,0,1,0,0,0,0,0,0,0
XT41Q8F7B_1578-627-2090-1139,0,0,0,0,0,0,0,0,1
XT41Q8F7B_1706-3402-2218-3914,0,1,0,0,0,0,0,0,0
XT41Q8F7B_1652-2491-2164-3003,0,1,0,0,0,0,0,0,0
XT41Q8F7B_1688-1207-2200-1719,0,1,0,0,0,0,0,0,1
XT41Q8F7B_1905-4224-2417-4736,0,1,0,0,0,0,0,0,0
XT41Q8F7B_2016-2598-2528-3110,0,1,0,0,0,0,0,0,0
XT41Q8F7B_2108-1088-2620-1600,0,1,0,0,0,0,0,0,0
XT41Q8F7B_2218-3402-2730-3914,0,1,0,0,0,0,0,0,0
XT41Q8F7B_2417-4224-2929-4736,0,1,0,0,0,0,0,0,0
XT41Q8F7B_2345-3817-2857-4329,0,1,0,0,0,0,0,0,1
XT41Q8F7B_2441-1840-2953-2352,0,1,0,0,0,0,0,0,1
XT41Q8F7B_2066-3724-2578-4236,0,1,0,0,0,0,0,0,1
XT41Q8F7B_3010-1600-3522-2112,0,1,0,0,0,0,0,0,1
XT41Q8F7B_2741-1857-3253-2369,0,1,0,0,0,0,0,0,1
XT41Q8F7B_3276-1718-3788-2230,0,1,0,0,0,0,0,0,1
XT41Q8F7B_3993-3762-4505-4274,0,0,0,0,0,0,0,0,1
XT41Q8F7B_5367-685-5879-1197,0,1,0,0,0,0,0,0,0
XT41Q8F7B_4261-1787-4773-2299,0,0,0,0,0,0,0,0,1
XT41Q8F7B_5765-638-6277-1150,0,1,0,0,0,0,0,0,0
XT41Q8F7B_6694-3877-7206-4389,0,0,0,0,0,0,0,0,1
XT41Q8F7B_6937-3991-7449-4503,0,0,0,0,0,0,0,0,1
XT41Q8F7B_634-4345-1146-4857,0,1,0,0,0,0,0,0,1
XT41Q8F7B_7238-4106-7750-4618,0,0,0,0,0,0,0,0,1
XT41Q8F7B_702-3878-1214-4390,0,1,0,0,0,0,0,0,1
XT41Q8F7B_833-2297-1345-2809,0,1,0,0,0,0,0,0,0
XTGPBII2K_1282-1869-1794-2381,0,1,0,0,0,0,0,0,0
XT41Q8F7B_741-5760-1253-6272,0,0,0,0,0,0,0,0,1
XT41Q8F7B_832-1612-1344-2124,0,1,0,0,0,0,0,0,1
XTGPBII2K_2048-1887-2560-2399,0,1,0,0,0,0,0,0,0
XT41Q8F7B_7529-4265-8041-4777,0,0,0,0,0,0,0,0,1
XT41Q8F7B_833-2809-1345-3321,0,1,0,0,0,0,0,0,0
XT41Q8F7B_795-1246-1307-1758,0,1,0,0,0,0,0,0,1
XTGPBII2K_2560-1887-3072-2399,0,1,0,0,0,0,0,0,0
XTGPBII2K_3072-1887-3584-2399,0,1,0,0,0,0,0,0,0
XTGPBII2K_4096-1887-4608-2399,0,1,0,0,0,0,0,0,0
XTGPBII2K_3584-1887-4096-2399,0,1,0,0,0,0,0,0,0
XTGPBII2K_4628-3068-5140-3580,0,1,0,0,0,0,0,0,0
XTGPBII2K_4608-1887-5120-2399,0,1,0,0,0,0,0,0,0
XTGPBII2K_4657-1012-5169-1524,0,1,0,0,0,0,0,0,0
XTGPBII2K_4672-2759-5184-3271,0,1,0,0,0,0,0,0,0
XTGPBII2K_4719-1509-5231-2021,0,1,0,0,0,0,0,0,0
XTGPBII2K_785-1116-1297-1628,0,1,0,0,0,0,0,0,0
XTGPBII2K_4698-2272-5210-2784,0,1,0,0,0,0,0,0,0
XUGUQBX9G_10071-2975-10583-3487,1,0,0,0,0,0,0,0,0
XTGPBII2K_4809-674-5321-1186,0,1,0,0,0,0,0,0,1
XTGPBII2K_770-1869-1282-2381,0,1,0,0,0,0,0,0,1
XUGUQBX9G_10071-2463-10583-2975,1,0,0,0,0,0,0,0,0
XTGPBII2K_842-793-1354-1305,0,1,0,0,0,0,0,0,1
XTGPBII2K_671-597-1183-1109,0,1,0,0,0,0,0,0,1
XUGUQBX9G_10140-3754-10652-4266,1,0,0,0,0,0,0,0,0
XUGUQBX9G_10175-936-10687-1448,1,0,0,0,0,0,0,0,0
XUGUQBX9G_10175-424-10687-936,1,0,0,0,0,0,0,0,0
XUGUQBX9G_10331-4032-10843-4544,1,0,0,0,0,0,0,0,0
XUGUQBX9G_10583-2463-11095-2975,1,0,0,0,0,0,0,0,0
XUGUQBX9G_1128-3155-1640-3667,1,0,0,0,0,0,0,0,0
XUGUQBX9G_1128-2643-1640-3155,1,0,0,0,0,0,0,0,0
XUGUQBX9G_1128-2131-1640-2643,1,0,0,0,0,0,0,0,0
XUGUQBX9G_10583-2975-11095-3487,1,0,0,0,0,0,0,0,0
XUGUQBX9G_1300-1566-1812-2078,1,0,0,0,0,0,0,0,0
XUGUQBX9G_1640-2643-2152-3155,1,0,0,0,0,0,0,0,0
XUGUQBX9G_1300-542-1812-1054,1,0,0,0,0,0,0,0,0
XUGUQBX9G_1210-3599-1722-4111,1,0,0,0,0,0,0,0,0
XUGUQBX9G_1300-1054-1812-1566,1,0,0,0,0,0,0,0,0
XUGUQBX9G_1640-3155-2152-3667,1,0,0,0,0,0,0,0,0
XUGUQBX9G_1640-3667-2152-4179,1,0,0,0,0,0,0,0,0
XUGUQBX9G_1640-2131-2152-2643,1,0,0,0,0,0,0,0,0
XUGUQBX9G_1933-1675-2445-2187,1,0,0,0,0,0,0,0,0
XUGUQBX9G_2152-2131-2664-2643,1,0,0,0,0,0,0,0,0
XUGUQBX9G_2152-3155-2664-3667,1,0,0,0,0,0,0,0,0
XUGUQBX9G_2152-2643-2664-3155,1,0,0,0,0,0,0,0,0
XUGUQBX9G_2870-2475-3382-2987,1,0,0,0,0,0,0,0,0
XUGUQBX9G_2445-1675-2957-2187,1,0,0,0,0,0,0,0,0
XUGUQBX9G_2957-1675-3469-2187,1,0,0,0,0,0,0,0,0
XUGUQBX9G_2870-2987-3382-3499,1,0,0,0,0,0,0,0,0
XUGUQBX9G_3149-3495-3661-4007,1,0,0,0,0,0,0,0,0
XUGUQBX9G_3198-1068-3710-1580,1,0,0,0,0,0,0,0,0
XUGUQBX9G_3263-3884-3775-4396,1,0,0,0,0,0,0,0,0
XUGUQBX9G_3661-3495-4173-4007,1,0,0,0,0,0,0,0,0
XUGUQBX9G_3920-1581-4432-2093,1,0,0,0,0,0,0,0,0
XUGUQBX9G_3775-3884-4287-4396,1,0,0,0,0,0,0,0,0
XUGUQBX9G_3382-2987-3894-3499,1,0,0,0,0,0,0,0,0
XUGUQBX9G_3331-1385-3843-1897,1,0,0,0,0,0,0,0,0
XUGUQBX9G_3898-362-4410-874,1,0,0,0,0,0,0,0,0
XUGUQBX9G_3382-2475-3894-2987,1,0,0,0,0,0,0,0,0
XUGUQBX9G_4140-2521-4652-3033,1,0,0,0,0,0,0,0,0
XUGUQBX9G_4287-3884-4799-4396,1,0,0,0,0,0,0,0,0
XUGUQBX9G_4410-362-4922-874,1,0,0,0,0,0,0,0,0
XUGUQBX9G_4432-1069-4944-1581,1,0,0,0,0,0,0,0,0
XUGUQBX9G_4652-2521-5164-3033,1,0,0,0,0,0,0,0,0
XUGUQBX9G_4432-1581-4944-2093,1,0,0,0,0,0,0,0,0
XUGUQBX9G_4944-1069-5456-1581,1,0,0,0,0,0,0,0,0
XUGUQBX9G_4836-3149-5348-3661,1,0,0,0,0,0,0,0,0
XUGUQBX9G_4944-1581-5456-2093,1,0,0,0,0,0,0,0,0
XUGUQBX9G_5164-2521-5676-3033,1,0,0,0,0,0,0,0,0
XUGUQBX9G_788-1054-1300-1566,1,0,0,0,0,0,0,0,0
XUGUQBX9G_5456-1069-5968-1581,1,0,0,0,0,0,0,0,0
XUGUQBX9G_5456-1581-5968-2093,1,0,0,0,0,0,0,0,0
XUGUQBX9G_616-2643-1128-3155,1,0,0,0,0,0,0,0,0
XUGUQBX9G_5348-3149-5860-3661,1,0,0,0,0,0,0,0,0
XUGUQBX9G_616-3667-1128-4179,1,0,0,0,0,0,0,0,0
XUGUQBX9G_788-1566-1300-2078,1,0,0,0,0,0,0,0,0
XUGUQBX9G_616-3155-1128-3667,1,0,0,0,0,0,0,0,0
XUGUQBX9G_788-2078-1300-2590,1,0,0,0,0,0,0,0,0
XUGUQBX9G_8023-3487-8535-3999,1,0,0,0,0,0,0,0,0
XUGUQBX9G_8023-3999-8535-4511,1,0,0,0,0,0,0,0,0
XUGUQBX9G_8535-2463-9047-2975,1,0,0,0,0,0,0,0,0
XUGUQBX9G_8535-2975-9047-3487,1,0,0,0,0,0,0,0,0
XUGUQBX9G_8535-3487-9047-3999,1,0,0,0,0,0,0,0,0
XUGUQBX9G_9047-2975-9559-3487,1,0,0,0,0,0,0,0,0
XUGUQBX9G_8535-3999-9047-4511,1,0,0,0,0,0,0,0,0
XUGUQBX9G_8743-2308-9255-2820,1,0,0,0,0,0,0,0,0
XUGUQBX9G_8930-2515-9442-3027,1,0,0,0,0,0,0,0,0
XUGUQBX9G_9255-2308-9767-2820,1,0,0,0,0,0,0,0,0
XUGUQBX9G_9047-3999-9559-4511,1,0,0,0,0,0,0,0,0
XUGUQBX9G_9559-2975-10071-3487,1,0,0,0,0,0,0,0,0
XUGUQBX9G_9663-424-10175-936,1,0,0,0,0,0,0,0,0
XUGUQBX9G_9559-3999-10071-4511,1,0,0,0,0,0,0,0,0
XUGUQBX9G_9663-936-10175-1448,1,0,0,0,0,0,0,0,0
XUGUQBX9G_9151-424-9663-936,1,0,0,0,0,0,0,0,0
XUGUQBX9G_9819-4032-10331-4544,1,0,0,0,0,0,0,0,0
XUGUQBX9G_994-495-1506-1007,1,0,0,0,0,0,0,0,0
XUGUQBX9G_9926-1529-10438-2041,1,0,0,0,0,0,0,0,0
XULZFF1G3_17112-4373-17624-4885,0,0,0,0,1,0,0,0,0
XULZFF1G3_1483-4488-1995-5000,0,0,1,0,0,0,0,0,0
XULZFF1G3_17153-3718-17665-4230,0,0,0,0,1,0,0,0,0
XULZFF1G3_17153-3206-17665-3718,0,0,0,0,1,0,0,0,1
XULZFF1G3_17385-2662-17897-3174,0,0,0,0,1,0,0,0,1
XULZFF1G3_17181-4617-17693-5129,0,0,0,0,1,0,0,0,0
XULZFF1G3_17276-2985-17788-3497,0,0,0,0,1,0,0,0,1
XULZFF1G3_17480-2348-17992-2860,0,0,0,0,1,0,0,0,0
XULZFF1G3_17628-2089-18140-2601,0,0,0,0,1,0,0,0,0
XULZFF1G3_17776-1303-18288-1815,0,0,0,0,1,0,0,0,0
XULZFF1G3_17628-1577-18140-2089,0,0,0,0,1,0,0,0,0
XULZFF1G3_17496-4952-18008-5464,0,0,0,0,1,0,0,0,0
XULZFF1G3_1995-3976-2507-4488,0,0,1,0,0,0,0,0,0
XULZFF1G3_17847-5266-18359-5778,0,0,0,0,1,0,0,0,0
XULZFF1G3_1995-4488-2507-5000,0,0,1,0,0,0,0,0,0
XULZFF1G3_2507-3976-3019-4488,0,0,1,0,0,0,0,0,0
XULZFF1G3_590-982-1102-1494,0,0,0,0,1,0,0,0,0
XULZFF1G3_5588-3801-6100-4313,0,0,1,0,0,0,0,0,0
XULZFF1G3_2507-4488-3019-5000,0,0,1,0,0,0,0,0,0
XULZFF1G3_611-1541-1123-2053,0,0,0,0,1,0,0,0,0
XULZFF1G3_611-2053-1123-2565,0,0,0,0,1,0,0,0,0
XULZFF1G3_624-676-1136-1188,0,0,0,0,1,0,0,0,0
XULZFF1G3_671-3021-1183-3533,0,0,0,0,1,0,0,0,0
XULZFF1G3_680-2367-1192-2879,0,0,0,0,1,0,0,0,0
XULZFF1G3_671-3533-1183-4045,0,0,0,0,1,0,0,0,0
XULZFF1G3_698-3849-1210-4361,0,0,0,0,1,0,0,0,0
XULZFF1G3_971-3976-1483-4488,0,0,0,0,1,0,0,0,0
XUQE2Q1BZ_4162-4788-4674-5300,0,0,0,0,0,0,0,0,1
XULZFF1G3_725-5037-1237-5549,0,0,1,0,1,0,0,0,0
XUQE2Q1BZ_1858-10230-2370-10742,0,0,0,0,0,0,0,0,1
XULZFF1G3_829-4536-1341-5048,0,0,1,0,1,0,0,0,0
XUQE2Q1BZ_6140-7097-6652-7609,0,0,0,0,0,0,0,0,1
XUQE2Q1BZ_6985-7893-7497-8405,0,0,0,0,0,0,0,0,1
XUXKI2C3X_10332-4291-10844-4803,0,0,0,0,1,0,0,0,0
XUXKI2C3X_10339-5522-10851-6034,0,0,0,0,1,0,0,0,0
XUXKI2C3X_10756-5538-11268-6050,0,0,0,0,1,0,0,0,0
XUXKI2C3X_10980-8849-11492-9361,0,0,0,0,1,0,0,0,0
XUXKI2C3X_11812-5118-12324-5630,0,0,0,0,1,0,0,0,0
XUXKI2C3X_11180-5528-11692-6040,0,0,0,0,1,0,0,0,0
XUXKI2C3X_11865-4140-12377-4652,0,0,0,0,1,0,0,0,0
XUXKI2C3X_11214-9085-11726-9597,0,0,0,0,1,0,0,0,0
XUXKI2C3X_11807-4794-12319-5306,0,0,0,0,1,0,0,0,0
XUXKI2C3X_11813-4469-12325-4981,0,0,0,0,1,0,0,0,0
XUXKI2C3X_12319-4794-12831-5306,0,0,0,0,1,0,0,0,0
XUXKI2C3X_12324-5118-12836-5630,0,0,0,0,1,0,0,0,0
XUXKI2C3X_706-2392-1218-2904,0,0,0,0,1,0,0,0,0
XUXKI2C3X_640-4432-1152-4944,0,0,0,0,1,0,0,0,0
XUXKI2C3X_12325-4469-12837-4981,0,0,0,0,1,0,0,0,0
XUXKI2C3X_12082-5442-12594-5954,0,0,0,0,1,0,0,0,0
XUXKI2C3X_715-2676-1227-3188,0,0,0,0,1,0,0,0,0
XUXKI2C3X_706-4068-1218-4580,0,0,0,0,1,0,0,0,0
XUXKI2C3X_721-3660-1233-4172,0,0,0,0,1,0,0,0,0
XUXKI2C3X_721-5375-1233-5887,0,0,0,0,1,0,0,0,0
XUXKI2C3X_741-3334-1253-3846,0,0,0,0,1,0,0,0,0
XUXKI2C3X_746-3000-1258-3512,0,0,0,0,1,0,0,0,0
XUXKI2C3X_8803-530-9315-1042,0,0,0,0,1,0,0,0,0
XUXKI2C3X_8409-503-8921-1015,0,0,0,0,1,0,0,0,0
XUXKI2C3X_9023-2891-9535-3403,0,0,0,0,1,0,0,0,0
XUXKI2C3X_8597-2877-9109-3389,0,0,0,0,1,0,0,0,0
XUXKI2C3X_9483-3141-9995-3653,0,0,0,0,1,0,0,0,0
XUXKI2C3X_9227-549-9739-1061,0,0,0,0,1,0,0,0,0
XUY17DVF7_10298-3761-10810-4273,1,0,0,0,0,0,0,0,0
XUXKI2C3X_9483-3474-9995-3986,0,0,0,0,1,0,0,0,0
XUY17DVF7_10810-3249-11322-3761,1,0,0,0,0,0,0,0,0
XUY17DVF7_10298-3249-10810-3761,1,0,0,0,0,0,0,0,0
XUXKI2C3X_9615-426-10127-938,0,0,0,0,1,0,0,0,0
XUY17DVF7_10287-1274-10799-1786,1,0,0,0,0,0,0,0,0
XUY17DVF7_10298-4273-10810-4785,1,0,0,0,0,0,0,0,0
XUY17DVF7_10810-3761-11322-4273,1,0,0,0,0,0,0,0,0
XUY17DVF7_11322-3761-11834-4273,1,0,0,0,0,0,0,0,0
XUY17DVF7_11846-2007-12358-2519,1,0,0,0,0,0,0,0,0
XUY17DVF7_11322-3249-11834-3761,1,0,0,0,0,0,0,0,0
XUY17DVF7_12021-4369-12533-4881,1,0,0,0,0,0,0,0,0
XUY17DVF7_11846-2519-12358-3031,1,0,0,0,0,0,0,0,0
XUY17DVF7_12021-4881-12533-5393,1,0,0,0,0,0,0,0,0
XUY17DVF7_1218-6677-1730-7189,1,0,0,0,0,0,0,0,0
XUY17DVF7_12358-2519-12870-3031,1,0,0,0,0,0,0,0,0
XUY17DVF7_12358-2007-12870-2519,1,0,0,0,0,0,0,0,0
XUY17DVF7_12533-3857-13045-4369,1,0,0,0,0,0,0,0,0
XUY17DVF7_12533-4369-13045-4881,1,0,0,0,0,0,0,0,0
XUY17DVF7_13045-4369-13557-4881,1,0,0,0,0,0,0,0,0
XUY17DVF7_13387-7065-13899-7577,1,0,0,0,0,0,0,0,0
XUY17DVF7_13153-3901-13665-4413,1,0,0,0,0,0,0,0,0
XUY17DVF7_13153-1341-13665-1853,0,0,0,0,0,0,1,0,0
XUY17DVF7_13557-3857-14069-4369,1,0,0,0,0,0,0,0,0
XUY17DVF7_13153-829-13665-1341,0,0,0,0,0,0,1,0,0
XUY17DVF7_13622-6071-14134-6583,1,0,0,0,0,0,0,0,0
XUY17DVF7_1378-3472-1890-3984,1,0,0,0,0,0,0,0,0
XUY17DVF7_13665-1341-14177-1853,0,0,0,0,0,0,1,0,0
XUY17DVF7_13665-1853-14177-2365,0,0,0,0,0,0,1,0,0
XUY17DVF7_14091-6279-14603-6791,1,0,0,0,0,0,0,0,0
XUY17DVF7_14177-2365-14689-2877,0,0,0,0,0,0,1,0,0
XUY17DVF7_14177-1853-14689-2365,0,0,0,0,0,0,1,0,0
XUY17DVF7_14689-2365-15201-2877,0,0,0,0,0,0,1,0,0
XUY17DVF7_14603-6279-15115-6791,1,0,0,0,0,0,0,0,0
XUY17DVF7_14689-2877-15201-3389,1,0,0,0,0,0,1,0,0
XUY17DVF7_15201-1853-15713-2365,1,0,0,0,0,0,0,0,0
XUY17DVF7_15201-2365-15713-2877,1,0,0,0,0,0,0,0,0
XUY17DVF7_15375-2140-15887-2652,1,0,0,0,0,0,0,0,0
XUY17DVF7_15201-2877-15713-3389,1,0,0,0,0,0,1,0,0
XUY17DVF7_15600-5921-16112-6433,1,0,0,0,0,0,0,0,0
XUY17DVF7_15713-1853-16225-2365,1,0,0,0,0,0,0,0,0
XUY17DVF7_15201-3389-15713-3901,0,0,0,0,0,0,1,0,0
XUY17DVF7_15713-3389-16225-3901,0,0,0,0,0,0,1,0,0
XUY17DVF7_15713-4413-16225-4925,1,0,0,0,0,0,0,0,0
XUY17DVF7_16225-3389-16737-3901,0,0,0,0,0,0,1,0,0
XUY17DVF7_15926-4682-16438-5194,1,0,0,0,0,0,0,0,0
XUY17DVF7_15713-4925-16225-5437,1,0,0,0,0,0,0,0,0
XUY17DVF7_16303-7138-16815-7650,1,0,0,0,0,0,0,0,0
XUY17DVF7_16225-4925-16737-5437,1,0,0,0,0,0,0,0,0
XUY17DVF7_16225-4413-16737-4925,1,0,0,0,0,0,0,0,0
XUY17DVF7_16323-5222-16835-5734,1,0,0,0,0,0,0,0,0
XUY17DVF7_16737-3389-17249-3901,0,0,0,0,0,0,1,0,0
XUY17DVF7_16737-4925-17249-5437,1,0,0,0,0,0,0,0,0
XUY17DVF7_16985-2062-17497-2574,1,0,0,0,0,0,0,0,0
XUY17DVF7_16737-829-17249-1341,1,0,0,0,0,0,0,0,0
XUY17DVF7_16835-5222-17347-5734,1,0,0,0,0,0,0,0,0
XUY17DVF7_17249-1853-17761-2365,1,0,0,0,0,0,0,0,0
XUY17DVF7_17249-3389-17761-3901,0,0,0,0,0,0,1,0,0
XUY17DVF7_17249-4925-17761-5437,1,0,0,0,0,0,0,0,0
XUY17DVF7_17249-2365-17761-2877,1,0,0,0,0,0,0,0,0
XUY17DVF7_17249-3901-17761-4413,0,0,0,0,0,0,1,0,0
XUY17DVF7_17497-2062-18009-2574,1,0,0,0,0,0,0,0,0
XUY17DVF7_17347-5222-17859-5734,1,0,0,0,0,0,0,0,0
XUY17DVF7_17761-3901-18273-4413,0,0,0,0,0,0,1,0,0
XUY17DVF7_17761-2877-18273-3389,1,0,0,0,0,0,0,0,0
XUY17DVF7_17761-829-18273-1341,1,0,0,0,0,0,0,0,0
XUY17DVF7_17761-5437-18273-5949,1,0,0,0,0,0,0,0,0
XUY17DVF7_17761-4413-18273-4925,0,0,0,0,0,0,1,0,0
XUY17DVF7_18174-860-18686-1372,1,0,0,0,0,0,0,0,0
XUY17DVF7_18254-3060-18766-3572,1,0,0,0,0,0,0,0,0
XUY17DVF7_18887-2020-19399-2532,1,0,0,0,0,0,0,0,0
XUY17DVF7_18785-4413-19297-4925,0,0,0,0,0,0,1,0,0
XUY17DVF7_18785-4925-19297-5437,0,0,0,0,0,0,1,0,0
XUY17DVF7_18273-3389-18785-3901,1,0,0,0,0,0,0,0,0
XUY17DVF7_18273-4413-18785-4925,0,0,0,0,0,0,1,0,0
XUY17DVF7_18686-860-19198-1372,1,0,0,0,0,0,0,0,0
XUY17DVF7_18785-2365-19297-2877,1,0,0,0,0,0,0,0,0
XUY17DVF7_19297-1853-19809-2365,1,0,0,0,0,0,0,0,0
XUY17DVF7_19297-4925-19809-5437,0,0,0,0,0,0,1,0,0
XUY17DVF7_19809-1853-20321-2365,1,0,0,0,0,0,0,0,0
XUY17DVF7_19809-4925-20321-5437,1,0,0,0,0,0,1,0,0
XUY17DVF7_19809-4413-20321-4925,1,0,0,0,0,0,0,0,0
XUY17DVF7_19809-5437-20321-5949,0,0,0,0,0,0,1,0,0
XUY17DVF7_19863-2336-20375-2848,1,0,0,0,0,0,0,0,0
XUY17DVF7_20273-3713-20785-4225,1,0,0,0,0,0,0,0,0
XUY17DVF7_19995-4705-20507-5217,1,0,0,0,0,0,0,0,0
XUY17DVF7_20321-2365-20833-2877,1,0,0,0,0,0,0,0,0
XUY17DVF7_20321-1853-20833-2365,1,0,0,0,0,0,0,0,0
XUY17DVF7_20507-4705-21019-5217,1,0,0,0,0,0,0,0,0
XUY17DVF7_20321-4413-20833-4925,1,0,0,0,0,0,0,0,0
XUY17DVF7_2691-2654-3203-3166,1,0,0,0,0,0,0,0,0
XUY17DVF7_20321-5437-20833-5949,0,0,0,0,0,0,1,0,0
XUY17DVF7_20321-4925-20833-5437,1,0,0,0,0,0,0,0,0
XUY17DVF7_2073-5988-2585-6500,1,0,0,0,0,0,0,0,0
XUY17DVF7_2526-1374-3038-1886,1,0,0,0,0,0,0,0,0
XUY17DVF7_2179-3166-2691-3678,1,0,0,0,0,0,0,0,0
XUY17DVF7_2179-2654-2691-3166,1,0,0,0,0,0,0,0,0
XUY17DVF7_2691-3166-3203-3678,1,0,0,0,0,0,0,0,0
XUY17DVF7_2837-6575-3349-7087,1,0,0,0,0,0,0,0,0
XUY17DVF7_3038-1374-3550-1886,1,0,0,0,0,0,0,0,0
XUY17DVF7_2775-3742-3287-4254,1,0,0,0,0,0,0,0,0
XUY17DVF7_3038-1886-3550-2398,1,0,0,0,0,0,0,0,0
XUY17DVF7_3379-2502-3891-3014,1,0,0,0,0,0,0,0,0
XUY17DVF7_3349-6575-3861-7087,1,0,0,0,0,0,0,0,0
XUY17DVF7_3550-1374-4062-1886,1,0,0,0,0,0,0,0,0
XUY17DVF7_3461-3238-3973-3750,1,0,0,0,0,0,0,0,0
XUY17DVF7_3973-2726-4485-3238,1,0,0,0,0,0,0,0,0
XUY17DVF7_3981-4692-4493-5204,1,0,0,0,0,0,0,0,0
XUY17DVF7_4458-5878-4970-6390,1,0,0,0,0,0,0,0,0
XUY17DVF7_3861-6575-4373-7087,1,0,0,0,0,0,0,0,0
XUY17DVF7_3981-4180-4493-4692,1,0,0,0,0,0,0,0,0
XUY17DVF7_3806-1635-4318-2147,1,0,0,0,0,0,0,0,0
XUY17DVF7_3550-1886-4062-2398,1,0,0,0,0,0,0,0,0
XUY17DVF7_3981-3668-4493-4180,1,0,0,0,0,0,0,0,0
XUY17DVF7_3981-3156-4493-3668,1,0,0,0,0,0,0,0,0
XUY17DVF7_4485-2726-4997-3238,1,0,0,0,0,0,0,0,0
XUY17DVF7_4493-4180-5005-4692,1,0,0,0,0,0,0,0,0
XUY17DVF7_4493-3156-5005-3668,1,0,0,0,0,0,0,0,0
XUY17DVF7_4493-3668-5005-4180,1,0,0,0,0,0,0,0,0
XUY17DVF7_4493-4692-5005-5204,1,0,0,0,0,0,0,0,0
XUY17DVF7_4493-5204-5005-5716,1,0,0,0,0,0,0,0,0
XUY17DVF7_4997-2726-5509-3238,1,0,0,0,0,0,0,0,0
XUY17DVF7_4997-3238-5509-3750,1,0,0,0,0,0,0,0,0
XUY17DVF7_5005-3668-5517-4180,1,0,0,0,0,0,0,0,0
XUY17DVF7_5005-5204-5517-5716,1,0,0,0,0,0,0,0,0
XUY17DVF7_5005-4692-5517-5204,1,0,0,0,0,0,0,0,0
XUY17DVF7_5517-3668-6029-4180,1,0,0,0,0,0,0,0,0
XUY17DVF7_5517-4180-6029-4692,1,0,0,0,0,0,0,0,0
XUY17DVF7_5732-5817-6244-6329,1,0,0,0,0,0,0,0,0
XUY17DVF7_5517-3156-6029-3668,1,0,0,0,0,0,0,0,0
XUY17DVF7_5509-2726-6021-3238,1,0,0,0,0,0,0,0,0
XUY17DVF7_5005-4180-5517-4692,1,0,0,0,0,0,0,0,0
XUY17DVF7_5517-4692-6029-5204,1,0,0,0,0,0,0,0,0
XUY17DVF7_5732-6329-6244-6841,1,0,0,0,0,0,0,0,0
XUY17DVF7_6033-1280-6545-1792,1,0,0,0,0,0,0,0,0
XUY17DVF7_5817-2998-6329-3510,1,0,0,0,0,0,0,0,0
XUY17DVF7_6033-1792-6545-2304,1,0,0,0,0,0,0,0,0
XUY17DVF7_6545-1280-7057-1792,1,0,0,0,0,0,0,0,0
XUY17DVF7_6244-6329-6756-6841,1,0,0,0,0,0,0,0,0
XUY17DVF7_6244-5817-6756-6329,1,0,0,0,0,0,0,0,0
XUY17DVF7_6214-5349-6726-5861,1,0,0,0,0,0,0,0,0
XUY17DVF7_6033-2304-6545-2816,1,0,0,0,0,0,0,0,0
XUY17DVF7_7057-1792-7569-2304,1,0,0,0,0,0,0,0,0
XUY17DVF7_6545-2304-7057-2816,1,0,0,0,0,0,0,0,0
XUY17DVF7_6545-1792-7057-2304,1,0,0,0,0,0,0,0,0
XUY17DVF7_6730-1441-7242-1953,1,0,0,0,0,0,0,0,0
XUY17DVF7_6730-1953-7242-2465,1,0,0,0,0,0,0,0,0
XUY17DVF7_6545-768-7057-1280,1,0,0,0,0,0,0,0,0
XUY17DVF7_6730-2465-7242-2977,1,0,0,0,0,0,0,0,0
XUY17DVF7_7057-1280-7569-1792,1,0,0,0,0,0,0,0,0
XUY17DVF7_7057-2304-7569-2816,1,0,0,0,0,0,0,0,0
XUY17DVF7_706-6677-1218-7189,1,0,0,0,0,0,0,0,0
XUY17DVF7_7057-768-7569-1280,1,0,0,0,0,0,0,0,0
XUY17DVF7_7071-3429-7583-3941,1,0,0,0,0,0,0,0,0
XUY17DVF7_7242-1953-7754-2465,1,0,0,0,0,0,0,0,0
XUY17DVF7_7754-1441-8266-1953,1,0,0,0,0,0,0,0,0
XUY17DVF7_7754-1953-8266-2465,1,0,0,0,0,0,0,0,0
XUY17DVF7_7754-2977-8266-3489,1,0,0,0,0,0,0,0,0
XUY17DVF7_7754-2465-8266-2977,1,0,0,0,0,0,0,0,0
XUY17DVF7_7242-2465-7754-2977,1,0,0,0,0,0,0,0,0
XUY17DVF7_7902-3708-8414-4220,1,0,0,0,0,0,0,0,0
XUY17DVF7_8778-1441-9290-1953,1,0,0,0,0,0,0,0,0
XUY17DVF7_9256-5793-9768-6305,1,0,0,0,0,0,0,0,0
XUY17DVF7_8778-1953-9290-2465,1,0,0,0,0,0,0,0,0
XUY17DVF7_8266-2977-8778-3489,1,0,0,0,0,0,0,0,0
XUY17DVF7_8266-1953-8778-2465,1,0,0,0,0,0,0,0,0
XUY17DVF7_8778-2977-9290-3489,1,0,0,0,0,0,0,0,0
XUY17DVF7_8751-762-9263-1274,1,0,0,0,0,0,0,0,0
XUY17DVF7_8266-1441-8778-1953,1,0,0,0,0,0,0,0,0
XUY17DVF7_9263-762-9775-1274,1,0,0,0,0,0,0,0,0
XUY17DVF7_9263-1274-9775-1786,1,0,0,0,0,0,0,0,0
XUY17DVF7_9802-1953-10314-2465,1,0,0,0,0,0,0,0,0
XUY17DVF7_9290-2977-9802-3489,1,0,0,0,0,0,0,0,0
XUY17DVF7_9775-1274-10287-1786,1,0,0,0,0,0,0,0,0
XUY17DVF7_9290-2465-9802-2977,1,0,0,0,0,0,0,0,0
XUY17DVF7_9290-1953-9802-2465,1,0,0,0,0,0,0,0,0
XUY17DVF7_9802-2465-10314-2977,1,0,0,0,0,0,0,0,0
XUY17DVF7_9775-762-10287-1274,1,0,0,0,0,0,0,0,0
XV1KICUTV_1827-2580-2339-3092,0,0,1,0,0,0,0,0,0
XUY17DVF7_9869-2710-10381-3222,1,0,0,0,0,0,0,0,0
XUY17DVF7_9802-2977-10314-3489,1,0,0,0,0,0,0,0,0
XV1KICUTV_1310-3195-1822-3707,0,0,0,1,0,0,0,0,0
XV1KICUTV_4281-2597-4793-3109,0,0,1,1,0,0,0,0,0
XVVC17IGZ_4533-9978-5045-10490,0,0,0,0,0,0,0,0,1
XVVC17IGZ_3544-1306-4056-1818,0,0,0,0,0,0,0,0,1
XV1KICUTV_4226-2347-4738-2859,0,0,1,1,0,0,0,0,0
XVVC17IGZ_591-9991-1103-10503,0,0,0,0,0,0,0,0,1
XVVC17IGZ_8323-10033-8835-10545,0,0,0,0,0,0,0,0,1
XW3RDB47E_10745-2179-11257-2691,0,1,0,0,0,0,0,0,0
XW3RDB47E_11257-1667-11769-2179,0,1,0,0,0,0,0,0,0
XW3RDB47E_10046-2031-10558-2543,0,1,0,0,0,0,0,0,0
XW3RDB47E_11257-2179-11769-2691,0,1,0,0,0,0,0,0,0
XW3RDB47E_10745-2691-11257-3203,0,1,0,0,0,0,0,0,0
XW3RDB47E_10046-2543-10558-3055,0,1,0,0,0,0,0,0,0
XW3RDB47E_11746-2615-12258-3127,0,1,0,0,0,0,0,0,0
XW3RDB47E_11257-2691-11769-3203,0,1,0,0,0,0,0,0,0
XW3RDB47E_8845-2531-9357-3043,0,1,0,0,0,0,0,0,0
XW3RDB47E_9534-2543-10046-3055,0,1,0,0,0,0,0,0,0
XW3RDB47E_9534-2031-10046-2543,0,1,0,0,0,0,0,0,0
XW3RDB47E_12281-2179-12793-2691,0,1,0,0,0,0,0,0,0
XW3RDB47E_11769-2179-12281-2691,0,1,0,0,0,0,0,0,0
XWR2NMC39_10268-487-10780-999,0,0,0,0,1,1,0,0,0
XWR2NMC39_10153-7403-10665-7915,0,0,0,0,1,1,0,0,0
XWR2NMC39_10268-999-10780-1511,0,0,0,0,1,1,0,0,0
XWR2NMC39_10434-8204-10946-8716,0,0,0,0,0,1,0,0,0
XWR2NMC39_10574-7909-11086-8421,0,0,0,0,0,1,0,0,0
XWR2NMC39_10780-999-11292-1511,0,0,0,0,1,1,0,0,0
XWR2NMC39_10780-487-11292-999,0,0,0,0,1,1,0,0,0
XWR2NMC39_11464-7254-11976-7766,0,0,0,0,1,0,0,0,0
XWR2NMC39_10952-7254-11464-7766,0,0,0,0,1,1,0,0,0
XWR2NMC39_1105-7365-1617-7877,0,0,0,0,1,1,0,0,0
XWR2NMC39_10952-7766-11464-8278,0,0,0,0,1,1,0,0,0
XWR2NMC39_11292-487-11804-999,0,0,0,0,1,1,0,0,0
XWR2NMC39_11292-999-11804-1511,0,0,0,0,1,1,0,0,0
XWR2NMC39_11804-999-12316-1511,0,0,0,0,1,1,0,0,0
XWR2NMC39_1156-3685-1668-4197,0,0,0,0,0,1,0,0,0
XWR2NMC39_1156-3173-1668-3685,0,0,0,0,0,1,0,0,0
XWR2NMC39_11804-487-12316-999,0,0,0,0,1,1,0,0,0
XWR2NMC39_11464-7766-11976-8278,0,0,0,0,1,1,0,0,0
XWR2NMC39_12316-487-12828-999,0,0,0,0,1,1,0,0,0
XWR2NMC39_12316-999-12828-1511,0,0,0,0,1,1,0,0,0
XWR2NMC39_12326-8023-12838-8535,0,0,0,0,0,1,0,0,0
XWR2NMC39_12699-7795-13211-8307,0,0,0,0,1,1,0,0,0
XWR2NMC39_13405-771-13917-1283,0,0,0,0,1,0,0,0,0
XWR2NMC39_13917-771-14429-1283,0,0,0,0,1,0,0,0,0
XWR2NMC39_12828-999-13340-1511,0,0,0,0,1,0,0,0,0
XWR2NMC39_12828-487-13340-999,0,0,0,0,1,0,0,0,0
XWR2NMC39_13525-5753-14037-6265,0,0,0,0,0,1,0,0,0
XWR2NMC39_13211-7795-13723-8307,0,0,0,0,1,1,0,0,0
XWR2NMC39_13822-6116-14334-6628,0,0,0,0,0,1,0,0,0
XWR2NMC39_13822-5604-14334-6116,0,0,0,0,0,1,0,0,0
XWR2NMC39_1406-7619-1918-8131,0,0,0,0,1,1,0,0,0
XWR2NMC39_15011-5289-15523-5801,0,0,0,0,0,1,0,0,0
XWR2NMC39_14777-773-15289-1285,0,0,0,0,1,0,0,0,0
XWR2NMC39_14265-773-14777-1285,0,0,0,0,1,0,0,0,0
XWR2NMC39_14099-5188-14611-5700,0,0,0,0,0,1,0,0,0
XWR2NMC39_14701-7737-15213-8249,0,0,0,0,0,1,0,0,0
XWR2NMC39_15147-785-15659-1297,0,0,0,0,1,0,0,0,0
XWR2NMC39_1485-834-1997-1346,0,0,0,0,1,0,0,0,0
XWR2NMC39_15288-6204-15800-6716,0,0,0,0,1,0,0,0,0
XWR2NMC39_15388-5693-15900-6205,0,0,0,0,0,1,0,0,0
XWR2NMC39_15987-739-16499-1251,0,0,0,0,1,0,0,0,0
XWR2NMC39_16250-5820-16762-6332,0,0,0,0,1,1,0,0,0
XWR2NMC39_15663-5726-16175-6238,0,0,0,0,0,1,0,0,0
XWR2NMC39_1617-7365-2129-7877,0,0,0,0,1,1,0,0,0
XWR2NMC39_16499-739-17011-1251,0,0,0,0,1,0,0,0,0
XWR2NMC39_15800-6204-16312-6716,0,0,0,0,1,0,0,0,0
XWR2NMC39_15659-785-16171-1297,0,0,0,0,1,1,0,0,0
XWR2NMC39_16250-6332-16762-6844,0,0,0,0,1,0,0,0,0
XWR2NMC39_16762-5820-17274-6332,0,0,0,0,1,1,0,0,0
XWR2NMC39_17099-6076-17611-6588,0,0,0,0,1,1,0,0,0
XWR2NMC39_16762-6332-17274-6844,0,0,0,0,1,0,0,0,0
XWR2NMC39_17522-1003-18034-1515,0,0,0,0,1,0,0,0,0
XWR2NMC39_17010-1003-17522-1515,0,0,0,0,1,1,0,0,0
XWR2NMC39_17010-491-17522-1003,0,0,0,0,1,1,0,0,0
XWR2NMC39_17522-491-18034-1003,0,0,0,0,1,1,0,0,0
XWR2NMC39_17611-6076-18123-6588,0,0,0,0,1,0,0,0,0
XWR2NMC39_18034-1003-18546-1515,0,0,0,0,1,0,0,0,0
XWR2NMC39_17920-6095-18432-6607,0,0,0,0,1,0,0,0,0
XWR2NMC39_18833-6017-19345-6529,0,0,0,0,1,0,0,0,0
XWR2NMC39_18546-1003-19058-1515,0,0,0,0,1,0,0,0,0
XWR2NMC39_19058-491-19570-1003,0,0,0,0,1,1,0,0,0
XWR2NMC39_18546-491-19058-1003,0,0,0,0,1,1,0,0,0
XWR2NMC39_19138-1478-19650-1990,0,0,0,0,0,1,0,0,0
XWR2NMC39_19136-2003-19648-2515,0,0,0,0,0,1,0,0,0
XWR2NMC39_18034-491-18546-1003,0,0,0,0,1,1,0,0,0
XWR2NMC39_19058-1003-19570-1515,0,0,0,0,1,0,0,0,0
XWR2NMC39_18432-6095-18944-6607,0,0,0,0,1,0,0,0,0
XWR2NMC39_1918-7619-2430-8131,0,0,0,0,1,1,0,0,0
XWR2NMC39_19345-6017-19857-6529,0,0,0,0,1,0,0,0,0
XWR2NMC39_19141-2348-19653-2860,0,0,0,0,0,1,0,0,0
XWR2NMC39_19356-640-19868-1152,0,0,0,0,1,1,0,0,0
XWR2NMC39_19423-1688-19935-2200,0,0,0,0,0,1,0,0,0
XWR2NMC39_19423-2200-19935-2712,0,0,0,0,0,1,0,0,0
XWR2NMC39_19423-2712-19935-3224,0,0,0,0,0,1,0,0,0
XWR2NMC39_19423-3224-19935-3736,0,0,0,0,0,1,0,0,0
XWR2NMC39_19570-1003-20082-1515,0,0,0,0,1,1,0,0,0
XWR2NMC39_19597-4528-20109-5040,0,0,0,0,0,1,0,0,0
XWR2NMC39_19842-5665-20354-6177,0,0,0,0,1,0,0,0,0
XWR2NMC39_19570-491-20082-1003,0,0,0,0,1,1,0,0,0
XWR2NMC39_20462-4328-20974-4840,0,0,0,0,1,0,0,0,0
XWR2NMC39_20354-5665-20866-6177,0,0,0,0,1,0,0,0,0
XWR2NMC39_20354-6177-20866-6689,0,0,0,0,1,0,0,0,0
XWR2NMC39_19842-6177-20354-6689,0,0,0,0,1,0,0,0,0
XWR2NMC39_1997-834-2509-1346,0,0,0,0,1,0,0,0,0
XWR2NMC39_19950-4328-20462-4840,0,0,0,0,1,1,0,0,0
XWR2NMC39_20866-5665-21378-6177,0,0,0,0,1,0,0,0,0
XWR2NMC39_21171-4277-21683-4789,0,0,0,0,1,0,0,0,0
XWR2NMC39_20866-6177-21378-6689,0,0,0,0,1,0,0,0,0
XWR2NMC39_2129-7365-2641-7877,0,0,0,0,1,1,0,0,0
XWR2NMC39_21378-6177-21890-6689,0,0,0,0,1,0,0,0,0
XWR2NMC39_21683-4277-22195-4789,0,0,0,0,1,0,0,0,0
XWR2NMC39_21378-5665-21890-6177,0,0,0,0,1,0,0,0,0
XWR2NMC39_2430-7619-2942-8131,0,0,0,0,1,1,0,0,0
XWR2NMC39_2341-839-2853-1351,0,0,0,0,1,0,0,0,0
XWR2NMC39_2853-839-3365-1351,0,0,0,0,1,0,0,0,0
XWR2NMC39_3698-818-4210-1330,0,0,0,0,1,0,0,0,0
XWR2NMC39_2982-7181-3494-7693,0,0,0,0,0,1,0,0,0
XWR2NMC39_3440-7540-3952-8052,0,0,0,0,1,1,0,0,0
XWR2NMC39_2641-7365-3153-7877,0,0,0,0,1,1,0,0,0
XWR2NMC39_3186-818-3698-1330,0,0,0,0,1,0,0,0,0
XWR2NMC39_3952-7540-4464-8052,0,0,0,0,1,1,0,0,0
XWR2NMC39_4265-7495-4777-8007,0,0,0,0,1,1,0,0,0
XWR2NMC39_4055-820-4567-1332,0,0,0,0,1,0,0,0,0
XWR2NMC39_4517-7082-5029-7594,0,0,0,0,1,1,0,0,0
XWR2NMC39_4567-820-5079-1332,0,0,0,0,1,0,0,0,0
XWR2NMC39_4777-7495-5289-8007,0,0,0,0,1,0,0,0,0
XWR2NMC39_4920-6859-5432-7371,0,0,0,0,0,1,0,0,0
XWR2NMC39_5321-7881-5833-8393,0,0,0,0,1,0,0,0,0
XWR2NMC39_5127-793-5639-1305,0,0,0,0,1,0,0,0,0
XWR2NMC39_5321-7369-5833-7881,0,0,0,0,1,0,0,0,0
XWR2NMC39_6345-7369-6857-7881,0,0,0,0,1,0,0,0,0
XWR2NMC39_6151-793-6663-1305,0,0,0,0,1,0,0,0,0
XWR2NMC39_5833-7881-6345-8393,0,0,0,0,1,0,0,0,0
XWR2NMC39_6857-7881-7369-8393,0,0,0,0,1,0,0,0,0
XWR2NMC39_6345-7881-6857-8393,0,0,0,0,1,0,0,0,0
XWR2NMC39_5639-793-6151-1305,0,0,0,0,1,0,0,0,0
XWR2NMC39_7428-6645-7940-7157,0,0,0,0,0,1,0,0,0
XWR2NMC39_7128-1089-7640-1601,0,0,0,0,1,0,0,0,0
XWR2NMC39_5833-7369-6345-7881,0,0,0,0,1,0,0,0,0
XWR2NMC39_7128-577-7640-1089,0,0,0,0,1,0,0,0,0
XWR2NMC39_7516-8134-8028-8646,0,0,0,0,0,1,0,0,0
XWR2NMC39_7594-4748-8106-5260,0,0,0,0,0,1,0,0,0
XWR2NMC39_7640-577-8152-1089,0,0,0,0,1,0,0,0,0
XWR2NMC39_7640-1089-8152-1601,0,0,0,0,1,0,0,0,0
XWR2NMC39_7995-4166-8507-4678,0,0,0,0,0,1,0,0,0
XWR2NMC39_8220-999-8732-1511,0,0,0,0,1,1,0,0,0
XWR2NMC39_8220-487-8732-999,0,0,0,0,1,0,0,0,0
XWR2NMC39_7667-6757-8179-7269,0,0,0,0,1,1,0,0,0
XWR2NMC39_8732-999-9244-1511,0,0,0,0,1,1,0,0,0
XWR2NMC39_896-1782-1408-2294,0,0,0,0,0,1,0,0,0
XWR2NMC39_8732-487-9244-999,0,0,0,0,1,0,0,0,0
XWR2NMC39_877-616-1389-1128,0,0,0,0,0,1,0,0,0
XWR2NMC39_8309-6624-8821-7136,0,0,0,0,1,0,0,0,0
XWR2NMC39_896-2806-1408-3318,0,0,0,0,0,1,0,0,0
XWR2NMC39_896-2294-1408-2806,0,0,0,0,0,1,0,0,0
XWR2NMC39_896-3318-1408-3830,0,0,0,0,0,1,0,0,0
XWR2NMC39_9176-5018-9688-5530,0,0,0,0,0,0,0,0,1
XWR2NMC39_9129-6891-9641-7403,0,0,0,0,1,0,0,0,0
XWR2NMC39_894-7619-1406-8131,0,0,0,0,1,1,0,0,0
XWR2NMC39_9129-7403-9641-7915,0,0,0,0,1,1,0,0,0
XWR2NMC39_9244-487-9756-999,0,0,0,0,1,0,0,0,0
XWR2NMC39_9244-999-9756-1511,0,0,0,0,1,1,0,0,0
XWR2NMC39_9641-6891-10153-7403,0,0,0,0,1,0,0,0,0
XWR2NMC39_9641-7403-10153-7915,0,0,0,0,1,1,0,0,0
XWR2NMC39_9756-487-10268-999,0,0,0,0,1,0,0,0,0
XWR2NMC39_9756-999-10268-1511,0,0,0,0,1,1,0,0,0
XXBLGY4HE_3715-4158-4227-4670,0,0,0,1,0,0,0,0,0
XYKJMNUKQ_1021-2222-1533-2734,0,0,0,0,0,0,1,0,0
XYKJMNUKQ_1021-1198-1533-1710,0,0,0,0,0,0,1,0,0
XXBLGY4HE_4077-3684-4589-4196,0,0,0,1,0,0,0,0,0
XYKJMNUKQ_1021-1710-1533-2222,0,0,0,0,0,0,1,0,0
XYKJMNUKQ_1533-3758-2045-4270,0,0,0,0,0,0,1,0,0
XYKJMNUKQ_1021-2734-1533-3246,0,0,0,0,0,0,1,0,0
XYKJMNUKQ_1533-3246-2045-3758,0,0,0,0,0,0,1,0,0
XYKJMNUKQ_1021-686-1533-1198,0,0,0,0,0,0,1,0,0
XYKJMNUKQ_1021-3246-1533-3758,0,0,0,0,0,0,1,0,0
XXBLGY4HE_8121-2810-8633-3322,0,0,1,0,0,0,0,0,0
XYKJMNUKQ_3234-8785-3746-9297,0,0,0,0,0,0,1,0,0
XYKJMNUKQ_2112-8900-2624-9412,0,0,0,0,0,0,1,0,0
XYKJMNUKQ_2722-8785-3234-9297,0,0,0,0,0,0,1,0,0
XYKJMNUKQ_5565-8137-6077-8649,0,0,0,0,0,0,1,0,0
XYKJMNUKQ_5299-8034-5811-8546,0,0,0,0,0,0,1,0,0
XYWX9HP8F_1035-1431-1547-1943,0,1,0,0,0,0,0,0,0
XYWX9HP8F_1047-3269-1559-3781,0,1,0,0,0,0,0,0,0
XYWX9HP8F_1867-1651-2379-2163,0,1,0,0,0,0,0,0,0
XYWX9HP8F_1510-855-2022-1367,0,1,0,0,0,0,0,0,0
XYWX9HP8F_1447-2789-1959-3301,0,1,0,0,0,0,0,0,0
XYWX9HP8F_1512-3776-2024-4288,0,1,0,0,0,0,0,0,0
XYWX9HP8F_1447-3301-1959-3813,0,1,0,0,0,0,0,0,0
XYWX9HP8F_1802-4251-2314-4763,0,1,0,0,0,0,0,0,0
XYWX9HP8F_1867-2163-2379-2675,0,1,0,0,0,0,0,0,0
XYWX9HP8F_1088-2172-1600-2684,0,1,0,0,0,0,0,0,0
XYWX9HP8F_1867-1139-2379-1651,0,1,0,0,0,0,0,0,0
XYWX9HP8F_1753-648-2265-1160,0,1,0,0,0,0,0,0,0
XYWX9HP8F_1959-2789-2471-3301,0,1,0,0,0,0,0,0,0
XYWX9HP8F_1959-3301-2471-3813,0,1,0,0,0,0,0,0,0
XYWX9HP8F_2024-3776-2536-4288,0,1,0,0,0,0,0,0,0
XYWX9HP8F_2265-648-2777-1160,0,1,0,0,0,0,0,0,0
XYWX9HP8F_2379-1139-2891-1651,0,1,0,0,0,0,0,0,0
XYWX9HP8F_2314-4251-2826-4763,0,1,0,0,0,0,0,0,0
XYWX9HP8F_2379-2163-2891-2675,0,1,0,0,0,0,0,0,0
XYWX9HP8F_2379-1651-2891-2163,0,1,0,0,0,0,0,0,0
XYWX9HP8F_2471-2789-2983-3301,0,1,0,0,0,0,0,0,0
XYWX9HP8F_2777-1160-3289-1672,0,1,0,0,0,0,0,0,0
XYWX9HP8F_2826-4251-3338-4763,0,1,0,0,0,0,0,0,0
XYWX9HP8F_2471-3301-2983-3813,0,1,0,0,0,0,0,0,0
XYWX9HP8F_2900-1488-3412-2000,0,1,0,0,0,0,0,0,0
XYWX9HP8F_2777-648-3289-1160,0,1,0,0,0,0,0,0,0
XYWX9HP8F_2983-3813-3495-4325,0,1,0,0,0,0,0,0,0
XYWX9HP8F_2990-4462-3502-4974,0,1,0,0,0,0,0,0,0
XYWX9HP8F_3161-1348-3673-1860,0,1,0,0,0,0,0,0,0
XYWX9HP8F_2536-3776-3048-4288,0,1,0,0,0,0,0,0,0
XYWX9HP8F_2983-3301-3495-3813,0,1,0,0,0,0,0,0,0
XYWX9HP8F_3161-1860-3673-2372,0,1,0,0,0,0,0,0,0
XYWX9HP8F_3161-2372-3673-2884,0,1,0,0,0,0,0,0,0
XYWX9HP8F_3161-2884-3673-3396,0,1,0,0,0,0,0,0,0
XYWX9HP8F_3628-1343-4140-1855,0,1,0,0,0,0,0,0,0
XYWX9HP8F_3161-836-3673-1348,0,1,0,0,0,0,0,0,0
XYWX9HP8F_3502-4462-4014-4974,0,1,0,0,0,0,0,0,0
XYWX9HP8F_3628-1855-4140-2367,0,1,0,0,0,0,0,0,0
XYWX9HP8F_3628-831-4140-1343,0,1,0,0,0,0,0,0,0
XYWX9HP8F_3673-2372-4185-2884,0,1,0,0,0,0,0,0,0
XYWX9HP8F_4185-2884-4697-3396,0,1,0,0,0,0,0,0,0
XYWX9HP8F_3673-2884-4185-3396,0,1,0,0,0,0,0,0,0
XYWX9HP8F_4065-4090-4577-4602,0,1,0,0,0,0,0,0,0
XYWX9HP8F_4185-1860-4697-2372,0,1,0,0,0,0,0,0,0
XYWX9HP8F_4185-836-4697-1348,0,1,0,0,0,0,0,0,0
XYWX9HP8F_4014-4462-4526-4974,0,1,0,0,0,0,0,0,0
XYWX9HP8F_4065-3578-4577-4090,0,1,0,0,0,0,0,0,0
XYWX9HP8F_4185-2372-4697-2884,0,1,0,0,0,0,0,0,0
XYWX9HP8F_4185-1348-4697-1860,0,1,0,0,0,0,0,0,0
XYWX9HP8F_4449-2931-4961-3443,0,1,0,0,0,0,0,0,0
XYWX9HP8F_4577-4090-5089-4602,0,1,0,0,0,0,0,0,0
XYWX9HP8F_4577-3578-5089-4090,0,1,0,0,0,0,0,0,0
XYWX9HP8F_4697-1348-5209-1860,0,1,0,0,0,0,0,0,0
XYWX9HP8F_4697-1860-5209-2372,0,1,0,0,0,0,0,0,0
XYWX9HP8F_4697-2372-5209-2884,0,1,0,0,0,0,0,0,0
XYWX9HP8F_4697-836-5209-1348,0,1,0,0,0,0,0,0,0
XYWX9HP8F_4786-4321-5298-4833,0,1,0,0,0,0,0,0,0
XYWX9HP8F_5072-4562-5584-5074,0,1,0,0,0,0,0,0,0
XYWX9HP8F_5109-3330-5621-3842,0,1,0,0,0,0,0,0,0
XYWX9HP8F_6074-3344-6586-3856,0,1,0,0,0,0,0,0,0
XYWX9HP8F_5584-4562-6096-5074,0,1,0,0,0,0,0,0,0
XYWX9HP8F_5855-1721-6367-2233,0,1,0,0,0,0,0,0,0
XYWX9HP8F_5209-836-5721-1348,0,1,0,0,0,0,0,0,0
XYWX9HP8F_5209-1348-5721-1860,0,1,0,0,0,0,0,0,0
XYWX9HP8F_4977-4101-5489-4613,0,1,0,0,0,0,0,0,0
XYWX9HP8F_5298-4321-5810-4833,0,1,0,0,0,0,0,0,0
XYWX9HP8F_6074-3856-6586-4368,0,1,0,0,0,0,0,0,0
XYWX9HP8F_6367-2233-6879-2745,0,1,0,0,0,0,0,0,0
XYWX9HP8F_6367-2745-6879-3257,0,1,0,0,0,0,0,0,0
XYWX9HP8F_6367-1721-6879-2233,0,1,0,0,0,0,0,0,0
XYWX9HP8F_6329-4775-6841-5287,0,1,0,0,0,0,0,0,0
XYWX9HP8F_6367-3257-6879-3769,0,1,0,0,0,0,0,0,0
XYWX9HP8F_6841-4775-7353-5287,0,1,0,0,0,0,0,0,0
XYWX9HP8F_6879-2233-7391-2745,0,1,0,0,0,0,0,0,0
XYWX9HP8F_7391-3257-7903-3769,0,1,0,0,0,0,0,0,0
XYWX9HP8F_8171-1479-8683-1991,0,1,0,0,0,0,0,0,0
XYWX9HP8F_8128-3746-8640-4258,0,1,0,0,0,0,0,0,0
XYWX9HP8F_6879-3257-7391-3769,0,1,0,0,0,0,0,0,0
XYWX9HP8F_7462-1281-7974-1793,0,1,0,0,0,0,0,0,0
XYWX9HP8F_7353-4775-7865-5287,0,1,0,0,0,0,0,0,0
XYWX9HP8F_7391-2745-7903-3257,0,1,0,0,0,0,0,0,0
XYWX9HP8F_7391-2233-7903-2745,0,1,0,0,0,0,0,0,0
XYWX9HP8F_6967-4448-7479-4960,0,1,0,0,0,0,0,0,0
XYWX9HP8F_8055-4938-8567-5450,0,1,0,0,0,0,0,0,0
XYWX9HP8F_8326-1263-8838-1775,0,1,0,0,0,0,0,0,0
XYWX9HP8F_836-1564-1348-2076,0,1,0,0,0,0,0,0,0
XYWX9HP8F_836-1052-1348-1564,0,1,0,0,0,0,0,0,0
XYWX9HP8F_836-2076-1348-2588,0,1,0,0,0,0,0,0,0
XYWX9HP8F_836-4124-1348-4636,0,1,0,0,0,0,0,0,0
XYWX9HP8F_836-540-1348-1052,0,1,0,0,0,0,0,0,0
XYWX9HP8F_836-3100-1348-3612,0,1,0,0,0,0,0,0,0
XYWX9HP8F_8417-1826-8929-2338,0,1,0,0,0,0,0,0,0
XYWX9HP8F_8387-3988-8899-4500,0,1,0,0,0,0,0,0,0
XYWX9HP8F_8416-2737-8928-3249,0,1,0,0,0,0,0,0,0
XZBUBMLZT_1708-508-2220-1020,1,0,0,0,0,0,0,0,0
XYWX9HP8F_8416-3249-8928-3761,0,1,0,0,0,0,0,0,0
XYWX9HP8F_935-2789-1447-3301,0,1,0,0,0,0,0,0,0
XYWX9HP8F_8417-2338-8929-2850,0,1,0,0,0,0,0,0,0
XYWX9HP8F_935-3813-1447-4325,0,1,0,0,0,0,0,0,0
XZKR2ZJDB_10467-6882-10979-7394,0,0,0,0,0,0,0,1,0
XZKR2ZJDB_10239-16579-10751-17091,1,0,0,0,0,0,0,0,0
XYWX9HP8F_998-855-1510-1367,0,1,0,0,0,0,0,0,0
XZKR2ZJDB_10467-7394-10979-7906,0,0,0,0,0,0,0,1,0
XZKR2ZJDB_11206-774-11718-1286,0,0,0,0,0,0,0,1,0
XZKR2ZJDB_10467-7906-10979-8418,0,0,0,0,0,0,0,1,0
XZKR2ZJDB_11246-1811-11758-2323,0,0,0,0,0,0,0,1,0
XZKR2ZJDB_11648-16639-12160-17151,1,0,0,0,0,0,0,0,0
XZKR2ZJDB_3855-10092-4367-10604,1,0,0,0,0,0,0,0,0
XZKR2ZJDB_11246-2323-11758-2835,0,0,0,0,0,0,0,1,0
XZKR2ZJDB_5709-8381-6221-8893,1,0,0,0,0,0,0,0,0
XZKR2ZJDB_5197-8381-5709-8893,1,0,0,0,0,0,0,0,0
XZKR2ZJDB_4085-10297-4597-10809,1,0,0,0,0,0,0,0,0
XZKR2ZJDB_4571-9999-5083-10511,1,0,0,0,0,0,0,0,0
XZKR2ZJDB_6465-8319-6977-8831,1,0,0,0,0,0,0,0,0
XZKR2ZJDB_6079-8323-6591-8835,1,0,0,0,0,0,0,0,0
XZKR2ZJDB_7801-11421-8313-11933,1,0,0,0,0,0,0,0,0
XZKR2ZJDB_4189-9980-4701-10492,1,0,0,0,0,0,0,0,0
XZKR2ZJDB_7932-11692-8444-12204,1,0,0,0,0,0,0,0,0
XZKR2ZJDB_7697-16036-8209-16548,1,0,0,0,0,0,0,0,0
XZKR2ZJDB_5051-7995-5563-8507,1,0,0,0,0,0,0,0,0
XZKR2ZJDB_7969-16076-8481-16588,1,0,0,0,0,0,0,0,0
XZKR2ZJDB_8093-5966-8605-6478,1,0,0,0,0,0,0,0,0
XZKR2ZJDB_8219-15690-8731-16202,1,0,0,0,0,0,0,0,0
XZKR2ZJDB_8172-6538-8684-7050,1,0,0,0,0,0,0,0,0
XZKR2ZJDB_8313-11421-8825-11933,1,0,0,0,0,0,0,0,0
XZKR2ZJDB_8399-3861-8911-4373,0,0,0,0,0,0,0,1,0
XZKR2ZJDB_8472-16478-8984-16990,1,0,0,0,0,0,0,0,0
XZKR2ZJDB_8506-12572-9018-13084,1,0,0,0,0,0,0,0,0
XZKR2ZJDB_8809-11711-9321-12223,1,0,0,0,0,0,0,0,0
XZKR2ZJDB_8605-5966-9117-6478,1,0,0,0,0,0,0,0,0
XZKR2ZJDB_8534-14685-9046-15197,1,0,0,0,0,0,0,0,0
XZKR2ZJDB_9083-15847-9595-16359,1,0,0,0,0,0,0,0,0
XZKR2ZJDB_8824-15659-9336-16171,1,0,0,0,0,0,0,0,0
XZKR2ZJDB_8681-15914-9193-16426,1,0,0,0,0,0,0,0,0
XZKR2ZJDB_8892-3646-9404-4158,0,0,0,0,0,0,0,1,0
XZKR2ZJDB_8984-16478-9496-16990,1,0,0,0,0,0,0,0,0
XZKR2ZJDB_8960-2706-9472-3218,0,0,0,0,0,0,0,1,0
XZKR2ZJDB_8943-1848-9455-2360,0,0,0,0,0,0,0,1,0
XZKR2ZJDB_9101-2248-9613-2760,0,0,0,0,0,0,0,1,0
XZKR2ZJDB_9201-641-9713-1153,0,0,0,0,0,0,0,1,0
XZKR2ZJDB_9518-3229-10030-3741,0,0,0,0,0,0,0,1,0
XZKR2ZJDB_9518-2717-10030-3229,0,0,0,0,0,0,0,1,0
XZKR2ZJDB_9518-3741-10030-4253,0,0,0,0,0,0,0,1,0
XZKR2ZJDB_9707-5471-10219-5983,0,0,0,0,0,0,0,1,0
XZR62A238_1222-4466-1734-4978,0,0,0,0,0,0,1,0,0
XZR62A238_2246-4466-2758-4978,0,0,0,0,0,0,1,0,0
XZR62A238_5830-4466-6342-4978,0,0,0,0,0,0,1,0,0
XZR62A238_2758-4466-3270-4978,0,0,0,0,0,0,1,0,0
Y1E64TPQT_831-7273-1343-7785,0,0,0,0,0,0,1,0,0
XZR62A238_1734-4466-2246-4978,0,0,0,0,0,0,1,0,0
XZR62A238_5318-4466-5830-4978,0,0,0,0,0,0,1,0,0
XZR62A238_710-4466-1222-4978,0,0,0,0,0,0,1,0,0
XZR62A238_4806-4466-5318-4978,0,0,0,0,0,0,1,0,0
XZR62A238_3270-4466-3782-4978,0,0,0,0,0,0,1,0,0
XZR62A238_4294-4466-4806-4978,0,0,0,0,0,0,1,0,0
XZR62A238_3782-4466-4294-4978,0,0,0,0,0,0,1,0,0
Y1GUTXKL1_2092-6235-2604-6747,0,0,1,0,0,1,0,0,0
Y1GUTXKL1_430-4408-942-4920,0,0,1,0,0,0,0,0,0
Y1GUTXKL1_430-4920-942-5432,0,0,1,0,0,0,0,0,0
Y1GUTXKL1_5111-1858-5623-2370,0,0,1,0,0,0,0,0,0
Y1GUTXKL1_535-1575-1047-2087,0,0,1,0,0,0,0,0,0
Y1GUTXKL1_535-1063-1047-1575,0,0,1,0,0,0,0,0,0
Y1GUTXKL1_536-508-1048-1020,0,0,1,0,0,0,0,0,0
Y1GUTXKL1_5389-7991-5901-8503,0,0,1,0,0,0,0,0,0
Y1GUTXKL1_5420-4694-5932-5206,0,0,0,0,0,1,0,0,0
Y1UHNQM88_4151-7621-4663-8133,0,0,1,0,0,0,0,0,0
Y1UHNQM88_4042-8850-4554-9362,0,0,1,0,0,0,0,0,0
Y1UHNQM88_4703-7796-5215-8308,0,0,1,0,0,0,0,0,0
Y1GUTXKL1_5567-555-6079-1067,0,0,1,0,0,0,0,0,0
Y1UHNQM88_4546-7621-5058-8133,0,0,1,0,0,0,0,0,0
Y1UHNQM88_4474-10236-4986-10748,0,0,1,0,0,0,0,0,0
Y1UHNQM88_4704-10344-5216-10856,0,0,1,0,0,0,0,0,0
Y1UHNQM88_4210-8288-4722-8800,0,0,1,0,0,0,0,0,0
Y1UHNQM88_4286-8968-4798-9480,0,0,1,0,0,0,0,0,0
Y1UHNQM88_5093-8644-5605-9156,0,0,1,0,0,0,0,0,0
Y1UHNQM88_4943-9160-5455-9672,0,0,1,0,0,0,0,0,0
Y1UHNQM88_4832-8872-5344-9384,0,0,1,0,0,0,0,0,0
Y1UHNQM88_5093-9363-5605-9875,0,0,1,0,0,0,0,0,0
Y1UHNQM88_4878-8470-5390-8982,0,0,1,0,0,0,0,0,0
Y1UHNQM88_4940-7704-5452-8216,0,0,1,0,0,0,0,0,0
Y1UHNQM88_5236-1408-5748-1920,0,0,1,0,0,0,0,0,0
Y1UHNQM88_5102-8965-5614-9477,0,0,1,0,0,0,0,0,0
Y1UHNQM88_5095-9944-5607-10456,0,0,1,0,0,0,0,0,0
Y1UHNQM88_5403-8676-5915-9188,0,0,1,0,0,0,0,0,0
Y1UHNQM88_5813-9140-6325-9652,0,0,1,0,0,0,0,0,0
Y1UHNQM88_6031-9004-6543-9516,0,0,1,0,0,0,0,0,0
Y1UHNQM88_5543-9023-6055-9535,0,0,1,0,0,0,0,0,0
Y1UHNQM88_5277-9196-5789-9708,0,0,1,0,0,0,0,0,0
Y1UHNQM88_6188-7808-6700-8320,0,0,1,0,0,0,0,0,0
Y1UHNQM88_5275-7722-5787-8234,0,0,1,0,0,0,0,0,0
Y1UHNQM88_5688-8419-6200-8931,0,0,1,0,0,0,0,0,0
Y1UHNQM88_5931-8547-6443-9059,0,0,1,0,0,0,0,0,0
Y1UHNQM88_6306-5262-6818-5774,0,0,1,0,0,0,0,0,0
Y1UHNQM88_6526-9186-7038-9698,0,0,1,0,0,0,0,0,0
Y1UHNQM88_6454-7726-6966-8238,0,0,1,0,0,0,0,0,0
Y1UHNQM88_6200-8419-6712-8931,0,0,1,0,0,0,0,0,0
Y1UHNQM88_6692-8439-7204-8951,0,0,1,0,0,0,0,0,0
Y1UHNQM88_6700-7808-7212-8320,0,0,1,0,0,0,0,0,0
Y1UHNQM88_7079-9471-7591-9983,0,0,1,0,0,0,0,0,0
Y1UHNQM88_6822-8208-7334-8720,0,0,1,0,0,0,0,0,0
Y1UHNQM88_7636-7763-8148-8275,0,0,1,0,0,0,0,0,0
Y1UHNQM88_7212-7808-7724-8320,0,0,1,0,0,0,0,0,0
Y1UHNQM88_7653-9234-8165-9746,0,0,1,0,0,0,0,0,0
Y1UHNQM88_7791-9043-8303-9555,0,0,1,0,0,0,0,0,0
Y1UHNQM88_6866-9667-7378-10179,0,0,1,0,0,0,0,0,0
Y1UHNQM88_7985-8290-8497-8802,0,0,1,0,0,0,0,0,0
Y1UHNQM88_7956-7851-8468-8363,0,0,1,0,0,0,0,0,0
Y1UHNQM88_7910-9440-8422-9952,0,0,1,0,0,0,0,0,0
Y1UHNQM88_6818-5262-7330-5774,0,0,1,0,0,0,0,0,0
Y1UHNQM88_7098-7594-7610-8106,0,0,1,0,0,0,0,0,0
Y1UHNQM88_8468-7851-8980-8363,0,0,1,0,0,0,0,0,0
Y1UHNQM88_8165-9234-8677-9746,0,0,1,0,0,0,0,0,0
Y1UHNQM88_8522-9103-9034-9615,0,0,1,0,0,0,0,0,0
Y1UHNQM88_8200-8162-8712-8674,0,0,1,0,0,0,0,0,0
Y1UHNQM88_8837-9216-9349-9728,0,0,1,0,0,0,0,0,0
Y1UHNQM88_8891-8495-9403-9007,0,0,1,0,0,0,0,0,0
Y2JAN1VV4_10339-8620-10851-9132,0,0,1,0,0,0,0,0,0
Y2JAN1VV4_10092-4582-10604-5094,0,0,1,0,0,0,0,0,0
Y1UHNQM88_8977-9018-9489-9530,0,0,1,0,0,0,0,0,0
Y2JAN1VV4_10244-7905-10756-8417,0,0,1,0,0,0,0,0,0
Y1UHNQM88_8954-7985-9466-8497,0,0,1,0,0,0,0,0,0
Y1UHNQM88_9290-8081-9802-8593,0,0,1,0,0,0,0,0,0
Y2JAN1VV4_10248-12628-10760-13140,0,0,1,0,0,0,0,0,0
Y2JAN1VV4_10244-7393-10756-7905,0,0,1,0,0,0,0,0,0
Y2JAN1VV4_10328-11327-10840-11839,0,0,1,0,0,0,0,0,0
Y2JAN1VV4_10328-10815-10840-11327,0,0,1,0,0,0,0,0,0
Y2JAN1VV4_10248-11604-10760-12116,0,0,1,0,0,0,0,0,0
Y2JAN1VV4_10475-10060-10987-10572,0,0,1,0,0,0,0,0,0
Y2JAN1VV4_10475-10572-10987-11084,0,0,1,0,0,0,0,0,0
Y2JAN1VV4_10760-11604-11272-12116,0,0,1,0,0,0,0,0,0
Y2JAN1VV4_10756-7393-11268-7905,0,0,1,0,0,0,0,0,0
Y2JAN1VV4_10760-12116-11272-12628,0,0,1,0,0,0,0,0,0
Y2JAN1VV4_10756-7905-11268-8417,0,0,1,0,0,0,0,0,0
Y2JAN1VV4_10760-12628-11272-13140,0,0,1,0,0,0,0,0,0
Y2JAN1VV4_11268-6881-11780-7393,0,0,1,0,0,0,0,0,0
Y2JAN1VV4_10840-11327-11352-11839,0,0,1,0,0,0,0,0,0
Y2JAN1VV4_10840-10815-11352-11327,0,0,1,0,0,0,0,0,0
Y2JAN1VV4_11272-12628-11784-13140,0,0,1,0,0,0,0,0,0
Y2JAN1VV4_10987-10060-11499-10572,0,0,1,0,0,0,0,0,0
Y2JAN1VV4_10987-10572-11499-11084,0,0,1,0,0,0,0,0,0
Y2JAN1VV4_11784-12116-12296-12628,0,0,1,0,0,0,0,0,0
Y2JAN1VV4_11268-7905-11780-8417,0,0,1,0,0,0,0,0,0
Y2JAN1VV4_11780-6881-12292-7393,0,0,1,0,0,0,0,0,0
Y2JAN1VV4_11272-12116-11784-12628,0,0,1,0,0,0,0,0,0
Y2JAN1VV4_11780-7393-12292-7905,0,0,1,0,0,0,0,0,0
Y2JAN1VV4_11784-12628-12296-13140,0,0,1,0,0,0,0,0,0
Y2JAN1VV4_12292-7905-12804-8417,0,0,1,0,0,0,0,0,0
Y2JAN1VV4_12296-12116-12808-12628,0,0,1,0,0,0,0,0,0
Y2JAN1VV4_12292-7393-12804-7905,0,0,1,0,0,0,0,0,0
Y2JAN1VV4_12292-6881-12804-7393,0,0,1,0,0,0,0,0,0
Y2JAN1VV4_12296-12628-12808-13140,0,0,1,0,0,0,0,0,0
Y2JAN1VV4_12404-7662-12916-8174,0,0,1,0,0,0,0,0,0
Y2JAN1VV4_12804-7905-13316-8417,0,0,1,0,0,0,0,0,0
Y2JAN1VV4_12804-7393-13316-7905,0,0,1,0,0,0,0,0,0
Y2JAN1VV4_12804-6881-13316-7393,0,0,1,0,0,0,0,0,0
Y2JAN1VV4_12916-7662-13428-8174,0,0,1,0,0,0,0,0,0
Y2JAN1VV4_12808-12628-13320-13140,0,0,1,0,0,0,0,0,0
Y2JAN1VV4_1283-12919-1795-13431,0,0,1,0,0,1,0,0,0
Y2JAN1VV4_12808-12116-13320-12628,0,0,1,0,0,0,0,0,0
Y2JAN1VV4_1283-12407-1795-12919,0,0,1,0,0,1,0,0,0
Y2JAN1VV4_13092-3247-13604-3759,0,0,1,0,0,0,0,0,0
Y2JAN1VV4_13092-2735-13604-3247,0,0,1,0,0,0,0,0,0
Y2JAN1VV4_13241-1330-13753-1842,0,0,1,0,0,0,0,0,0
Y2JAN1VV4_13316-7905-13828-8417,0,0,1,0,0,0,0,0,0
Y2JAN1VV4_13241-818-13753-1330,0,0,1,0,0,0,0,0,0
Y2JAN1VV4_13428-7662-13940-8174,0,0,1,0,0,0,0,0,0
Y2JAN1VV4_13316-7393-13828-7905,0,0,1,0,0,0,0,0,0
Y2JAN1VV4_13316-6881-13828-7393,0,0,1,0,0,0,0,0,0
Y2JAN1VV4_13546-7233-14058-7745,0,0,1,0,0,0,0,0,0
Y2JAN1VV4_13604-2735-14116-3247,0,0,1,0,0,0,0,0,0
Y2JAN1VV4_13867-5050-14379-5562,0,0,1,0,0,0,0,0,0
Y2JAN1VV4_13604-3247-14116-3759,0,0,1,0,0,0,0,0,0
Y2JAN1VV4_13753-818-14265-1330,0,0,1,0,0,0,0,0,0
Y2JAN1VV4_13828-6881-14340-7393,0,0,1,0,0,0,0,0,0
Y2JAN1VV4_14058-7233-14570-7745,0,0,1,0,0,0,0,0,0
Y2JAN1VV4_13828-7905-14340-8417,0,0,1,0,0,0,0,0,0
Y2JAN1VV4_13753-1330-14265-1842,0,0,1,0,0,0,0,0,0
Y2JAN1VV4_13929-8404-14441-8916,0,0,1,0,0,0,0,0,0
Y2JAN1VV4_1850-6177-2362-6689,0,0,0,0,0,0,0,0,1
Y2JAN1VV4_14058-7745-14570-8257,0,0,1,0,0,0,0,0,0
Y2JAN1VV4_4026-2010-4538-2522,0,0,1,0,0,0,0,0,0
Y2JAN1VV4_4538-3546-5050-4058,0,0,1,0,0,0,0,0,0
Y2JAN1VV4_4026-3546-4538-4058,0,0,1,0,0,0,0,0,0
Y2JAN1VV4_4026-3034-4538-3546,0,0,1,0,0,0,0,0,0
Y2JAN1VV4_4538-2010-5050-2522,0,0,1,0,0,0,0,0,0
Y2JAN1VV4_4026-2522-4538-3034,0,0,1,0,0,0,0,0,0
Y2JAN1VV4_5050-2010-5562-2522,0,0,1,0,0,0,0,0,0
Y2JAN1VV4_8114-9269-8626-9781,0,0,1,0,0,0,0,0,0
Y2JAN1VV4_787-2477-1299-2989,0,0,1,0,0,0,0,0,0
Y2JAN1VV4_5050-3546-5562-4058,0,0,1,0,0,0,0,0,0
Y2JAN1VV4_787-6573-1299-7085,0,0,1,0,0,0,0,0,0
Y2JAN1VV4_5050-3034-5562-3546,0,0,1,0,0,0,0,0,0
Y2JAN1VV4_5562-3034-6074-3546,0,0,1,0,0,0,0,0,0
Y2JAN1VV4_5562-2010-6074-2522,0,0,1,0,0,0,0,0,0
Y2JAN1VV4_8434-1743-8946-2255,0,0,1,0,0,0,0,0,0
Y2JAN1VV4_8114-8757-8626-9269,0,0,1,0,0,0,0,0,0
Y2JAN1VV4_8373-12154-8885-12666,0,0,1,0,0,0,0,0,0
Y2JAN1VV4_5562-2522-6074-3034,0,0,1,0,0,0,0,0,0
Y2JAN1VV4_8939-12677-9451-13189,0,0,1,0,0,0,0,0,0
Y2JAN1VV4_8556-4582-9068-5094,0,0,1,0,0,0,0,0,0
Y2JAN1VV4_8626-8757-9138-9269,0,0,1,0,0,0,0,0,0
Y2JAN1VV4_8946-1743-9458-2255,0,0,1,0,0,0,0,0,0
Y2JAN1VV4_8434-2255-8946-2767,0,0,1,0,0,0,0,0,0
Y2JAN1VV4_8626-9269-9138-9781,0,0,1,0,0,0,0,0,0
Y2JAN1VV4_9224-11604-9736-12116,0,0,1,0,0,0,0,0,0
Y2JAN1VV4_8946-2255-9458-2767,0,0,1,0,0,0,0,0,0
Y2JAN1VV4_9224-12116-9736-12628,0,0,1,0,0,0,0,0,0
Y2JAN1VV4_9580-4582-10092-5094,0,0,1,0,0,0,0,0,0
Y2JAN1VV4_9736-12628-10248-13140,0,0,1,0,0,0,0,0,0
Y2JAN1VV4_9068-4582-9580-5094,0,0,1,0,0,0,0,0,0
Y2JAN1VV4_9224-12628-9736-13140,0,0,1,0,0,0,0,0,0
Y2UGGWGZR_1403-4820-1915-5332,0,1,0,0,0,0,0,0,0
Y2UGGWGZR_1122-3601-1634-4113,0,1,0,0,0,0,0,0,0
Y2JAN1VV4_9827-8620-10339-9132,0,0,1,0,0,0,0,0,0
Y2JAN1VV4_9736-11604-10248-12116,0,0,1,0,0,0,0,0,0
Y2UGGWGZR_1491-3373-2003-3885,0,1,0,0,0,0,0,0,0
Y2UGGWGZR_1673-6665-2185-7177,0,1,0,0,0,0,0,0,0
Y2UGGWGZR_1844-8139-2356-8651,0,1,0,0,0,0,0,0,0
Y2UGGWGZR_1527-4532-2039-5044,0,1,0,0,0,0,0,0,0
Y2UGGWGZR_1774-4676-2286-5188,0,1,0,0,0,0,0,0,0
Y2UGGWGZR_1737-3226-2249-3738,0,1,0,0,0,0,0,0,0
Y2UGGWGZR_1790-6902-2302-7414,0,1,0,0,0,0,0,0,0
Y2UGGWGZR_1984-3078-2496-3590,0,1,0,0,0,0,0,0,0
Y2UGGWGZR_2472-2774-2984-3286,0,1,0,0,0,0,0,0,0
Y2UGGWGZR_2016-5277-2528-5789,0,1,0,0,0,0,0,0,0
Y2UGGWGZR_2287-4129-2799-4641,0,1,0,0,0,0,0,0,0
Y2UGGWGZR_2205-2956-2717-3468,0,1,0,0,0,0,0,0,0
Y2UGGWGZR_2016-4259-2528-4771,0,1,0,0,0,0,0,0,0
Y2UGGWGZR_2722-2621-3234-3133,0,1,0,0,0,0,0,0,0
Y2UGGWGZR_2566-4991-3078-5503,0,1,0,0,0,0,0,0,0
Y2UGGWGZR_2466-8056-2978-8568,0,1,0,0,0,0,0,0,0
Y2UGGWGZR_2315-5104-2827-5616,0,1,0,0,0,0,0,0,0
Y2UGGWGZR_2530-3942-3042-4454,0,1,0,0,0,0,0,0,0
Y2UGGWGZR_2780-3718-3292-4230,0,1,0,0,0,0,0,0,0
Y2UGGWGZR_2983-2471-3495-2983,0,1,0,0,0,0,0,0,0
Y2UGGWGZR_2822-4838-3334-5350,0,1,0,0,0,0,0,0,0
Y2UGGWGZR_3021-3540-3533-4052,0,1,0,0,0,0,0,0,0
Y2UGGWGZR_3197-4518-3709-5030,0,1,0,0,0,0,0,0,0
Y2UGGWGZR_3006-4676-3518-5188,0,1,0,0,0,0,0,0,0
Y2UGGWGZR_3227-2318-3739-2830,0,1,0,0,0,0,0,0,0
Y2UGGWGZR_4126-4181-4638-4693,0,1,0,0,0,0,0,0,0
Y2UGGWGZR_3970-1723-4482-2235,0,1,0,0,0,0,0,0,0
Y2UGGWGZR_3705-1957-4217-2469,0,1,0,0,0,0,0,0,0
Y2UGGWGZR_3815-8058-4327-8570,0,1,0,0,0,0,0,0,0
Y2UGGWGZR_3315-3295-3827-3807,0,1,0,0,0,0,0,0,0
Y2UGGWGZR_4270-4476-4782-4988,0,1,0,0,0,0,0,0,0
Y2UGGWGZR_4050-3913-4562-4425,0,1,0,0,0,0,0,0,0
Y2UGGWGZR_4368-1287-4880-1799,0,1,0,0,0,0,0,0,0
Y2UGGWGZR_4212-1484-4724-1996,0,1,0,0,0,0,0,0,0
Y2UGGWGZR_4289-2870-4801-3382,0,1,0,0,0,0,0,0,0
Y2UGGWGZR_4508-4923-5020-5435,0,1,0,0,0,0,0,0,0
Y2UGGWGZR_4517-3535-5029-4047,0,1,0,0,0,0,0,0,0
Y2UGGWGZR_4642-4608-5154-5120,0,1,0,0,0,0,0,0,0
Y2UGGWGZR_4642-5120-5154-5632,0,1,0,0,0,0,0,0,0
Y2UGGWGZR_4745-8369-5257-8881,0,1,0,0,0,0,0,0,0
Y2UGGWGZR_4593-8135-5105-8647,0,1,0,0,0,0,0,0,0
Y2UGGWGZR_4684-3869-5196-4381,0,1,0,0,0,0,0,0,0
Y2UGGWGZR_4648-751-5160-1263,0,1,0,0,0,0,0,0,0
Y3RA9WAPY_1078-11493-1590-12005,0,0,1,0,0,0,0,0,0
Y2UGGWGZR_684-3606-1196-4118,0,1,0,0,0,0,0,0,0
Y2UGGWGZR_628-7169-1140-7681,0,1,0,0,0,0,0,0,0
Y3RA9WAPY_1077-13794-1589-14306,0,0,1,0,0,0,0,0,0
Y3RA9WAPY_1078-12005-1590-12517,0,0,1,0,0,0,0,0,0
Y2UGGWGZR_816-6619-1328-7131,0,1,0,0,0,0,0,0,0
Y3RA9WAPY_1100-5124-1612-5636,0,0,1,0,0,0,0,0,0
Y3EJNLCXA_10321-540-10833-1052,0,0,0,1,0,0,0,0,0
Y3RA9WAPY_1077-13282-1589-13794,0,0,1,0,0,0,0,0,0
Y3EJNLCXA_8013-3646-8525-4158,0,0,0,1,0,0,0,0,0
Y3RA9WAPY_1100-5636-1612-6148,0,0,1,0,0,0,0,0,0
Y3RA9WAPY_1100-6148-1612-6660,0,0,1,0,0,0,0,0,0
Y3RA9WAPY_1100-7172-1612-7684,0,0,1,0,0,0,0,0,0
Y3RA9WAPY_1100-7684-1612-8196,0,0,1,0,0,0,0,0,0
Y3RA9WAPY_1100-6660-1612-7172,0,0,1,0,0,0,0,0,0
Y3RA9WAPY_1102-2127-1614-2639,0,0,1,0,0,0,0,0,0
Y3RA9WAPY_1102-2639-1614-3151,0,0,1,0,0,0,0,0,0
Y3RA9WAPY_1102-3151-1614-3663,0,0,1,0,0,0,0,0,0
Y3RA9WAPY_15252-15803-15764-16315,0,0,1,0,0,0,0,0,0
Y3RA9WAPY_15764-15803-16276-16315,0,0,1,0,0,0,0,0,0
Y3RA9WAPY_15752-15403-16264-15915,0,0,1,0,0,0,0,0,0
Y3RA9WAPY_1589-13282-2101-13794,0,0,1,0,0,0,0,0,0
Y3RA9WAPY_1589-13794-2101-14306,0,0,1,0,0,0,0,0,0
Y3RA9WAPY_15252-15291-15764-15803,0,0,1,0,0,0,0,0,0
Y3RA9WAPY_1590-12005-2102-12517,0,0,1,0,0,0,0,0,0
Y3RA9WAPY_1590-11493-2102-12005,0,0,1,0,0,0,0,0,0
Y3RA9WAPY_1612-5636-2124-6148,0,0,1,0,0,0,0,0,0
Y3RA9WAPY_1612-5124-2124-5636,0,0,1,0,0,0,0,0,0
Y3RA9WAPY_1612-6148-2124-6660,0,0,1,0,0,0,0,0,0
Y3RA9WAPY_1614-2639-2126-3151,0,0,1,0,0,0,0,0,0
Y3RA9WAPY_1614-2127-2126-2639,0,0,1,0,0,0,0,0,0
Y3RA9WAPY_1612-7172-2124-7684,0,0,1,0,0,0,0,0,0
Y3RA9WAPY_1612-6660-2124-7172,0,0,1,0,0,0,0,0,0
Y3RA9WAPY_16276-15291-16788-15803,0,0,1,0,0,0,0,0,0
Y3RA9WAPY_16276-15803-16788-16315,0,0,1,0,0,0,0,0,0
Y3RA9WAPY_2126-2127-2638-2639,0,0,1,0,0,0,0,0,0
Y3RA9WAPY_2101-13794-2613-14306,0,0,1,0,0,0,0,0,0
Y3RA9WAPY_2126-1615-2638-2127,0,0,1,0,0,0,0,0,0
Y3RA9WAPY_2102-11493-2614-12005,0,0,1,0,0,0,0,0,0
Y3RA9WAPY_2126-3151-2638-3663,0,0,1,0,0,0,0,0,0
Y3RA9WAPY_2102-13029-2614-13541,0,0,1,0,0,0,0,0,0
Y3RA9WAPY_1890-6004-2402-6516,0,0,1,0,0,0,0,0,0
Y3RA9WAPY_2102-12517-2614-13029,0,0,1,0,0,0,0,0,0
Y3RA9WAPY_2126-2639-2638-3151,0,0,1,0,0,0,0,0,0
Y3RA9WAPY_2211-1158-2723-1670,0,0,1,0,0,0,0,0,0
Y3RA9WAPY_2211-646-2723-1158,0,0,1,0,0,0,0,0,0
Y3RA9WAPY_2579-2681-3091-3193,0,0,1,0,0,0,0,0,0
Y3RA9WAPY_2356-15459-2868-15971,0,0,1,0,0,0,0,0,0
Y3RA9WAPY_2614-12517-3126-13029,0,0,1,0,0,0,0,0,0
Y3RA9WAPY_2614-11493-3126-12005,0,0,1,0,0,0,0,0,0
Y3RA9WAPY_2614-12005-3126-12517,0,0,1,0,0,0,0,0,0
Y3RA9WAPY_2615-13711-3127-14223,0,0,1,0,0,0,0,0,0
Y3RA9WAPY_2657-12892-3169-13404,0,0,1,0,0,0,0,0,0
Y3RA9WAPY_3126-12005-3638-12517,0,0,1,0,0,0,0,0,0
Y3RA9WAPY_3126-12517-3638-13029,0,0,1,0,0,0,0,0,0
Y3RA9WAPY_2902-13196-3414-13708,0,0,1,0,0,0,0,0,0
Y3RA9WAPY_2723-1158-3235-1670,0,0,1,0,0,0,0,0,0
Y3RA9WAPY_3127-13711-3639-14223,0,0,1,0,0,0,0,0,0
Y3RA9WAPY_2723-646-3235-1158,0,0,1,0,0,0,0,0,0
Y3RA9WAPY_2868-15459-3380-15971,0,0,1,0,0,0,0,0,0
Y3RA9WAPY_3126-13029-3638-13541,0,0,1,0,0,0,0,0,0
Y3RA9WAPY_3126-11493-3638-12005,0,0,1,0,0,0,0,0,0
Y3RA9WAPY_3235-1158-3747-1670,0,0,1,0,0,0,0,0,0
Y3RA9WAPY_3235-134-3747-646,0,0,1,0,0,0,0,0,0
Y3RA9WAPY_3235-646-3747-1158,0,0,1,0,0,0,0,0,0
Y3RA9WAPY_3380-15459-3892-15971,0,0,1,0,0,0,0,0,0
Y3RA9WAPY_3361-11633-3873-12145,0,0,1,0,0,0,0,0,0
Y3RA9WAPY_3414-13196-3926-13708,0,0,1,0,0,0,0,0,0
Y3RA9WAPY_3391-12317-3903-12829,0,0,1,0,0,0,0,0,0
Y3RA9WAPY_3747-1158-4259-1670,0,0,1,0,0,0,0,0,0
Y3RA9WAPY_3744-13679-4256-14191,0,0,1,0,0,0,0,0,0
Y3RA9WAPY_4057-14153-4569-14665,0,0,1,0,0,0,0,0,0
Y3RA9WAPY_4219-3072-4731-3584,0,0,1,0,0,0,0,0,0
Y3RA9WAPY_3747-1670-4259-2182,0,0,1,0,0,0,0,0,0
Y3RA9WAPY_4219-4096-4731-4608,0,0,1,0,0,0,0,0,0
Y3RA9WAPY_3747-134-4259-646,0,0,1,0,0,0,0,0,0
Y3RA9WAPY_3873-11633-4385-12145,0,0,1,0,0,0,0,0,0
Y3RA9WAPY_4219-3584-4731-4096,0,0,1,0,0,0,0,0,0
Y3RA9WAPY_3892-15459-4404-15971,0,0,1,0,0,0,0,0,0
Y3RA9WAPY_4063-7577-4575-8089,0,0,1,0,0,0,0,0,0
Y3RA9WAPY_4343-5490-4855-6002,0,0,1,0,0,0,0,0,0
Y3RA9WAPY_4259-134-4771-646,0,0,1,0,0,0,0,0,0
Y3RA9WAPY_4259-1158-4771-1670,0,0,1,0,0,0,0,0,0
Y3RA9WAPY_4359-9419-4871-9931,0,0,1,0,0,0,0,0,0
Y3RA9WAPY_4259-1670-4771-2182,0,0,1,0,0,0,0,0,0
Y3RA9WAPY_4343-6002-4855-6514,0,0,1,0,0,0,0,0,0
Y3RA9WAPY_4259-646-4771-1158,0,0,1,0,0,0,0,0,0
Y3RA9WAPY_4410-4539-4922-5051,0,0,1,0,0,0,0,0,0
Y3RA9WAPY_4466-15128-4978-15640,0,0,1,0,0,0,0,0,0
Y3RA9WAPY_4466-14616-4978-15128,0,0,1,0,0,0,0,0,0
Y3RA9WAPY_4558-15458-5070-15970,0,0,1,0,0,0,0,0,0
Y3RA9WAPY_4655-7346-5167-7858,0,0,1,0,0,0,0,0,0
Y3RA9WAPY_4596-7088-5108-7600,0,0,1,0,0,0,0,0,0
Y3RA9WAPY_4466-13592-4978-14104,0,0,1,0,0,0,0,0,0
Y3RA9WAPY_4596-7600-5108-8112,0,0,1,0,0,0,0,0,0
Y3RA9WAPY_4569-14153-5081-14665,0,0,1,0,0,0,0,0,0
Y3RA9WAPY_4693-6778-5205-7290,0,0,1,0,0,0,0,0,0
Y3RA9WAPY_4711-4574-5223-5086,0,0,1,0,0,0,0,0,0
Y3RA9WAPY_4731-3072-5243-3584,0,0,1,0,0,0,0,0,0
Y3RA9WAPY_4711-5086-5223-5598,0,0,1,0,0,0,0,0,0
Y3RA9WAPY_4771-134-5283-646,0,0,1,0,0,0,0,0,0
Y3RA9WAPY_4731-4096-5243-4608,0,0,1,0,0,0,0,0,0
Y3RA9WAPY_4871-8907-5383-9419,0,0,1,0,0,0,0,0,0
Y3RA9WAPY_4731-3584-5243-4096,0,0,1,0,0,0,0,0,0
Y3RA9WAPY_4871-9419-5383-9931,0,0,1,0,0,0,0,0,0
Y3RA9WAPY_5431-8528-5943-9040,0,0,1,0,0,0,0,0,0
Y3RA9WAPY_5383-8907-5895-9419,0,0,1,0,0,0,0,0,0
Y3RA9WAPY_5490-15128-6002-15640,0,0,1,0,0,0,0,0,0
Y3RA9WAPY_4978-14104-5490-14616,0,0,1,0,0,0,0,0,0
Y3RA9WAPY_4978-13592-5490-14104,0,0,1,0,0,0,0,0,0
Y3RA9WAPY_5784-8325-6296-8837,0,0,1,0,0,0,0,0,0
Y3RA9WAPY_4978-15128-5490-15640,0,0,1,0,0,0,0,0,0
Y3RA9WAPY_5605-8743-6117-9255,0,0,1,0,0,0,0,0,0
Y3RA9WAPY_5490-14616-6002-15128,0,0,1,0,0,0,0,0,0
Y3RA9WAPY_5093-8743-5605-9255,0,0,1,0,0,0,0,0,0
Y3RA9WAPY_6002-14616-6514-15128,0,0,1,0,0,0,0,0,0
Y3RA9WAPY_6117-8546-6629-9058,0,0,1,0,0,0,0,0,0
Y3RA9WAPY_6629-8546-7141-9058,0,0,1,0,0,0,0,0,0
Y3RA9WAPY_6002-15128-6514-15640,0,0,1,0,0,0,0,0,0
Y3RA9WAPY_6496-14906-7008-15418,0,0,1,0,0,0,0,0,0
Y3RA9WAPY_6496-15418-7008-15930,0,0,1,0,0,0,0,0,0
Y3RA9WAPY_6816-8383-7328-8895,0,0,1,0,0,0,0,0,0
Y3RA9WAPY_7008-14906-7520-15418,0,0,1,0,0,0,0,0,0
Y3RA9WAPY_7367-14946-7879-15458,0,0,1,0,0,0,0,0,0
Y3RA9WAPY_7008-15418-7520-15930,0,0,1,0,0,0,0,0,0
Y47CAQ9KY_1710-6603-2222-7115,0,0,0,0,0,0,1,0,0
Y47CAQ9KY_1354-3103-1866-3615,0,0,0,0,0,0,1,0,0
Y47CAQ9KY_2890-3103-3402-3615,0,0,0,0,0,0,1,0,0
Y47CAQ9KY_3914-3103-4426-3615,0,0,0,0,0,0,1,0,0
Y47CAQ9KY_1198-6091-1710-6603,0,0,0,0,0,0,1,0,0
Y47CAQ9KY_3402-3103-3914-3615,0,0,0,0,0,0,1,0,0
Y47CAQ9KY_1866-3103-2378-3615,0,0,0,0,0,0,1,0,0
Y47CAQ9KY_2378-3103-2890-3615,0,0,0,0,0,0,1,0,0
Y47CAQ9KY_4426-3103-4938-3615,0,0,0,0,0,0,1,0,0
Y47CAQ9KY_5450-3103-5962-3615,0,0,0,0,0,0,1,0,0
Y47CAQ9KY_5962-3103-6474-3615,0,0,0,0,0,0,1,0,0
Y47CAQ9KY_4938-3103-5450-3615,0,0,0,0,0,0,1,0,0
Y4UQP6K1N_1588-537-2100-1049,0,0,1,0,0,0,0,0,0
Y47CAQ9KY_842-3103-1354-3615,0,0,0,0,0,0,1,0,0
Y4UQP6K1N_1076-537-1588-1049,0,0,1,0,0,0,0,0,0
Y4UQP6K1N_494-1501-1006-2013,0,0,1,0,0,0,0,0,0
Y6UDNUNDT_1057-2584-1569-3096,0,0,1,0,0,0,0,0,0
Y4UQP6K1N_494-2525-1006-3037,0,0,1,0,0,0,0,0,0
Y4UQP6K1N_494-3037-1006-3549,0,0,1,0,0,0,0,0,0
Y6UDNUNDT_1253-972-1765-1484,0,0,1,0,0,0,0,0,0
Y4UQP6K1N_564-537-1076-1049,0,0,1,0,0,0,0,0,0
Y4UQP6K1N_494-2013-1006-2525,0,0,1,0,0,0,0,0,0
Y6BUIR8QJ_3693-819-4205-1331,0,0,0,0,0,0,0,0,1
Y6UDNUNDT_1253-1484-1765-1996,0,0,1,0,0,0,0,0,0
Y6UDNUNDT_1063-1881-1575-2393,0,0,1,0,0,0,0,0,0
Y6UDNUNDT_1300-2893-1812-3405,0,0,1,0,0,0,0,0,0
Y6UDNUNDT_1480-1310-1992-1822,0,0,1,0,0,0,0,0,0
Y6UDNUNDT_1675-2044-2187-2556,0,0,1,0,0,0,0,0,0
Y6UDNUNDT_1642-2715-2154-3227,0,0,1,0,0,0,0,0,0
Y6UDNUNDT_1480-2334-1992-2846,0,0,1,0,0,0,0,0,0
Y6UDNUNDT_1480-1822-1992-2334,0,0,1,0,0,0,0,0,0
Y6UDNUNDT_1480-798-1992-1310,0,0,1,0,0,0,0,0,0
Y6UDNUNDT_1518-3218-2030-3730,0,0,1,0,0,0,0,0,0
Y6UDNUNDT_1981-3340-2493-3852,0,0,1,0,0,0,0,0,0
Y6UDNUNDT_2267-3464-2779-3976,0,0,1,0,0,0,0,0,0
Y6UDNUNDT_2058-1959-2570-2471,0,0,1,0,0,0,0,0,0
Y6UDNUNDT_2075-1175-2587-1687,0,0,1,0,0,0,0,0,0
Y6UDNUNDT_2070-809-2582-1321,0,0,1,0,0,0,0,0,0
Y6UDNUNDT_1999-2864-2511-3376,0,0,1,0,0,0,0,0,0
Y6UDNUNDT_1981-3852-2493-4364,0,0,1,0,0,0,0,0,0
Y6UDNUNDT_1783-837-2295-1349,0,0,1,0,0,0,0,0,0
Y6UDNUNDT_2066-2304-2578-2816,0,0,1,0,0,0,0,0,0
Y6UDNUNDT_2267-3976-2779-4488,0,0,1,0,0,0,0,0,0
Y6UDNUNDT_2312-1021-2824-1533,0,0,1,0,0,0,0,0,0
Y6UDNUNDT_2312-1533-2824-2045,0,0,1,0,0,0,0,0,0
Y6UDNUNDT_2765-1921-3277-2433,0,0,1,0,0,0,0,0,0
Y6UDNUNDT_2511-3363-3023-3875,0,0,1,0,0,0,0,0,0
Y6UDNUNDT_2511-2851-3023-3363,0,0,1,0,0,0,0,0,0
Y6UDNUNDT_2526-2309-3038-2821,0,0,1,0,0,0,0,0,0
Y6UDNUNDT_2816-3912-3328-4424,0,0,1,0,0,0,0,0,0
Y6UDNUNDT_2765-897-3277-1409,0,0,1,0,0,0,0,0,0
Y6UDNUNDT_3541-1708-4053-2220,0,0,1,0,0,0,0,0,0
Y6UDNUNDT_3258-3535-3770-4047,0,0,1,0,0,0,0,0,0
Y6UDNUNDT_3359-738-3871-1250,0,0,1,0,0,0,0,0,0
Y6UDNUNDT_3029-1396-3541-1908,0,0,1,0,0,0,0,0,0
Y6UDNUNDT_3088-3902-3600-4414,0,0,1,0,0,0,0,0,0
Y6UDNUNDT_2961-3167-3473-3679,0,0,1,0,0,0,0,0,0
Y6UDNUNDT_3198-1960-3710-2472,0,0,1,0,0,0,0,0,0
Y6UDNUNDT_3541-2220-4053-2732,0,0,1,0,0,0,0,0,0
Y6UDNUNDT_3359-1250-3871-1762,0,0,1,0,0,0,0,0,0
Y6UDNUNDT_3029-2420-3541-2932,0,0,1,0,0,0,0,0,0
Y6UDNUNDT_3652-2850-4164-3362,0,0,1,0,0,0,0,0,0
Y6UDNUNDT_3725-3289-4237-3801,0,0,1,0,0,0,0,0,0
Y6UDNUNDT_3740-832-4252-1344,0,0,1,0,0,0,0,0,0
Y6UDNUNDT_3979-2594-4491-3106,0,0,1,0,0,0,0,0,0
Y6UDNUNDT_3725-3801-4237-4313,0,0,1,0,0,0,0,0,0
Y6UDNUNDT_3746-2037-4258-2549,0,0,1,0,0,0,0,0,0
Y6UDNUNDT_3746-1525-4258-2037,0,0,1,0,0,0,0,0,0
Y6UDNUNDT_3979-3106-4491-3618,0,0,1,0,0,0,0,0,0
Y6UDNUNDT_768-1795-1280-2307,0,0,1,0,0,0,0,0,0
Y6UDNUNDT_4209-1492-4721-2004,0,0,1,0,0,0,0,0,0
Y6UDNUNDT_4213-2341-4725-2853,0,0,1,0,0,0,0,0,0
Y73K2U24U_296-4347-808-4859,0,0,0,1,0,0,0,0,0
Y6UDNUNDT_763-2521-1275-3033,0,0,1,0,0,0,0,0,0
Y6UDNUNDT_965-942-1477-1454,0,0,1,0,0,0,0,0,0
Y6UDNUNDT_4209-2004-4721-2516,0,0,1,0,0,0,0,0,0
Y6UDNUNDT_4213-2853-4725-3365,0,0,1,0,0,0,0,0,0
Y6UDNUNDT_4028-1115-4540-1627,0,0,1,0,0,0,0,0,0
Y7YQ33CTY_4699-11709-5211-12221,0,0,0,0,0,0,0,0,1
Y8DY6QM2D_10027-1636-10539-2148,1,0,0,0,0,0,0,0,0
Y8DY6QM2D_10027-612-10539-1124,1,0,0,0,0,0,0,0,0
Y8DY6QM2D_10539-612-11051-1124,1,0,0,0,0,0,0,0,0
Y8DY6QM2D_10539-1124-11051-1636,1,0,0,0,0,0,0,0,0
Y8DY6QM2D_1323-1124-1835-1636,1,0,0,0,0,0,0,0,0
Y8DY6QM2D_10539-1636-11051-2148,1,0,0,0,0,0,0,0,0
Y8DY6QM2D_1323-1636-1835-2148,1,0,0,0,0,0,0,0,0
Y8DY6QM2D_1323-2148-1835-2660,1,0,0,0,0,0,0,0,0
Y8DY6QM2D_1835-3684-2347-4196,1,0,0,0,0,0,0,0,0
Y8DY6QM2D_1323-3172-1835-3684,1,0,0,0,0,0,0,0,0
Y8DY6QM2D_1835-612-2347-1124,1,0,0,0,0,0,0,0,0
Y8DY6QM2D_2347-4196-2859-4708,1,0,0,0,0,0,0,0,0
Y8DY6QM2D_1835-2148-2347-2660,1,0,0,0,0,0,0,0,0
Y8DY6QM2D_2347-612-2859-1124,1,0,0,0,0,0,0,0,0
Y8DY6QM2D_1323-612-1835-1124,1,0,0,0,0,0,0,0,0
Y8DY6QM2D_1323-3684-1835-4196,1,0,0,0,0,0,0,0,0
Y8DY6QM2D_2859-4196-3371-4708,1,0,0,0,0,0,0,0,0
Y8DY6QM2D_1323-2660-1835-3172,1,0,0,0,0,0,0,0,0
Y8DY6QM2D_3371-3684-3883-4196,1,0,0,0,0,0,0,0,0
Y8DY6QM2D_2859-612-3371-1124,1,0,0,0,0,0,0,0,0
Y8DY6QM2D_3371-612-3883-1124,1,0,0,0,0,0,0,0,0
Y8DY6QM2D_3883-3172-4395-3684,1,0,0,0,0,0,0,0,0
Y8DY6QM2D_3883-3684-4395-4196,1,0,0,0,0,0,0,0,0
Y8DY6QM2D_4395-3172-4907-3684,1,0,0,0,0,0,0,0,0
Y8DY6QM2D_3883-612-4395-1124,1,0,0,0,0,0,0,0,0
Y8DY6QM2D_5419-2148-5931-2660,1,0,0,0,0,0,0,0,0
Y8DY6QM2D_5419-1636-5931-2148,1,0,0,0,0,0,0,0,0
Y8DY6QM2D_4907-3172-5419-3684,1,0,0,0,0,0,0,0,0
Y8DY6QM2D_4907-612-5419-1124,1,0,0,0,0,0,0,0,0
Y8DY6QM2D_5931-3172-6443-3684,1,0,0,0,0,0,0,0,0
Y8DY6QM2D_5931-1124-6443-1636,1,0,0,0,0,0,0,0,0
Y8DY6QM2D_5931-2660-6443-3172,1,0,0,0,0,0,0,0,0
Y8DY6QM2D_4395-612-4907-1124,1,0,0,0,0,0,0,0,0
Y8DY6QM2D_5419-3172-5931-3684,1,0,0,0,0,0,0,0,0
Y8DY6QM2D_5419-612-5931-1124,1,0,0,0,0,0,0,0,0
Y8DY6QM2D_5419-2660-5931-3172,1,0,0,0,0,0,0,0,0
Y8DY6QM2D_6443-1124-6955-1636,1,0,0,0,0,0,0,0,0
Y8DY6QM2D_6955-1636-7467-2148,1,0,0,0,0,0,0,0,0
Y8DY6QM2D_6955-612-7467-1124,1,0,0,0,0,0,0,0,0
Y8DY6QM2D_6443-612-6955-1124,1,0,0,0,0,0,0,0,0
Y8DY6QM2D_5931-612-6443-1124,1,0,0,0,0,0,0,0,0
Y8DY6QM2D_6955-2660-7467-3172,1,0,0,0,0,0,0,0,0
Y8DY6QM2D_6955-2148-7467-2660,1,0,0,0,0,0,0,0,0
Y8DY6QM2D_9515-1636-10027-2148,1,0,0,0,0,0,0,0,0
Y8DY6QM2D_9003-2148-9515-2660,1,0,0,0,0,0,0,0,0
Y8DY6QM2D_9003-2660-9515-3172,1,0,0,0,0,0,0,0,0
Y8DY6QM2D_7979-612-8491-1124,1,0,0,0,0,0,0,0,0
Y8DY6QM2D_7467-1636-7979-2148,1,0,0,0,0,0,0,0,0
Y8DY6QM2D_8491-612-9003-1124,1,0,0,0,0,0,0,0,0
Y8DY6QM2D_7467-612-7979-1124,1,0,0,0,0,0,0,0,0
Y8DY6QM2D_7467-2660-7979-3172,1,0,0,0,0,0,0,0,0
Y8DY6QM2D_7979-2660-8491-3172,1,0,0,0,0,0,0,0,0
Y8DY6QM2D_9003-612-9515-1124,1,0,0,0,0,0,0,0,0
Y8DY6QM2D_8491-2660-9003-3172,1,0,0,0,0,0,0,0,0
Y92K113JT_1828-1149-2340-1661,0,0,0,0,0,0,1,0,0
Y92K113JT_2340-1149-2852-1661,0,0,0,0,0,0,1,0,0
Y8DY6QM2D_9515-612-10027-1124,1,0,0,0,0,0,0,0,0
Y92K113JT_1828-637-2340-1149,0,0,0,0,0,0,1,0,0
Y91G3W2RV_3266-2023-3778-2535,0,0,0,0,0,0,0,0,1
Y92K113JT_3753-4386-4265-4898,0,0,0,0,0,0,1,0,0
Y92K113JT_3241-4386-3753-4898,0,0,0,0,0,0,1,0,0
Y9HI3TDLL_1233-1130-1745-1642,1,0,0,0,0,0,0,0,0
Y9HI3TDLL_1682-1159-2194-1671,1,0,0,0,0,0,0,0,0
Y9HI3TDLL_1682-647-2194-1159,1,0,0,0,0,0,0,0,0
Y9HI3TDLL_173-810-685-1322,1,0,0,0,0,0,0,0,0
Y9HI3TDLL_2015-726-2527-1238,1,0,0,0,0,0,0,0,0
Y9HI3TDLL_1128-283-1640-795,1,0,0,0,0,0,0,0,0
Y9HI3TDLL_2194-1159-2706-1671,1,0,0,0,0,0,0,0,0
Y9HI3TDLL_2194-2183-2706-2695,1,0,0,0,0,0,0,0,0
Y9HI3TDLL_2254-502-2766-1014,1,0,0,0,0,0,0,0,0
Y9HI3TDLL_2194-1671-2706-2183,1,0,0,0,0,0,0,0,0
Y9HI3TDLL_2438-1042-2950-1554,1,0,0,0,0,0,0,0,0
Y9HI3TDLL_2438-2066-2950-2578,1,0,0,0,0,0,0,0,0
Y9HI3TDLL_2438-1554-2950-2066,1,0,0,0,0,0,0,0,0
Y9HI3TDLL_412-430-924-942,1,0,0,0,0,0,0,0,0
Y9HI3TDLL_391-2093-903-2605,1,0,0,0,0,0,0,0,0
Y9HI3TDLL_401-1301-913-1813,1,0,0,0,0,0,0,0,0
Y9HI3TDLL_352-2527-864-3039,1,0,0,0,0,0,0,0,0
Y9HI3TDLL_737-893-1249-1405,1,0,0,0,0,0,0,0,0
YAG43M7LV_1080-2795-1592-3307,0,0,0,0,0,1,0,0,0
Y9HI3TDLL_999-492-1511-1004,1,0,0,0,0,0,0,0,0
YA4FP6VMP_4768-1136-5280-1648,0,0,0,0,1,0,0,0,0
YA4FP6VMP_203-1428-715-1940,0,0,0,0,1,0,0,0,0
YAG43M7LV_1311-2486-1823-2998,0,0,0,0,0,1,0,0,0
YAG43M7LV_1332-2857-1844-3369,0,0,0,0,0,1,0,0,0
YAG43M7LV_2545-2779-3057-3291,0,0,0,0,0,1,0,0,0
YAG43M7LV_3053-3046-3565-3558,0,0,0,0,0,0,0,0,1
YAG43M7LV_1560-2355-2072-2867,0,0,0,0,0,1,0,0,0
YAG43M7LV_2055-2782-2567-3294,0,0,0,0,0,1,0,0,0
YAG43M7LV_1592-2795-2104-3307,0,0,0,0,0,1,0,0,0
YAG43M7LV_618-1776-1130-2288,0,0,0,0,0,1,0,0,0
YBFACBZGD_4613-1748-5125-2260,0,0,0,0,0,0,0,0,1
YAG43M7LV_645-3144-1157-3656,0,0,0,0,0,0,0,0,1
YBFACBZGD_3258-1793-3770-2305,0,0,0,0,0,0,0,0,1
YBFACBZGD_2746-1793-3258-2305,0,0,0,0,0,0,0,0,1
YBFACBZGD_3770-1793-4282-2305,0,0,0,0,0,0,0,0,1
YBFACBZGD_5664-1716-6176-2228,0,0,0,0,0,0,0,0,1
YCKIQPIYQ_10103-1008-10615-1520,1,0,0,0,0,0,0,0,0
YCKIQPIYQ_10103-1520-10615-2032,1,0,0,0,0,0,0,0,0
YCKIQPIYQ_10179-2089-10691-2601,1,0,0,0,0,0,0,0,0
YCKIQPIYQ_10298-615-10810-1127,1,0,0,0,0,0,0,0,0
YCKIQPIYQ_1030-1117-1542-1629,1,0,0,0,0,0,0,0,0
YCKIQPIYQ_10371-885-10883-1397,1,0,0,0,0,0,0,0,0
YCKIQPIYQ_10430-3151-10942-3663,1,0,0,0,0,0,0,0,0
YCKIQPIYQ_1030-1629-1542-2141,1,0,0,0,0,0,0,0,0
YCKIQPIYQ_10532-1501-11044-2013,1,0,0,0,0,0,0,0,0
YCKIQPIYQ_10430-3663-10942-4175,1,0,0,0,0,0,0,0,0
YCKIQPIYQ_10532-2013-11044-2525,1,0,0,0,0,0,0,0,0
YCKIQPIYQ_1332-513-1844-1025,1,0,0,0,0,0,0,0,0
YCKIQPIYQ_10532-2525-11044-3037,1,0,0,0,0,0,0,0,0
YCKIQPIYQ_1180-2072-1692-2584,1,0,0,0,0,0,0,0,0
YCKIQPIYQ_1180-3096-1692-3608,1,0,0,0,0,0,0,0,0
YCKIQPIYQ_1180-3608-1692-4120,1,0,0,0,0,0,0,0,0
YCKIQPIYQ_1542-1117-2054-1629,1,0,0,0,0,0,0,0,0
YCKIQPIYQ_1542-1629-2054-2141,1,0,0,0,0,0,0,0,0
YCKIQPIYQ_1844-513-2356-1025,1,0,0,0,0,0,0,0,0
YCKIQPIYQ_1692-2072-2204-2584,1,0,0,0,0,0,0,0,0
YCKIQPIYQ_1692-3608-2204-4120,1,0,0,0,0,0,0,0,0
YCKIQPIYQ_2054-1117-2566-1629,1,0,0,0,0,0,0,0,0
YCKIQPIYQ_2054-1629-2566-2141,1,0,0,0,0,0,0,0,0
YCKIQPIYQ_2204-2072-2716-2584,1,0,0,0,0,0,0,0,0
YCKIQPIYQ_2566-1117-3078-1629,1,0,0,0,0,0,0,0,0
YCKIQPIYQ_2204-3608-2716-4120,1,0,0,0,0,0,0,0,0
YCKIQPIYQ_2356-513-2868-1025,1,0,0,0,0,0,0,0,0
YCKIQPIYQ_2566-1629-3078-2141,1,0,0,0,0,0,0,0,0
YCKIQPIYQ_2716-3096-3228-3608,1,0,0,0,0,0,0,0,0
YCKIQPIYQ_2716-3608-3228-4120,1,0,0,0,0,0,0,0,0
YCKIQPIYQ_3275-967-3787-1479,1,0,0,0,0,0,0,0,0
YCKIQPIYQ_3228-3608-3740-4120,1,0,0,0,0,0,0,0,0
YCKIQPIYQ_2922-1692-3434-2204,1,0,0,0,0,0,0,0,0
YCKIQPIYQ_3072-439-3584-951,1,0,0,0,0,0,0,0,0
YCKIQPIYQ_3228-3096-3740-3608,1,0,0,0,0,0,0,0,0
YCKIQPIYQ_3434-1692-3946-2204,1,0,0,0,0,0,0,0,0
YCKIQPIYQ_3584-439-4096-951,1,0,0,0,0,0,0,0,0
YCKIQPIYQ_3740-3096-4252-3608,1,0,0,0,0,0,0,0,0
YCKIQPIYQ_3584-951-4096-1463,1,0,0,0,0,0,0,0,0
YCKIQPIYQ_3740-2584-4252-3096,1,0,0,0,0,0,0,0,0
YCKIQPIYQ_3914-1315-4426-1827,1,0,0,0,0,0,0,0,0
YCKIQPIYQ_3946-1692-4458-2204,1,0,0,0,0,0,0,0,0
YCKIQPIYQ_3740-3608-4252-4120,1,0,0,0,0,0,0,0,0
YCKIQPIYQ_4252-2584-4764-3096,1,0,0,0,0,0,0,0,0
YCKIQPIYQ_4096-951-4608-1463,1,0,0,0,0,0,0,0,0
YCKIQPIYQ_4096-439-4608-951,1,0,0,0,0,0,0,0,0
YCKIQPIYQ_4252-3096-4764-3608,1,0,0,0,0,0,0,0,0
YCKIQPIYQ_4764-2584-5276-3096,1,0,0,0,0,0,0,0,0
YCKIQPIYQ_4252-3608-4764-4120,1,0,0,0,0,0,0,0,0
YCKIQPIYQ_4426-1315-4938-1827,1,0,0,0,0,0,0,0,0
YCKIQPIYQ_4783-1039-5295-1551,1,0,0,0,0,0,0,0,0
YCKIQPIYQ_4767-505-5279-1017,1,0,0,0,0,0,0,0,0
YCKIQPIYQ_4764-3096-5276-3608,1,0,0,0,0,0,0,0,0
YCKIQPIYQ_5276-3608-5788-4120,1,0,0,0,0,0,0,0,0
YCKIQPIYQ_5192-621-5704-1133,1,0,0,0,0,0,0,0,0
YCKIQPIYQ_5276-2584-5788-3096,1,0,0,0,0,0,0,0,0
YCKIQPIYQ_5301-1871-5813-2383,1,0,0,0,0,0,0,0,0
YCKIQPIYQ_5276-3096-5788-3608,1,0,0,0,0,0,0,0,0
YCKIQPIYQ_5041-805-5553-1317,1,0,0,0,0,0,0,0,0
YCKIQPIYQ_4789-1871-5301-2383,1,0,0,0,0,0,0,0,0
YCKIQPIYQ_5704-621-6216-1133,1,0,0,0,0,0,0,0,0
YCKIQPIYQ_5363-1255-5875-1767,1,0,0,0,0,0,0,0,0
YCKIQPIYQ_5788-2584-6300-3096,1,0,0,0,0,0,0,0,0
YCKIQPIYQ_5788-3096-6300-3608,1,0,0,0,0,0,0,0,0
YCKIQPIYQ_5553-805-6065-1317,1,0,0,0,0,0,0,0,0
YCKIQPIYQ_5813-1871-6325-2383,1,0,0,0,0,0,0,0,0
YCKIQPIYQ_5875-1255-6387-1767,1,0,0,0,0,0,0,0,0
YCKIQPIYQ_5788-3608-6300-4120,1,0,0,0,0,0,0,0,0
YCKIQPIYQ_6300-3608-6812-4120,1,0,0,0,0,0,0,0,0
YCKIQPIYQ_6216-621-6728-1133,1,0,0,0,0,0,0,0,0
YCKIQPIYQ_6300-2072-6812-2584,1,0,0,0,0,0,0,0,0
YCKIQPIYQ_6387-1255-6899-1767,1,0,0,0,0,0,0,0,0
YCKIQPIYQ_6430-2827-6942-3339,1,0,0,0,0,0,0,0,0
YCKIQPIYQ_6387-1767-6899-2279,1,0,0,0,0,0,0,0,0
YCKIQPIYQ_6430-2315-6942-2827,1,0,0,0,0,0,0,0,0
YCKIQPIYQ_664-574-1176-1086,1,0,0,0,0,0,0,0,0
YCKIQPIYQ_668-2072-1180-2584,1,0,0,0,0,0,0,0,0
YCKIQPIYQ_6334-3151-6846-3663,1,0,0,0,0,0,0,0,0
YCKIQPIYQ_668-2584-1180-3096,1,0,0,0,0,0,0,0,0
YCKIQPIYQ_6812-2072-7324-2584,1,0,0,0,0,0,0,0,0
YCKIQPIYQ_668-3096-1180-3608,1,0,0,0,0,0,0,0,0
YCKIQPIYQ_668-3608-1180-4120,1,0,0,0,0,0,0,0,0
YCKIQPIYQ_6812-2584-7324-3096,1,0,0,0,0,0,0,0,0
YCKIQPIYQ_6812-3096-7324-3608,1,0,0,0,0,0,0,0,0
YCKIQPIYQ_7070-3202-7582-3714,1,0,0,0,0,0,0,0,0
YCKIQPIYQ_6942-2827-7454-3339,1,0,0,0,0,0,0,0,0
YCKIQPIYQ_6849-1713-7361-2225,1,0,0,0,0,0,0,0,0
YCKIQPIYQ_6846-3663-7358-4175,1,0,0,0,0,0,0,0,0
YCKIQPIYQ_7177-1177-7689-1689,1,0,0,0,0,0,0,0,0
YCKIQPIYQ_7184-617-7696-1129,1,0,0,0,0,0,0,0,0
YCKIQPIYQ_7324-2072-7836-2584,1,0,0,0,0,0,0,0,0
YCKIQPIYQ_7324-2584-7836-3096,1,0,0,0,0,0,0,0,0
YCKIQPIYQ_7324-3096-7836-3608,1,0,0,0,0,0,0,0,0
YCKIQPIYQ_7358-3663-7870-4175,1,0,0,0,0,0,0,0,0
YCKIQPIYQ_7361-1713-7873-2225,1,0,0,0,0,0,0,0,0
YCKIQPIYQ_7673-2889-8185-3401,1,0,0,0,0,0,0,0,0
YCKIQPIYQ_7870-3151-8382-3663,1,0,0,0,0,0,0,0,0
YCKIQPIYQ_7873-2225-8385-2737,1,0,0,0,0,0,0,0,0
YCKIQPIYQ_7873-1713-8385-2225,1,0,0,0,0,0,0,0,0
YCKIQPIYQ_7870-3663-8382-4175,1,0,0,0,0,0,0,0,0
YCKIQPIYQ_8084-1984-8596-2496,1,0,0,0,0,0,0,0,0
YCKIQPIYQ_8382-3151-8894-3663,1,0,0,0,0,0,0,0,0
YCKIQPIYQ_8084-2496-8596-3008,1,0,0,0,0,0,0,0,0
YCKIQPIYQ_8185-2889-8697-3401,1,0,0,0,0,0,0,0,0
YCKIQPIYQ_8444-1003-8956-1515,1,0,0,0,0,0,0,0,0
YCKIQPIYQ_8382-3663-8894-4175,1,0,0,0,0,0,0,0,0
YCKIQPIYQ_8444-1515-8956-2027,1,0,0,0,0,0,0,0,0
YCKIQPIYQ_8517-654-9029-1166,1,0,0,0,0,0,0,0,0
YCKIQPIYQ_8596-1984-9108-2496,1,0,0,0,0,0,0,0,0
YCKIQPIYQ_8894-3151-9406-3663,1,0,0,0,0,0,0,0,0
YCKIQPIYQ_9108-2496-9620-3008,1,0,0,0,0,0,0,0,0
YCKIQPIYQ_8894-3663-9406-4175,1,0,0,0,0,0,0,0,0
YCKIQPIYQ_8596-2496-9108-3008,1,0,0,0,0,0,0,0,0
YCKIQPIYQ_9155-1577-9667-2089,1,0,0,0,0,0,0,0,0
YCKIQPIYQ_9155-2089-9667-2601,1,0,0,0,0,0,0,0,0
YCKIQPIYQ_9175-549-9687-1061,1,0,0,0,0,0,0,0,0
YCKIQPIYQ_9159-1000-9671-1512,1,0,0,0,0,0,0,0,0
YCKIQPIYQ_9406-3151-9918-3663,1,0,0,0,0,0,0,0,0
YCKIQPIYQ_9406-3663-9918-4175,1,0,0,0,0,0,0,0,0
YCKIQPIYQ_9918-3663-10430-4175,1,0,0,0,0,0,0,0,0
YCKIQPIYQ_9667-2089-10179-2601,1,0,0,0,0,0,0,0,0
YCKIQPIYQ_9918-3151-10430-3663,1,0,0,0,0,0,0,0,0
YCKIQPIYQ_9667-1577-10179-2089,1,0,0,0,0,0,0,0,0
YCKIQPIYQ_9591-1008-10103-1520,1,0,0,0,0,0,0,0,0
YEINXV2NB_10353-5636-10865-6148,0,0,0,0,0,0,1,0,0
YDMWVVBNN_820-908-1332-1420,0,0,0,0,0,0,0,0,1
YDMWVVBNN_1198-8018-1710-8530,0,0,0,0,0,0,0,0,1
YDMWVVBNN_4227-8072-4739-8584,0,0,0,0,0,0,0,0,1
YEINXV2NB_10865-6148-11377-6660,0,0,0,0,0,0,1,0,0
YEINXV2NB_11377-6148-11889-6660,0,0,0,0,0,0,1,0,0
YEINXV2NB_11889-6148-12401-6660,0,0,0,0,0,0,1,0,0
YEINXV2NB_10353-6148-10865-6660,0,0,0,0,0,0,1,0,0
YEINXV2NB_9329-6148-9841-6660,0,0,0,0,0,0,1,0,0
YEINXV2NB_9841-5636-10353-6148,0,0,0,0,0,0,1,0,0
YEINXV2NB_9329-5636-9841-6148,0,0,0,0,0,0,1,0,0
YEINXV2NB_8817-6148-9329-6660,0,0,0,0,0,0,1,0,0
YFGBEE414_1159-1078-1671-1590,0,0,1,0,0,0,0,0,0
YFD7C6Q91_5659-2699-6171-3211,0,0,0,0,0,0,1,0,0
YFD7C6Q91_5333-1734-5845-2246,0,0,0,0,0,0,1,0,0
YFD7C6Q91_6002-3211-6514-3723,0,0,0,0,0,0,1,0,0
YFGBEE414_1038-1347-1550-1859,0,0,1,0,0,0,0,0,0
YFGBEE414_1147-1806-1659-2318,0,0,1,0,0,0,0,0,0
YFGBEE414_1591-773-2103-1285,0,0,1,0,0,0,0,0,0
YFD7C6Q91_5344-2247-5856-2759,0,0,0,0,0,0,1,0,0
YFGBEE414_1497-1882-2009-2394,0,0,1,0,0,0,0,0,0
YFGBEE414_2111-632-2623-1144,0,0,1,0,0,0,0,0,0
YFGBEE414_2147-1831-2659-2343,0,0,1,0,0,0,0,0,0
YFGBEE414_1726-475-2238-987,0,0,1,0,0,0,0,0,0
YFGBEE414_2257-1529-2769-2041,0,0,1,0,0,0,0,0,0
YFGBEE414_2434-2226-2946-2738,0,0,1,0,0,0,0,0,0
YFGBEE414_3154-671-3666-1183,0,0,1,0,0,0,0,0,0
YFGBEE414_753-1379-1265-1891,0,0,1,0,0,0,0,0,0
YFGBEE414_795-1082-1307-1594,0,0,1,0,0,0,0,0,0
YFGBEE414_3634-484-4146-996,0,0,1,0,0,0,0,0,0
YFMQLP8QR_1612-7249-2124-7761,0,0,0,0,0,0,0,0,1
YFMQLP8QR_187-7145-699-7657,0,0,0,0,0,1,0,0,1
YFGBEE414_817-752-1329-1264,0,0,1,0,0,0,0,0,0
YFMQLP8QR_1438-7028-1950-7540,0,0,0,0,0,0,0,0,1
YFGBEE414_864-493-1376-1005,0,0,1,0,0,0,0,0,0
YFMQLP8QR_341-6902-853-7414,0,0,0,0,0,1,0,0,1
YFMQLP8QR_749-7187-1261-7699,0,0,0,0,0,1,0,0,0
YFMQLP8QR_4862-3085-5374-3597,0,0,0,0,0,1,0,0,1
YFT4LBU12_1307-2163-1819-2675,0,1,0,0,0,0,0,0,0
YFT4LBU12_2331-1651-2843-2163,0,1,0,0,0,0,0,0,0
YFT4LBU12_1819-2163-2331-2675,0,1,0,0,0,0,0,0,0
YFT4LBU12_1819-1651-2331-2163,0,1,0,0,0,0,0,0,0
YFT4LBU12_1307-2675-1819-3187,0,1,0,0,0,0,0,0,0
YFT4LBU12_735-2789-1247-3301,0,1,0,0,0,0,0,0,0
YGYLN2K3P_10279-1569-10791-2081,0,0,0,0,0,0,1,0,0
YFT4LBU12_735-3301-1247-3813,0,1,0,0,0,0,0,0,0
YGYLN2K3P_10791-1569-11303-2081,0,0,0,0,0,0,1,0,0
YGYLN2K3P_11303-1569-11815-2081,0,0,0,0,0,0,1,0,0
YGYLN2K3P_12327-2081-12839-2593,0,0,0,0,0,0,1,0,0
YGYLN2K3P_12839-2593-13351-3105,0,0,0,0,0,0,1,0,0
YGYLN2K3P_11815-2081-12327-2593,0,0,0,0,0,0,1,0,0
YGYLN2K3P_12839-3105-13351-3617,0,0,0,0,0,0,1,0,0
YGYLN2K3P_11815-1569-12327-2081,0,0,0,0,0,0,1,0,0
YGYLN2K3P_13351-3105-13863-3617,0,0,0,0,0,0,1,0,0
YGYLN2K3P_13351-3617-13863-4129,0,0,0,0,0,0,1,0,0
YGYLN2K3P_13863-2593-14375-3105,0,0,0,0,0,0,1,0,0
YGYLN2K3P_13863-3105-14375-3617,0,0,0,0,0,0,1,0,0
YGYLN2K3P_12327-2593-12839-3105,0,0,0,0,0,0,1,0,0
YGYLN2K3P_13351-4129-13863-4641,0,0,0,0,0,0,1,0,0
YGYLN2K3P_13863-4641-14375-5153,0,0,0,0,0,0,1,0,0
YGYLN2K3P_13863-4129-14375-4641,0,0,0,0,0,0,1,0,0
YGYLN2K3P_13884-3439-14396-3951,0,0,0,0,0,0,1,0,0
YGYLN2K3P_13863-5153-14375-5665,0,0,0,0,0,0,1,0,0
YGYLN2K3P_14068-9183-14580-9695,0,0,0,0,0,0,1,0,0
YGYLN2K3P_14068-9695-14580-10207,0,0,0,0,0,0,1,0,0
YGYLN2K3P_14375-3617-14887-4129,0,0,0,0,0,0,1,0,0
YGYLN2K3P_14580-9183-15092-9695,0,0,0,0,0,0,1,0,0
YGYLN2K3P_14887-6689-15399-7201,0,0,0,0,0,0,1,0,0
YGYLN2K3P_14375-5665-14887-6177,0,0,0,0,0,0,1,0,0
YGYLN2K3P_14375-5153-14887-5665,0,0,0,0,0,0,1,0,0
YGYLN2K3P_14396-4463-14908-4975,0,0,0,0,0,0,1,0,0
YGYLN2K3P_14375-6177-14887-6689,0,0,0,0,0,0,1,0,0
YGYLN2K3P_14887-5153-15399-5665,0,0,0,0,0,0,1,0,0
YGYLN2K3P_14887-4129-15399-4641,0,0,0,0,0,0,1,0,0
YGYLN2K3P_14396-3951-14908-4463,0,0,0,0,0,0,1,0,0
YGYLN2K3P_14887-6177-15399-6689,0,0,0,0,0,0,1,0,0
YGYLN2K3P_15092-8671-15604-9183,0,0,0,0,0,0,1,0,0
YGYLN2K3P_14887-7201-15399-7713,0,0,0,0,0,0,1,0,0
YGYLN2K3P_14908-4463-15420-4975,0,0,0,0,0,0,1,0,0
YGYLN2K3P_15399-7713-15911-8225,0,0,0,0,0,0,1,0,0
YGYLN2K3P_15399-7201-15911-7713,0,0,0,0,0,0,1,0,0
YGYLN2K3P_15092-9183-15604-9695,0,0,0,0,0,0,1,0,0
YGYLN2K3P_15302-4981-15814-5493,0,0,0,0,0,0,1,0,0
YGYLN2K3P_15399-8225-15911-8737,0,0,0,0,0,0,1,0,0
YGYLN2K3P_15597-5750-16109-6262,0,0,0,0,0,0,1,0,0
YGYLN2K3P_15440-11167-15952-11679,0,0,0,0,0,0,1,0,0
YGYLN2K3P_15604-8671-16116-9183,0,0,0,0,0,0,1,0,0
YGYLN2K3P_15725-6094-16237-6606,0,0,0,0,0,0,1,0,0
YGYLN2K3P_15814-4981-16326-5493,0,0,0,0,0,0,1,0,0
YGYLN2K3P_16326-4981-16838-5493,0,0,0,0,0,0,1,0,0
YGYLN2K3P_15725-6606-16237-7118,0,0,0,0,0,0,1,0,0
YGYLN2K3P_16237-7118-16749-7630,0,0,0,0,0,0,1,0,0
YGYLN2K3P_16237-6606-16749-7118,0,0,0,0,0,0,1,0,0
YGYLN2K3P_2968-3858-3480-4370,0,0,0,0,0,0,1,0,0
YGYLN2K3P_1944-3858-2456-4370,0,0,0,0,0,0,1,0,0
YGYLN2K3P_2456-4370-2968-4882,0,0,0,0,0,0,1,0,0
YGYLN2K3P_2456-3858-2968-4370,0,0,0,0,0,0,1,0,0
YGYLN2K3P_3480-4882-3992-5394,0,0,0,0,0,0,1,0,0
YGYLN2K3P_3480-4370-3992-4882,0,0,0,0,0,0,1,0,0
YGYLN2K3P_3480-3858-3992-4370,0,0,0,0,0,0,1,0,0
YGYLN2K3P_2968-4370-3480-4882,0,0,0,0,0,0,1,0,0
YGYLN2K3P_3623-4129-4135-4641,0,0,0,0,0,0,1,0,0
YGYLN2K3P_3623-5153-4135-5665,0,0,0,0,0,0,1,0,0
YGYLN2K3P_4135-4129-4647-4641,0,0,0,0,0,0,1,0,0
YGYLN2K3P_3623-4641-4135-5153,0,0,0,0,0,0,1,0,0
YGYLN2K3P_5159-3617-5671-4129,0,0,0,0,0,0,1,0,0
YGYLN2K3P_4647-3617-5159-4129,0,0,0,0,0,0,1,0,0
YGYLN2K3P_6183-3105-6695-3617,0,0,0,0,0,0,1,0,0
YGYLN2K3P_5671-3617-6183-4129,0,0,0,0,0,0,1,0,0
YGYLN2K3P_4135-3617-4647-4129,0,0,0,0,0,0,1,0,0
YGYLN2K3P_5671-3105-6183-3617,0,0,0,0,0,0,1,0,0
YGYLN2K3P_6695-3105-7207-3617,0,0,0,0,0,0,1,0,0
YGYLN2K3P_7207-3105-7719-3617,0,0,0,0,0,0,1,0,0
YGYLN2K3P_7207-2593-7719-3105,0,0,0,0,0,0,1,0,0
YGYLN2K3P_7719-2593-8231-3105,0,0,0,0,0,0,1,0,0
YGYLN2K3P_9767-2081-10279-2593,0,0,0,0,0,0,1,0,0
YGYLN2K3P_8743-2081-9255-2593,0,0,0,0,0,0,1,0,0
YGYLN2K3P_8743-2593-9255-3105,0,0,0,0,0,0,1,0,0
YGYLN2K3P_9255-2081-9767-2593,0,0,0,0,0,0,1,0,0
YGYLN2K3P_8231-2593-8743-3105,0,0,0,0,0,0,1,0,0
YHUMKZZA1_1682-6682-2194-7194,0,0,0,0,0,0,0,0,1
YHUMKZZA1_2618-1942-3130-2454,0,0,0,0,0,0,0,0,1
YHUMKZZA1_8961-464-9473-976,0,0,0,0,0,0,0,0,1
YHUMKZZA1_6611-10531-7123-11043,0,0,0,0,0,0,0,0,1
YHUMKZZA1_6486-11046-6998-11558,0,0,0,0,0,0,0,0,1
YHUMKZZA1_2855-6427-3367-6939,0,0,0,0,0,0,0,0,1
YIBWWM2C8_1027-2187-1539-2699,1,0,0,0,0,0,0,0,0
YIBWWM2C8_1022-3659-1534-4171,1,0,0,0,0,0,0,0,0
YIBWWM2C8_1022-4171-1534-4683,1,0,0,0,0,0,0,0,0
YIBWWM2C8_1234-3377-1746-3889,1,0,0,0,0,0,0,0,0
YIBWWM2C8_1027-2699-1539-3211,1,0,0,0,0,0,0,0,0
YIBWWM2C8_1137-651-1649-1163,1,0,0,0,0,0,0,0,0
YIBWWM2C8_1386-443-1898-955,1,0,0,0,0,0,0,0,0
YIBWWM2C8_1539-2187-2051-2699,1,0,0,0,0,0,0,0,0
YIBWWM2C8_1746-3377-2258-3889,1,0,0,0,0,0,0,0,0
YIBWWM2C8_186-3461-698-3973,1,0,0,0,0,0,0,0,0
YIBWWM2C8_1690-321-2202-833,1,0,0,0,0,0,0,0,0
YIBWWM2C8_1539-2699-2051-3211,1,0,0,0,0,0,0,0,0
YIBWWM2C8_1898-2989-2410-3501,1,0,0,0,0,0,0,0,0
YIBWWM2C8_510-4171-1022-4683,1,0,0,0,0,0,0,0,0
YIBWWM2C8_2181-1564-2693-2076,1,0,0,0,0,0,0,0,0
YIBWWM2C8_2410-2989-2922-3501,1,0,0,0,0,0,0,0,0
YIBWWM2C8_515-2187-1027-2699,1,0,0,0,0,0,0,0,0
YIBWWM2C8_510-3659-1022-4171,1,0,0,0,0,0,0,0,0
YIBWWM2C8_3873-6750-4385-7262,1,0,0,0,0,0,0,0,0
YIBWWM2C8_4385-6750-4897-7262,1,0,0,0,0,0,0,0,0
YIBWWM2C8_515-1675-1027-2187,1,0,0,0,0,0,0,0,0
YIBWWM2C8_515-2699-1027-3211,1,0,0,0,0,0,0,0,0
YIBWWM2C8_582-1377-1094-1889,1,0,0,0,0,0,0,0,0
YIBWWM2C8_929-1374-1441-1886,1,0,0,0,0,0,0,0,0
YIQEBY8CB_1397-3626-1909-4138,1,0,0,0,0,0,0,0,0
YIQEBY8CB_1397-3114-1909-3626,1,0,0,0,0,0,0,0,0
YIQEBY8CB_1397-4650-1909-5162,1,0,0,0,0,0,0,0,0
YIQEBY8CB_1397-4138-1909-4650,1,0,0,0,0,0,0,0,0
YIQEBY8CB_1397-5674-1909-6186,1,0,0,0,0,0,0,0,0
YIQEBY8CB_1397-5162-1909-5674,1,0,0,0,0,0,0,0,0
YJ9RN6WDX_1286-1739-1798-2251,0,0,1,0,0,0,0,0,0
YIQEBY8CB_4720-6678-5232-7190,1,0,0,0,0,0,0,0,0
YJ9RN6WDX_1464-2483-1976-2995,0,0,1,0,0,0,0,0,0
YIQEBY8CB_4720-6166-5232-6678,1,0,0,0,0,0,0,0,0
YIQEBY8CB_1397-6698-1909-7210,1,0,0,0,0,0,0,0,0
YJ9RN6WDX_1419-672-1931-1184,0,0,1,0,0,0,0,0,0
YIQEBY8CB_1397-6186-1909-6698,1,0,0,0,0,0,0,0,0
YIQEBY8CB_1397-7210-1909-7722,1,0,0,0,0,0,0,0,0
YJ9RN6WDX_1496-2171-2008-2683,0,0,1,0,0,0,0,0,0
YJ9RN6WDX_1510-3160-2022-3672,0,0,1,0,0,0,0,0,0
YJ9RN6WDX_1649-3489-2161-4001,0,0,1,0,0,0,0,0,0
YJ9RN6WDX_1782-2262-2294-2774,0,0,1,0,0,0,0,0,0
YJ9RN6WDX_2008-2171-2520-2683,0,0,1,0,0,0,0,0,0
YJ9RN6WDX_1889-3945-2401-4457,0,0,1,0,0,0,0,0,0
YJ9RN6WDX_1931-672-2443-1184,0,0,1,0,0,0,0,0,0
YJ9RN6WDX_2008-1659-2520-2171,0,0,1,0,0,0,0,0,0
YJ9RN6WDX_2008-1147-2520-1659,0,0,1,0,0,0,0,0,0
YJ9RN6WDX_2056-2989-2568-3501,0,0,1,0,0,0,0,0,0
YJ9RN6WDX_2753-2318-3265-2830,0,0,1,0,0,0,0,0,0
YJ9RN6WDX_2520-2171-3032-2683,0,0,1,0,0,0,0,0,0
YJ9RN6WDX_2520-1659-3032-2171,0,0,1,0,0,0,0,0,0
YJ9RN6WDX_2193-2511-2705-3023,0,0,1,0,0,0,0,0,0
YJ9RN6WDX_2107-4080-2619-4592,0,0,1,0,0,0,0,0,0
YJ9RN6WDX_2568-699-3080-1211,0,0,1,0,0,0,0,0,0
YJ9RN6WDX_2520-1147-3032-1659,0,0,1,0,0,0,0,0,0
YJ9RN6WDX_3032-1147-3544-1659,0,0,1,0,0,0,0,0,0
YJ9RN6WDX_2235-3322-2747-3834,0,0,1,0,0,0,0,0,0
YJ9RN6WDX_3032-2171-3544-2683,0,0,1,0,0,0,0,0,0
YJ9RN6WDX_3032-1659-3544-2171,0,0,1,0,0,0,0,0,0
YJ9RN6WDX_3382-4094-3894-4606,0,0,1,0,0,0,0,0,0
YJ9RN6WDX_3265-2318-3777-2830,0,0,1,0,0,0,0,0,0
YJ9RN6WDX_3544-1147-4056-1659,0,0,1,0,0,0,0,0,0
YJ9RN6WDX_3544-1659-4056-2171,0,0,1,0,0,0,0,0,0
YJ9RN6WDX_3373-2918-3885-3430,0,0,1,0,0,0,0,0,0
YJ9RN6WDX_3544-2171-4056-2683,0,0,1,0,0,0,0,0,0
YJ9RN6WDX_3831-3657-4343-4169,0,0,1,0,0,0,0,0,0
YJ9RN6WDX_4056-2171-4568-2683,0,0,1,0,0,0,0,0,0
YJ9RN6WDX_4056-1147-4568-1659,0,0,1,0,0,0,0,0,0
YJ9RN6WDX_3885-2406-4397-2918,0,0,1,0,0,0,0,0,0
YJ9RN6WDX_3885-2918-4397-3430,0,0,1,0,0,0,0,0,0
YJ9RN6WDX_3889-4007-4401-4519,0,0,1,0,0,0,0,0,0
YJ9RN6WDX_4154-3050-4666-3562,0,0,1,0,0,0,0,0,0
YJ9RN6WDX_4126-4247-4638-4759,0,0,1,0,0,0,0,0,0
YJ9RN6WDX_4299-782-4811-1294,0,0,1,0,0,0,0,0,0
YJ9RN6WDX_4056-1659-4568-2171,0,0,1,0,0,0,0,0,0
YJ9RN6WDX_4397-2406-4909-2918,0,0,1,0,0,0,0,0,0
YJ9RN6WDX_4343-3657-4855-4169,0,0,1,0,0,0,0,0,0
YJ9RN6WDX_642-1253-1154-1765,0,0,1,0,0,0,0,0,0
YJ9RN6WDX_4397-2918-4909-3430,0,0,1,0,0,0,0,0,0
YJ9RN6WDX_4500-3320-5012-3832,0,0,1,0,0,0,0,0,0
YJ9RN6WDX_736-789-1248-1301,0,0,1,0,0,0,0,0,0
YJ9RN6WDX_4414-1193-4926-1705,0,0,1,0,0,0,0,0,0
YJ9RN6WDX_740-2276-1252-2788,0,0,1,0,0,0,0,0,0
YJ9RN6WDX_840-4246-1352-4758,0,0,1,0,0,0,0,0,0
YJ9RN6WDX_998-3160-1510-3672,0,0,1,0,0,0,0,0,0
YJBWHM9D1_3795-7582-4307-8094,0,0,0,0,0,0,1,0,0
YJ9RN6WDX_861-1882-1373-2394,0,0,1,0,0,0,0,0,0
YJ9RN6WDX_845-528-1357-1040,0,0,1,0,0,0,0,0,0
YJ9RN6WDX_998-3672-1510-4184,0,0,1,0,0,0,0,0,0
YJ9RN6WDX_968-2514-1480-3026,0,0,1,0,0,0,0,0,0
YJBWHM9D1_4307-7582-4819-8094,0,0,0,0,0,0,1,0,0
YJBWHM9D1_4819-7582-5331-8094,0,0,0,0,0,0,1,0,0
YJBWHM9D1_5331-7582-5843-8094,0,0,0,0,0,0,1,0,0
YJBWHM9D1_6355-8094-6867-8606,0,0,0,0,0,0,1,0,0
YJBWHM9D1_5843-7582-6355-8094,0,0,0,0,0,0,1,0,0
YJBWHM9D1_6355-7582-6867-8094,0,0,0,0,0,0,1,0,0
YJBWHM9D1_5843-8094-6355-8606,0,0,0,0,0,0,1,0,0
YJBWHM9D1_6867-8606-7379-9118,0,0,0,0,0,0,1,0,0
YJBWHM9D1_7379-8606-7891-9118,0,0,0,0,0,0,1,0,0
YJBWHM9D1_6867-8094-7379-8606,0,0,0,0,0,0,1,0,0
YJH1KGFPR_19469-10117-19981-10629,0,0,0,0,0,0,1,0,0
YJH1KGFPR_19469-10629-19981-11141,0,0,0,0,0,0,1,0,0
YJH1KGFPR_19469-6533-19981-7045,0,0,0,0,0,0,1,0,0
YJH1KGFPR_19469-7045-19981-7557,0,0,0,0,0,0,1,0,0
YJH1KGFPR_19469-6021-19981-6533,0,0,0,0,0,0,1,0,0
YJH1KGFPR_19469-5509-19981-6021,0,0,0,0,0,0,1,0,0
YJH1KGFPR_19469-7557-19981-8069,0,0,0,0,0,0,1,0,0
YJH1KGFPR_19469-8069-19981-8581,0,0,0,0,0,0,1,0,0
YJH1KGFPR_19469-4997-19981-5509,0,0,0,0,0,0,1,0,0
YJH1KGFPR_19469-8581-19981-9093,0,0,0,0,0,0,1,0,0
YKE9GUCA7_1313-9372-1825-9884,0,0,0,0,0,0,1,0,0
YKE9GUCA7_1024-20271-1536-20783,0,0,0,0,0,0,1,0,0
YJH1KGFPR_19469-9605-19981-10117,0,0,0,0,0,0,1,0,0
YKE9GUCA7_1295-15255-1807-15767,0,0,0,0,0,0,1,0,0
YJH1KGFPR_19469-9093-19981-9605,0,0,0,0,0,0,1,0,0
YKE9GUCA7_1459-21037-1971-21549,0,0,0,0,0,0,1,0,0
YKE9GUCA7_1536-20271-2048-20783,0,0,0,0,0,0,1,0,0
YKE9GUCA7_1807-15255-2319-15767,0,0,0,0,0,0,1,0,0
YKE9GUCA7_1825-9372-2337-9884,0,0,0,0,0,0,1,0,0
YKE9GUCA7_1825-8860-2337-9372,0,0,0,0,0,0,1,0,0
YKE9GUCA7_2167-9792-2679-10304,0,0,0,0,0,0,1,0,0
YKE9GUCA7_2048-20271-2560-20783,0,0,0,0,0,0,1,0,0
YKE9GUCA7_2337-8860-2849-9372,0,0,0,0,0,0,1,0,0
YKE9GUCA7_2175-7842-2687-8354,0,0,0,0,0,0,1,0,0
YKE9GUCA7_2026-7661-2538-8173,0,0,0,0,0,0,1,0,0
YKE9GUCA7_1971-21037-2483-21549,0,0,0,0,0,0,1,0,0
YKE9GUCA7_2679-10304-3191-10816,0,0,0,0,0,0,1,0,0
YKE9GUCA7_2327-17659-2839-18171,0,0,0,0,0,0,1,0,0
YKE9GUCA7_2700-17448-3212-17960,0,0,0,0,0,0,1,0,0
YKE9GUCA7_2995-8097-3507-8609,0,0,0,0,0,0,1,0,0
YKE9GUCA7_2849-8348-3361-8860,0,0,0,0,0,0,1,0,0
YKE9GUCA7_3209-9275-3721-9787,0,0,0,0,0,0,1,0,0
YKE9GUCA7_2849-9372-3361-9884,0,0,0,0,0,0,1,0,0
YKE9GUCA7_3209-9787-3721-10299,0,0,0,0,0,0,1,0,0
YKE9GUCA7_3479-8607-3991-9119,0,0,0,0,0,0,1,0,0
YKE9GUCA7_3212-17448-3724-17960,0,0,0,0,0,0,1,0,0
YKE9GUCA7_3507-7073-4019-7585,0,0,0,0,0,0,1,0,0
YKE9GUCA7_3507-7585-4019-8097,0,0,0,0,0,0,1,0,0
YKE9GUCA7_4019-7073-4531-7585,0,0,0,0,0,0,1,0,0
YKE9GUCA7_3819-21795-4331-22307,0,0,0,0,0,0,1,0,0
YKE9GUCA7_4019-6561-4531-7073,0,0,0,0,0,0,1,0,0
YKE9GUCA7_3507-8097-4019-8609,0,0,0,0,0,0,1,0,0
YKE9GUCA7_3721-9787-4233-10299,0,0,0,0,0,0,1,0,0
YKE9GUCA7_3991-8607-4503-9119,0,0,0,0,0,0,1,0,0
YKE9GUCA7_3579-5754-4091-6266,0,0,0,0,0,0,1,0,0
YKE9GUCA7_3819-21283-4331-21795,0,0,0,0,0,0,1,0,0
YKE9GUCA7_4331-20771-4843-21283,0,0,0,0,0,0,1,0,0
YKE9GUCA7_4091-6266-4603-6778,0,0,0,0,0,0,1,0,0
YKE9GUCA7_4331-19747-4843-20259,0,0,0,0,0,0,1,0,0
YKE9GUCA7_4091-5754-4603-6266,0,0,0,0,0,0,1,0,0
YKE9GUCA7_4331-20259-4843-20771,0,0,0,0,0,0,1,0,0
YKE9GUCA7_4503-9119-5015-9631,0,0,0,0,0,0,1,0,0
YKE9GUCA7_4331-21283-4843-21795,0,0,0,0,0,0,1,0,0
YKE9GUCA7_4531-6561-5043-7073,0,0,0,0,0,0,1,0,0
YKE9GUCA7_4603-6266-5115-6778,0,0,0,0,0,0,1,0,0
YKE9GUCA7_5015-9119-5527-9631,0,0,0,0,0,0,1,0,0
YKTVCVK7K_2488-3237-3000-3749,0,0,0,0,0,0,0,0,1
YKTVCVK7K_3925-1091-4437-1603,0,0,0,0,0,1,0,0,0
YKTVCVK7K_3858-668-4370-1180,0,0,0,0,0,1,0,0,0
YKTVCVK7K_1425-5181-1937-5693,0,0,0,0,0,0,0,0,1
YKE9GUCA7_5527-9119-6039-9631,0,0,0,0,0,0,1,0,0
YKE9GUCA7_783-15255-1295-15767,0,0,0,0,0,0,1,0,0
YKTVCVK7K_1612-4962-2124-5474,0,0,0,0,0,0,0,0,1
YKE9GUCA7_947-21037-1459-21549,0,0,0,0,0,0,1,0,0
YKUR7PQ3Z_1328-6098-1840-6610,0,0,0,0,1,0,0,0,0
YKTVCVK7K_4023-424-4535-936,0,0,0,0,0,1,0,0,0
YKUR7PQ3Z_1056-6584-1568-7096,0,0,0,0,1,0,0,0,0
YKTVCVK7K_5005-1206-5517-1718,0,0,0,0,0,1,0,0,0
YKUR7PQ3Z_1065-559-1577-1071,0,0,0,0,1,0,0,0,0
YKUR7PQ3Z_1736-4743-2248-5255,0,0,0,0,1,0,0,0,0
YKUR7PQ3Z_1331-5297-1843-5809,0,0,0,0,1,0,0,0,0
YKUR7PQ3Z_1569-515-2081-1027,0,0,0,0,1,0,0,0,0
YKUR7PQ3Z_3587-1164-4099-1676,0,0,0,0,1,0,0,0,0
YKUR7PQ3Z_1973-514-2485-1026,0,0,0,0,1,0,0,0,0
YKUR7PQ3Z_2954-3525-3466-4037,0,0,0,0,1,0,0,0,0
YKUR7PQ3Z_2150-4582-2662-5094,0,0,0,0,1,0,0,0,0
YKUR7PQ3Z_2379-505-2891-1017,0,0,0,0,1,0,0,0,0
YKUR7PQ3Z_3366-3850-3878-4362,0,0,0,0,1,0,0,0,0
YKUR7PQ3Z_3829-3712-4341-4224,0,0,0,0,1,0,0,0,0
YKUR7PQ3Z_3115-530-3627-1042,0,0,0,0,1,0,0,0,0
YKUR7PQ3Z_3604-4268-4116-4780,0,0,0,0,1,0,0,0,0
YKUR7PQ3Z_2564-4950-3076-5462,0,0,0,0,1,0,0,0,0
YMNJI1ZPQ_1410-1223-1922-1735,0,1,0,0,0,0,0,0,0
YMNJI1ZPQ_1791-934-2303-1446,0,1,0,0,0,0,0,0,0
YMNJI1ZPQ_2113-908-2625-1420,0,1,0,0,0,0,0,0,0
YKUR7PQ3Z_3979-4371-4491-4883,0,0,0,0,1,0,0,0,0
YMNJI1ZPQ_1740-668-2252-1180,0,1,0,0,0,0,0,0,0
YMNJI1ZPQ_3279-3024-3791-3536,0,0,0,0,0,0,0,0,1
YMNJI1ZPQ_2908-3028-3420-3540,0,0,0,0,0,0,0,0,1
YMNJI1ZPQ_3340-1093-3852-1605,0,0,0,0,0,0,0,0,1
YMRGX4TDE_7063-2579-7575-3091,0,0,1,0,0,0,0,0,0
YMNJI1ZPQ_761-1536-1273-2048,0,1,0,0,0,0,0,0,0
YMNJI1ZPQ_761-1024-1273-1536,0,1,0,0,0,0,0,0,0
YPDXC2NKK_10341-3267-10853-3779,0,1,0,0,0,0,0,0,0
YPDXC2NKK_10341-3779-10853-4291,0,1,0,0,0,0,0,0,0
YPDXC2NKK_10399-2002-10911-2514,0,1,0,0,0,0,0,0,0
YPDXC2NKK_10399-1490-10911-2002,0,1,0,0,0,0,0,0,0
YPDXC2NKK_10341-4291-10853-4803,0,1,0,0,0,0,0,0,0
YPDXC2NKK_10399-978-10911-1490,0,1,0,0,0,0,0,0,0
YPDXC2NKK_10399-466-10911-978,0,1,0,0,0,0,0,0,0
YPDXC2NKK_1212-1653-1724-2165,0,1,0,0,0,0,0,0,0
YPDXC2NKK_1212-2677-1724-3189,0,1,0,0,0,0,0,0,0
YPDXC2NKK_1212-3189-1724-3701,0,1,0,0,0,0,0,0,0
YPDXC2NKK_1212-2165-1724-2677,0,1,0,0,0,0,0,0,0
YPDXC2NKK_1246-3576-1758-4088,0,1,0,0,0,0,0,0,0
YPDXC2NKK_1246-4088-1758-4600,0,1,0,0,0,0,0,0,0
YPDXC2NKK_1260-8417-1772-8929,0,1,0,0,0,0,0,0,0
YPDXC2NKK_1293-7214-1805-7726,0,1,0,0,0,0,0,0,0
YPDXC2NKK_1293-7726-1805-8238,0,1,0,0,0,0,0,0,0
YPDXC2NKK_1724-1653-2236-2165,0,1,0,0,0,0,0,0,0
YPDXC2NKK_1293-6702-1805-7214,0,1,0,0,0,0,0,0,0
YPDXC2NKK_1627-6511-2139-7023,0,1,0,0,0,0,0,0,0
YPDXC2NKK_1724-2165-2236-2677,0,1,0,0,0,0,0,0,0
YPDXC2NKK_1758-3576-2270-4088,0,1,0,0,0,0,0,0,0
YPDXC2NKK_1724-2677-2236-3189,0,1,0,0,0,0,0,0,0
YPDXC2NKK_1805-6702-2317-7214,0,1,0,0,0,0,0,0,0
YPDXC2NKK_1758-4088-2270-4600,0,1,0,0,0,0,0,0,0
YPDXC2NKK_1805-7214-2317-7726,0,1,0,0,0,0,0,0,0
YPDXC2NKK_1856-6136-2368-6648,0,1,0,0,0,0,0,0,0
YPDXC2NKK_1805-8238-2317-8750,0,1,0,0,0,0,0,0,0
YPDXC2NKK_1856-5624-2368-6136,0,1,0,0,0,0,0,0,0
YPDXC2NKK_2139-6511-2651-7023,0,1,0,0,0,0,0,0,0
YPDXC2NKK_2260-3690-2772-4202,0,1,0,0,0,0,0,0,0
YPDXC2NKK_2317-6702-2829-7214,0,1,0,0,0,0,0,0,0
YPDXC2NKK_2139-7023-2651-7535,0,1,0,0,0,0,0,0,0
YPDXC2NKK_2317-7214-2829-7726,0,1,0,0,0,0,0,0,0
YPDXC2NKK_2317-8238-2829-8750,0,1,0,0,0,0,0,0,0
YPDXC2NKK_2370-1170-2882-1682,0,1,0,0,0,0,0,0,0
YPDXC2NKK_2651-6511-3163-7023,0,1,0,0,0,0,0,0,0
YPDXC2NKK_2368-5624-2880-6136,0,1,0,0,0,0,0,0,0
YPDXC2NKK_2368-6136-2880-6648,0,1,0,0,0,0,0,0,0
YPDXC2NKK_2729-1675-3241-2187,0,1,0,0,0,0,0,0,0
YPDXC2NKK_2686-5319-3198-5831,0,1,0,0,0,0,0,0,0
YPDXC2NKK_2686-4807-3198-5319,0,1,0,0,0,0,0,0,0
YPDXC2NKK_2651-7023-3163-7535,0,1,0,0,0,0,0,0,0
YPDXC2NKK_2829-6702-3341-7214,0,1,0,0,0,0,0,0,0
YPDXC2NKK_2729-2187-3241-2699,0,1,0,0,0,0,0,0,0
YPDXC2NKK_2772-3690-3284-4202,0,1,0,0,0,0,0,0,0
YPDXC2NKK_2796-8417-3308-8929,0,1,0,0,0,0,0,0,0
YPDXC2NKK_2829-7214-3341-7726,0,1,0,0,0,0,0,0,0
YPDXC2NKK_2882-658-3394-1170,0,1,0,0,0,0,0,0,0
YPDXC2NKK_2829-7726-3341-8238,0,1,0,0,0,0,0,0,0
YPDXC2NKK_2882-1170-3394-1682,0,1,0,0,0,0,0,0,0
YPDXC2NKK_3163-7023-3675-7535,0,1,0,0,0,0,0,0,0
YPDXC2NKK_3163-6511-3675-7023,0,1,0,0,0,0,0,0,0
YPDXC2NKK_3198-4807-3710-5319,0,1,0,0,0,0,0,0,0
YPDXC2NKK_3198-4295-3710-4807,0,1,0,0,0,0,0,0,0
YPDXC2NKK_3241-1675-3753-2187,0,1,0,0,0,0,0,0,0
YPDXC2NKK_3198-5319-3710-5831,0,1,0,0,0,0,0,0,0
YPDXC2NKK_3284-3690-3796-4202,0,1,0,0,0,0,0,0,0
YPDXC2NKK_3308-8417-3820-8929,0,1,0,0,0,0,0,0,0
YPDXC2NKK_3241-2187-3753-2699,0,1,0,0,0,0,0,0,0
YPDXC2NKK_3341-6702-3853-7214,0,1,0,0,0,0,0,0,0
YPDXC2NKK_3341-7214-3853-7726,0,1,0,0,0,0,0,0,0
YPDXC2NKK_3341-7726-3853-8238,0,1,0,0,0,0,0,0,0
YPDXC2NKK_3394-658-3906-1170,0,1,0,0,0,0,0,0,0
YPDXC2NKK_3394-1170-3906-1682,0,1,0,0,0,0,0,0,0
YPDXC2NKK_3675-7023-4187-7535,0,1,0,0,0,0,0,0,0
YPDXC2NKK_3482-3384-3994-3896,0,1,0,0,0,0,0,0,0
YPDXC2NKK_3675-6511-4187-7023,0,1,0,0,0,0,0,0,0
YPDXC2NKK_3710-4807-4222-5319,0,1,0,0,0,0,0,0,0
YPDXC2NKK_3710-4295-4222-4807,0,1,0,0,0,0,0,0,0
YPDXC2NKK_3710-5319-4222-5831,0,1,0,0,0,0,0,0,0
YPDXC2NKK_3820-8417-4332-8929,0,1,0,0,0,0,0,0,0
YPDXC2NKK_3753-1675-4265-2187,0,1,0,0,0,0,0,0,0
YPDXC2NKK_3796-3690-4308-4202,0,1,0,0,0,0,0,0,0
YPDXC2NKK_3853-7726-4365-8238,0,1,0,0,0,0,0,0,0
YPDXC2NKK_3753-2187-4265-2699,0,1,0,0,0,0,0,0,0
YPDXC2NKK_3853-7214-4365-7726,0,1,0,0,0,0,0,0,0
YPDXC2NKK_3906-1170-4418-1682,0,1,0,0,0,0,0,0,0
YPDXC2NKK_3906-658-4418-1170,0,1,0,0,0,0,0,0,0
YPDXC2NKK_3945-5780-4457-6292,0,1,0,0,0,0,0,0,0
YPDXC2NKK_3945-6804-4457-7316,0,1,0,0,0,0,0,0,0
YPDXC2NKK_3972-2689-4484-3201,0,1,0,0,0,0,0,0,0
YPDXC2NKK_3945-6292-4457-6804,0,1,0,0,0,0,0,0,0
YPDXC2NKK_4187-6511-4699-7023,0,1,0,0,0,0,0,0,0
YPDXC2NKK_4187-7023-4699-7535,0,1,0,0,0,0,0,0,0
YPDXC2NKK_3972-3201-4484-3713,0,1,0,0,0,0,0,0,0
YPDXC2NKK_4222-4295-4734-4807,0,1,0,0,0,0,0,0,0
YPDXC2NKK_4265-1675-4777-2187,0,1,0,0,0,0,0,0,0
YPDXC2NKK_4332-8417-4844-8929,0,1,0,0,0,0,0,0,0
YPDXC2NKK_4365-6702-4877-7214,0,1,0,0,0,0,0,0,0
YPDXC2NKK_4418-1170-4930-1682,0,1,0,0,0,0,0,0,0
YPDXC2NKK_4265-2187-4777-2699,0,1,0,0,0,0,0,0,0
YPDXC2NKK_4365-7214-4877-7726,0,1,0,0,0,0,0,0,0
YPDXC2NKK_4265-2699-4777-3211,0,1,0,0,0,0,0,0,0
YPDXC2NKK_4365-7726-4877-8238,0,1,0,0,0,0,0,0,0
YPDXC2NKK_4308-3690-4820-4202,0,1,0,0,0,0,0,0,0
YPDXC2NKK_4456-3929-4968-4441,0,1,0,0,0,0,0,0,0
YPDXC2NKK_4457-5268-4969-5780,0,1,0,0,0,0,0,0,0
YPDXC2NKK_4418-658-4930-1170,0,1,0,0,0,0,0,0,0
YPDXC2NKK_4457-5780-4969-6292,0,1,0,0,0,0,0,0,0
YPDXC2NKK_4484-3201-4996-3713,0,1,0,0,0,0,0,0,0
YPDXC2NKK_4777-1675-5289-2187,0,1,0,0,0,0,0,0,0
YPDXC2NKK_4763-3469-5275-3981,0,1,0,0,0,0,0,0,0
YPDXC2NKK_4777-2187-5289-2699,0,1,0,0,0,0,0,0,0
YPDXC2NKK_4558-7518-5070-8030,0,1,0,0,0,0,0,0,0
YPDXC2NKK_4969-6804-5481-7316,0,1,0,0,0,0,0,0,0
YPDXC2NKK_4969-6292-5481-6804,0,1,0,0,0,0,0,0,0
YPDXC2NKK_4844-8417-5356-8929,0,1,0,0,0,0,0,0,0
YPDXC2NKK_4969-5268-5481-5780,0,1,0,0,0,0,0,0,0
YPDXC2NKK_4968-3929-5480-4441,0,1,0,0,0,0,0,0,0
YPDXC2NKK_4996-3201-5508-3713,0,1,0,0,0,0,0,0,0
YPDXC2NKK_4969-5780-5481-6292,0,1,0,0,0,0,0,0,0
YPDXC2NKK_4930-658-5442-1170,0,1,0,0,0,0,0,0,0
YPDXC2NKK_4996-2689-5508-3201,0,1,0,0,0,0,0,0,0
YPDXC2NKK_5289-1675-5801-2187,0,1,0,0,0,0,0,0,0
YPDXC2NKK_5275-3469-5787-3981,0,1,0,0,0,0,0,0,0
YPDXC2NKK_5070-7518-5582-8030,0,1,0,0,0,0,0,0,0
YPDXC2NKK_5289-2187-5801-2699,0,1,0,0,0,0,0,0,0
YPDXC2NKK_5289-2699-5801-3211,0,1,0,0,0,0,0,0,0
YPDXC2NKK_5442-1170-5954-1682,0,1,0,0,0,0,0,0,0
YPDXC2NKK_5442-658-5954-1170,0,1,0,0,0,0,0,0,0
YPDXC2NKK_5455-3687-5967-4199,0,1,0,0,0,0,0,0,0
YPDXC2NKK_5455-4199-5967-4711,0,1,0,0,0,0,0,0,0
YPDXC2NKK_5481-6292-5993-6804,0,1,0,0,0,0,0,0,0
YPDXC2NKK_5481-5268-5993-5780,0,1,0,0,0,0,0,0,0
YPDXC2NKK_5766-2190-6278-2702,0,1,0,0,0,0,0,0,0
YPDXC2NKK_5533-7394-6045-7906,0,1,0,0,0,0,0,0,0
YPDXC2NKK_5533-8418-6045-8930,0,1,0,0,0,0,0,0,0
YPDXC2NKK_5481-6804-5993-7316,0,1,0,0,0,0,0,0,0
YPDXC2NKK_5533-7906-6045-8418,0,1,0,0,0,0,0,0,0
YPDXC2NKK_5793-3504-6305-4016,0,1,0,0,0,0,0,0,0
YPDXC2NKK_5793-2992-6305-3504,0,1,0,0,0,0,0,0,0
YPDXC2NKK_5801-2699-6313-3211,0,1,0,0,0,0,0,0,0
YPDXC2NKK_5801-1675-6313-2187,0,1,0,0,0,0,0,0,0
YPDXC2NKK_5793-4016-6305-4528,0,1,0,0,0,0,0,0,0
YPDXC2NKK_5940-7183-6452-7695,0,1,0,0,0,0,0,0,0
YPDXC2NKK_5954-1170-6466-1682,0,1,0,0,0,0,0,0,0
YPDXC2NKK_6045-7906-6557-8418,0,1,0,0,0,0,0,0,0
YPDXC2NKK_5967-3687-6479-4199,0,1,0,0,0,0,0,0,0
YPDXC2NKK_5967-4199-6479-4711,0,1,0,0,0,0,0,0,0
YPDXC2NKK_6045-8418-6557-8930,0,1,0,0,0,0,0,0,0
YPDXC2NKK_6236-6698-6748-7210,0,1,0,0,0,0,0,0,0
YPDXC2NKK_6305-4016-6817-4528,0,1,0,0,0,0,0,0,0
YPDXC2NKK_6278-1166-6790-1678,0,1,0,0,0,0,0,0,0
YPDXC2NKK_6278-1678-6790-2190,0,1,0,0,0,0,0,0,0
YPDXC2NKK_6313-2699-6825-3211,0,1,0,0,0,0,0,0,0
YPDXC2NKK_6305-3504-6817-4016,0,1,0,0,0,0,0,0,0
YPDXC2NKK_6305-2992-6817-3504,0,1,0,0,0,0,0,0,0
YPDXC2NKK_6313-2187-6825-2699,0,1,0,0,0,0,0,0,0
YPDXC2NKK_6557-7394-7069-7906,0,1,0,0,0,0,0,0,0
YPDXC2NKK_6790-1678-7302-2190,0,1,0,0,0,0,0,0,0
YPDXC2NKK_6557-7906-7069-8418,0,1,0,0,0,0,0,0,0
YPDXC2NKK_6790-2190-7302-2702,0,1,0,0,0,0,0,0,0
YPDXC2NKK_6817-3504-7329-4016,0,1,0,0,0,0,0,0,0
YPDXC2NKK_6817-4016-7329-4528,0,1,0,0,0,0,0,0,0
YPDXC2NKK_700-2165-1212-2677,0,1,0,0,0,0,0,0,0
YPDXC2NKK_700-1653-1212-2165,0,1,0,0,0,0,0,0,0
YPDXC2NKK_6947-2591-7459-3103,0,1,0,0,0,0,0,0,0
YPDXC2NKK_700-3189-1212-3701,0,1,0,0,0,0,0,0,0
YPDXC2NKK_7157-1837-7669-2349,0,1,0,0,0,0,0,0,0
YPDXC2NKK_734-3576-1246-4088,0,1,0,0,0,0,0,0,0
YPDXC2NKK_734-4088-1246-4600,0,1,0,0,0,0,0,0,0
YPDXC2NKK_7302-2190-7814-2702,0,1,0,0,0,0,0,0,0
YPDXC2NKK_700-2677-1212-3189,0,1,0,0,0,0,0,0,0
YPDXC2NKK_734-4600-1246-5112,0,1,0,0,0,0,0,0,0
YPDXC2NKK_7302-1166-7814-1678,0,1,0,0,0,0,0,0,0
YPDXC2NKK_7302-654-7814-1166,0,1,0,0,0,0,0,0,0
YPDXC2NKK_7669-1837-8181-2349,0,1,0,0,0,0,0,0,0
YPDXC2NKK_781-7214-1293-7726,0,1,0,0,0,0,0,0,0
YPDXC2NKK_781-8238-1293-8750,0,1,0,0,0,0,0,0,0
YPDXC2NKK_781-7726-1293-8238,0,1,0,0,0,0,0,0,0
YPDXC2NKK_7814-1166-8326-1678,0,1,0,0,0,0,0,0,0
YPDXC2NKK_8181-1837-8693-2349,0,1,0,0,0,0,0,0,0
YPDXC2NKK_7814-2190-8326-2702,0,1,0,0,0,0,0,0,0
YPDXC2NKK_7814-654-8326-1166,0,1,0,0,0,0,0,0,0
YPDXC2NKK_8181-2349-8693-2861,0,1,0,0,0,0,0,0,0
YPDXC2NKK_832-771-1344-1283,0,1,0,0,0,0,0,0,0
YPDXC2NKK_8351-978-8863-1490,0,1,0,0,0,0,0,0,0
YPDXC2NKK_8351-2002-8863-2514,0,1,0,0,0,0,0,0,0
YPDXC2NKK_832-1283-1344-1795,0,1,0,0,0,0,0,0,0
YPDXC2NKK_8693-1837-9205-2349,0,1,0,0,0,0,0,0,0
YPDXC2NKK_8351-466-8863-978,0,1,0,0,0,0,0,0,0
YPDXC2NKK_8863-466-9375-978,0,1,0,0,0,0,0,0,0
YPDXC2NKK_8693-2349-9205-2861,0,1,0,0,0,0,0,0,0
YPDXC2NKK_8863-2002-9375-2514,0,1,0,0,0,0,0,0,0
YPDXC2NKK_8863-978-9375-1490,0,1,0,0,0,0,0,0,0
YPDXC2NKK_9019-4038-9531-4550,0,1,0,0,0,0,0,0,0
YPDXC2NKK_9019-3526-9531-4038,0,1,0,0,0,0,0,0,0
YPDXC2NKK_9375-2002-9887-2514,0,1,0,0,0,0,0,0,0
YPDXC2NKK_9205-1837-9717-2349,0,1,0,0,0,0,0,0,0
YPDXC2NKK_9317-3267-9829-3779,0,1,0,0,0,0,0,0,0
YPDXC2NKK_9205-2349-9717-2861,0,1,0,0,0,0,0,0,0
YPDXC2NKK_9317-3779-9829-4291,0,1,0,0,0,0,0,0,0
YPDXC2NKK_9887-1490-10399-2002,0,1,0,0,0,0,0,0,0
YPDXC2NKK_9887-2002-10399-2514,0,1,0,0,0,0,0,0,0
YPDXC2NKK_9375-978-9887-1490,0,1,0,0,0,0,0,0,0
YPDXC2NKK_9887-466-10399-978,0,1,0,0,0,0,0,0,0
YPDXC2NKK_9829-3267-10341-3779,0,1,0,0,0,0,0,0,0
YPDXC2NKK_9375-466-9887-978,0,1,0,0,0,0,0,0,0
YPDXUH8BX_1386-4395-1898-4907,0,0,0,0,0,0,1,0,0
YPDXC2NKK_9829-4291-10341-4803,0,1,0,0,0,0,0,0,0
YPDXUH8BX_4870-4409-5382-4921,0,0,0,0,0,0,1,0,0
YPDXC2NKK_9887-978-10399-1490,0,1,0,0,0,0,0,0,0
YPDXUH8BX_5040-3833-5552-4345,0,0,0,0,0,0,1,0,0
YPDXUH8BX_5552-2809-6064-3321,0,0,0,0,0,0,1,0,0
YPDXUH8BX_5552-3321-6064-3833,0,0,0,0,0,0,1,0,0
YPDXUH8BX_6064-2809-6576-3321,0,0,0,0,0,0,1,0,0
YPDXUH8BX_6052-2080-6564-2592,0,0,0,0,0,0,1,0,0
YPDXUH8BX_6052-1568-6564-2080,0,0,0,0,0,0,1,0,0
YPDXUH8BX_6052-1056-6564-1568,0,0,0,0,0,0,1,0,0
YPDXUH8BX_6052-544-6564-1056,0,0,0,0,0,0,1,0,0
YPDXUH8BX_6736-1484-7248-1996,0,0,0,0,0,0,1,0,0
YQ2ARPZ22_1473-4239-1985-4751,0,0,0,1,0,0,0,0,0
YPDXUH8BX_6356-1840-6868-2352,0,0,0,0,0,0,1,0,0
YPDXUH8BX_7248-972-7760-1484,0,0,0,0,0,0,1,0,0
YQ2ARPZ22_4561-5182-5073-5694,0,0,0,1,0,0,0,0,0
YQ2ARPZ22_4049-6206-4561-6718,0,0,0,1,0,0,0,0,0
YQ2ARPZ22_4049-6718-4561-7230,0,0,0,1,0,0,0,0,0
YQ2ARPZ22_4049-7230-4561-7742,0,0,0,1,0,0,0,0,0
YQ2ARPZ22_4422-7092-4934-7604,0,0,0,1,0,0,0,0,0
YQ2ARPZ22_4561-5694-5073-6206,0,0,0,1,0,0,0,0,0
YQ2ARPZ22_4561-6206-5073-6718,0,0,0,1,0,0,0,0,0
YQ2ARPZ22_961-4239-1473-4751,0,0,0,1,0,0,0,0,0
YQ2ARPZ22_4561-6718-5073-7230,0,0,0,1,0,0,0,0,0
YQBU99WIZ_3020-1788-3532-2300,0,0,0,0,0,0,1,0,0
YQBU99WIZ_2861-2026-3373-2538,0,0,0,0,0,0,1,0,0
YQBU99WIZ_1361-1713-1873-2225,0,0,0,0,0,0,1,0,0
YQBU99WIZ_1873-1713-2385-2225,0,0,0,0,0,0,1,0,0
YQBU99WIZ_2385-1713-2897-2225,0,0,0,0,0,0,1,0,0
YRX3FTTXB_10170-11309-10682-11821,1,0,0,0,0,0,0,0,0
YRX3FTTXB_10060-13574-10572-14086,1,0,0,0,0,0,0,0,0
YRX3FTTXB_10060-13062-10572-13574,1,0,0,0,0,0,0,0,0
YRX3FTTXB_10060-14086-10572-14598,1,0,0,0,0,0,0,0,0
YQBU99WIZ_906-1605-1418-2117,0,0,0,0,0,0,1,0,0
YRX3FTTXB_10060-14598-10572-15110,1,0,0,0,0,0,0,0,0
YRX3FTTXB_10170-14381-10682-14893,1,0,0,0,0,0,0,0,0
YRX3FTTXB_10170-11821-10682-12333,1,0,0,0,0,0,0,0,0
YRX3FTTXB_10170-13357-10682-13869,1,0,0,0,0,0,0,0,0
YRX3FTTXB_10170-13869-10682-14381,1,0,0,0,0,0,0,0,0
YRX3FTTXB_10170-14893-10682-15405,1,0,0,0,0,0,0,0,0
YRX3FTTXB_10170-9261-10682-9773,1,0,0,0,0,0,0,0,0
YRX3FTTXB_10170-16941-10682-17453,1,0,0,0,0,0,0,0,0
YRX3FTTXB_10212-4966-10724-5478,1,0,0,0,0,0,0,0,0
YRX3FTTXB_1034-1701-1546-2213,1,0,0,0,0,0,0,0,0
YRX3FTTXB_10250-677-10762-1189,1,0,0,0,0,0,0,0,0
YRX3FTTXB_1034-677-1546-1189,1,0,0,0,0,0,0,0,0
YRX3FTTXB_1034-1189-1546-1701,1,0,0,0,0,0,0,0,0
YRX3FTTXB_10250-4261-10762-4773,1,0,0,0,0,0,0,0,0
YRX3FTTXB_10724-4966-11236-5478,1,0,0,0,0,0,0,0,0
YRX3FTTXB_10682-12333-11194-12845,1,0,0,0,0,0,0,0,0
YRX3FTTXB_10682-9261-11194-9773,1,0,0,0,0,0,0,0,0
YRX3FTTXB_10682-16941-11194-17453,1,0,0,0,0,0,0,0,0
YRX3FTTXB_10682-9773-11194-10285,1,0,0,0,0,0,0,0,0
YRX3FTTXB_10682-12845-11194-13357,1,0,0,0,0,0,0,0,0
YRX3FTTXB_1114-2161-1626-2673,1,0,0,0,0,0,0,0,0
YRX3FTTXB_10762-4261-11274-4773,1,0,0,0,0,0,0,0,0
YRX3FTTXB_10762-677-11274-1189,1,0,0,0,0,0,0,0,0
YRX3FTTXB_1114-3697-1626-4209,1,0,0,0,0,0,0,0,0
YRX3FTTXB_1114-2673-1626-3185,1,0,0,0,0,0,0,0,0
YRX3FTTXB_1114-3185-1626-3697,1,0,0,0,0,0,0,0,0
YRX3FTTXB_11194-10285-11706-10797,1,0,0,0,0,0,0,0,0
YRX3FTTXB_1114-4209-1626-4721,1,0,0,0,0,0,0,0,0
YRX3FTTXB_11194-10797-11706-11309,1,0,0,0,0,0,0,0,0
YRX3FTTXB_11194-13869-11706-14381,1,0,0,0,0,0,0,0,0
YRX3FTTXB_11194-13357-11706-13869,1,0,0,0,0,0,0,0,0
YRX3FTTXB_1114-4721-1626-5233,1,0,0,0,0,0,0,0,0
YRX3FTTXB_11194-15405-11706-15917,1,0,0,0,0,0,0,0,0
YRX3FTTXB_11194-14381-11706-14893,1,0,0,0,0,0,0,0,0
YRX3FTTXB_11194-11309-11706-11821,1,0,0,0,0,0,0,0,0
YRX3FTTXB_11194-7725-11706-8237,1,0,0,0,0,0,0,0,0
YRX3FTTXB_11194-14893-11706-15405,1,0,0,0,0,0,0,0,0
YRX3FTTXB_11194-15917-11706-16429,1,0,0,0,0,0,0,0,0
YRX3FTTXB_11194-8237-11706-8749,1,0,0,0,0,0,0,0,0
YRX3FTTXB_11194-16941-11706-17453,1,0,0,0,0,0,0,0,0
YRX3FTTXB_11194-8749-11706-9261,1,0,0,0,0,0,0,0,0
YRX3FTTXB_11194-9773-11706-10285,1,0,0,0,0,0,0,0,0
YRX3FTTXB_11236-7014-11748-7526,1,0,0,0,0,0,0,0,0
YRX3FTTXB_11194-9261-11706-9773,1,0,0,0,0,0,0,0,0
YRX3FTTXB_11274-2725-11786-3237,1,0,0,0,0,0,0,0,0
YRX3FTTXB_11274-1189-11786-1701,1,0,0,0,0,0,0,0,0
YRX3FTTXB_11274-4261-11786-4773,1,0,0,0,0,0,0,0,0
YRX3FTTXB_11274-2213-11786-2725,1,0,0,0,0,0,0,0,0
YRX3FTTXB_11274-1701-11786-2213,1,0,0,0,0,0,0,0,0
YRX3FTTXB_11274-3749-11786-4261,1,0,0,0,0,0,0,0,0
YRX3FTTXB_11274-677-11786-1189,1,0,0,0,0,0,0,0,0
YRX3FTTXB_11274-4773-11786-5285,1,0,0,0,0,0,0,0,0
YRX3FTTXB_11274-3237-11786-3749,1,0,0,0,0,0,0,0,0
YRX3FTTXB_11286-5170-11798-5682,1,0,0,0,0,0,0,0,0
YRX3FTTXB_11286-5682-11798-6194,1,0,0,0,0,0,0,0,0
YRX3FTTXB_11286-6706-11798-7218,1,0,0,0,0,0,0,0,0
YRX3FTTXB_11706-11309-12218-11821,1,0,0,0,0,0,0,0,0
YRX3FTTXB_11286-6194-11798-6706,1,0,0,0,0,0,0,0,0
YRX3FTTXB_11706-11821-12218-12333,1,0,0,0,0,0,0,0,0
YRX3FTTXB_11706-15917-12218-16429,1,0,0,0,0,0,0,0,0
YRX3FTTXB_11706-16941-12218-17453,1,0,0,0,0,0,0,0,0
YRX3FTTXB_11706-16429-12218-16941,1,0,0,0,0,0,0,0,0
YRX3FTTXB_1223-9103-1735-9615,1,0,0,0,0,0,0,0,0
YRX3FTTXB_11798-5682-12310-6194,1,0,0,0,0,0,0,0,0
YRX3FTTXB_11706-7213-12218-7725,1,0,0,0,0,0,0,0,0
YRX3FTTXB_1223-8079-1735-8591,1,0,0,0,0,0,0,0,0
YRX3FTTXB_1223-8591-1735-9103,1,0,0,0,0,0,0,0,0
YRX3FTTXB_11798-5170-12310-5682,1,0,0,0,0,0,0,0,0
YRX3FTTXB_11798-6194-12310-6706,1,0,0,0,0,0,0,0,0
YRX3FTTXB_11798-6706-12310-7218,1,0,0,0,0,0,0,0,0
YRX3FTTXB_1284-14680-1796-15192,1,0,0,0,0,0,0,0,0
YRX3FTTXB_1310-7360-1822-7872,1,0,0,0,0,0,0,0,0
YRX3FTTXB_1284-17752-1796-18264,1,0,0,0,0,0,0,0,0
YRX3FTTXB_1330-5073-1842-5585,1,0,0,0,0,0,0,0,0
YRX3FTTXB_1330-6609-1842-7121,1,0,0,0,0,0,0,0,0
YRX3FTTXB_1330-7633-1842-8145,1,0,0,0,0,0,0,0,0
YRX3FTTXB_1364-19430-1876-19942,1,0,0,0,0,0,0,0,0
YRX3FTTXB_1735-8079-2247-8591,1,0,0,0,0,0,0,0,0
YRX3FTTXB_1626-1137-2138-1649,1,0,0,0,0,0,0,0,0
YRX3FTTXB_1546-4773-2058-5285,1,0,0,0,0,0,0,0,0
YRX3FTTXB_1546-677-2058-1189,1,0,0,0,0,0,0,0,0
YRX3FTTXB_1822-5312-2334-5824,1,0,0,0,0,0,0,0,0
YRX3FTTXB_1796-17240-2308-17752,1,0,0,0,0,0,0,0,0
YRX3FTTXB_1735-8591-2247-9103,1,0,0,0,0,0,0,0,0
YRX3FTTXB_1842-6609-2354-7121,1,0,0,0,0,0,0,0,0
YRX3FTTXB_1796-14168-2308-14680,1,0,0,0,0,0,0,0,0
YRX3FTTXB_1842-7633-2354-8145,1,0,0,0,0,0,0,0,0
YRX3FTTXB_1876-16870-2388-17382,1,0,0,0,0,0,0,0,0
YRX3FTTXB_1735-9103-2247-9615,1,0,0,0,0,0,0,0,0
YRX3FTTXB_1803-19016-2315-19528,1,0,0,0,0,0,0,0,0
YRX3FTTXB_1876-17894-2388-18406,1,0,0,0,0,0,0,0,0
YRX3FTTXB_1876-19430-2388-19942,1,0,0,0,0,0,0,0,0
YRX3FTTXB_2058-4773-2570-5285,1,0,0,0,0,0,0,0,0
YRX3FTTXB_2058-677-2570-1189,1,0,0,0,0,0,0,0,0
YRX3FTTXB_2247-8591-2759-9103,1,0,0,0,0,0,0,0,0
YRX3FTTXB_2247-9103-2759-9615,1,0,0,0,0,0,0,0,0
YRX3FTTXB_2138-1137-2650-1649,1,0,0,0,0,0,0,0,0
YRX3FTTXB_2329-4646-2841-5158,1,0,0,0,0,0,0,0,0
YRX3FTTXB_2308-16216-2820-16728,1,0,0,0,0,0,0,0,0
YRX3FTTXB_2308-13656-2820-14168,1,0,0,0,0,0,0,0,0
YRX3FTTXB_2334-6336-2846-6848,1,0,0,0,0,0,0,0,0
YRX3FTTXB_2308-16728-2820-17240,1,0,0,0,0,0,0,0,0
YRX3FTTXB_2308-13144-2820-13656,1,0,0,0,0,0,0,0,0
YRX3FTTXB_2334-5312-2846-5824,1,0,0,0,0,0,0,0,0
YRX3FTTXB_2138-4209-2650-4721,1,0,0,0,0,0,0,0,0
YRX3FTTXB_2388-17894-2900-18406,1,0,0,0,0,0,0,0,0
YRX3FTTXB_2354-7633-2866-8145,1,0,0,0,0,0,0,0,0
YRX3FTTXB_2334-5824-2846-6336,1,0,0,0,0,0,0,0,0
YRX3FTTXB_2388-19430-2900-19942,1,0,0,0,0,0,0,0,0
YRX3FTTXB_2388-18918-2900-19430,1,0,0,0,0,0,0,0,0
YRX3FTTXB_2570-4261-3082-4773,1,0,0,0,0,0,0,0,0
YRX3FTTXB_2570-4773-3082-5285,1,0,0,0,0,0,0,0,0
YRX3FTTXB_2820-11608-3332-12120,1,0,0,0,0,0,0,0,0
YRX3FTTXB_2570-677-3082-1189,1,0,0,0,0,0,0,0,0
YRX3FTTXB_2650-1137-3162-1649,1,0,0,0,0,0,0,0,0
YRX3FTTXB_2820-15192-3332-15704,1,0,0,0,0,0,0,0,0
YRX3FTTXB_2820-15704-3332-16216,1,0,0,0,0,0,0,0,0
YRX3FTTXB_2820-16216-3332-16728,1,0,0,0,0,0,0,0,0
YRX3FTTXB_2846-7360-3358-7872,1,0,0,0,0,0,0,0,0
YRX3FTTXB_2846-5312-3358-5824,1,0,0,0,0,0,0,0,0
YRX3FTTXB_2820-12632-3332-13144,1,0,0,0,0,0,0,0,0
YRX3FTTXB_2820-12120-3332-12632,1,0,0,0,0,0,0,0,0
YRX3FTTXB_2841-4646-3353-5158,1,0,0,0,0,0,0,0,0
YRX3FTTXB_2866-5585-3378-6097,1,0,0,0,0,0,0,0,0
YRX3FTTXB_2866-6097-3378-6609,1,0,0,0,0,0,0,0,0
YRX3FTTXB_2866-7633-3378-8145,1,0,0,0,0,0,0,0,0
YRX3FTTXB_2900-17894-3412-18406,1,0,0,0,0,0,0,0,0
YRX3FTTXB_2900-18918-3412-19430,1,0,0,0,0,0,0,0,0
YRX3FTTXB_2900-19430-3412-19942,1,0,0,0,0,0,0,0,0
YRX3FTTXB_3032-10987-3544-11499,1,0,0,0,0,0,0,0,0
YRX3FTTXB_3339-19016-3851-19528,1,0,0,0,0,0,0,0,0
YRX3FTTXB_3082-677-3594-1189,1,0,0,0,0,0,0,0,0
YRX3FTTXB_3332-11608-3844-12120,1,0,0,0,0,0,0,0,0
YRX3FTTXB_3332-14680-3844-15192,1,0,0,0,0,0,0,0,0
YRX3FTTXB_3162-1137-3674-1649,1,0,0,0,0,0,0,0,0
YRX3FTTXB_3332-12120-3844-12632,1,0,0,0,0,0,0,0,0
YRX3FTTXB_3162-4721-3674-5233,1,0,0,0,0,0,0,0,0
YRX3FTTXB_3358-5312-3870-5824,1,0,0,0,0,0,0,0,0
YRX3FTTXB_3358-7360-3870-7872,1,0,0,0,0,0,0,0,0
YRX3FTTXB_3412-17894-3924-18406,1,0,0,0,0,0,0,0,0
YRX3FTTXB_3332-15192-3844-15704,1,0,0,0,0,0,0,0,0
YRX3FTTXB_3378-7633-3890-8145,1,0,0,0,0,0,0,0,0
YRX3FTTXB_3378-5585-3890-6097,1,0,0,0,0,0,0,0,0
YRX3FTTXB_3412-18406-3924-18918,1,0,0,0,0,0,0,0,0
YRX3FTTXB_3594-677-4106-1189,1,0,0,0,0,0,0,0,0
YRX3FTTXB_3674-1137-4186-1649,1,0,0,0,0,0,0,0,0
YRX3FTTXB_3674-4721-4186-5233,1,0,0,0,0,0,0,0,0
YRX3FTTXB_4106-677-4618-1189,1,0,0,0,0,0,0,0,0
YRX3FTTXB_3870-5312-4382-5824,1,0,0,0,0,0,0,0,0
YRX3FTTXB_3870-5824-4382-6336,1,0,0,0,0,0,0,0,0
YRX3FTTXB_3844-13656-4356-14168,1,0,0,0,0,0,0,0,0
YRX3FTTXB_3890-7121-4402-7633,1,0,0,0,0,0,0,0,0
YRX3FTTXB_3844-12120-4356-12632,1,0,0,0,0,0,0,0,0
YRX3FTTXB_3844-14168-4356-14680,1,0,0,0,0,0,0,0,0
YRX3FTTXB_4103-9546-4615-10058,1,0,0,0,0,0,0,0,0
YRX3FTTXB_3924-17382-4436-17894,1,0,0,0,0,0,0,0,0
YRX3FTTXB_3924-17894-4436-18406,1,0,0,0,0,0,0,0,0
YRX3FTTXB_4186-1137-4698-1649,1,0,0,0,0,0,0,0,0
YRX3FTTXB_4186-4721-4698-5233,1,0,0,0,0,0,0,0,0
YRX3FTTXB_3924-18406-4436-18918,1,0,0,0,0,0,0,0,0
YRX3FTTXB_4356-12120-4868-12632,1,0,0,0,0,0,0,0,0
YRX3FTTXB_4240-17215-4752-17727,1,0,0,0,0,0,0,0,0
YRX3FTTXB_4356-12632-4868-13144,1,0,0,0,0,0,0,0,0
YRX3FTTXB_4356-13144-4868-13656,1,0,0,0,0,0,0,0,0
YRX3FTTXB_4356-17752-4868-18264,1,0,0,0,0,0,0,0,0
YRX3FTTXB_4382-5824-4894-6336,1,0,0,0,0,0,0,0,0
YRX3FTTXB_4436-17382-4948-17894,1,0,0,0,0,0,0,0,0
YRX3FTTXB_4698-4721-5210-5233,1,0,0,0,0,0,0,0,0
YRX3FTTXB_4752-16703-5264-17215,1,0,0,0,0,0,0,0,0
YRX3FTTXB_4382-5312-4894-5824,1,0,0,0,0,0,0,0,0
YRX3FTTXB_4436-16870-4948-17382,1,0,0,0,0,0,0,0,0
YRX3FTTXB_4436-18406-4948-18918,1,0,0,0,0,0,0,0,0
YRX3FTTXB_4618-677-5130-1189,1,0,0,0,0,0,0,0,0
YRX3FTTXB_4894-6336-5406-6848,1,0,0,0,0,0,0,0,0
YRX3FTTXB_4698-1137-5210-1649,1,0,0,0,0,0,0,0,0
YRX3FTTXB_4894-5824-5406-6336,1,0,0,0,0,0,0,0,0
YRX3FTTXB_4894-5312-5406-5824,1,0,0,0,0,0,0,0,0
YRX3FTTXB_4382-6848-4894-7360,1,0,0,0,0,0,0,0,0
YRX3FTTXB_4894-6848-5406-7360,1,0,0,0,0,0,0,0,0
YRX3FTTXB_4752-17215-5264-17727,1,0,0,0,0,0,0,0,0
YRX3FTTXB_4894-7360-5406-7872,1,0,0,0,0,0,0,0,0
YRX3FTTXB_4901-13589-5413-14101,1,0,0,0,0,0,0,0,0
YRX3FTTXB_4901-14613-5413-15125,1,0,0,0,0,0,0,0,0
YRX3FTTXB_5210-4721-5722-5233,1,0,0,0,0,0,0,0,0
YRX3FTTXB_5264-16703-5776-17215,1,0,0,0,0,0,0,0,0
YRX3FTTXB_4901-14101-5413-14613,1,0,0,0,0,0,0,0,0
YRX3FTTXB_5264-17215-5776-17727,1,0,0,0,0,0,0,0,0
YRX3FTTXB_4948-16870-5460-17382,1,0,0,0,0,0,0,0,0
YRX3FTTXB_5406-7360-5918-7872,1,0,0,0,0,0,0,0,0
YRX3FTTXB_5210-1137-5722-1649,1,0,0,0,0,0,0,0,0
YRX3FTTXB_4948-18406-5460-18918,1,0,0,0,0,0,0,0,0
YRX3FTTXB_5406-6336-5918-6848,1,0,0,0,0,0,0,0,0
YRX3FTTXB_5406-5312-5918-5824,1,0,0,0,0,0,0,0,0
YRX3FTTXB_5130-677-5642-1189,1,0,0,0,0,0,0,0,0
YRX3FTTXB_4948-17382-5460-17894,1,0,0,0,0,0,0,0,0
YRX3FTTXB_5413-12053-5925-12565,1,0,0,0,0,0,0,0,0
YRX3FTTXB_5406-6848-5918-7360,1,0,0,0,0,0,0,0,0
YRX3FTTXB_5413-12565-5925-13077,1,0,0,0,0,0,0,0,0
YRX3FTTXB_5413-13077-5925-13589,1,0,0,0,0,0,0,0,0
YRX3FTTXB_5413-14613-5925-15125,1,0,0,0,0,0,0,0,0
YRX3FTTXB_5460-16870-5972-17382,1,0,0,0,0,0,0,0,0
YRX3FTTXB_5460-17894-5972-18406,1,0,0,0,0,0,0,0,0
YRX3FTTXB_5918-5312-6430-5824,1,0,0,0,0,0,0,0,0
YRX3FTTXB_5776-16703-6288-17215,1,0,0,0,0,0,0,0,0
YRX3FTTXB_5642-677-6154-1189,1,0,0,0,0,0,0,0,0
YRX3FTTXB_5460-18406-5972-18918,1,0,0,0,0,0,0,0,0
YRX3FTTXB_5460-17382-5972-17894,1,0,0,0,0,0,0,0,0
YRX3FTTXB_5776-17215-6288-17727,1,0,0,0,0,0,0,0,0
YRX3FTTXB_5925-11541-6437-12053,1,0,0,0,0,0,0,0,0
YRX3FTTXB_5722-4721-6234-5233,1,0,0,0,0,0,0,0,0
YRX3FTTXB_5918-6848-6430-7360,1,0,0,0,0,0,0,0,0
YRX3FTTXB_5722-1137-6234-1649,1,0,0,0,0,0,0,0,0
YRX3FTTXB_5925-12053-6437-12565,1,0,0,0,0,0,0,0,0
YRX3FTTXB_5925-14101-6437-14613,1,0,0,0,0,0,0,0,0
YRX3FTTXB_5972-16870-6484-17382,1,0,0,0,0,0,0,0,0
YRX3FTTXB_5925-14613-6437-15125,1,0,0,0,0,0,0,0,0
YRX3FTTXB_602-2673-1114-3185,1,0,0,0,0,0,0,0,0
YRX3FTTXB_5972-17894-6484-18406,1,0,0,0,0,0,0,0,0
YRX3FTTXB_6430-5312-6942-5824,1,0,0,0,0,0,0,0,0
YRX3FTTXB_6430-5824-6942-6336,1,0,0,0,0,0,0,0,0
YRX3FTTXB_602-625-1114-1137,1,0,0,0,0,0,0,0,0
YRX3FTTXB_6154-677-6666-1189,1,0,0,0,0,0,0,0,0
YRX3FTTXB_602-4721-1114-5233,1,0,0,0,0,0,0,0,0
YRX3FTTXB_6234-1137-6746-1649,1,0,0,0,0,0,0,0,0
YRX3FTTXB_6376-7209-6888-7721,1,0,0,0,0,0,0,0,0
YRX3FTTXB_6437-12053-6949-12565,1,0,0,0,0,0,0,0,0
YRX3FTTXB_6234-4721-6746-5233,1,0,0,0,0,0,0,0,0
YRX3FTTXB_602-3185-1114-3697,1,0,0,0,0,0,0,0,0
YRX3FTTXB_6430-6848-6942-7360,1,0,0,0,0,0,0,0,0
YRX3FTTXB_602-3697-1114-4209,1,0,0,0,0,0,0,0,0
YRX3FTTXB_602-4209-1114-4721,1,0,0,0,0,0,0,0,0
YRX3FTTXB_6484-16870-6996-17382,1,0,0,0,0,0,0,0,0
YRX3FTTXB_6484-17894-6996-18406,1,0,0,0,0,0,0,0,0
YRX3FTTXB_6437-14101-6949-14613,1,0,0,0,0,0,0,0,0
YRX3FTTXB_6666-4773-7178-5285,1,0,0,0,0,0,0,0,0
YRX3FTTXB_6666-4261-7178-4773,1,0,0,0,0,0,0,0,0
YRX3FTTXB_6888-5161-7400-5673,1,0,0,0,0,0,0,0,0
YRX3FTTXB_6746-1137-7258-1649,1,0,0,0,0,0,0,0,0
YRX3FTTXB_6746-625-7258-1137,1,0,0,0,0,0,0,0,0
YRX3FTTXB_6949-13589-7461-14101,1,0,0,0,0,0,0,0,0
YRX3FTTXB_7098-12333-7610-12845,1,0,0,0,0,0,0,0,0
YRX3FTTXB_6888-5673-7400-6185,1,0,0,0,0,0,0,0,0
YRX3FTTXB_6888-7209-7400-7721,1,0,0,0,0,0,0,0,0
YRX3FTTXB_6949-12053-7461-12565,1,0,0,0,0,0,0,0,0
YRX3FTTXB_6949-13077-7461-13589,1,0,0,0,0,0,0,0,0
YRX3FTTXB_6996-17382-7508-17894,1,0,0,0,0,0,0,0,0
YRX3FTTXB_6942-6336-7454-6848,1,0,0,0,0,0,0,0,0
YRX3FTTXB_7098-12845-7610-13357,1,0,0,0,0,0,0,0,0
YRX3FTTXB_6949-12565-7461-13077,1,0,0,0,0,0,0,0,0
YRX3FTTXB_7098-13357-7610-13869,1,0,0,0,0,0,0,0,0
YRX3FTTXB_7098-16941-7610-17453,1,0,0,0,0,0,0,0,0
YRX3FTTXB_7098-16429-7610-16941,1,0,0,0,0,0,0,0,0
YRX3FTTXB_7178-4773-7690-5285,1,0,0,0,0,0,0,0,0
YRX3FTTXB_7178-4261-7690-4773,1,0,0,0,0,0,0,0,0
YRX3FTTXB_7400-6697-7912-7209,1,0,0,0,0,0,0,0,0
YRX3FTTXB_7400-7209-7912-7721,1,0,0,0,0,0,0,0,0
YRX3FTTXB_7400-5673-7912-6185,1,0,0,0,0,0,0,0,0
YRX3FTTXB_7400-6185-7912-6697,1,0,0,0,0,0,0,0,0
YRX3FTTXB_7258-1137-7770-1649,1,0,0,0,0,0,0,0,0
YRX3FTTXB_7610-16941-8122-17453,1,0,0,0,0,0,0,0,0
YRX3FTTXB_7610-16429-8122-16941,1,0,0,0,0,0,0,0,0
YRX3FTTXB_7508-17382-8020-17894,1,0,0,0,0,0,0,0,0
YRX3FTTXB_7690-1189-8202-1701,1,0,0,0,0,0,0,0,0
YRX3FTTXB_7178-677-7690-1189,1,0,0,0,0,0,0,0,0
YRX3FTTXB_772-15192-1284-15704,1,0,0,0,0,0,0,0,0
YRX3FTTXB_7690-4773-8202-5285,1,0,0,0,0,0,0,0,0
YRX3FTTXB_772-15704-1284-16216,1,0,0,0,0,0,0,0,0
YRX3FTTXB_7912-5161-8424-5673,1,0,0,0,0,0,0,0,0
YRX3FTTXB_772-16216-1284-16728,1,0,0,0,0,0,0,0,0
YRX3FTTXB_7912-6697-8424-7209,1,0,0,0,0,0,0,0,0
YRX3FTTXB_798-5312-1310-5824,1,0,0,0,0,0,0,0,0
YRX3FTTXB_798-6848-1310-7360,1,0,0,0,0,0,0,0,0
YRX3FTTXB_8202-1189-8714-1701,1,0,0,0,0,0,0,0,0
YRX3FTTXB_8122-16941-8634-17453,1,0,0,0,0,0,0,0,0
YRX3FTTXB_8202-677-8714-1189,1,0,0,0,0,0,0,0,0
YRX3FTTXB_8122-7213-8634-7725,1,0,0,0,0,0,0,0,0
YRX3FTTXB_818-6097-1330-6609,1,0,0,0,0,0,0,0,0
YRX3FTTXB_8122-16429-8634-16941,1,0,0,0,0,0,0,0,0
YRX3FTTXB_818-7633-1330-8145,1,0,0,0,0,0,0,0,0
YRX3FTTXB_8202-4773-8714-5285,1,0,0,0,0,0,0,0,0
YRX3FTTXB_818-7121-1330-7633,1,0,0,0,0,0,0,0,0
YRX3FTTXB_8202-4261-8714-4773,1,0,0,0,0,0,0,0,0
YRX3FTTXB_818-5585-1330-6097,1,0,0,0,0,0,0,0,0
YRX3FTTXB_8122-7725-8634-8237,1,0,0,0,0,0,0,0,0
YRX3FTTXB_8424-5161-8936-5673,1,0,0,0,0,0,0,0,0
YRX3FTTXB_852-17894-1364-18406,1,0,0,0,0,0,0,0,0
YRX3FTTXB_852-17382-1364-17894,1,0,0,0,0,0,0,0,0
YRX3FTTXB_852-16870-1364-17382,1,0,0,0,0,0,0,0,0
YRX3FTTXB_852-18406-1364-18918,1,0,0,0,0,0,0,0,0
YRX3FTTXB_852-18918-1364-19430,1,0,0,0,0,0,0,0,0
YRX3FTTXB_8634-16941-9146-17453,1,0,0,0,0,0,0,0,0
YRX3FTTXB_852-19430-1364-19942,1,0,0,0,0,0,0,0,0
YRX3FTTXB_8634-8237-9146-8749,1,0,0,0,0,0,0,0,0
YRX3FTTXB_8936-7209-9448-7721,1,0,0,0,0,0,0,0,0
YRX3FTTXB_8634-15917-9146-16429,1,0,0,0,0,0,0,0,0
YRX3FTTXB_8936-7721-9448-8233,1,0,0,0,0,0,0,0,0
YRX3FTTXB_9146-15917-9658-16429,1,0,0,0,0,0,0,0,0
YRX3FTTXB_8634-7725-9146-8237,1,0,0,0,0,0,0,0,0
YRX3FTTXB_8714-4261-9226-4773,1,0,0,0,0,0,0,0,0
YRX3FTTXB_8936-5161-9448-5673,1,0,0,0,0,0,0,0,0
YRX3FTTXB_8634-8749-9146-9261,1,0,0,0,0,0,0,0,0
YRX3FTTXB_8714-677-9226-1189,1,0,0,0,0,0,0,0,0
YRX3FTTXB_9146-16941-9658-17453,1,0,0,0,0,0,0,0,0
YRX3FTTXB_9226-4261-9738-4773,1,0,0,0,0,0,0,0,0
YRX3FTTXB_9146-9773-9658-10285,1,0,0,0,0,0,0,0,0
YRX3FTTXB_9146-9261-9658-9773,1,0,0,0,0,0,0,0,0
YRX3FTTXB_9448-6185-9960-6697,1,0,0,0,0,0,0,0,0
YRX3FTTXB_9448-6697-9960-7209,1,0,0,0,0,0,0,0,0
YRX3FTTXB_9448-5161-9960-5673,1,0,0,0,0,0,0,0,0
YRX3FTTXB_9226-677-9738-1189,1,0,0,0,0,0,0,0,0
YRX3FTTXB_9548-14598-10060-15110,1,0,0,0,0,0,0,0,0
YRX3FTTXB_9548-13062-10060-13574,1,0,0,0,0,0,0,0,0
YRX3FTTXB_9548-13574-10060-14086,1,0,0,0,0,0,0,0,0
YRX3FTTXB_9448-5673-9960-6185,1,0,0,0,0,0,0,0,0
YRX3FTTXB_9548-14086-10060-14598,1,0,0,0,0,0,0,0,0
YRX3FTTXB_9448-7721-9960-8233,1,0,0,0,0,0,0,0,0
YRX3FTTXB_9658-12845-10170-13357,1,0,0,0,0,0,0,0,0
YRX3FTTXB_9658-10797-10170-11309,1,0,0,0,0,0,0,0,0
YRX3FTTXB_9658-10285-10170-10797,1,0,0,0,0,0,0,0,0
YRX3FTTXB_9658-13357-10170-13869,1,0,0,0,0,0,0,0,0
YRX3FTTXB_9658-14381-10170-14893,1,0,0,0,0,0,0,0,0
YRX3FTTXB_9658-14893-10170-15405,1,0,0,0,0,0,0,0,0
YRX3FTTXB_9658-13869-10170-14381,1,0,0,0,0,0,0,0,0
YRX3FTTXB_9658-15405-10170-15917,1,0,0,0,0,0,0,0,0
YRX3FTTXB_9700-6502-10212-7014,1,0,0,0,0,0,0,0,0
YRX3FTTXB_9700-4966-10212-5478,1,0,0,0,0,0,0,0,0
YRX3FTTXB_9658-16941-10170-17453,1,0,0,0,0,0,0,0,0
YRX3FTTXB_9658-8237-10170-8749,1,0,0,0,0,0,0,0,0
YRX3FTTXB_9700-7014-10212-7526,1,0,0,0,0,0,0,0,0
YRX3FTTXB_9700-5478-10212-5990,1,0,0,0,0,0,0,0,0
YRX3FTTXB_9738-677-10250-1189,1,0,0,0,0,0,0,0,0
YRX3FTTXB_9700-5990-10212-6502,1,0,0,0,0,0,0,0,0
YRX3FTTXB_9738-4261-10250-4773,1,0,0,0,0,0,0,0,0
YTWHKE6P8_1804-3671-2316-4183,0,0,0,0,0,1,0,0,0
YTQVDPW6X_4347-4258-4859-4770,0,0,0,1,0,0,0,0,0
YTWHKE6P8_311-1875-823-2387,0,0,0,0,0,1,0,0,0
YTWHKE6P8_301-2891-813-3403,0,0,0,0,0,1,0,0,0
YTWHKE6P8_2422-3619-2934-4131,0,0,0,0,0,1,0,0,0
YTX3LIZX9_2192-2180-2704-2692,0,0,0,0,0,1,0,0,0
YTX3LIZX9_555-2158-1067-2670,0,0,0,0,0,1,0,0,0
YU8K8K34D_1069-7616-1581-8128,0,0,0,0,0,0,0,0,1
YU8K8K34D_4182-1546-4694-2058,0,0,0,0,0,0,0,0,1
YUJ8V83IU_1037-1917-1549-2429,0,0,0,0,1,0,0,0,0
YUBPXRWFQ_1953-3516-2465-4028,0,0,0,0,0,0,0,0,1
YU8K8K34D_4537-2040-5049-2552,0,0,0,0,0,0,0,0,1
YU8K8K34D_5851-6979-6363-7491,0,0,0,0,0,0,0,0,1
YUBPXRWFQ_1076-3485-1588-3997,0,0,0,0,1,0,0,0,1
YUBPXRWFQ_2673-736-3185-1248,0,0,0,0,0,0,0,0,1
YUBPXRWFQ_2122-734-2634-1246,0,0,0,0,0,0,0,0,1
YUBPXRWFQ_1406-3594-1918-4106,0,0,0,0,1,0,0,0,1
YUBPXRWFQ_4042-3304-4554-3816,0,0,0,0,0,1,0,0,0
YUJ8V83IU_10401-7411-10913-7923,0,0,0,0,1,1,0,0,0
YUJ8V83IU_10434-4845-10946-5357,0,0,0,0,1,1,0,0,0
YUJ8V83IU_10537-6973-11049-7485,0,0,0,0,1,0,0,0,0
YUJ8V83IU_10561-3240-11073-3752,0,0,0,0,0,1,0,0,0
YUJ8V83IU_10554-6262-11066-6774,0,0,0,0,1,0,0,0,0
YUJ8V83IU_10562-4463-11074-4975,0,0,0,0,1,1,0,0,0
YUJ8V83IU_10571-2433-11083-2945,0,0,0,0,1,0,0,0,0
YUJ8V83IU_10561-3752-11073-4264,0,0,0,0,1,1,0,0,0
YUJ8V83IU_10571-2945-11083-3457,0,0,0,0,1,1,0,0,0
YUJ8V83IU_10610-813-11122-1325,0,0,0,0,1,0,0,0,0
YUJ8V83IU_10790-4354-11302-4866,0,0,0,0,1,1,0,0,0
YUJ8V83IU_5188-5040-5700-5552,0,0,0,0,1,0,0,0,0
YUJ8V83IU_693-7744-1205-8256,0,0,0,0,0,1,0,0,0
YUJ8V83IU_1061-1111-1573-1623,0,0,0,0,1,0,0,0,0
YUJ8V83IU_802-6648-1314-7160,0,0,0,0,1,0,0,0,0
YUJ8V83IU_10691-7476-11203-7988,0,0,0,0,1,1,0,0,0
YUJ8V83IU_7281-1969-7793-2481,0,0,0,0,0,1,0,0,0
YUJ8V83IU_825-587-1337-1099,0,0,0,0,0,1,0,0,0
YUJ8V83IU_10587-1564-11099-2076,0,0,0,0,1,0,0,0,0
YUJ8V83IU_6769-1969-7281-2481,0,0,0,0,0,1,0,0,0
YUJ8V83IU_846-5939-1358-6451,0,0,0,0,1,1,0,0,0
YUJ8V83IU_870-7555-1382-8067,0,0,0,0,1,1,0,0,0
YUJ8V83IU_861-7264-1373-7776,0,0,0,0,1,1,0,0,0
YUJ8V83IU_926-4462-1438-4974,0,0,0,0,1,0,0,0,0
YUJ8V83IU_945-6264-1457-6776,0,0,0,0,1,1,0,0,0
YUJ8V83IU_958-5225-1470-5737,0,0,0,0,1,0,0,0,0
YUJ8V83IU_967-4058-1479-4570,0,0,0,0,1,0,0,0,0
YUJ8V83IU_992-3089-1504-3601,0,0,0,0,1,0,0,0,0
YUQF97PNP_2080-2830-2592-3342,0,1,0,0,0,0,0,0,0
YUTW63DUX_10037-1109-10549-1621,0,1,0,0,0,0,0,0,0
YUJ8V83IU_9953-7262-10465-7774,0,0,0,0,1,0,0,0,0
YUQF97PNP_4170-1145-4682-1657,0,1,0,0,0,0,0,0,0
YUJ8V83IU_992-2577-1504-3089,0,0,0,0,1,0,0,0,0
YUJ8V83IU_9959-1157-10471-1669,0,0,0,0,1,0,0,0,0
YUQF97PNP_2080-3342-2592-3854,0,1,0,0,0,0,0,0,0
YUQF97PNP_2080-3854-2592-4366,0,1,0,0,0,0,0,0,0
YUQF97PNP_4170-633-4682-1145,0,1,0,0,0,0,0,0,0
YUQF97PNP_3658-1145-4170-1657,0,1,0,0,0,0,0,0,0
YUTW63DUX_10037-1621-10549-2133,0,1,0,0,0,0,0,0,0
YUTW63DUX_10037-597-10549-1109,0,1,0,0,0,0,0,0,0
YUTW63DUX_10037-2645-10549-3157,0,1,0,0,0,0,0,0,0
YUTW63DUX_10549-2645-11061-3157,0,1,0,0,0,0,0,0,0
YUTW63DUX_10549-1109-11061-1621,0,1,0,0,0,0,0,0,0
YUTW63DUX_10549-1621-11061-2133,0,1,0,0,0,0,0,0,0
YUTW63DUX_10549-597-11061-1109,0,1,0,0,0,0,0,0,0
YUTW63DUX_11573-4693-12085-5205,0,1,0,0,0,0,0,0,0
YUTW63DUX_11573-1621-12085-2133,0,1,0,0,0,0,0,0,0
YUTW63DUX_11061-597-11573-1109,0,1,0,0,0,0,0,0,0
YUTW63DUX_11061-2133-11573-2645,0,1,0,0,0,0,0,0,0
YUTW63DUX_11061-1621-11573-2133,0,1,0,0,0,0,0,0,0
YUTW63DUX_11573-1109-12085-1621,0,1,0,0,0,0,0,0,0
YUTW63DUX_11573-3669-12085-4181,0,1,0,0,0,0,0,0,0
YUTW63DUX_11573-2133-12085-2645,0,1,0,0,0,0,0,0,0
YUTW63DUX_11061-1109-11573-1621,0,1,0,0,0,0,0,0,0
YUTW63DUX_11573-4181-12085-4693,0,1,0,0,0,0,0,0,0
YUTW63DUX_11573-5205-12085-5717,0,1,0,0,0,0,0,0,0
YUTW63DUX_11573-597-12085-1109,0,1,0,0,0,0,0,0,0
YUTW63DUX_11573-6229-12085-6741,0,1,0,0,0,0,0,0,0
YUTW63DUX_11573-5717-12085-6229,0,1,0,0,0,0,0,0,0
YUTW63DUX_11573-7253-12085-7765,0,1,0,0,0,0,0,0,0
YUTW63DUX_11573-6741-12085-7253,0,1,0,0,0,0,0,0,0
YUTW63DUX_11573-7765-12085-8277,0,1,0,0,0,0,0,0,0
YUTW63DUX_12085-1109-12597-1621,0,1,0,0,0,0,0,0,0
YUTW63DUX_11653-9908-12165-10420,0,1,0,0,0,0,0,0,0
YUTW63DUX_11666-12706-12178-13218,0,1,0,0,0,0,0,0,0
YUTW63DUX_11573-8789-12085-9301,0,1,0,0,0,0,0,0,0
YUTW63DUX_12153-9706-12665-10218,0,1,0,0,0,0,0,0,0
YUTW63DUX_11573-8277-12085-8789,0,1,0,0,0,0,0,0,0
YUTW63DUX_12085-597-12597-1109,0,1,0,0,0,0,0,0,0
YUTW63DUX_11653-9396-12165-9908,0,1,0,0,0,0,0,0,0
YUTW63DUX_12085-3669-12597-4181,0,1,0,0,0,0,0,0,0
YUTW63DUX_12153-8682-12665-9194,0,1,0,0,0,0,0,0,0
YUTW63DUX_12178-12706-12690-13218,0,1,0,0,0,0,0,0,0
YUTW63DUX_12597-1109-13109-1621,0,1,0,0,0,0,0,0,0
YUTW63DUX_12665-8682-13177-9194,0,1,0,0,0,0,0,0,0
YUTW63DUX_12597-597-13109-1109,0,1,0,0,0,0,0,0,0
YUTW63DUX_12597-3669-13109-4181,0,1,0,0,0,0,0,0,0
YUTW63DUX_12665-9194-13177-9706,0,1,0,0,0,0,0,0,0
YUTW63DUX_12665-9706-13177-10218,0,1,0,0,0,0,0,0,0
YUTW63DUX_1277-1756-1789-2268,0,1,0,0,0,0,0,0,0
YUTW63DUX_1277-2268-1789-2780,0,1,0,0,0,0,0,0,0
YUTW63DUX_13109-1109-13621-1621,0,1,0,0,0,0,0,0,0
YUTW63DUX_13109-7765-13621-8277,0,1,0,0,0,0,0,0,0
YUTW63DUX_13109-3669-13621-4181,0,1,0,0,0,0,0,0,0
YUTW63DUX_13109-597-13621-1109,0,1,0,0,0,0,0,0,0
YUTW63DUX_13177-9706-13689-10218,0,1,0,0,0,0,0,0,0
YUTW63DUX_13109-8789-13621-9301,0,1,0,0,0,0,0,0,0
YUTW63DUX_13109-3157-13621-3669,0,1,0,0,0,0,0,0,0
YUTW63DUX_13109-8277-13621-8789,0,1,0,0,0,0,0,0,0
YUTW63DUX_13177-7146-13689-7658,0,1,0,0,0,0,0,0,0
YUTW63DUX_13177-9194-13689-9706,0,1,0,0,0,0,0,0,0
YUTW63DUX_13343-12724-13855-13236,0,1,0,0,0,0,0,0,0
YUTW63DUX_13621-2133-14133-2645,0,1,0,0,0,0,0,0,0
YUTW63DUX_13621-1109-14133-1621,0,1,0,0,0,0,0,0,0
YUTW63DUX_13621-1621-14133-2133,0,1,0,0,0,0,0,0,0
YUTW63DUX_13621-597-14133-1109,0,1,0,0,0,0,0,0,0
YUTW63DUX_13621-8277-14133-8789,0,1,0,0,0,0,0,0,0
YUTW63DUX_13621-8789-14133-9301,0,1,0,0,0,0,0,0,0
YUTW63DUX_13689-7146-14201-7658,0,1,0,0,0,0,0,0,0
YUTW63DUX_13855-12724-14367-13236,0,1,0,0,0,0,0,0,0
YUTW63DUX_13689-9706-14201-10218,0,1,0,0,0,0,0,0,0
YUTW63DUX_14133-1109-14645-1621,0,1,0,0,0,0,0,0,0
YUTW63DUX_14133-7765-14645-8277,0,1,0,0,0,0,0,0,0
YUTW63DUX_14133-597-14645-1109,0,1,0,0,0,0,0,0,0
YUTW63DUX_14367-12724-14879-13236,0,1,0,0,0,0,0,0,0
YUTW63DUX_14645-597-15157-1109,0,1,0,0,0,0,0,0,0
YUTW63DUX_14201-7146-14713-7658,0,1,0,0,0,0,0,0,0
YUTW63DUX_14201-9706-14713-10218,0,1,0,0,0,0,0,0,0
YUTW63DUX_14645-1109-15157-1621,0,1,0,0,0,0,0,0,0
YUTW63DUX_14645-6741-15157-7253,0,1,0,0,0,0,0,0,0
YUTW63DUX_14645-8789-15157-9301,0,1,0,0,0,0,0,0,0
YUTW63DUX_14713-9706-15225-10218,0,1,0,0,0,0,0,0,0
YUTW63DUX_14645-7253-15157-7765,0,1,0,0,0,0,0,0,0
YUTW63DUX_14713-8170-15225-8682,0,1,0,0,0,0,0,0,0
YUTW63DUX_14879-12724-15391-13236,0,1,0,0,0,0,0,0,0
YUTW63DUX_15157-597-15669-1109,0,1,0,0,0,0,0,0,0
YUTW63DUX_15157-7253-15669-7765,0,1,0,0,0,0,0,0,0
YUTW63DUX_15669-8789-16181-9301,0,1,0,0,0,0,0,0,0
YUTW63DUX_15225-7658-15737-8170,0,1,0,0,0,0,0,0,0
YUTW63DUX_15225-6634-15737-7146,0,1,0,0,0,0,0,0,0
YUTW63DUX_15391-12724-15903-13236,0,1,0,0,0,0,0,0,0
YUTW63DUX_15157-8789-15669-9301,0,1,0,0,0,0,0,0,0
YUTW63DUX_15669-597-16181-1109,0,1,0,0,0,0,0,0,0
YUTW63DUX_15225-9706-15737-10218,0,1,0,0,0,0,0,0,0
YUTW63DUX_15737-7146-16249-7658,0,1,0,0,0,0,0,0,0
YUTW63DUX_15737-6634-16249-7146,0,1,0,0,0,0,0,0,0
YUTW63DUX_15737-7658-16249-8170,0,1,0,0,0,0,0,0,0
YUTW63DUX_16181-597-16693-1109,0,1,0,0,0,0,0,0,0
YUTW63DUX_16181-7253-16693-7765,0,1,0,0,0,0,0,0,0
YUTW63DUX_15903-12724-16415-13236,0,1,0,0,0,0,0,0,0
YUTW63DUX_15737-9194-16249-9706,0,1,0,0,0,0,0,0,0
YUTW63DUX_16181-6741-16693-7253,0,1,0,0,0,0,0,0,0
YUTW63DUX_16249-6122-16761-6634,0,1,0,0,0,0,0,0,0
YUTW63DUX_16181-7765-16693-8277,0,1,0,0,0,0,0,0,0
YUTW63DUX_16693-597-17205-1109,0,1,0,0,0,0,0,0,0
YUTW63DUX_16249-9194-16761-9706,0,1,0,0,0,0,0,0,0
YUTW63DUX_16249-8170-16761-8682,0,1,0,0,0,0,0,0,0
YUTW63DUX_16693-8277-17205-8789,0,1,0,0,0,0,0,0,0
YUTW63DUX_16761-10218-17273-10730,0,1,0,0,0,0,0,0,0
YUTW63DUX_16415-12724-16927-13236,0,1,0,0,0,0,0,0,0
YUTW63DUX_16761-7146-17273-7658,0,1,0,0,0,0,0,0,0
YUTW63DUX_16693-6741-17205-7253,0,1,0,0,0,0,0,0,0
YUTW63DUX_16761-5610-17273-6122,0,1,0,0,0,0,0,0,0
YUTW63DUX_16761-8682-17273-9194,0,1,0,0,0,0,0,0,0
YUTW63DUX_16761-9194-17273-9706,0,1,0,0,0,0,0,0,0
YUTW63DUX_17205-6741-17717-7253,0,1,0,0,0,0,0,0,0
YUTW63DUX_17205-8789-17717-9301,0,1,0,0,0,0,0,0,0
YUTW63DUX_17205-597-17717-1109,0,1,0,0,0,0,0,0,0
YUTW63DUX_17273-10218-17785-10730,0,1,0,0,0,0,0,0,0
YUTW63DUX_17273-10730-17785-11242,0,1,0,0,0,0,0,0,0
YUTW63DUX_17273-11242-17785-11754,0,1,0,0,0,0,0,0,0
YUTW63DUX_17273-7146-17785-7658,0,1,0,0,0,0,0,0,0
YUTW63DUX_17273-5610-17785-6122,0,1,0,0,0,0,0,0,0
YUTW63DUX_17785-11242-18297-11754,0,1,0,0,0,0,0,0,0
YUTW63DUX_17273-9194-17785-9706,0,1,0,0,0,0,0,0,0
YUTW63DUX_17717-1621-18229-2133,0,1,0,0,0,0,0,0,0
YUTW63DUX_17717-1109-18229-1621,0,1,0,0,0,0,0,0,0
YUTW63DUX_17785-10218-18297-10730,0,1,0,0,0,0,0,0,0
YUTW63DUX_17717-6741-18229-7253,0,1,0,0,0,0,0,0,0
YUTW63DUX_17717-597-18229-1109,0,1,0,0,0,0,0,0,0
YUTW63DUX_17785-5610-18297-6122,0,1,0,0,0,0,0,0,0
YUTW63DUX_17785-9194-18297-9706,0,1,0,0,0,0,0,0,0
YUTW63DUX_1789-2268-2301-2780,0,1,0,0,0,0,0,0,0
YUTW63DUX_1789-1244-2301-1756,0,1,0,0,0,0,0,0,0
YUTW63DUX_18229-2133-18741-2645,0,1,0,0,0,0,0,0,0
YUTW63DUX_18229-1109-18741-1621,0,1,0,0,0,0,0,0,0
YUTW63DUX_18229-3157-18741-3669,0,1,0,0,0,0,0,0,0
YUTW63DUX_18229-2645-18741-3157,0,1,0,0,0,0,0,0,0
YUTW63DUX_18229-6741-18741-7253,0,1,0,0,0,0,0,0,0
YUTW63DUX_18297-10218-18809-10730,0,1,0,0,0,0,0,0,0
YUTW63DUX_18229-4181-18741-4693,0,1,0,0,0,0,0,0,0
YUTW63DUX_18229-597-18741-1109,0,1,0,0,0,0,0,0,0
YUTW63DUX_18297-9194-18809-9706,0,1,0,0,0,0,0,0,0
YUTW63DUX_18297-5610-18809-6122,0,1,0,0,0,0,0,0,0
YUTW63DUX_18297-11242-18809-11754,0,1,0,0,0,0,0,0,0
YUTW63DUX_18741-1109-19253-1621,0,1,0,0,0,0,0,0,0
YUTW63DUX_18297-3562-18809-4074,0,1,0,0,0,0,0,0,0
YUTW63DUX_18741-3157-19253-3669,0,1,0,0,0,0,0,0,0
YUTW63DUX_18741-4181-19253-4693,0,1,0,0,0,0,0,0,0
YUTW63DUX_18809-10218-19321-10730,0,1,0,0,0,0,0,0,0
YUTW63DUX_18741-6229-19253-6741,0,1,0,0,0,0,0,0,0
YUTW63DUX_18741-597-19253-1109,0,1,0,0,0,0,0,0,0
YUTW63DUX_18809-3562-19321-4074,0,1,0,0,0,0,0,0,0
YUTW63DUX_18809-11242-19321-11754,0,1,0,0,0,0,0,0,0
YUTW63DUX_18809-5098-19321-5610,0,1,0,0,0,0,0,0,0
YUTW63DUX_18809-5610-19321-6122,0,1,0,0,0,0,0,0,0
YUTW63DUX_19253-6229-19765-6741,0,1,0,0,0,0,0,0,0
YUTW63DUX_18809-8682-19321-9194,0,1,0,0,0,0,0,0,0
YUTW63DUX_19253-3669-19765-4181,0,1,0,0,0,0,0,0,0
YUTW63DUX_18809-9194-19321-9706,0,1,0,0,0,0,0,0,0
YUTW63DUX_19253-2645-19765-3157,0,1,0,0,0,0,0,0,0
YUTW63DUX_19253-1109-19765-1621,0,1,0,0,0,0,0,0,0
YUTW63DUX_19321-10218-19833-10730,0,1,0,0,0,0,0,0,0
YUTW63DUX_19253-597-19765-1109,0,1,0,0,0,0,0,0,0
YUTW63DUX_19321-11242-19833-11754,0,1,0,0,0,0,0,0,0
YUTW63DUX_19321-4074-19833-4586,0,1,0,0,0,0,0,0,0
YUTW63DUX_19321-4586-19833-5098,0,1,0,0,0,0,0,0,0
YUTW63DUX_19321-5098-19833-5610,0,1,0,0,0,0,0,0,0
YUTW63DUX_19321-8682-19833-9194,0,1,0,0,0,0,0,0,0
YUTW63DUX_19765-3157-20277-3669,0,1,0,0,0,0,0,0,0
YUTW63DUX_19765-2133-20277-2645,0,1,0,0,0,0,0,0,0
YUTW63DUX_19765-1109-20277-1621,0,1,0,0,0,0,0,0,0
YUTW63DUX_19765-3669-20277-4181,0,1,0,0,0,0,0,0,0
YUTW63DUX_19765-5717-20277-6229,0,1,0,0,0,0,0,0,0
YUTW63DUX_19765-597-20277-1109,0,1,0,0,0,0,0,0,0
YUTW63DUX_19833-11242-20345-11754,0,1,0,0,0,0,0,0,0
YUTW63DUX_20277-1109-20789-1621,0,1,0,0,0,0,0,0,0
YUTW63DUX_19833-4586-20345-5098,0,1,0,0,0,0,0,0,0
YUTW63DUX_19833-5098-20345-5610,0,1,0,0,0,0,0,0,0
YUTW63DUX_19833-4074-20345-4586,0,1,0,0,0,0,0,0,0
YUTW63DUX_19833-8682-20345-9194,0,1,0,0,0,0,0,0,0
YUTW63DUX_19833-10218-20345-10730,0,1,0,0,0,0,0,0,0
YUTW63DUX_20277-1621-20789-2133,0,1,0,0,0,0,0,0,0
YUTW63DUX_20277-3157-20789-3669,0,1,0,0,0,0,0,0,0
YUTW63DUX_20277-3669-20789-4181,0,1,0,0,0,0,0,0,0
YUTW63DUX_20345-11242-20857-11754,0,1,0,0,0,0,0,0,0
YUTW63DUX_20345-8682-20857-9194,0,1,0,0,0,0,0,0,0
YUTW63DUX_20345-9194-20857-9706,0,1,0,0,0,0,0,0,0
YUTW63DUX_20345-9706-20857-10218,0,1,0,0,0,0,0,0,0
YUTW63DUX_20277-597-20789-1109,0,1,0,0,0,0,0,0,0
YUTW63DUX_20789-1109-21301-1621,0,1,0,0,0,0,0,0,0
YUTW63DUX_20789-2645-21301-3157,0,1,0,0,0,0,0,0,0
YUTW63DUX_20789-3669-21301-4181,0,1,0,0,0,0,0,0,0
YUTW63DUX_21369-11242-21881-11754,0,1,0,0,0,0,0,0,0
YUTW63DUX_21301-1109-21813-1621,0,1,0,0,0,0,0,0,0
YUTW63DUX_20789-597-21301-1109,0,1,0,0,0,0,0,0,0
YUTW63DUX_21301-3669-21813-4181,0,1,0,0,0,0,0,0,0
YUTW63DUX_21301-597-21813-1109,0,1,0,0,0,0,0,0,0
YUTW63DUX_21301-1621-21813-2133,0,1,0,0,0,0,0,0,0
YUTW63DUX_20857-11242-21369-11754,0,1,0,0,0,0,0,0,0
YUTW63DUX_21301-3157-21813-3669,0,1,0,0,0,0,0,0,0
YUTW63DUX_21813-3157-22325-3669,0,1,0,0,0,0,0,0,0
YUTW63DUX_21813-1109-22325-1621,0,1,0,0,0,0,0,0,0
YUTW63DUX_21813-597-22325-1109,0,1,0,0,0,0,0,0,0
YUTW63DUX_22325-1109-22837-1621,0,1,0,0,0,0,0,0,0
YUTW63DUX_21881-11242-22393-11754,0,1,0,0,0,0,0,0,0
YUTW63DUX_22325-1621-22837-2133,0,1,0,0,0,0,0,0,0
YUTW63DUX_21881-3562-22393-4074,0,1,0,0,0,0,0,0,0
YUTW63DUX_22325-2133-22837-2645,0,1,0,0,0,0,0,0,0
YUTW63DUX_22325-2645-22837-3157,0,1,0,0,0,0,0,0,0
YUTW63DUX_22325-3157-22837-3669,0,1,0,0,0,0,0,0,0
YUTW63DUX_22325-7765-22837-8277,0,1,0,0,0,0,0,0,0
YUTW63DUX_22393-10218-22905-10730,0,1,0,0,0,0,0,0,0
YUTW63DUX_22325-597-22837-1109,0,1,0,0,0,0,0,0,0
YUTW63DUX_22325-6229-22837-6741,0,1,0,0,0,0,0,0,0
YUTW63DUX_22325-8789-22837-9301,0,1,0,0,0,0,0,0,0
YUTW63DUX_22325-7253-22837-7765,0,1,0,0,0,0,0,0,0
YUTW63DUX_22325-6741-22837-7253,0,1,0,0,0,0,0,0,0
YUTW63DUX_22325-8277-22837-8789,0,1,0,0,0,0,0,0,0
YUTW63DUX_22393-3562-22905-4074,0,1,0,0,0,0,0,0,0
YUTW63DUX_22393-10730-22905-11242,0,1,0,0,0,0,0,0,0
YUTW63DUX_2813-2268-3325-2780,0,1,0,0,0,0,0,0,0
YUTW63DUX_2301-2268-2813-2780,0,1,0,0,0,0,0,0,0
YUTW63DUX_22393-9194-22905-9706,0,1,0,0,0,0,0,0,0
YUTW63DUX_22393-9706-22905-10218,0,1,0,0,0,0,0,0,0
YUTW63DUX_2813-732-3325-1244,0,1,0,0,0,0,0,0,0
YUTW63DUX_3325-2268-3837-2780,0,1,0,0,0,0,0,0,0
YUTW63DUX_4349-2268-4861-2780,0,1,0,0,0,0,0,0,0
YUTW63DUX_3837-2268-4349-2780,0,1,0,0,0,0,0,0,0
YUTW63DUX_5373-732-5885-1244,0,1,0,0,0,0,0,0,0
YUTW63DUX_4349-732-4861-1244,0,1,0,0,0,0,0,0,0
YUTW63DUX_3325-732-3837-1244,0,1,0,0,0,0,0,0,0
YUTW63DUX_3837-732-4349-1244,0,1,0,0,0,0,0,0,0
YUTW63DUX_4861-2268-5373-2780,0,1,0,0,0,0,0,0,0
YUTW63DUX_5885-1244-6397-1756,0,1,0,0,0,0,0,0,0
YUTW63DUX_5373-2268-5885-2780,0,1,0,0,0,0,0,0,0
YUTW63DUX_4861-732-5373-1244,0,1,0,0,0,0,0,0,0
YUTW63DUX_5885-1756-6397-2268,0,1,0,0,0,0,0,0,0
YUTW63DUX_5885-2268-6397-2780,0,1,0,0,0,0,0,0,0
YUTW63DUX_6308-1485-6820-1997,0,1,0,0,0,0,0,0,0
YUTW63DUX_5885-732-6397-1244,0,1,0,0,0,0,0,0,0
YUTW63DUX_6308-973-6820-1485,0,1,0,0,0,0,0,0,0
YUTW63DUX_6397-1244-6909-1756,0,1,0,0,0,0,0,0,0
YUTW63DUX_6397-732-6909-1244,0,1,0,0,0,0,0,0,0
YUTW63DUX_6820-1485-7332-1997,0,1,0,0,0,0,0,0,0
YUTW63DUX_6965-1109-7477-1621,0,1,0,0,0,0,0,0,0
YUTW63DUX_6965-2133-7477-2645,0,1,0,0,0,0,0,0,0
YUTW63DUX_7477-1621-7989-2133,0,1,0,0,0,0,0,0,0
YUTW63DUX_7477-2133-7989-2645,0,1,0,0,0,0,0,0,0
YUTW63DUX_7477-597-7989-1109,0,1,0,0,0,0,0,0,0
YUTW63DUX_7477-1109-7989-1621,0,1,0,0,0,0,0,0,0
YUTW63DUX_6965-597-7477-1109,0,1,0,0,0,0,0,0,0
YUTW63DUX_765-1756-1277-2268,0,1,0,0,0,0,0,0,0
YUTW63DUX_765-2268-1277-2780,0,1,0,0,0,0,0,0,0
YUTW63DUX_7989-1621-8501-2133,0,1,0,0,0,0,0,0,0
YUTW63DUX_7989-597-8501-1109,0,1,0,0,0,0,0,0,0
YUTW63DUX_7989-2133-8501-2645,0,1,0,0,0,0,0,0,0
YUTW63DUX_8501-2133-9013-2645,0,1,0,0,0,0,0,0,0
YUTW63DUX_8501-1621-9013-2133,0,1,0,0,0,0,0,0,0
YUTW63DUX_8501-597-9013-1109,0,1,0,0,0,0,0,0,0
YUTW63DUX_9013-1621-9525-2133,0,1,0,0,0,0,0,0,0
YUTW63DUX_9013-2133-9525-2645,0,1,0,0,0,0,0,0,0
YUTW63DUX_9013-597-9525-1109,0,1,0,0,0,0,0,0,0
YUTXIHPR8_2482-5824-2994-6336,0,0,0,1,0,0,0,0,0
YUTW63DUX_9525-1109-10037-1621,0,1,0,0,0,0,0,0,0
YUTW63DUX_9525-1621-10037-2133,0,1,0,0,0,0,0,0,0
YUTW63DUX_9525-597-10037-1109,0,1,0,0,0,0,0,0,0
YUTXIHPR8_3059-6187-3571-6699,0,0,0,1,0,0,0,0,0
YUTW63DUX_9525-2645-10037-3157,0,1,0,0,0,0,0,0,0
YUTXIHPR8_2534-4718-3046-5230,0,0,0,1,0,0,0,0,0
YUTXIHPR8_2534-5230-3046-5742,0,0,0,1,0,0,0,0,0
YUTXIHPR8_4056-3643-4568-4155,0,0,0,1,0,0,0,0,0
YUTXIHPR8_4056-4155-4568-4667,0,0,0,1,0,0,0,0,0
YUTXIHPR8_4344-7830-4856-8342,0,0,0,1,0,0,0,0,0
YUTXIHPR8_4568-3643-5080-4155,0,0,0,1,0,0,0,0,0
YV7VXZCY9_10238-7524-10750-8036,0,1,0,0,0,0,0,0,0
YUTXIHPR8_4568-4155-5080-4667,0,0,0,1,0,0,0,0,0
YV7VXZCY9_10238-8548-10750-9060,0,1,0,0,0,0,0,0,0
YV7VXZCY9_10539-8956-11051-9468,0,1,0,0,0,0,0,0,0
YV7VXZCY9_10750-7524-11262-8036,0,1,0,0,0,0,0,0,0
YV7VXZCY9_1793-4832-2305-5344,0,1,0,0,0,0,0,0,0
YV7VXZCY9_11051-8956-11563-9468,0,1,0,0,0,0,0,0,0
YV7VXZCY9_10750-7012-11262-7524,0,1,0,0,0,0,0,0,0
YV7VXZCY9_10750-8548-11262-9060,0,1,0,0,0,0,0,0,0
YV7VXZCY9_11408-633-11920-1145,0,1,0,0,0,0,0,0,0
YV7VXZCY9_2156-5191-2668-5703,0,1,0,0,0,0,0,0,0
YV7VXZCY9_2004-2519-2516-3031,0,1,0,0,0,0,0,0,0
YV7VXZCY9_2088-1785-2600-2297,0,1,0,0,0,0,0,0,0
YV7VXZCY9_2513-1676-3025-2188,0,1,0,0,0,0,0,0,0
YV7VXZCY9_2516-2519-3028-3031,0,1,0,0,0,0,0,0,0
YV7VXZCY9_2693-7992-3205-8504,0,1,0,0,0,0,0,0,0
YV7VXZCY9_2668-4679-3180-5191,0,1,0,0,0,0,0,0,0
YV7VXZCY9_2668-5191-3180-5703,0,1,0,0,0,0,0,0,0
YV7VXZCY9_3180-4679-3692-5191,0,1,0,0,0,0,0,0,0
YV7VXZCY9_3584-7565-4096-8077,0,1,0,0,0,0,0,0,0
YV7VXZCY9_3721-1457-4233-1969,0,1,0,0,0,0,0,0,0
YV7VXZCY9_3692-4679-4204-5191,0,1,0,0,0,0,0,0,0
YV7VXZCY9_5220-3831-5732-4343,0,1,0,0,0,0,0,0,0
YV7VXZCY9_5630-6500-6142-7012,0,1,0,0,0,0,0,0,0
YV7VXZCY9_6142-6500-6654-7012,0,1,0,0,0,0,0,0,0
YV7VXZCY9_4096-7565-4608-8077,0,1,0,0,0,0,0,0,0
YV7VXZCY9_3959-2323-4471-2835,0,1,0,0,0,0,0,0,0
YV7VXZCY9_5678-5384-6190-5896,0,1,0,0,0,0,0,0,0
YV7VXZCY9_4186-4638-4698-5150,0,1,0,0,0,0,0,0,0
YV7VXZCY9_6142-7012-6654-7524,0,1,0,0,0,0,0,0,0
YV7VXZCY9_5732-3831-6244-4343,0,1,0,0,0,0,0,0,0
YV7VXZCY9_6244-3831-6756-4343,0,1,0,0,0,0,0,0,0
YV7VXZCY9_6654-6500-7166-7012,0,1,0,0,0,0,0,0,0
YV7VXZCY9_6190-5384-6702-5896,0,1,0,0,0,0,0,0,0
YV7VXZCY9_6654-7012-7166-7524,0,1,0,0,0,0,0,0,0
YV7VXZCY9_6190-4872-6702-5384,0,1,0,0,0,0,0,0,0
YV7VXZCY9_6702-4872-7214-5384,0,1,0,0,0,0,0,0,0
YV7VXZCY9_6756-3831-7268-4343,0,1,0,0,0,0,0,0,0
YV7VXZCY9_7166-7012-7678-7524,0,1,0,0,0,0,0,0,0
YV7VXZCY9_7166-7524-7678-8036,0,1,0,0,0,0,0,0,0
YV7VXZCY9_7214-4872-7726-5384,0,1,0,0,0,0,0,0,0
YV7VXZCY9_7268-3831-7780-4343,0,1,0,0,0,0,0,0,0
YV7VXZCY9_7780-3831-8292-4343,0,1,0,0,0,0,0,0,0
YV7VXZCY9_7726-4872-8238-5384,0,1,0,0,0,0,0,0,0
YV7VXZCY9_7678-7524-8190-8036,0,1,0,0,0,0,0,0,0
YV7VXZCY9_8190-7524-8702-8036,0,1,0,0,0,0,0,0,0
YV7VXZCY9_8190-8036-8702-8548,0,1,0,0,0,0,0,0,0
YV7VXZCY9_8238-4872-8750-5384,0,1,0,0,0,0,0,0,0
YV7VXZCY9_8292-3831-8804-4343,0,1,0,0,0,0,0,0,0
YV7VXZCY9_9214-7524-9726-8036,0,1,0,0,0,0,0,0,0
YV7VXZCY9_8702-8036-9214-8548,0,1,0,0,0,0,0,0,0
YV7VXZCY9_9214-8036-9726-8548,0,1,0,0,0,0,0,0,0
YV7VXZCY9_8702-7524-9214-8036,0,1,0,0,0,0,0,0,0
YV7VXZCY9_9214-8548-9726-9060,0,1,0,0,0,0,0,0,0
YV7VXZCY9_9726-7524-10238-8036,0,1,0,0,0,0,0,0,0
YV7VXZCY9_9726-8548-10238-9060,0,1,0,0,0,0,0,0,0
YV7VXZCY9_9726-8036-10238-8548,0,1,0,0,0,0,0,0,0
YVMDPQ7QC_5433-8150-5945-8662,0,0,0,0,0,0,0,0,1
YVRZRJ666_1027-6298-1539-6810,0,1,0,0,0,0,0,0,0
YVRZRJ666_1027-4762-1539-5274,0,1,0,0,0,0,0,0,0
YVRZRJ666_1539-4762-2051-5274,0,1,0,0,0,0,0,0,0
YVRZRJ666_1027-5786-1539-6298,0,1,0,0,0,0,0,0,0
YVRZRJ666_1027-5274-1539-5786,0,1,0,0,0,0,0,0,0
YVRZRJ666_1027-6810-1539-7322,0,1,0,0,0,0,0,0,0
YVRZRJ666_1539-5274-2051-5786,0,1,0,0,0,0,0,0,0
YVRZRJ666_1539-6810-2051-7322,0,1,0,0,0,0,0,0,0
YVRZRJ666_1539-6298-2051-6810,0,1,0,0,0,0,0,0,0
YVRZRJ666_1539-8346-2051-8858,0,1,0,0,0,0,0,0,0
YVRZRJ666_1539-7322-2051-7834,0,1,0,0,0,0,0,0,0
YVRZRJ666_1539-7834-2051-8346,0,1,0,0,0,0,0,0,0
YVRZRJ666_2051-5274-2563-5786,0,1,0,0,0,0,0,0,0
YVRZRJ666_2051-5786-2563-6298,0,1,0,0,0,0,0,0,0
YVRZRJ666_2051-6298-2563-6810,0,1,0,0,0,0,0,0,0
YVRZRJ666_2051-8858-2563-9370,0,1,0,0,0,0,0,0,0
YVRZRJ666_2051-7834-2563-8346,0,1,0,0,0,0,0,0,0
YVRZRJ666_2051-7322-2563-7834,0,1,0,0,0,0,0,0,0
YVRZRJ666_2563-6810-3075-7322,0,1,0,0,0,0,0,0,0
YVRZRJ666_2563-7834-3075-8346,0,1,0,0,0,0,0,0,0
YVRZRJ666_2563-5274-3075-5786,0,1,0,0,0,0,0,0,0
YVRZRJ666_2563-7322-3075-7834,0,1,0,0,0,0,0,0,0
YVRZRJ666_2563-5786-3075-6298,0,1,0,0,0,0,0,0,0
YVRZRJ666_2563-8858-3075-9370,0,1,0,0,0,0,0,0,0
YVRZRJ666_3075-5274-3587-5786,0,1,0,0,0,0,0,0,0
YVRZRJ666_3075-6810-3587-7322,0,1,0,0,0,0,0,0,0
YVRZRJ666_3075-7834-3587-8346,0,1,0,0,0,0,0,0,0
YVRZRJ666_4099-8346-4611-8858,0,1,0,0,0,0,0,0,0
YVRZRJ666_3587-8858-4099-9370,0,1,0,0,0,0,0,0,0
YVRZRJ666_3587-7834-4099-8346,0,1,0,0,0,0,0,0,0
YVRZRJ666_3075-8858-3587-9370,0,1,0,0,0,0,0,0,0
YVRZRJ666_4099-8858-4611-9370,0,1,0,0,0,0,0,0,0
YVRZRJ666_4611-8346-5123-8858,0,1,0,0,0,0,0,0,0
YVRZRJ666_4611-8858-5123-9370,0,1,0,0,0,0,0,0,0
YVRZRJ666_5123-8346-5635-8858,0,1,0,0,0,0,0,0,0
YVRZRJ666_5123-8858-5635-9370,0,1,0,0,0,0,0,0,0
YVRZRJ666_5360-11087-5872-11599,0,1,0,0,0,0,0,0,0
YVRZRJ666_5360-11599-5872-12111,0,1,0,0,0,0,0,0,0
YVRZRJ666_5360-12111-5872-12623,0,1,0,0,0,0,0,0,0
YVRZRJ666_5563-5330-6075-5842,0,1,0,0,0,0,0,0,0
YVRZRJ666_5360-10575-5872-11087,0,1,0,0,0,0,0,0,0
YVRZRJ666_5563-5842-6075-6354,0,1,0,0,0,0,0,0,0
YVRZRJ666_5812-8295-6324-8807,0,1,0,0,0,0,0,0,0
YVRZRJ666_5812-8807-6324-9319,0,1,0,0,0,0,0,0,0
YVRZRJ666_5812-9319-6324-9831,0,1,0,0,0,0,0,0,0
YVRZRJ666_5812-7783-6324-8295,0,1,0,0,0,0,0,0,0
YVRZRJ666_5872-10575-6384-11087,0,1,0,0,0,0,0,0,0
YVRZRJ666_5872-11087-6384-11599,0,1,0,0,0,0,0,0,0
YVRZRJ666_6075-5330-6587-5842,0,1,0,0,0,0,0,0,0
YVRZRJ666_5872-11599-6384-12111,0,1,0,0,0,0,0,0,0
YVRZRJ666_6075-5842-6587-6354,0,1,0,0,0,0,0,0,0
YVRZRJ666_6075-6354-6587-6866,0,1,0,0,0,0,0,0,0
YVRZRJ666_6318-1288-6830-1800,0,1,0,0,0,0,0,0,0
YVRZRJ666_6324-8295-6836-8807,0,1,0,0,0,0,0,0,0
YVRZRJ666_6324-8807-6836-9319,0,1,0,0,0,0,0,0,0
YVRZRJ666_6324-9319-6836-9831,0,1,0,0,0,0,0,0,0
YVRZRJ666_6587-5842-7099-6354,0,1,0,0,0,0,0,0,0
YVRZRJ666_6587-5330-7099-5842,0,1,0,0,0,0,0,0,0
YVU8YPCDR_10108-7692-10620-8204,0,1,0,0,0,0,0,0,0
YVRZRJ666_6587-6354-7099-6866,0,1,0,0,0,0,0,0,0
YVU8YPCDR_646-908-1158-1420,0,1,0,0,0,0,0,0,0
YVU8YPCDR_6122-4431-6634-4943,0,1,0,0,0,0,0,0,0
YVU8YPCDR_6634-4431-7146-4943,0,1,0,0,0,0,0,0,0
YVU8YPCDR_6661-3219-7173-3731,0,1,0,0,0,0,0,0,0
YVU8YPCDR_7803-5210-8315-5722,0,1,0,0,0,0,0,0,0
YVU8YPCDR_8003-2961-8515-3473,0,1,0,0,0,0,0,0,0
YVU8YPCDR_8093-6225-8605-6737,0,1,0,0,0,0,0,0,0
YVU8YPCDR_8209-2737-8721-3249,0,1,0,0,0,0,0,0,0
YVU8YPCDR_8580-3380-9092-3892,0,1,0,0,0,0,0,0,0
YVU8YPCDR_9596-7692-10108-8204,0,1,0,0,0,0,0,0,0
YVU8YPCDR_9084-7692-9596-8204,0,1,0,0,0,0,0,0,0
YVU8YPCDR_8605-6225-9117-6737,0,1,0,0,0,0,0,0,0
YVU8YPCDR_8775-6060-9287-6572,0,1,0,0,0,0,0,0,0
YVU8YPCDR_8950-2155-9462-2667,0,1,0,0,0,0,0,0,0
YVU8YPCDR_9501-7130-10013-7642,0,1,0,0,0,0,0,0,0
YVU8YPCDR_9636-5620-10148-6132,0,1,0,0,0,0,0,0,0
YVU8YPCDR_9737-3833-10249-4345,0,1,0,0,0,0,0,0,0
YVU8YPCDR_9743-6520-10255-7032,0,1,0,0,0,0,0,0,0
YVU8YPCDR_9793-5083-10305-5595,0,1,0,0,0,0,0,0,0
YVU8YPCDR_9886-2625-10398-3137,0,1,0,0,0,0,0,0,0
YVU8YPCDR_9901-1349-10413-1861,0,1,0,0,0,0,0,0,0
YVU8YPCDR_9957-3987-10469-4499,0,1,0,0,0,0,0,0,0
YVU8YPCDR_9976-3050-10488-3562,0,1,0,0,0,0,0,0,0
YVZY1E3IK_1507-3019-2019-3531,0,0,0,0,0,0,1,0,0
YVZY1E3IK_1507-4043-2019-4555,0,0,0,0,0,0,1,0,0
YVZY1E3IK_1507-4555-2019-5067,0,0,0,0,0,0,1,0,0
YVZY1E3IK_18258-2962-18770-3474,0,0,0,0,0,0,1,0,0
YVZY1E3IK_17746-2962-18258-3474,0,0,0,0,0,0,1,0,0
YVZY1E3IK_1507-7627-2019-8139,0,0,0,0,0,0,1,0,0
YVZY1E3IK_18258-3474-18770-3986,0,0,0,0,0,0,1,0,0
YVZY1E3IK_1507-5579-2019-6091,0,0,0,0,0,0,1,0,0
YVZY1E3IK_1507-5067-2019-5579,0,0,0,0,0,0,1,0,0
YVZY1E3IK_1507-7115-2019-7627,0,0,0,0,0,0,1,0,0
YVZY1E3IK_18770-2962-19282-3474,0,0,0,0,0,0,1,0,0
YVZY1E3IK_18770-3474-19282-3986,0,0,0,0,0,0,1,0,0
YVZY1E3IK_18770-3986-19282-4498,0,0,0,0,0,0,1,0,0
YVZY1E3IK_18770-4498-19282-5010,0,0,0,0,0,0,1,0,0
YVZY1E3IK_18770-5522-19282-6034,0,0,0,0,0,0,1,0,0
YVZY1E3IK_18770-5010-19282-5522,0,0,0,0,0,0,1,0,0
YVZY1E3IK_19282-6034-19794-6546,0,0,0,0,0,0,1,0,0
YVZY1E3IK_18770-6034-19282-6546,0,0,0,0,0,0,1,0,0
YVZY1E3IK_19282-6546-19794-7058,0,0,0,0,0,0,1,0,0
YVZY1E3IK_19282-7058-19794-7570,0,0,0,0,0,0,1,0,0
YVZY1E3IK_19794-7058-20306-7570,0,0,0,0,0,0,1,0,0
YVZY1E3IK_19794-7570-20306-8082,0,0,0,0,0,0,1,0,0
YVZY1E3IK_2019-7627-2531-8139,0,0,0,0,0,0,1,0,0
YVZY1E3IK_2019-4555-2531-5067,0,0,0,0,0,0,1,0,0
YVZY1E3IK_19889-5642-20401-6154,0,0,0,0,0,0,1,0,0
YVZY1E3IK_2019-4043-2531-4555,0,0,0,0,0,0,1,0,0
YVZY1E3IK_2019-5067-2531-5579,0,0,0,0,0,0,1,0,0
YVZY1E3IK_2019-8139-2531-8651,0,0,0,0,0,0,1,0,0
YVZY1E3IK_20401-5642-20913-6154,0,0,0,0,0,0,1,0,0
YVZY1E3IK_2531-4043-3043-4555,0,0,0,0,0,0,1,0,0
YVZY1E3IK_2531-3531-3043-4043,0,0,0,0,0,0,1,0,0
YVZY1E3IK_20913-5642-21425-6154,0,0,0,0,0,0,1,0,0
YVZY1E3IK_2874-7709-3386-8221,0,0,0,0,0,0,1,0,0
YVZY1E3IK_2531-8139-3043-8651,0,0,0,0,0,0,1,0,0
YVZY1E3IK_3386-7197-3898-7709,0,0,0,0,0,0,1,0,0
YVZY1E3IK_2874-8221-3386-8733,0,0,0,0,0,0,1,0,0
YVZY1E3IK_3386-8221-3898-8733,0,0,0,0,0,0,1,0,0
YVZY1E3IK_3386-7709-3898-8221,0,0,0,0,0,0,1,0,0
YVZY1E3IK_3898-7197-4410-7709,0,0,0,0,0,0,1,0,0
YVZY1E3IK_5294-5489-5806-6001,0,0,0,0,0,0,1,0,0
YVZY1E3IK_5294-7537-5806-8049,0,0,0,0,0,0,1,0,0
YVZY1E3IK_5294-6513-5806-7025,0,0,0,0,0,0,1,0,0
YVZY1E3IK_5294-6001-5806-6513,0,0,0,0,0,0,1,0,0
YVZY1E3IK_5294-4977-5806-5489,0,0,0,0,0,0,1,0,0
YVZY1E3IK_5294-7025-5806-7537,0,0,0,0,0,0,1,0,0
YVZY1E3IK_5294-8049-5806-8561,0,0,0,0,0,0,1,0,0
YVZY1E3IK_5806-4977-6318-5489,0,0,0,0,0,0,1,0,0
YVZY1E3IK_6830-3953-7342-4465,0,0,0,0,0,0,1,0,0
YVZY1E3IK_6318-4977-6830-5489,0,0,0,0,0,0,1,0,0
YVZY1E3IK_5806-5489-6318-6001,0,0,0,0,0,0,1,0,0
YVZY1E3IK_6830-4465-7342-4977,0,0,0,0,0,0,1,0,0
YVZY1E3IK_6318-4465-6830-4977,0,0,0,0,0,0,1,0,0
YVZY1E3IK_995-3019-1507-3531,0,0,0,0,0,0,1,0,0
YVZY1E3IK_7342-3953-7854-4465,0,0,0,0,0,0,1,0,0
YVZY1E3IK_995-3531-1507-4043,0,0,0,0,0,0,1,0,0
YVZY1E3IK_995-4043-1507-4555,0,0,0,0,0,0,1,0,0
YVZY1E3IK_995-7115-1507-7627,0,0,0,0,0,0,1,0,0
YVZY1E3IK_995-6091-1507-6603,0,0,0,0,0,0,1,0,0
YVZY1E3IK_995-4555-1507-5067,0,0,0,0,0,0,1,0,0
YVZY1E3IK_995-6603-1507-7115,0,0,0,0,0,0,1,0,0
YWTNZL7NF_1561-6799-2073-7311,0,0,0,0,0,0,1,0,0
YVZY1E3IK_995-5579-1507-6091,0,0,0,0,0,0,1,0,0
YWTNZL7NF_2073-7311-2585-7823,0,0,0,0,0,0,1,0,0
YWTNZL7NF_2073-6799-2585-7311,0,0,0,0,0,0,1,0,0
YWTNZL7NF_2585-7311-3097-7823,0,0,0,0,0,0,1,0,0
YWTNZL7NF_3097-7311-3609-7823,0,0,0,0,0,0,1,0,0
YWTNZL7NF_3097-7823-3609-8335,0,0,0,0,0,0,1,0,0
YWTNZL7NF_3609-8335-4121-8847,0,0,0,0,0,0,1,0,0
YWTNZL7NF_3609-7823-4121-8335,0,0,0,0,0,0,1,0,0
YWTNZL7NF_4009-2395-4521-2907,0,1,0,0,0,0,0,0,0
YWTNZL7NF_4121-8335-4633-8847,0,0,0,0,0,0,1,0,0
YWTNZL7NF_4388-8535-4900-9047,0,0,0,0,0,0,1,0,0
YWTNZL7NF_4957-8865-5469-9377,0,0,0,0,0,0,1,0,0
YWTNZL7NF_4900-8535-5412-9047,0,0,0,0,0,0,1,0,0
YWTNZL7NF_5828-8502-6340-9014,0,0,0,0,0,0,1,0,0
YWTNZL7NF_4957-9377-5469-9889,0,0,0,0,0,0,1,0,0
YWTNZL7NF_6340-8502-6852-9014,0,0,0,0,0,0,1,0,0
YXJ6QICCJ_2400-1259-2912-1771,0,0,0,0,0,0,0,0,1
YWTNZL7NF_5442-8547-5954-9059,0,0,0,0,0,0,1,0,0
YY8EPIW1C_10011-16217-10523-16729,0,1,0,0,0,0,0,0,0
YY8EPIW1C_10011-16729-10523-17241,0,1,0,0,0,0,0,0,0
YY8EPIW1C_10011-17241-10523-17753,0,1,0,0,0,0,0,0,0
YY8EPIW1C_10138-13157-10650-13669,0,1,0,0,0,0,0,0,0
YY8EPIW1C_10085-12808-10597-13320,0,1,0,0,0,0,0,0,0
YY8EPIW1C_10138-11109-10650-11621,0,1,0,0,0,0,0,0,0
YY8EPIW1C_10138-11621-10650-12133,0,1,0,0,0,0,0,0,0
YY8EPIW1C_10205-10210-10717-10722,0,1,0,0,0,0,0,0,0
YY8EPIW1C_10205-10722-10717-11234,0,1,0,0,0,0,0,0,0
YY8EPIW1C_10205-14818-10717-15330,0,1,0,0,0,0,0,0,0
YY8EPIW1C_10205-12258-10717-12770,0,1,0,0,0,0,0,0,0
YY8EPIW1C_10205-13794-10717-14306,0,1,0,0,0,0,0,0,0
YY8EPIW1C_10205-14306-10717-14818,0,1,0,0,0,0,0,0,0
YY8EPIW1C_10205-19426-10717-19938,0,1,0,0,0,0,0,0,0
YY8EPIW1C_10205-15330-10717-15842,0,1,0,0,0,0,0,0,0
YY8EPIW1C_10205-18914-10717-19426,0,1,0,0,0,0,0,0,0
YY8EPIW1C_10205-17378-10717-17890,0,1,0,0,0,0,0,0,0
YY8EPIW1C_10205-19938-10717-20450,0,1,0,0,0,0,0,0,0
YY8EPIW1C_10205-16866-10717-17378,0,1,0,0,0,0,0,0,0
YY8EPIW1C_10205-15842-10717-16354,0,1,0,0,0,0,0,0,0
YY8EPIW1C_10205-16354-10717-16866,0,1,0,0,0,0,0,0,0
YY8EPIW1C_10233-5199-10745-5711,0,1,0,0,0,0,0,0,0
YY8EPIW1C_10205-9186-10717-9698,0,1,0,0,0,0,0,0,0
YY8EPIW1C_10233-6223-10745-6735,0,1,0,0,0,0,0,0,0
YY8EPIW1C_10205-20450-10717-20962,0,1,0,0,0,0,0,0,0
YY8EPIW1C_10233-5711-10745-6223,0,1,0,0,0,0,0,0,0
YY8EPIW1C_10250-611-10762-1123,0,1,0,0,0,0,0,0,0
YY8EPIW1C_10523-17753-11035-18265,0,1,0,0,0,0,0,0,0
YY8EPIW1C_10523-16729-11035-17241,0,1,0,0,0,0,0,0,0
YY8EPIW1C_10523-17241-11035-17753,0,1,0,0,0,0,0,0,0
YY8EPIW1C_10597-12808-11109-13320,0,1,0,0,0,0,0,0,0
YY8EPIW1C_10597-14344-11109-14856,0,1,0,0,0,0,0,0,0
YY8EPIW1C_10597-15880-11109-16392,0,1,0,0,0,0,0,0,0
YY8EPIW1C_10597-14856-11109-15368,0,1,0,0,0,0,0,0,0
YY8EPIW1C_10597-13832-11109-14344,0,1,0,0,0,0,0,0,0
YY8EPIW1C_10597-15368-11109-15880,0,1,0,0,0,0,0,0,0
YY8EPIW1C_10690-2748-11202-3260,0,1,0,0,0,0,0,0,0
YY8EPIW1C_10650-13157-11162-13669,0,1,0,0,0,0,0,0,0
YY8EPIW1C_10650-12133-11162-12645,0,1,0,0,0,0,0,0,0
YY8EPIW1C_10717-11234-11229-11746,0,1,0,0,0,0,0,0,0
YY8EPIW1C_10717-11746-11229-12258,0,1,0,0,0,0,0,0,0
YY8EPIW1C_10717-16866-11229-17378,0,1,0,0,0,0,0,0,0
YY8EPIW1C_10717-17890-11229-18402,0,1,0,0,0,0,0,0,0
YY8EPIW1C_10717-17378-11229-17890,0,1,0,0,0,0,0,0,0
YY8EPIW1C_10717-18914-11229-19426,0,1,0,0,0,0,0,0,0
YY8EPIW1C_10717-18402-11229-18914,0,1,0,0,0,0,0,0,0
YY8EPIW1C_10717-19938-11229-20450,0,1,0,0,0,0,0,0,0
YY8EPIW1C_10717-20450-11229-20962,0,1,0,0,0,0,0,0,0
YY8EPIW1C_10717-19426-11229-19938,0,1,0,0,0,0,0,0,0
YY8EPIW1C_11035-16729-11547-17241,0,1,0,0,0,0,0,0,0
YY8EPIW1C_10717-9186-11229-9698,0,1,0,0,0,0,0,0,0
YY8EPIW1C_10762-611-11274-1123,0,1,0,0,0,0,0,0,0
YY8EPIW1C_11035-17241-11547-17753,0,1,0,0,0,0,0,0,0
YY8EPIW1C_1095-19876-1607-20388,0,1,0,0,0,0,0,0,0
YY8EPIW1C_10745-5199-11257-5711,0,1,0,0,0,0,0,0,0
YY8EPIW1C_10920-2639-11432-3151,0,1,0,0,0,0,0,0,0
YY8EPIW1C_10830-9654-11342-10166,0,1,0,0,0,0,0,0,0
YY8EPIW1C_11054-9384-11566-9896,0,1,0,0,0,0,0,0,0
YY8EPIW1C_11162-12645-11674-13157,0,1,0,0,0,0,0,0,0
YY8EPIW1C_11162-12133-11674-12645,0,1,0,0,0,0,0,0,0
YY8EPIW1C_11054-9896-11566-10408,0,1,0,0,0,0,0,0,0
YY8EPIW1C_11035-17753-11547-18265,0,1,0,0,0,0,0,0,0
YY8EPIW1C_11202-2748-11714-3260,0,1,0,0,0,0,0,0,0
YY8EPIW1C_11229-11234-11741-11746,0,1,0,0,0,0,0,0,0
YY8EPIW1C_11229-11746-11741-12258,0,1,0,0,0,0,0,0,0
YY8EPIW1C_11229-13794-11741-14306,0,1,0,0,0,0,0,0,0
YY8EPIW1C_11229-14306-11741-14818,0,1,0,0,0,0,0,0,0
YY8EPIW1C_11229-13282-11741-13794,0,1,0,0,0,0,0,0,0
YY8EPIW1C_11229-14818-11741-15330,0,1,0,0,0,0,0,0,0
YY8EPIW1C_11229-15842-11741-16354,0,1,0,0,0,0,0,0,0
YY8EPIW1C_11229-15330-11741-15842,0,1,0,0,0,0,0,0,0
YY8EPIW1C_11229-16866-11741-17378,0,1,0,0,0,0,0,0,0
YY8EPIW1C_11229-19426-11741-19938,0,1,0,0,0,0,0,0,0
YY8EPIW1C_11229-18402-11741-18914,0,1,0,0,0,0,0,0,0
YY8EPIW1C_11229-18914-11741-19426,0,1,0,0,0,0,0,0,0
YY8EPIW1C_11229-20450-11741-20962,0,1,0,0,0,0,0,0,0
YY8EPIW1C_11229-19938-11741-20450,0,1,0,0,0,0,0,0,0
YY8EPIW1C_11407-10090-11919-10602,0,1,0,0,0,0,0,0,0
YY8EPIW1C_11274-611-11786-1123,0,1,0,0,0,0,0,0,0
YY8EPIW1C_11229-9698-11741-10210,0,1,0,0,0,0,0,0,0
YY8EPIW1C_1153-1373-1665-1885,0,1,0,0,0,0,0,0,0
YY8EPIW1C_11430-2606-11942-3118,0,1,0,0,0,0,0,0,0
YY8EPIW1C_1153-1885-1665-2397,0,1,0,0,0,0,0,0,0
YY8EPIW1C_11407-10602-11919-11114,0,1,0,0,0,0,0,0,0
YY8EPIW1C_11621-14856-12133-15368,0,1,0,0,0,0,0,0,0
YY8EPIW1C_1153-349-1665-861,0,1,0,0,0,0,0,0,0
YY8EPIW1C_11566-9896-12078-10408,0,1,0,0,0,0,0,0,0
YY8EPIW1C_11621-14344-12133-14856,0,1,0,0,0,0,0,0,0
YY8EPIW1C_1153-861-1665-1373,0,1,0,0,0,0,0,0,0
YY8EPIW1C_11566-9384-12078-9896,0,1,0,0,0,0,0,0,0
YY8EPIW1C_1153-2397-1665-2909,0,1,0,0,0,0,0,0,0
YY8EPIW1C_11621-15368-12133-15880,0,1,0,0,0,0,0,0,0
YY8EPIW1C_11621-15880-12133-16392,0,1,0,0,0,0,0,0,0
YY8EPIW1C_11731-19568-12243-20080,0,1,0,0,0,0,0,0,0
YY8EPIW1C_11674-11109-12186-11621,0,1,0,0,0,0,0,0,0
YY8EPIW1C_11674-13157-12186-13669,0,1,0,0,0,0,0,0,0
YY8EPIW1C_11674-12133-12186-12645,0,1,0,0,0,0,0,0,0
YY8EPIW1C_11674-11621-12186-12133,0,1,0,0,0,0,0,0,0
YY8EPIW1C_11741-10210-12253-10722,0,1,0,0,0,0,0,0,0
YY8EPIW1C_11741-13794-12253-14306,0,1,0,0,0,0,0,0,0
YY8EPIW1C_11741-12770-12253-13282,0,1,0,0,0,0,0,0,0
YY8EPIW1C_11741-17890-12253-18402,0,1,0,0,0,0,0,0,0
YY8EPIW1C_11741-19938-12253-20450,0,1,0,0,0,0,0,0,0
YY8EPIW1C_11741-18914-12253-19426,0,1,0,0,0,0,0,0,0
YY8EPIW1C_11741-16354-12253-16866,0,1,0,0,0,0,0,0,0
YY8EPIW1C_11741-9698-12253-10210,0,1,0,0,0,0,0,0,0
YY8EPIW1C_11741-18402-12253-18914,0,1,0,0,0,0,0,0,0
YY8EPIW1C_11741-9186-12253-9698,0,1,0,0,0,0,0,0,0
YY8EPIW1C_11786-611-12298-1123,0,1,0,0,0,0,0,0,0
YY8EPIW1C_11799-4743-12311-5255,0,1,0,0,0,0,0,0,0
YY8EPIW1C_11799-5255-12311-5767,0,1,0,0,0,0,0,0,0
YY8EPIW1C_1181-3676-1693-4188,0,1,0,0,0,0,0,0,0
YY8EPIW1C_1181-5212-1693-5724,0,1,0,0,0,0,0,0,0
YY8EPIW1C_1181-3164-1693-3676,0,1,0,0,0,0,0,0,0
YY8EPIW1C_1181-4188-1693-4700,0,1,0,0,0,0,0,0,0
YY8EPIW1C_1181-4700-1693-5212,0,1,0,0,0,0,0,0,0
YY8EPIW1C_1181-6748-1693-7260,0,1,0,0,0,0,0,0,0
YY8EPIW1C_1181-6236-1693-6748,0,1,0,0,0,0,0,0,0
YY8EPIW1C_1181-5724-1693-6236,0,1,0,0,0,0,0,0,0
YY8EPIW1C_11919-10602-12431-11114,0,1,0,0,0,0,0,0,0
YY8EPIW1C_11828-11334-12340-11846,0,1,0,0,0,0,0,0,0
YY8EPIW1C_11969-1657-12481-2169,0,1,0,0,0,0,0,0,0
YY8EPIW1C_1181-7260-1693-7772,0,1,0,0,0,0,0,0,0
YY8EPIW1C_11907-8749-12419-9261,0,1,0,0,0,0,0,0,0
YY8EPIW1C_1181-7772-1693-8284,0,1,0,0,0,0,0,0,0
YY8EPIW1C_12038-5087-12550-5599,0,1,0,0,0,0,0,0,0
YY8EPIW1C_11942-2606-12454-3118,0,1,0,0,0,0,0,0,0
YY8EPIW1C_11828-11846-12340-12358,0,1,0,0,0,0,0,0,0
YY8EPIW1C_12038-6111-12550-6623,0,1,0,0,0,0,0,0,0
YY8EPIW1C_12038-6623-12550-7135,0,1,0,0,0,0,0,0,0
YY8EPIW1C_12038-5599-12550-6111,0,1,0,0,0,0,0,0,0
YY8EPIW1C_12078-9384-12590-9896,0,1,0,0,0,0,0,0,0
YY8EPIW1C_12078-9896-12590-10408,0,1,0,0,0,0,0,0,0
YY8EPIW1C_12082-3716-12594-4228,0,1,0,0,0,0,0,0,0
YY8EPIW1C_12117-4491-12629-5003,0,1,0,0,0,0,0,0,0
YY8EPIW1C_12083-1280-12595-1792,0,1,0,0,0,0,0,0,0
YY8EPIW1C_12133-12808-12645-13320,0,1,0,0,0,0,0,0,0
YY8EPIW1C_12133-15368-12645-15880,0,1,0,0,0,0,0,0,0
YY8EPIW1C_12133-13320-12645-13832,0,1,0,0,0,0,0,0,0
YY8EPIW1C_12212-16023-12724-16535,0,1,0,0,0,0,0,0,0
YY8EPIW1C_12134-2250-12646-2762,0,1,0,0,0,0,0,0,0
YY8EPIW1C_12253-10722-12765-11234,0,1,0,0,0,0,0,0,0
YY8EPIW1C_12133-13832-12645-14344,0,1,0,0,0,0,0,0,0
YY8EPIW1C_12253-10210-12765-10722,0,1,0,0,0,0,0,0,0
YY8EPIW1C_12203-1888-12715-2400,0,1,0,0,0,0,0,0,0
YY8EPIW1C_12253-11746-12765-12258,0,1,0,0,0,0,0,0,0
YY8EPIW1C_12253-16354-12765-16866,0,1,0,0,0,0,0,0,0
YY8EPIW1C_12253-12258-12765-12770,0,1,0,0,0,0,0,0,0
YY8EPIW1C_12253-17378-12765-17890,0,1,0,0,0,0,0,0,0
YY8EPIW1C_12253-17890-12765-18402,0,1,0,0,0,0,0,0,0
YY8EPIW1C_12253-18402-12765-18914,0,1,0,0,0,0,0,0,0
YY8EPIW1C_12253-18914-12765-19426,0,1,0,0,0,0,0,0,0
YY8EPIW1C_12253-19938-12765-20450,0,1,0,0,0,0,0,0,0
YY8EPIW1C_12253-19426-12765-19938,0,1,0,0,0,0,0,0,0
YY8EPIW1C_12253-20450-12765-20962,0,1,0,0,0,0,0,0,0
YY8EPIW1C_12253-8162-12765-8674,0,1,0,0,0,0,0,0,0
YY8EPIW1C_12253-9186-12765-9698,0,1,0,0,0,0,0,0,0
YY8EPIW1C_12481-1657-12993-2169,0,1,0,0,0,0,0,0,0
YY8EPIW1C_12253-9698-12765-10210,0,1,0,0,0,0,0,0,0
YY8EPIW1C_12398-2475-12910-2987,0,1,0,0,0,0,0,0,0
YY8EPIW1C_12419-8749-12931-9261,0,1,0,0,0,0,0,0,0
YY8EPIW1C_12431-11114-12943-11626,0,1,0,0,0,0,0,0,0
YY8EPIW1C_12298-611-12810-1123,0,1,0,0,0,0,0,0,0
YY8EPIW1C_12497-13684-13009-14196,0,1,0,0,0,0,0,0,0
YY8EPIW1C_12500-7811-13012-8323,0,1,0,0,0,0,0,0,0
YY8EPIW1C_12500-8323-13012-8835,0,1,0,0,0,0,0,0,0
YY8EPIW1C_12497-14196-13009-14708,0,1,0,0,0,0,0,0,0
YY8EPIW1C_12543-12250-13055-12762,0,1,0,0,0,0,0,0,0
YY8EPIW1C_12550-5087-13062-5599,0,1,0,0,0,0,0,0,0
YY8EPIW1C_12550-5599-13062-6111,0,1,0,0,0,0,0,0,0
YY8EPIW1C_12561-3087-13073-3599,0,1,0,0,0,0,0,0,0
YY8EPIW1C_12550-6111-13062-6623,0,1,0,0,0,0,0,0,0
YY8EPIW1C_12590-9896-13102-10408,0,1,0,0,0,0,0,0,0
YY8EPIW1C_12550-7135-13062-7647,0,1,0,0,0,0,0,0,0
YY8EPIW1C_12550-6623-13062-7135,0,1,0,0,0,0,0,0,0
YY8EPIW1C_12594-15053-13106-15565,0,1,0,0,0,0,0,0,0
YY8EPIW1C_12594-15565-13106-16077,0,1,0,0,0,0,0,0,0
YY8EPIW1C_12563-4317-13075-4829,0,1,0,0,0,0,0,0,0
YY8EPIW1C_12594-3716-13106-4228,0,1,0,0,0,0,0,0,0
YY8EPIW1C_12594-16077-13106-16589,0,1,0,0,0,0,0,0,0
YY8EPIW1C_12599-18815-13111-19327,0,1,0,0,0,0,0,0,0
YY8EPIW1C_12595-1280-13107-1792,0,1,0,0,0,0,0,0,0
YY8EPIW1C_12599-19839-13111-20351,0,1,0,0,0,0,0,0,0
YY8EPIW1C_12599-19327-13111-19839,0,1,0,0,0,0,0,0,0
YY8EPIW1C_12763-4584-13275-5096,0,1,0,0,0,0,0,0,0
YY8EPIW1C_12599-20351-13111-20863,0,1,0,0,0,0,0,0,0
YY8EPIW1C_12862-3646-13374-4158,0,1,0,0,0,0,0,0,0
YY8EPIW1C_12862-3134-13374-3646,0,1,0,0,0,0,0,0,0
YY8EPIW1C_12910-1963-13422-2475,0,1,0,0,0,0,0,0,0
YY8EPIW1C_12937-1296-13449-1808,0,1,0,0,0,0,0,0,0
YY8EPIW1C_13075-4317-13587-4829,0,1,0,0,0,0,0,0,0
YY8EPIW1C_12910-2475-13422-2987,0,1,0,0,0,0,0,0,0
YY8EPIW1C_12937-784-13449-1296,0,1,0,0,0,0,0,0,0
YY8EPIW1C_13084-1658-13596-2170,0,1,0,0,0,0,0,0,0
YY8EPIW1C_1344-2924-1856-3436,0,1,0,0,0,0,0,0,0
YY8EPIW1C_1501-11234-2013-11746,0,1,0,0,0,0,0,0,0
YY8EPIW1C_1501-12770-2013-13282,0,1,0,0,0,0,0,0,0
YY8EPIW1C_1501-11746-2013-12258,0,1,0,0,0,0,0,0,0
YY8EPIW1C_1501-12258-2013-12770,0,1,0,0,0,0,0,0,0
YY8EPIW1C_1501-13282-2013-13794,0,1,0,0,0,0,0,0,0
YY8EPIW1C_1501-19938-2013-20450,0,1,0,0,0,0,0,0,0
YY8EPIW1C_1501-14306-2013-14818,0,1,0,0,0,0,0,0,0
YY8EPIW1C_1501-8162-2013-8674,0,1,0,0,0,0,0,0,0
YY8EPIW1C_1501-18914-2013-19426,0,1,0,0,0,0,0,0,0
YY8EPIW1C_1501-18402-2013-18914,0,1,0,0,0,0,0,0,0
YY8EPIW1C_1501-13794-2013-14306,0,1,0,0,0,0,0,0,0
YY8EPIW1C_1693-3164-2205-3676,0,1,0,0,0,0,0,0,0
YY8EPIW1C_1693-4700-2205-5212,0,1,0,0,0,0,0,0,0
YY8EPIW1C_1693-3676-2205-4188,0,1,0,0,0,0,0,0,0
YY8EPIW1C_2013-11234-2525-11746,0,1,0,0,0,0,0,0,0
YY8EPIW1C_1807-305-2319-817,0,1,0,0,0,0,0,0,0
YY8EPIW1C_1774-2029-2286-2541,0,1,0,0,0,0,0,0,0
YY8EPIW1C_1693-4188-2205-4700,0,1,0,0,0,0,0,0,0
YY8EPIW1C_2013-14306-2525-14818,0,1,0,0,0,0,0,0,0
YY8EPIW1C_2013-16354-2525-16866,0,1,0,0,0,0,0,0,0
YY8EPIW1C_2013-14818-2525-15330,0,1,0,0,0,0,0,0,0
YY8EPIW1C_2013-15330-2525-15842,0,1,0,0,0,0,0,0,0
YY8EPIW1C_2013-16866-2525-17378,0,1,0,0,0,0,0,0,0
YY8EPIW1C_2013-19938-2525-20450,0,1,0,0,0,0,0,0,0
YY8EPIW1C_2255-8119-2767-8631,0,1,0,0,0,0,0,0,0
YY8EPIW1C_2013-18402-2525-18914,0,1,0,0,0,0,0,0,0
YY8EPIW1C_2255-7607-2767-8119,0,1,0,0,0,0,0,0,0
YY8EPIW1C_2255-3511-2767-4023,0,1,0,0,0,0,0,0,0
YY8EPIW1C_2286-2029-2798-2541,0,1,0,0,0,0,0,0,0
YY8EPIW1C_2319-305-2831-817,0,1,0,0,0,0,0,0,0
YY8EPIW1C_2319-817-2831-1329,0,1,0,0,0,0,0,0,0
YY8EPIW1C_2525-10722-3037-11234,0,1,0,0,0,0,0,0,0
YY8EPIW1C_2525-15842-3037-16354,0,1,0,0,0,0,0,0,0
YY8EPIW1C_2525-17378-3037-17890,0,1,0,0,0,0,0,0,0
YY8EPIW1C_2525-16866-3037-17378,0,1,0,0,0,0,0,0,0
YY8EPIW1C_2525-16354-3037-16866,0,1,0,0,0,0,0,0,0
YY8EPIW1C_2525-17890-3037-18402,0,1,0,0,0,0,0,0,0
YY8EPIW1C_2525-19938-3037-20450,0,1,0,0,0,0,0,0,0
YY8EPIW1C_2767-3511-3279-4023,0,1,0,0,0,0,0,0,0
YY8EPIW1C_2525-8162-3037-8674,0,1,0,0,0,0,0,0,0
YY8EPIW1C_2767-4023-3279-4535,0,1,0,0,0,0,0,0,0
YY8EPIW1C_2767-7607-3279-8119,0,1,0,0,0,0,0,0,0
YY8EPIW1C_3037-10722-3549-11234,0,1,0,0,0,0,0,0,0
YY8EPIW1C_3037-11234-3549-11746,0,1,0,0,0,0,0,0,0
YY8EPIW1C_2798-2029-3310-2541,0,1,0,0,0,0,0,0,0
YY8EPIW1C_2831-817-3343-1329,0,1,0,0,0,0,0,0,0
YY8EPIW1C_2831-305-3343-817,0,1,0,0,0,0,0,0,0
YY8EPIW1C_3279-3511-3791-4023,0,1,0,0,0,0,0,0,0
YY8EPIW1C_3037-8162-3549-8674,0,1,0,0,0,0,0,0,0
YY8EPIW1C_3279-6583-3791-7095,0,1,0,0,0,0,0,0,0
YY8EPIW1C_3279-4535-3791-5047,0,1,0,0,0,0,0,0,0
YY8EPIW1C_3279-7095-3791-7607,0,1,0,0,0,0,0,0,0
YY8EPIW1C_3279-4023-3791-4535,0,1,0,0,0,0,0,0,0
YY8EPIW1C_3037-19938-3549-20450,0,1,0,0,0,0,0,0,0
YY8EPIW1C_3279-7607-3791-8119,0,1,0,0,0,0,0,0,0
YY8EPIW1C_3343-305-3855-817,0,1,0,0,0,0,0,0,0
YY8EPIW1C_3343-817-3855-1329,0,1,0,0,0,0,0,0,0
YY8EPIW1C_3310-2029-3822-2541,0,1,0,0,0,0,0,0,0
YY8EPIW1C_3549-11746-4061-12258,0,1,0,0,0,0,0,0,0
YY8EPIW1C_3726-19897-4238-20409,0,1,0,0,0,0,0,0,0
YY8EPIW1C_3791-5047-4303-5559,0,1,0,0,0,0,0,0,0
YY8EPIW1C_3549-11234-4061-11746,0,1,0,0,0,0,0,0,0
YY8EPIW1C_3791-4023-4303-4535,0,1,0,0,0,0,0,0,0
YY8EPIW1C_3791-4535-4303-5047,0,1,0,0,0,0,0,0,0
YY8EPIW1C_3791-3511-4303-4023,0,1,0,0,0,0,0,0,0
YY8EPIW1C_3855-817-4367-1329,0,1,0,0,0,0,0,0,0
YY8EPIW1C_3822-2029-4334-2541,0,1,0,0,0,0,0,0,0
YY8EPIW1C_3791-6071-4303-6583,0,1,0,0,0,0,0,0,0
YY8EPIW1C_3791-5559-4303-6071,0,1,0,0,0,0,0,0,0
YY8EPIW1C_3936-20198-4448-20710,0,1,0,0,0,0,0,0,0
YY8EPIW1C_3855-305-4367-817,0,1,0,0,0,0,0,0,0
YY8EPIW1C_3791-8119-4303-8631,0,1,0,0,0,0,0,0,0
YY8EPIW1C_4061-19938-4573-20450,0,1,0,0,0,0,0,0,0
YY8EPIW1C_4061-11746-4573-12258,0,1,0,0,0,0,0,0,0
YY8EPIW1C_4061-20450-4573-20962,0,1,0,0,0,0,0,0,0
YY8EPIW1C_4061-12258-4573-12770,0,1,0,0,0,0,0,0,0
YY8EPIW1C_4303-6583-4815-7095,0,1,0,0,0,0,0,0,0
YY8EPIW1C_4238-16825-4750-17337,0,1,0,0,0,0,0,0,0
YY8EPIW1C_4264-2068-4776-2580,0,1,0,0,0,0,0,0,0
YY8EPIW1C_4264-3604-4776-4116,0,1,0,0,0,0,0,0,0
YY8EPIW1C_4303-7095-4815-7607,0,1,0,0,0,0,0,0,0
YY8EPIW1C_4264-1044-4776-1556,0,1,0,0,0,0,0,0,0
YY8EPIW1C_4264-532-4776-1044,0,1,0,0,0,0,0,0,0
YY8EPIW1C_4448-20198-4960-20710,0,1,0,0,0,0,0,0,0
YY8EPIW1C_4573-10210-5085-10722,0,1,0,0,0,0,0,0,0
YY8EPIW1C_4303-7607-4815-8119,0,1,0,0,0,0,0,0,0
YY8EPIW1C_4367-817-4879-1329,0,1,0,0,0,0,0,0,0
YY8EPIW1C_4367-305-4879-817,0,1,0,0,0,0,0,0,0
YY8EPIW1C_4303-8119-4815-8631,0,1,0,0,0,0,0,0,0
YY8EPIW1C_4573-11746-5085-12258,0,1,0,0,0,0,0,0,0
YY8EPIW1C_4573-12258-5085-12770,0,1,0,0,0,0,0,0,0
YY8EPIW1C_4573-12770-5085-13282,0,1,0,0,0,0,0,0,0
YY8EPIW1C_4573-16866-5085-17378,0,1,0,0,0,0,0,0,0
YY8EPIW1C_4573-13282-5085-13794,0,1,0,0,0,0,0,0,0
YY8EPIW1C_4573-8162-5085-8674,0,1,0,0,0,0,0,0,0
YY8EPIW1C_4573-9698-5085-10210,0,1,0,0,0,0,0,0,0
YY8EPIW1C_4750-16313-5262-16825,0,1,0,0,0,0,0,0,0
YY8EPIW1C_4573-20450-5085-20962,0,1,0,0,0,0,0,0,0
YY8EPIW1C_4750-17849-5262-18361,0,1,0,0,0,0,0,0,0
YY8EPIW1C_4750-17337-5262-17849,0,1,0,0,0,0,0,0,0
YY8EPIW1C_4750-18361-5262-18873,0,1,0,0,0,0,0,0,0
YY8EPIW1C_4750-19897-5262-20409,0,1,0,0,0,0,0,0,0
YY8EPIW1C_4750-19385-5262-19897,0,1,0,0,0,0,0,0,0
YY8EPIW1C_4750-18873-5262-19385,0,1,0,0,0,0,0,0,0
YY8EPIW1C_4776-3604-5288-4116,0,1,0,0,0,0,0,0,0
YY8EPIW1C_4776-532-5288-1044,0,1,0,0,0,0,0,0,0
YY8EPIW1C_4815-5559-5327-6071,0,1,0,0,0,0,0,0,0
YY8EPIW1C_4815-6071-5327-6583,0,1,0,0,0,0,0,0,0
YY8EPIW1C_4879-305-5391-817,0,1,0,0,0,0,0,0,0
YY8EPIW1C_4815-7607-5327-8119,0,1,0,0,0,0,0,0,0
YY8EPIW1C_4815-6583-5327-7095,0,1,0,0,0,0,0,0,0
YY8EPIW1C_4879-817-5391-1329,0,1,0,0,0,0,0,0,0
YY8EPIW1C_5085-10210-5597-10722,0,1,0,0,0,0,0,0,0
YY8EPIW1C_5085-13282-5597-13794,0,1,0,0,0,0,0,0,0
YY8EPIW1C_5085-12258-5597-12770,0,1,0,0,0,0,0,0,0
YY8EPIW1C_4960-20198-5472-20710,0,1,0,0,0,0,0,0,0
YY8EPIW1C_5085-11746-5597-12258,0,1,0,0,0,0,0,0,0
YY8EPIW1C_5085-12770-5597-13282,0,1,0,0,0,0,0,0,0
YY8EPIW1C_5085-17890-5597-18402,0,1,0,0,0,0,0,0,0
YY8EPIW1C_5085-18914-5597-19426,0,1,0,0,0,0,0,0,0
YY8EPIW1C_5085-18402-5597-18914,0,1,0,0,0,0,0,0,0
YY8EPIW1C_5085-8674-5597-9186,0,1,0,0,0,0,0,0,0
YY8EPIW1C_5085-20450-5597-20962,0,1,0,0,0,0,0,0,0
YY8EPIW1C_5262-15289-5774-15801,0,1,0,0,0,0,0,0,0
YY8EPIW1C_5085-9186-5597-9698,0,1,0,0,0,0,0,0,0
YY8EPIW1C_5262-19385-5774-19897,0,1,0,0,0,0,0,0,0
YY8EPIW1C_5262-16825-5774-17337,0,1,0,0,0,0,0,0,0
YY8EPIW1C_5262-15801-5774-16313,0,1,0,0,0,0,0,0,0
YY8EPIW1C_5262-16313-5774-16825,0,1,0,0,0,0,0,0,0
YY8EPIW1C_5262-19897-5774-20409,0,1,0,0,0,0,0,0,0
YY8EPIW1C_5288-3604-5800-4116,0,1,0,0,0,0,0,0,0
YY8EPIW1C_5288-2068-5800-2580,0,1,0,0,0,0,0,0,0
YY8EPIW1C_5288-1044-5800-1556,0,1,0,0,0,0,0,0,0
YY8EPIW1C_5288-2580-5800-3092,0,1,0,0,0,0,0,0,0
YY8EPIW1C_5288-1556-5800-2068,0,1,0,0,0,0,0,0,0
YY8EPIW1C_5327-2999-5839-3511,0,1,0,0,0,0,0,0,0
YY8EPIW1C_5288-4116-5800-4628,0,1,0,0,0,0,0,0,0
YY8EPIW1C_5327-5047-5839-5559,0,1,0,0,0,0,0,0,0
YY8EPIW1C_5288-532-5800-1044,0,1,0,0,0,0,0,0,0
YY8EPIW1C_5327-4535-5839-5047,0,1,0,0,0,0,0,0,0
YY8EPIW1C_5327-7607-5839-8119,0,1,0,0,0,0,0,0,0
YY8EPIW1C_5327-8119-5839-8631,0,1,0,0,0,0,0,0,0
YY8EPIW1C_5327-5559-5839-6071,0,1,0,0,0,0,0,0,0
YY8EPIW1C_5597-10722-6109-11234,0,1,0,0,0,0,0,0,0
YY8EPIW1C_5597-12770-6109-13282,0,1,0,0,0,0,0,0,0
YY8EPIW1C_5597-13282-6109-13794,0,1,0,0,0,0,0,0,0
YY8EPIW1C_5597-10210-6109-10722,0,1,0,0,0,0,0,0,0
YY8EPIW1C_5597-18402-6109-18914,0,1,0,0,0,0,0,0,0
YY8EPIW1C_5597-16866-6109-17378,0,1,0,0,0,0,0,0,0
YY8EPIW1C_5597-15330-6109-15842,0,1,0,0,0,0,0,0,0
YY8EPIW1C_5597-15842-6109-16354,0,1,0,0,0,0,0,0,0
YY8EPIW1C_5597-16354-6109-16866,0,1,0,0,0,0,0,0,0
YY8EPIW1C_5597-18914-6109-19426,0,1,0,0,0,0,0,0,0
YY8EPIW1C_5597-8162-6109-8674,0,1,0,0,0,0,0,0,0
YY8EPIW1C_5597-19426-6109-19938,0,1,0,0,0,0,0,0,0
YY8EPIW1C_5597-19938-6109-20450,0,1,0,0,0,0,0,0,0
YY8EPIW1C_5774-17337-6286-17849,0,1,0,0,0,0,0,0,0
YY8EPIW1C_5774-17849-6286-18361,0,1,0,0,0,0,0,0,0
YY8EPIW1C_5597-9186-6109-9698,0,1,0,0,0,0,0,0,0
YY8EPIW1C_5800-3604-6312-4116,0,1,0,0,0,0,0,0,0
YY8EPIW1C_5597-8674-6109-9186,0,1,0,0,0,0,0,0,0
YY8EPIW1C_5839-2999-6351-3511,0,1,0,0,0,0,0,0,0
YY8EPIW1C_5839-4023-6351-4535,0,1,0,0,0,0,0,0,0
YY8EPIW1C_5839-4535-6351-5047,0,1,0,0,0,0,0,0,0
YY8EPIW1C_5800-532-6312-1044,0,1,0,0,0,0,0,0,0
YY8EPIW1C_5839-7095-6351-7607,0,1,0,0,0,0,0,0,0
YY8EPIW1C_5839-5047-6351-5559,0,1,0,0,0,0,0,0,0
YY8EPIW1C_5839-6583-6351-7095,0,1,0,0,0,0,0,0,0
YY8EPIW1C_6109-10210-6621-10722,0,1,0,0,0,0,0,0,0
YY8EPIW1C_6109-10722-6621-11234,0,1,0,0,0,0,0,0,0
YY8EPIW1C_6109-11234-6621-11746,0,1,0,0,0,0,0,0,0
YY8EPIW1C_6109-11746-6621-12258,0,1,0,0,0,0,0,0,0
YY8EPIW1C_6109-13794-6621-14306,0,1,0,0,0,0,0,0,0
YY8EPIW1C_6109-12258-6621-12770,0,1,0,0,0,0,0,0,0
YY8EPIW1C_6109-12770-6621-13282,0,1,0,0,0,0,0,0,0
YY8EPIW1C_6109-13282-6621-13794,0,1,0,0,0,0,0,0,0
YY8EPIW1C_6109-16354-6621-16866,0,1,0,0,0,0,0,0,0
YY8EPIW1C_6109-16866-6621-17378,0,1,0,0,0,0,0,0,0
YY8EPIW1C_6109-14306-6621-14818,0,1,0,0,0,0,0,0,0
YY8EPIW1C_6109-17378-6621-17890,0,1,0,0,0,0,0,0,0
YY8EPIW1C_6109-18914-6621-19426,0,1,0,0,0,0,0,0,0
YY8EPIW1C_6109-19426-6621-19938,0,1,0,0,0,0,0,0,0
YY8EPIW1C_6109-17890-6621-18402,0,1,0,0,0,0,0,0,0
YY8EPIW1C_6109-9698-6621-10210,0,1,0,0,0,0,0,0,0
YY8EPIW1C_6109-9186-6621-9698,0,1,0,0,0,0,0,0,0
YY8EPIW1C_6109-8674-6621-9186,0,1,0,0,0,0,0,0,0
YY8EPIW1C_6170-18218-6682-18730,0,1,0,0,0,0,0,0,0
YY8EPIW1C_6170-20266-6682-20778,0,1,0,0,0,0,0,0,0
YY8EPIW1C_6170-19754-6682-20266,0,1,0,0,0,0,0,0,0
YY8EPIW1C_6351-2999-6863-3511,0,1,0,0,0,0,0,0,0
YY8EPIW1C_6351-4535-6863-5047,0,1,0,0,0,0,0,0,0
YY8EPIW1C_6312-532-6824-1044,0,1,0,0,0,0,0,0,0
YY8EPIW1C_6312-3604-6824-4116,0,1,0,0,0,0,0,0,0
YY8EPIW1C_6351-5047-6863-5559,0,1,0,0,0,0,0,0,0
YY8EPIW1C_6351-4023-6863-4535,0,1,0,0,0,0,0,0,0
YY8EPIW1C_6351-5559-6863-6071,0,1,0,0,0,0,0,0,0
YY8EPIW1C_6351-6071-6863-6583,0,1,0,0,0,0,0,0,0
YY8EPIW1C_6621-10210-7133-10722,0,1,0,0,0,0,0,0,0
YY8EPIW1C_6621-11746-7133-12258,0,1,0,0,0,0,0,0,0
YY8EPIW1C_6621-10722-7133-11234,0,1,0,0,0,0,0,0,0
YY8EPIW1C_6621-11234-7133-11746,0,1,0,0,0,0,0,0,0
YY8EPIW1C_6621-12258-7133-12770,0,1,0,0,0,0,0,0,0
YY8EPIW1C_6621-14306-7133-14818,0,1,0,0,0,0,0,0,0
YY8EPIW1C_6621-12770-7133-13282,0,1,0,0,0,0,0,0,0
YY8EPIW1C_6621-13794-7133-14306,0,1,0,0,0,0,0,0,0
YY8EPIW1C_6621-16866-7133-17378,0,1,0,0,0,0,0,0,0
YY8EPIW1C_6621-16354-7133-16866,0,1,0,0,0,0,0,0,0
YY8EPIW1C_6682-20266-7194-20778,0,1,0,0,0,0,0,0,0
YY8EPIW1C_6621-17378-7133-17890,0,1,0,0,0,0,0,0,0
YY8EPIW1C_6621-17890-7133-18402,0,1,0,0,0,0,0,0,0
YY8EPIW1C_6621-18914-7133-19426,0,1,0,0,0,0,0,0,0
YY8EPIW1C_6621-19938-7133-20450,0,1,0,0,0,0,0,0,0
YY8EPIW1C_6621-19426-7133-19938,0,1,0,0,0,0,0,0,0
YY8EPIW1C_6621-9186-7133-9698,0,1,0,0,0,0,0,0,0
YY8EPIW1C_6682-18218-7194-18730,0,1,0,0,0,0,0,0,0
YY8EPIW1C_6824-532-7336-1044,0,1,0,0,0,0,0,0,0
YY8EPIW1C_6863-2999-7375-3511,0,1,0,0,0,0,0,0,0
YY8EPIW1C_6863-3511-7375-4023,0,1,0,0,0,0,0,0,0
YY8EPIW1C_6824-4116-7336-4628,0,1,0,0,0,0,0,0,0
YY8EPIW1C_6863-5559-7375-6071,0,1,0,0,0,0,0,0,0
YY8EPIW1C_6863-5047-7375-5559,0,1,0,0,0,0,0,0,0
YY8EPIW1C_6863-4535-7375-5047,0,1,0,0,0,0,0,0,0
YY8EPIW1C_7133-10210-7645-10722,0,1,0,0,0,0,0,0,0
YY8EPIW1C_7133-12770-7645-13282,0,1,0,0,0,0,0,0,0
YY8EPIW1C_7133-13282-7645-13794,0,1,0,0,0,0,0,0,0
YY8EPIW1C_7133-13794-7645-14306,0,1,0,0,0,0,0,0,0
YY8EPIW1C_7133-16866-7645-17378,0,1,0,0,0,0,0,0,0
YY8EPIW1C_7133-17378-7645-17890,0,1,0,0,0,0,0,0,0
YY8EPIW1C_7133-14818-7645-15330,0,1,0,0,0,0,0,0,0
YY8EPIW1C_7133-16354-7645-16866,0,1,0,0,0,0,0,0,0
YY8EPIW1C_7133-15842-7645-16354,0,1,0,0,0,0,0,0,0
YY8EPIW1C_7133-15330-7645-15842,0,1,0,0,0,0,0,0,0
YY8EPIW1C_7133-18914-7645-19426,0,1,0,0,0,0,0,0,0
YY8EPIW1C_7194-18218-7706-18730,0,1,0,0,0,0,0,0,0
YY8EPIW1C_7133-19938-7645-20450,0,1,0,0,0,0,0,0,0
YY8EPIW1C_7133-9186-7645-9698,0,1,0,0,0,0,0,0,0
YY8EPIW1C_7133-9698-7645-10210,0,1,0,0,0,0,0,0,0
YY8EPIW1C_7194-20266-7706-20778,0,1,0,0,0,0,0,0,0
YY8EPIW1C_7336-532-7848-1044,0,1,0,0,0,0,0,0,0
YY8EPIW1C_7336-2580-7848-3092,0,1,0,0,0,0,0,0,0
YY8EPIW1C_7375-2999-7887-3511,0,1,0,0,0,0,0,0,0
YY8EPIW1C_7375-5559-7887-6071,0,1,0,0,0,0,0,0,0
YY8EPIW1C_7375-4535-7887-5047,0,1,0,0,0,0,0,0,0
YY8EPIW1C_7645-13794-8157-14306,0,1,0,0,0,0,0,0,0
YY8EPIW1C_7375-6071-7887-6583,0,1,0,0,0,0,0,0,0
YY8EPIW1C_7645-16866-8157-17378,0,1,0,0,0,0,0,0,0
YY8EPIW1C_7487-11319-7999-11831,0,1,0,0,0,0,0,0,0
YY8EPIW1C_7645-10210-8157-10722,0,1,0,0,0,0,0,0,0
YY8EPIW1C_7645-16354-8157-16866,0,1,0,0,0,0,0,0,0
YY8EPIW1C_7645-15842-8157-16354,0,1,0,0,0,0,0,0,0
YY8EPIW1C_7645-17890-8157-18402,0,1,0,0,0,0,0,0,0
YY8EPIW1C_7706-18218-8218-18730,0,1,0,0,0,0,0,0,0
YY8EPIW1C_7645-19938-8157-20450,0,1,0,0,0,0,0,0,0
YY8EPIW1C_7645-9698-8157-10210,0,1,0,0,0,0,0,0,0
YY8EPIW1C_7706-20266-8218-20778,0,1,0,0,0,0,0,0,0
YY8EPIW1C_7848-1556-8360-2068,0,1,0,0,0,0,0,0,0
YY8EPIW1C_7848-2068-8360-2580,0,1,0,0,0,0,0,0,0
YY8EPIW1C_7848-2580-8360-3092,0,1,0,0,0,0,0,0,0
YY8EPIW1C_7848-4116-8360-4628,0,1,0,0,0,0,0,0,0
YY8EPIW1C_7848-532-8360-1044,0,1,0,0,0,0,0,0,0
YY8EPIW1C_7887-2999-8399-3511,0,1,0,0,0,0,0,0,0
YY8EPIW1C_7887-3511-8399-4023,0,1,0,0,0,0,0,0,0
YY8EPIW1C_7887-8119-8399-8631,0,1,0,0,0,0,0,0,0
YY8EPIW1C_7887-6583-8399-7095,0,1,0,0,0,0,0,0,0
YY8EPIW1C_7887-4535-8399-5047,0,1,0,0,0,0,0,0,0
YY8EPIW1C_7887-7095-8399-7607,0,1,0,0,0,0,0,0,0
YY8EPIW1C_7887-5559-8399-6071,0,1,0,0,0,0,0,0,0
YY8EPIW1C_7887-6071-8399-6583,0,1,0,0,0,0,0,0,0
YY8EPIW1C_8157-15330-8669-15842,0,1,0,0,0,0,0,0,0
YY8EPIW1C_8157-15842-8669-16354,0,1,0,0,0,0,0,0,0
YY8EPIW1C_8157-10210-8669-10722,0,1,0,0,0,0,0,0,0
YY8EPIW1C_8157-14306-8669-14818,0,1,0,0,0,0,0,0,0
YY8EPIW1C_8157-16866-8669-17378,0,1,0,0,0,0,0,0,0
YY8EPIW1C_8157-19938-8669-20450,0,1,0,0,0,0,0,0,0
YY8EPIW1C_8157-17890-8669-18402,0,1,0,0,0,0,0,0,0
YY8EPIW1C_8157-8162-8669-8674,0,1,0,0,0,0,0,0,0
YY8EPIW1C_8157-9698-8669-10210,0,1,0,0,0,0,0,0,0
YY8EPIW1C_8218-18730-8730-19242,0,1,0,0,0,0,0,0,0
YY8EPIW1C_8218-18218-8730-18730,0,1,0,0,0,0,0,0,0
YY8EPIW1C_8218-20266-8730-20778,0,1,0,0,0,0,0,0,0
YY8EPIW1C_8360-3604-8872-4116,0,1,0,0,0,0,0,0,0
YY8EPIW1C_8360-4116-8872-4628,0,1,0,0,0,0,0,0,0
YY8EPIW1C_8360-532-8872-1044,0,1,0,0,0,0,0,0,0
YY8EPIW1C_8360-1556-8872-2068,0,1,0,0,0,0,0,0,0
YY8EPIW1C_8360-2580-8872-3092,0,1,0,0,0,0,0,0,0
YY8EPIW1C_8360-1044-8872-1556,0,1,0,0,0,0,0,0,0
YY8EPIW1C_8399-2999-8911-3511,0,1,0,0,0,0,0,0,0
YY8EPIW1C_8399-7607-8911-8119,0,1,0,0,0,0,0,0,0
YY8EPIW1C_8399-7095-8911-7607,0,1,0,0,0,0,0,0,0
YY8EPIW1C_8399-6583-8911-7095,0,1,0,0,0,0,0,0,0
YY8EPIW1C_8399-4535-8911-5047,0,1,0,0,0,0,0,0,0
YY8EPIW1C_8669-14306-9181-14818,0,1,0,0,0,0,0,0,0
YY8EPIW1C_8669-12770-9181-13282,0,1,0,0,0,0,0,0,0
YY8EPIW1C_8669-14818-9181-15330,0,1,0,0,0,0,0,0,0
YY8EPIW1C_8669-16866-9181-17378,0,1,0,0,0,0,0,0,0
YY8EPIW1C_8669-15330-9181-15842,0,1,0,0,0,0,0,0,0
YY8EPIW1C_8669-17378-9181-17890,0,1,0,0,0,0,0,0,0
YY8EPIW1C_8669-19938-9181-20450,0,1,0,0,0,0,0,0,0
YY8EPIW1C_8669-18914-9181-19426,0,1,0,0,0,0,0,0,0
YY8EPIW1C_8669-8162-9181-8674,0,1,0,0,0,0,0,0,0
YY8EPIW1C_8669-9698-9181-10210,0,1,0,0,0,0,0,0,0
YY8EPIW1C_8730-19242-9242-19754,0,1,0,0,0,0,0,0,0
YY8EPIW1C_8669-18402-9181-18914,0,1,0,0,0,0,0,0,0
YY8EPIW1C_8730-20266-9242-20778,0,1,0,0,0,0,0,0,0
YY8EPIW1C_8872-2580-9384-3092,0,1,0,0,0,0,0,0,0
YY8EPIW1C_8872-532-9384-1044,0,1,0,0,0,0,0,0,0
YY8EPIW1C_8872-3604-9384-4116,0,1,0,0,0,0,0,0,0
YY8EPIW1C_8872-1044-9384-1556,0,1,0,0,0,0,0,0,0
YY8EPIW1C_8911-4023-9423-4535,0,1,0,0,0,0,0,0,0
YY8EPIW1C_8911-2999-9423-3511,0,1,0,0,0,0,0,0,0
YY8EPIW1C_8911-4535-9423-5047,0,1,0,0,0,0,0,0,0
YY8EPIW1C_8911-5047-9423-5559,0,1,0,0,0,0,0,0,0
YY8EPIW1C_9061-14856-9573-15368,0,1,0,0,0,0,0,0,0
YY8EPIW1C_9114-13157-9626-13669,0,1,0,0,0,0,0,0,0
YY8EPIW1C_8911-7095-9423-7607,0,1,0,0,0,0,0,0,0
YY8EPIW1C_9181-14306-9693-14818,0,1,0,0,0,0,0,0,0
YY8EPIW1C_9181-12258-9693-12770,0,1,0,0,0,0,0,0,0
YY8EPIW1C_9181-12770-9693-13282,0,1,0,0,0,0,0,0,0
YY8EPIW1C_9181-11746-9693-12258,0,1,0,0,0,0,0,0,0
YY8EPIW1C_9181-15842-9693-16354,0,1,0,0,0,0,0,0,0
YY8EPIW1C_9181-15330-9693-15842,0,1,0,0,0,0,0,0,0
YY8EPIW1C_9181-18402-9693-18914,0,1,0,0,0,0,0,0,0
YY8EPIW1C_9181-19426-9693-19938,0,1,0,0,0,0,0,0,0
YY8EPIW1C_9181-19938-9693-20450,0,1,0,0,0,0,0,0,0
YY8EPIW1C_9181-20450-9693-20962,0,1,0,0,0,0,0,0,0
YY8EPIW1C_9181-18914-9693-19426,0,1,0,0,0,0,0,0,0
YY8EPIW1C_9181-8674-9693-9186,0,1,0,0,0,0,0,0,0
YY8EPIW1C_9181-8162-9693-8674,0,1,0,0,0,0,0,0,0
YY8EPIW1C_9181-9186-9693-9698,0,1,0,0,0,0,0,0,0
YY8EPIW1C_9181-9698-9693-10210,0,1,0,0,0,0,0,0,0
YY8EPIW1C_9384-2580-9896-3092,0,1,0,0,0,0,0,0,0
YY8EPIW1C_9384-3604-9896-4116,0,1,0,0,0,0,0,0,0
YY8EPIW1C_9384-4116-9896-4628,0,1,0,0,0,0,0,0,0
YY8EPIW1C_9384-532-9896-1044,0,1,0,0,0,0,0,0,0
YY8EPIW1C_9423-4535-9935-5047,0,1,0,0,0,0,0,0,0
YY8EPIW1C_9626-12133-10138-12645,0,1,0,0,0,0,0,0,0
YY8EPIW1C_9573-15880-10085-16392,0,1,0,0,0,0,0,0,0
YY8EPIW1C_9573-12808-10085-13320,0,1,0,0,0,0,0,0,0
YY8EPIW1C_9423-2999-9935-3511,0,1,0,0,0,0,0,0,0
YY8EPIW1C_9626-13157-10138-13669,0,1,0,0,0,0,0,0,0
YY8EPIW1C_9693-11234-10205-11746,0,1,0,0,0,0,0,0,0
YY8EPIW1C_9693-11746-10205-12258,0,1,0,0,0,0,0,0,0
YY8EPIW1C_9693-14306-10205-14818,0,1,0,0,0,0,0,0,0
YY8EPIW1C_9693-10210-10205-10722,0,1,0,0,0,0,0,0,0
YY8EPIW1C_9693-16354-10205-16866,0,1,0,0,0,0,0,0,0
YY8EPIW1C_9693-18914-10205-19426,0,1,0,0,0,0,0,0,0
YY8EPIW1C_9693-15330-10205-15842,0,1,0,0,0,0,0,0,0
YY8EPIW1C_9693-19938-10205-20450,0,1,0,0,0,0,0,0,0
YY8EPIW1C_9693-8162-10205-8674,0,1,0,0,0,0,0,0,0
YY8EPIW1C_9693-19426-10205-19938,0,1,0,0,0,0,0,0,0
YY8EPIW1C_9693-20450-10205-20962,0,1,0,0,0,0,0,0,0
YY8EPIW1C_9721-5711-10233-6223,0,1,0,0,0,0,0,0,0
YY8EPIW1C_989-10210-1501-10722,0,1,0,0,0,0,0,0,0
YY8EPIW1C_9721-6223-10233-6735,0,1,0,0,0,0,0,0,0
YY8EPIW1C_9693-8674-10205-9186,0,1,0,0,0,0,0,0,0
YY8EPIW1C_9693-9186-10205-9698,0,1,0,0,0,0,0,0,0
YY8EPIW1C_9737-10637-10249-11149,0,1,0,0,0,0,0,0,0
YY8EPIW1C_989-10722-1501-11234,0,1,0,0,0,0,0,0,0
YY8EPIW1C_989-11234-1501-11746,0,1,0,0,0,0,0,0,0
YY8EPIW1C_989-11746-1501-12258,0,1,0,0,0,0,0,0,0
YY8EPIW1C_989-12770-1501-13282,0,1,0,0,0,0,0,0,0
YY8EPIW1C_989-12258-1501-12770,0,1,0,0,0,0,0,0,0
YY8EPIW1C_989-13282-1501-13794,0,1,0,0,0,0,0,0,0
YY8EPIW1C_989-14306-1501-14818,0,1,0,0,0,0,0,0,0
YY8EPIW1C_989-13794-1501-14306,0,1,0,0,0,0,0,0,0
YY8EPIW1C_989-16354-1501-16866,0,1,0,0,0,0,0,0,0
YY8EPIW1C_989-15842-1501-16354,0,1,0,0,0,0,0,0,0
YY8EPIW1C_989-14818-1501-15330,0,1,0,0,0,0,0,0,0
YY8EPIW1C_989-9186-1501-9698,0,1,0,0,0,0,0,0,0
YY8EPIW1C_989-15330-1501-15842,0,1,0,0,0,0,0,0,0
YY8EPIW1C_989-8162-1501-8674,0,1,0,0,0,0,0,0,0
YY8EPIW1C_989-18914-1501-19426,0,1,0,0,0,0,0,0,0
YY8EPIW1C_9896-2580-10408-3092,0,1,0,0,0,0,0,0,0
YY8EPIW1C_989-16866-1501-17378,0,1,0,0,0,0,0,0,0
YY8EPIW1C_989-9698-1501-10210,0,1,0,0,0,0,0,0,0
YY8EPIW1C_9896-3092-10408-3604,0,1,0,0,0,0,0,0,0
YY8EPIW1C_9935-6071-10447-6583,0,1,0,0,0,0,0,0,0
YY8EPIW1C_9896-3604-10408-4116,0,1,0,0,0,0,0,0,0
YY8EPIW1C_9935-5559-10447-6071,0,1,0,0,0,0,0,0,0
YY8EPIW1C_9973-10489-10485-11001,0,1,0,0,0,0,0,0,0
YZ762F2A3_7926-1440-8438-1952,0,0,0,1,0,0,0,0,0
YZ762F2A3_7414-928-7926-1440,0,0,0,1,0,0,0,0,0
YZ762F2A3_7414-1440-7926-1952,0,0,0,1,0,0,0,0,0
YZ762F2A3_8909-5006-9421-5518,0,0,0,1,0,0,0,0,0
YZ89HVJGJ_340-920-852-1432,0,0,0,0,0,1,0,0,0
YZ762F2A3_7926-928-8438-1440,0,0,0,1,0,0,0,0,0
YZ762F2A3_8909-5518-9421-6030,0,0,0,1,0,0,0,0,0
YZ89HVJGJ_5152-794-5664-1306,0,0,0,0,0,1,0,0,0
YZ89HVJGJ_312-1411-824-1923,0,0,0,0,0,1,0,0,0
YZLJQZYK2_1020-1209-1532-1721,0,1,0,0,0,0,0,0,0
YZ89HVJGJ_669-2900-1181-3412,0,0,0,0,0,1,0,0,0
YZ89HVJGJ_5309-3042-5821-3554,0,0,0,0,0,1,0,0,0
YZLJQZYK2_1527-2606-2039-3118,0,1,0,0,0,0,0,0,0
YZLJQZYK2_2039-3118-2551-3630,0,1,0,0,0,0,0,0,0
YZLJQZYK2_1791-1888-2303-2400,0,1,0,0,0,0,0,0,0
YZLJQZYK2_1527-3118-2039-3630,0,1,0,0,0,0,0,0,0
YZLJQZYK2_1791-2400-2303-2912,0,1,0,0,0,0,0,0,0
YZLJQZYK2_2151-1464-2663-1976,0,1,0,0,0,0,0,0,0
YZLJQZYK2_2303-1888-2815-2400,0,1,0,0,0,0,0,0,0
YZLJQZYK2_2151-952-2663-1464,0,1,0,0,0,0,0,0,0
YZLJQZYK2_2303-2400-2815-2912,0,1,0,0,0,0,0,0,0
YZLJQZYK2_2513-827-3025-1339,0,1,0,0,0,0,0,0,0
YZLJQZYK2_2551-3118-3063-3630,0,1,0,0,0,0,0,0,0
YZLJQZYK2_2551-2606-3063-3118,0,1,0,0,0,0,0,0,0
YZLJQZYK2_2663-1464-3175-1976,0,1,0,0,0,0,0,0,0
YZLJQZYK2_2815-1888-3327-2400,0,1,0,0,0,0,0,0,0
YZLJQZYK2_2513-315-3025-827,0,1,0,0,0,0,0,0,0
YZLJQZYK2_3402-2223-3914-2735,0,1,0,0,0,0,0,0,0
YZLJQZYK2_3063-3118-3575-3630,0,1,0,0,0,0,0,0,0
YZLJQZYK2_3063-2606-3575-3118,0,1,0,0,0,0,0,0,0
YZLJQZYK2_2890-2223-3402-2735,0,1,0,0,0,0,0,0,0
YZLJQZYK2_3402-2735-3914-3247,0,1,0,0,0,0,0,0,0
YZLJQZYK2_3575-3118-4087-3630,0,1,0,0,0,0,0,0,0
YZLJQZYK2_3957-1909-4469-2421,0,1,0,0,0,0,0,0,0
YZLJQZYK2_3914-2223-4426-2735,0,1,0,0,0,0,0,0,0
YZLJQZYK2_4087-2606-4599-3118,0,1,0,0,0,0,0,0,0
YZLJQZYK2_4087-3118-4599-3630,0,1,0,0,0,0,0,0,0
YZLJQZYK2_4426-2223-4938-2735,0,1,0,0,0,0,0,0,0
YZLJQZYK2_4599-3118-5111-3630,0,1,0,0,0,0,0,0,0
YZLJQZYK2_4839-1594-5351-2106,0,1,0,0,0,0,0,0,0
YZLJQZYK2_475-2478-987-2990,0,1,0,0,0,0,0,0,0
YZLJQZYK2_4856-2719-5368-3231,0,1,0,0,0,0,0,0,0
YZLJQZYK2_4839-1082-5351-1594,0,1,0,0,0,0,0,0,0
YZLJQZYK2_4469-1909-4981-2421,0,1,0,0,0,0,0,0,0
YZLJQZYK2_4426-2735-4938-3247,0,1,0,0,0,0,0,0,0
YZLJQZYK2_4981-1909-5493-2421,0,1,0,0,0,0,0,0,0
YZLJQZYK2_4856-3231-5368-3743,0,1,0,0,0,0,0,0,0
YZLJQZYK2_5368-2719-5880-3231,0,1,0,0,0,0,0,0,0
YZLJQZYK2_508-1209-1020-1721,0,1,0,0,0,0,0,0,0
YZLJQZYK2_5368-3231-5880-3743,0,1,0,0,0,0,0,0,0
YZLJQZYK2_5880-2719-6392-3231,0,1,0,0,0,0,0,0,0
YZLJQZYK2_5493-1909-6005-2421,0,1,0,0,0,0,0,0,0
YZLJQZYK2_5880-3231-6392-3743,0,1,0,0,0,0,0,0,0
YZLJQZYK2_6970-1082-7482-1594,0,1,0,0,0,0,0,0,0
YZLJQZYK2_6729-313-7241-825,0,1,0,0,0,0,0,0,0
YZLJQZYK2_6392-2719-6904-3231,0,1,0,0,0,0,0,0,0
YZLJQZYK2_6729-825-7241-1337,0,1,0,0,0,0,0,0,0
YZLJQZYK2_7241-825-7753-1337,0,1,0,0,0,0,0,0,0
YZLJQZYK2_7241-313-7753-825,0,1,0,0,0,0,0,0,0
YZLJQZYK2_6392-3231-6904-3743,0,1,0,0,0,0,0,0,0
YZLJQZYK2_7482-1082-7994-1594,0,1,0,0,0,0,0,0,0
YZLJQZYK2_6904-3231-7416-3743,0,1,0,0,0,0,0,0,0
YZLJQZYK2_987-2478-1499-2990,0,1,0,0,0,0,0,0,0
Z1MZT44QZ_3642-516-4154-1028,0,0,1,0,0,0,0,0,0
Z1MZT44QZ_3325-1955-3837-2467,0,0,1,0,0,0,0,0,0
Z1MZT44QZ_2938-1656-3450-2168,0,0,1,0,0,0,0,0,0
Z1MZT44QZ_3433-1330-3945-1842,0,0,1,0,0,0,0,0,0
Z1MZT44QZ_3945-1330-4457-1842,0,0,1,0,0,0,0,0,0
Z1MZT44QZ_3717-1478-4229-1990,0,0,1,0,0,0,0,0,0
Z1MZT44QZ_3837-1955-4349-2467,0,0,1,0,0,0,0,0,0
Z1MZT44QZ_4912-356-5424-868,0,0,1,0,0,0,0,0,0
Z1MZT44QZ_4154-516-4666-1028,0,0,1,0,0,0,0,0,0
Z1MZT44QZ_797-1323-1309-1835,0,0,0,0,1,0,0,0,0
Z1MZT44QZ_842-592-1354-1104,0,0,0,0,1,0,0,0,0
Z1MZT44QZ_5080-580-5592-1092,0,0,1,0,1,0,0,0,0
Z1R9FGKE2_1431-1449-1943-1961,0,0,0,0,1,0,0,0,0
Z1MZT44QZ_4568-580-5080-1092,0,0,1,0,0,0,0,0,0
Z1MZT44QZ_5019-1711-5531-2223,0,0,0,0,1,0,0,0,0
Z1MZT44QZ_5014-950-5526-1462,0,0,0,0,1,0,0,0,0
Z1R9FGKE2_1511-12465-2023-12977,0,0,0,0,0,1,0,0,0
Z1R9FGKE2_2727-4891-3239-5403,0,0,0,0,0,1,0,0,0
Z1R9FGKE2_1888-12777-2400-13289,0,0,0,0,1,1,0,0,0
Z1R9FGKE2_2321-3599-2833-4111,0,0,0,0,1,0,0,0,0
Z1R9FGKE2_2400-12777-2912-13289,0,0,0,0,1,1,0,0,0
Z1R9FGKE2_2432-4105-2944-4617,0,0,0,0,1,0,0,0,0
Z1R9FGKE2_3214-5821-3726-6333,0,0,0,0,1,0,0,0,0
Z1R9FGKE2_2867-12774-3379-13286,0,0,0,0,1,1,0,0,0
Z1R9FGKE2_3379-12774-3891-13286,0,0,0,0,1,0,0,0,0
Z1R9FGKE2_3958-12788-4470-13300,0,0,0,0,1,1,0,0,0
Z1R9FGKE2_4470-12788-4982-13300,0,0,0,0,1,1,0,0,0
Z1R9FGKE2_3413-6070-3925-6582,0,0,0,0,1,0,0,0,0
Z1R9FGKE2_4453-8510-4965-9022,0,0,0,0,1,0,0,0,0
Z1R9FGKE2_4975-12788-5487-13300,0,0,0,0,1,1,0,0,0
Z1R9FGKE2_4188-8125-4700-8637,0,0,0,0,1,0,0,0,0
Z1R9FGKE2_5334-10500-5846-11012,0,0,0,0,1,0,0,0,0
Z1R9FGKE2_5487-12788-5999-13300,0,0,0,0,1,1,0,0,0
Z1R9FGKE2_5037-9721-5549-10233,0,0,0,0,1,0,0,0,0
Z1R9FGKE2_5524-10778-6036-11290,0,0,0,0,1,0,0,0,0
Z2MCPBP7Z_10091-6042-10603-6554,1,0,0,0,0,0,0,0,0
Z1R9FGKE2_5954-12786-6466-13298,0,0,0,0,1,1,0,0,0
Z1R9FGKE2_835-9992-1347-10504,0,0,0,0,0,0,0,0,1
Z1R9FGKE2_852-1582-1364-2094,0,0,0,0,0,0,0,0,1
Z1R9FGKE2_6466-12786-6978-13298,0,0,0,0,1,1,0,0,0
Z2MCPBP7Z_10091-6554-10603-7066,1,0,0,0,0,0,0,0,0
Z2MCPBP7Z_10143-1442-10655-1954,1,0,0,0,0,0,0,0,0
Z2MCPBP7Z_10143-1954-10655-2466,1,0,0,0,0,0,0,0,0
Z2MCPBP7Z_10414-7355-10926-7867,1,0,0,0,0,0,0,0,0
Z2MCPBP7Z_10414-5307-10926-5819,1,0,0,0,0,0,0,0,0
Z2MCPBP7Z_10414-6331-10926-6843,1,0,0,0,0,0,0,0,0
Z2MCPBP7Z_1444-3095-1956-3607,1,0,0,0,0,0,0,0,0
Z2MCPBP7Z_10414-5819-10926-6331,1,0,0,0,0,0,0,0,0
Z2MCPBP7Z_10603-6554-11115-7066,1,0,0,0,0,0,0,0,0
Z2MCPBP7Z_1444-2583-1956-3095,1,0,0,0,0,0,0,0,0
Z2MCPBP7Z_10603-6042-11115-6554,1,0,0,0,0,0,0,0,0
Z2MCPBP7Z_10414-6843-10926-7355,1,0,0,0,0,0,0,0,0
Z2MCPBP7Z_1444-4631-1956-5143,1,0,0,0,0,0,0,0,0
Z2MCPBP7Z_1444-3607-1956-4119,1,0,0,0,0,0,0,0,0
Z2MCPBP7Z_1444-5143-1956-5655,1,0,0,0,0,0,0,0,0
Z2MCPBP7Z_1678-1489-2190-2001,1,0,0,0,0,0,0,0,0
Z2MCPBP7Z_1444-4119-1956-4631,1,0,0,0,0,0,0,0,0
Z2MCPBP7Z_1678-2001-2190-2513,1,0,0,0,0,0,0,0,0
Z2MCPBP7Z_1956-3607-2468-4119,1,0,0,0,0,0,0,0,0
Z2MCPBP7Z_1956-3095-2468-3607,1,0,0,0,0,0,0,0,0
Z2MCPBP7Z_1956-5143-2468-5655,1,0,0,0,0,0,0,0,0
Z2MCPBP7Z_2118-2460-2630-2972,1,0,0,0,0,0,0,0,0
Z2MCPBP7Z_2468-4119-2980-4631,1,0,0,0,0,0,0,0,0
Z2MCPBP7Z_2468-3607-2980-4119,1,0,0,0,0,0,0,0,0
Z2MCPBP7Z_2190-2001-2702-2513,1,0,0,0,0,0,0,0,0
Z2MCPBP7Z_2214-886-2726-1398,1,0,0,0,0,0,0,0,0
Z2MCPBP7Z_2222-5307-2734-5819,1,0,0,0,0,0,0,0,0
Z2MCPBP7Z_2222-7355-2734-7867,1,0,0,0,0,0,0,0,0
Z2MCPBP7Z_2190-1489-2702-2001,1,0,0,0,0,0,0,0,0
Z2MCPBP7Z_2468-2071-2980-2583,1,0,0,0,0,0,0,0,0
Z2MCPBP7Z_2468-5143-2980-5655,1,0,0,0,0,0,0,0,0
Z2MCPBP7Z_2630-2972-3142-3484,1,0,0,0,0,0,0,0,0
Z2MCPBP7Z_2630-2460-3142-2972,1,0,0,0,0,0,0,0,0
Z2MCPBP7Z_2726-1398-3238-1910,1,0,0,0,0,0,0,0,0
Z2MCPBP7Z_2726-1910-3238-2422,1,0,0,0,0,0,0,0,0
Z2MCPBP7Z_2726-886-3238-1398,1,0,0,0,0,0,0,0,0
Z2MCPBP7Z_2734-6843-3246-7355,1,0,0,0,0,0,0,0,0
Z2MCPBP7Z_2734-5307-3246-5819,1,0,0,0,0,0,0,0,0
Z2MCPBP7Z_3238-886-3750-1398,1,0,0,0,0,0,0,0,0
Z2MCPBP7Z_2980-4631-3492-5143,1,0,0,0,0,0,0,0,0
Z2MCPBP7Z_3238-1910-3750-2422,1,0,0,0,0,0,0,0,0
Z2MCPBP7Z_2734-7355-3246-7867,1,0,0,0,0,0,0,0,0
Z2MCPBP7Z_3142-2972-3654-3484,1,0,0,0,0,0,0,0,0
Z2MCPBP7Z_3214-2513-3726-3025,1,0,0,0,0,0,0,0,0
Z2MCPBP7Z_3246-5307-3758-5819,1,0,0,0,0,0,0,0,0
Z2MCPBP7Z_3238-1398-3750-1910,1,0,0,0,0,0,0,0,0
Z2MCPBP7Z_2980-5143-3492-5655,1,0,0,0,0,0,0,0,0
Z2MCPBP7Z_3246-6331-3758-6843,1,0,0,0,0,0,0,0,0
Z2MCPBP7Z_3246-6843-3758-7355,1,0,0,0,0,0,0,0,0
Z2MCPBP7Z_3492-2071-4004-2583,1,0,0,0,0,0,0,0,0
Z2MCPBP7Z_3492-3607-4004-4119,1,0,0,0,0,0,0,0,0
Z2MCPBP7Z_3246-7355-3758-7867,1,0,0,0,0,0,0,0,0
Z2MCPBP7Z_3492-2583-4004-3095,1,0,0,0,0,0,0,0,0
Z2MCPBP7Z_3492-5143-4004-5655,1,0,0,0,0,0,0,0,0
Z2MCPBP7Z_3492-4631-4004-5143,1,0,0,0,0,0,0,0,0
Z2MCPBP7Z_3502-2907-4014-3419,1,0,0,0,0,0,0,0,0
Z2MCPBP7Z_3758-5819-4270-6331,1,0,0,0,0,0,0,0,0
Z2MCPBP7Z_3750-1398-4262-1910,1,0,0,0,0,0,0,0,0
Z2MCPBP7Z_3502-3931-4014-4443,1,0,0,0,0,0,0,0,0
Z2MCPBP7Z_3750-1910-4262-2422,1,0,0,0,0,0,0,0,0
Z2MCPBP7Z_4014-2907-4526-3419,1,0,0,0,0,0,0,0,0
Z2MCPBP7Z_4014-3419-4526-3931,1,0,0,0,0,0,0,0,0
Z2MCPBP7Z_3750-886-4262-1398,1,0,0,0,0,0,0,0,0
Z2MCPBP7Z_3758-5307-4270-5819,1,0,0,0,0,0,0,0,0
Z2MCPBP7Z_3758-7355-4270-7867,1,0,0,0,0,0,0,0,0
Z2MCPBP7Z_3758-6331-4270-6843,1,0,0,0,0,0,0,0,0
Z2MCPBP7Z_4262-1398-4774-1910,1,0,0,0,0,0,0,0,0
Z2MCPBP7Z_4270-5819-4782-6331,1,0,0,0,0,0,0,0,0
Z2MCPBP7Z_4014-3931-4526-4443,1,0,0,0,0,0,0,0,0
Z2MCPBP7Z_4262-1910-4774-2422,1,0,0,0,0,0,0,0,0
Z2MCPBP7Z_4262-886-4774-1398,1,0,0,0,0,0,0,0,0
Z2MCPBP7Z_4526-2907-5038-3419,1,0,0,0,0,0,0,0,0
Z2MCPBP7Z_4270-7355-4782-7867,1,0,0,0,0,0,0,0,0
Z2MCPBP7Z_4526-3419-5038-3931,1,0,0,0,0,0,0,0,0
Z2MCPBP7Z_5038-3419-5550-3931,1,0,0,0,0,0,0,0,0
Z2MCPBP7Z_4774-886-5286-1398,1,0,0,0,0,0,0,0,0
Z2MCPBP7Z_5038-3931-5550-4443,1,0,0,0,0,0,0,0,0
Z2MCPBP7Z_4774-1398-5286-1910,1,0,0,0,0,0,0,0,0
Z2MCPBP7Z_5294-6843-5806-7355,1,0,0,0,0,0,0,0,0
Z2MCPBP7Z_4526-3931-5038-4443,1,0,0,0,0,0,0,0,0
Z2MCPBP7Z_5294-7355-5806-7867,1,0,0,0,0,0,0,0,0
Z2MCPBP7Z_5286-1398-5798-1910,1,0,0,0,0,0,0,0,0
Z2MCPBP7Z_4782-7355-5294-7867,1,0,0,0,0,0,0,0,0
Z2MCPBP7Z_5286-886-5798-1398,1,0,0,0,0,0,0,0,0
Z2MCPBP7Z_5673-3663-6185-4175,1,0,0,0,0,0,0,0,0
Z2MCPBP7Z_5798-1398-6310-1910,1,0,0,0,0,0,0,0,0
Z2MCPBP7Z_5798-886-6310-1398,1,0,0,0,0,0,0,0,0
Z2MCPBP7Z_5806-5819-6318-6331,1,0,0,0,0,0,0,0,0
Z2MCPBP7Z_5806-5307-6318-5819,1,0,0,0,0,0,0,0,0
Z2MCPBP7Z_5806-6331-6318-6843,1,0,0,0,0,0,0,0,0
Z2MCPBP7Z_6128-4568-6640-5080,1,0,0,0,0,0,0,0,0
Z2MCPBP7Z_5806-6843-6318-7355,1,0,0,0,0,0,0,0,0
Z2MCPBP7Z_6318-5819-6830-6331,1,0,0,0,0,0,0,0,0
Z2MCPBP7Z_6318-6331-6830-6843,1,0,0,0,0,0,0,0,0
Z2MCPBP7Z_6755-1528-7267-2040,1,0,0,0,0,0,0,0,0
Z2MCPBP7Z_6318-6843-6830-7355,1,0,0,0,0,0,0,0,0
Z2MCPBP7Z_6507-7066-7019-7578,1,0,0,0,0,0,0,0,0
Z2MCPBP7Z_6310-1398-6822-1910,1,0,0,0,0,0,0,0,0
Z2MCPBP7Z_6507-6042-7019-6554,1,0,0,0,0,0,0,0,0
Z2MCPBP7Z_6507-6554-7019-7066,1,0,0,0,0,0,0,0,0
Z2MCPBP7Z_6310-886-6822-1398,1,0,0,0,0,0,0,0,0
Z2MCPBP7Z_6318-5307-6830-5819,1,0,0,0,0,0,0,0,0
Z2MCPBP7Z_6830-5307-7342-5819,1,0,0,0,0,0,0,0,0
Z2MCPBP7Z_6822-886-7334-1398,1,0,0,0,0,0,0,0,0
Z2MCPBP7Z_6830-5819-7342-6331,1,0,0,0,0,0,0,0,0
Z2MCPBP7Z_6830-6331-7342-6843,1,0,0,0,0,0,0,0,0
Z2MCPBP7Z_6830-7355-7342-7867,1,0,0,0,0,0,0,0,0
Z2MCPBP7Z_7019-6042-7531-6554,1,0,0,0,0,0,0,0,0
Z2MCPBP7Z_6934-2512-7446-3024,1,0,0,0,0,0,0,0,0
Z2MCPBP7Z_7267-2040-7779-2552,1,0,0,0,0,0,0,0,0
Z2MCPBP7Z_6934-2000-7446-2512,1,0,0,0,0,0,0,0,0
Z2MCPBP7Z_7267-1528-7779-2040,1,0,0,0,0,0,0,0,0
Z2MCPBP7Z_7019-7066-7531-7578,1,0,0,0,0,0,0,0,0
Z2MCPBP7Z_7342-5307-7854-5819,1,0,0,0,0,0,0,0,0
Z2MCPBP7Z_7342-6843-7854-7355,1,0,0,0,0,0,0,0,0
Z2MCPBP7Z_7342-5819-7854-6331,1,0,0,0,0,0,0,0,0
Z2MCPBP7Z_7342-7355-7854-7867,1,0,0,0,0,0,0,0,0
Z2MCPBP7Z_7342-6331-7854-6843,1,0,0,0,0,0,0,0,0
Z2MCPBP7Z_7779-1528-8291-2040,1,0,0,0,0,0,0,0,0
Z2MCPBP7Z_7531-6042-8043-6554,1,0,0,0,0,0,0,0,0
Z2MCPBP7Z_7779-2040-8291-2552,1,0,0,0,0,0,0,0,0
Z2MCPBP7Z_7806-3400-8318-3912,1,0,0,0,0,0,0,0,0
Z2MCPBP7Z_7779-2552-8291-3064,1,0,0,0,0,0,0,0,0
Z2MCPBP7Z_7806-3912-8318-4424,1,0,0,0,0,0,0,0,0
Z2MCPBP7Z_7806-2888-8318-3400,1,0,0,0,0,0,0,0,0
Z2MCPBP7Z_7854-5307-8366-5819,1,0,0,0,0,0,0,0,0
Z2MCPBP7Z_7854-6331-8366-6843,1,0,0,0,0,0,0,0,0
Z2MCPBP7Z_7854-5819-8366-6331,1,0,0,0,0,0,0,0,0
Z2MCPBP7Z_7854-6843-8366-7355,1,0,0,0,0,0,0,0,0
Z2MCPBP7Z_8043-6042-8555-6554,1,0,0,0,0,0,0,0,0
Z2MCPBP7Z_8318-3400-8830-3912,1,0,0,0,0,0,0,0,0
Z2MCPBP7Z_8414-7055-8926-7567,1,0,0,0,0,0,0,0,0
Z2MCPBP7Z_7854-7355-8366-7867,1,0,0,0,0,0,0,0,0
Z2MCPBP7Z_8366-5307-8878-5819,1,0,0,0,0,0,0,0,0
Z2MCPBP7Z_8366-5819-8878-6331,1,0,0,0,0,0,0,0,0
Z2MCPBP7Z_8545-1051-9057-1563,1,0,0,0,0,0,0,0,0
Z2MCPBP7Z_8318-3912-8830-4424,1,0,0,0,0,0,0,0,0
Z2MCPBP7Z_8366-6331-8878-6843,1,0,0,0,0,0,0,0,0
Z2MCPBP7Z_8607-1442-9119-1954,1,0,0,0,0,0,0,0,0
Z2MCPBP7Z_8811-5197-9323-5709,1,0,0,0,0,0,0,0,0
Z2MCPBP7Z_8555-6042-9067-6554,1,0,0,0,0,0,0,0,0
Z2MCPBP7Z_8607-1954-9119-2466,1,0,0,0,0,0,0,0,0
Z2MCPBP7Z_8847-2471-9359-2983,1,0,0,0,0,0,0,0,0
Z2MCPBP7Z_8878-5819-9390-6331,1,0,0,0,0,0,0,0,0
Z2MCPBP7Z_8878-6331-9390-6843,1,0,0,0,0,0,0,0,0
Z2MCPBP7Z_9057-1051-9569-1563,1,0,0,0,0,0,0,0,0
Z2MCPBP7Z_8878-6843-9390-7355,1,0,0,0,0,0,0,0,0
Z2MCPBP7Z_9119-1442-9631-1954,1,0,0,0,0,0,0,0,0
Z2MCPBP7Z_8878-7355-9390-7867,1,0,0,0,0,0,0,0,0
Z2MCPBP7Z_9067-6042-9579-6554,1,0,0,0,0,0,0,0,0
Z2MCPBP7Z_932-2071-1444-2583,1,0,0,0,0,0,0,0,0
Z2MCPBP7Z_9119-1954-9631-2466,1,0,0,0,0,0,0,0,0
Z2MCPBP7Z_932-3095-1444-3607,1,0,0,0,0,0,0,0,0
Z2MCPBP7Z_932-2583-1444-3095,1,0,0,0,0,0,0,0,0
Z2MCPBP7Z_932-3607-1444-4119,1,0,0,0,0,0,0,0,0
Z2MCPBP7Z_932-4119-1444-4631,1,0,0,0,0,0,0,0,0
Z2MCPBP7Z_932-4631-1444-5143,1,0,0,0,0,0,0,0,0
Z2MCPBP7Z_9390-6331-9902-6843,1,0,0,0,0,0,0,0,0
Z2MCPBP7Z_9390-5819-9902-6331,1,0,0,0,0,0,0,0,0
Z2MCPBP7Z_9359-2471-9871-2983,1,0,0,0,0,0,0,0,0
Z2MCPBP7Z_932-5143-1444-5655,1,0,0,0,0,0,0,0,0
Z2MCPBP7Z_9579-7066-10091-7578,1,0,0,0,0,0,0,0,0
Z2MCPBP7Z_9390-6843-9902-7355,1,0,0,0,0,0,0,0,0
Z2MCPBP7Z_9631-1954-10143-2466,1,0,0,0,0,0,0,0,0
Z2MCPBP7Z_9579-6042-10091-6554,1,0,0,0,0,0,0,0,0
Z2MCPBP7Z_9631-1442-10143-1954,1,0,0,0,0,0,0,0,0
Z2MCPBP7Z_9390-7355-9902-7867,1,0,0,0,0,0,0,0,0
Z2MCPBP7Z_9835-3247-10347-3759,1,0,0,0,0,0,0,0,0
Z2MCPBP7Z_9902-6843-10414-7355,1,0,0,0,0,0,0,0,0
Z2MCPBP7Z_9902-5819-10414-6331,1,0,0,0,0,0,0,0,0
Z2MCPBP7Z_9902-7355-10414-7867,1,0,0,0,0,0,0,0,0
Z2MCPBP7Z_9902-6331-10414-6843,1,0,0,0,0,0,0,0,0
Z2PE8QPQM_1325-2232-1837-2744,0,0,0,0,0,0,0,0,1
Z2PE8QPQM_1454-4312-1966-4824,0,1,0,0,0,0,0,0,0
Z2PE8QPQM_2068-4534-2580-5046,0,1,0,0,0,0,0,0,0
Z2PE8QPQM_1478-625-1990-1137,0,1,0,0,0,0,0,0,0
Z2PE8QPQM_2202-1846-2714-2358,0,1,0,0,0,0,0,0,0
Z2PE8QPQM_3226-1846-3738-2358,0,1,0,0,0,0,0,0,0
Z2PE8QPQM_2714-1846-3226-2358,0,1,0,0,0,0,0,0,0
Z2PE8QPQM_4250-1846-4762-2358,0,1,0,0,0,0,0,0,0
Z2PE8QPQM_4999-4585-5511-5097,0,1,0,0,0,0,0,0,0
Z2PE8QPQM_3862-4584-4374-5096,0,1,0,0,0,0,0,0,0
Z2PE8QPQM_4487-4585-4999-5097,0,1,0,0,0,0,0,0,0
Z2PE8QPQM_4762-1846-5274-2358,0,1,0,0,0,0,0,0,0
Z2PE8QPQM_3738-1846-4250-2358,0,1,0,0,0,0,0,0,0
Z2PE8QPQM_3350-4584-3862-5096,0,1,0,0,0,0,0,0,0
Z2PE8QPQM_4999-4073-5511-4585,0,1,0,0,0,0,0,0,0
Z2PE8QPQM_5274-3867-5786-4379,0,1,0,0,0,0,0,0,0
Z2PE8QPQM_5274-4379-5786-4891,0,1,0,0,0,0,0,0,0
Z2PE8QPQM_5318-2403-5830-2915,0,1,0,0,0,0,0,0,0
Z2PE8QPQM_5541-1862-6053-2374,0,1,0,0,0,0,0,0,0
Z2PE8QPQM_5786-4379-6298-4891,0,1,0,0,0,0,0,0,0
Z2PE8QPQM_5786-3867-6298-4379,0,1,0,0,0,0,0,0,0
Z2PE8QPQM_5846-1918-6358-2430,0,1,0,0,0,0,0,0,0
Z2PE8QPQM_6428-3342-6940-3854,0,1,0,0,0,0,0,0,0
Z2PE8QPQM_6428-3854-6940-4366,0,1,0,0,0,0,0,0,0
Z2PE8QPQM_665-2477-1177-2989,0,1,0,0,0,0,0,0,0
Z2PE8QPQM_665-2989-1177-3501,0,1,0,0,0,0,0,0,0
Z2PE8QPQM_665-4525-1177-5037,0,1,0,0,0,0,0,0,0
Z2PE8QPQM_7743-5641-8255-6153,0,1,0,0,0,0,0,0,0
Z2PE8QPQM_7727-1902-8239-2414,0,1,0,0,0,0,0,0,0
Z2PE8QPQM_665-3501-1177-4013,0,1,0,0,0,0,0,0,0
Z2PE8QPQM_665-4013-1177-4525,0,1,0,0,0,0,0,0,0
Z2PE8QPQM_8481-1993-8993-2505,0,1,0,0,0,0,0,0,0
Z2PE8QPQM_8646-2996-9158-3508,0,1,0,0,0,0,0,0,0
Z2PE8QPQM_8847-3492-9359-4004,0,1,0,0,0,0,0,0,0
Z2PE8QPQM_8646-4444-9158-4956,0,1,0,0,0,0,0,0,0
Z2PE8QPQM_8756-1930-9268-2442,0,1,0,0,0,0,0,0,0
Z2PE8QPQM_8847-4004-9359-4516,0,1,0,0,0,0,0,0,0
Z2PE8QPQM_9268-1930-9780-2442,0,1,0,0,0,0,0,0,0
Z2PE8QPQM_9359-3492-9871-4004,0,1,0,0,0,0,0,0,0
Z2PE8QPQM_9359-4004-9871-4516,0,1,0,0,0,0,0,0,0
Z2W4FT4ZZ_1070-8215-1582-8727,0,0,0,0,0,1,0,0,0
Z2W4FT4ZZ_1075-7460-1587-7972,0,0,0,0,0,1,0,0,0
Z2W4FT4ZZ_1075-6948-1587-7460,0,0,0,0,0,1,0,0,0
Z2W4FT4ZZ_10913-6665-11425-7177,0,0,0,0,0,1,0,0,0
Z2W4FT4ZZ_11000-12448-11512-12960,0,0,0,0,0,1,0,0,0
Z2W4FT4ZZ_10913-7177-11425-7689,0,0,0,0,0,1,0,0,0
Z2W4FT4ZZ_5423-2606-5935-3118,0,0,0,0,0,1,0,0,0
Z2W4FT4ZZ_11165-4910-11677-5422,0,0,0,0,0,1,0,0,0
Z2W4FT4ZZ_968-773-1480-1285,0,0,0,0,0,1,0,0,0
Z2W4FT4ZZ_6301-8364-6813-8876,0,0,0,0,0,1,0,0,0
Z2W4FT4ZZ_1112-12154-1624-12666,0,0,0,0,0,1,0,0,1
Z3DMHMQB8_1087-3193-1599-3705,0,0,1,0,0,0,0,0,0
Z3DMHMQB8_1327-2257-1839-2769,0,0,1,0,0,0,0,0,0
Z3DMHMQB8_1327-2769-1839-3281,0,0,1,0,0,0,0,0,0
Z3DMHMQB8_1723-3412-2235-3924,0,0,1,0,0,0,0,0,0
Z3DMHMQB8_1839-2257-2351-2769,0,0,1,0,0,0,0,0,0
Z3DMHMQB8_1839-2769-2351-3281,0,0,1,0,0,0,0,0,0
Z3DMHMQB8_1888-1642-2400-2154,0,0,1,0,0,0,0,0,0
Z3DMHMQB8_1888-618-2400-1130,0,0,1,0,0,0,0,0,0
Z3DMHMQB8_2034-3462-2546-3974,0,0,1,0,0,0,0,0,0
Z3DMHMQB8_2014-997-2526-1509,0,0,1,0,0,0,0,0,0
Z3DMHMQB8_2227-2404-2739-2916,0,0,1,0,0,0,0,0,0
Z3DMHMQB8_2912-1130-3424-1642,0,0,1,0,0,0,0,0,0
Z3DMHMQB8_2838-1377-3350-1889,0,0,1,0,0,0,0,0,0
Z3DMHMQB8_2400-618-2912-1130,0,0,1,0,0,0,0,0,0
Z3DMHMQB8_2485-2560-2997-3072,0,0,1,0,0,0,0,0,0
Z3DMHMQB8_2220-3313-2732-3825,0,0,1,0,0,0,0,0,0
Z3DMHMQB8_2912-1642-3424-2154,0,0,1,0,0,0,0,0,0
Z3DMHMQB8_2400-1642-2912-2154,0,0,1,0,0,0,0,0,0
Z3DMHMQB8_2936-3561-3448-4073,0,0,1,0,0,0,0,0,0
Z3DMHMQB8_2999-2047-3511-2559,0,0,1,0,0,0,0,0,0
Z3DMHMQB8_2982-2693-3494-3205,0,0,1,0,0,0,0,0,0
Z3DMHMQB8_815-2257-1327-2769,0,0,1,0,0,0,0,0,0
Z3HFZRYY9_1030-399-1542-911,0,0,1,0,1,0,0,0,0
Z3DMHMQB8_882-2617-1394-3129,0,0,1,0,0,0,0,0,0
Z3HFZRYY9_1645-4053-2157-4565,0,0,0,0,1,0,0,0,0
Z3HFZRYY9_385-337-897-849,0,0,1,0,0,0,0,0,0
Z3HFZRYY9_493-3910-1005-4422,0,0,0,0,1,0,0,0,0
Z3HFZRYY9_2460-1044-2972-1556,0,0,0,0,1,0,0,0,0
Z4IAR2Y6T_10430-1534-10942-2046,1,0,0,0,0,0,0,0,0
Z4IAR2Y6T_10430-3070-10942-3582,1,0,0,0,0,0,0,0,0
Z4IAR2Y6T_10430-2558-10942-3070,1,0,0,0,0,0,0,0,0
Z4IAR2Y6T_10430-1022-10942-1534,1,0,0,0,0,0,0,0,0
Z4IAR2Y6T_10430-2046-10942-2558,1,0,0,0,0,0,0,0,0
Z3HFZRYY9_987-3882-1499-4394,0,0,0,0,1,0,0,0,0
Z4IAR2Y6T_10430-4094-10942-4606,1,0,0,0,0,0,0,0,0
Z4IAR2Y6T_10430-3582-10942-4094,1,0,0,0,0,0,0,0,0
Z4IAR2Y6T_1726-4094-2238-4606,1,0,0,0,0,0,0,0,0
Z4IAR2Y6T_1214-4094-1726-4606,1,0,0,0,0,0,0,0,0
Z4IAR2Y6T_10430-510-10942-1022,1,0,0,0,0,0,0,0,0
Z4IAR2Y6T_3262-4094-3774-4606,1,0,0,0,0,0,0,0,0
Z4IAR2Y6T_2238-4094-2750-4606,1,0,0,0,0,0,0,0,0
Z4IAR2Y6T_2750-4094-3262-4606,1,0,0,0,0,0,0,0,0
Z4IAR2Y6T_3774-4094-4286-4606,1,0,0,0,0,0,0,0,0
Z4IAR2Y6T_4798-4094-5310-4606,1,0,0,0,0,0,0,0,0
Z4IAR2Y6T_4286-4094-4798-4606,1,0,0,0,0,0,0,0,0
Z4IAR2Y6T_5310-4094-5822-4606,1,0,0,0,0,0,0,0,0
Z4IAR2Y6T_5822-510-6334-1022,1,0,0,0,0,0,0,0,0
Z4IAR2Y6T_5822-4094-6334-4606,1,0,0,0,0,0,0,0,0
Z4IAR2Y6T_6334-4094-6846-4606,1,0,0,0,0,0,0,0,0
Z4IAR2Y6T_6846-4094-7358-4606,1,0,0,0,0,0,0,0,0
Z4IAR2Y6T_6846-510-7358-1022,1,0,0,0,0,0,0,0,0
Z4IAR2Y6T_6334-510-6846-1022,1,0,0,0,0,0,0,0,0
Z4IAR2Y6T_702-1534-1214-2046,1,0,0,0,0,0,0,0,0
Z4IAR2Y6T_702-2558-1214-3070,1,0,0,0,0,0,0,0,0
Z4IAR2Y6T_702-1022-1214-1534,1,0,0,0,0,0,0,0,0
Z4IAR2Y6T_702-2046-1214-2558,1,0,0,0,0,0,0,0,0
Z4IAR2Y6T_702-3070-1214-3582,1,0,0,0,0,0,0,0,0
Z4IAR2Y6T_7358-4094-7870-4606,1,0,0,0,0,0,0,0,0
Z4IAR2Y6T_702-4094-1214-4606,1,0,0,0,0,0,0,0,0
Z4IAR2Y6T_702-3582-1214-4094,1,0,0,0,0,0,0,0,0
Z4IAR2Y6T_702-510-1214-1022,1,0,0,0,0,0,0,0,0
Z4IAR2Y6T_7358-510-7870-1022,1,0,0,0,0,0,0,0,0
Z4IAR2Y6T_7870-510-8382-1022,1,0,0,0,0,0,0,0,0
Z4IAR2Y6T_7870-4094-8382-4606,1,0,0,0,0,0,0,0,0
Z4IAR2Y6T_8382-4094-8894-4606,1,0,0,0,0,0,0,0,0
Z4IAR2Y6T_8894-510-9406-1022,1,0,0,0,0,0,0,0,0
Z4IAR2Y6T_8382-510-8894-1022,1,0,0,0,0,0,0,0,0
Z4IAR2Y6T_8894-4094-9406-4606,1,0,0,0,0,0,0,0,0
Z4IAR2Y6T_9406-4094-9918-4606,1,0,0,0,0,0,0,0,0
Z4IAR2Y6T_9406-510-9918-1022,1,0,0,0,0,0,0,0,0
Z4IAR2Y6T_9918-4094-10430-4606,1,0,0,0,0,0,0,0,0
Z66D191KV_10672-1072-11184-1584,0,1,0,0,0,0,0,0,0
Z4IAR2Y6T_9918-510-10430-1022,1,0,0,0,0,0,0,0,0
Z66D191KV_10672-560-11184-1072,0,1,0,0,0,0,0,0,0
Z4U2LZ1N4_3037-4119-3549-4631,0,0,0,0,0,0,0,0,1
Z66D191KV_1810-571-2322-1083,0,1,0,0,0,0,0,0,0
Z66D191KV_1214-812-1726-1324,0,1,0,0,0,0,0,0,0
Z66D191KV_1220-1088-1732-1600,0,1,0,0,0,0,0,0,0
Z66D191KV_3775-959-4287-1471,0,1,0,0,0,0,0,0,0
Z66D191KV_5506-774-6018-1286,0,1,0,0,0,0,0,0,0
Z66D191KV_4746-967-5258-1479,0,1,0,0,0,0,0,0,0
Z66D191KV_5506-1286-6018-1798,0,1,0,0,0,0,0,0,0
Z66D191KV_6187-1258-6699-1770,0,1,0,0,0,0,0,0,0
Z66D191KV_6018-774-6530-1286,0,1,0,0,0,0,0,0,0
Z66D191KV_6530-774-7042-1286,0,1,0,0,0,0,0,0,0
Z66D191KV_6530-1286-7042-1798,0,1,0,0,0,0,0,0,0
Z66D191KV_619-440-1131-952,0,1,0,0,0,0,0,0,0
Z66D191KV_6956-1067-7468-1579,0,1,0,0,0,0,0,0,0
Z66D191KV_7119-791-7631-1303,0,1,0,0,0,0,0,0,0
Z66D191KV_801-671-1313-1183,0,1,0,0,0,0,0,0,0
Z66D191KV_708-1088-1220-1600,0,1,0,0,0,0,0,0,0
Z66D191KV_8365-944-8877-1456,0,1,0,0,0,0,0,0,0
Z66D191KV_7637-979-8149-1491,0,1,0,0,0,0,0,0,0
Z66D191KV_8409-1262-8921-1774,0,1,0,0,0,0,0,0,0
Z66D191KV_9308-541-9820-1053,0,1,0,0,0,0,0,0,0
Z66D191KV_8796-541-9308-1053,0,1,0,0,0,0,0,0,0
Z66D191KV_9874-953-10386-1465,0,1,0,0,0,0,0,0,0
Z66D191KV_9945-1242-10457-1754,0,1,0,0,0,0,0,0,0
Z6D4FFL2E_2988-749-3500-1261,0,0,0,0,0,0,0,0,1
Z6D4FFL2E_4093-3167-4605-3679,0,0,0,0,0,0,0,0,1
Z6IT34XRB_1642-7002-2154-7514,0,1,0,0,0,0,0,0,0
Z6IT34XRB_2296-6112-2808-6624,0,1,0,0,0,0,0,0,0
Z6IT34XRB_2296-6624-2808-7136,0,1,0,0,0,0,0,0,0
Z6IT34XRB_1891-1155-2403-1667,0,1,0,0,0,0,0,0,0
Z6IT34XRB_1156-2521-1668-3033,0,1,0,0,0,0,0,0,0
Z6IT34XRB_1550-1310-2062-1822,0,1,0,0,0,0,0,0,0
Z6IT34XRB_2564-5967-3076-6479,0,1,0,0,0,0,0,0,0
Z6IT34XRB_2515-5415-3027-5927,0,1,0,0,0,0,0,0,0
Z6IT34XRB_2564-6991-3076-7503,0,1,0,0,0,0,0,0,0
Z6IT34XRB_2890-6474-3402-6986,0,1,0,0,0,0,0,0,0
Z6IT34XRB_2564-6479-3076-6991,0,1,0,0,0,0,0,0,0
Z6IT34XRB_3269-2450-3781-2962,0,1,0,0,0,0,0,0,0
Z6IT34XRB_3444-2138-3956-2650,0,1,0,0,0,0,0,0,0
Z6IT34XRB_3444-2650-3956-3162,0,1,0,0,0,0,0,0,0
Z6IT34XRB_835-2400-1347-2912,0,1,0,0,0,0,0,0,0
Z6IT34XRB_3755-2459-4267-2971,0,1,0,0,0,0,0,0,0
Z6IT34XRB_3490-1626-4002-2138,0,1,0,0,0,0,0,0,0
Z6YURH8IX_1206-10511-1718-11023,0,0,0,1,0,0,0,0,0
Z6KQA612V_757-4194-1269-4706,1,0,0,0,0,0,0,0,0
Z6YURH8IX_714-11212-1226-11724,0,0,0,1,0,0,0,0,0
Z6YURH8IX_790-10907-1302-11419,0,0,0,1,0,0,0,0,0
Z6YURH8IX_718-11588-1230-12100,0,0,0,1,0,0,0,0,0
Z6YURH8IX_1021-11027-1533-11539,0,0,0,1,0,0,0,0,0
Z6YURH8IX_4453-3044-4965-3556,0,0,0,1,0,0,0,0,0
Z7IDVNVYA_529-888-1041-1400,0,0,1,0,0,0,0,0,0
Z7IDVNVYA_525-1217-1037-1729,0,0,1,0,0,0,0,0,0
Z7IDVNVYA_542-1490-1054-2002,0,0,1,0,0,0,0,0,0
Z7J3PW8TM_1295-3464-1807-3976,0,0,1,0,0,0,0,0,0
Z7IDVNVYA_565-533-1077-1045,0,0,1,0,0,0,0,0,0
Z7Z3XN91V_6168-3251-6680-3763,0,0,0,0,1,0,0,0,0
Z7J3PW8TM_1295-3976-1807-4488,0,0,1,0,0,0,0,0,0
Z7Z3XN91V_6387-3918-6899-4430,0,0,0,0,1,0,0,0,0
Z99W43VKZ_1855-4825-2367-5337,0,1,0,0,0,0,0,0,0
Z7Z3XN91V_6761-3100-7273-3612,0,0,0,0,1,0,0,0,0
Z99W43VKZ_1382-3365-1894-3877,0,1,0,0,0,0,0,0,0
Z7Z3XN91V_7210-598-7722-1110,0,0,0,0,1,0,0,0,0
Z7Z3XN91V_6698-598-7210-1110,0,0,0,0,1,0,0,0,0
Z99W43VKZ_1343-4825-1855-5337,0,1,0,0,0,0,0,0,0
Z99W43VKZ_1343-5337-1855-5849,0,1,0,0,0,0,0,0,0
Z99W43VKZ_1382-2853-1894-3365,0,1,0,0,0,0,0,0,0
Z99W43VKZ_1855-5337-2367-5849,0,1,0,0,0,0,0,0,0
Z7Z3XN91V_8804-579-9316-1091,0,0,0,0,1,0,0,0,0
Z99W43VKZ_2367-5849-2879-6361,0,1,0,0,0,0,0,0,0
Z99W43VKZ_2425-6777-2937-7289,0,1,0,0,0,0,0,0,0
Z99W43VKZ_2425-6265-2937-6777,0,1,0,0,0,0,0,0,0
Z99W43VKZ_2367-4825-2879-5337,0,1,0,0,0,0,0,0,0
Z99W43VKZ_1855-5849-2367-6361,0,1,0,0,0,0,0,0,0
Z99W43VKZ_2937-6265-3449-6777,0,1,0,0,0,0,0,0,0
Z99W43VKZ_2879-5849-3391-6361,0,1,0,0,0,0,0,0,0
Z99W43VKZ_2879-4825-3391-5337,0,1,0,0,0,0,0,0,0
Z99W43VKZ_3115-7438-3627-7950,0,1,0,0,0,0,0,0,0
Z99W43VKZ_2937-6777-3449-7289,0,1,0,0,0,0,0,0,0
Z99W43VKZ_3449-6777-3961-7289,0,1,0,0,0,0,0,0,0
Z99W43VKZ_3391-5849-3903-6361,0,1,0,0,0,0,0,0,0
Z99W43VKZ_3391-5337-3903-5849,0,1,0,0,0,0,0,0,0
Z99W43VKZ_3449-6265-3961-6777,0,1,0,0,0,0,0,0,0
Z99W43VKZ_3391-4825-3903-5337,0,1,0,0,0,0,0,0,0
Z99W43VKZ_3903-4825-4415-5337,0,1,0,0,0,0,0,0,0
Z99W43VKZ_3903-5337-4415-5849,0,1,0,0,0,0,0,0,0
Z99W43VKZ_4927-4825-5439-5337,0,1,0,0,0,0,0,0,0
Z99W43VKZ_4415-4825-4927-5337,0,1,0,0,0,0,0,0,0
Z99W43VKZ_4415-5849-4927-6361,0,1,0,0,0,0,0,0,0
Z99W43VKZ_4415-5337-4927-5849,0,1,0,0,0,0,0,0,0
Z99W43VKZ_4669-6138-5181-6650,0,1,0,0,0,0,0,0,0
Z99W43VKZ_4927-5337-5439-5849,0,1,0,0,0,0,0,0,0
Z99W43VKZ_4927-5849-5439-6361,0,1,0,0,0,0,0,0,0
Z99W43VKZ_5142-2278-5654-2790,0,1,0,0,0,0,0,0,0
Z99W43VKZ_5938-2071-6450-2583,0,1,0,0,0,0,0,0,0
Z99W43VKZ_831-4825-1343-5337,0,1,0,0,0,0,0,0,0
Z99W43VKZ_6618-1492-7130-2004,0,1,0,0,0,0,0,0,0
Z9CQA7FUT_1205-7827-1717-8339,0,0,1,0,0,0,0,0,0
Z99W43VKZ_870-2853-1382-3365,0,1,0,0,0,0,0,0,0
Z99W43VKZ_870-3365-1382-3877,0,1,0,0,0,0,0,0,0
Z99W43VKZ_7130-2004-7642-2516,0,1,0,0,0,0,0,0,0
Z99W43VKZ_7130-1492-7642-2004,0,1,0,0,0,0,0,0,0
Z99W43VKZ_6618-2004-7130-2516,0,1,0,0,0,0,0,0,0
Z99W43VKZ_7954-1984-8466-2496,0,1,0,0,0,0,0,0,0
Z9CQA7FUT_1210-5086-1722-5598,0,0,1,0,0,0,0,0,0
Z9CQA7FUT_1599-1619-2111-2131,0,0,1,0,0,0,0,0,0
Z9CQA7FUT_1205-8339-1717-8851,0,0,1,0,0,0,0,0,0
Z9CQA7FUT_1503-2552-2015-3064,0,0,1,0,0,0,0,0,0
Z9CQA7FUT_1541-5778-2053-6290,0,0,1,1,0,0,0,0,0
Z9CQA7FUT_1717-8339-2229-8851,0,0,1,0,0,0,0,0,0
Z9CQA7FUT_1880-1665-2392-2177,0,0,1,0,0,0,0,0,0
Z9CQA7FUT_1831-5578-2343-6090,0,0,1,0,0,0,0,0,0
Z9CQA7FUT_1904-6058-2416-6570,0,0,1,1,0,0,0,0,0
Z9CQA7FUT_2194-2173-2706-2685,0,0,1,0,0,0,0,0,0
Z9CQA7FUT_1934-644-2446-1156,0,0,1,0,0,0,0,0,0
Z9CQA7FUT_2015-2552-2527-3064,0,0,1,0,0,0,0,0,0
Z9CQA7FUT_2053-5778-2565-6290,0,0,1,1,0,0,0,0,0
Z9CQA7FUT_2229-7827-2741-8339,0,0,0,1,0,0,0,0,0
Z9CQA7FUT_2405-4208-2917-4720,0,0,0,1,0,0,0,0,0
Z9CQA7FUT_2410-1996-2922-2508,0,0,1,0,0,0,0,0,0
Z9CQA7FUT_2358-985-2870-1497,0,0,1,0,0,0,0,0,0
Z9CQA7FUT_2229-8339-2741-8851,0,0,1,1,0,0,0,0,0
Z9CQA7FUT_2663-1091-3175-1603,0,0,1,0,0,0,0,0,0
Z9CQA7FUT_2677-2245-3189-2757,0,0,1,0,0,0,0,0,0
Z9CQA7FUT_2416-6058-2928-6570,0,0,1,1,0,0,0,0,0
Z9CQA7FUT_2695-1948-3207-2460,0,0,1,0,0,0,0,0,0
Z9CQA7FUT_2678-5783-3190-6295,0,0,1,1,0,0,0,0,0
Z9CQA7FUT_2741-7827-3253-8339,0,0,0,1,0,0,0,0,0
Z9CQA7FUT_2813-3008-3325-3520,0,0,1,0,0,0,0,0,0
Z9CQA7FUT_2813-2496-3325-3008,0,0,1,0,0,0,0,0,0
Z9CQA7FUT_3253-8339-3765-8851,0,0,1,1,0,0,0,0,0
Z9CQA7FUT_2893-2730-3405-3242,0,0,1,0,0,0,0,0,0
Z9CQA7FUT_3041-1216-3553-1728,0,0,1,0,0,0,0,0,0
Z9CQA7FUT_3325-3008-3837-3520,0,0,1,0,0,0,0,0,0
Z9CQA7FUT_3440-7082-3952-7594,0,0,0,1,0,0,0,0,0
Z9CQA7FUT_2928-6058-3440-6570,0,0,1,1,0,0,0,0,0
Z9CQA7FUT_3365-2602-3877-3114,0,0,1,0,0,0,0,0,0
Z9CQA7FUT_3034-2275-3546-2787,0,0,1,0,0,0,0,0,0
Z9CQA7FUT_3440-6570-3952-7082,0,0,0,1,0,0,0,0,0
Z9CQA7FUT_3280-5955-3792-6467,0,0,1,1,0,0,0,0,0
Z9CQA7FUT_3718-973-4230-1485,0,0,1,0,0,0,0,0,0
Z9CQA7FUT_3568-3220-4080-3732,0,0,1,0,0,0,0,0,0
Z9CQA7FUT_3560-2794-4072-3306,0,0,1,0,0,0,0,0,0
Z9CQA7FUT_3744-1294-4256-1806,0,0,1,0,0,0,0,0,0
Z9CQA7FUT_3595-8325-4107-8837,0,0,1,1,0,0,0,0,0
Z9CQA7FUT_3952-6570-4464-7082,0,0,0,1,0,0,0,0,0
Z9CQA7FUT_3792-5955-4304-6467,0,0,1,0,0,0,0,0,0
Z9CQA7FUT_3931-8469-4443-8981,0,0,1,0,0,0,0,0,0
Z9CQA7FUT_3952-7082-4464-7594,0,0,0,1,0,0,0,0,0
Z9CQA7FUT_4351-3366-4863-3878,0,0,1,0,0,0,0,0,0
Z9CQA7FUT_4074-1318-4586-1830,0,0,1,0,0,0,0,0,0
Z9CQA7FUT_4011-3374-4523-3886,0,0,1,0,0,0,0,0,0
Z9CQA7FUT_4168-1864-4680-2376,0,0,1,0,0,0,0,0,0
Z9CQA7FUT_4261-3102-4773-3614,0,0,1,0,0,0,0,0,0
Z9CQA7FUT_4144-2325-4656-2837,0,0,1,0,0,0,0,0,0
Z9CQA7FUT_4088-2838-4600-3350,0,0,1,0,0,0,0,0,0
Z9CQA7FUT_4443-8469-4955-8981,0,0,1,0,0,0,0,0,0
Z9CQA7FUT_4471-6427-4983-6939,0,0,1,0,0,0,0,0,0
Z9CQA7FUT_4471-7451-4983-7963,0,0,0,1,0,0,0,0,0
Z9CQA7FUT_4471-7963-4983-8475,0,0,0,1,0,0,0,0,0
Z9CQA7FUT_4471-6939-4983-7451,0,0,0,1,0,0,0,0,0
Z9CQA7FUT_4505-2819-5017-3331,0,0,1,0,0,0,0,0,0
Z9CQA7FUT_4519-2522-5031-3034,0,0,1,0,0,0,0,0,0
Z9CQA7FUT_4600-6201-5112-6713,0,0,1,0,0,0,0,0,0
Z9CQA7FUT_4983-2675-5495-3187,0,0,1,0,0,0,0,0,0
Z9CQA7FUT_4640-3128-5152-3640,0,0,1,0,0,0,0,0,0
Z9CQA7FUT_5580-2769-6092-3281,0,0,1,1,0,0,0,0,0
Z9CQA7FUT_4983-6427-5495-6939,0,0,0,1,0,0,0,0,0
Z9CQA7FUT_5346-3113-5858-3625,0,0,1,1,0,0,0,0,0
Z9CQA7FUT_4983-8475-5495-8987,0,0,1,1,0,0,0,0,0
Z9CQA7FUT_5881-2818-6393-3330,0,0,1,1,0,0,0,0,0
Z9CQA7FUT_5495-6427-6007-6939,0,0,0,1,0,0,0,0,0
Z9CQA7FUT_5495-8475-6007-8987,0,0,1,1,0,0,0,0,0
Z9CQA7FUT_4983-7963-5495-8475,0,0,0,1,0,0,0,0,0
Z9CQA7FUT_5806-3163-6318-3675,0,0,1,1,0,0,0,0,0
Z9CQA7FUT_5994-6059-6506-6571,0,0,1,0,0,0,0,0,0
Z9CQA7FUT_6007-6939-6519-7451,0,0,1,1,0,0,0,0,0
Z9CQA7FUT_6007-7451-6519-7963,0,0,0,1,0,0,0,0,0
Z9CQA7FUT_6007-6427-6519-6939,0,0,1,1,0,0,0,0,0
Z9CQA7FUT_6007-7963-6519-8475,0,0,0,1,0,0,0,0,0
Z9CQA7FUT_6116-8641-6628-9153,0,0,1,0,0,0,0,0,0
Z9CQA7FUT_6332-3215-6844-3727,0,0,1,0,0,0,0,0,0
Z9CQA7FUT_6458-5950-6970-6462,0,0,1,0,0,0,0,0,0
Z9CQA7FUT_6141-6705-6653-7217,0,0,1,1,0,0,0,0,0
Z9CQA7FUT_6491-7098-7003-7610,0,0,1,0,0,0,0,0,0
Z9CQA7FUT_6565-7587-7077-8099,0,0,1,0,0,0,0,0,0
Z9CQA7FUT_6653-6705-7165-7217,0,0,1,0,0,0,0,0,0
Z9CQA7FUT_693-8339-1205-8851,0,0,1,0,0,0,0,0,0
Z9CQA7FUT_6628-8641-7140-9153,0,0,1,0,0,0,0,0,0
Z9CQA7FUT_7077-7587-7589-8099,0,0,1,0,0,0,0,0,0
Z9CQA7FUT_7065-6972-7577-7484,0,0,1,0,0,0,0,0,0
Z9CQA7FUT_677-6243-1189-6755,0,0,1,0,0,0,0,0,0
Z9CQA7FUT_693-7827-1205-8339,0,0,1,0,0,0,0,0,0
Z9CQA7FUT_7164-3858-7676-4370,0,0,1,0,0,0,0,0,0
Z9CQA7FUT_7315-7305-7827-7817,0,0,1,0,0,0,0,0,0
Z9CQA7FUT_7746-8713-8258-9225,0,0,1,0,0,0,0,0,0
Z9CQA7FUT_7234-8713-7746-9225,0,0,1,0,0,0,0,0,0
Z9CQA7FUT_8258-8713-8770-9225,0,0,1,0,0,0,0,0,0
Z9CQA7FUT_8472-775-8984-1287,0,0,1,0,0,0,0,0,0
Z9CQA7FUT_914-4191-1426-4703,0,0,0,1,0,0,0,0,0
Z9CQA7FUT_8590-557-9102-1069,0,0,1,0,0,0,0,0,0
Z9CQA7FUT_918-8006-1430-8518,0,0,1,0,0,0,0,0,0
Z9E2Z3PP6_1514-3653-2026-4165,0,0,0,0,0,1,0,0,0
Z9E2Z3PP6_10691-4735-11203-5247,0,0,0,0,0,1,0,0,0
Z9E2Z3PP6_1082-4369-1594-4881,0,0,0,0,0,1,0,0,0
Z9E2Z3PP6_2573-3918-3085-4430,0,0,0,0,0,1,0,0,0
Z9CQA7FUT_959-6260-1471-6772,0,0,1,0,0,0,0,0,0
Z9ZHER6LF_1104-1301-1616-1813,0,0,0,0,0,1,0,0,0
Z9E2Z3PP6_696-4490-1208-5002,0,0,0,0,0,1,0,0,0
Z9ZHER6LF_1119-2426-1631-2938,0,0,0,0,0,1,0,0,0
Z9E2Z3PP6_777-8624-1289-9136,0,0,0,0,0,1,0,0,0
Z9ZHER6LF_3683-3943-4195-4455,0,0,0,0,0,1,0,0,0
Z9ZHER6LF_3959-3307-4471-3819,0,0,0,0,0,1,0,0,0
Z9ZHER6LF_3683-3431-4195-3943,0,0,0,0,0,1,0,0,0
Z9ZHER6LF_1125-2033-1637-2545,0,0,0,0,0,1,0,0,0
Z9ZHER6LF_4275-3684-4787-4196,0,0,0,0,0,1,0,0,0
Z9ZHER6LF_4215-2728-4727-3240,0,0,0,0,0,1,0,0,0
Z9ZHER6LF_4377-2439-4889-2951,0,0,0,0,0,1,0,0,0
Z9ZHER6LF_4420-3355-4932-3867,0,0,0,0,0,1,0,0,0
Z9ZHER6LF_8947-4025-9459-4537,0,0,0,0,0,1,0,0,0
Z9ZHER6LF_8512-4435-9024-4947,0,0,0,0,0,1,0,0,0
Z9ZHER6LF_4793-2604-5305-3116,0,0,0,0,0,1,0,0,0
Z9ZHER6LF_8512-4947-9024-5459,0,0,0,0,0,1,0,0,0
Z9ZHER6LF_9152-1182-9664-1694,0,0,0,0,0,1,0,0,0
Z9ZHER6LF_4569-3010-5081-3522,0,0,0,0,0,1,0,0,0
Z9ZHER6LF_4990-2309-5502-2821,0,0,0,0,0,1,0,0,0
Z9ZHER6LF_6028-1346-6540-1858,0,0,0,0,0,1,0,0,0
Z9ZHER6LF_8947-4537-9459-5049,0,0,0,0,0,1,0,0,0
Z9ZHER6LF_9171-1518-9683-2030,0,0,0,0,0,1,0,0,0
Z9ZHER6LF_9171-3054-9683-3566,0,0,0,0,0,1,0,0,0
Z9ZHER6LF_9171-3566-9683-4078,0,0,0,0,0,1,0,0,0
Z9ZHER6LF_9171-2030-9683-2542,0,0,0,0,0,1,0,0,0
Z9ZHER6LF_9171-2542-9683-3054,0,0,0,0,0,1,0,0,0
Z9ZHER6LF_9192-5492-9704-6004,0,0,0,0,0,1,0,0,0
Z9ZHER6LF_9199-6877-9711-7389,0,0,0,0,0,1,0,0,0
Z9ZHER6LF_9192-6004-9704-6516,0,0,0,0,0,1,0,0,0
Z9ZHER6LF_9179-4685-9691-5197,0,0,0,0,0,1,0,0,0
Z9ZHER6LF_9199-7389-9711-7901,0,0,0,0,0,1,0,0,0
ZBB6X4QWY_634-5747-1146-6259,0,0,0,0,0,0,0,0,1
ZBM8KFE8M_1052-18972-1564-19484,0,0,1,0,0,0,0,0,0
Z9ZHER6LF_9361-6441-9873-6953,0,0,0,0,0,1,0,0,0
ZBB6X4QWY_1674-800-2186-1312,0,0,0,0,0,0,0,0,1
ZBB6X4QWY_1714-2058-2226-2570,0,0,0,0,0,0,0,0,1
ZBB6X4QWY_5270-8192-5782-8704,0,0,0,0,0,0,0,0,1
ZBB6X4QWY_2035-8287-2547-8799,0,0,0,0,0,0,0,0,1
ZBM8KFE8M_6842-589-7354-1101,0,0,0,0,0,1,0,0,0
ZD43B1QJJ_1654-2643-2166-3155,0,0,0,0,0,0,0,0,1
ZDKDZ7XZ7_2267-1898-2779-2410,0,0,0,0,0,0,0,0,1
ZDKDZ7XZ7_577-454-1089-966,0,0,0,0,0,0,0,0,1
ZDKDZ7XZ7_2394-1102-2906-1614,0,0,0,0,0,1,0,0,0
ZDKDZ7XZ7_2519-2027-3031-2539,0,0,0,0,0,0,0,0,1
ZDKDZ7XZ7_927-935-1439-1447,0,0,0,0,0,1,0,0,1
ZDKDZ7XZ7_681-1066-1193-1578,0,0,0,0,0,1,0,0,1
ZDKDZ7XZ7_613-1952-1125-2464,0,0,0,0,0,1,0,0,1
ZDKDZ7XZ7_931-2053-1443-2565,0,0,0,0,0,1,0,0,0
ZEVQDIGLE_12184-3485-12696-3997,0,0,0,0,0,0,1,0,0
ZEVQDIGLE_11160-2973-11672-3485,0,0,0,0,0,0,1,0,0
ZEVQDIGLE_11672-3485-12184-3997,0,0,0,0,0,0,1,0,0
ZEVQDIGLE_11672-2973-12184-3485,0,0,0,0,0,0,1,0,0
ZEVQDIGLE_12184-3997-12696-4509,0,0,0,0,0,0,1,0,0
ZEVQDIGLE_10648-2461-11160-2973,0,0,0,0,0,0,1,0,0
ZEVQDIGLE_19684-878-20196-1390,0,0,0,0,0,0,1,0,0
ZEVQDIGLE_11160-2461-11672-2973,0,0,0,0,0,0,1,0,0
ZEVQDIGLE_19172-878-19684-1390,0,0,0,0,0,0,1,0,0
ZEVQDIGLE_9678-7100-10190-7612,0,0,0,0,0,0,1,0,0
ZEVQDIGLE_9678-6076-10190-6588,0,0,0,0,0,0,1,0,0
ZEVQDIGLE_9678-6588-10190-7100,0,0,0,0,0,0,1,0,0
ZEVQDIGLE_9678-8124-10190-8636,0,0,0,0,0,0,1,0,0
ZEVQDIGLE_9678-7612-10190-8124,0,0,0,0,0,0,1,0,0
ZF8VFPVI1_1535-7326-2047-7838,0,0,0,1,0,0,0,0,0
ZF8VFPVI1_1402-4634-1914-5146,0,0,0,1,0,0,0,0,0
ZF8VFPVI1_1144-7248-1656-7760,0,0,0,1,0,0,0,0,0
ZF8VFPVI1_2284-3268-2796-3780,0,0,0,1,0,0,0,0,0
ZF8VFPVI1_3697-7770-4209-8282,0,0,0,1,0,0,0,0,0
ZF8VFPVI1_1633-2828-2145-3340,0,0,0,1,0,0,0,0,0
ZF8VFPVI1_3401-7208-3913-7720,0,0,0,1,0,0,0,0,0
ZF8VFPVI1_2284-3780-2796-4292,0,0,0,1,0,0,0,0,0
ZF8VFPVI1_3725-8525-4237-9037,0,0,0,1,0,0,0,0,0
ZF8VFPVI1_3401-6696-3913-7208,0,0,0,1,0,0,0,0,0
ZF8VFPVI1_3213-8525-3725-9037,0,0,0,1,0,0,0,0,0
ZF8VFPVI1_3913-6696-4425-7208,0,0,0,1,0,0,0,0,0
ZF8VFPVI1_3913-7208-4425-7720,0,0,0,1,0,0,0,0,0
ZF8VFPVI1_4209-7770-4721-8282,0,0,0,1,0,0,0,0,0
ZF8VFPVI1_4209-8282-4721-8794,0,0,0,1,0,0,0,0,0
ZF8VFPVI1_4425-6696-4937-7208,0,0,0,1,0,0,0,0,0
ZF8VFPVI1_4425-7208-4937-7720,0,0,0,1,0,0,0,0,0
ZF8VFPVI1_5939-4845-6451-5357,0,0,0,1,0,0,0,0,0
ZF8VFPVI1_6219-6255-6731-6767,0,0,0,1,0,0,0,0,0
ZF8VFPVI1_6731-6255-7243-6767,0,0,0,1,0,0,0,0,0
ZF8VFPVI1_6399-729-6911-1241,0,0,0,1,0,0,0,0,0
ZFP46ZY6U_1983-735-2495-1247,0,0,0,0,0,1,0,0,0
ZF8VFPVI1_995-1086-1507-1598,0,0,0,1,0,0,0,0,0
ZF8VFPVI1_890-4634-1402-5146,0,0,0,1,0,0,0,0,0
ZF8VFPVI1_8727-878-9239-1390,0,0,0,1,0,0,0,0,0
ZF8VFPVI1_995-574-1507-1086,0,0,0,1,0,0,0,0,0
ZF8VFPVI1_943-1928-1455-2440,0,0,0,1,0,0,0,0,0
ZFP46ZY6U_1461-631-1973-1143,0,0,0,0,0,1,0,0,0
ZFP46ZY6U_2495-735-3007-1247,0,0,0,0,0,1,0,0,0
ZF8VFPVI1_6911-729-7423-1241,0,0,0,1,0,0,0,0,0
ZFP46ZY6U_4875-5026-5387-5538,0,0,0,0,0,1,0,0,0
ZGGUZC42K_1059-4513-1571-5025,0,0,1,0,0,0,0,0,0
ZGGUZC42K_1779-4352-2291-4864,0,0,1,0,0,0,0,0,0
ZGGUZC42K_1284-2099-1796-2611,0,0,1,0,0,0,0,0,0
ZFP46ZY6U_823-3673-1335-4185,0,0,0,0,0,1,0,0,0
ZGGUZC42K_2380-3959-2892-4471,0,0,1,0,0,0,0,0,0
ZGGUZC42K_2678-2667-3190-3179,0,0,1,0,0,0,0,0,0
ZGGUZC42K_2770-2914-3282-3426,0,0,1,0,0,0,1,0,0
ZGGUZC42K_3133-4024-3645-4536,0,0,1,0,0,0,0,0,0
ZGGUZC42K_3067-2482-3579-2994,0,0,1,0,0,0,0,0,0
ZGGUZC42K_2812-3760-3324-4272,0,0,1,0,0,0,0,0,0
ZGGUZC42K_2823-2047-3335-2559,0,0,1,0,0,0,0,0,0
ZGGUZC42K_3457-3381-3969-3893,0,0,1,0,0,0,0,0,0
ZGGUZC42K_3180-3506-3692-4018,0,0,1,0,0,0,0,0,0
ZGGUZC42K_2821-2400-3333-2912,0,0,1,0,0,0,0,0,0
ZGGUZC42K_2966-3100-3478-3612,0,0,1,0,0,0,1,0,0
ZGGUZC42K_3301-2341-3813-2853,0,0,1,0,0,0,0,0,0
ZGGUZC42K_3372-3661-3884-4173,0,0,1,0,0,0,0,0,0
ZGGUZC42K_3480-2134-3992-2646,0,0,1,0,0,0,0,0,0
ZGGUZC42K_630-4611-1142-5123,0,0,1,0,0,0,0,0,0
ZGGUZC42K_629-1924-1141-2436,0,0,1,0,0,0,1,0,0
ZGGUZC42K_3491-2558-4003-3070,0,0,1,0,0,0,0,0,0
ZGGUZC42K_670-1327-1182-1839,0,0,1,0,0,0,0,0,0
ZGGUZC42K_671-2500-1183-3012,0,0,1,0,0,0,1,0,0
ZGGUZC42K_798-2229-1310-2741,0,0,1,0,0,0,1,0,0
ZGKH92HFM_1222-3001-1734-3513,1,0,0,0,0,0,0,0,0
ZGGUZC42K_798-1717-1310-2229,0,0,1,0,0,0,1,0,0
ZGK8R3R1R_4900-3961-5412-4473,0,0,0,0,0,0,0,0,1
ZGKH92HFM_1584-4940-2096-5452,1,0,0,0,0,0,0,0,0
ZGKH92HFM_1593-290-2105-802,1,0,0,0,0,0,0,0,0
ZGGUZC42K_853-3043-1365-3555,0,0,1,0,0,0,1,0,0
ZGKH92HFM_1734-3001-2246-3513,1,0,0,0,0,0,0,0,0
ZGGUZC42K_798-2741-1310-3253,0,0,1,0,0,0,1,0,0
ZGKH92HFM_1584-5452-2096-5964,1,0,0,0,0,0,0,0,0
ZGKH92HFM_1802-4605-2314-5117,1,0,0,0,0,0,0,0,0
ZGKH92HFM_1940-4927-2452-5439,1,0,0,0,0,0,0,0,0
ZGKH92HFM_2811-2283-3323-2795,1,0,0,0,0,0,0,0,0
ZGKH92HFM_2652-4182-3164-4694,1,0,0,0,0,0,0,0,0
ZGKH92HFM_217-2674-729-3186,1,0,0,0,0,0,0,0,0
ZGKH92HFM_2119-5290-2631-5802,1,0,0,0,0,0,0,0,0
ZGKH92HFM_2246-3001-2758-3513,1,0,0,0,0,0,0,0,0
ZGKH92HFM_2916-2992-3428-3504,1,0,0,0,0,0,0,0,0
ZGKH92HFM_335-3800-847-4312,1,0,0,0,0,0,0,0,0
ZGKH92HFM_333-549-845-1061,1,0,0,0,0,0,0,0,0
ZGKH92HFM_527-2083-1039-2595,1,0,0,0,0,0,0,0,0
ZGKH92HFM_527-2595-1039-3107,1,0,0,0,0,0,0,0,0
ZGKH92HFM_333-1061-845-1573,1,0,0,0,0,0,0,0,0
ZGKH92HFM_349-3037-861-3549,1,0,0,0,0,0,0,0,0
ZGKH92HFM_357-4322-869-4834,1,0,0,0,0,0,0,0,0
ZGKH92HFM_508-5069-1020-5581,1,0,0,0,0,0,0,0,0
ZGKH92HFM_529-3421-1041-3933,1,0,0,0,0,0,0,0,0
ZGKH92HFM_562-4139-1074-4651,1,0,0,0,0,0,0,0,0
ZGKH92HFM_607-455-1119-967,1,0,0,0,0,0,0,0,0
ZGKH92HFM_710-3001-1222-3513,1,0,0,0,0,0,0,0,0
ZGKH92HFM_790-1486-1302-1998,1,0,0,0,0,0,0,0,0
ZH9FN6Q73_1162-1746-1674-2258,0,1,0,0,0,0,0,0,0
ZH9FN6Q73_1815-5676-2327-6188,0,1,0,0,0,0,0,0,0
ZH9FN6Q73_1410-4695-1922-5207,0,1,0,0,0,0,0,0,0
ZH9FN6Q73_1815-5164-2327-5676,0,1,0,0,0,0,0,0,0
ZH9FN6Q73_1904-8681-2416-9193,0,1,0,0,0,0,0,0,0
ZH9FN6Q73_2885-1741-3397-2253,0,0,0,0,0,0,0,0,1
ZH9FN6Q73_2479-3472-2991-3984,0,0,0,0,0,0,0,0,1
ZH9FN6Q73_2198-8578-2710-9090,0,1,0,0,0,0,0,0,1
ZH9FN6Q73_2996-5151-3508-5663,0,0,0,0,0,0,0,0,1
ZH9FN6Q73_2416-8681-2928-9193,0,1,0,0,0,0,0,0,1
ZH9FN6Q73_4040-7658-4552-8170,0,1,0,0,0,0,0,0,1
ZH9FN6Q73_4611-7592-5123-8104,0,1,0,0,0,0,0,0,0
ZH9FN6Q73_4860-3433-5372-3945,0,0,0,0,0,0,0,0,1
ZH9FN6Q73_5123-7592-5635-8104,0,1,0,0,0,0,0,0,1
ZH9FN6Q73_4079-1827-4591-2339,0,1,0,0,0,0,0,0,0
ZH9FN6Q73_4200-7419-4712-7931,0,1,0,0,0,0,0,0,1
ZH9FN6Q73_5280-5101-5792-5613,0,1,0,0,0,0,0,0,0
ZH9FN6Q73_7073-2936-7585-3448,0,0,0,0,0,0,0,0,1
ZH9FN6Q73_6967-7367-7479-7879,0,0,0,0,0,0,0,0,1
ZH9FN6Q73_7091-2417-7603-2929,0,0,0,0,0,0,0,0,1
ZH9FN6Q73_5342-7329-5854-7841,0,1,0,0,0,0,0,0,1
ZH9FN6Q73_7442-2815-7954-3327,0,0,0,0,0,0,0,0,1
ZH9FN6Q73_7910-7275-8422-7787,0,1,0,0,0,0,0,0,1
ZH9FN6Q73_8140-4174-8652-4686,0,0,0,0,0,0,0,0,1
ZH9FN6Q73_765-1649-1277-2161,0,1,0,0,0,0,0,0,0
ZH9FN6Q73_7910-7787-8422-8299,0,1,0,0,0,0,0,0,0
ZH9FN6Q73_767-8452-1279-8964,0,0,0,0,0,0,0,0,1
ZH9FN6Q73_8158-8823-8670-9335,0,0,0,0,0,0,0,0,1
ZH9FN6Q73_8248-7525-8760-8037,0,1,0,0,0,0,0,0,1
ZHG7IVDZ7_1949-1735-2461-2247,0,0,0,0,0,0,1,0,0
ZHG7IVDZ7_3251-1035-3763-1547,0,0,0,0,0,0,1,0,0
ZH9FN6Q73_8485-5119-8997-5631,0,0,0,0,0,0,0,0,1
ZHG7IVDZ7_1437-2247-1949-2759,0,0,0,0,0,0,1,0,0
ZHG7IVDZ7_1203-2796-1715-3308,0,0,0,0,0,0,1,0,0
ZHG7IVDZ7_3251-523-3763-1035,0,0,0,0,0,0,1,0,0
ZHG7IVDZ7_3760-1975-4272-2487,0,0,0,0,0,0,1,0,0
ZHG7IVDZ7_3558-1235-4070-1747,0,0,0,0,0,0,1,0,0
ZHG7IVDZ7_3558-1747-4070-2259,0,0,0,0,0,0,1,0,0
ZHG7IVDZ7_3760-1463-4272-1975,0,0,0,0,0,0,1,0,0
ZHG7IVDZ7_3763-523-4275-1035,0,0,0,0,0,0,1,0,0
ZHG7IVDZ7_4272-1975-4784-2487,0,0,0,0,0,0,1,0,0
ZHG7IVDZ7_4070-1747-4582-2259,0,0,0,0,0,0,1,0,0
ZHG7IVDZ7_4272-1463-4784-1975,0,0,0,0,0,0,1,0,0
ZHG7IVDZ7_4070-1235-4582-1747,0,0,0,0,0,0,1,0,0
ZHG7IVDZ7_4070-2259-4582-2771,0,0,0,0,0,0,1,0,0
ZHG7IVDZ7_4272-439-4784-951,0,0,0,0,0,0,1,0,0
ZHG7IVDZ7_4983-2437-5495-2949,0,0,0,0,0,0,1,0,0
ZHG7IVDZ7_4471-2437-4983-2949,0,0,0,0,0,0,1,0,0
ZHG7IVDZ7_4983-2949-5495-3461,0,0,0,0,0,0,1,0,0
ZHG7IVDZ7_5296-2487-5808-2999,0,0,0,0,0,0,1,0,0
ZHG7IVDZ7_4784-1975-5296-2487,0,0,0,0,0,0,1,0,0
ZHG7IVDZ7_4272-951-4784-1463,0,0,0,0,0,0,1,0,0
ZHG7IVDZ7_5808-2999-6320-3511,0,0,0,0,0,0,1,0,0
ZHG7IVDZ7_5495-2949-6007-3461,0,0,0,0,0,0,1,0,0
ZHG7IVDZ7_5808-3511-6320-4023,0,0,0,0,0,0,1,0,0
ZHG7IVDZ7_5495-3461-6007-3973,0,0,0,0,0,0,1,0,0
ZHG7IVDZ7_5495-3973-6007-4485,0,0,0,0,0,0,1,0,0
ZHG7IVDZ7_5808-4023-6320-4535,0,0,0,0,0,0,1,0,0
ZHWRLIW32_1518-1036-2030-1548,1,0,0,0,0,0,0,0,0
ZHWRLIW32_1006-524-1518-1036,1,0,0,0,0,0,0,0,0
ZHWRLIW32_2030-1548-2542-2060,1,0,0,0,0,0,0,0,0
ZHWRLIW32_2030-3084-2542-3596,1,0,0,0,0,0,0,0,0
ZHWRLIW32_1518-524-2030-1036,1,0,0,0,0,0,0,0,0
ZHWRLIW32_2030-1036-2542-1548,1,0,0,0,0,0,0,0,0
ZHWRLIW32_2542-1036-3054-1548,1,0,0,0,0,0,0,0,0
ZHWRLIW32_2030-4108-2542-4620,1,0,0,0,0,0,0,0,0
ZHWRLIW32_2030-3596-2542-4108,1,0,0,0,0,0,0,0,0
ZHWRLIW32_2542-1548-3054-2060,1,0,0,0,0,0,0,0,0
ZHWRLIW32_2542-2060-3054-2572,1,0,0,0,0,0,0,0,0
ZHWRLIW32_2030-524-2542-1036,1,0,0,0,0,0,0,0,0
ZHWRLIW32_2542-2572-3054-3084,1,0,0,0,0,0,0,0,0
ZHWRLIW32_2542-4108-3054-4620,1,0,0,0,0,0,0,0,0
ZHWRLIW32_2542-3084-3054-3596,1,0,0,0,0,0,0,0,0
ZHWRLIW32_2542-3596-3054-4108,1,0,0,0,0,0,0,0,0
ZHWRLIW32_3054-1548-3566-2060,1,0,0,0,0,0,0,0,0
ZHWRLIW32_3054-3084-3566-3596,1,0,0,0,0,0,0,0,0
ZHWRLIW32_3054-2060-3566-2572,1,0,0,0,0,0,0,0,0
ZHWRLIW32_3054-2572-3566-3084,1,0,0,0,0,0,0,0,0
ZHWRLIW32_3054-4108-3566-4620,1,0,0,0,0,0,0,0,0
ZHWRLIW32_3054-3596-3566-4108,1,0,0,0,0,0,0,0,0
ZHWRLIW32_3566-2572-4078-3084,1,0,0,0,0,0,0,0,0
ZHWRLIW32_3566-2060-4078-2572,1,0,0,0,0,0,0,0,0
ZHWRLIW32_4078-2572-4590-3084,1,0,0,0,0,0,0,0,0
ZHWRLIW32_4078-3084-4590-3596,1,0,0,0,0,0,0,0,0
ZHWRLIW32_4590-3084-5102-3596,1,0,0,0,0,0,0,0,0
ZHWRLIW32_3697-4092-4209-4604,1,0,0,0,0,0,0,0,0
ZHWRLIW32_4209-4092-4721-4604,1,0,0,0,0,0,0,0,0
ZHWRLIW32_4590-2572-5102-3084,1,0,0,0,0,0,0,0,0
ZHWRLIW32_4721-4092-5233-4604,1,0,0,0,0,0,0,0,0
ZHWRLIW32_5102-3596-5614-4108,1,0,0,0,0,0,0,0,0
ZHWRLIW32_5102-3084-5614-3596,1,0,0,0,0,0,0,0,0
ZHWRLIW32_5233-4092-5745-4604,1,0,0,0,0,0,0,0,0
ZHWRLIW32_5614-4108-6126-4620,1,0,0,0,0,0,0,0,0
ZHWRLIW32_5614-3596-6126-4108,1,0,0,0,0,0,0,0,0
ZJ8XQ8ER3_8867-5847-9379-6359,1,0,0,0,0,0,0,0,0
ZJ8XQ8ER3_9288-3974-9800-4486,1,0,0,0,0,0,0,0,0
ZJ8XQ8ER3_9466-3577-9978-4089,1,0,0,0,0,0,0,0,0
ZHWRLIW32_6126-3596-6638-4108,1,0,0,0,0,0,0,0,0
ZJ8XQ8ER3_8355-5847-8867-6359,1,0,0,0,0,0,0,0,0
ZHWRLIW32_6126-4108-6638-4620,1,0,0,0,0,0,0,0,0
ZJQRQ13GI_2224-2315-2736-2827,0,1,0,0,0,0,0,0,0
ZJQRQ13GI_2776-2052-3288-2564,0,1,0,0,0,0,0,0,0
ZJQRQ13GI_3288-1540-3800-2052,0,1,0,0,0,0,0,0,0
ZJ8XQ8ER3_9570-3794-10082-4306,1,0,0,0,0,0,0,0,0
ZJQRQ13GI_2776-2564-3288-3076,0,1,0,0,0,0,0,0,0
ZJQRQ13GI_3288-2052-3800-2564,0,1,0,0,0,0,0,0,0
ZJQRQ13GI_3800-1028-4312-1540,0,1,0,0,0,0,0,0,0
ZJQRQ13GI_3288-2564-3800-3076,0,1,0,0,0,0,0,0,0
ZJQRQ13GI_3800-1540-4312-2052,0,1,0,0,0,0,0,0,0
ZJQRQ13GI_4647-641-5159-1153,0,1,0,0,0,0,0,0,0
ZJQRQ13GI_4312-516-4824-1028,0,1,0,0,0,0,0,0,0
ZJQRQ13GI_4312-1540-4824-2052,0,1,0,0,0,0,0,0,0
ZJQRQ13GI_4312-1028-4824-1540,0,1,0,0,0,0,0,0,0
ZJQRQ13GI_4647-1153-5159-1665,0,1,0,0,0,0,0,0,0
ZJQRQ13GI_3800-2052-4312-2564,0,1,0,0,0,0,0,0,0
ZJQRQ13GI_4778-2655-5290-3167,0,1,0,0,0,0,0,0,0
ZJQRQ13GI_5290-2143-5802-2655,0,1,0,0,0,0,0,0,0
ZJQRQ13GI_4778-2143-5290-2655,0,1,0,0,0,0,0,0,0
ZJQRQ13GI_7322-1218-7834-1730,0,1,0,0,0,0,0,0,0
ZJVR94N9A_1560-3123-2072-3635,0,1,0,0,0,0,0,0,0
ZJVR94N9A_1048-3123-1560-3635,0,1,0,0,0,0,0,0,0
ZJVR94N9A_3034-588-3546-1100,0,1,0,0,0,0,0,0,0
ZJQRQ13GI_5290-2655-5802-3167,0,1,0,0,0,0,0,0,0
ZJVR94N9A_7114-4957-7626-5469,0,1,0,0,0,0,0,0,0
ZLF9F13AN_2159-1311-2671-1823,0,0,0,0,0,0,0,0,1
ZLF9F13AN_1084-1297-1596-1809,0,0,0,0,0,0,0,0,1
ZLF9F13AN_2669-1432-3181-1944,0,0,0,0,0,0,0,0,1
ZM8D1C4C3_1024-7181-1536-7693,0,0,0,1,0,0,0,0,0
ZM3FPWAMZ_5716-2502-6228-3014,0,0,1,0,0,0,0,0,0
ZLPBBNWZJ_3362-4425-3874-4937,0,0,1,0,0,0,0,0,0
ZM8D1C4C3_1383-7994-1895-8506,0,0,0,1,0,0,0,0,0
ZM8D1C4C3_3576-5093-4088-5605,0,0,0,1,0,0,0,0,0
ZLZ289XJF_1461-1333-1973-1845,0,0,0,0,0,0,0,0,1
ZM8D1C4C3_1663-8064-2175-8576,0,0,0,1,0,0,0,0,0
ZM8D1C4C3_3576-5605-4088-6117,0,0,0,1,0,0,0,0,0
ZLPBBNWZJ_3362-4937-3874-5449,0,0,1,0,0,0,0,0,0
ZM8D1C4C3_4564-7307-5076-7819,0,0,0,1,0,0,0,0,0
ZM8D1C4C3_3762-6404-4274-6916,0,0,0,1,0,0,0,0,0
ZM8D1C4C3_3658-3696-4170-4208,0,0,0,1,0,0,0,0,0
ZM8D1C4C3_4088-5605-4600-6117,0,0,0,1,0,0,0,0,0
ZM8D1C4C3_4564-6795-5076-7307,0,0,0,1,0,0,0,0,0
ZM8D1C4C3_4629-7601-5141-8113,0,0,0,1,0,0,0,0,0
ZM8D1C4C3_5076-6795-5588-7307,0,0,0,1,0,0,0,0,0
ZM8D1C4C3_5578-6907-6090-7419,0,0,0,1,0,0,0,0,0
ZM8D1C4C3_5076-7307-5588-7819,0,0,0,1,0,0,0,0,0
ZM8D1C4C3_658-7235-1170-7747,0,0,0,1,0,0,0,0,0
ZM8D1C4C3_5632-8144-6144-8656,0,0,0,1,0,0,0,0,0
ZMD1X2E9M_2526-2067-3038-2579,0,0,0,0,0,0,1,0,0
ZMD1X2E9M_1502-2579-2014-3091,0,0,0,0,0,0,1,0,0
ZMD1X2E9M_2526-2579-3038-3091,0,0,0,0,0,0,1,0,0
ZMD1X2E9M_2014-2579-2526-3091,0,0,0,0,0,0,1,0,0
ZMD1X2E9M_3550-2067-4062-2579,0,0,0,0,0,0,1,0,0
ZMD1X2E9M_3038-2579-3550-3091,0,0,0,0,0,0,1,0,0
ZMD1X2E9M_3038-2067-3550-2579,0,0,0,0,0,0,1,0,0
ZMD1X2E9M_478-2067-990-2579,0,0,0,0,0,0,1,0,0
ZMD1X2E9M_4574-2067-5086-2579,0,0,0,0,0,0,1,0,0
ZMD1X2E9M_5086-2067-5598-2579,0,0,0,0,0,0,1,0,0
ZMD1X2E9M_4062-2067-4574-2579,0,0,0,0,0,0,1,0,0
ZMD1X2E9M_478-2579-990-3091,0,0,0,0,0,0,1,0,0
ZMD1X2E9M_5598-2067-6110-2579,0,0,0,0,0,0,1,0,0
ZMGGNMML1_5093-4887-5605-5399,0,0,0,1,0,0,0,0,0
ZMD1X2E9M_990-2579-1502-3091,0,0,0,0,0,0,1,0,0
ZMGGNMML1_5093-5399-5605-5911,0,0,0,1,0,0,0,0,0
ZMGGNMML1_5605-5399-6117-5911,0,0,0,1,0,0,0,0,0
ZMGGNMML1_5992-5781-6504-6293,0,0,0,1,0,0,0,0,0
ZMGGNMML1_6504-7317-7016-7829,0,0,0,1,0,0,0,0,0
ZMGGNMML1_6109-6501-6621-7013,0,0,0,1,0,0,0,0,0
ZMGGNMML1_6504-6805-7016-7317,0,0,0,1,0,0,0,0,0
ZMGGNMML1_6109-5989-6621-6501,0,0,0,1,0,0,0,0,0
ZMGGNMML1_5480-5781-5992-6293,0,0,0,1,0,0,0,0,0
ZMGGNMML1_6504-6293-7016-6805,0,0,0,1,0,0,0,0,0
ZMGGNMML1_7016-6805-7528-7317,0,0,0,1,0,0,0,0,0
ZMGGNMML1_5992-6293-6504-6805,0,0,0,1,0,0,0,0,0
ZMGGNMML1_6504-7829-7016-8341,0,0,0,1,0,0,0,0,0
ZMGGNMML1_6895-8601-7407-9113,0,0,0,1,0,0,0,0,0
ZMGGNMML1_6911-7484-7423-7996,0,0,0,1,0,0,0,0,0
ZMGGNMML1_6621-6501-7133-7013,0,0,0,1,0,0,0,0,0
ZMGGNMML1_7016-7829-7528-8341,0,0,0,1,0,0,0,0,0
ZMGGNMML1_7016-8853-7528-9365,0,0,0,1,0,0,0,0,0
ZMGGNMML1_7016-8341-7528-8853,0,0,0,1,0,0,0,0,0
ZMGGNMML1_7016-9365-7528-9877,0,0,0,1,0,0,0,0,0
ZMGGNMML1_7528-7829-8040-8341,0,0,0,1,0,0,0,0,0
ZMGGNMML1_7528-8341-8040-8853,0,0,0,1,0,0,0,0,0
ZMGGNMML1_7528-9365-8040-9877,0,0,0,1,0,0,0,0,0
ZMGGNMML1_7528-9877-8040-10389,0,0,0,1,0,0,0,0,0
ZMGGNMML1_8040-10389-8552-10901,0,0,0,1,0,0,0,0,0
ZMGGNMML1_8040-8341-8552-8853,0,0,0,1,0,0,0,0,0
ZMGGNMML1_8040-9877-8552-10389,0,0,0,1,0,0,0,0,0
ZMGGNMML1_8040-8853-8552-9365,0,0,0,1,0,0,0,0,0
ZMGGNMML1_8552-9365-9064-9877,0,0,0,1,0,0,0,0,0
ZMGGNMML1_9064-11413-9576-11925,0,0,0,1,0,0,0,0,0
ZMGGNMML1_8552-10901-9064-11413,0,0,0,1,0,0,0,0,0
ZMGGNMML1_9064-9365-9576-9877,0,0,0,1,0,0,0,0,0
ZMGGNMML1_8552-8853-9064-9365,0,0,0,1,0,0,0,0,0
ZMGGNMML1_9064-9877-9576-10389,0,0,0,1,0,0,0,0,0
ZMGGNMML1_9576-10389-10088-10901,0,0,0,1,0,0,0,0,0
ZMGGNMML1_9576-11413-10088-11925,0,0,0,1,0,0,0,0,0
ZMGGNMML1_9576-10901-10088-11413,0,0,0,1,0,0,0,0,0
ZMIL3IZQT_10599-1371-11111-1883,0,0,0,0,0,1,0,0,1
ZMIL3IZQT_10622-718-11134-1230,0,0,0,0,0,1,0,0,0
ZMIL3IZQT_10600-1698-11112-2210,0,0,0,0,0,0,0,0,1
ZMIL3IZQT_1016-1707-1528-2219,0,0,0,0,0,1,0,0,1
ZMIL3IZQT_10850-461-11362-973,0,0,0,0,0,1,0,0,0
ZMIL3IZQT_540-4387-1052-4899,0,0,0,0,0,1,0,0,0
ZMIL3IZQT_992-2800-1504-3312,0,0,0,0,0,1,0,0,0
ZMIL3IZQT_877-1041-1389-1553,0,0,0,0,0,1,0,0,0
ZMIL3IZQT_681-591-1193-1103,0,0,0,0,0,1,0,0,0
ZP9VV1BTQ_1001-11885-1513-12397,0,1,0,0,0,0,0,0,0
ZMIL3IZQT_992-3528-1504-4040,0,0,0,0,0,1,0,0,0
ZP9VV1BTQ_1001-10349-1513-10861,0,1,0,0,0,0,0,0,0
ZMIL3IZQT_992-4040-1504-4552,0,0,0,0,0,1,0,0,0
ZP9VV1BTQ_1001-10861-1513-11373,0,1,0,0,0,0,0,0,0
ZP9VV1BTQ_1001-11373-1513-11885,0,1,0,0,0,0,0,0,0
ZP9VV1BTQ_10305-12320-10817-12832,0,1,0,0,0,0,0,0,0
ZP9VV1BTQ_10497-3092-11009-3604,0,1,0,0,0,0,0,0,0
ZP9VV1BTQ_10305-12832-10817-13344,0,1,0,0,0,0,0,0,0
ZP9VV1BTQ_11329-10272-11841-10784,0,1,0,0,0,0,0,0,0
ZP9VV1BTQ_10305-9248-10817-9760,0,1,0,0,0,0,0,0,0
ZP9VV1BTQ_10817-12320-11329-12832,0,1,0,0,0,0,0,0,0
ZP9VV1BTQ_10817-12832-11329-13344,0,1,0,0,0,0,0,0,0
ZP9VV1BTQ_11329-10784-11841-11296,0,1,0,0,0,0,0,0,0
ZP9VV1BTQ_11009-8724-11521-9236,0,1,0,0,0,0,0,0,0
ZP9VV1BTQ_11009-3092-11521-3604,0,1,0,0,0,0,0,0,0
ZP9VV1BTQ_10497-8724-11009-9236,0,1,0,0,0,0,0,0,0
ZP9VV1BTQ_10817-9248-11329-9760,0,1,0,0,0,0,0,0,0
ZP9VV1BTQ_11329-11808-11841-12320,0,1,0,0,0,0,0,0,0
ZP9VV1BTQ_11329-11296-11841-11808,0,1,0,0,0,0,0,0,0
ZP9VV1BTQ_11329-12320-11841-12832,0,1,0,0,0,0,0,0,0
ZP9VV1BTQ_11329-12832-11841-13344,0,1,0,0,0,0,0,0,0
ZP9VV1BTQ_11329-9248-11841-9760,0,1,0,0,0,0,0,0,0
ZP9VV1BTQ_11329-9760-11841-10272,0,1,0,0,0,0,0,0,0
ZP9VV1BTQ_11521-3092-12033-3604,0,1,0,0,0,0,0,0,0
ZP9VV1BTQ_11521-4628-12033-5140,0,1,0,0,0,0,0,0,0
ZP9VV1BTQ_11521-4116-12033-4628,0,1,0,0,0,0,0,0,0
ZP9VV1BTQ_11521-5140-12033-5652,0,1,0,0,0,0,0,0,0
ZP9VV1BTQ_11521-6676-12033-7188,0,1,0,0,0,0,0,0,0
ZP9VV1BTQ_11521-5652-12033-6164,0,1,0,0,0,0,0,0,0
ZP9VV1BTQ_11521-3604-12033-4116,0,1,0,0,0,0,0,0,0
ZP9VV1BTQ_11521-7700-12033-8212,0,1,0,0,0,0,0,0,0
ZP9VV1BTQ_11521-7188-12033-7700,0,1,0,0,0,0,0,0,0
ZP9VV1BTQ_11521-8212-12033-8724,0,1,0,0,0,0,0,0,0
ZP9VV1BTQ_11521-6164-12033-6676,0,1,0,0,0,0,0,0,0
ZP9VV1BTQ_11521-8724-12033-9236,0,1,0,0,0,0,0,0,0
ZP9VV1BTQ_1513-9837-2025-10349,0,1,0,0,0,0,0,0,0
ZP9VV1BTQ_1513-11885-2025-12397,0,1,0,0,0,0,0,0,0
ZP9VV1BTQ_1507-13255-2019-13767,0,1,0,0,0,0,0,0,0
ZP9VV1BTQ_2019-13255-2531-13767,0,1,0,0,0,0,0,0,0
ZP9VV1BTQ_2025-10349-2537-10861,0,1,0,0,0,0,0,0,0
ZP9VV1BTQ_2025-11885-2537-12397,0,1,0,0,0,0,0,0,0
ZP9VV1BTQ_2817-6676-3329-7188,0,1,0,0,0,0,0,0,0
ZP9VV1BTQ_2305-7188-2817-7700,0,1,0,0,0,0,0,0,0
ZP9VV1BTQ_2305-8212-2817-8724,0,1,0,0,0,0,0,0,0
ZP9VV1BTQ_2025-9837-2537-10349,0,1,0,0,0,0,0,0,0
ZP9VV1BTQ_2305-7700-2817-8212,0,1,0,0,0,0,0,0,0
ZP9VV1BTQ_2537-10349-3049-10861,0,1,0,0,0,0,0,0,0
ZP9VV1BTQ_2817-7188-3329-7700,0,1,0,0,0,0,0,0,0
ZP9VV1BTQ_2537-10861-3049-11373,0,1,0,0,0,0,0,0,0
ZP9VV1BTQ_2537-11373-3049-11885,0,1,0,0,0,0,0,0,0
ZP9VV1BTQ_2531-13255-3043-13767,0,1,0,0,0,0,0,0,0
ZP9VV1BTQ_2817-6164-3329-6676,0,1,0,0,0,0,0,0,0
ZP9VV1BTQ_3043-13255-3555-13767,0,1,0,0,0,0,0,0,0
ZP9VV1BTQ_2817-8724-3329-9236,0,1,0,0,0,0,0,0,0
ZP9VV1BTQ_2874-11389-3386-11901,0,1,0,0,0,0,0,0,0
ZP9VV1BTQ_3077-688-3589-1200,0,1,0,0,0,0,0,0,0
ZP9VV1BTQ_3077-1200-3589-1712,0,1,0,0,0,0,0,0,0
ZP9VV1BTQ_3329-5652-3841-6164,0,1,0,0,0,0,0,0,0
ZP9VV1BTQ_3329-8724-3841-9236,0,1,0,0,0,0,0,0,0
ZP9VV1BTQ_4353-8212-4865-8724,0,1,0,0,0,0,0,0,0
ZP9VV1BTQ_3555-13255-4067-13767,0,1,0,0,0,0,0,0,0
ZP9VV1BTQ_4101-1712-4613-2224,0,1,0,0,0,0,0,0,0
ZP9VV1BTQ_3841-8724-4353-9236,0,1,0,0,0,0,0,0,0
ZP9VV1BTQ_4101-688-4613-1200,0,1,0,0,0,0,0,0,0
ZP9VV1BTQ_3589-1712-4101-2224,0,1,0,0,0,0,0,0,0
ZP9VV1BTQ_3589-688-4101-1200,0,1,0,0,0,0,0,0,0
ZP9VV1BTQ_4067-13255-4579-13767,0,1,0,0,0,0,0,0,0
ZP9VV1BTQ_4353-4628-4865-5140,0,1,0,0,0,0,0,0,0
ZP9VV1BTQ_3841-5140-4353-5652,0,1,0,0,0,0,0,0,0
ZP9VV1BTQ_4579-13255-5091-13767,0,1,0,0,0,0,0,0,0
ZP9VV1BTQ_4865-7700-5377-8212,0,1,0,0,0,0,0,0,0
ZP9VV1BTQ_4613-688-5125-1200,0,1,0,0,0,0,0,0,0
ZP9VV1BTQ_4865-4116-5377-4628,0,1,0,0,0,0,0,0,0
ZP9VV1BTQ_4613-1712-5125-2224,0,1,0,0,0,0,0,0,0
ZP9VV1BTQ_4613-1200-5125-1712,0,1,0,0,0,0,0,0,0
ZP9VV1BTQ_5091-13255-5603-13767,0,1,0,0,0,0,0,0,0
ZP9VV1BTQ_5377-4116-5889-4628,0,1,0,0,0,0,0,0,0
ZP9VV1BTQ_5483-3171-5995-3683,0,1,0,0,0,0,0,0,0
ZP9VV1BTQ_5483-1123-5995-1635,0,1,0,0,0,0,0,0,0
ZP9VV1BTQ_5377-7700-5889-8212,0,1,0,0,0,0,0,0,0
ZP9VV1BTQ_5483-2147-5995-2659,0,1,0,0,0,0,0,0,0
ZP9VV1BTQ_5483-611-5995-1123,0,1,0,0,0,0,0,0,0
ZP9VV1BTQ_5483-1635-5995-2147,0,1,0,0,0,0,0,0,0
ZP9VV1BTQ_5697-9760-6209-10272,0,1,0,0,0,0,0,0,0
ZP9VV1BTQ_5697-9248-6209-9760,0,1,0,0,0,0,0,0,0
ZP9VV1BTQ_5603-13255-6115-13767,0,1,0,0,0,0,0,0,0
ZP9VV1BTQ_5483-3683-5995-4195,0,1,0,0,0,0,0,0,0
ZP9VV1BTQ_5483-2659-5995-3171,0,1,0,0,0,0,0,0,0
ZP9VV1BTQ_5889-7700-6401-8212,0,1,0,0,0,0,0,0,0
ZP9VV1BTQ_5889-8212-6401-8724,0,1,0,0,0,0,0,0,0
ZP9VV1BTQ_5995-611-6507-1123,0,1,0,0,0,0,0,0,0
ZP9VV1BTQ_6209-9248-6721-9760,0,1,0,0,0,0,0,0,0
ZP9VV1BTQ_5995-3683-6507-4195,0,1,0,0,0,0,0,0,0
ZP9VV1BTQ_6209-9760-6721-10272,0,1,0,0,0,0,0,0,0
ZP9VV1BTQ_6401-8724-6913-9236,0,1,0,0,0,0,0,0,0
ZP9VV1BTQ_6507-3683-7019-4195,0,1,0,0,0,0,0,0,0
ZP9VV1BTQ_6721-9248-7233-9760,0,1,0,0,0,0,0,0,0
ZP9VV1BTQ_6507-611-7019-1123,0,1,0,0,0,0,0,0,0
ZP9VV1BTQ_6913-8724-7425-9236,0,1,0,0,0,0,0,0,0
ZP9VV1BTQ_6721-9760-7233-10272,0,1,0,0,0,0,0,0,0
ZP9VV1BTQ_7425-3604-7937-4116,0,1,0,0,0,0,0,0,0
ZP9VV1BTQ_6913-3604-7425-4116,0,1,0,0,0,0,0,0,0
ZP9VV1BTQ_7233-9760-7745-10272,0,1,0,0,0,0,0,0,0
ZP9VV1BTQ_7425-4116-7937-4628,0,1,0,0,0,0,0,0,0
ZP9VV1BTQ_7233-9248-7745-9760,0,1,0,0,0,0,0,0,0
ZP9VV1BTQ_7425-8724-7937-9236,0,1,0,0,0,0,0,0,0
ZP9VV1BTQ_7937-3604-8449-4116,0,1,0,0,0,0,0,0,0
ZP9VV1BTQ_7531-611-8043-1123,0,1,0,0,0,0,0,0,0
ZP9VV1BTQ_7745-9248-8257-9760,0,1,0,0,0,0,0,0,0
ZP9VV1BTQ_7745-9760-8257-10272,0,1,0,0,0,0,0,0,0
ZP9VV1BTQ_7937-4116-8449-4628,0,1,0,0,0,0,0,0,0
ZP9VV1BTQ_7937-8724-8449-9236,0,1,0,0,0,0,0,0,0
ZP9VV1BTQ_8257-10272-8769-10784,0,1,0,0,0,0,0,0,0
ZP9VV1BTQ_8257-11296-8769-11808,0,1,0,0,0,0,0,0,0
ZP9VV1BTQ_8257-10784-8769-11296,0,1,0,0,0,0,0,0,0
ZP9VV1BTQ_8043-611-8555-1123,0,1,0,0,0,0,0,0,0
ZP9VV1BTQ_8257-12320-8769-12832,0,1,0,0,0,0,0,0,0
ZP9VV1BTQ_8257-11808-8769-12320,0,1,0,0,0,0,0,0,0
ZP9VV1BTQ_8257-9248-8769-9760,0,1,0,0,0,0,0,0,0
ZP9VV1BTQ_8449-8724-8961-9236,0,1,0,0,0,0,0,0,0
ZP9VV1BTQ_8555-611-9067-1123,0,1,0,0,0,0,0,0,0
ZP9VV1BTQ_8449-3604-8961-4116,0,1,0,0,0,0,0,0,0
ZP9VV1BTQ_8555-1635-9067-2147,0,1,0,0,0,0,0,0,0
ZP9VV1BTQ_8555-1123-9067-1635,0,1,0,0,0,0,0,0,0
ZP9VV1BTQ_8769-9248-9281-9760,0,1,0,0,0,0,0,0,0
ZP9VV1BTQ_8769-12832-9281-13344,0,1,0,0,0,0,0,0,0
ZP9VV1BTQ_8961-3092-9473-3604,0,1,0,0,0,0,0,0,0
ZP9VV1BTQ_8961-8724-9473-9236,0,1,0,0,0,0,0,0,0
ZP9VV1BTQ_8769-12320-9281-12832,0,1,0,0,0,0,0,0,0
ZP9VV1BTQ_9067-1635-9579-2147,0,1,0,0,0,0,0,0,0
ZP9VV1BTQ_9067-2147-9579-2659,0,1,0,0,0,0,0,0,0
ZP9VV1BTQ_9281-9248-9793-9760,0,1,0,0,0,0,0,0,0
ZP9VV1BTQ_9067-2659-9579-3171,0,1,0,0,0,0,0,0,0
ZP9VV1BTQ_9281-12320-9793-12832,0,1,0,0,0,0,0,0,0
ZP9VV1BTQ_9473-8724-9985-9236,0,1,0,0,0,0,0,0,0
ZP9VV1BTQ_9793-12320-10305-12832,0,1,0,0,0,0,0,0,0
ZP9VV1BTQ_9473-3092-9985-3604,0,1,0,0,0,0,0,0,0
ZP9VV1BTQ_9067-3683-9579-4195,0,1,0,0,0,0,0,0,0
ZP9VV1BTQ_9793-9248-10305-9760,0,1,0,0,0,0,0,0,0
ZP9VV1BTQ_9793-12832-10305-13344,0,1,0,0,0,0,0,0,0
ZP9VV1BTQ_9281-12832-9793-13344,0,1,0,0,0,0,0,0,0
ZP9VV1BTQ_995-13255-1507-13767,0,1,0,0,0,0,0,0,0
ZP9VV1BTQ_9985-8724-10497-9236,0,1,0,0,0,0,0,0,0
ZP9VV1BTQ_9985-3092-10497-3604,0,1,0,0,0,0,0,0,0
ZPEFW81VX_10175-2114-10687-2626,0,1,0,0,0,0,0,0,0
ZPEFW81VX_10159-862-10671-1374,0,1,0,0,0,0,0,0,0
ZPEFW81VX_10175-2626-10687-3138,0,1,0,0,0,0,0,0,0
ZPEFW81VX_10175-3650-10687-4162,0,1,0,0,0,0,0,0,0
ZPEFW81VX_10281-625-10793-1137,0,1,0,0,0,0,0,0,0
ZPEFW81VX_10687-3650-11199-4162,0,1,0,0,0,0,0,0,0
ZPEFW81VX_10671-862-11183-1374,0,1,0,0,0,0,0,0,0
ZPEFW81VX_10511-7166-11023-7678,0,1,0,0,0,0,0,0,0
ZPEFW81VX_10687-2114-11199-2626,0,1,0,0,0,0,0,0,0
ZPEFW81VX_10671-1374-11183-1886,0,1,0,0,0,0,0,0,0
ZPEFW81VX_10246-1492-10758-2004,0,1,0,0,0,0,0,0,0
ZPEFW81VX_10550-4182-11062-4694,0,1,0,0,0,0,0,0,0
ZPEFW81VX_10687-3138-11199-3650,0,1,0,0,0,0,0,0,0
ZPEFW81VX_10793-625-11305-1137,0,1,0,0,0,0,0,0,0
ZPEFW81VX_11183-1374-11695-1886,0,1,0,0,0,0,0,0,0
ZPEFW81VX_11183-862-11695-1374,0,1,0,0,0,0,0,0,0
ZPEFW81VX_11199-2114-11711-2626,0,1,0,0,0,0,0,0,0
ZPEFW81VX_11199-3650-11711-4162,0,1,0,0,0,0,0,0,0
ZPEFW81VX_11199-3138-11711-3650,0,1,0,0,0,0,0,0,0
ZPEFW81VX_11199-2626-11711-3138,0,1,0,0,0,0,0,0,0
ZPEFW81VX_11305-625-11817-1137,0,1,0,0,0,0,0,0,0
ZPEFW81VX_1289-2126-1801-2638,0,1,0,0,0,0,0,0,0
ZPEFW81VX_1309-5158-1821-5670,0,1,0,0,0,0,0,0,0
ZPEFW81VX_1344-7340-1856-7852,0,1,0,0,0,0,0,0,0
ZPEFW81VX_1493-8224-2005-8736,0,1,0,0,0,0,0,0,0
ZPEFW81VX_1309-5670-1821-6182,0,1,0,0,0,0,0,0,0
ZPEFW81VX_1309-4646-1821-5158,0,1,0,0,0,0,0,0,0
ZPEFW81VX_1837-8210-2349-8722,0,1,0,0,0,0,0,0,0
ZPEFW81VX_1883-2076-2395-2588,0,1,0,0,0,0,0,0,0
ZPEFW81VX_1821-5158-2333-5670,0,1,0,0,0,0,0,0,0
ZPEFW81VX_1856-7852-2368-8364,0,1,0,0,0,0,0,0,0
ZPEFW81VX_1856-7340-2368-7852,0,1,0,0,0,0,0,0,0
ZPEFW81VX_1883-2588-2395-3100,0,1,0,0,0,0,0,0,0
ZPEFW81VX_1779-5942-2291-6454,0,1,0,0,0,0,0,0,0
ZPEFW81VX_1883-3100-2395-3612,0,1,0,0,0,0,0,0,0
ZPEFW81VX_1883-3612-2395-4124,0,1,0,0,0,0,0,0,0
ZPEFW81VX_1972-4476-2484-4988,0,1,0,0,0,0,0,0,0
ZPEFW81VX_1972-5500-2484-6012,0,1,0,0,0,0,0,0,0
ZPEFW81VX_2349-8210-2861-8722,0,1,0,0,0,0,0,0,0
ZPEFW81VX_2395-2076-2907-2588,0,1,0,0,0,0,0,0,0
ZPEFW81VX_2395-4124-2907-4636,0,1,0,0,0,0,0,0,0
ZPEFW81VX_2907-2588-3419-3100,0,1,0,0,0,0,0,0,0
ZPEFW81VX_2861-8210-3373-8722,0,1,0,0,0,0,0,0,0
ZPEFW81VX_2484-4988-2996-5500,0,1,0,0,0,0,0,0,0
ZPEFW81VX_2484-4476-2996-4988,0,1,0,0,0,0,0,0,0
ZPEFW81VX_2907-3100-3419-3612,0,1,0,0,0,0,0,0,0
ZPEFW81VX_2368-7852-2880-8364,0,1,0,0,0,0,0,0,0
ZPEFW81VX_2907-2076-3419-2588,0,1,0,0,0,0,0,0,0
ZPEFW81VX_2484-6012-2996-6524,0,1,0,0,0,0,0,0,0
ZPEFW81VX_2880-7852-3392-8364,0,1,0,0,0,0,0,0,0
ZPEFW81VX_2484-5500-2996-6012,0,1,0,0,0,0,0,0,0
ZPEFW81VX_2907-3612-3419-4124,0,1,0,0,0,0,0,0,0
ZPEFW81VX_2996-4988-3508-5500,0,1,0,0,0,0,0,0,0
ZPEFW81VX_2996-5500-3508-6012,0,1,0,0,0,0,0,0,0
ZPEFW81VX_2907-4124-3419-4636,0,1,0,0,0,0,0,0,0
ZPEFW81VX_2996-6524-3508-7036,0,1,0,0,0,0,0,0,0
ZPEFW81VX_3022-1748-3534-2260,0,1,0,0,0,0,0,0,0
ZPEFW81VX_4261-8137-4773-8649,0,1,0,0,0,0,0,0,0
ZPEFW81VX_3508-5500-4020-6012,0,1,0,0,0,0,0,0,0
ZPEFW81VX_6200-6767-6712-7279,0,1,0,0,0,0,0,0,0
ZPEFW81VX_3508-6012-4020-6524,0,1,0,0,0,0,0,0,0
ZPEFW81VX_3508-6524-4020-7036,0,1,0,0,0,0,0,0,0
ZPEFW81VX_6600-7436-7112-7948,0,1,0,0,0,0,0,0,0
ZPEFW81VX_3373-8210-3885-8722,0,1,0,0,0,0,0,0,0
ZPEFW81VX_3534-1748-4046-2260,0,1,0,0,0,0,0,0,0
ZPEFW81VX_6139-3893-6651-4405,0,1,0,0,0,0,0,0,0
ZPEFW81VX_6090-8243-6602-8755,0,1,0,0,0,0,0,0,0
ZPEFW81VX_6602-8243-7114-8755,0,1,0,0,0,0,0,0,0
ZPEFW81VX_6200-6255-6712-6767,0,1,0,0,0,0,0,0,0
ZPEFW81VX_7112-7436-7624-7948,0,1,0,0,0,0,0,0,0
ZPEFW81VX_6853-6783-7365-7295,0,1,0,0,0,0,0,0,0
ZPEFW81VX_7069-3897-7581-4409,0,1,0,0,0,0,0,0,0
ZPEFW81VX_696-8183-1208-8695,0,1,0,0,0,0,0,0,0
ZPEFW81VX_7114-8243-7626-8755,0,1,0,0,0,0,0,0,0
ZPEFW81VX_7361-5027-7873-5539,0,1,0,0,0,0,0,0,0
ZPEFW81VX_742-6861-1254-7373,0,1,0,0,0,0,0,0,0
ZPEFW81VX_7628-2990-8140-3502,0,1,0,0,0,0,0,0,0
ZPEFW81VX_757-5313-1269-5825,0,1,0,0,0,0,0,0,0
ZPEFW81VX_742-7373-1254-7885,0,1,0,0,0,0,0,0,0
ZPEFW81VX_757-5825-1269-6337,0,1,0,0,0,0,0,0,0
ZPEFW81VX_7701-5642-8213-6154,0,1,0,0,0,0,0,0,0
ZPEFW81VX_777-2126-1289-2638,0,1,0,0,0,0,0,0,0
ZPEFW81VX_7626-8243-8138-8755,0,1,0,0,0,0,0,0,0
ZPEFW81VX_7628-3502-8140-4014,0,1,0,0,0,0,0,0,0
ZPEFW81VX_7965-6433-8477-6945,0,1,0,0,0,0,0,0,0
ZPEFW81VX_7965-6945-8477-7457,0,1,0,0,0,0,0,0,0
ZPEFW81VX_782-4119-1294-4631,0,1,0,0,0,0,0,0,0
ZPEFW81VX_8140-2990-8652-3502,0,1,0,0,0,0,0,0,0
ZPEFW81VX_8138-8243-8650-8755,0,1,0,0,0,0,0,0,0
ZPEFW81VX_7965-7457-8477-7969,0,1,0,0,0,0,0,0,0
ZPEFW81VX_7965-7969-8477-8481,0,1,0,0,0,0,0,0,0
ZPEFW81VX_8140-3502-8652-4014,0,1,0,0,0,0,0,0,0
ZPEFW81VX_824-4729-1336-5241,0,1,0,0,0,0,0,0,0
ZPEFW81VX_8233-625-8745-1137,0,1,0,0,0,0,0,0,0
ZPEFW81VX_8463-7678-8975-8190,0,1,0,0,0,0,0,0,0
ZPEFW81VX_8463-8190-8975-8702,0,1,0,0,0,0,0,0,0
ZPEFW81VX_8745-625-9257-1137,0,1,0,0,0,0,0,0,0
ZPEFW81VX_8652-3502-9164-4014,0,1,0,0,0,0,0,0,0
ZPEFW81VX_8652-2990-9164-3502,0,1,0,0,0,0,0,0,0
ZPEFW81VX_8875-2351-9387-2863,0,1,0,0,0,0,0,0,0
ZPEFW81VX_8875-2863-9387-3375,0,1,0,0,0,0,0,0,0
ZPEFW81VX_8875-1839-9387-2351,0,1,0,0,0,0,0,0,0
ZPEFW81VX_8975-7166-9487-7678,0,1,0,0,0,0,0,0,0
ZPEFW81VX_8975-8190-9487-8702,0,1,0,0,0,0,0,0,0
ZPEFW81VX_8975-7678-9487-8190,0,1,0,0,0,0,0,0,0
ZPEFW81VX_9387-2351-9899-2863,0,1,0,0,0,0,0,0,0
ZPEFW81VX_9164-2990-9676-3502,0,1,0,0,0,0,0,0,0
ZPEFW81VX_9257-625-9769-1137,0,1,0,0,0,0,0,0,0
ZPEFW81VX_9387-1839-9899-2351,0,1,0,0,0,0,0,0,0
ZPEFW81VX_9387-2863-9899-3375,0,1,0,0,0,0,0,0,0
ZPEFW81VX_9663-2626-10175-3138,0,1,0,0,0,0,0,0,0
ZPEFW81VX_9663-3138-10175-3650,0,1,0,0,0,0,0,0,0
ZPEFW81VX_9487-7678-9999-8190,0,1,0,0,0,0,0,0,0
ZPEFW81VX_9408-5529-9920-6041,0,1,0,0,0,0,0,0,0
ZPEFW81VX_9487-7166-9999-7678,0,1,0,0,0,0,0,0,0
ZPEFW81VX_9663-3650-10175-4162,0,1,0,0,0,0,0,0,0
ZPEFW81VX_9734-1492-10246-2004,0,1,0,0,0,0,0,0,0
ZPEFW81VX_9769-625-10281-1137,0,1,0,0,0,0,0,0,0
ZPEFW81VX_9734-2004-10246-2516,0,1,0,0,0,0,0,0,0
ZPEFW81VX_981-8224-1493-8736,0,1,0,0,0,0,0,0,0
ZPEFW81VX_9999-7166-10511-7678,0,1,0,0,0,0,0,0,0
ZPEFW81VX_9999-7678-10511-8190,0,1,0,0,0,0,0,0,0
ZQFTBRXCT_2771-4255-3283-4767,0,0,0,0,0,0,0,0,1
ZQFTBRXCT_5380-1441-5892-1953,0,0,0,0,0,0,0,0,1
ZQFTBRXCT_5203-882-5715-1394,0,0,0,0,0,0,0,0,1
ZQFTBRXCT_3551-1432-4063-1944,0,0,0,0,0,0,0,0,1
ZQFTBRXCT_692-805-1204-1317,0,0,0,0,0,0,0,0,1
ZQK4KNNTQ_3208-4487-3720-4999,0,1,0,0,0,0,0,0,0
ZQK4KNNTQ_3671-5393-4183-5905,0,1,0,0,0,0,0,0,0
ZQK4KNNTQ_2728-5182-3240-5694,0,1,0,0,0,0,0,0,1
ZQK4KNNTQ_3769-4958-4281-5470,0,1,0,0,0,0,0,0,0
ZQK4KNNTQ_2538-5035-3050-5547,0,1,0,0,0,0,0,0,1
ZQK4KNNTQ_5390-4557-5902-5069,0,1,0,0,0,0,0,0,0
ZQK4KNNTQ_3159-5393-3671-5905,0,1,0,0,0,0,0,0,0
ZQK4KNNTQ_6116-5103-6628-5615,0,1,0,0,0,0,0,0,0
ZQK4KNNTQ_4042-8015-4554-8527,0,0,0,0,0,0,0,0,1
ZQK4KNNTQ_6116-5615-6628-6127,0,1,0,0,0,0,0,0,0
ZQK4KNNTQ_6116-6639-6628-7151,0,1,0,0,0,0,0,0,0
ZQK4KNNTQ_6116-6127-6628-6639,0,1,0,0,0,0,0,0,0
ZQK4KNNTQ_7319-5084-7831-5596,0,1,0,0,0,0,0,0,0
ZQK4KNNTQ_7319-5596-7831-6108,0,1,0,0,0,0,0,0,0
ZQYFHWYFY_1046-8644-1558-9156,0,0,0,0,0,1,0,0,0
ZQYFHWYFY_1558-8644-2070-9156,0,0,0,0,0,1,0,0,0
ZQK4KNNTQ_7624-7854-8136-8366,0,1,0,0,0,0,0,0,0
ZQYFHWYFY_1400-1761-1912-2273,0,0,0,0,0,1,0,0,0
ZQYFHWYFY_1912-1761-2424-2273,0,0,0,0,0,1,0,0,0
ZQYFHWYFY_2576-8808-3088-9320,0,0,0,0,1,1,0,0,0
ZQYFHWYFY_2532-1673-3044-2185,0,0,0,0,0,1,0,0,0
ZQYFHWYFY_3556-1673-4068-2185,0,0,0,0,1,1,0,0,0
ZQYFHWYFY_3250-8741-3762-9253,0,0,0,0,1,1,0,0,0
ZQYFHWYFY_3044-1673-3556-2185,0,0,0,0,1,1,0,0,0
ZQYFHWYFY_2070-8644-2582-9156,0,0,0,0,0,1,0,0,0
ZQYFHWYFY_4068-1673-4580-2185,0,0,0,0,1,1,0,0,0
ZQYFHWYFY_3762-8741-4274-9253,0,0,0,0,1,1,0,0,0
ZQYFHWYFY_4274-8741-4786-9253,0,0,0,0,1,1,0,0,0
ZQYFHWYFY_5419-8835-5931-9347,0,0,0,0,1,1,0,0,0
ZQYFHWYFY_5092-1673-5604-2185,0,0,0,0,1,1,0,0,0
ZQYFHWYFY_4580-1673-5092-2185,0,0,0,0,1,1,0,0,0
ZQYFHWYFY_4786-8741-5298-9253,0,0,0,0,1,1,0,0,0
ZQYFHWYFY_888-1761-1400-2273,0,0,0,0,0,1,0,0,0
ZQYFHWYFY_5673-3678-6185-4190,0,0,0,0,1,0,0,0,0
ZQYFHWYFY_5604-1673-6116-2185,0,0,0,0,1,1,0,0,0
ZQYFHWYFY_5810-8741-6322-9253,0,0,0,0,1,1,0,0,0
ZRWHRKHZG_1086-2729-1598-3241,0,1,0,0,0,0,0,0,0
ZRWHRKHZG_1141-8479-1653-8991,0,1,0,0,0,0,0,0,0
ZRWHRKHZG_1571-1194-2083-1706,0,1,0,0,0,0,0,0,0
ZRWHRKHZG_1372-4981-1884-5493,0,1,0,0,0,0,0,0,0
ZRWHRKHZG_1494-8042-2006-8554,0,1,0,0,0,0,0,0,0
ZRWHRKHZG_1397-801-1909-1313,0,1,0,0,0,0,0,0,0
ZRWHRKHZG_1372-5493-1884-6005,0,1,0,0,0,0,0,0,0
ZRWHRKHZG_1217-1320-1729-1832,0,1,0,0,0,0,0,0,0
ZRWHRKHZG_1653-8479-2165-8991,0,1,0,0,0,0,0,0,0
ZRWHRKHZG_1571-1706-2083-2218,0,1,0,0,0,0,0,0,0
ZRWHRKHZG_1761-7897-2273-8409,0,1,0,0,0,0,0,0,0
ZRWHRKHZG_1910-7642-2422-8154,0,1,0,0,0,0,0,0,0
ZRWHRKHZG_1909-801-2421-1313,0,1,0,0,0,0,0,0,0
ZRWHRKHZG_1910-8154-2422-8666,0,1,0,0,0,0,0,0,0
ZRWHRKHZG_2124-5576-2636-6088,0,1,0,0,0,0,0,0,0
ZRWHRKHZG_2124-6088-2636-6600,0,1,0,0,0,0,0,0,0
ZRWHRKHZG_2035-1136-2547-1648,0,1,0,0,0,0,0,0,0
ZRWHRKHZG_2165-8479-2677-8991,0,1,0,0,0,0,0,0,0
ZRWHRKHZG_2480-6458-2992-6970,0,1,0,0,0,0,0,0,0
ZRWHRKHZG_2480-5946-2992-6458,0,1,0,0,0,0,0,0,0
ZRWHRKHZG_2480-6970-2992-7482,0,1,0,0,0,0,0,0,0
ZRWHRKHZG_2480-5434-2992-5946,0,1,0,0,0,0,0,0,0
ZRWHRKHZG_2169-664-2681-1176,0,1,0,0,0,0,0,0,0
ZRWHRKHZG_2350-846-2862-1358,0,1,0,0,0,0,0,0,0
ZRWHRKHZG_2480-7482-2992-7994,0,1,0,0,0,0,0,0,0
ZRWHRKHZG_2486-646-2998-1158,0,1,0,0,0,0,0,0,0
ZRWHRKHZG_2682-2862-3194-3374,0,1,0,0,0,0,0,0,0
ZRWHRKHZG_2615-2113-3127-2625,0,1,0,0,0,0,0,0,0
ZRWHRKHZG_2802-8477-3314-8989,0,1,0,0,0,0,0,0,0
ZRWHRKHZG_2868-2670-3380-3182,0,1,0,0,0,0,0,0,0
ZRWHRKHZG_2757-747-3269-1259,0,1,0,0,0,0,0,0,0
ZRWHRKHZG_2868-3694-3380-4206,0,1,0,0,0,0,0,0,0
ZRWHRKHZG_2868-3182-3380-3694,0,1,0,0,0,0,0,0,0
ZRWHRKHZG_2992-5434-3504-5946,0,1,0,0,0,0,0,0,0
ZRWHRKHZG_2992-4922-3504-5434,0,1,0,0,0,0,0,0,0
ZRWHRKHZG_2992-5946-3504-6458,0,1,0,0,0,0,0,0,0
ZRWHRKHZG_3192-8421-3704-8933,0,1,0,0,0,0,0,0,0
ZRWHRKHZG_2992-7482-3504-7994,0,1,0,0,0,0,0,0,0
ZRWHRKHZG_2992-6970-3504-7482,0,1,0,0,0,0,0,0,0
ZRWHRKHZG_2992-6458-3504-6970,0,1,0,0,0,0,0,0,0
ZRWHRKHZG_3224-7884-3736-8396,0,1,0,0,0,0,0,0,0
ZRWHRKHZG_3127-2113-3639-2625,0,1,0,0,0,0,0,0,0
ZRWHRKHZG_3127-1601-3639-2113,0,1,0,0,0,0,0,0,0
ZRWHRKHZG_3218-7106-3730-7618,0,1,0,0,0,0,0,0,0
ZRWHRKHZG_3269-747-3781-1259,0,1,0,0,0,0,0,0,0
ZRWHRKHZG_3324-6669-3836-7181,0,1,0,0,0,0,0,0,0
ZRWHRKHZG_3423-6891-3935-7403,0,1,0,0,0,0,0,0,0
ZRWHRKHZG_3466-7750-3978-8262,0,1,0,0,0,0,0,0,0
ZRWHRKHZG_3469-3798-3981-4310,0,1,0,0,0,0,0,0,0
ZRWHRKHZG_3488-2507-4000-3019,0,1,0,0,0,0,0,0,0
ZRWHRKHZG_3469-4310-3981-4822,0,1,0,0,0,0,0,0,0
ZRWHRKHZG_3504-4922-4016-5434,0,1,0,0,0,0,0,0,0
ZRWHRKHZG_3504-5434-4016-5946,0,1,0,0,0,0,0,0,0
ZRWHRKHZG_3591-8456-4103-8968,0,1,0,0,0,0,0,0,0
ZRWHRKHZG_3738-5225-4250-5737,0,1,0,0,0,0,0,0,0
ZRWHRKHZG_3504-5946-4016-6458,0,1,0,0,0,0,0,0,0
ZRWHRKHZG_3504-6458-4016-6970,0,1,0,0,0,0,0,0,0
ZRWHRKHZG_3504-7482-4016-7994,0,1,0,0,0,0,0,0,0
ZRWHRKHZG_3748-8633-4260-9145,0,1,0,0,0,0,0,0,0
ZRWHRKHZG_3834-6785-4346-7297,0,1,0,0,0,0,0,0,0
ZRWHRKHZG_3781-747-4293-1259,0,1,0,0,0,0,0,0,0
ZRWHRKHZG_3738-4713-4250-5225,0,1,0,0,0,0,0,0,0
ZRWHRKHZG_4007-3785-4519-4297,0,1,0,0,0,0,0,0,0
ZRWHRKHZG_3892-4178-4404-4690,0,1,0,0,0,0,0,0,0
ZRWHRKHZG_4018-7236-4530-7748,0,1,0,0,0,0,0,0,0
ZRWHRKHZG_4082-7629-4594-8141,0,1,0,0,0,0,0,0,0
ZRWHRKHZG_4018-6212-4530-6724,0,1,0,0,0,0,0,0,0
ZRWHRKHZG_4124-2975-4636-3487,0,1,0,0,0,0,0,0,0
ZRWHRKHZG_4103-8456-4615-8968,0,1,0,0,0,0,0,0,0
ZRWHRKHZG_4124-2463-4636-2975,0,1,0,0,0,0,0,0,0
ZRWHRKHZG_4173-5742-4685-6254,0,1,0,0,0,0,0,0,0
ZRWHRKHZG_4330-7547-4842-8059,0,1,0,0,0,0,0,0,0
ZRWHRKHZG_4403-8478-4915-8990,0,1,0,0,0,0,0,0,0
ZRWHRKHZG_4293-747-4805-1259,0,1,0,0,0,0,0,0,0
ZRWHRKHZG_4354-5361-4866-5873,0,1,0,0,0,0,0,0,0
ZRWHRKHZG_4354-4849-4866-5361,0,1,0,0,0,0,0,0,0
ZRWHRKHZG_4354-6385-4866-6897,0,1,0,0,0,0,0,0,0
ZRWHRKHZG_4173-6632-4685-7144,0,1,0,0,0,0,0,0,0
ZRWHRKHZG_4354-6897-4866-7409,0,1,0,0,0,0,0,0,0
ZRWHRKHZG_814-6063-1326-6575,0,1,0,0,0,0,0,0,0
ZRWHRKHZG_814-6575-1326-7087,0,1,0,0,0,0,0,0,0
ZRWHRKHZG_845-8474-1357-8986,0,1,0,0,0,0,0,0,0
ZRWHRKHZG_845-7962-1357-8474,0,1,0,0,0,0,0,0,0
ZRWHRKHZG_845-2973-1357-3485,0,1,0,0,0,0,0,0,0
ZRWHRKHZG_845-2461-1357-2973,0,1,0,0,0,0,0,0,0
ZRWHRKHZG_860-4981-1372-5493,0,1,0,0,0,0,0,0,0
ZRWHRKHZG_885-801-1397-1313,0,1,0,0,0,0,0,0,0
ZRWHRKHZG_860-5493-1372-6005,0,1,0,0,0,0,0,0,0
ZRWHRKHZG_900-6882-1412-7394,0,1,0,0,0,0,0,0,0
ZTNM81692_10231-11644-10743-12156,0,0,1,0,1,0,0,0,0
ZRWHRKHZG_910-1157-1422-1669,0,1,0,0,0,0,0,0,0
ZTNM81692_10259-9089-10771-9601,0,0,0,0,0,1,0,0,0
ZTNM81692_10743-12156-11255-12668,0,0,1,0,1,0,0,0,0
ZTNM81692_11255-11644-11767-12156,0,0,1,0,1,0,0,0,0
ZTNM81692_10743-11644-11255-12156,0,0,1,0,1,0,0,0,0
ZTNM81692_11255-12156-11767-12668,0,0,1,0,1,0,0,0,0
ZTNM81692_10882-9112-11394-9624,0,0,0,0,0,1,0,0,0
ZTNM81692_11307-13775-11819-14287,0,0,0,0,0,1,0,0,0
ZTNM81692_11308-16735-11820-17247,0,0,0,0,0,1,0,0,0
ZTNM81692_11436-4803-11948-5315,0,0,0,0,0,1,0,0,0
ZTNM81692_11328-13224-11840-13736,0,0,0,0,0,1,0,0,0
ZTNM81692_11430-9041-11942-9553,0,0,0,0,0,1,0,0,0
ZTNM81692_11767-12156-12279-12668,0,0,1,0,1,0,0,0,0
ZTNM81692_11767-11644-12279-12156,0,0,1,0,1,0,0,0,0
ZTNM81692_1168-4524-1680-5036,0,0,0,0,0,1,0,0,0
ZTNM81692_11767-13180-12279-13692,0,0,0,0,0,1,0,0,0
ZTNM81692_12562-6622-13074-7134,0,0,1,0,0,0,0,0,0
ZTNM81692_12279-16252-12791-16764,0,0,0,0,1,1,0,0,0
ZTNM81692_12419-4622-12931-5134,0,0,1,0,0,0,0,0,0
ZTNM81692_11767-13692-12279-14204,0,0,0,0,0,1,0,0,0
ZTNM81692_12108-16458-12620-16970,0,0,0,0,1,1,0,0,0
ZTNM81692_11767-16764-12279-17276,0,0,0,0,0,1,0,0,0
ZTNM81692_12193-10367-12705-10879,0,0,0,0,1,0,0,0,0
ZTNM81692_12279-12156-12791-12668,0,0,1,0,1,0,0,0,0
ZTNM81692_12404-16662-12916-17174,0,0,0,0,1,1,0,0,0
ZTNM81692_12592-9436-13104-9948,0,0,1,0,0,0,0,0,0
ZTNM81692_12620-16458-13132-16970,0,0,0,0,1,1,0,0,0
ZTNM81692_12791-16252-13303-16764,0,0,0,0,1,0,0,0,0
ZTNM81692_12791-16764-13303-17276,0,0,0,0,1,0,0,0,0
ZTNM81692_12791-12156-13303-12668,0,0,1,0,1,0,0,0,0
ZTNM81692_13275-4836-13787-5348,0,0,1,0,1,1,0,0,0
ZTNM81692_12931-4622-13443-5134,0,0,1,0,1,1,0,0,0
ZTNM81692_13132-16458-13644-16970,0,0,0,0,1,0,0,0,0
ZTNM81692_13303-12156-13815-12668,0,0,1,0,1,0,0,0,0
ZTNM81692_13303-16764-13815-17276,0,0,0,0,1,0,0,0,0
ZTNM81692_13303-16252-13815-16764,0,0,0,0,1,0,0,0,0
ZTNM81692_13443-4622-13955-5134,0,0,1,0,1,1,0,0,0
ZTNM81692_13815-12156-14327-12668,0,0,1,0,1,0,0,0,0
ZTNM81692_14327-12668-14839-13180,0,0,1,0,1,0,0,0,0
ZTNM81692_13815-16764-14327-17276,0,0,1,0,1,1,0,0,0
ZTNM81692_13815-16252-14327-16764,0,0,1,0,1,0,0,0,0
ZTNM81692_13644-16458-14156-16970,0,0,1,0,1,1,0,0,0
ZTNM81692_14327-12156-14839-12668,0,0,1,0,1,0,0,0,0
ZTNM81692_14327-16252-14839-16764,0,0,1,0,1,0,0,0,0
ZTNM81692_14839-12156-15351-12668,0,0,1,0,1,0,0,0,0
ZTNM81692_14327-16764-14839-17276,0,0,1,0,1,0,0,0,0
ZTNM81692_14839-12668-15351-13180,0,0,1,0,1,0,0,0,0
ZTNM81692_14839-13180-15351-13692,0,0,1,0,1,0,0,0,0
ZTNM81692_14839-13692-15351-14204,0,0,1,0,1,0,0,0,0
ZTNM81692_14839-14716-15351-15228,0,0,1,0,1,0,0,0,0
ZTNM81692_14839-14204-15351-14716,0,0,1,0,1,0,0,0,0
ZTNM81692_14839-15740-15351-16252,0,0,1,0,1,0,0,0,0
ZTNM81692_14839-16252-15351-16764,0,0,1,0,1,0,0,0,0
ZTNM81692_14839-15228-15351-15740,0,0,1,0,1,0,0,0,0
ZTNM81692_14839-16764-15351-17276,0,0,1,0,0,0,0,0,0
ZTNM81692_15351-13692-15863-14204,0,0,1,0,1,0,0,0,0
ZTNM81692_15351-12668-15863-13180,0,0,1,0,1,0,0,0,0
ZTNM81692_15351-13180-15863-13692,0,0,1,0,1,0,0,0,0
ZTNM81692_15351-14716-15863-15228,0,0,1,0,1,0,0,0,0
ZTNM81692_15351-15228-15863-15740,0,0,1,0,1,0,0,0,0
ZTNM81692_15351-14204-15863-14716,0,0,1,0,1,0,0,0,0
ZTNM81692_15351-15740-15863-16252,0,0,1,0,1,0,0,0,0
ZTNM81692_15801-13086-16313-13598,0,0,1,0,1,0,0,0,0
ZTNM81692_15829-4659-16341-5171,0,0,1,0,1,0,0,0,0
ZTNM81692_15351-16252-15863-16764,0,0,1,0,1,0,0,0,0
ZTNM81692_1722-5267-2234-5779,0,0,1,0,0,1,0,0,0
ZTNM81692_15863-13692-16375-14204,0,0,0,0,1,0,0,0,0
ZTNM81692_1672-8371-2184-8883,0,0,0,0,0,1,0,0,0
ZTNM81692_16341-4659-16853-5171,0,0,1,0,1,0,0,0,0
ZTNM81692_1822-10459-2334-10971,0,0,0,0,0,1,0,0,0
ZTNM81692_2701-10778-3213-11290,0,0,0,0,1,0,0,0,0
ZTNM81692_2701-10266-3213-10778,0,0,1,0,1,0,0,0,0
ZTNM81692_2701-7706-3213-8218,0,0,1,0,1,0,0,0,0
ZTNM81692_2234-5267-2746-5779,0,0,1,0,0,1,0,0,0
ZTNM81692_2701-7194-3213-7706,0,0,1,0,1,0,0,0,0
ZTNM81692_2701-8218-3213-8730,0,0,1,0,1,0,0,0,0
ZTNM81692_2701-9242-3213-9754,0,0,1,0,1,0,0,0,0
ZTNM81692_2701-9754-3213-10266,0,0,1,0,1,0,0,0,0
ZTNM81692_2701-8730-3213-9242,0,0,1,0,1,0,0,0,0
ZTNM81692_3258-5267-3770-5779,0,0,1,0,1,0,0,0,0
ZTNM81692_3412-3072-3924-3584,0,0,1,0,0,0,0,0,0
ZTNM81692_2746-5267-3258-5779,0,0,1,0,0,1,0,0,0
ZTNM81692_3258-5779-3770-6291,0,0,1,0,1,0,0,0,0
ZTNM81692_3412-3584-3924-4096,0,0,1,0,0,0,0,0,0
ZTNM81692_3412-4096-3924-4608,0,0,1,0,0,0,0,0,0
ZTNM81692_3412-4608-3924-5120,0,0,1,0,0,0,0,0,0
ZTNM81692_3770-5267-4282-5779,0,0,1,0,1,0,0,0,0
ZTNM81692_3770-5779-4282-6291,0,0,1,0,1,0,0,0,0
ZTNM81692_4282-4755-4794-5267,0,0,1,0,1,0,0,0,0
ZTNM81692_4282-5267-4794-5779,0,0,1,0,1,0,0,0,0
ZTNM81692_4794-4755-5306-5267,0,0,1,0,1,0,0,0,0
ZTNM81692_4580-4201-5092-4713,0,0,1,0,1,0,0,0,0
ZTNM81692_5092-4713-5604-5225,0,0,1,0,1,0,0,0,0
ZTNM81692_5092-4201-5604-4713,0,0,1,0,1,0,0,0,0
ZTNM81692_5092-3689-5604-4201,0,0,1,0,0,0,0,0,0
ZTNM81692_5604-3689-6116-4201,0,0,1,0,0,0,0,0,0
ZTNM81692_5604-4201-6116-4713,0,0,1,0,1,0,0,0,0
ZTNM81692_5820-8672-6332-9184,0,0,0,0,1,0,0,0,0
ZTNM81692_5652-9041-6164-9553,0,0,0,0,1,1,0,0,0
ZTNM81692_749-10328-1261-10840,0,0,0,0,0,1,0,0,0
ZTNM81692_731-9208-1243-9720,0,0,0,0,0,1,0,0,0
ZU44K4P2E_1108-5592-1620-6104,0,1,0,0,0,0,0,0,0
ZTNM81692_981-10482-1493-10994,0,0,0,0,0,1,0,0,0
ZU44K4P2E_1173-1325-1685-1837,0,1,0,0,0,0,0,0,0
ZTNM81692_924-8380-1436-8892,0,0,0,0,0,1,0,0,0
ZTNM81692_9654-9095-10166-9607,0,0,0,0,0,1,0,0,0
ZU44K4P2E_1237-6106-1749-6618,0,1,0,0,0,0,0,0,0
ZU44K4P2E_1126-1029-1638-1541,0,1,0,0,0,0,0,0,0
ZU44K4P2E_1620-5592-2132-6104,0,1,0,0,0,0,0,0,0
ZU44K4P2E_1655-2592-2167-3104,0,1,0,0,0,0,0,0,0
ZU44K4P2E_1655-2080-2167-2592,0,1,0,0,0,0,0,0,0
ZU44K4P2E_1669-2904-2181-3416,0,1,0,0,0,0,0,0,0
ZU44K4P2E_1681-1512-2193-2024,0,1,0,0,0,0,0,0,0
ZU44K4P2E_1749-6106-2261-6618,0,1,0,0,0,0,0,0,0
ZU44K4P2E_1865-4873-2377-5385,0,1,0,0,0,0,0,0,0
ZU44K4P2E_1865-5385-2377-5897,0,1,0,0,0,0,0,0,0
ZU44K4P2E_1865-5897-2377-6409,0,1,0,0,0,0,0,0,0
ZU44K4P2E_2144-618-2656-1130,0,1,0,0,0,0,0,0,0
ZU44K4P2E_1947-1905-2459-2417,0,1,0,0,0,0,0,0,0
ZU44K4P2E_2167-2080-2679-2592,0,1,0,0,0,0,0,0,0
ZU44K4P2E_2167-2592-2679-3104,0,1,0,0,0,0,0,0,0
ZU44K4P2E_2377-5897-2889-6409,0,1,0,0,0,0,0,0,0
ZU44K4P2E_2377-6409-2889-6921,0,1,0,0,0,0,0,0,0
ZU44K4P2E_1934-4229-2446-4741,0,1,0,0,0,0,0,0,0
ZU44K4P2E_2399-3027-2911-3539,0,1,0,0,0,0,0,0,0
ZU44K4P2E_2377-5385-2889-5897,0,1,0,0,0,0,0,0,0
ZU44K4P2E_1865-6409-2377-6921,0,1,0,0,0,0,0,0,0
ZU44K4P2E_2503-3993-3015-4505,0,1,0,0,0,0,0,0,0
ZU44K4P2E_2503-4505-3015-5017,0,1,0,0,0,0,0,0,0
ZU44K4P2E_2503-5017-3015-5529,0,1,0,0,0,0,0,0,0
ZU44K4P2E_2759-8405-3271-8917,0,1,0,0,0,0,0,0,0
ZU44K4P2E_2898-7843-3410-8355,0,1,0,0,0,0,0,0,0
ZU44K4P2E_3015-3993-3527-4505,0,1,0,0,0,0,0,0,0
ZU44K4P2E_3015-4505-3527-5017,0,1,0,0,0,0,0,0,0
ZU44K4P2E_3119-7463-3631-7975,0,1,0,0,0,0,0,0,0
ZU44K4P2E_3501-3840-4013-4352,0,1,0,0,0,0,0,0,0
ZU44K4P2E_4091-1109-4603-1621,0,1,0,0,0,0,0,0,0
ZU44K4P2E_4042-668-4554-1180,0,1,0,0,0,0,0,0,0
ZU44K4P2E_3512-7088-4024-7600,0,1,0,0,0,0,0,0,0
ZU44K4P2E_4041-2292-4553-2804,0,1,0,0,0,0,0,0,0
ZU44K4P2E_4180-6716-4692-7228,0,1,0,0,0,0,0,0,0
ZU44K4P2E_4071-2891-4583-3403,0,1,0,0,0,0,0,0,0
ZU44K4P2E_4131-3146-4643-3658,0,1,0,0,0,0,0,0,0
ZU44K4P2E_4029-8048-4541-8560,0,1,0,0,0,0,0,0,0
ZU44K4P2E_4068-1486-4580-1998,0,1,0,0,0,0,0,0,0
ZU44K4P2E_4274-4952-4786-5464,0,1,0,0,0,0,0,0,0
ZU44K4P2E_4274-3928-4786-4440,0,1,0,0,0,0,0,0,0
ZU44K4P2E_4322-5440-4834-5952,0,1,0,0,0,0,0,0,0
ZU44K4P2E_4274-4440-4786-4952,0,1,0,0,0,0,0,0,0
ZU44K4P2E_4602-8700-5114-9212,0,1,0,0,0,0,0,0,0
ZU44K4P2E_4322-5952-4834-6464,0,1,0,0,0,0,0,0,0
ZU44K4P2E_5147-3694-5659-4206,0,1,0,0,0,0,0,0,0
ZU44K4P2E_5315-1099-5827-1611,0,1,0,0,0,0,0,0,0
ZU44K4P2E_5853-2997-6365-3509,0,1,0,0,0,0,0,0,0
ZU44K4P2E_6084-7431-6596-7943,0,1,0,0,0,0,0,0,0
ZU44K4P2E_5837-3562-6349-4074,0,1,0,0,0,0,0,0,0
ZU44K4P2E_5369-2989-5881-3501,0,1,0,0,0,0,0,0,0
ZU44K4P2E_4813-914-5325-1426,0,1,0,0,0,0,0,0,0
ZU44K4P2E_4771-3862-5283-4374,0,1,0,0,0,0,0,0,0
ZU44K4P2E_5147-4206-5659-4718,0,1,0,0,0,0,0,0,0
ZU44K4P2E_4808-1277-5320-1789,0,1,0,0,0,0,0,0,0
ZU44K4P2E_4902-4736-5414-5248,0,1,0,0,0,0,0,0,0
ZU44K4P2E_5827-1099-6339-1611,0,1,0,0,0,0,0,0,0
ZU44K4P2E_6216-6889-6728-7401,0,1,0,0,0,0,0,0,0
ZU44K4P2E_6284-8291-6796-8803,0,1,0,0,0,0,0,0,0
ZU44K4P2E_615-8493-1127-9005,0,1,0,0,0,0,0,0,0
ZU44K4P2E_7310-574-7822-1086,0,1,0,0,0,0,0,0,0
ZU44K4P2E_7354-892-7866-1404,0,1,0,0,0,0,0,0,0
ZU44K4P2E_7349-1471-7861-1983,0,1,0,0,0,0,0,0,0
ZU44K4P2E_7990-7303-8502-7815,0,1,0,0,0,0,0,0,0
ZU44K4P2E_7391-2133-7903-2645,0,1,0,0,0,0,0,0,0
ZU44K4P2E_7876-3238-8388-3750,0,1,0,0,0,0,0,0,0
ZU44K4P2E_7878-4666-8390-5178,0,1,0,0,0,0,0,0,0
ZU44K4P2E_7589-6184-8101-6696,0,1,0,0,0,0,0,0,0
ZU44K4P2E_7990-8327-8502-8839,0,1,0,0,0,0,0,0,0
ZU44K4P2E_7634-2983-8146-3495,0,1,0,0,0,0,0,0,0
ZU44K4P2E_7990-7815-8502-8327,0,1,0,0,0,0,0,0,0
ZU44K4P2E_7391-2645-7903-3157,0,1,0,0,0,0,0,0,0
ZU44K4P2E_8101-5672-8613-6184,0,1,0,0,0,0,0,0,0
ZU44K4P2E_8051-5366-8563-5878,0,1,0,0,0,0,0,0,0
ZU44K4P2E_7878-5178-8390-5690,0,1,0,0,0,0,0,0,0
ZU44K4P2E_8101-6184-8613-6696,0,1,0,0,0,0,0,0,0
ZU44K4P2E_8202-6851-8714-7363,0,1,0,0,0,0,0,0,0
ZU44K4P2E_8429-698-8941-1210,0,1,0,0,0,0,0,0,0
ZU44K4P2E_8390-4666-8902-5178,0,1,0,0,0,0,0,0,0
ZU44K4P2E_8502-7303-9014-7815,0,1,0,0,0,0,0,0,0
ZU44K4P2E_8502-7815-9014-8327,0,1,0,0,0,0,0,0,0
ZV7KK6A4C_11694-965-12206-1477,0,0,1,0,0,0,0,0,0
ZV7KK6A4C_10733-1169-11245-1681,0,0,1,0,0,0,0,0,0
ZV7KK6A4C_12192-2405-12704-2917,0,0,1,0,0,0,0,0,0
ZU44K4P2E_8502-8327-9014-8839,0,1,0,0,0,0,0,0,0
ZV7KK6A4C_10243-2038-10755-2550,0,0,0,0,0,1,0,0,0
ZV7KK6A4C_10869-2377-11381-2889,0,0,1,0,0,0,0,0,0
ZV7KK6A4C_12046-489-12558-1001,0,0,1,0,0,1,0,0,0
ZV7KK6A4C_1179-997-1691-1509,0,0,0,0,0,1,0,0,0
ZV7KK6A4C_12525-1362-13037-1874,0,0,1,0,0,1,0,0,0
ZV7KK6A4C_12590-587-13102-1099,0,0,1,0,0,1,0,0,0
ZV7KK6A4C_12842-2151-13354-2663,0,0,1,0,0,0,0,0,0
ZV7KK6A4C_12328-626-12840-1138,0,0,1,0,0,1,0,0,0
ZV7KK6A4C_12374-1036-12886-1548,0,0,1,0,0,1,0,0,0
ZV7KK6A4C_12911-595-13423-1107,0,0,1,0,0,1,0,0,0
ZV7KK6A4C_13013-1353-13525-1865,0,0,1,0,0,0,0,0,0
ZV7KK6A4C_13255-1276-13767-1788,0,0,1,0,0,0,0,0,0
ZV7KK6A4C_14386-2171-14898-2683,0,0,0,0,0,1,0,0,0
ZV7KK6A4C_13689-611-14201-1123,0,0,0,0,0,1,0,0,0
ZV7KK6A4C_14435-1228-14947-1740,0,0,0,0,0,1,0,0,0
ZV7KK6A4C_14534-571-15046-1083,0,0,1,0,0,1,0,0,0
ZV7KK6A4C_2715-997-3227-1509,0,0,0,0,0,1,0,0,0
ZV7KK6A4C_1691-997-2203-1509,0,0,0,0,0,1,0,0,0
ZV7KK6A4C_700-1892-1212-2404,0,0,0,0,0,1,0,0,0
ZV7KK6A4C_3782-1834-4294-2346,0,0,1,0,0,1,0,0,0
ZV7KK6A4C_1526-1889-2038-2401,0,0,1,0,0,0,0,0,0
ZV7KK6A4C_2203-997-2715-1509,0,0,0,0,0,1,0,0,0
ZV7KK6A4C_879-951-1391-1463,0,0,0,0,0,1,0,0,0
ZV7KK6A4C_637-797-1149-1309,0,0,0,0,0,1,0,0,0
ZV7KK6A4C_4225-2039-4737-2551,0,0,1,0,0,1,0,0,0
ZV7KK6A4C_882-1251-1394-1763,0,0,0,0,0,1,0,0,0
ZVXGJ2AUU_2114-361-2626-873,0,0,1,0,0,0,0,0,0
ZWMZFDRQK_10212-14197-10724-14709,0,0,0,0,0,0,1,0,0
ZWMZFDRQK_10233-6512-10745-7024,1,0,0,0,0,0,0,0,0
ZWMZFDRQK_10212-14709-10724-15221,0,0,0,0,0,0,1,0,0
ZWMZFDRQK_10233-7024-10745-7536,1,0,0,0,0,0,0,0,0
ZWMZFDRQK_10233-7536-10745-8048,1,0,0,0,0,0,0,0,0
ZWMZFDRQK_10724-14709-11236-15221,0,0,0,0,0,0,1,0,0
ZWMZFDRQK_10502-7825-11014-8337,1,0,0,0,0,0,0,0,0
ZWMZFDRQK_10502-6289-11014-6801,1,0,0,0,0,0,0,0,0
ZWMZFDRQK_10502-6801-11014-7313,1,0,0,0,0,0,0,0,0
ZWMZFDRQK_10724-14197-11236-14709,0,0,0,0,0,0,1,0,0
ZWMZFDRQK_10745-7024-11257-7536,1,0,0,0,0,0,1,0,0
ZWMZFDRQK_10745-6512-11257-7024,1,0,0,0,0,0,0,0,0
ZWMZFDRQK_10502-7313-11014-7825,1,0,0,0,0,0,0,0,0
ZWMZFDRQK_10502-3729-11014-4241,0,0,0,0,0,0,1,0,0
ZWMZFDRQK_10745-7536-11257-8048,0,0,0,0,0,0,1,0,0
ZWMZFDRQK_11014-6289-11526-6801,1,0,0,0,0,0,0,0,0
ZWMZFDRQK_11014-3729-11526-4241,0,0,0,0,0,0,1,0,0
ZWMZFDRQK_11014-7313-11526-7825,0,0,0,0,0,0,1,0,0
ZWMZFDRQK_11014-6801-11526-7313,1,0,0,0,0,0,0,0,0
ZWMZFDRQK_11014-7825-11526-8337,0,0,0,0,0,0,1,0,0
ZWMZFDRQK_11014-8337-11526-8849,0,0,0,0,0,0,1,0,0
ZWMZFDRQK_11236-14709-11748-15221,0,0,0,0,0,0,1,0,0
ZWMZFDRQK_11014-9361-11526-9873,0,0,0,0,0,0,1,0,0
ZWMZFDRQK_11014-8849-11526-9361,0,0,0,0,0,0,1,0,0
ZWMZFDRQK_11236-14197-11748-14709,0,0,0,0,0,0,1,0,0
ZWMZFDRQK_11236-15221-11748-15733,0,0,0,0,0,0,1,0,0
ZWMZFDRQK_11236-15733-11748-16245,0,0,0,0,0,0,1,0,0
ZWMZFDRQK_11526-3729-12038-4241,0,0,0,0,0,0,1,0,0
ZWMZFDRQK_11236-16245-11748-16757,0,0,0,0,0,0,1,0,0
ZWMZFDRQK_11236-16757-11748-17269,0,0,0,0,0,0,1,0,0
ZWMZFDRQK_11236-17269-11748-17781,0,0,0,0,0,0,1,0,0
ZWMZFDRQK_11526-4241-12038-4753,0,0,0,0,0,0,1,0,0
ZWMZFDRQK_11526-4753-12038-5265,0,0,0,0,0,0,1,0,0
ZWMZFDRQK_11526-5777-12038-6289,0,0,0,0,0,0,1,0,0
ZWMZFDRQK_11526-5265-12038-5777,0,0,0,0,0,0,1,0,0
ZWMZFDRQK_11526-6801-12038-7313,0,0,0,0,0,0,1,0,0
ZWMZFDRQK_11526-6289-12038-6801,0,0,0,0,0,0,1,0,0
ZWMZFDRQK_11526-7313-12038-7825,0,0,0,0,0,0,1,0,0
ZWMZFDRQK_11748-14197-12260-14709,0,0,0,0,0,0,1,0,0
ZWMZFDRQK_12260-14197-12772-14709,0,0,0,0,0,0,1,0,0
ZWMZFDRQK_1258-1007-1770-1519,1,0,0,0,0,0,0,0,0
ZWMZFDRQK_1258-1519-1770-2031,1,0,0,0,0,0,0,0,0
ZWMZFDRQK_1258-2031-1770-2543,1,0,0,0,0,0,0,0,0
ZWMZFDRQK_1258-2543-1770-3055,1,0,0,0,0,0,0,0,0
ZWMZFDRQK_1258-3055-1770-3567,1,0,0,0,0,0,0,0,0
ZWMZFDRQK_1258-3567-1770-4079,1,0,0,0,0,0,0,0,0
ZWMZFDRQK_12038-3729-12550-4241,0,0,0,0,0,0,1,0,0
ZWMZFDRQK_1258-495-1770-1007,1,0,0,0,0,0,0,0,0
ZWMZFDRQK_1258-4079-1770-4591,1,0,0,0,0,0,0,0,0
ZWMZFDRQK_12772-14197-13284-14709,0,0,0,0,0,0,1,0,0
ZWMZFDRQK_13284-14197-13796-14709,0,0,0,0,0,0,1,0,0
ZWMZFDRQK_14308-14197-14820-14709,0,0,0,0,0,0,1,0,0
ZWMZFDRQK_13796-14197-14308-14709,0,0,0,0,0,0,1,0,0
ZWMZFDRQK_1461-11918-1973-12430,0,0,0,0,0,0,1,0,0
ZWMZFDRQK_14820-14197-15332-14709,0,0,0,0,0,0,1,0,0
ZWMZFDRQK_1770-4079-2282-4591,1,0,0,0,0,0,0,0,0
ZWMZFDRQK_1770-4591-2282-5103,1,0,0,0,0,0,0,0,0
ZWMZFDRQK_1770-7151-2282-7663,1,0,0,0,0,0,0,0,0
ZWMZFDRQK_1770-495-2282-1007,1,0,0,0,0,0,0,0,0
ZWMZFDRQK_1770-8175-2282-8687,1,0,0,0,0,0,0,0,0
ZWMZFDRQK_1770-7663-2282-8175,1,0,0,0,0,0,0,0,0
ZWMZFDRQK_1826-8494-2338-9006,1,0,0,0,0,0,0,0,0
ZWMZFDRQK_1770-6127-2282-6639,1,0,0,0,0,0,0,0,0
ZWMZFDRQK_1770-6639-2282-7151,1,0,0,0,0,0,0,0,0
ZWMZFDRQK_2184-8051-2696-8563,1,0,0,0,0,0,0,0,0
ZWMZFDRQK_1770-5615-2282-6127,1,0,0,0,0,0,0,0,0
ZWMZFDRQK_1973-11918-2485-12430,0,0,0,0,0,0,1,0,0
ZWMZFDRQK_2282-495-2794-1007,1,0,0,0,0,0,0,0,0
ZWMZFDRQK_2282-5103-2794-5615,1,0,0,0,0,0,0,0,0
ZWMZFDRQK_2338-8494-2850-9006,1,0,0,0,0,0,0,0,0
ZWMZFDRQK_2282-5615-2794-6127,1,0,0,0,0,0,0,0,0
ZWMZFDRQK_2696-6003-3208-6515,1,0,0,0,0,0,0,0,0
ZWMZFDRQK_2485-11918-2997-12430,0,0,0,0,0,0,1,0,0
ZWMZFDRQK_2794-5103-3306-5615,1,0,0,0,0,0,0,0,0
ZWMZFDRQK_2997-11918-3509-12430,0,0,0,0,0,0,1,0,0
ZWMZFDRQK_2696-8051-3208-8563,1,0,0,0,0,0,0,0,0
ZWMZFDRQK_2794-495-3306-1007,1,0,0,0,0,0,0,0,0
ZWMZFDRQK_3208-8051-3720-8563,1,0,0,0,0,0,0,0,0
ZWMZFDRQK_2794-5615-3306-6127,1,0,0,0,0,0,0,0,0
ZWMZFDRQK_3208-5491-3720-6003,1,0,0,0,0,0,0,0,0
ZWMZFDRQK_3306-495-3818-1007,1,0,0,0,0,0,0,0,0
ZWMZFDRQK_2850-8494-3362-9006,1,0,0,0,0,0,0,0,0
ZWMZFDRQK_3362-8494-3874-9006,1,0,0,0,0,0,0,0,0
ZWMZFDRQK_3306-6127-3818-6639,1,0,0,0,0,0,0,0,0
ZWMZFDRQK_3509-11918-4021-12430,0,0,0,0,0,0,1,0,0
ZWMZFDRQK_3720-8051-4232-8563,1,0,0,0,0,0,0,0,0
ZWMZFDRQK_3818-495-4330-1007,1,0,0,0,0,0,0,0,0
ZWMZFDRQK_3818-5615-4330-6127,1,0,0,0,0,0,0,0,0
ZWMZFDRQK_3720-6003-4232-6515,1,0,0,0,0,0,0,0,0
ZWMZFDRQK_3818-6639-4330-7151,1,0,0,0,0,0,0,0,0
ZWMZFDRQK_3874-8494-4386-9006,1,0,0,0,0,0,0,0,0
ZWMZFDRQK_4232-6003-4744-6515,1,0,0,0,0,0,0,0,0
ZWMZFDRQK_4330-6639-4842-7151,1,0,0,0,0,0,0,0,0
ZWMZFDRQK_4021-11918-4533-12430,0,0,0,0,0,0,1,0,0
ZWMZFDRQK_4330-495-4842-1007,1,0,0,0,0,0,0,0,0
ZWMZFDRQK_4744-7027-5256-7539,1,0,0,0,0,0,0,0,0
ZWMZFDRQK_4533-11918-5045-12430,0,0,0,0,0,0,1,0,0
ZWMZFDRQK_4744-7539-5256-8051,1,0,0,0,0,0,0,0,0
ZWMZFDRQK_4386-8494-4898-9006,1,0,0,0,0,0,0,0,0
ZWMZFDRQK_4744-6515-5256-7027,1,0,0,0,0,0,0,0,0
ZWMZFDRQK_4232-8051-4744-8563,1,0,0,0,0,0,0,0,0
ZWMZFDRQK_4744-8051-5256-8563,1,0,0,0,0,0,0,0,0
ZWMZFDRQK_4842-495-5354-1007,1,0,0,0,0,0,0,0,0
ZWMZFDRQK_5256-8051-5768-8563,1,0,0,0,0,0,0,0,0
ZWMZFDRQK_4898-8494-5410-9006,1,0,0,0,0,0,0,0,0
ZWMZFDRQK_5045-11918-5557-12430,0,0,0,0,0,0,1,0,0
ZWMZFDRQK_5354-495-5866-1007,1,0,0,0,0,0,0,0,0
ZWMZFDRQK_5354-7151-5866-7663,1,0,0,0,0,0,0,0,0
ZWMZFDRQK_5354-7663-5866-8175,1,0,0,0,0,0,0,0,0
ZWMZFDRQK_6378-495-6890-1007,1,0,0,0,0,0,0,0,0
ZWMZFDRQK_5866-495-6378-1007,1,0,0,0,0,0,0,0,0
ZWMZFDRQK_5866-8687-6378-9199,1,0,0,0,0,0,0,0,0
ZWMZFDRQK_5557-11918-6069-12430,0,0,0,0,0,0,1,0,0
ZWMZFDRQK_5410-8494-5922-9006,1,0,0,0,0,0,0,0,0
ZWMZFDRQK_6378-8687-6890-9199,1,0,0,0,0,0,0,0,0
ZWMZFDRQK_5866-8175-6378-8687,1,0,0,0,0,0,0,0,0
ZWMZFDRQK_6069-11406-6581-11918,0,0,0,0,0,0,1,0,0
ZWMZFDRQK_6378-7151-6890-7663,1,0,0,0,0,0,0,0,0
ZWMZFDRQK_5557-11406-6069-11918,0,0,0,0,0,0,1,0,0
ZWMZFDRQK_6069-11918-6581-12430,0,0,0,0,0,0,1,0,0
ZWMZFDRQK_6581-11406-7093-11918,0,0,0,0,0,0,1,0,0
ZWMZFDRQK_6890-1519-7402-2031,1,0,0,0,0,0,0,0,0
ZWMZFDRQK_6890-1007-7402-1519,1,0,0,0,0,0,0,0,0
ZWMZFDRQK_6581-11918-7093-12430,0,0,0,0,0,0,1,0,0
ZWMZFDRQK_6890-2031-7402-2543,1,0,0,0,0,0,0,0,0
ZWMZFDRQK_6890-3055-7402-3567,1,0,0,0,0,0,0,0,0
ZWMZFDRQK_6890-2543-7402-3055,1,0,0,0,0,0,0,0,0
ZWMZFDRQK_6890-3567-7402-4079,1,0,0,0,0,0,0,0,0
ZWMZFDRQK_6890-4591-7402-5103,1,0,0,0,0,0,0,0,0
ZWMZFDRQK_6890-5103-7402-5615,1,0,0,0,0,0,0,0,0
ZWMZFDRQK_6890-4079-7402-4591,1,0,0,0,0,0,0,0,0
ZWMZFDRQK_6890-5615-7402-6127,1,0,0,0,0,0,0,0,0
ZWMZFDRQK_6890-495-7402-1007,1,0,0,0,0,0,0,0,0
ZWMZFDRQK_6890-7151-7402-7663,0,0,0,0,0,0,1,0,0
ZWMZFDRQK_6890-7663-7402-8175,1,0,0,0,0,0,0,0,0
ZWMZFDRQK_6890-8175-7402-8687,1,0,0,0,0,0,0,0,0
ZWMZFDRQK_6890-6127-7402-6639,1,0,0,0,0,0,0,0,0
ZWMZFDRQK_6890-6639-7402-7151,1,0,0,0,0,0,1,0,0
ZWMZFDRQK_7004-6898-7516-7410,0,0,0,0,0,0,1,0,0
ZWMZFDRQK_7605-11406-8117-11918,0,0,0,0,0,0,1,0,0
ZWMZFDRQK_7093-11918-7605-12430,0,0,0,0,0,0,1,0,0
ZWMZFDRQK_7605-11918-8117-12430,0,0,0,0,0,0,1,0,0
ZWMZFDRQK_7516-6898-8028-7410,0,0,0,0,0,0,1,0,0
ZWMZFDRQK_7606-8832-8118-9344,0,0,0,0,0,0,1,0,0
ZWMZFDRQK_7606-8320-8118-8832,0,0,0,0,0,0,1,0,0
ZWMZFDRQK_8117-11406-8629-11918,0,0,0,0,0,0,1,0,0
ZWMZFDRQK_8117-10894-8629-11406,0,0,0,0,0,0,1,0,0
ZWMZFDRQK_7673-6512-8185-7024,1,0,0,0,0,0,0,0,0
ZWMZFDRQK_8117-10382-8629-10894,0,0,0,0,0,0,1,0,0
ZWMZFDRQK_7673-7536-8185-8048,1,0,0,0,0,0,0,0,0
ZWMZFDRQK_8117-12430-8629-12942,0,0,0,0,0,0,1,0,0
ZWMZFDRQK_8117-12942-8629-13454,0,0,0,0,0,0,1,0,0
ZWMZFDRQK_8117-9870-8629-10382,0,0,0,0,0,0,1,0,0
ZWMZFDRQK_8118-8832-8630-9344,0,0,0,0,0,0,1,0,0
ZWMZFDRQK_8117-11918-8629-12430,0,0,0,0,0,0,1,0,0
ZWMZFDRQK_8118-9344-8630-9856,0,0,0,0,0,0,1,0,0
ZWMZFDRQK_8164-14197-8676-14709,0,0,0,0,0,0,1,0,0
ZWMZFDRQK_8164-14709-8676-15221,0,0,0,0,0,0,1,0,0
ZWMZFDRQK_8185-6512-8697-7024,1,0,0,0,0,0,0,0,0
ZWMZFDRQK_8164-13685-8676-14197,0,0,0,0,0,0,1,0,0
ZWMZFDRQK_8185-7024-8697-7536,1,0,0,0,0,0,0,0,0
ZWMZFDRQK_8676-14197-9188-14709,0,0,0,0,0,0,1,0,0
ZWMZFDRQK_8185-7536-8697-8048,1,0,0,0,0,0,0,0,0
ZWMZFDRQK_8697-7536-9209-8048,1,0,0,0,0,0,0,0,0
ZWMZFDRQK_8676-14709-9188-15221,0,0,0,0,0,0,1,0,0
ZWMZFDRQK_8697-6512-9209-7024,1,0,0,0,0,0,0,0,0
ZWMZFDRQK_9700-14197-10212-14709,0,0,0,0,0,0,1,0,0
ZWMZFDRQK_9209-6512-9721-7024,1,0,0,0,0,0,0,0,0
ZWMZFDRQK_9478-6289-9990-6801,1,0,0,0,0,0,0,0,0
ZWMZFDRQK_9209-7536-9721-8048,1,0,0,0,0,0,0,0,0
ZWMZFDRQK_9188-14709-9700-15221,0,0,0,0,0,0,1,0,0
ZWMZFDRQK_9188-14197-9700-14709,0,0,0,0,0,0,1,0,0
ZWMZFDRQK_9478-7825-9990-8337,1,0,0,0,0,0,0,0,0
ZWMZFDRQK_9700-14709-10212-15221,0,0,0,0,0,0,1,0,0
ZWMZFDRQK_9990-6289-10502-6801,1,0,0,0,0,0,0,0,0
ZWMZFDRQK_9721-7536-10233-8048,1,0,0,0,0,0,0,0,0
ZWMZFDRQK_9990-3729-10502-4241,0,0,0,0,0,0,1,0,0
ZWMZFDRQK_9721-6512-10233-7024,1,0,0,0,0,0,0,0,0
ZWMZFDRQK_9990-7825-10502-8337,1,0,0,0,0,0,0,0,0
ZWR2Z7P2C_1021-8152-1533-8664,0,1,0,0,0,0,0,0,0
ZWR2Z7P2C_1021-8664-1533-9176,0,1,0,0,0,0,0,0,0
ZWR2Z7P2C_1533-8664-2045-9176,0,1,0,0,0,0,0,0,0
ZWR2Z7P2C_1533-6616-2045-7128,0,1,0,0,0,0,0,0,0
ZWR2Z7P2C_2045-6104-2557-6616,0,1,0,0,0,0,0,0,0
ZWR2Z7P2C_2045-7128-2557-7640,0,1,0,0,0,0,0,0,0
ZWR2Z7P2C_1533-7640-2045-8152,0,1,0,0,0,0,0,0,0
ZWR2Z7P2C_1533-6104-2045-6616,0,1,0,0,0,0,0,0,0
ZWR2Z7P2C_2045-6616-2557-7128,0,1,0,0,0,0,0,0,0
ZWR2Z7P2C_1533-8152-2045-8664,0,1,0,0,0,0,0,0,0
ZWR2Z7P2C_1533-7128-2045-7640,0,1,0,0,0,0,0,0,0
ZWR2Z7P2C_2045-7640-2557-8152,0,1,0,0,0,0,0,0,0
ZWR2Z7P2C_7032-1154-7544-1666,0,1,0,0,0,0,0,0,0
ZWR2Z7P2C_6008-642-6520-1154,0,1,0,0,0,0,0,0,0
ZWR2Z7P2C_5496-642-6008-1154,0,1,0,0,0,0,0,0,0
ZWR2Z7P2C_6520-642-7032-1154,0,1,0,0,0,0,0,0,0
ZWR2Z7P2C_6520-1154-7032-1666,0,1,0,0,0,0,0,0,0
ZWR2Z7P2C_7032-642-7544-1154,0,1,0,0,0,0,0,0,0
ZWVCGH8K3_10192-756-10704-1268,0,0,1,0,0,0,0,0,0
ZWVCGH8K3_11401-715-11913-1227,0,0,1,0,0,0,0,0,0
ZWR2Z7P2C_7544-1154-8056-1666,0,1,0,0,0,0,0,0,0
ZWVCGH8K3_11699-709-12211-1221,0,0,1,0,0,0,0,0,0
ZWVCGH8K3_12088-674-12600-1186,0,0,1,0,0,0,0,0,0
ZWVCGH8K3_10489-731-11001-1243,0,0,1,0,0,0,0,0,0
ZWVCGH8K3_12393-712-12905-1224,0,0,1,0,0,0,0,0,0
ZWVCGH8K3_12912-718-13424-1230,0,0,1,0,0,0,0,0,0
ZWVCGH8K3_3007-681-3519-1193,0,0,1,0,0,0,0,0,0
ZWVCGH8K3_14687-738-15199-1250,0,0,1,0,0,0,0,0,0
ZWVCGH8K3_1985-658-2497-1170,0,0,1,0,0,0,0,0,0
ZWVCGH8K3_2709-693-3221-1205,0,0,1,0,0,0,0,0,0
ZWVCGH8K3_4047-706-4559-1218,0,0,1,0,0,0,0,0,0
ZWVCGH8K3_3678-693-4190-1205,0,0,1,0,0,0,0,0,0
ZWVCGH8K3_6156-838-6668-1350,0,0,1,0,0,0,0,0,0
ZWVCGH8K3_7048-1406-7560-1918,0,0,1,0,0,0,0,0,0
ZWVCGH8K3_6444-744-6956-1256,0,0,1,0,0,0,0,0,0
ZWVCGH8K3_7206-786-7718-1298,0,0,1,0,0,0,0,0,0
ZWVCGH8K3_7772-2194-8284-2706,0,0,1,0,0,0,0,0,0
ZWVCGH8K3_7360-1956-7872-2468,0,0,1,0,0,0,0,0,0
ZWVCGH8K3_7440-1300-7952-1812,0,0,1,0,0,0,0,0,0
ZWVCGH8K3_9786-714-10298-1226,0,0,1,0,0,0,0,0,0
ZWVCGH8K3_7600-1506-8112-2018,0,0,1,0,0,0,0,0,0
ZWVCGH8K3_7821-4070-8333-4582,0,0,1,0,0,0,0,0,0
ZWVCGH8K3_7732-1265-8244-1777,0,0,1,0,0,0,0,0,0
ZWVCGH8K3_9202-721-9714-1233,0,0,1,0,0,0,0,0,0
ZWVCGH8K3_8042-739-8554-1251,0,0,1,0,0,0,0,0,0
ZX2URXM6W_1050-4790-1562-5302,0,0,0,0,0,0,0,0,1
ZX2URXM6W_4756-1054-5268-1566,0,0,0,0,0,1,0,0,0
ZX2URXM6W_2142-3359-2654-3871,0,0,0,0,0,0,0,0,1
ZX2URXM6W_5250-2126-5762-2638,0,0,0,0,0,1,0,0,0
ZX2URXM6W_5049-1943-5561-2455,0,0,0,0,0,1,0,0,0
ZX2URXM6W_738-1429-1250-1941,0,0,0,0,0,0,0,0,1
ZX2URXM6W_743-1759-1255-2271,0,0,0,0,0,0,0,0,1
ZX2URXM6W_736-1057-1248-1569,0,0,0,0,0,0,0,0,1
ZX2URXM6W_8620-2154-9132-2666,0,0,0,0,0,1,0,0,0
ZXFCDEDU4_1077-7610-1589-8122,0,0,0,0,0,0,1,0,0
ZXFCDEDU4_2101-7610-2613-8122,0,0,0,0,0,0,1,0,0
ZXFCDEDU4_1589-7610-2101-8122,0,0,0,0,0,0,1,0,0
ZX2URXM6W_9552-1558-10064-2070,0,0,0,0,0,0,0,0,1
ZX2URXM6W_889-749-1401-1261,0,0,0,0,0,0,0,0,1
ZX2URXM6W_9323-1145-9835-1657,0,0,0,0,0,0,0,0,1
ZXFCDEDU4_2702-6274-3214-6786,0,0,0,0,0,0,1,0,0
ZXFCDEDU4_2702-6786-3214-7298,0,0,0,0,0,0,1,0,0
ZX2URXM6W_9754-680-10266-1192,0,0,0,0,0,1,0,0,0
ZX2URXM6W_9242-1512-9754-2024,0,0,0,0,0,1,0,0,1
ZXFCDEDU4_2702-7810-3214-8322,0,0,0,0,0,0,1,0,0
ZXFCDEDU4_2702-7298-3214-7810,0,0,0,0,0,0,1,0,0
ZXFCDEDU4_2702-9346-3214-9858,0,0,0,0,0,0,1,0,0
ZXFCDEDU4_3214-4738-3726-5250,0,0,0,0,0,0,1,0,0
ZXFCDEDU4_2702-8834-3214-9346,0,0,0,0,0,0,1,0,0
ZXFCDEDU4_2702-8322-3214-8834,0,0,0,0,0,0,1,0,0
ZXFCDEDU4_2702-9858-3214-10370,0,0,0,0,0,0,1,0,0
ZXFCDEDU4_3214-5250-3726-5762,0,0,0,0,0,0,1,0,0
ZXFCDEDU4_4238-4738-4750-5250,0,0,0,0,0,0,1,0,0
ZXFCDEDU4_3214-7298-3726-7810,0,0,0,0,0,0,1,0,0
ZXFCDEDU4_3214-6786-3726-7298,0,0,0,0,0,0,1,0,0
ZXFCDEDU4_3214-7810-3726-8322,0,0,0,0,0,0,1,0,0
ZXFCDEDU4_3214-5762-3726-6274,0,0,0,0,0,0,1,0,0
ZXFCDEDU4_3214-6274-3726-6786,0,0,0,0,0,0,1,0,0
ZXFCDEDU4_3726-4738-4238-5250,0,0,0,0,0,0,1,0,0
ZXFCDEDU4_3726-5250-4238-5762,0,0,0,0,0,0,1,0,0
ZXFCDEDU4_4238-4226-4750-4738,0,0,0,0,0,0,1,0,0
ZXFCDEDU4_4238-3714-4750-4226,0,0,0,0,0,0,1,0,0
ZXFCDEDU4_4750-3202-5262-3714,0,0,0,0,0,0,1,0,0
ZXFCDEDU4_4750-3714-5262-4226,0,0,0,0,0,0,1,0,0
ZXFCDEDU4_565-7610-1077-8122,0,0,0,0,0,0,1,0,0
ZXFCDEDU4_5262-3202-5774-3714,0,0,0,0,0,0,1,0,0
ZXFCDEDU4_5262-2690-5774-3202,0,0,0,0,0,0,1,0,0
ZXFCDEDU4_6286-2690-6798-3202,0,0,0,0,0,0,1,0,0
ZXFCDEDU4_5774-2690-6286-3202,0,0,0,0,0,0,1,0,0
ZXFCDEDU4_6798-2178-7310-2690,0,0,0,0,0,0,1,0,0
ZXFCDEDU4_6798-2690-7310-3202,0,0,0,0,0,0,1,0,0
ZYPBHJUZN_1212-3906-1724-4418,0,1,0,0,0,0,0,0,0
ZYPBHJUZN_1041-2638-1553-3150,0,1,0,0,0,0,0,0,0
ZYPBHJUZN_1724-3906-2236-4418,0,1,0,0,0,0,0,0,0
ZXFCDEDU4_7310-2178-7822-2690,0,0,0,0,0,0,1,0,0
ZYPBHJUZN_2065-2638-2577-3150,0,1,0,0,0,0,0,0,0
ZYPBHJUZN_2102-3664-2614-4176,0,1,0,0,0,0,0,0,0
ZYPBHJUZN_3143-2936-3655-3448,0,1,0,0,0,0,0,0,0
ZYPBHJUZN_2614-3664-3126-4176,0,1,0,0,0,0,0,0,0
ZYPBHJUZN_1553-2638-2065-3150,0,1,0,0,0,0,0,0,0
ZYPBHJUZN_3397-2371-3909-2883,0,1,0,0,0,0,0,0,0
ZYPBHJUZN_3262-3204-3774-3716,0,1,0,0,0,0,0,0,0
ZYPBHJUZN_3909-2371-4421-2883,0,1,0,0,0,0,0,0,0
ZYPBHJUZN_4046-2812-4558-3324,0,1,0,0,0,0,0,0,0
ZYPBHJUZN_3576-3803-4088-4315,0,1,0,0,0,0,0,0,0
ZYPBHJUZN_4354-615-4866-1127,0,1,0,0,0,0,0,0,0
ZYPBHJUZN_3655-2936-4167-3448,0,1,0,0,0,0,0,0,0
ZYPBHJUZN_4542-1821-5054-2333,0,1,0,0,0,0,0,0,0
ZYPBHJUZN_4805-1013-5317-1525,0,1,0,0,0,0,0,0,0
ZYPBHJUZN_6183-1611-6695-2123,0,1,0,0,0,0,0,0,0
ZYPBHJUZN_529-2638-1041-3150,0,1,0,0,0,0,0,0,0
ZYPBHJUZN_4879-1434-5391-1946,0,1,0,0,0,0,0,0,0
ZYPBHJUZN_4421-2371-4933-2883,0,1,0,0,0,0,0,0,0
ZYPBHJUZN_5054-1821-5566-2333,0,1,0,0,0,0,0,0,0
ZYPBHJUZN_8788-1568-9300-2080,0,1,0,0,0,0,0,0,0
ZYPBHJUZN_8924-1969-9436-2481,0,1,0,0,0,0,0,0,0
ZYPBHJUZN_6695-1611-7207-2123,0,1,0,0,0,0,0,0,0
ZYPBHJUZN_5317-1013-5829-1525,0,1,0,0,0,0,0,0,0
ZYPBHJUZN_9436-1969-9948-2481,0,1,0,0,0,0,0,0,0
ZZ14JCZRD_2592-3228-3104-3740,0,0,0,0,0,0,0,0,1
ZZJAMLJX1_2192-371-2704-883,0,0,1,0,0,1,0,0,0
ZZIVKN9UM_1147-4632-1659-5144,0,0,1,0,0,0,0,0,0
ZZIVKN9UM_926-4474-1438-4986,0,0,1,0,0,0,0,0,0
ZZ14JCZRD_2786-2956-3298-3468,0,0,0,0,0,0,0,0,1
ZZ14JCZRD_3582-5587-4094-6099,0,0,0,0,0,0,0,0,1
ZZJAMLJX1_2728-3625-3240-4137,0,0,0,0,0,1,0,0,0
ZZJAMLJX1_2975-2512-3487-3024,0,0,0,0,0,1,0,0,0
ZZJAMLJX1_3522-480-4034-992,0,0,0,0,0,1,0,0,0
ZZJAMLJX1_2975-2000-3487-2512,0,0,0,0,0,1,0,0,0
ZZJAMLJX1_3037-3665-3549-4177,0,0,0,0,0,1,0,0,0
